-0.006	-0.006	3.62474e-16
-0.006	-0.0057	4.03116e-16
-0.006	-0.0054	9.85337e-16
-0.006	-0.0051	4.43372e-16
-0.006	-0.0048	-3.41868e-16
-0.006	-0.0045	-3.02136e-16
-0.006	-0.0042	-3.93411e-17
-0.006	-0.0039	5.80442e-16
-0.006	-0.0036	6.89347e-17
-0.006	-0.0033	-1.55762e-17
-0.006	-0.003	1.92521e-16
-0.006	-0.0027	-6.46626e-17
-0.006	-0.0024	-9.73114e-17
-0.006	-0.0021	-3.18769e-17
-0.006	-0.0018	3.9052e-16
-0.006	-0.0015	-1.01195e-16
-0.006	-0.0012	5.56376e-16
-0.006	-0.0009	3.59739e-17
-0.006	-0.0006	-1.15632e-16
-0.006	-0.0003	-1.06698e-16
-0.006	0	-1.41021e-16
-0.006	0.0003	2.14378e-17
-0.006	0.0006	1.7796e-16
-0.006	0.0009	9.05359e-17
-0.006	0.0012	-1.85315e-16
-0.006	0.0015	1.65284e-17
-0.006	0.0018	-7.67373e-17
-0.006	0.0021	1.21833e-16
-0.006	0.0024	-4.18345e-17
-0.006	0.0027	7.89068e-17
-0.006	0.003	-3.29652e-17
-0.006	0.0033	-1.9301e-16
-0.006	0.0036	-1.59579e-16
-0.006	0.0039	-1.29853e-16
-0.006	0.0042	2.09791e-15
-0.006	0.0045	2.85881e-17
-0.006	0.0048	-1.26356e-16
-0.006	0.0051	-8.62747e-17
-0.006	0.0054	-3.66183e-16
-0.006	0.0057	-2.03861e-15
-0.0057	-0.006	4.99171e-16
-0.0057	-0.0057	5.02323e-16
-0.0057	-0.0054	6.13306e-18
-0.0057	-0.0051	5.0901e-16
-0.0057	-0.0048	3.03919e-17
-0.0057	-0.0045	1.01501e-15
-0.0057	-0.0042	-4.47267e-16
-0.0057	-0.0039	-1.57284e-15
-0.0057	-0.0036	-1.80995e-16
-0.0057	-0.0033	3.6986e-16
-0.0057	-0.003	-2.29811e-16
-0.0057	-0.0027	-1.16253e-14
-0.0057	-0.0024	5.02621e-18
-0.0057	-0.0021	-7.53169e-16
-0.0057	-0.0018	1.99478e-18
-0.0057	-0.0015	2.06161e-16
-0.0057	-0.0012	-1.71942e-17
-0.0057	-0.0009	6.30622e-16
-0.0057	-0.0006	6.39115e-17
-0.0057	-0.0003	-2.71254e-15
-0.0057	0	-2.71732e-17
-0.0057	0.0003	9.4265e-16
-0.0057	0.0006	7.21593e-17
-0.0057	0.0009	-2.618e-16
-0.0057	0.0012	7.03796e-17
-0.0057	0.0015	-1.06415e-15
-0.0057	0.0018	8.11543e-17
-0.0057	0.0021	-7.19627e-18
-0.0057	0.0024	4.76746e-17
-0.0057	0.0027	1.00455e-16
-0.0057	0.003	-8.04839e-18
-0.0057	0.0033	1.283e-15
-0.0057	0.0036	-1.45479e-16
-0.0057	0.0039	-1.26732e-15
-0.0057	0.0042	-5.85055e-17
-0.0057	0.0045	-1.15966e-15
-0.0057	0.0048	4.60669e-17
-0.0057	0.0051	1.14844e-15
-0.0057	0.0054	-1.7597e-16
-0.0057	0.0057	3.4755e-16
-0.0054	-0.006	3.8114e-16
-0.0054	-0.0057	-4.37571e-16
-0.0054	-0.0054	4.33515e-17
-0.0054	-0.0051	-4.60955e-16
-0.0054	-0.0048	-3.39905e-16
-0.0054	-0.0045	-2.2792e-15
-0.0054	-0.0042	-3.65993e-16
-0.0054	-0.0039	-8.32977e-16
-0.0054	-0.0036	9.48215e-17
-0.0054	-0.0033	3.6257e-17
-0.0054	-0.003	-2.16861e-16
-0.0054	-0.0027	-1.30365e-17
-0.0054	-0.0024	-3.2519e-16
-0.0054	-0.0021	-1.41293e-16
-0.0054	-0.0018	-1.41243e-16
-0.0054	-0.0015	3.1463e-16
-0.0054	-0.0012	-4.51771e-16
-0.0054	-0.0009	6.86545e-17
-0.0054	-0.0006	2.18641e-16
-0.0054	-0.0003	1.51121e-17
-0.0054	0	-1.02713e-16
-0.0054	0.0003	1.9628e-17
-0.0054	0.0006	-2.60364e-15
-0.0054	0.0009	2.37526e-15
-0.0054	0.0012	-4.84945e-17
-0.0054	0.0015	3.97681e-16
-0.0054	0.0018	7.73503e-17
-0.0054	0.0021	-7.9416e-17
-0.0054	0.0024	-3.0149e-19
-0.0054	0.0027	7.03373e-17
-0.0054	0.003	-6.65103e-17
-0.0054	0.0033	4.9339e-18
-0.0054	0.0036	-1.28367e-17
-0.0054	0.0039	-2.26396e-17
-0.0054	0.0042	-3.22168e-16
-0.0054	0.0045	-8.17625e-17
-0.0054	0.0048	-1.01552e-16
-0.0054	0.0051	-2.68712e-18
-0.0054	0.0054	-1.85277e-16
-0.0054	0.0057	-2.11058e-16
-0.0051	-0.006	-1.86956e-16
-0.0051	-0.0057	-2.35004e-16
-0.0051	-0.0054	-2.84533e-16
-0.0051	-0.0051	-3.80933e-16
-0.0051	-0.0048	3.86243e-17
-0.0051	-0.0045	1.7621e-16
-0.0051	-0.0042	-7.89037e-16
-0.0051	-0.0039	-4.62902e-17
-0.0051	-0.0036	-2.2677e-16
-0.0051	-0.0033	-1.19858e-16
-0.0051	-0.003	-1.77551e-16
-0.0051	-0.0027	2.57961e-16
-0.0051	-0.0024	-5.772e-17
-0.0051	-0.0021	-1.77901e-16
-0.0051	-0.0018	1.15008e-16
-0.0051	-0.0015	-6.42551e-17
-0.0051	-0.0012	-2.49479e-17
-0.0051	-0.0009	-2.27142e-17
-0.0051	-0.0006	8.71252e-17
-0.0051	-0.0003	-5.74321e-17
-0.0051	0	-1.48636e-16
-0.0051	0.0003	-1.46773e-16
-0.0051	0.0006	4.52302e-17
-0.0051	0.0009	-6.00347e-17
-0.0051	0.0012	-4.84059e-17
-0.0051	0.0015	2.36006e-17
-0.0051	0.0018	-4.07977e-17
-0.0051	0.0021	4.29427e-17
-0.0051	0.0024	-1.09421e-16
-0.0051	0.0027	2.85472e-17
-0.0051	0.003	6.26381e-17
-0.0051	0.0033	-6.15564e-17
-0.0051	0.0036	1.74514e-16
-0.0051	0.0039	-6.95137e-17
-0.0051	0.0042	-2.3977e-16
-0.0051	0.0045	-5.12415e-16
-0.0051	0.0048	1.57822e-18
-0.0051	0.0051	-2.01981e-16
-0.0051	0.0054	-9.68013e-17
-0.0051	0.0057	-1.82611e-16
-0.0048	-0.006	-1.56379e-16
-0.0048	-0.0057	-1.28237e-16
-0.0048	-0.0054	-2.06968e-16
-0.0048	-0.0051	-1.36227e-16
-0.0048	-0.0048	1.47024e-16
-0.0048	-0.0045	-9.87811e-16
-0.0048	-0.0042	-2.65349e-16
-0.0048	-0.0039	-3.35674e-16
-0.0048	-0.0036	3.307e-16
-0.0048	-0.0033	-9.79845e-17
-0.0048	-0.003	7.80491e-17
-0.0048	-0.0027	-4.30458e-17
-0.0048	-0.0024	-2.08476e-16
-0.0048	-0.0021	-1.24066e-16
-0.0048	-0.0018	1.067e-16
-0.0048	-0.0015	6.47781e-17
-0.0048	-0.0012	-3.39385e-17
-0.0048	-0.0009	3.78098e-18
-0.0048	-0.0006	-1.59478e-18
-0.0048	-0.0003	-1.3556e-16
-0.0048	0	-5.15488e-17
-0.0048	0.0003	-3.91258e-17
-0.0048	0.0006	-9.55344e-17
-0.0048	0.0009	2.43858e-17
-0.0048	0.0012	-2.7854e-17
-0.0048	0.0015	-1.41121e-16
-0.0048	0.0018	3.01978e-17
-0.0048	0.0021	1.42715e-17
-0.0048	0.0024	-2.85979e-18
-0.0048	0.0027	3.82578e-17
-0.0048	0.003	1.07505e-16
-0.0048	0.0033	4.49288e-17
-0.0048	0.0036	-8.55563e-17
-0.0048	0.0039	2.60385e-16
-0.0048	0.0042	-1.78066e-16
-0.0048	0.0045	-8.18296e-17
-0.0048	0.0048	-6.30591e-16
-0.0048	0.0051	5.1984e-17
-0.0048	0.0054	-5.68644e-16
-0.0048	0.0057	7.9085e-17
-0.0045	-0.006	-5.16838e-16
-0.0045	-0.0057	9.49708e-18
-0.0045	-0.0054	-6.61565e-16
-0.0045	-0.0051	4.38409e-17
-0.0045	-0.0048	-1.05831e-15
-0.0045	-0.0045	-1.96143e-16
-0.0045	-0.0042	-4.41805e-16
-0.0045	-0.0039	4.36312e-16
-0.0045	-0.0036	-6.05326e-17
-0.0045	-0.0033	-3.35222e-16
-0.0045	-0.003	-1.15116e-16
-0.0045	-0.0027	2.42227e-16
-0.0045	-0.0024	-7.7626e-17
-0.0045	-0.0021	-8.27691e-17
-0.0045	-0.0018	1.5005e-16
-0.0045	-0.0015	-2.2004e-17
-0.0045	-0.0012	-1.31124e-16
-0.0045	-0.0009	4.31721e-17
-0.0045	-0.0006	2.65014e-17
-0.0045	-0.0003	6.04487e-17
-0.0045	0	-1.9025e-16
-0.0045	0.0003	-3.88279e-17
-0.0045	0.0006	1.32142e-16
-0.0045	0.0009	4.56105e-18
-0.0045	0.0012	-5.5766e-17
-0.0045	0.0015	1.43988e-17
-0.0045	0.0018	6.22643e-17
-0.0045	0.0021	3.22521e-17
-0.0045	0.0024	-1.09225e-16
-0.0045	0.0027	-1.13265e-17
-0.0045	0.003	1.22428e-16
-0.0045	0.0033	9.52655e-17
-0.0045	0.0036	-4.12378e-17
-0.0045	0.0039	-8.49237e-17
-0.0045	0.0042	2.42715e-16
-0.0045	0.0045	-2.43902e-16
-0.0045	0.0048	-1.48319e-16
-0.0045	0.0051	-6.27956e-16
-0.0045	0.0054	-1.06466e-16
-0.0045	0.0057	-8.18154e-16
-0.0042	-0.006	-1.7235e-16
-0.0042	-0.0057	-8.99176e-16
-0.0042	-0.0054	-2.36637e-16
-0.0042	-0.0051	-9.13671e-16
-0.0042	-0.0048	-2.15402e-16
-0.0042	-0.0045	-4.65737e-16
-0.0042	-0.0042	3.57592e-16
-0.0042	-0.0039	-1.52288e-16
-0.0042	-0.0036	-2.24872e-16
-0.0042	-0.0033	-8.36833e-17
-0.0042	-0.003	4.41762e-16
-0.0042	-0.0027	-2.24479e-17
-0.0042	-0.0024	-4.18434e-16
-0.0042	-0.0021	-1.20311e-17
-0.0042	-0.0018	3.01144e-16
-0.0042	-0.0015	-9.02409e-17
-0.0042	-0.0012	6.83934e-17
-0.0042	-0.0009	1.20397e-16
-0.0042	-0.0006	-1.68689e-17
-0.0042	-0.0003	-2.39078e-16
-0.0042	0	9.07035e-17
-0.0042	0.0003	9.64622e-17
-0.0042	0.0006	2.43332e-18
-0.0042	0.0009	1.36432e-17
-0.0042	0.0012	1.44597e-16
-0.0042	0.0015	-6.63116e-17
-0.0042	0.0018	5.40288e-17
-0.0042	0.0021	1.93734e-16
-0.0042	0.0024	2.26886e-17
-0.0042	0.0027	-2.30794e-16
-0.0042	0.003	-1.32139e-16
-0.0042	0.0033	3.8349e-17
-0.0042	0.0036	8.29228e-17
-0.0042	0.0039	-6.33817e-17
-0.0042	0.0042	-1.09021e-16
-0.0042	0.0045	3.47912e-16
-0.0042	0.0048	-2.04673e-16
-0.0042	0.0051	1.72847e-16
-0.0042	0.0054	-5.16243e-16
-0.0042	0.0057	3.24857e-16
-0.0039	-0.006	-6.97856e-16
-0.0039	-0.0057	2.00635e-16
-0.0039	-0.0054	-6.44068e-16
-0.0039	-0.0051	2.75357e-16
-0.0039	-0.0048	-3.80786e-16
-0.0039	-0.0045	4.93931e-16
-0.0039	-0.0042	-1.74939e-16
-0.0039	-0.0039	-8.16689e-17
-0.0039	-0.0036	-9.80183e-17
-0.0039	-0.0033	1.20431e-16
-0.0039	-0.003	-1.58072e-16
-0.0039	-0.0027	-3.82474e-16
-0.0039	-0.0024	-5.69559e-17
-0.0039	-0.0021	3.25002e-16
-0.0039	-0.0018	1.51065e-16
-0.0039	-0.0015	-1.10087e-17
-0.0039	-0.0012	-5.53651e-17
-0.0039	-0.0009	-2.90193e-17
-0.0039	-0.0006	-2.75406e-17
-0.0039	-0.0003	1.27437e-16
-0.0039	0	-9.04929e-17
-0.0039	0.0003	3.69435e-17
-0.0039	0.0006	1.05236e-16
-0.0039	0.0009	1.32908e-16
-0.0039	0.0012	-9.89442e-17
-0.0039	0.0015	4.2029e-17
-0.0039	0.0018	5.32575e-17
-0.0039	0.0021	-2.31937e-17
-0.0039	0.0024	1.18555e-16
-0.0039	0.0027	1.20515e-16
-0.0039	0.003	-1.08819e-16
-0.0039	0.0033	-5.57522e-17
-0.0039	0.0036	1.07595e-17
-0.0039	0.0039	-4.9112e-18
-0.0039	0.0042	-8.69903e-17
-0.0039	0.0045	-1.11484e-16
-0.0039	0.0048	9.93487e-17
-0.0039	0.0051	-1.61788e-16
-0.0039	0.0054	1.70063e-16
-0.0039	0.0057	-2.60999e-16
-0.0036	-0.006	2.9131e-16
-0.0036	-0.0057	-3.45614e-16
-0.0036	-0.0054	2.43636e-16
-0.0036	-0.0051	-2.07365e-16
-0.0036	-0.0048	3.53323e-17
-0.0036	-0.0045	-1.61942e-16
-0.0036	-0.0042	-2.95992e-16
-0.0036	-0.0039	-1.60061e-16
-0.0036	-0.0036	-2.60661e-17
-0.0036	-0.0033	-1.70347e-16
-0.0036	-0.003	1.38267e-16
-0.0036	-0.0027	1.85853e-17
-0.0036	-0.0024	-5.0192e-17
-0.0036	-0.0021	1.26474e-16
-0.0036	-0.0018	6.80732e-17
-0.0036	-0.0015	-2.40629e-16
-0.0036	-0.0012	5.06212e-17
-0.0036	-0.0009	2.55346e-16
-0.0036	-0.0006	-1.77286e-16
-0.0036	-0.0003	-2.51173e-16
-0.0036	0	7.74701e-17
-0.0036	0.0003	3.07893e-16
-0.0036	0.0006	-1.36686e-16
-0.0036	0.0009	-1.47107e-16
-0.0036	0.0012	2.44955e-16
-0.0036	0.0015	-4.45293e-17
-0.0036	0.0018	7.96064e-17
-0.0036	0.0021	3.67499e-16
-0.0036	0.0024	-5.7559e-17
-0.0036	0.0027	-1.06913e-16
-0.0036	0.003	2.79737e-17
-0.0036	0.0033	-3.59354e-17
-0.0036	0.0036	-2.63466e-17
-0.0036	0.0039	1.3366e-16
-0.0036	0.0042	-1.1475e-16
-0.0036	0.0045	9.01798e-17
-0.0036	0.0048	-1.4626e-16
-0.0036	0.0051	-2.04149e-16
-0.0036	0.0054	-1.12978e-16
-0.0036	0.0057	-1.41279e-16
-0.0033	-0.006	-1.54913e-16
-0.0033	-0.0057	-1.59696e-16
-0.0033	-0.0054	-1.68982e-16
-0.0033	-0.0051	-2.68248e-16
-0.0033	-0.0048	-1.81127e-16
-0.0033	-0.0045	-8.95703e-17
-0.0033	-0.0042	-2.3455e-16
-0.0033	-0.0039	3.99218e-16
-0.0033	-0.0036	-1.75723e-16
-0.0033	-0.0033	2.82663e-16
-0.0033	-0.003	1.12111e-17
-0.0033	-0.0027	-7.29786e-16
-0.0033	-0.0024	-1.71442e-17
-0.0033	-0.0021	4.80077e-16
-0.0033	-0.0018	-1.77477e-17
-0.0033	-0.0015	2.38739e-17
-0.0033	-0.0012	1.91628e-16
-0.0033	-0.0009	-1.67288e-16
-0.0033	-0.0006	-2.7128e-16
-0.0033	-0.0003	6.38041e-17
-0.0033	0	1.93224e-16
-0.0033	0.0003	6.98139e-17
-0.0033	0.0006	1.32959e-16
-0.0033	0.0009	1.68657e-18
-0.0033	0.0012	-1.64415e-16
-0.0033	0.0015	7.29682e-17
-0.0033	0.0018	-3.3885e-17
-0.0033	0.0021	1.44025e-16
-0.0033	0.0024	4.48553e-16
-0.0033	0.0027	7.93356e-18
-0.0033	0.003	-2.62744e-16
-0.0033	0.0033	2.81288e-17
-0.0033	0.0036	-1.75059e-16
-0.0033	0.0039	8.42018e-18
-0.0033	0.0042	2.08887e-16
-0.0033	0.0045	-1.60498e-16
-0.0033	0.0048	3.99102e-16
-0.0033	0.0051	-1.75994e-16
-0.0033	0.0054	2.69403e-16
-0.0033	0.0057	-1.72924e-16
-0.003	-0.006	3.1497e-16
-0.003	-0.0057	-2.55699e-16
-0.003	-0.0054	2.64191e-16
-0.003	-0.0051	-1.92902e-16
-0.003	-0.0048	4.3195e-16
-0.003	-0.0045	-2.05544e-16
-0.003	-0.0042	3.0899e-16
-0.003	-0.0039	-1.23079e-16
-0.003	-0.0036	-2.0884e-16
-0.003	-0.0033	-1.90966e-17
-0.003	-0.003	-9.30385e-16
-0.003	-0.0027	6.18693e-17
-0.003	-0.0024	8.85322e-16
-0.003	-0.0021	1.77345e-16
-0.003	-0.0018	-2.82975e-16
-0.003	-0.0015	-1.91628e-16
-0.003	-0.0012	3.35933e-17
-0.003	-0.0009	-3.08653e-17
-0.003	-0.0006	-1.17136e-16
-0.003	-0.0003	2.36135e-17
-0.003	0	5.29739e-17
-0.003	0.0003	3.25568e-16
-0.003	0.0006	6.28289e-17
-0.003	0.0009	-1.86424e-16
-0.003	0.0012	1.68328e-16
-0.003	0.0015	9.31679e-17
-0.003	0.0018	-1.88051e-16
-0.003	0.0021	-1.58947e-16
-0.003	0.0024	4.24443e-17
-0.003	0.0027	4.39803e-16
-0.003	0.003	3.44803e-17
-0.003	0.0033	-1.64847e-16
-0.003	0.0036	-2.40977e-17
-0.003	0.0039	-3.72194e-16
-0.003	0.0042	3.35858e-17
-0.003	0.0045	-8.84737e-17
-0.003	0.0048	-5.0155e-17
-0.003	0.0051	7.25418e-17
-0.003	0.0054	-2.1406e-17
-0.003	0.0057	2.3015e-16
-0.0027	-0.006	-6.25408e-17
-0.0027	-0.0057	2.20956e-16
-0.0027	-0.0054	-7.02998e-17
-0.0027	-0.0051	8.04747e-17
-0.0027	-0.0048	-6.18055e-17
-0.0027	-0.0045	-2.11363e-16
-0.0027	-0.0042	-8.45632e-17
-0.0027	-0.0039	-6.98962e-16
-0.0027	-0.0036	-8.6806e-17
-0.0027	-0.0033	-4.57509e-16
-0.0027	-0.003	4.4636e-17
-0.0027	-0.0027	1.0023e-15
-0.0027	-0.0024	1.20075e-16
-0.0027	-0.0021	-5.80119e-16
-0.0027	-0.0018	-3.44793e-16
-0.0027	-0.0015	3.52479e-16
-0.0027	-0.0012	2.57496e-16
-0.0027	-0.0009	-2.90986e-16
-0.0027	-0.0006	-2.6841e-16
-0.0027	-0.0003	-1.08524e-16
-0.0027	0	4.63031e-16
-0.0027	0.0003	1.89584e-16
-0.0027	0.0006	-8.73542e-17
-0.0027	0.0009	-2.82819e-17
-0.0027	0.0012	-9.65502e-17
-0.0027	0.0015	5.78589e-17
-0.0027	0.0018	2.68644e-16
-0.0027	0.0021	-9.04425e-17
-0.0027	0.0024	-1.7419e-16
-0.0027	0.0027	2.35597e-17
-0.0027	0.003	2.84916e-16
-0.0027	0.0033	5.82468e-17
-0.0027	0.0036	1.62937e-16
-0.0027	0.0039	-1.4052e-17
-0.0027	0.0042	-1.89719e-16
-0.0027	0.0045	-5.07752e-17
-0.0027	0.0048	-2.5916e-16
-0.0027	0.0051	-1.10876e-16
-0.0027	0.0054	-3.34852e-16
-0.0027	0.0057	-9.74288e-17
-0.0024	-0.006	-2.65362e-16
-0.0024	-0.0057	-2.14709e-16
-0.0024	-0.0054	-4.34181e-16
-0.0024	-0.0051	-1.64286e-16
-0.0024	-0.0048	-4.81064e-16
-0.0024	-0.0045	-1.78567e-16
-0.0024	-0.0042	-3.97424e-16
-0.0024	-0.0039	-1.39738e-16
-0.0024	-0.0036	1.58227e-16
-0.0024	-0.0033	6.67978e-17
-0.0024	-0.003	7.18601e-16
-0.0024	-0.0027	1.14345e-16
-0.0024	-0.0024	-6.62319e-16
-0.0024	-0.0021	-2.47374e-16
-0.0024	-0.0018	4.34039e-16
-0.0024	-0.0015	2.09196e-16
-0.0024	-0.0012	-1.66136e-16
-0.0024	-0.0009	-5.45241e-16
-0.0024	-0.0006	1.0291e-16
-0.0024	-0.0003	4.78736e-16
-0.0024	0	1.7052e-17
-0.0024	0.0003	4.10078e-17
-0.0024	0.0006	2.87353e-16
-0.0024	0.0009	-1.43462e-16
-0.0024	0.0012	-7.5046e-17
-0.0024	0.0015	1.19377e-16
-0.0024	0.0018	-7.22991e-17
-0.0024	0.0021	1.84502e-16
-0.0024	0.0024	-5.10729e-17
-0.0024	0.0027	-2.23887e-16
-0.0024	0.003	-3.55962e-17
-0.0024	0.0033	9.37617e-17
-0.0024	0.0036	6.47242e-17
-0.0024	0.0039	2.44949e-16
-0.0024	0.0042	1.07603e-16
-0.0024	0.0045	1.27431e-16
-0.0024	0.0048	5.4573e-17
-0.0024	0.0051	6.88728e-17
-0.0024	0.0054	6.52829e-17
-0.0024	0.0057	-4.09922e-17
-0.0021	-0.006	-3.07564e-17
-0.0021	-0.0057	-1.25295e-16
-0.0021	-0.0054	-3.53407e-17
-0.0021	-0.0051	3.54171e-18
-0.0021	-0.0048	1.44788e-17
-0.0021	-0.0045	1.0709e-16
-0.0021	-0.0042	1.36474e-16
-0.0021	-0.0039	4.21862e-16
-0.0021	-0.0036	1.65663e-16
-0.0021	-0.0033	2.17976e-16
-0.0021	-0.003	-1.33143e-17
-0.0021	-0.0027	-5.36842e-16
-0.0021	-0.0024	-2.6589e-16
-0.0021	-0.0021	4.82494e-16
-0.0021	-0.0018	3.98306e-17
-0.0021	-0.0015	-1.90166e-16
-0.0021	-0.0012	-5.56079e-16
-0.0021	-0.0009	1.63925e-16
-0.0021	-0.0006	2.0382e-16
-0.0021	-0.0003	-1.78264e-16
-0.0021	0	1.02851e-16
-0.0021	0.0003	2.71547e-16
-0.0021	0.0006	-1.41058e-16
-0.0021	0.0009	1.78096e-16
-0.0021	0.0012	1.35127e-16
-0.0021	0.0015	-1.03837e-16
-0.0021	0.0018	4.19519e-17
-0.0021	0.0021	-1.12831e-17
-0.0021	0.0024	1.65276e-16
-0.0021	0.0027	-1.0306e-16
-0.0021	0.003	-1.56377e-16
-0.0021	0.0033	-1.49314e-16
-0.0021	0.0036	-2.74994e-17
-0.0021	0.0039	-7.66315e-17
-0.0021	0.0042	3.10484e-17
-0.0021	0.0045	1.83747e-16
-0.0021	0.0048	1.77872e-16
-0.0021	0.0051	2.27157e-16
-0.0021	0.0054	2.42536e-16
-0.0021	0.0057	2.34981e-16
-0.0018	-0.006	1.47808e-16
-0.0018	-0.0057	2.36591e-16
-0.0018	-0.0054	1.63334e-16
-0.0018	-0.0051	2.31401e-16
-0.0018	-0.0048	2.17473e-16
-0.0018	-0.0045	1.86719e-16
-0.0018	-0.0042	-5.87361e-17
-0.0018	-0.0039	-5.85226e-17
-0.0018	-0.0036	-9.45974e-17
-0.0018	-0.0033	-3.43191e-16
-0.0018	-0.003	-1.45981e-16
-0.0018	-0.0027	-2.93251e-16
-0.0018	-0.0024	3.56404e-16
-0.0018	-0.0021	8.43209e-17
-0.0018	-0.0018	-2.44262e-16
-0.0018	-0.0015	-2.39229e-16
-0.0018	-0.0012	5.94212e-17
-0.0018	-0.0009	-5.86434e-17
-0.0018	-0.0006	1.09791e-16
-0.0018	-0.0003	3.12954e-16
-0.0018	0	-1.03477e-16
-0.0018	0.0003	-5.22634e-16
-0.0018	0.0006	3.09225e-16
-0.0018	0.0009	2.02953e-16
-0.0018	0.0012	-1.54922e-16
-0.0018	0.0015	2.14661e-16
-0.0018	0.0018	-9.92106e-17
-0.0018	0.0021	-1.02008e-16
-0.0018	0.0024	6.88279e-17
-0.0018	0.0027	-2.81313e-17
-0.0018	0.003	-3.37378e-18
-0.0018	0.0033	1.04021e-16
-0.0018	0.0036	-2.44257e-16
-0.0018	0.0039	8.81695e-17
-0.0018	0.0042	-2.22777e-16
-0.0018	0.0045	-2.98407e-17
-0.0018	0.0048	-7.95123e-17
-0.0018	0.0051	1.59913e-16
-0.0018	0.0054	-9.61251e-17
-0.0018	0.0057	8.47414e-17
-0.0015	-0.006	-8.02813e-17
-0.0015	-0.0057	7.81597e-18
-0.0015	-0.0054	-8.43776e-17
-0.0015	-0.0051	6.53538e-17
-0.0015	-0.0048	-2.21747e-16
-0.0015	-0.0045	2.03251e-17
-0.0015	-0.0042	-3.42278e-16
-0.0015	-0.0039	2.72755e-17
-0.0015	-0.0036	-3.62646e-16
-0.0015	-0.0033	1.52081e-16
-0.0015	-0.003	-4.21083e-17
-0.0015	-0.0027	1.6661e-16
-0.0015	-0.0024	2.42834e-16
-0.0015	-0.0021	-3.32776e-16
-0.0015	-0.0018	-3.84886e-16
-0.0015	-0.0015	7.89034e-17
-0.0015	-0.0012	-3.34264e-16
-0.0015	-0.0009	-5.34141e-13
-0.0015	-0.0006	-1.55343e-13
-0.0015	-0.0003	1.45757e-13
-0.0015	0	5.67894e-14
-0.0015	0.0003	1.70387e-13
-0.0015	0.0006	-1.12265e-13
-0.0015	0.0009	4.15427e-16
-0.0015	0.0012	3.30969e-16
-0.0015	0.0015	-7.99454e-17
-0.0015	0.0018	1.99764e-16
-0.0015	0.0021	-2.79883e-16
-0.0015	0.0024	-2.06106e-16
-0.0015	0.0027	2.56741e-17
-0.0015	0.003	-9.57413e-17
-0.0015	0.0033	8.15552e-17
-0.0015	0.0036	5.07112e-17
-0.0015	0.0039	-8.1127e-17
-0.0015	0.0042	1.47518e-16
-0.0015	0.0045	1.48192e-17
-0.0015	0.0048	1.51232e-16
-0.0015	0.0051	-1.72417e-16
-0.0015	0.0054	2.97976e-16
-0.0015	0.0057	-1.6621e-16
-0.0012	-0.006	9.81736e-17
-0.0012	-0.0057	-1.93043e-16
-0.0012	-0.0054	2.31384e-16
-0.0012	-0.0051	-2.20988e-16
-0.0012	-0.0048	3.12011e-16
-0.0012	-0.0045	-1.44314e-16
-0.0012	-0.0042	1.00786e-16
-0.0012	-0.0039	1.6329e-18
-0.0012	-0.0036	3.8217e-17
-0.0012	-0.0033	1.51889e-16
-0.0012	-0.003	-7.2222e-17
-0.0012	-0.0027	1.59364e-17
-0.0012	-0.0024	-3.01787e-16
-0.0012	-0.0021	-6.79475e-16
-0.0012	-0.0018	6.45192e-17
-0.0012	-0.0015	-1.21496e-16
-0.0012	-0.0012	-1.06871e-12
-0.0012	-0.0009	-4.47377e-07
-0.0012	-0.0006	-1.30645e-07
-0.0012	-0.0003	1.22078e-07
-0.0012	0	4.78154e-08
-0.0012	0.0003	1.42835e-07
-0.0012	0.0006	-9.37311e-08
-0.0012	0.0009	-2.23804e-13
-0.0012	0.0012	1.18794e-16
-0.0012	0.0015	1.32408e-16
-0.0012	0.0018	2.72774e-16
-0.0012	0.0021	1.64155e-16
-0.0012	0.0024	-1.98461e-16
-0.0012	0.0027	-1.82634e-16
-0.0012	0.003	-2.2212e-16
-0.0012	0.0033	1.47678e-17
-0.0012	0.0036	-1.76464e-16
-0.0012	0.0039	-1.44108e-16
-0.0012	0.0042	1.29055e-16
-0.0012	0.0045	-8.66062e-17
-0.0012	0.0048	1.53437e-16
-0.0012	0.0051	1.79969e-16
-0.0012	0.0054	5.6089e-17
-0.0012	0.0057	1.65772e-17
-0.0009	-0.006	9.64952e-17
-0.0009	-0.0057	7.77943e-17
-0.0009	-0.0054	7.81939e-17
-0.0009	-0.0051	1.1097e-16
-0.0009	-0.0048	5.8258e-17
-0.0009	-0.0045	-2.49322e-17
-0.0009	-0.0042	9.89281e-17
-0.0009	-0.0039	-1.89624e-16
-0.0009	-0.0036	-7.63927e-17
-0.0009	-0.0033	-1.75785e-16
-0.0009	-0.003	-4.19993e-16
-0.0009	-0.0027	-1.13154e-16
-0.0009	-0.0024	-5.76903e-16
-0.0009	-0.0021	2.15068e-16
-0.0009	-0.0018	1.86669e-16
-0.0009	-0.0015	-5.34369e-13
-0.0009	-0.0012	-4.47377e-07
-0.0009	-0.0009	-0.374546
-0.0009	-0.0006	-0.109376
-0.0009	-0.0003	0.102204
-0.0009	0	0.040031
-0.0009	0.0003	0.119582
-0.0009	0.0006	-0.0784723
-0.0009	0.0009	-9.37315e-08
-0.0009	0.0012	-1.11826e-13
-0.0009	0.0015	1.18784e-16
-0.0009	0.0018	4.72979e-17
-0.0009	0.0021	2.8984e-16
-0.0009	0.0024	-3.2146e-17
-0.0009	0.0027	4.32895e-17
-0.0009	0.003	9.8526e-17
-0.0009	0.0033	-3.29927e-16
-0.0009	0.0036	-1.58638e-18
-0.0009	0.0039	-3.68251e-16
-0.0009	0.0042	-3.55185e-17
-0.0009	0.0045	-6.7589e-17
-0.0009	0.0048	-7.68537e-17
-0.0009	0.0051	-1.61192e-16
-0.0009	0.0054	-1.65596e-17
-0.0009	0.0057	-7.60912e-17
-0.0006	-0.006	-8.85085e-17
-0.0006	-0.0057	-2.73307e-17
-0.0006	-0.0054	-3.99696e-17
-0.0006	-0.0051	-1.98416e-16
-0.0006	-0.0048	-1.16001e-16
-0.0006	-0.0045	-2.51148e-16
-0.0006	-0.0042	-1.16242e-16
-0.0006	-0.0039	-4.41981e-16
-0.0006	-0.0036	-7.08595e-17
-0.0006	-0.0033	-5.43105e-16
-0.0006	-0.003	6.73646e-17
-0.0006	-0.0027	-2.17522e-16
-0.0006	-0.0024	1.7407e-16
-0.0006	-0.0021	3.8032e-16
-0.0006	-0.0018	-5.07515e-17
-0.0006	-0.0015	1.34669e-13
-0.0006	-0.0012	1.1233e-07
-0.0006	-0.0009	0.0940435
-0.0006	-0.0006	0.277287
-0.0006	-0.0003	0.0658733
-0.0006	0	-0.223249
-0.0006	0.0003	0.0337584
-0.0006	0.0006	-0.125349
-0.0006	0.0009	-1.49723e-07
-0.0006	0.0012	-1.79269e-13
-0.0006	0.0015	1.32932e-16
-0.0006	0.0018	6.84484e-17
-0.0006	0.0021	-1.97804e-18
-0.0006	0.0024	3.35584e-16
-0.0006	0.0027	-1.11288e-17
-0.0006	0.003	1.48658e-16
-0.0006	0.0033	1.48646e-16
-0.0006	0.0036	-2.05203e-16
-0.0006	0.0039	8.94905e-17
-0.0006	0.0042	-2.02797e-16
-0.0006	0.0045	-6.24364e-17
-0.0006	0.0048	-3.5184e-16
-0.0006	0.0051	1.34402e-16
-0.0006	0.0054	-4.21743e-16
-0.0006	0.0057	-1.0304e-16
-0.0003	-0.006	-3.61144e-16
-0.0003	-0.0057	1.48835e-16
-0.0003	-0.0054	-4.36458e-16
-0.0003	-0.0051	-3.27939e-17
-0.0003	-0.0048	-5.31975e-16
-0.0003	-0.0045	7.80922e-18
-0.0003	-0.0042	-4.5728e-16
-0.0003	-0.0039	5.71304e-18
-0.0003	-0.0036	-2.37129e-16
-0.0003	-0.0033	5.69974e-17
-0.0003	-0.003	2.06623e-16
-0.0003	-0.0027	-1.40611e-17
-0.0003	-0.0024	4.85309e-16
-0.0003	-0.0021	-4.46807e-17
-0.0003	-0.0018	3.77423e-17
-0.0003	-0.0015	1.62713e-13
-0.0003	-0.0012	1.36137e-07
-0.0003	-0.0009	0.113975
-0.0003	-0.0006	-0.0604986
-0.0003	-0.0003	-0.159622
-0.0003	0	-0.131461
-0.0003	0.0003	0.228418
-0.0003	0.0006	0.0288186
-0.0003	0.0009	3.4422e-08
-0.0003	0.0012	4.12253e-14
-0.0003	0.0015	-2.45989e-16
-0.0003	0.0018	2.05579e-16
-0.0003	0.0021	-6.56607e-17
-0.0003	0.0024	5.02289e-17
-0.0003	0.0027	2.34747e-16
-0.0003	0.003	9.92802e-17
-0.0003	0.0033	2.0281e-16
-0.0003	0.0036	1.0617e-17
-0.0003	0.0039	2.2091e-16
-0.0003	0.0042	1.59757e-17
-0.0003	0.0045	1.24923e-16
-0.0003	0.0048	1.49901e-16
-0.0003	0.0051	-2.41301e-16
-0.0003	0.0054	-9.08268e-17
-0.0003	0.0057	-1.86661e-16
0	-0.006	9.37272e-17
0	-0.0057	-2.3495e-16
0	-0.0054	-3.81573e-17
0	-0.0051	-2.77877e-16
0	-0.0048	-2.0074e-16
0	-0.0045	-1.11438e-16
0	-0.0042	-2.70653e-17
0	-0.0039	1.87776e-16
0	-0.0036	-1.11132e-17
0	-0.0033	4.317e-16
0	-0.003	1.70229e-18
0	-0.0027	3.97996e-16
0	-0.0024	1.49729e-16
0	-0.0021	-1.43959e-16
0	-0.0018	1.5877e-16
0	-0.0015	-4.17e-14
0	-0.0012	-3.4422e-08
0	-0.0009	-0.0288186
0	-0.0006	-0.228418
0	-0.0003	0.131461
0	0	0.159622
0	0.0003	0.0604986
0	0.0006	-0.113975
0	0.0009	-1.36137e-07
0	0.0012	-1.62689e-13
0	0.0015	1.223e-16
0	0.0018	-2.29653e-16
0	0.0021	7.70628e-17
0	0.0024	-1.22567e-16
0	0.0027	2.09234e-16
0	0.003	-2.7705e-17
0	0.0033	1.1818e-16
0	0.0036	2.22007e-16
0	0.0039	9.75336e-17
0	0.0042	4.98727e-16
0	0.0045	5.32759e-17
0	0.0048	2.52324e-16
0	0.0051	1.06228e-16
0	0.0054	1.95254e-16
0	0.0057	2.51239e-18
0.0003	-0.006	2.51959e-16
0.0003	-0.0057	2.87414e-16
0.0003	-0.0054	2.48246e-16
0.0003	-0.0051	-1.50471e-17
0.0003	-0.0048	2.72241e-16
0.0003	-0.0045	-1.31123e-16
0.0003	-0.0042	3.73624e-16
0.0003	-0.0039	8.30692e-17
0.0003	-0.0036	3.89772e-16
0.0003	-0.0033	8.06999e-17
0.0003	-0.003	1.86685e-16
0.0003	-0.0027	5.54028e-17
0.0003	-0.0024	-2.0746e-16
0.0003	-0.0021	2.84294e-16
0.0003	-0.0018	-6.61197e-16
0.0003	-0.0015	1.78902e-13
0.0003	-0.0012	1.49723e-07
0.0003	-0.0009	0.125349
0.0003	-0.0006	-0.0337584
0.0003	-0.0003	0.223249
0.0003	0	-0.0658733
0.0003	0.0003	-0.277287
0.0003	0.0006	-0.0940435
0.0003	0.0009	-1.1233e-07
0.0003	0.0012	-1.34068e-13
0.0003	0.0015	7.93868e-17
0.0003	0.0018	4.42101e-17
0.0003	0.0021	-1.28108e-16
0.0003	0.0024	1.90602e-16
0.0003	0.0027	-3.25412e-16
0.0003	0.003	2.17309e-16
0.0003	0.0033	-1.88733e-16
0.0003	0.0036	8.81902e-17
0.0003	0.0039	1.62482e-16
0.0003	0.0042	4.08772e-17
0.0003	0.0045	2.93713e-16
0.0003	0.0048	2.34136e-16
0.0003	0.0051	1.89005e-16
0.0003	0.0054	-1.63561e-16
0.0003	0.0057	3.85738e-16
0.0006	-0.006	2.22042e-16
0.0006	-0.0057	3.08938e-16
0.0006	-0.0054	1.07086e-16
0.0006	-0.0051	2.78178e-16
0.0006	-0.0048	-8.34808e-17
0.0006	-0.0045	2.34243e-16
0.0006	-0.0042	2.75064e-17
0.0006	-0.0039	7.8439e-17
0.0006	-0.0036	1.22035e-16
0.0006	-0.0033	-1.57386e-16
0.0006	-0.003	1.44543e-16
0.0006	-0.0027	-4.1879e-16
0.0006	-0.0024	1.44548e-16
0.0006	-0.0021	-2.99899e-16
0.0006	-0.0018	3.44259e-16
0.0006	-0.0015	1.11737e-13
0.0006	-0.0012	9.37315e-08
0.0006	-0.0009	0.0784723
0.0006	-0.0006	-0.119582
0.0006	-0.0003	-0.040031
0.0006	0	-0.102204
0.0006	0.0003	0.109376
0.0006	0.0006	0.374546
0.0006	0.0009	4.47377e-07
0.0006	0.0012	5.34585e-13
0.0006	0.0015	-4.75354e-17
0.0006	0.0018	1.51272e-16
0.0006	0.0021	1.11288e-16
0.0006	0.0024	-9.44546e-17
0.0006	0.0027	1.97431e-16
0.0006	0.003	-2.77375e-16
0.0006	0.0033	1.85154e-16
0.0006	0.0036	-2.20547e-16
0.0006	0.0039	1.44137e-16
0.0006	0.0042	-9.59993e-17
0.0006	0.0045	1.93729e-16
0.0006	0.0048	-1.13372e-16
0.0006	0.0051	3.10308e-17
0.0006	0.0054	3.06959e-18
0.0006	0.0057	4.10042e-17
0.0009	-0.006	3.02954e-17
0.0009	-0.0057	3.86738e-16
0.0009	-0.0054	-5.57857e-17
0.0009	-0.0051	-3.99671e-17
0.0009	-0.0048	-1.29444e-16
0.0009	-0.0045	4.21175e-17
0.0009	-0.0042	-2.74896e-16
0.0009	-0.0039	2.74065e-16
0.0009	-0.0036	-3.71154e-16
0.0009	-0.0033	1.80852e-16
0.0009	-0.003	-3.069e-16
0.0009	-0.0027	2.2707e-16
0.0009	-0.0024	-2.61471e-16
0.0009	-0.0021	2.97547e-17
0.0009	-0.0018	2.05446e-16
0.0009	-0.0015	2.2721e-16
0.0009	-0.0012	2.24112e-13
0.0009	-0.0009	9.37311e-08
0.0009	-0.0006	-1.42835e-07
0.0009	-0.0003	-4.78154e-08
0.0009	0	-1.22078e-07
0.0009	0.0003	1.30645e-07
0.0009	0.0006	4.47377e-07
0.0009	0.0009	1.0688e-12
0.0009	0.0012	-1.15212e-16
0.0009	0.0015	1.45904e-16
0.0009	0.0018	-2.2693e-17
0.0009	0.0021	1.80974e-16
0.0009	0.0024	6.89993e-17
0.0009	0.0027	2.06511e-17
0.0009	0.003	1.49632e-16
0.0009	0.0033	-1.04139e-16
0.0009	0.0036	1.78401e-16
0.0009	0.0039	-1.07287e-16
0.0009	0.0042	2.28295e-16
0.0009	0.0045	-2.2069e-16
0.0009	0.0048	3.09922e-16
0.0009	0.0051	-3.0126e-16
0.0009	0.0054	5.47442e-17
0.0009	0.0057	-1.95528e-16
0.0012	-0.006	3.77773e-16
0.0012	-0.0057	-3.46164e-16
0.0012	-0.0054	2.74171e-16
0.0012	-0.0051	-3.18825e-16
0.0012	-0.0048	5.95812e-17
0.0012	-0.0045	-3.24385e-16
0.0012	-0.0042	2.11299e-16
0.0012	-0.0039	-3.43496e-16
0.0012	-0.0036	3.04051e-16
0.0012	-0.0033	-2.22303e-16
0.0012	-0.003	1.76124e-16
0.0012	-0.0027	1.15987e-16
0.0012	-0.0024	1.10083e-16
0.0012	-0.0021	1.85277e-16
0.0012	-0.0018	-2.2926e-16
0.0012	-0.0015	2.80157e-16
0.0012	-0.0012	-1.3755e-16
0.0012	-0.0009	1.11994e-13
0.0012	-0.0006	-1.70641e-13
0.0012	-0.0003	-5.71256e-14
0.0012	0	-1.45808e-13
0.0012	0.0003	1.56061e-13
0.0012	0.0006	5.34358e-13
0.0012	0.0009	3.82204e-17
0.0012	0.0012	7.81341e-18
0.0012	0.0015	3.03844e-17
0.0012	0.0018	1.10058e-16
0.0012	0.0021	-4.86906e-17
0.0012	0.0024	1.35148e-16
0.0012	0.0027	-1.65463e-17
0.0012	0.003	1.34293e-16
0.0012	0.0033	6.49012e-17
0.0012	0.0036	1.16447e-16
0.0012	0.0039	8.02879e-17
0.0012	0.0042	-1.47648e-17
0.0012	0.0045	2.73325e-16
0.0012	0.0048	-8.2595e-17
0.0012	0.0051	8.61686e-17
0.0012	0.0054	-1.51641e-16
0.0012	0.0057	2.7102e-16
0.0015	-0.006	-1.87376e-16
0.0015	-0.0057	2.65315e-16
0.0015	-0.0054	-2.00353e-16
0.0015	-0.0051	1.6812e-16
0.0015	-0.0048	-1.30856e-16
0.0015	-0.0045	7.88188e-17
0.0015	-0.0042	-1.13377e-16
0.0015	-0.0039	1.79506e-16
0.0015	-0.0036	8.82451e-18
0.0015	-0.0033	6.6216e-17
0.0015	-0.003	1.32169e-16
0.0015	-0.0027	-4.94465e-17
0.0015	-0.0024	3.00804e-16
0.0015	-0.0021	2.37048e-17
0.0015	-0.0018	1.55436e-16
0.0015	-0.0015	-5.91276e-17
0.0015	-0.0012	2.38363e-17
0.0015	-0.0009	4.72245e-17
0.0015	-0.0006	-1.82051e-17
0.0015	-0.0003	1.87773e-17
0.0015	0	-1.70363e-17
0.0015	0.0003	-1.26881e-17
0.0015	0.0006	-5.88676e-18
0.0015	0.0009	-1.29348e-17
0.0015	0.0012	3.59925e-17
0.0015	0.0015	4.69668e-18
0.0015	0.0018	-2.37423e-17
0.0015	0.0021	4.16495e-17
0.0015	0.0024	-6.03946e-18
0.0015	0.0027	1.10818e-16
0.0015	0.003	6.86891e-18
0.0015	0.0033	1.91241e-16
0.0015	0.0036	-1.83381e-17
0.0015	0.0039	1.4089e-16
0.0015	0.0042	7.02266e-17
0.0015	0.0045	1.89275e-16
0.0015	0.0048	4.4856e-17
0.0015	0.0051	1.09977e-16
0.0015	0.0054	1.88545e-16
0.0015	0.0057	3.79192e-17
0.0018	-0.006	1.25996e-16
0.0018	-0.0057	3.52126e-17
0.0018	-0.0054	5.31187e-17
0.0018	-0.0051	9.12354e-17
0.0018	-0.0048	1.95697e-17
0.0018	-0.0045	1.01726e-16
0.0018	-0.0042	-4.51275e-17
0.0018	-0.0039	1.52866e-16
0.0018	-0.0036	1.11936e-16
0.0018	-0.0033	1.21222e-16
0.0018	-0.003	-3.33052e-17
0.0018	-0.0027	1.27856e-16
0.0018	-0.0024	-1.09149e-16
0.0018	-0.0021	1.42392e-16
0.0018	-0.0018	2.2153e-17
0.0018	-0.0015	3.65347e-17
0.0018	-0.0012	2.93457e-17
0.0018	-0.0009	-8.24749e-18
0.0018	-0.0006	2.23102e-17
0.0018	-0.0003	1.50385e-18
0.0018	0	-3.67491e-17
0.0018	0.0003	-1.23389e-17
0.0018	0.0006	-3.09422e-17
0.0018	0.0009	2.34657e-17
0.0018	0.0012	-5.48469e-17
0.0018	0.0015	-3.67945e-18
0.0018	0.0018	-1.35735e-17
0.0018	0.0021	3.85077e-17
0.0018	0.0024	3.37319e-17
0.0018	0.0027	3.10439e-17
0.0018	0.003	1.12918e-16
0.0018	0.0033	-7.69751e-17
0.0018	0.0036	1.43411e-16
0.0018	0.0039	-1.27726e-17
0.0018	0.0042	1.4072e-16
0.0018	0.0045	-1.05063e-17
0.0018	0.0048	2.55805e-16
0.0018	0.0051	7.20932e-17
0.0018	0.0054	1.2456e-16
0.0018	0.0057	9.41186e-17
0.0021	-0.006	1.4086e-16
0.0021	-0.0057	-2.02898e-17
0.0021	-0.0054	1.9425e-16
0.0021	-0.0051	9.13173e-17
0.0021	-0.0048	1.52925e-16
0.0021	-0.0045	-6.89695e-17
0.0021	-0.0042	1.51163e-16
0.0021	-0.0039	-1.42363e-16
0.0021	-0.0036	1.41174e-16
0.0021	-0.0033	9.41917e-17
0.0021	-0.003	4.40487e-17
0.0021	-0.0027	5.49597e-17
0.0021	-0.0024	-2.79625e-17
0.0021	-0.0021	-5.74651e-17
0.0021	-0.0018	5.62731e-17
0.0021	-0.0015	-4.64879e-17
0.0021	-0.0012	1.41904e-17
0.0021	-0.0009	-3.17012e-17
0.0021	-0.0006	-8.89415e-17
0.0021	-0.0003	4.38992e-17
0.0021	0	-5.6776e-17
0.0021	0.0003	-2.60597e-18
0.0021	0.0006	4.72613e-17
0.0021	0.0009	-9.79437e-17
0.0021	0.0012	5.5229e-17
0.0021	0.0015	-8.23082e-17
0.0021	0.0018	5.96402e-17
0.0021	0.0021	-2.33034e-17
0.0021	0.0024	1.90569e-17
0.0021	0.0027	2.65508e-17
0.0021	0.003	-5.61997e-17
0.0021	0.0033	4.89259e-17
0.0021	0.0036	-2.2552e-17
0.0021	0.0039	9.60528e-17
0.0021	0.0042	-7.5402e-17
0.0021	0.0045	2.1752e-16
0.0021	0.0048	-1.06703e-17
0.0021	0.0051	2.3786e-16
0.0021	0.0054	1.17781e-16
0.0021	0.0057	7.11014e-18
0.0024	-0.006	-7.03205e-17
0.0024	-0.0057	2.66171e-16
0.0024	-0.0054	-4.4725e-17
0.0024	-0.0051	1.76481e-16
0.0024	-0.0048	5.69409e-18
0.0024	-0.0045	1.50627e-16
0.0024	-0.0042	-4.44954e-17
0.0024	-0.0039	1.51714e-16
0.0024	-0.0036	-1.52398e-16
0.0024	-0.0033	7.74511e-17
0.0024	-0.003	2.65313e-17
0.0024	-0.0027	-3.40749e-17
0.0024	-0.0024	9.27738e-17
0.0024	-0.0021	-8.13749e-17
0.0024	-0.0018	6.7043e-17
0.0024	-0.0015	-9.88156e-17
0.0024	-0.0012	4.74089e-17
0.0024	-0.0009	-1.06474e-16
0.0024	-0.0006	7.25257e-17
0.0024	-0.0003	-1.07232e-16
0.0024	0	4.10951e-17
0.0024	0.0003	1.537e-19
0.0024	0.0006	-3.67833e-17
0.0024	0.0009	2.15321e-17
0.0024	0.0012	-4.04849e-17
0.0024	0.0015	3.00082e-17
0.0024	0.0018	-6.01826e-17
0.0024	0.0021	2.53889e-17
0.0024	0.0024	-5.07e-17
0.0024	0.0027	-1.24792e-18
0.0024	0.003	-6.81463e-17
0.0024	0.0033	-1.22215e-17
0.0024	0.0036	-2.73274e-17
0.0024	0.0039	-3.91622e-17
0.0024	0.0042	8.88283e-17
0.0024	0.0045	-3.31936e-17
0.0024	0.0048	2.45963e-16
0.0024	0.0051	1.38748e-16
0.0024	0.0054	8.22355e-17
0.0024	0.0057	-1.94671e-17
0.0027	-0.006	1.44478e-16
0.0027	-0.0057	-1.12752e-16
0.0027	-0.0054	2.5446e-16
0.0027	-0.0051	4.24666e-17
0.0027	-0.0048	1.41771e-16
0.0027	-0.0045	-5.8601e-17
0.0027	-0.0042	5.07269e-17
0.0027	-0.0039	6.29137e-18
0.0027	-0.0036	4.58545e-17
0.0027	-0.0033	-5.15982e-17
0.0027	-0.003	-2.27112e-17
0.0027	-0.0027	2.06969e-17
0.0027	-0.0024	-1.18607e-16
0.0027	-0.0021	9.29837e-17
0.0027	-0.0018	-1.6798e-16
0.0027	-0.0015	9.48365e-17
0.0027	-0.0012	-1.05218e-16
0.0027	-0.0009	3.1485e-17
0.0027	-0.0006	-8.73994e-17
0.0027	-0.0003	-1.78787e-17
0.0027	0	7.10951e-18
0.0027	0.0003	-2.4576e-17
0.0027	0.0006	-3.80348e-17
0.0027	0.0009	3.48075e-17
0.0027	0.0012	-5.95084e-17
0.0027	0.0015	7.06246e-17
0.0027	0.0018	-2.05291e-17
0.0027	0.0021	6.98751e-18
0.0027	0.0024	-6.16953e-18
0.0027	0.0027	-1.36388e-16
0.0027	0.003	-2.69101e-17
0.0027	0.0033	-7.94562e-17
0.0027	0.0036	-1.23273e-17
0.0027	0.0039	-5.696e-17
0.0027	0.0042	1.47225e-17
0.0027	0.0045	1.09657e-17
0.0027	0.0048	5.03732e-17
0.0027	0.0051	1.55437e-16
0.0027	0.0054	7.0746e-17
0.0027	0.0057	-4.24596e-17
0.003	-0.006	-6.29503e-18
0.003	-0.0057	1.76886e-16
0.003	-0.0054	-6.8506e-17
0.003	-0.0051	9.03952e-17
0.003	-0.0048	9.44929e-17
0.003	-0.0045	-7.637e-18
0.003	-0.0042	-4.60818e-17
0.003	-0.0039	-8.06794e-17
0.003	-0.0036	1.28067e-17
0.003	-0.0033	-1.00948e-16
0.003	-0.003	8.2887e-19
0.003	-0.0027	-8.22201e-17
0.003	-0.0024	2.86133e-17
0.003	-0.0021	-2.78674e-17
0.003	-0.0018	3.4351e-17
0.003	-0.0015	2.42176e-17
0.003	-0.0012	1.0142e-18
0.003	-0.0009	1.00464e-16
0.003	-0.0006	-5.26615e-17
0.003	-0.0003	3.75486e-17
0.003	0	-1.19184e-16
0.003	0.0003	-8.24149e-17
0.003	0.0006	-3.39094e-17
0.003	0.0009	-1.02381e-16
0.003	0.0012	4.94745e-17
0.003	0.0015	-9.50763e-17
0.003	0.0018	4.1143e-17
0.003	0.0021	-6.84067e-17
0.003	0.0024	-1.34558e-17
0.003	0.0027	-6.23848e-17
0.003	0.003	-2.09798e-17
0.003	0.0033	-1.14719e-17
0.003	0.0036	-1.17438e-17
0.003	0.0039	6.00452e-17
0.003	0.0042	-1.01799e-18
0.003	0.0045	1.61385e-17
0.003	0.0048	4.02071e-17
0.003	0.0051	2.15583e-17
0.003	0.0054	6.16134e-17
0.003	0.0057	6.96184e-17
0.0033	-0.006	-2.00625e-17
0.0033	-0.0057	5.29438e-17
0.0033	-0.0054	1.53214e-16
0.0033	-0.0051	-2.79483e-17
0.0033	-0.0048	3.84129e-17
0.0033	-0.0045	1.68656e-16
0.0033	-0.0042	2.84506e-17
0.0033	-0.0039	3.60161e-17
0.0033	-0.0036	1.10307e-17
0.0033	-0.0033	-5.02421e-18
0.0033	-0.003	-3.95588e-18
0.0033	-0.0027	-4.36661e-17
0.0033	-0.0024	2.90231e-17
0.0033	-0.0021	-4.01347e-17
0.0033	-0.0018	5.19832e-17
0.0033	-0.0015	-6.66679e-17
0.0033	-0.0012	7.69415e-17
0.0033	-0.0009	-1.22854e-16
0.0033	-0.0006	4.13593e-17
0.0033	-0.0003	-1.09597e-16
0.0033	0	-5.20519e-17
0.0033	0.0003	-4.71082e-17
0.0033	0.0006	-9.9838e-17
0.0033	0.0009	2.19847e-17
0.0033	0.0012	-1.16983e-16
0.0033	0.0015	3.5288e-17
0.0033	0.0018	-1.33494e-16
0.0033	0.0021	-1.94859e-17
0.0033	0.0024	-1.02317e-16
0.0033	0.0027	1.82521e-17
0.0033	0.003	-6.22939e-17
0.0033	0.0033	7.02301e-17
0.0033	0.0036	4.00863e-17
0.0033	0.0039	6.36926e-17
0.0033	0.0042	3.42353e-17
0.0033	0.0045	8.16394e-17
0.0033	0.0048	3.93507e-18
0.0033	0.0051	1.38967e-16
0.0033	0.0054	6.22258e-17
0.0033	0.0057	2.15401e-16
0.0036	-0.006	1.15841e-16
0.0036	-0.0057	4.14447e-17
0.0036	-0.0054	9.71727e-17
0.0036	-0.0051	2.44139e-16
0.0036	-0.0048	2.21254e-17
0.0036	-0.0045	8.27718e-17
0.0036	-0.0042	1.53673e-16
0.0036	-0.0039	1.63891e-16
0.0036	-0.0036	8.23132e-17
0.0036	-0.0033	1.4291e-16
0.0036	-0.003	-1.65226e-17
0.0036	-0.0027	1.08087e-16
0.0036	-0.0024	-1.36453e-16
0.0036	-0.0021	7.24274e-17
0.0036	-0.0018	-1.53067e-16
0.0036	-0.0015	3.08803e-17
0.0036	-0.0012	-1.83832e-16
0.0036	-0.0009	7.40856e-18
0.0036	-0.0006	-1.58205e-16
0.0036	-0.0003	2.50632e-18
0.0036	0	-4.67685e-17
0.0036	0.0003	3.52041e-17
0.0036	0.0006	5.82808e-17
0.0036	0.0009	-1.7606e-17
0.0036	0.0012	5.99066e-17
0.0036	0.0015	-8.84885e-17
0.0036	0.0018	-5.02868e-18
0.0036	0.0021	-1.20831e-16
0.0036	0.0024	8.90757e-17
0.0036	0.0027	-1.19539e-16
0.0036	0.003	5.5855e-17
0.0036	0.0033	-4.48796e-17
0.0036	0.0036	1.11232e-16
0.0036	0.0039	-4.53497e-17
0.0036	0.0042	1.27233e-16
0.0036	0.0045	-6.0176e-17
0.0036	0.0048	7.37982e-17
0.0036	0.0051	-2.97551e-17
0.0036	0.0054	3.23603e-16
0.0036	0.0057	1.58184e-16
0.0039	-0.006	2.39145e-16
0.0039	-0.0057	8.73848e-17
0.0039	-0.0054	9.74204e-17
0.0039	-0.0051	1.53037e-16
0.0039	-0.0048	3.46308e-16
0.0039	-0.0045	2.71627e-17
0.0039	-0.0042	2.16766e-16
0.0039	-0.0039	6.56005e-17
0.0039	-0.0036	1.06253e-16
0.0039	-0.0033	4.2495e-17
0.0039	-0.003	1.3327e-16
0.0039	-0.0027	-6.58858e-17
0.0039	-0.0024	1.48387e-16
0.0039	-0.0021	-1.6718e-16
0.0039	-0.0018	1.21655e-16
0.0039	-0.0015	-1.39218e-16
0.0039	-0.0012	5.13324e-17
0.0039	-0.0009	-4.40799e-17
0.0039	-0.0006	2.15891e-17
0.0039	-0.0003	2.89868e-17
0.0039	0	6.41635e-17
0.0039	0.0003	4.79602e-17
0.0039	0.0006	5.17601e-17
0.0039	0.0009	5.05229e-18
0.0039	0.0012	4.41456e-17
0.0039	0.0015	-2.36373e-17
0.0039	0.0018	1.40312e-17
0.0039	0.0021	2.68196e-17
0.0039	0.0024	-6.58909e-17
0.0039	0.0027	1.21913e-16
0.0039	0.003	-7.67738e-17
0.0039	0.0033	1.73251e-16
0.0039	0.0036	-8.79929e-17
0.0039	0.0039	1.85293e-16
0.0039	0.0042	-1.29658e-16
0.0039	0.0045	1.61225e-16
0.0039	0.0048	-6.13023e-17
0.0039	0.0051	2.28995e-16
0.0039	0.0054	-1.97593e-17
0.0039	0.0057	4.47104e-16
0.0042	-0.006	7.82944e-17
0.0042	-0.0057	1.03666e-16
0.0042	-0.0054	2.56795e-17
0.0042	-0.0051	9.62613e-17
0.0042	-0.0048	2.76238e-17
0.0042	-0.0045	3.1209e-16
0.0042	-0.0042	-2.19668e-17
0.0042	-0.0039	2.71452e-16
0.0042	-0.0036	-1.03471e-17
0.0042	-0.0033	2.13642e-16
0.0042	-0.003	5.31705e-17
0.0042	-0.0027	2.46137e-16
0.0042	-0.0024	3.21716e-17
0.0042	-0.0021	1.76282e-16
0.0042	-0.0018	-9.02088e-18
0.0042	-0.0015	1.35072e-16
0.0042	-0.0012	8.02737e-17
0.0042	-0.0009	9.79958e-18
0.0042	-0.0006	1.59052e-16
0.0042	-0.0003	-3.77777e-17
0.0042	0	1.68732e-16
0.0042	0.0003	-2.09252e-18
0.0042	0.0006	4.7672e-17
0.0042	0.0009	7.34694e-17
0.0042	0.0012	-3.82271e-17
0.0042	0.0015	1.07156e-16
0.0042	0.0018	3.21538e-17
0.0042	0.0021	1.93251e-17
0.0042	0.0024	1.10917e-16
0.0042	0.0027	1.5201e-17
0.0042	0.003	1.79187e-16
0.0042	0.0033	6.45376e-18
0.0042	0.0036	2.28526e-16
0.0042	0.0039	-7.30878e-17
0.0042	0.0042	2.06062e-16
0.0042	0.0045	-2.71728e-17
0.0042	0.0048	2.88132e-16
0.0042	0.0051	1.43476e-17
0.0042	0.0054	2.6643e-16
0.0042	0.0057	-5.91489e-17
0.0045	-0.006	3.47132e-16
0.0045	-0.0057	5.75263e-17
0.0045	-0.0054	7.94789e-17
0.0045	-0.0051	1.33259e-17
0.0045	-0.0048	1.12586e-19
0.0045	-0.0045	1.58784e-17
0.0045	-0.0042	1.51876e-16
0.0045	-0.0039	-3.27565e-18
0.0045	-0.0036	2.38341e-16
0.0045	-0.0033	5.14515e-17
0.0045	-0.003	1.86991e-16
0.0045	-0.0027	1.89144e-16
0.0045	-0.0024	1.14138e-16
0.0045	-0.0021	2.4571e-16
0.0045	-0.0018	8.27672e-17
0.0045	-0.0015	1.73553e-16
0.0045	-0.0012	1.84894e-18
0.0045	-0.0009	1.32895e-16
0.0045	-0.0006	4.71424e-17
0.0045	-0.0003	1.28413e-16
0.0045	0	7.3428e-17
0.0045	0.0003	9.47961e-17
0.0045	0.0006	9.90883e-17
0.0045	0.0009	7.21384e-17
0.0045	0.0012	5.95389e-17
0.0045	0.0015	1.18697e-16
0.0045	0.0018	6.32892e-18
0.0045	0.0021	1.45528e-16
0.0045	0.0024	9.55849e-17
0.0045	0.0027	1.3696e-16
0.0045	0.003	1.55247e-16
0.0045	0.0033	8.58328e-17
0.0045	0.0036	7.4225e-17
0.0045	0.0039	7.94832e-17
0.0045	0.0042	9.4315e-17
0.0045	0.0045	1.82349e-16
0.0045	0.0048	1.18669e-16
0.0045	0.0051	1.22569e-16
0.0045	0.0054	4.80645e-17
0.0045	0.0057	2.83498e-17
0.0048	-0.006	2.07509e-18
0.0048	-0.0057	1.95348e-16
0.0048	-0.0054	1.11746e-16
0.0048	-0.0051	6.91185e-18
0.0048	-0.0048	8.89674e-17
0.0048	-0.0045	-1.33937e-16
0.0048	-0.0042	9.43795e-17
0.0048	-0.0039	-6.9778e-17
0.0048	-0.0036	1.07181e-16
0.0048	-0.0033	1.56344e-17
0.0048	-0.003	1.41895e-16
0.0048	-0.0027	1.9219e-17
0.0048	-0.0024	2.634e-16
0.0048	-0.0021	5.47889e-17
0.0048	-0.0018	2.9778e-16
0.0048	-0.0015	1.67722e-16
0.0048	-0.0012	1.58611e-16
0.0048	-0.0009	2.43559e-16
0.0048	-0.0006	1.37172e-18
0.0048	-0.0003	2.86147e-16
0.0048	0	2.61537e-17
0.0048	0.0003	1.81526e-16
0.0048	0.0006	9.06986e-17
0.0048	0.0009	-3.86917e-17
0.0048	0.0012	2.0764e-16
0.0048	0.0015	-8.71727e-17
0.0048	0.0018	2.02211e-16
0.0048	0.0021	8.01339e-17
0.0048	0.0024	1.26118e-16
0.0048	0.0027	1.96113e-16
0.0048	0.003	5.76355e-17
0.0048	0.0033	1.2581e-16
0.0048	0.0036	3.77446e-17
0.0048	0.0039	1.70566e-16
0.0048	0.0042	8.03206e-17
0.0048	0.0045	2.10205e-16
0.0048	0.0048	9.21333e-18
0.0048	0.0051	1.30952e-16
0.0048	0.0054	-8.44692e-17
0.0048	0.0057	1.0226e-16
0.0051	-0.006	-3.73264e-17
0.0051	-0.0057	8.20191e-17
0.0051	-0.0054	1.35903e-16
0.0051	-0.0051	1.50586e-16
0.0051	-0.0048	4.0441e-17
0.0051	-0.0045	1.83361e-16
0.0051	-0.0042	-1.07401e-16
0.0051	-0.0039	1.75025e-16
0.0051	-0.0036	-1.10936e-16
0.0051	-0.0033	1.03341e-16
0.0051	-0.003	-6.76476e-17
0.0051	-0.0027	7.99757e-17
0.0051	-0.0024	-5.47526e-17
0.0051	-0.0021	1.39417e-16
0.0051	-0.0018	6.71269e-17
0.0051	-0.0015	1.77423e-16
0.0051	-0.0012	1.58014e-16
0.0051	-0.0009	1.03893e-16
0.0051	-0.0006	1.99582e-16
0.0051	-0.0003	1.31885e-17
0.0051	0	1.51064e-16
0.0051	0.0003	-8.79047e-18
0.0051	0.0006	-7.29184e-18
0.0051	0.0009	6.46248e-17
0.0051	0.0012	-2.97816e-17
0.0051	0.0015	9.63735e-17
0.0051	0.0018	1.14601e-16
0.0051	0.0021	1.06061e-16
0.0051	0.0024	1.33134e-16
0.0051	0.0027	5.80487e-17
0.0051	0.003	5.31756e-17
0.0051	0.0033	8.32787e-17
0.0051	0.0036	8.27122e-17
0.0051	0.0039	1.15079e-16
0.0051	0.0042	1.48343e-16
0.0051	0.0045	4.57744e-17
0.0051	0.0048	1.09748e-16
0.0051	0.0051	1.15781e-17
0.0051	0.0054	7.02519e-17
0.0051	0.0057	9.04282e-17
0.0054	-0.006	1.06467e-16
0.0054	-0.0057	1.38575e-16
0.0054	-0.0054	1.28666e-16
0.0054	-0.0051	2.70977e-16
0.0054	-0.0048	1.51963e-16
0.0054	-0.0045	2.91769e-16
0.0054	-0.0042	2.00369e-16
0.0054	-0.0039	1.7203e-16
0.0054	-0.0036	1.41148e-16
0.0054	-0.0033	6.25892e-17
0.0054	-0.003	4.11993e-17
0.0054	-0.0027	4.02997e-18
0.0054	-0.0024	-6.79625e-17
0.0054	-0.0021	-1.07011e-16
0.0054	-0.0018	-4.34427e-17
0.0054	-0.0015	-1.95785e-16
0.0054	-0.0012	1.06919e-16
0.0054	-0.0009	-2.37565e-16
0.0054	-0.0006	2.00253e-16
0.0054	-0.0003	-2.13972e-16
0.0054	0	1.83293e-16
0.0054	0.0003	-5.39289e-17
0.0054	0.0006	8.72194e-17
0.0054	0.0009	1.80435e-16
0.0054	0.0012	-4.26634e-17
0.0054	0.0015	2.61772e-16
0.0054	0.0018	-1.32409e-16
0.0054	0.0021	1.3738e-16
0.0054	0.0024	-1.13119e-16
0.0054	0.0027	-8.33631e-17
0.0054	0.003	-1.19549e-17
0.0054	0.0033	-4.48715e-17
0.0054	0.0036	9.5207e-17
0.0054	0.0039	1.17893e-17
0.0054	0.0042	1.07357e-16
0.0054	0.0045	1.35301e-17
0.0054	0.0048	9.06268e-17
0.0054	0.0051	1.45939e-17
0.0054	0.0054	1.84193e-16
0.0054	0.0057	5.78339e-17
0.0057	-0.006	2.1081e-16
0.0057	-0.0057	7.13849e-17
0.0057	-0.0054	2.46903e-16
0.0057	-0.0051	7.05212e-17
0.0057	-0.0048	3.54361e-16
0.0057	-0.0045	1.08039e-16
0.0057	-0.0042	3.71253e-16
0.0057	-0.0039	8.54447e-17
0.0057	-0.0036	2.94702e-16
0.0057	-0.0033	5.02156e-17
0.0057	-0.003	1.39955e-16
0.0057	-0.0027	-5.85065e-17
0.0057	-0.0024	-3.43144e-17
0.0057	-0.0021	-1.36753e-16
0.0057	-0.0018	-2.29486e-16
0.0057	-0.0015	-5.15793e-17
0.0057	-0.0012	-3.93596e-16
0.0057	-0.0009	1.293e-16
0.0057	-0.0006	-3.90582e-16
0.0057	-0.0003	2.61382e-16
0.0057	0	-1.80956e-16
0.0057	0.0003	1.96772e-16
0.0057	0.0006	1.36642e-16
0.0057	0.0009	3.40499e-17
0.0057	0.0012	3.23103e-16
0.0057	0.0015	-1.26335e-16
0.0057	0.0018	1.8225e-16
0.0057	0.0021	-2.1276e-16
0.0057	0.0024	-6.00263e-17
0.0057	0.0027	-1.31921e-16
0.0057	0.003	-1.06213e-16
0.0057	0.0033	-1.65272e-17
0.0057	0.0036	-3.96516e-17
0.0057	0.0039	4.79506e-17
0.0057	0.0042	-4.35247e-17
0.0057	0.0045	8.14718e-17
0.0057	0.0048	-4.74456e-17
0.0057	0.0051	1.45854e-16
0.0057	0.0054	-1.45215e-17
0.0057	0.0057	1.58309e-16
