-0.006	-0.006	-1.4469e-15
-0.006	-0.0057	-5.17997e-16
-0.006	-0.0054	2.82784e-15
-0.006	-0.0051	-3.1486e-16
-0.006	-0.0048	-1.05259e-15
-0.006	-0.0045	6.63085e-18
-0.006	-0.0042	3.46559e-16
-0.006	-0.0039	-1.37698e-16
-0.006	-0.0036	-2.95403e-16
-0.006	-0.0033	-4.12837e-17
-0.006	-0.003	-4.83076e-17
-0.006	-0.0027	-1.89366e-17
-0.006	-0.0024	4.07409e-17
-0.006	-0.0021	1.31633e-17
-0.006	-0.0018	4.25705e-16
-0.006	-0.0015	1.46204e-17
-0.006	-0.0012	3.45838e-16
-0.006	-0.0009	-4.76973e-17
-0.006	-0.0006	-2.09219e-16
-0.006	-0.0003	-5.52466e-17
-0.006	0	-1.88102e-16
-0.006	0.0003	-9.82545e-17
-0.006	0.0006	2.73714e-16
-0.006	0.0009	1.72928e-16
-0.006	0.0012	-2.5369e-16
-0.006	0.0015	-9.49691e-18
-0.006	0.0018	-8.41816e-17
-0.006	0.0021	-6.67942e-19
-0.006	0.0024	-1.00766e-16
-0.006	0.0027	-1.10885e-16
-0.006	0.003	-1.70698e-17
-0.006	0.0033	3.89635e-17
-0.006	0.0036	-4.59459e-18
-0.006	0.0039	4.34027e-18
-0.006	0.0042	-7.16981e-16
-0.006	0.0045	3.12662e-17
-0.006	0.0048	4.66538e-17
-0.006	0.0051	2.07463e-15
-0.006	0.0054	-6.02903e-16
-0.006	0.0057	-1.52623e-15
-0.0057	-0.006	-4.73589e-16
-0.0057	-0.0057	-2.07709e-15
-0.0057	-0.0054	-5.57706e-16
-0.0057	-0.0051	-7.25692e-16
-0.0057	-0.0048	1.44395e-16
-0.0057	-0.0045	4.13914e-17
-0.0057	-0.0042	1.53669e-16
-0.0057	-0.0039	1.9203e-15
-0.0057	-0.0036	-8.52284e-17
-0.0057	-0.0033	-5.3625e-16
-0.0057	-0.003	-2.53091e-16
-0.0057	-0.0027	-1.13158e-14
-0.0057	-0.0024	6.63813e-17
-0.0057	-0.0021	1.86255e-15
-0.0057	-0.0018	7.6578e-17
-0.0057	-0.0015	-2.22637e-16
-0.0057	-0.0012	-7.20693e-17
-0.0057	-0.0009	-3.70379e-16
-0.0057	-0.0006	-8.33418e-17
-0.0057	-0.0003	1.94284e-15
-0.0057	0	5.03982e-17
-0.0057	0.0003	2.85396e-15
-0.0057	0.0006	-3.83645e-17
-0.0057	0.0009	-4.59804e-16
-0.0057	0.0012	-1.87822e-17
-0.0057	0.0015	1.27419e-14
-0.0057	0.0018	-5.65595e-17
-0.0057	0.0021	-6.02124e-16
-0.0057	0.0024	-7.41053e-17
-0.0057	0.0027	9.7675e-16
-0.0057	0.003	1.09716e-17
-0.0057	0.0033	4.5776e-16
-0.0057	0.0036	-2.9535e-17
-0.0057	0.0039	2.89592e-17
-0.0057	0.0042	1.26793e-17
-0.0057	0.0045	1.16837e-16
-0.0057	0.0048	1.93913e-17
-0.0057	0.0051	1.70115e-16
-0.0057	0.0054	-7.23108e-16
-0.0057	0.0057	-4.87721e-16
-0.0054	-0.006	-2.0562e-16
-0.0054	-0.0057	-7.50475e-16
-0.0054	-0.0054	-1.43045e-15
-0.0054	-0.0051	4.50329e-16
-0.0054	-0.0048	-1.35871e-16
-0.0054	-0.0045	-2.4357e-16
-0.0054	-0.0042	1.34969e-16
-0.0054	-0.0039	-3.05756e-16
-0.0054	-0.0036	-3.39337e-17
-0.0054	-0.0033	-5.28168e-17
-0.0054	-0.003	7.89495e-17
-0.0054	-0.0027	-7.72992e-18
-0.0054	-0.0024	-1.52795e-16
-0.0054	-0.0021	8.37728e-17
-0.0054	-0.0018	-8.16068e-17
-0.0054	-0.0015	1.59873e-17
-0.0054	-0.0012	-2.76143e-17
-0.0054	-0.0009	-4.30496e-17
-0.0054	-0.0006	5.48858e-18
-0.0054	-0.0003	-6.0006e-17
-0.0054	0	4.599e-17
-0.0054	0.0003	7.95764e-17
-0.0054	0.0006	-2.0853e-17
-0.0054	0.0009	-1.44343e-17
-0.0054	0.0012	-9.04781e-17
-0.0054	0.0015	-1.33138e-17
-0.0054	0.0018	1.42978e-17
-0.0054	0.0021	-4.97484e-17
-0.0054	0.0024	7.09054e-17
-0.0054	0.0027	-8.13154e-17
-0.0054	0.003	1.4789e-17
-0.0054	0.0033	-2.46757e-17
-0.0054	0.0036	-8.012e-17
-0.0054	0.0039	-3.24796e-17
-0.0054	0.0042	-1.53409e-16
-0.0054	0.0045	1.40226e-16
-0.0054	0.0048	-2.41873e-16
-0.0054	0.0051	-6.79509e-17
-0.0054	0.0054	1.29553e-16
-0.0054	0.0057	-9.09806e-16
-0.0051	-0.006	7.93369e-18
-0.0051	-0.0057	-1.22005e-15
-0.0051	-0.0054	3.42574e-16
-0.0051	-0.0051	-2.99484e-16
-0.0051	-0.0048	-4.19497e-16
-0.0051	-0.0045	4.76308e-16
-0.0051	-0.0042	-1.60307e-16
-0.0051	-0.0039	-5.29351e-18
-0.0051	-0.0036	-3.44993e-16
-0.0051	-0.0033	-1.29558e-16
-0.0051	-0.003	-3.23981e-17
-0.0051	-0.0027	6.16918e-18
-0.0051	-0.0024	9.03063e-17
-0.0051	-0.0021	-1.01492e-16
-0.0051	-0.0018	1.98376e-16
-0.0051	-0.0015	-1.50628e-16
-0.0051	-0.0012	-1.46374e-16
-0.0051	-0.0009	2.76807e-17
-0.0051	-0.0006	-5.61786e-17
-0.0051	-0.0003	5.15137e-17
-0.0051	0	2.61577e-17
-0.0051	0.0003	4.92099e-17
-0.0051	0.0006	4.9984e-17
-0.0051	0.0009	-8.1985e-17
-0.0051	0.0012	1.65807e-17
-0.0051	0.0015	-7.605e-17
-0.0051	0.0018	-3.87343e-17
-0.0051	0.0021	7.11941e-17
-0.0051	0.0024	-1.49213e-16
-0.0051	0.0027	1.09753e-16
-0.0051	0.003	-6.58604e-18
-0.0051	0.0033	3.49471e-17
-0.0051	0.0036	-7.01067e-17
-0.0051	0.0039	-2.14474e-16
-0.0051	0.0042	-8.89288e-17
-0.0051	0.0045	-2.00943e-16
-0.0051	0.0048	2.83594e-16
-0.0051	0.0051	-3.33491e-16
-0.0051	0.0054	1.49406e-16
-0.0051	0.0057	-1.52766e-16
-0.0048	-0.006	-2.04186e-16
-0.0048	-0.0057	-1.32348e-16
-0.0048	-0.0054	1.48309e-16
-0.0048	-0.0051	-4.47016e-16
-0.0048	-0.0048	6.57071e-16
-0.0048	-0.0045	-1.67697e-16
-0.0048	-0.0042	-1.74281e-16
-0.0048	-0.0039	-6.2041e-16
-0.0048	-0.0036	-1.32055e-16
-0.0048	-0.0033	8.83443e-17
-0.0048	-0.003	1.85039e-16
-0.0048	-0.0027	2.83544e-17
-0.0048	-0.0024	-3.01879e-16
-0.0048	-0.0021	2.03642e-16
-0.0048	-0.0018	-1.74836e-16
-0.0048	-0.0015	-7.27715e-17
-0.0048	-0.0012	1.92633e-17
-0.0048	-0.0009	-3.79448e-17
-0.0048	-0.0006	2.18821e-17
-0.0048	-0.0003	-9.25697e-17
-0.0048	0	7.96579e-17
-0.0048	0.0003	1.06483e-16
-0.0048	0.0006	-8.81784e-17
-0.0048	0.0009	-2.91661e-17
-0.0048	0.0012	-9.38515e-17
-0.0048	0.0015	4.06589e-17
-0.0048	0.0018	-2.68092e-17
-0.0048	0.0021	-7.79592e-17
-0.0048	0.0024	1.38128e-16
-0.0048	0.0027	-1.66139e-16
-0.0048	0.003	3.50692e-17
-0.0048	0.0033	-2.7066e-17
-0.0048	0.0036	3.70788e-17
-0.0048	0.0039	-4.68398e-17
-0.0048	0.0042	-2.94963e-16
-0.0048	0.0045	-1.3939e-16
-0.0048	0.0048	-2.57047e-16
-0.0048	0.0051	1.95523e-16
-0.0048	0.0054	-3.0642e-16
-0.0048	0.0057	2.92184e-16
-0.0045	-0.006	-2.87969e-16
-0.0045	-0.0057	3.38435e-16
-0.0045	-0.0054	-3.20645e-16
-0.0045	-0.0051	3.63931e-16
-0.0045	-0.0048	-2.49103e-16
-0.0045	-0.0045	-2.47498e-16
-0.0045	-0.0042	-6.53346e-16
-0.0045	-0.0039	4.01868e-17
-0.0045	-0.0036	8.8558e-18
-0.0045	-0.0033	-1.05141e-17
-0.0045	-0.003	-1.01675e-16
-0.0045	-0.0027	-2.69296e-16
-0.0045	-0.0024	1.79205e-16
-0.0045	-0.0021	-9.4107e-17
-0.0045	-0.0018	2.06748e-16
-0.0045	-0.0015	-1.4816e-16
-0.0045	-0.0012	-1.66446e-16
-0.0045	-0.0009	4.57044e-17
-0.0045	-0.0006	-1.13971e-16
-0.0045	-0.0003	5.00768e-17
-0.0045	0	8.72299e-17
-0.0045	0.0003	4.28129e-17
-0.0045	0.0006	8.75127e-18
-0.0045	0.0009	-1.21454e-16
-0.0045	0.0012	5.18736e-17
-0.0045	0.0015	-9.623e-17
-0.0045	0.0018	-3.70859e-17
-0.0045	0.0021	6.94385e-17
-0.0045	0.0024	-1.64486e-16
-0.0045	0.0027	1.81251e-16
-0.0045	0.003	-9.93686e-17
-0.0045	0.0033	3.73839e-17
-0.0045	0.0036	-1.14052e-16
-0.0045	0.0039	-2.27975e-17
-0.0045	0.0042	-2.92719e-17
-0.0045	0.0045	-4.06989e-16
-0.0045	0.0048	-8.77733e-17
-0.0045	0.0051	-4.2101e-16
-0.0045	0.0054	4.4698e-17
-0.0045	0.0057	-3.8609e-16
-0.0042	-0.006	1.11411e-16
-0.0042	-0.0057	-3.95703e-16
-0.0042	-0.0054	9.51853e-17
-0.0042	-0.0051	-5.05157e-16
-0.0042	-0.0048	-1.07637e-16
-0.0042	-0.0045	-7.59585e-16
-0.0042	-0.0042	7.66164e-17
-0.0042	-0.0039	-2.04836e-16
-0.0042	-0.0036	-2.20389e-16
-0.0042	-0.0033	5.21191e-17
-0.0042	-0.003	6.86824e-17
-0.0042	-0.0027	1.82736e-16
-0.0042	-0.0024	-3.17926e-16
-0.0042	-0.0021	2.83338e-16
-0.0042	-0.0018	-3.12064e-16
-0.0042	-0.0015	-2.40956e-16
-0.0042	-0.0012	1.10293e-16
-0.0042	-0.0009	7.21166e-17
-0.0042	-0.0006	-3.83288e-17
-0.0042	-0.0003	-8.07248e-17
-0.0042	0	8.80238e-17
-0.0042	0.0003	9.66036e-17
-0.0042	0.0006	-1.34649e-16
-0.0042	0.0009	-3.97496e-17
-0.0042	0.0012	-4.46097e-17
-0.0042	0.0015	1.20591e-16
-0.0042	0.0018	-6.88679e-17
-0.0042	0.0021	-9.00988e-17
-0.0042	0.0024	1.80997e-16
-0.0042	0.0027	-2.42745e-16
-0.0042	0.003	9.12458e-17
-0.0042	0.0033	-6.46232e-17
-0.0042	0.0036	1.38803e-16
-0.0042	0.0039	-1.57961e-16
-0.0042	0.0042	-5.01992e-18
-0.0042	0.0045	-7.65835e-17
-0.0042	0.0048	-4.47052e-16
-0.0042	0.0051	-4.11678e-17
-0.0042	0.0054	-6.44414e-16
-0.0042	0.0057	3.0113e-17
-0.0039	-0.006	-7.23709e-16
-0.0039	-0.0057	4.80017e-17
-0.0039	-0.0054	-7.77365e-16
-0.0039	-0.0051	-1.74569e-17
-0.0039	-0.0048	-7.21431e-16
-0.0039	-0.0045	-5.70667e-17
-0.0039	-0.0042	-1.27272e-16
-0.0039	-0.0039	-2.56513e-16
-0.0039	-0.0036	2.6997e-16
-0.0039	-0.0033	2.03748e-16
-0.0039	-0.003	-2.4819e-17
-0.0039	-0.0027	-6.30364e-16
-0.0039	-0.0024	2.81225e-16
-0.0039	-0.0021	-1.32432e-16
-0.0039	-0.0018	3.67904e-18
-0.0039	-0.0015	-6.23939e-17
-0.0039	-0.0012	3.16878e-18
-0.0039	-0.0009	-1.39271e-17
-0.0039	-0.0006	-1.55051e-16
-0.0039	-0.0003	-3.06833e-17
-0.0039	0	1.52879e-16
-0.0039	0.0003	-3.32608e-17
-0.0039	0.0006	-6.58546e-17
-0.0039	0.0009	-1.54337e-16
-0.0039	0.0012	9.43891e-17
-0.0039	0.0015	-2.93624e-17
-0.0039	0.0018	1.17821e-17
-0.0039	0.0021	3.69399e-17
-0.0039	0.0024	-8.26743e-17
-0.0039	0.0027	2.44501e-16
-0.0039	0.003	-3.18932e-16
-0.0039	0.0033	1.20627e-17
-0.0039	0.0036	-8.74853e-17
-0.0039	0.0039	1.4622e-16
-0.0039	0.0042	-1.3059e-16
-0.0039	0.0045	9.35748e-17
-0.0039	0.0048	-1.79829e-16
-0.0039	0.0051	-1.89784e-16
-0.0039	0.0054	-1.99668e-16
-0.0039	0.0057	-3.83604e-16
-0.0036	-0.006	-1.95011e-16
-0.0036	-0.0057	-4.28232e-16
-0.0036	-0.0054	-2.24954e-16
-0.0036	-0.0051	-2.78772e-16
-0.0036	-0.0048	-2.44556e-16
-0.0036	-0.0045	9.83222e-17
-0.0036	-0.0042	-1.41302e-16
-0.0036	-0.0039	1.89652e-16
-0.0036	-0.0036	1.90679e-16
-0.0036	-0.0033	-1.96921e-16
-0.0036	-0.003	-6.77339e-16
-0.0036	-0.0027	4.35434e-16
-0.0036	-0.0024	-5.82219e-17
-0.0036	-0.0021	1.87108e-16
-0.0036	-0.0018	-3.79652e-16
-0.0036	-0.0015	-2.7027e-16
-0.0036	-0.0012	1.57218e-16
-0.0036	-0.0009	1.12989e-16
-0.0036	-0.0006	-4.08772e-17
-0.0036	-0.0003	4.33618e-17
-0.0036	0	-6.03884e-17
-0.0036	0.0003	3.15238e-17
-0.0036	0.0006	-2.51668e-16
-0.0036	0.0009	-4.95743e-17
-0.0036	0.0012	9.96951e-17
-0.0036	0.0015	2.15156e-16
-0.0036	0.0018	-1.08062e-16
-0.0036	0.0021	-1.48144e-16
-0.0036	0.0024	9.51011e-17
-0.0036	0.0027	-8.70311e-17
-0.0036	0.003	2.56853e-16
-0.0036	0.0033	-4.05419e-16
-0.0036	0.0036	6.56334e-17
-0.0036	0.0039	-1.16612e-16
-0.0036	0.0042	2.50798e-17
-0.0036	0.0045	1.36293e-17
-0.0036	0.0048	2.43641e-17
-0.0036	0.0051	-4.05615e-17
-0.0036	0.0054	-5.38372e-17
-0.0036	0.0057	-9.32581e-17
-0.0033	-0.006	-9.99352e-17
-0.0033	-0.0057	-9.55613e-17
-0.0033	-0.0054	-7.49945e-17
-0.0033	-0.0051	-1.2823e-17
-0.0033	-0.0048	-3.4838e-18
-0.0033	-0.0045	1.38835e-16
-0.0033	-0.0042	-7.42995e-17
-0.0033	-0.0039	1.04644e-16
-0.0033	-0.0036	-1.07425e-16
-0.0033	-0.0033	-6.9184e-16
-0.0033	-0.003	5.79334e-16
-0.0033	-0.0027	-3.01481e-16
-0.0033	-0.0024	7.22461e-17
-0.0033	-0.0021	-3.56846e-16
-0.0033	-0.0018	-2.74655e-16
-0.0033	-0.0015	2.636e-16
-0.0033	-0.0012	2.76327e-16
-0.0033	-0.0009	1.82803e-18
-0.0033	-0.0006	-1.47399e-16
-0.0033	-0.0003	-1.76079e-17
-0.0033	0	1.34944e-16
-0.0033	0.0003	-1.23029e-16
-0.0033	0.0006	-9.41096e-17
-0.0033	0.0009	-1.82138e-16
-0.0033	0.0012	5.17912e-17
-0.0033	0.0015	5.52439e-17
-0.0033	0.0018	5.32361e-17
-0.0033	0.0021	2.48083e-17
-0.0033	0.0024	-3.71677e-17
-0.0033	0.0027	-1.49914e-17
-0.0033	0.003	-1.63784e-16
-0.0033	0.0033	2.86647e-16
-0.0033	0.0036	-5.31398e-16
-0.0033	0.0039	2.11358e-16
-0.0033	0.0042	-3.08214e-16
-0.0033	0.0045	3.92991e-17
-0.0033	0.0048	-5.45694e-17
-0.0033	0.0051	-5.02437e-17
-0.0033	0.0054	7.6083e-17
-0.0033	0.0057	-8.47564e-17
-0.003	-0.006	1.24721e-16
-0.003	-0.0057	-9.77239e-17
-0.003	-0.0054	1.36385e-16
-0.003	-0.0051	-9.14906e-17
-0.003	-0.0048	5.08939e-17
-0.003	-0.0045	-5.11148e-17
-0.003	-0.0042	-2.857e-16
-0.003	-0.0039	1.6531e-16
-0.003	-0.0036	-8.18319e-16
-0.003	-0.0033	5.83286e-16
-0.003	-0.003	-4.31732e-16
-0.003	-0.0027	1.66388e-17
-0.003	-0.0024	-1.10548e-16
-0.003	-0.0021	-7.18628e-17
-0.003	-0.0018	7.96533e-17
-0.003	-0.0015	4.65844e-17
-0.003	-0.0012	1.66416e-18
-0.003	-0.0009	-1.12573e-16
-0.003	-0.0006	1.6616e-16
-0.003	-0.0003	1.3558e-16
-0.003	0	-1.18661e-16
-0.003	0.0003	-2.87293e-16
-0.003	0.0006	-9.81555e-17
-0.003	0.0009	9.36865e-17
-0.003	0.0012	-2.29407e-17
-0.003	0.0015	1.09358e-16
-0.003	0.0018	1.26995e-17
-0.003	0.0021	-6.13972e-17
-0.003	0.0024	4.54327e-17
-0.003	0.0027	1.42401e-17
-0.003	0.003	-6.54984e-17
-0.003	0.0033	-1.58148e-16
-0.003	0.0036	2.71606e-16
-0.003	0.0039	-4.7975e-16
-0.003	0.0042	2.62164e-16
-0.003	0.0045	-5.36622e-16
-0.003	0.0048	1.66671e-16
-0.003	0.0051	-4.37677e-16
-0.003	0.0054	1.01431e-16
-0.003	0.0057	-3.44545e-16
-0.0027	-0.006	6.76107e-17
-0.0027	-0.0057	-3.56268e-16
-0.0027	-0.0054	7.95129e-17
-0.0027	-0.0051	-4.64819e-16
-0.0027	-0.0048	1.61758e-16
-0.0027	-0.0045	-6.67521e-16
-0.0027	-0.0042	3.09059e-16
-0.0027	-0.0039	-6.8617e-16
-0.0027	-0.0036	4.03044e-16
-0.0027	-0.0033	-2.63516e-16
-0.0027	-0.003	4.31661e-17
-0.0027	-0.0027	-6.66513e-17
-0.0027	-0.0024	-1.05865e-16
-0.0027	-0.0021	-2.40375e-16
-0.0027	-0.0018	-2.10162e-16
-0.0027	-0.0015	1.55828e-16
-0.0027	-0.0012	1.55664e-16
-0.0027	-0.0009	3.61825e-17
-0.0027	-0.0006	1.17993e-16
-0.0027	-0.0003	-2.00562e-16
-0.0027	0	-1.8067e-16
-0.0027	0.0003	-2.49859e-16
-0.0027	0.0006	-2.16984e-16
-0.0027	0.0009	2.2764e-16
-0.0027	0.0012	1.38214e-16
-0.0027	0.0015	4.77815e-17
-0.0027	0.0018	9.88385e-17
-0.0027	0.0021	1.16321e-16
-0.0027	0.0024	-2.11867e-17
-0.0027	0.0027	-8.23035e-17
-0.0027	0.003	-1.42903e-16
-0.0027	0.0033	5.56186e-18
-0.0027	0.0036	-1.46443e-16
-0.0027	0.0039	2.04768e-16
-0.0027	0.0042	-2.72785e-16
-0.0027	0.0045	2.09911e-16
-0.0027	0.0048	-4.03821e-16
-0.0027	0.0051	1.82387e-16
-0.0027	0.0054	-4.53922e-16
-0.0027	0.0057	1.51015e-16
-0.0024	-0.006	-4.83152e-16
-0.0024	-0.0057	1.53066e-16
-0.0024	-0.0054	-5.01318e-16
-0.0024	-0.0051	1.97409e-16
-0.0024	-0.0048	-4.73765e-16
-0.0024	-0.0045	2.66607e-16
-0.0024	-0.0042	-3.03132e-16
-0.0024	-0.0039	2.81282e-16
-0.0024	-0.0036	-1.76535e-16
-0.0024	-0.0033	1.27237e-16
-0.0024	-0.003	-3.16149e-16
-0.0024	-0.0027	-1.59277e-16
-0.0024	-0.0024	-3.50226e-16
-0.0024	-0.0021	-2.82247e-16
-0.0024	-0.0018	4.21161e-16
-0.0024	-0.0015	3.66175e-16
-0.0024	-0.0012	-2.30946e-16
-0.0024	-0.0009	-5.48613e-18
-0.0024	-0.0006	-5.04067e-17
-0.0024	-0.0003	2.21944e-16
-0.0024	0	-4.7522e-16
-0.0024	0.0003	-4.125e-16
-0.0024	0.0006	-1.62837e-16
-0.0024	0.0009	-6.43243e-17
-0.0024	0.0012	3.01234e-16
-0.0024	0.0015	-1.23674e-17
-0.0024	0.0018	1.63917e-16
-0.0024	0.0021	2.04229e-16
-0.0024	0.0024	1.41409e-17
-0.0024	0.0027	2.80292e-17
-0.0024	0.003	-1.59118e-16
-0.0024	0.0033	-2.6894e-16
-0.0024	0.0036	2.08342e-17
-0.0024	0.0039	-2.7074e-16
-0.0024	0.0042	1.80897e-16
-0.0024	0.0045	-2.86004e-16
-0.0024	0.0048	2.87995e-16
-0.0024	0.0051	-3.25562e-16
-0.0024	0.0054	3.25946e-16
-0.0024	0.0057	-3.33088e-16
-0.0021	-0.006	3.5216e-16
-0.0021	-0.0057	-3.38396e-16
-0.0021	-0.0054	3.83977e-16
-0.0021	-0.0051	-3.35973e-16
-0.0021	-0.0048	3.78242e-16
-0.0021	-0.0045	-3.49637e-16
-0.0021	-0.0042	2.90972e-16
-0.0021	-0.0039	-4.1322e-16
-0.0021	-0.0036	4.26194e-17
-0.0021	-0.0033	-5.12181e-16
-0.0021	-0.003	-2.79045e-16
-0.0021	-0.0027	-1.30393e-16
-0.0021	-0.0024	-3.08783e-16
-0.0021	-0.0021	5.12294e-16
-0.0021	-0.0018	3.5839e-16
-0.0021	-0.0015	-4.02438e-16
-0.0021	-0.0012	-7.14295e-17
-0.0021	-0.0009	8.55992e-17
-0.0021	-0.0006	5.20819e-16
-0.0021	-0.0003	-2.93463e-16
-0.0021	0	-5.02483e-16
-0.0021	0.0003	-3.92964e-16
-0.0021	0.0006	-8.52727e-17
-0.0021	0.0009	7.69501e-17
-0.0021	0.0012	-1.60674e-16
-0.0021	0.0015	2.32735e-16
-0.0021	0.0018	-1.37302e-16
-0.0021	0.0021	2.64938e-16
-0.0021	0.0024	2.20424e-16
-0.0021	0.0027	-3.78036e-18
-0.0021	0.003	1.01204e-16
-0.0021	0.0033	-1.58676e-16
-0.0021	0.0036	-1.09641e-16
-0.0021	0.0039	-2.11138e-16
-0.0021	0.0042	-2.95047e-16
-0.0021	0.0045	-7.11579e-17
-0.0021	0.0048	-4.1142e-16
-0.0021	0.0051	1.02984e-16
-0.0021	0.0054	-4.67308e-16
-0.0021	0.0057	2.02678e-16
-0.0018	-0.006	-4.98657e-16
-0.0018	-0.0057	2.14734e-16
-0.0018	-0.0054	-5.1498e-16
-0.0018	-0.0051	1.39558e-16
-0.0018	-0.0048	-5.12806e-16
-0.0018	-0.0045	-5.77816e-17
-0.0018	-0.0042	-4.48289e-16
-0.0018	-0.0039	-3.4108e-16
-0.0018	-0.0036	-2.66397e-16
-0.0018	-0.0033	-4.09587e-16
-0.0018	-0.003	2.5792e-16
-0.0018	-0.0027	-1.12295e-16
-0.0018	-0.0024	2.80467e-16
-0.0018	-0.0021	3.43831e-16
-0.0018	-0.0018	-4.46533e-16
-0.0018	-0.0015	7.07758e-17
-0.0018	-0.0012	5.12288e-17
-0.0018	-0.0009	4.65415e-16
-0.0018	-0.0006	-5.26824e-16
-0.0018	-0.0003	-2.15712e-16
-0.0018	0	-3.36754e-16
-0.0018	0.0003	-1.02639e-16
-0.0018	0.0006	-2.82254e-17
-0.0018	0.0009	-1.61423e-16
-0.0018	0.0012	1.0267e-17
-0.0018	0.0015	-1.77969e-16
-0.0018	0.0018	2.81634e-16
-0.0018	0.0021	-2.79002e-17
-0.0018	0.0024	1.21952e-16
-0.0018	0.0027	-4.9406e-17
-0.0018	0.003	2.43271e-16
-0.0018	0.0033	1.30116e-16
-0.0018	0.0036	-2.60807e-17
-0.0018	0.0039	1.16879e-16
-0.0018	0.0042	-2.91907e-16
-0.0018	0.0045	-4.9151e-17
-0.0018	0.0048	-3.41666e-16
-0.0018	0.0051	-1.88639e-16
-0.0018	0.0054	-3.07519e-16
-0.0018	0.0057	-2.66176e-16
-0.0015	-0.006	-2.94119e-16
-0.0015	-0.0057	-2.83569e-16
-0.0015	-0.0054	-3.31355e-16
-0.0015	-0.0051	-2.10845e-16
-0.0015	-0.0048	-4.23137e-16
-0.0015	-0.0045	-8.72327e-17
-0.0015	-0.0042	-4.19342e-16
-0.0015	-0.0039	9.95176e-17
-0.0015	-0.0036	-1.58771e-16
-0.0015	-0.0033	2.62409e-16
-0.0015	-0.003	2.50452e-16
-0.0015	-0.0027	-5.09544e-17
-0.0015	-0.0024	3.38069e-16
-0.0015	-0.0021	-3.74824e-16
-0.0015	-0.0018	-6.94597e-17
-0.0015	-0.0015	1.78923e-16
-0.0015	-0.0012	2.01713e-16
-0.0015	-0.0009	1.38e-13
-0.0015	-0.0006	2.06453e-13
-0.0015	-0.0003	1.22366e-13
-0.0015	0	-3.82901e-14
-0.0015	0.0003	-1.45097e-13
-0.0015	0.0006	-1.1654e-13
-0.0015	0.0009	6.58741e-18
-0.0015	0.0012	-4.36137e-16
-0.0015	0.0015	3.49419e-16
-0.0015	0.0018	3.97763e-17
-0.0015	0.0021	-1.88218e-17
-0.0015	0.0024	-9.83352e-18
-0.0015	0.0027	8.06726e-17
-0.0015	0.003	-1.78151e-16
-0.0015	0.0033	2.95381e-16
-0.0015	0.0036	1.88781e-17
-0.0015	0.0039	1.40972e-16
-0.0015	0.0042	1.07774e-16
-0.0015	0.0045	-2.40748e-17
-0.0015	0.0048	6.85506e-17
-0.0015	0.0051	-1.25172e-16
-0.0015	0.0054	4.74096e-17
-0.0015	0.0057	-1.76022e-16
-0.0012	-0.006	4.12195e-17
-0.0012	-0.0057	-1.91324e-16
-0.0012	-0.0054	4.94751e-17
-0.0012	-0.0051	-1.47987e-16
-0.0012	-0.0048	1.07719e-16
-0.0012	-0.0045	-4.37401e-17
-0.0012	-0.0042	1.11416e-16
-0.0012	-0.0039	1.51834e-16
-0.0012	-0.0036	1.99034e-17
-0.0012	-0.0033	2.98101e-16
-0.0012	-0.003	-1.39119e-16
-0.0012	-0.0027	7.36385e-17
-0.0012	-0.0024	-2.2585e-16
-0.0012	-0.0021	-2.2324e-16
-0.0012	-0.0018	1.5961e-16
-0.0012	-0.0015	3.18109e-16
-0.0012	-0.0012	2.76469e-13
-0.0012	-0.0009	1.15953e-07
-0.0012	-0.0006	1.73089e-07
-0.0012	-0.0003	1.02682e-07
-0.0012	0	-3.21677e-08
-0.0012	0.0003	-1.21357e-07
-0.0012	0.0006	-9.7501e-08
-0.0012	0.0009	-2.33162e-13
-0.0012	0.0012	-1.24935e-16
-0.0012	0.0015	-4.60723e-16
-0.0012	0.0018	4.93961e-16
-0.0012	0.0021	5.84364e-17
-0.0012	0.0024	6.14694e-18
-0.0012	0.0027	-9.75261e-17
-0.0012	0.003	1.39774e-16
-0.0012	0.0033	-7.59154e-17
-0.0012	0.0036	5.41433e-17
-0.0012	0.0039	-2.756e-18
-0.0012	0.0042	5.64659e-17
-0.0012	0.0045	2.09825e-17
-0.0012	0.0048	5.0647e-17
-0.0012	0.0051	4.09004e-17
-0.0012	0.0054	3.58839e-17
-0.0012	0.0057	3.64658e-17
-0.0009	-0.006	3.37161e-17
-0.0009	-0.0057	3.9734e-17
-0.0009	-0.0054	4.4385e-17
-0.0009	-0.0051	3.75231e-17
-0.0009	-0.0048	5.96501e-17
-0.0009	-0.0045	3.40501e-17
-0.0009	-0.0042	4.05379e-17
-0.0009	-0.0039	-7.42595e-17
-0.0009	-0.0036	1.78416e-18
-0.0009	-0.0033	-1.18938e-17
-0.0009	-0.003	-9.45332e-17
-0.0009	-0.0027	-6.74064e-17
-0.0009	-0.0024	1.45407e-16
-0.0009	-0.0021	-4.26592e-17
-0.0009	-0.0018	5.36315e-16
-0.0009	-0.0015	1.37964e-13
-0.0009	-0.0012	1.15953e-07
-0.0009	-0.0009	0.0970763
-0.0009	-0.0006	0.144912
-0.0009	-0.0003	0.0859658
-0.0009	0	-0.0269311
-0.0009	0.0003	-0.101601
-0.0009	0.0006	-0.0816285
-0.0009	0.0009	-9.75011e-08
-0.0009	0.0012	-1.16734e-13
-0.0009	0.0015	1.03498e-16
-0.0009	0.0018	-2.44814e-16
-0.0009	0.0021	8.43472e-17
-0.0009	0.0024	-2.16573e-16
-0.0009	0.0027	4.02959e-16
-0.0009	0.003	-1.19902e-16
-0.0009	0.0033	2.10236e-16
-0.0009	0.0036	7.21009e-18
-0.0009	0.0039	2.02482e-17
-0.0009	0.0042	4.19827e-17
-0.0009	0.0045	-4.96459e-17
-0.0009	0.0048	4.4432e-17
-0.0009	0.0051	-6.93296e-17
-0.0009	0.0054	5.68488e-17
-0.0009	0.0057	-7.95627e-17
-0.0006	-0.006	6.90985e-17
-0.0006	-0.0057	-9.72292e-17
-0.0006	-0.0054	5.62854e-17
-0.0006	-0.0051	-1.09209e-16
-0.0006	-0.0048	5.78312e-17
-0.0006	-0.0045	-9.02284e-17
-0.0006	-0.0042	4.6819e-17
-0.0006	-0.0039	-3.15197e-17
-0.0006	-0.0036	1.22132e-18
-0.0006	-0.0033	1.74195e-16
-0.0006	-0.003	2.5975e-17
-0.0006	-0.0027	4.36126e-16
-0.0006	-0.0024	-3.04138e-16
-0.0006	-0.0021	4.48641e-16
-0.0006	-0.0018	-6.14906e-16
-0.0006	-0.0015	2.45511e-13
-0.0006	-0.0012	2.05971e-07
-0.0006	-0.0009	0.17244
-0.0006	-0.0006	0.249717
-0.0006	-0.0003	0.138745
-0.0006	0	-0.064791
-0.0006	0.0003	-0.194858
-0.0006	0.0006	-0.150484
-0.0006	0.0009	-1.79746e-07
-0.0006	0.0012	-2.14537e-13
-0.0006	0.0015	-1.35692e-16
-0.0006	0.0018	-1.71259e-16
-0.0006	0.0021	-2.8803e-16
-0.0006	0.0024	7.48949e-17
-0.0006	0.0027	-3.38022e-16
-0.0006	0.003	4.0511e-16
-0.0006	0.0033	-1.46973e-16
-0.0006	0.0036	3.27537e-16
-0.0006	0.0039	-3.53341e-17
-0.0006	0.0042	2.4288e-16
-0.0006	0.0045	2.07882e-18
-0.0006	0.0048	1.4832e-16
-0.0006	0.0051	1.49861e-17
-0.0006	0.0054	8.92358e-17
-0.0006	0.0057	3.5745e-17
-0.0003	-0.006	6.38641e-17
-0.0003	-0.0057	5.81032e-17
-0.0003	-0.0054	7.18962e-17
-0.0003	-0.0051	5.15894e-17
-0.0003	-0.0048	1.44292e-16
-0.0003	-0.0045	4.56611e-17
-0.0003	-0.0042	2.7675e-16
-0.0003	-0.0039	-6.15428e-17
-0.0003	-0.0036	4.5037e-16
-0.0003	-0.0033	-1.11484e-16
-0.0003	-0.003	4.40908e-16
-0.0003	-0.0027	-3.91456e-16
-0.0003	-0.0024	1.7428e-16
-0.0003	-0.0021	-4.81716e-16
-0.0003	-0.0018	-2.74175e-16
-0.0003	-0.0015	2.94723e-13
-0.0003	-0.0012	2.47007e-07
-0.0003	-0.0009	0.206796
-0.0003	-0.0006	0.289651
-0.0003	-0.0003	0.14345
-0.0003	0	-0.110446
-0.0003	0.0003	-0.26504
-0.0003	0.0006	-0.196553
-0.0003	0.0009	-2.34773e-07
-0.0003	0.0012	-2.80468e-13
-0.0003	0.0015	1.64833e-16
-0.0003	0.0018	-1.44237e-16
-0.0003	0.0021	-1.55078e-16
-0.0003	0.0024	-3.37938e-16
-0.0003	0.0027	6.97726e-17
-0.0003	0.003	-2.99383e-16
-0.0003	0.0033	1.32056e-16
-0.0003	0.0036	-1.82985e-16
-0.0003	0.0039	2.70943e-16
-0.0003	0.0042	-9.04497e-17
-0.0003	0.0045	3.36939e-16
-0.0003	0.0048	-5.24507e-17
-0.0003	0.0051	3.44859e-16
-0.0003	0.0054	-8.26877e-18
-0.0003	0.0057	3.46211e-16
0	-0.006	1.06465e-17
0	-0.0057	3.48392e-16
0	-0.0054	2.16778e-17
0	-0.0051	3.78041e-16
0	-0.0048	-9.96663e-20
0	-0.0045	3.87996e-16
0	-0.0042	-8.2445e-17
0	-0.0039	3.60662e-16
0	-0.0036	-2.7759e-16
0	-0.0033	2.39097e-16
0	-0.003	-2.84227e-16
0	-0.0027	-1.52322e-16
0	-0.0024	-5.44308e-16
0	-0.0021	-2.7781e-16
0	-0.0018	-4.93879e-16
0	-0.0015	2.80802e-13
0	-0.0012	2.34773e-07
0	-0.0009	0.196553
0	-0.0006	0.26504
0	-0.0003	0.110446
0	0	-0.14345
0	0.0003	-0.289651
0	0.0006	-0.206796
0	0.0009	-2.47007e-07
0	0.0012	-2.94919e-13
0	0.0015	9.08604e-17
0	0.0018	1.22432e-16
0	0.0021	-1.57901e-16
0	0.0024	1.55276e-16
0	0.0027	-3.0904e-16
0	0.003	-3.29365e-17
0	0.0033	-3.40435e-16
0	0.0036	-3.10759e-17
0	0.0039	-2.89937e-16
0	0.0042	8.78843e-17
0	0.0045	-2.33929e-16
0	0.0048	1.74274e-16
0	0.0051	-1.70926e-16
0	0.0054	2.31947e-16
0	0.0057	-1.20956e-16
0.0003	-0.006	2.59124e-16
0.0003	-0.0057	-1.20592e-16
0.0003	-0.0054	2.4295e-16
0.0003	-0.0051	-1.55902e-16
0.0003	-0.0048	1.94982e-16
0.0003	-0.0045	-2.29899e-16
0.0003	-0.0042	1.05026e-16
0.0003	-0.0039	-3.9166e-16
0.0003	-0.0036	-6.70009e-18
0.0003	-0.0033	-4.92698e-16
0.0003	-0.003	-1.42196e-16
0.0003	-0.0027	-4.37205e-16
0.0003	-0.0024	-6.60905e-17
0.0003	-0.0021	-3.05018e-16
0.0003	-0.0018	1.80451e-16
0.0003	-0.0015	2.14633e-13
0.0003	-0.0012	1.79746e-07
0.0003	-0.0009	0.150484
0.0003	-0.0006	0.194858
0.0003	-0.0003	0.064791
0.0003	0	-0.138745
0.0003	0.0003	-0.249717
0.0003	0.0006	-0.17244
0.0003	0.0009	-2.05971e-07
0.0003	0.0012	-2.45924e-13
0.0003	0.0015	9.25665e-17
0.0003	0.0018	8.31539e-17
0.0003	0.0021	2.84771e-16
0.0003	0.0024	2.11377e-17
0.0003	0.0027	1.74431e-16
0.0003	0.003	-1.83211e-16
0.0003	0.0033	8.40278e-18
0.0003	0.0036	-2.86114e-16
0.0003	0.0039	-3.06478e-17
0.0003	0.0042	-3.632e-16
0.0003	0.0045	-3.82022e-17
0.0003	0.0048	-3.85131e-16
0.0003	0.0051	-2.61841e-17
0.0003	0.0054	-3.75526e-16
0.0003	0.0057	8.04541e-18
0.0006	-0.006	-3.65113e-16
0.0006	-0.0057	9.83035e-18
0.0006	-0.0054	-3.8828e-16
0.0006	-0.0051	-3.23382e-17
0.0006	-0.0048	-4.19138e-16
0.0006	-0.0045	-5.52977e-17
0.0006	-0.0042	-4.55413e-16
0.0006	-0.0039	-1.15065e-16
0.0006	-0.0036	-5.19991e-16
0.0006	-0.0033	2.10917e-17
0.0006	-0.003	-2.37623e-16
0.0006	-0.0027	7.10938e-17
0.0006	-0.0024	-1.80865e-16
0.0006	-0.0021	2.8501e-16
0.0006	-0.0018	1.02219e-16
0.0006	-0.0015	1.16617e-13
0.0006	-0.0012	9.75011e-08
0.0006	-0.0009	0.0816285
0.0006	-0.0006	0.101601
0.0006	-0.0003	0.0269311
0.0006	0	-0.0859658
0.0006	0.0003	-0.144912
0.0006	0.0006	-0.0970763
0.0006	0.0009	-1.15953e-07
0.0006	0.0012	-1.38512e-13
0.0006	0.0015	3.96293e-17
0.0006	0.0018	1.12686e-16
0.0006	0.0021	1.93077e-16
0.0006	0.0024	2.60048e-16
0.0006	0.0027	8.59464e-17
0.0006	0.003	1.93637e-16
0.0006	0.0033	1.83453e-17
0.0006	0.0036	1.25891e-16
0.0006	0.0039	-1.21393e-16
0.0006	0.0042	4.19346e-17
0.0006	0.0045	-2.49917e-16
0.0006	0.0048	7.28638e-19
0.0006	0.0051	-3.29464e-16
0.0006	0.0054	-4.24149e-17
0.0006	0.0057	-3.53743e-16
0.0009	-0.006	-5.07223e-17
0.0009	-0.0057	-3.7593e-16
0.0009	-0.0054	-5.30016e-17
0.0009	-0.0051	-3.62886e-16
0.0009	-0.0048	-2.4884e-17
0.0009	-0.0045	-3.01659e-16
0.0009	-0.0042	1.00295e-17
0.0009	-0.0039	-1.83832e-16
0.0009	-0.0036	1.15555e-16
0.0009	-0.0033	-1.87634e-16
0.0009	-0.003	3.1976e-16
0.0009	-0.0027	3.24885e-16
0.0009	-0.0024	1.46689e-16
0.0009	-0.0021	-3.52479e-17
0.0009	-0.0018	1.26683e-16
0.0009	-0.0015	-8.46182e-17
0.0009	-0.0012	2.32889e-13
0.0009	-0.0009	9.7501e-08
0.0009	-0.0006	1.21357e-07
0.0009	-0.0003	3.21677e-08
0.0009	0	-1.02682e-07
0.0009	0.0003	-1.73089e-07
0.0009	0.0006	-1.15953e-07
0.0009	0.0009	-2.76992e-13
0.0009	0.0012	1.27553e-16
0.0009	0.0015	-1.38067e-17
0.0009	0.0018	1.85929e-16
0.0009	0.0021	1.13867e-16
0.0009	0.0024	4.23248e-17
0.0009	0.0027	1.52655e-16
0.0009	0.003	1.29686e-16
0.0009	0.0033	2.09053e-16
0.0009	0.0036	1.06312e-16
0.0009	0.0039	2.18546e-16
0.0009	0.0042	5.8183e-17
0.0009	0.0045	1.87262e-16
0.0009	0.0048	-1.09497e-17
0.0009	0.0051	1.48736e-16
0.0009	0.0054	-8.79936e-17
0.0009	0.0057	1.39803e-16
0.0012	-0.006	-9.40433e-17
0.0012	-0.0057	1.44399e-16
0.0012	-0.0054	-1.08014e-16
0.0012	-0.0051	1.40036e-16
0.0012	-0.0048	-6.40103e-17
0.0012	-0.0045	2.0001e-16
0.0012	-0.0042	2.3189e-17
0.0012	-0.0039	2.40223e-16
0.0012	-0.0036	8.57563e-17
0.0012	-0.0033	2.92445e-16
0.0012	-0.003	-8.19542e-17
0.0012	-0.0027	3.35412e-16
0.0012	-0.0024	3.80469e-16
0.0012	-0.0021	-6.72072e-17
0.0012	-0.0018	-3.72688e-17
0.0012	-0.0015	-1.25772e-16
0.0012	-0.0012	-1.27913e-17
0.0012	-0.0009	1.16421e-13
0.0012	-0.0006	1.45065e-13
0.0012	-0.0003	3.84704e-14
0.0012	0	-1.22643e-13
0.0012	0.0003	-2.06749e-13
0.0012	0.0006	-1.38417e-13
0.0012	0.0009	1.62681e-16
0.0012	0.0012	8.00752e-17
0.0012	0.0015	2.66204e-16
0.0012	0.0018	7.52364e-17
0.0012	0.0021	8.81588e-17
0.0012	0.0024	2.5789e-18
0.0012	0.0027	1.42237e-16
0.0012	0.003	6.42196e-17
0.0012	0.0033	1.2391e-16
0.0012	0.0036	1.36467e-16
0.0012	0.0039	1.06077e-16
0.0012	0.0042	1.97144e-16
0.0012	0.0045	7.60209e-17
0.0012	0.0048	2.13654e-16
0.0012	0.0051	4.85677e-17
0.0012	0.0054	2.31666e-16
0.0012	0.0057	4.36238e-17
0.0015	-0.006	2.39432e-16
0.0015	-0.0057	4.1303e-17
0.0015	-0.0054	2.22071e-16
0.0015	-0.0051	3.85039e-17
0.0015	-0.0048	2.24829e-16
0.0015	-0.0045	5.88226e-17
0.0015	-0.0042	2.0577e-16
0.0015	-0.0039	9.95473e-17
0.0015	-0.0036	1.67266e-16
0.0015	-0.0033	7.01468e-17
0.0015	-0.003	9.56871e-17
0.0015	-0.0027	-1.09185e-16
0.0015	-0.0024	1.21961e-16
0.0015	-0.0021	4.13841e-16
0.0015	-0.0018	-8.08161e-17
0.0015	-0.0015	3.62991e-16
0.0015	-0.0012	3.59036e-18
0.0015	-0.0009	2.53415e-16
0.0015	-0.0006	1.15492e-16
0.0015	-0.0003	-2.72435e-18
0.0015	0	1.89802e-17
0.0015	0.0003	-2.42172e-19
0.0015	0.0006	-5.24339e-17
0.0015	0.0009	1.28849e-16
0.0015	0.0012	6.61415e-17
0.0015	0.0015	1.53349e-16
0.0015	0.0018	1.18413e-16
0.0015	0.0021	7.58072e-17
0.0015	0.0024	2.51823e-16
0.0015	0.0027	1.4231e-17
0.0015	0.003	2.48322e-16
0.0015	0.0033	7.52803e-18
0.0015	0.0036	2.02905e-16
0.0015	0.0039	4.22847e-17
0.0015	0.0042	1.56215e-16
0.0015	0.0045	8.49461e-17
0.0015	0.0048	1.19099e-16
0.0015	0.0051	1.21382e-16
0.0015	0.0054	7.35672e-17
0.0015	0.0057	1.36488e-16
0.0018	-0.006	7.49565e-17
0.0018	-0.0057	1.29693e-16
0.0018	-0.0054	6.91519e-17
0.0018	-0.0051	1.2508e-16
0.0018	-0.0048	8.86459e-17
0.0018	-0.0045	8.79405e-17
0.0018	-0.0042	1.33519e-16
0.0018	-0.0039	4.18657e-17
0.0018	-0.0036	2.00911e-16
0.0018	-0.0033	-1.22788e-17
0.0018	-0.003	2.40499e-16
0.0018	-0.0027	-1.2445e-17
0.0018	-0.0024	1.0782e-16
0.0018	-0.0021	1.61305e-16
0.0018	-0.0018	3.34083e-16
0.0018	-0.0015	1.90847e-16
0.0018	-0.0012	1.88037e-16
0.0018	-0.0009	1.66538e-16
0.0018	-0.0006	-5.09628e-17
0.0018	-0.0003	8.08354e-17
0.0018	0	-6.5481e-17
0.0018	0.0003	-9.64731e-18
0.0018	0.0006	2.3466e-17
0.0018	0.0009	-5.47331e-17
0.0018	0.0012	6.41782e-17
0.0018	0.0015	-3.14868e-17
0.0018	0.0018	1.09493e-16
0.0018	0.0021	1.44482e-16
0.0018	0.0024	1.03239e-16
0.0018	0.0027	2.67825e-16
0.0018	0.003	7.31728e-17
0.0018	0.0033	3.09116e-16
0.0018	0.0036	4.07185e-17
0.0018	0.0039	2.92336e-16
0.0018	0.0042	2.29312e-17
0.0018	0.0045	2.7372e-16
0.0018	0.0048	2.13789e-17
0.0018	0.0051	2.49499e-16
0.0018	0.0054	3.01043e-17
0.0018	0.0057	2.25056e-16
0.0021	-0.006	3.31822e-17
0.0021	-0.0057	2.31703e-16
0.0021	-0.0054	2.8402e-17
0.0021	-0.0051	2.43915e-16
0.0021	-0.0048	2.17533e-17
0.0021	-0.0045	2.95302e-16
0.0021	-0.0042	1.37534e-17
0.0021	-0.0039	3.13959e-16
0.0021	-0.0036	2.57688e-17
0.0021	-0.0033	3.71141e-16
0.0021	-0.003	6.1041e-17
0.0021	-0.0027	2.9407e-16
0.0021	-0.0024	1.43424e-16
0.0021	-0.0021	4.32032e-17
0.0021	-0.0018	2.23675e-16
0.0021	-0.0015	-7.37139e-17
0.0021	-0.0012	1.46097e-16
0.0021	-0.0009	-1.32358e-16
0.0021	-0.0006	-3.09861e-18
0.0021	-0.0003	-9.24904e-18
0.0021	0	1.93455e-17
0.0021	0.0003	4.28433e-17
0.0021	0.0006	8.94916e-17
0.0021	0.0009	-5.72973e-17
0.0021	0.0012	2.57786e-17
0.0021	0.0015	-2.05622e-17
0.0021	0.0018	2.90349e-17
0.0021	0.0021	5.70697e-17
0.0021	0.0024	8.39282e-17
0.0021	0.0027	1.06398e-16
0.0021	0.003	1.68114e-16
0.0021	0.0033	1.26679e-16
0.0021	0.0036	2.43858e-16
0.0021	0.0039	1.03924e-16
0.0021	0.0042	3.00532e-16
0.0021	0.0045	7.67159e-17
0.0021	0.0048	3.10772e-16
0.0021	0.0051	7.00663e-17
0.0021	0.0054	3.36948e-16
0.0021	0.0057	6.19106e-17
0.0024	-0.006	3.431e-16
0.0024	-0.0057	6.7519e-17
0.0024	-0.0054	3.3648e-16
0.0024	-0.0051	6.85222e-17
0.0024	-0.0048	3.40811e-16
0.0024	-0.0045	7.5666e-17
0.0024	-0.0042	3.14631e-16
0.0024	-0.0039	1.13068e-16
0.0024	-0.0036	2.83991e-16
0.0024	-0.0033	1.50328e-16
0.0024	-0.003	2.19e-16
0.0024	-0.0027	1.51218e-16
0.0024	-0.0024	7.16264e-17
0.0024	-0.0021	1.09343e-16
0.0024	-0.0018	-9.26831e-17
0.0024	-0.0015	2.31029e-17
0.0024	-0.0012	-6.28646e-17
0.0024	-0.0009	-7.21896e-17
0.0024	-0.0006	7.57984e-17
0.0024	-0.0003	-5.87333e-17
0.0024	0	1.18945e-16
0.0024	0.0003	8.4241e-17
0.0024	0.0006	-1.95926e-17
0.0024	0.0009	1.41025e-16
0.0024	0.0012	-7.76628e-17
0.0024	0.0015	1.21317e-16
0.0024	0.0018	-5.89233e-17
0.0024	0.0021	7.68567e-17
0.0024	0.0024	-1.47628e-18
0.0024	0.0027	5.77853e-17
0.0024	0.003	5.8069e-17
0.0024	0.0033	8.64436e-17
0.0024	0.0036	9.69814e-17
0.0024	0.0039	1.34938e-16
0.0024	0.0042	1.26314e-16
0.0024	0.0045	1.81823e-16
0.0024	0.0048	1.28806e-16
0.0024	0.0051	2.20881e-16
0.0024	0.0054	1.30108e-16
0.0024	0.0057	2.41288e-16
0.0027	-0.006	1.22077e-16
0.0027	-0.0057	2.41285e-16
0.0027	-0.0054	1.28527e-16
0.0027	-0.0051	2.309e-16
0.0027	-0.0048	1.47415e-16
0.0027	-0.0045	2.05252e-16
0.0027	-0.0042	1.5052e-16
0.0027	-0.0039	1.48592e-16
0.0027	-0.0036	1.32715e-16
0.0027	-0.0033	8.33383e-17
0.0027	-0.003	9.74824e-17
0.0027	-0.0027	4.96493e-17
0.0027	-0.0024	1.46774e-17
0.0027	-0.0021	4.69671e-17
0.0027	-0.0018	-6.80132e-17
0.0027	-0.0015	9.5031e-17
0.0027	-0.0012	-9.88901e-17
0.0027	-0.0009	1.61389e-16
0.0027	-0.0006	-5.70276e-17
0.0027	-0.0003	1.26478e-16
0.0027	0	1.13737e-17
0.0027	0.0003	2.14808e-17
0.0027	0.0006	7.53563e-17
0.0027	0.0009	-2.22086e-17
0.0027	0.0012	1.3925e-16
0.0027	0.0015	-5.42924e-17
0.0027	0.0018	1.59298e-16
0.0027	0.0021	-7.06413e-17
0.0027	0.0024	1.24758e-16
0.0027	0.0027	-4.91208e-17
0.0027	0.003	9.21965e-17
0.0027	0.0033	-7.69518e-18
0.0027	0.0036	7.83346e-17
0.0027	0.0039	3.75973e-17
0.0027	0.0042	8.64937e-17
0.0027	0.0045	7.20708e-17
0.0027	0.0048	1.01335e-16
0.0027	0.0051	8.70143e-17
0.0027	0.0054	1.11277e-16
0.0027	0.0057	1.03168e-16
0.003	-0.006	1.16164e-16
0.003	-0.0057	1.08879e-16
0.003	-0.0054	1.10851e-16
0.003	-0.0051	9.4676e-17
0.003	-0.0048	9.29958e-17
0.003	-0.0045	8.31821e-17
0.003	-0.0042	8.36429e-17
0.003	-0.0039	5.44998e-17
0.003	-0.0036	6.9184e-17
0.003	-0.0033	6.5722e-18
0.003	-0.003	8.25512e-17
0.003	-0.0027	-4.94045e-17
0.003	-0.0024	1.35884e-16
0.003	-0.0021	-8.75187e-17
0.003	-0.0018	1.87859e-16
0.003	-0.0015	-8.26458e-17
0.003	-0.0012	1.8753e-16
0.003	-0.0009	-3.46067e-17
0.003	-0.0006	1.06092e-16
0.003	-0.0003	3.83662e-18
0.003	0	1.58968e-17
0.003	0.0003	8.73308e-18
0.003	0.0006	8.84665e-19
0.003	0.0009	4.85922e-17
0.003	0.0012	-7.63367e-18
0.003	0.0015	1.10042e-16
0.003	0.0018	-3.67906e-17
0.003	0.0021	1.52012e-16
0.003	0.0024	-5.9014e-17
0.003	0.0027	1.58493e-16
0.003	0.003	-6.48144e-17
0.003	0.0033	1.44232e-16
0.003	0.0036	-5.14167e-17
0.003	0.0039	1.26986e-16
0.003	0.0042	-2.99342e-17
0.003	0.0045	1.10158e-16
0.003	0.0048	-7.6701e-18
0.003	0.0051	1.05657e-16
0.003	0.0054	2.23492e-18
0.003	0.0057	1.01334e-16
0.0033	-0.006	1.23758e-17
0.0033	-0.0057	9.83086e-17
0.0033	-0.0054	9.03186e-18
0.0033	-0.0051	1.01565e-16
0.0033	-0.0048	-4.34453e-18
0.0033	-0.0045	1.11254e-16
0.0033	-0.0042	-2.7385e-17
0.0033	-0.0039	1.27316e-16
0.0033	-0.0036	-5.59054e-17
0.0033	-0.0033	1.5459e-16
0.0033	-0.003	-7.48265e-17
0.0033	-0.0027	1.84728e-16
0.0033	-0.0024	-7.71985e-17
0.0033	-0.0021	1.9063e-16
0.0033	-0.0018	-5.26693e-17
0.0033	-0.0015	1.52454e-16
0.0033	-0.0012	-1.40684e-17
0.0033	-0.0009	7.28784e-17
0.0033	-0.0006	5.79879e-18
0.0033	-0.0003	8.4866e-18
0.0033	0	1.67245e-18
0.0033	0.0003	-1.69545e-18
0.0033	0.0006	2.26125e-18
0.0033	0.0009	3.39763e-18
0.0033	0.0012	2.93936e-17
0.0033	0.0015	-2.48217e-18
0.0033	0.0018	7.59808e-17
0.0033	0.0021	-2.05664e-17
0.0033	0.0024	1.23388e-16
0.0033	0.0027	-3.89931e-17
0.0033	0.003	1.55637e-16
0.0033	0.0033	-5.4404e-17
0.0033	0.0036	1.64808e-16
0.0033	0.0039	-6.40484e-17
0.0033	0.0042	1.63784e-16
0.0033	0.0045	-6.18128e-17
0.0033	0.0048	1.59039e-16
0.0033	0.0051	-5.58912e-17
0.0033	0.0054	1.58709e-16
0.0033	0.0057	-5.55829e-17
0.0036	-0.006	1.55001e-16
0.0036	-0.0057	-5.32997e-17
0.0036	-0.0054	1.60878e-16
0.0036	-0.0051	-5.76849e-17
0.0036	-0.0048	1.6714e-16
0.0036	-0.0045	-6.42857e-17
0.0036	-0.0042	1.75688e-16
0.0036	-0.0039	-6.80843e-17
0.0036	-0.0036	1.87342e-16
0.0036	-0.0033	-6.66843e-17
0.0036	-0.003	1.80982e-16
0.0036	-0.0027	-5.24749e-17
0.0036	-0.0024	1.55462e-16
0.0036	-0.0021	-2.66554e-17
0.0036	-0.0018	1.04047e-16
0.0036	-0.0015	-3.92899e-18
0.0036	-0.0012	4.36094e-17
0.0036	-0.0009	3.9755e-18
0.0036	-0.0006	4.82992e-18
0.0036	-0.0003	1.22751e-18
0.0036	0	-1.33313e-18
0.0036	0.0003	-6.62162e-19
0.0036	0.0006	6.91716e-19
0.0036	0.0009	1.90477e-18
0.0036	0.0012	1.16826e-18
0.0036	0.0015	1.63771e-17
0.0036	0.0018	-2.82778e-19
0.0036	0.0021	4.68984e-17
0.0036	0.0024	-8.73633e-18
0.0036	0.0027	8.57605e-17
0.0036	0.003	-2.01348e-17
0.0036	0.0033	1.21182e-16
0.0036	0.0036	-3.34862e-17
0.0036	0.0039	1.45157e-16
0.0036	0.0042	-4.33093e-17
0.0036	0.0045	1.57673e-16
0.0036	0.0048	-5.1181e-17
0.0036	0.0051	1.69492e-16
0.0036	0.0054	-5.55499e-17
0.0036	0.0057	1.73325e-16
0.0039	-0.006	-5.59288e-17
0.0039	-0.0057	1.76493e-16
0.0039	-0.0054	-5.7651e-17
0.0039	-0.0051	1.77972e-16
0.0039	-0.0048	-5.58817e-17
0.0039	-0.0045	1.74635e-16
0.0039	-0.0042	-4.8984e-17
0.0039	-0.0039	1.63591e-16
0.0039	-0.0036	-4.20185e-17
0.0039	-0.0033	1.40382e-16
0.0039	-0.003	-2.73724e-17
0.0039	-0.0027	1.07418e-16
0.0039	-0.0024	-1.20823e-17
0.0039	-0.0021	6.26585e-17
0.0039	-0.0018	-3.15063e-19
0.0039	-0.0015	2.3265e-17
0.0039	-0.0012	2.10741e-18
0.0039	-0.0009	2.66746e-18
0.0039	-0.0006	-1.73631e-19
0.0039	-0.0003	5.68606e-20
0.0039	0	-3.84066e-19
0.0039	0.0003	4.05531e-19
0.0039	0.0006	3.3975e-19
0.0039	0.0009	-4.50956e-19
0.0039	0.0012	1.29982e-18
0.0039	0.0015	3.06263e-19
0.0039	0.0018	8.45718e-18
0.0039	0.0021	1.27371e-19
0.0039	0.0024	2.57215e-17
0.0039	0.0027	-2.74814e-18
0.0039	0.003	4.99138e-17
0.0039	0.0033	-8.95411e-18
0.0039	0.0036	7.63953e-17
0.0039	0.0039	-1.65823e-17
0.0039	0.0042	1.01655e-16
0.0039	0.0045	-2.43445e-17
0.0039	0.0048	1.19224e-16
0.0039	0.0051	-3.03482e-17
0.0039	0.0054	1.3009e-16
0.0039	0.0057	-3.30662e-17
0.0042	-0.006	1.36325e-16
0.0042	-0.0057	-3.563e-17
0.0042	-0.0054	1.36638e-16
0.0042	-0.0051	-3.3072e-17
0.0042	-0.0048	1.26957e-16
0.0042	-0.0045	-2.80934e-17
0.0042	-0.0042	1.12907e-16
0.0042	-0.0039	-2.01529e-17
0.0042	-0.0036	9.04994e-17
0.0042	-0.0033	-1.05132e-17
0.0042	-0.003	6.19895e-17
0.0042	-0.0027	-3.91121e-18
0.0042	-0.0024	3.32314e-17
0.0042	-0.0021	1.97781e-19
0.0042	-0.0018	1.16242e-17
0.0042	-0.0015	5.04279e-19
0.0042	-0.0012	1.76143e-18
0.0042	-0.0009	-5.48532e-19
0.0042	-0.0006	5.28123e-19
0.0042	-0.0003	-5.54348e-19
0.0042	0	5.06778e-19
0.0042	0.0003	1.38555e-19
0.0042	0.0006	-2.55107e-19
0.0042	0.0009	4.03144e-19
0.0042	0.0012	-4.37764e-19
0.0042	0.0015	9.31417e-19
0.0042	0.0018	-2.20835e-19
0.0042	0.0021	4.18134e-18
0.0042	0.0024	-4.16679e-20
0.0042	0.0027	1.25401e-17
0.0042	0.003	-5.33322e-19
0.0042	0.0033	2.6173e-17
0.0042	0.0036	-3.19661e-18
0.0042	0.0039	4.20122e-17
0.0042	0.0042	-6.35306e-18
0.0042	0.0045	5.72305e-17
0.0042	0.0048	-9.90015e-18
0.0042	0.0051	6.93503e-17
0.0042	0.0054	-1.23026e-17
0.0042	0.0057	7.55324e-17
0.0045	-0.006	-1.28896e-17
0.0045	-0.0057	7.83929e-17
0.0045	-0.0054	-1.22714e-17
0.0045	-0.0051	7.3682e-17
0.0045	-0.0048	-1.02428e-17
0.0045	-0.0045	6.35686e-17
0.0045	-0.0042	-7.19111e-18
0.0045	-0.0039	4.7972e-17
0.0045	-0.0036	-3.73172e-18
0.0045	-0.0033	3.16505e-17
0.0045	-0.003	-1.30472e-18
0.0045	-0.0027	1.61026e-17
0.0045	-0.0024	1.60095e-19
0.0045	-0.0021	5.52165e-18
0.0045	-0.0018	-1.69517e-19
0.0045	-0.0015	1.23838e-18
0.0045	-0.0012	-5.53956e-19
0.0045	-0.0009	5.56685e-19
0.0045	-0.0006	-3.79256e-19
0.0045	-0.0003	3.37655e-19
0.0045	0	-7.60531e-20
0.0045	0.0003	-2.95085e-20
0.0045	0.0006	1.0537e-19
0.0045	0.0009	-1.72414e-19
0.0045	0.0012	3.07587e-19
0.0045	0.0015	-3.22136e-19
0.0045	0.0018	6.34197e-19
0.0045	0.0021	-3.41747e-19
0.0045	0.0024	2.06546e-18
0.0045	0.0027	-2.08629e-19
0.0045	0.003	5.80031e-18
0.0045	0.0033	-3.99116e-19
0.0045	0.0036	1.1974e-17
0.0045	0.0039	-8.99802e-19
0.0045	0.0042	1.97784e-17
0.0045	0.0045	-2.08081e-18
0.0045	0.0048	2.71869e-17
0.0045	0.0051	-3.19793e-18
0.0045	0.0054	3.26519e-17
0.0045	0.0057	-4.0292e-18
0.0048	-0.006	3.49992e-17
0.0048	-0.0057	-3.59146e-18
0.0048	-0.0054	3.36611e-17
0.0048	-0.0051	-3.46129e-18
0.0048	-0.0048	2.95216e-17
0.0048	-0.0045	-2.37388e-18
0.0048	-0.0042	2.20624e-17
0.0048	-0.0039	-1.33836e-18
0.0048	-0.0036	1.40622e-17
0.0048	-0.0033	-4.84563e-19
0.0048	-0.003	7.0553e-18
0.0048	-0.0027	-2.30338e-19
0.0048	-0.0024	2.63224e-18
0.0048	-0.0021	-3.97984e-19
0.0048	-0.0018	8.38776e-19
0.0048	-0.0015	-4.35166e-19
0.0048	-0.0012	4.21985e-19
0.0048	-0.0009	-2.36721e-19
0.0048	-0.0006	1.86299e-19
0.0048	-0.0003	-5.31594e-20
0.0048	0	-9.62686e-22
0.0048	0.0003	-1.14379e-20
0.0048	0.0006	-2.39548e-20
0.0048	0.0009	6.35788e-20
0.0048	0.0012	-9.49667e-20
0.0048	0.0015	1.8999e-19
0.0048	0.0018	-2.20273e-19
0.0048	0.0021	4.07511e-19
0.0048	0.0024	-2.9979e-19
0.0048	0.0027	1.03658e-18
0.0048	0.003	-3.00581e-19
0.0048	0.0033	2.49904e-18
0.0048	0.0036	-3.22434e-19
0.0048	0.0039	4.97868e-18
0.0048	0.0042	-5.28796e-19
0.0048	0.0045	7.94879e-18
0.0048	0.0048	-7.03669e-19
0.0048	0.0051	1.08871e-17
0.0048	0.0054	-9.5926e-19
0.0048	0.0057	1.26708e-17
0.0051	-0.006	-1.10899e-18
0.0051	-0.0057	1.2993e-17
0.0051	-0.0054	-1.05513e-18
0.0051	-0.0051	1.15631e-17
0.0051	-0.0048	-7.12981e-19
0.0051	-0.0045	8.85101e-18
0.0051	-0.0042	-5.68814e-19
0.0051	-0.0039	5.77877e-18
0.0051	-0.0036	-3.39545e-19
0.0051	-0.0033	3.05074e-18
0.0051	-0.003	-3.58561e-19
0.0051	-0.0027	1.27156e-18
0.0051	-0.0024	-3.73242e-19
0.0051	-0.0021	5.13938e-19
0.0051	-0.0018	-2.86594e-19
0.0051	-0.0015	2.55983e-19
0.0051	-0.0012	-1.37769e-19
0.0051	-0.0009	9.51167e-20
0.0051	-0.0006	-3.41836e-20
0.0051	-0.0003	5.42106e-21
0.0051	0	-6.93958e-21
0.0051	0.0003	-2.59047e-22
0.0051	0.0006	1.92798e-21
0.0051	0.0009	-1.34335e-20
0.0051	0.0012	3.90826e-20
0.0051	0.0015	-5.42156e-20
0.0051	0.0018	1.04523e-19
0.0051	0.0021	-1.31908e-19
0.0051	0.0024	2.33931e-19
0.0051	0.0027	-2.08521e-19
0.0051	0.003	4.98178e-19
0.0051	0.0033	-2.59039e-19
0.0051	0.0036	1.07846e-18
0.0051	0.0039	-3.25746e-19
0.0051	0.0042	1.95944e-18
0.0051	0.0045	-3.55091e-19
0.0051	0.0048	2.98411e-18
0.0051	0.0051	-4.31189e-19
0.0051	0.0054	3.8647e-18
0.0051	0.0057	-4.89637e-19
0.0054	-0.006	4.2038e-18
0.0054	-0.0057	-4.76935e-19
0.0054	-0.0054	3.93684e-18
0.0054	-0.0051	-4.1047e-19
0.0054	-0.0048	3.15206e-18
0.0054	-0.0045	-3.92836e-19
0.0054	-0.0042	2.1905e-18
0.0054	-0.0039	-3.31033e-19
0.0054	-0.0036	1.24281e-18
0.0054	-0.0033	-3.07881e-19
0.0054	-0.003	6.06305e-19
0.0054	-0.0027	-2.51819e-19
0.0054	-0.0024	2.90112e-19
0.0054	-0.0021	-1.65277e-19
0.0054	-0.0018	1.3641e-19
0.0054	-0.0015	-7.36356e-20
0.0054	-0.0012	4.47889e-20
0.0054	-0.0009	-2.28937e-20
0.0054	-0.0006	4.23472e-21
0.0054	-0.0003	-4.16457e-21
0.0054	0	2.58871e-21
0.0054	0.0003	1.5018e-21
0.0054	0.0006	-3.75812e-22
0.0054	0.0009	1.22906e-21
0.0054	0.0012	-6.69082e-21
0.0054	0.0015	1.67801e-20
0.0054	0.0018	-2.70992e-20
0.0054	0.0021	4.92686e-20
0.0054	0.0024	-6.74816e-20
0.0054	0.0027	1.17437e-19
0.0054	0.003	-1.1941e-19
0.0054	0.0033	2.39384e-19
0.0054	0.0036	-1.76787e-19
0.0054	0.0039	4.49748e-19
0.0054	0.0042	-2.21916e-19
0.0054	0.0045	7.4802e-19
0.0054	0.0048	-2.4713e-19
0.0054	0.0051	1.01744e-18
0.0054	0.0054	-2.78155e-19
0.0054	0.0057	1.1934e-18
0.0057	-0.006	-2.32822e-19
0.0057	-0.0057	1.15424e-18
0.0057	-0.0054	-2.22128e-19
0.0057	-0.0051	1.00179e-18
0.0057	-0.0048	-2.08071e-19
0.0057	-0.0045	7.25044e-19
0.0057	-0.0042	-1.89396e-19
0.0057	-0.0039	4.63032e-19
0.0057	-0.0036	-1.68581e-19
0.0057	-0.0033	2.59967e-19
0.0057	-0.003	-1.26907e-19
0.0057	-0.0027	1.34445e-19
0.0057	-0.0024	-8.03905e-20
0.0057	-0.0021	6.33295e-20
0.0057	-0.0018	-3.44787e-20
0.0057	-0.0015	1.88627e-20
0.0057	-0.0012	-1.04586e-20
0.0057	-0.0009	1.49649e-21
0.0057	-0.0006	-2.65638e-21
0.0057	-0.0003	1.50726e-21
0.0057	0	7.26842e-22
0.0057	0.0003	7.99511e-22
0.0057	0.0006	8.57673e-22
0.0057	0.0009	-3.46243e-22
0.0057	0.0012	1.149e-21
0.0057	0.0015	-4.35976e-21
0.0057	0.0018	7.2984e-21
0.0057	0.0021	-1.29206e-20
0.0057	0.0024	2.10448e-20
0.0057	0.0027	-3.05094e-20
0.0057	0.003	5.16378e-20
0.0057	0.0033	-5.45005e-20
0.0057	0.0036	9.86225e-20
0.0057	0.0039	-8.13144e-20
0.0057	0.0042	1.62844e-19
0.0057	0.0045	-1.06492e-19
0.0057	0.0048	2.44419e-19
0.0057	0.0051	-1.20915e-19
0.0057	0.0054	2.98319e-19
0.0057	0.0057	-9.07033e-20
