-0.006	-0.006	-2.01344e-16
-0.006	-0.0057	-6.01579e-16
-0.006	-0.0054	-1.80384e-16
-0.006	-0.0051	-2.6886e-17
-0.006	-0.0048	-2.6202e-16
-0.006	-0.0045	6.06817e-16
-0.006	-0.0042	5.73311e-17
-0.006	-0.0039	-2.38018e-15
-0.006	-0.0036	4.54373e-17
-0.006	-0.0033	2.59192e-16
-0.006	-0.003	3.20321e-16
-0.006	-0.0027	3.92279e-16
-0.006	-0.0024	2.8095e-17
-0.006	-0.0021	-4.14625e-16
-0.006	-0.0018	-1.60923e-16
-0.006	-0.0015	3.81005e-16
-0.006	-0.0012	4.96366e-17
-0.006	-0.0009	-1.93156e-16
-0.006	-0.0006	-1.68404e-16
-0.006	-0.0003	2.0633e-16
-0.006	0	-1.98216e-17
-0.006	0.0003	-1.56989e-16
-0.006	0.0006	-5.44192e-17
-0.006	0.0009	-8.31108e-17
-0.006	0.0012	-5.32688e-17
-0.006	0.0015	6.634e-17
-0.006	0.0018	-8.89199e-17
-0.006	0.0021	-1.16342e-16
-0.006	0.0024	9.14605e-17
-0.006	0.0027	-3.97326e-17
-0.006	0.003	-3.75777e-18
-0.006	0.0033	1.10708e-16
-0.006	0.0036	-4.16625e-17
-0.006	0.0039	1.34954e-16
-0.006	0.0042	1.08244e-17
-0.006	0.0045	-2.11341e-17
-0.006	0.0048	-3.49488e-17
-0.006	0.0051	-1.37826e-15
-0.006	0.0054	-3.88293e-16
-0.006	0.0057	6.98129e-16
-0.0057	-0.006	-8.3194e-16
-0.0057	-0.0057	-1.71203e-16
-0.0057	-0.0054	-1.02261e-15
-0.0057	-0.0051	4.16164e-16
-0.0057	-0.0048	5.2222e-16
-0.0057	-0.0045	1.03124e-16
-0.0057	-0.0042	1.75147e-16
-0.0057	-0.0039	-1.75847e-15
-0.0057	-0.0036	-6.74963e-17
-0.0057	-0.0033	1.49796e-15
-0.0057	-0.003	-1.90434e-16
-0.0057	-0.0027	-6.41699e-16
-0.0057	-0.0024	-6.3461e-17
-0.0057	-0.0021	5.89781e-16
-0.0057	-0.0018	4.0636e-17
-0.0057	-0.0015	-6.85474e-17
-0.0057	-0.0012	-3.54109e-17
-0.0057	-0.0009	6.775e-16
-0.0057	-0.0006	2.58497e-17
-0.0057	-0.0003	-2.7279e-16
-0.0057	0	-1.97542e-17
-0.0057	0.0003	-7.55783e-16
-0.0057	0.0006	5.63932e-18
-0.0057	0.0009	-2.23277e-16
-0.0057	0.0012	3.92794e-18
-0.0057	0.0015	1.69232e-15
-0.0057	0.0018	-6.07904e-17
-0.0057	0.0021	9.85603e-16
-0.0057	0.0024	-6.35482e-17
-0.0057	0.0027	-1.21081e-15
-0.0057	0.003	2.03676e-17
-0.0057	0.0033	3.77619e-16
-0.0057	0.0036	2.63533e-17
-0.0057	0.0039	1.54805e-15
-0.0057	0.0042	2.06705e-17
-0.0057	0.0045	-2.3039e-15
-0.0057	0.0048	6.4502e-17
-0.0057	0.0051	-3.98632e-15
-0.0057	0.0054	-1.65728e-16
-0.0057	0.0057	-6.54457e-16
-0.0054	-0.006	-4.71875e-16
-0.0054	-0.0057	-9.92506e-17
-0.0054	-0.0054	-4.12212e-16
-0.0054	-0.0051	2.07318e-15
-0.0054	-0.0048	2.36402e-16
-0.0054	-0.0045	8.82001e-15
-0.0054	-0.0042	3.75556e-16
-0.0054	-0.0039	4.76185e-16
-0.0054	-0.0036	-1.07513e-15
-0.0054	-0.0033	-8.33089e-17
-0.0054	-0.003	-4.88091e-17
-0.0054	-0.0027	-1.67347e-16
-0.0054	-0.0024	9.13579e-17
-0.0054	-0.0021	-3.50101e-17
-0.0054	-0.0018	5.3399e-16
-0.0054	-0.0015	-7.17945e-17
-0.0054	-0.0012	2.02139e-15
-0.0054	-0.0009	-1.03044e-16
-0.0054	-0.0006	-1.01038e-15
-0.0054	-0.0003	4.65595e-18
-0.0054	0	-2.44475e-15
-0.0054	0.0003	5.73602e-18
-0.0054	0.0006	-6.70995e-17
-0.0054	0.0009	5.61068e-17
-0.0054	0.0012	2.12934e-17
-0.0054	0.0015	1.16058e-16
-0.0054	0.0018	2.00246e-17
-0.0054	0.0021	-1.73299e-17
-0.0054	0.0024	7.12907e-17
-0.0054	0.0027	-8.67897e-17
-0.0054	0.003	-3.69478e-17
-0.0054	0.0033	8.46672e-17
-0.0054	0.0036	-5.66773e-17
-0.0054	0.0039	8.52139e-17
-0.0054	0.0042	1.65186e-16
-0.0054	0.0045	3.66809e-18
-0.0054	0.0048	-4.55761e-16
-0.0054	0.0051	1.05756e-16
-0.0054	0.0054	7.08902e-16
-0.0054	0.0057	-1.70472e-16
-0.0051	-0.006	8.9409e-16
-0.0051	-0.0057	-2.32901e-16
-0.0051	-0.0054	1.34767e-15
-0.0051	-0.0051	2.80763e-16
-0.0051	-0.0048	-1.38499e-15
-0.0051	-0.0045	-1.1617e-16
-0.0051	-0.0042	5.67751e-16
-0.0051	-0.0039	1.28047e-16
-0.0051	-0.0036	-6.41527e-17
-0.0051	-0.0033	2.96816e-16
-0.0051	-0.003	-1.47187e-16
-0.0051	-0.0027	-1.43995e-17
-0.0051	-0.0024	-5.90645e-17
-0.0051	-0.0021	9.31379e-17
-0.0051	-0.0018	6.21653e-17
-0.0051	-0.0015	-8.91096e-17
-0.0051	-0.0012	-1.10308e-16
-0.0051	-0.0009	2.26345e-17
-0.0051	-0.0006	-3.8949e-17
-0.0051	-0.0003	6.10282e-17
-0.0051	0	-1.55113e-17
-0.0051	0.0003	3.1559e-17
-0.0051	0.0006	-4.24817e-18
-0.0051	0.0009	-2.00369e-17
-0.0051	0.0012	2.86495e-18
-0.0051	0.0015	-7.61592e-17
-0.0051	0.0018	-4.95782e-17
-0.0051	0.0021	-1.37569e-17
-0.0051	0.0024	-3.73557e-17
-0.0051	0.0027	1.56278e-16
-0.0051	0.003	-1.87257e-17
-0.0051	0.0033	-1.40312e-16
-0.0051	0.0036	1.29274e-16
-0.0051	0.0039	1.29708e-17
-0.0051	0.0042	5.98691e-17
-0.0051	0.0045	3.24953e-16
-0.0051	0.0048	-2.16109e-17
-0.0051	0.0051	-5.66091e-16
-0.0051	0.0054	8.13565e-17
-0.0051	0.0057	-1.64697e-16
-0.0048	-0.006	4.29012e-17
-0.0048	-0.0057	-2.05003e-16
-0.0048	-0.0054	1.34041e-16
-0.0048	-0.0051	-1.24724e-15
-0.0048	-0.0048	-8.85729e-17
-0.0048	-0.0045	6.76838e-16
-0.0048	-0.0042	1.15046e-16
-0.0048	-0.0039	1.86846e-16
-0.0048	-0.0036	2.32691e-16
-0.0048	-0.0033	-3.63424e-16
-0.0048	-0.003	1.57944e-16
-0.0048	-0.0027	-4.92019e-17
-0.0048	-0.0024	6.583e-17
-0.0048	-0.0021	9.68182e-17
-0.0048	-0.0018	7.74706e-18
-0.0048	-0.0015	-1.61087e-16
-0.0048	-0.0012	-2.70855e-17
-0.0048	-0.0009	-4.33766e-17
-0.0048	-0.0006	1.26501e-16
-0.0048	-0.0003	2.58725e-17
-0.0048	0	6.69995e-17
-0.0048	0.0003	-4.95664e-17
-0.0048	0.0006	9.28337e-17
-0.0048	0.0009	2.24511e-17
-0.0048	0.0012	-9.57366e-18
-0.0048	0.0015	-2.75208e-17
-0.0048	0.0018	-1.37271e-16
-0.0048	0.0021	-2.89214e-17
-0.0048	0.0024	-1.06107e-17
-0.0048	0.0027	-2.93587e-17
-0.0048	0.003	6.57474e-18
-0.0048	0.0033	1.79225e-16
-0.0048	0.0036	-2.61798e-16
-0.0048	0.0039	1.89313e-16
-0.0048	0.0042	1.0785e-16
-0.0048	0.0045	9.24225e-17
-0.0048	0.0048	4.28003e-16
-0.0048	0.0051	-1.53286e-17
-0.0048	0.0054	-1.31877e-16
-0.0048	0.0057	-4.43163e-17
-0.0045	-0.006	-3.36601e-16
-0.0045	-0.0057	-4.92508e-17
-0.0045	-0.0054	-3.74202e-16
-0.0045	-0.0051	-4.41493e-17
-0.0045	-0.0048	7.55943e-16
-0.0045	-0.0045	1.15612e-16
-0.0045	-0.0042	3.44781e-16
-0.0045	-0.0039	2.59218e-16
-0.0045	-0.0036	-4.94738e-16
-0.0045	-0.0033	4.32289e-16
-0.0045	-0.003	-1.23534e-17
-0.0045	-0.0027	-4.34261e-17
-0.0045	-0.0024	1.78213e-17
-0.0045	-0.0021	1.00183e-16
-0.0045	-0.0018	4.61211e-17
-0.0045	-0.0015	-1.45285e-16
-0.0045	-0.0012	-8.36861e-17
-0.0045	-0.0009	5.16438e-17
-0.0045	-0.0006	7.16902e-17
-0.0045	-0.0003	7.69151e-17
-0.0045	0	5.89868e-17
-0.0045	0.0003	8.18804e-17
-0.0045	0.0006	7.794e-17
-0.0045	0.0009	6.9716e-17
-0.0045	0.0012	4.08616e-17
-0.0045	0.0015	-1.64117e-17
-0.0045	0.0018	-1.17754e-16
-0.0045	0.0021	-3.48106e-17
-0.0045	0.0024	6.80786e-17
-0.0045	0.0027	-1.7892e-16
-0.0045	0.003	-9.37707e-18
-0.0045	0.0033	5.37806e-17
-0.0045	0.0036	9.17628e-17
-0.0045	0.0039	-2.53006e-16
-0.0045	0.0042	2.19842e-16
-0.0045	0.0045	1.01231e-16
-0.0045	0.0048	1.96451e-16
-0.0045	0.0051	4.25887e-16
-0.0045	0.0054	1.13425e-16
-0.0045	0.0057	3.99832e-16
-0.0042	-0.006	5.85746e-17
-0.0042	-0.0057	4.44009e-16
-0.0042	-0.0054	1.23926e-16
-0.0042	-0.0051	7.02622e-16
-0.0042	-0.0048	2.62293e-16
-0.0042	-0.0045	2.49193e-16
-0.0042	-0.0042	3.43778e-16
-0.0042	-0.0039	-4.86206e-16
-0.0042	-0.0036	4.42464e-16
-0.0042	-0.0033	-4.41389e-17
-0.0042	-0.003	-6.58532e-17
-0.0042	-0.0027	-1.10771e-17
-0.0042	-0.0024	1.23479e-16
-0.0042	-0.0021	2.3206e-16
-0.0042	-0.0018	-2.18706e-16
-0.0042	-0.0015	-1.8436e-16
-0.0042	-0.0012	-5.46435e-17
-0.0042	-0.0009	9.64027e-17
-0.0042	-0.0006	1.18402e-16
-0.0042	-0.0003	9.72858e-17
-0.0042	0	1.50459e-17
-0.0042	0.0003	6.83312e-17
-0.0042	0.0006	3.56581e-17
-0.0042	0.0009	2.19426e-16
-0.0042	0.0012	6.20036e-17
-0.0042	0.0015	4.54192e-17
-0.0042	0.0018	-8.03488e-17
-0.0042	0.0021	-1.51329e-16
-0.0042	0.0024	6.11213e-17
-0.0042	0.0027	1.97214e-17
-0.0042	0.003	-1.0179e-16
-0.0042	0.0033	-5.32727e-18
-0.0042	0.0036	-9.08408e-17
-0.0042	0.0039	2.49566e-16
-0.0042	0.0042	-2.67378e-16
-0.0042	0.0045	2.07852e-16
-0.0042	0.0048	-1.16284e-16
-0.0042	0.0051	2.31461e-16
-0.0042	0.0054	2.33982e-16
-0.0042	0.0057	2.17911e-16
-0.0039	-0.006	4.04846e-16
-0.0039	-0.0057	2.25045e-16
-0.0039	-0.0054	3.36619e-16
-0.0039	-0.0051	3.29898e-16
-0.0039	-0.0048	-8.37064e-17
-0.0039	-0.0045	3.68247e-16
-0.0039	-0.0042	-5.63329e-16
-0.0039	-0.0039	4.04382e-16
-0.0039	-0.0036	-1.1338e-16
-0.0039	-0.0033	1.057e-16
-0.0039	-0.003	8.90341e-18
-0.0039	-0.0027	2.27179e-17
-0.0039	-0.0024	2.09448e-16
-0.0039	-0.0021	-1.66133e-16
-0.0039	-0.0018	-1.34177e-16
-0.0039	-0.0015	-1.4988e-16
-0.0039	-0.0012	1.42723e-17
-0.0039	-0.0009	1.61405e-16
-0.0039	-0.0006	2.38343e-17
-0.0039	-0.0003	8.22594e-17
-0.0039	0	4.58804e-18
-0.0039	0.0003	4.98082e-17
-0.0039	0.0006	1.40671e-16
-0.0039	0.0009	-5.85411e-18
-0.0039	0.0012	2.159e-16
-0.0039	0.0015	-1.42742e-17
-0.0039	0.0018	2.78412e-17
-0.0039	0.0021	-4.04413e-17
-0.0039	0.0024	-1.24377e-16
-0.0039	0.0027	7.42703e-17
-0.0039	0.003	-1.58559e-16
-0.0039	0.0033	-1.68513e-16
-0.0039	0.0036	5.83793e-17
-0.0039	0.0039	5.40446e-18
-0.0039	0.0042	2.0745e-16
-0.0039	0.0045	-2.96096e-16
-0.0039	0.0048	3.31592e-16
-0.0039	0.0051	-3.46758e-16
-0.0039	0.0054	4.15678e-16
-0.0039	0.0057	-2.12414e-16
-0.0036	-0.006	3.99556e-16
-0.0036	-0.0057	-1.96501e-16
-0.0036	-0.0054	4.75609e-16
-0.0036	-0.0051	-4.25872e-16
-0.0036	-0.0048	5.51257e-16
-0.0036	-0.0045	-5.63426e-16
-0.0036	-0.0042	5.1402e-16
-0.0036	-0.0039	-1.11595e-16
-0.0036	-0.0036	1.7397e-16
-0.0036	-0.0033	8.65779e-17
-0.0036	-0.003	-1.54686e-16
-0.0036	-0.0027	9.88392e-17
-0.0036	-0.0024	-4.35969e-17
-0.0036	-0.0021	5.67774e-17
-0.0036	-0.0018	-2.53926e-16
-0.0036	-0.0015	-2.00121e-16
-0.0036	-0.0012	1.49684e-16
-0.0036	-0.0009	8.58313e-17
-0.0036	-0.0006	1.70247e-16
-0.0036	-0.0003	2.22651e-17
-0.0036	0	3.13416e-17
-0.0036	0.0003	1.35929e-17
-0.0036	0.0006	-4.25108e-17
-0.0036	0.0009	1.46944e-16
-0.0036	0.0012	5.04909e-17
-0.0036	0.0015	1.93856e-16
-0.0036	0.0018	-1.43412e-16
-0.0036	0.0021	2.55979e-17
-0.0036	0.0024	-5.01739e-17
-0.0036	0.0027	-8.43122e-17
-0.0036	0.003	9.58465e-17
-0.0036	0.0033	-1.07098e-16
-0.0036	0.0036	-1.51695e-17
-0.0036	0.0039	-6.7539e-17
-0.0036	0.0042	2.80399e-17
-0.0036	0.0045	8.3378e-17
-0.0036	0.0048	-2.14348e-16
-0.0036	0.0051	3.91745e-16
-0.0036	0.0054	-4.1979e-16
-0.0036	0.0057	6.01497e-16
-0.0033	-0.006	-4.55795e-16
-0.0033	-0.0057	6.81392e-16
-0.0033	-0.0054	-4.6951e-16
-0.0033	-0.0051	5.67947e-16
-0.0033	-0.0048	-4.08857e-16
-0.0033	-0.0045	4.27858e-16
-0.0033	-0.0042	-7.63445e-17
-0.0033	-0.0039	-4.16077e-17
-0.0033	-0.0036	1.439e-16
-0.0033	-0.0033	-2.24199e-16
-0.0033	-0.003	3.71692e-17
-0.0033	-0.0027	7.54049e-17
-0.0033	-0.0024	1.95671e-16
-0.0033	-0.0021	-3.28894e-16
-0.0033	-0.0018	-3.23554e-16
-0.0033	-0.0015	1.49225e-16
-0.0033	-0.0012	1.6626e-16
-0.0033	-0.0009	2.21094e-16
-0.0033	-0.0006	-3.59199e-17
-0.0033	-0.0003	1.4004e-16
-0.0033	0	-3.07481e-17
-0.0033	0.0003	1.09384e-16
-0.0033	0.0006	1.41558e-16
-0.0033	0.0009	-8.74948e-17
-0.0033	0.0012	7.7304e-17
-0.0033	0.0015	-8.75694e-17
-0.0033	0.0018	1.29786e-16
-0.0033	0.0021	-1.36842e-16
-0.0033	0.0024	-8.02937e-17
-0.0033	0.0027	9.10993e-17
-0.0033	0.003	-1.45334e-16
-0.0033	0.0033	-5.87168e-17
-0.0033	0.0036	-7.13948e-18
-0.0033	0.0039	1.39007e-16
-0.0033	0.0042	-1.65649e-16
-0.0033	0.0045	1.37069e-17
-0.0033	0.0048	-1.66714e-17
-0.0033	0.0051	-1.57915e-16
-0.0033	0.0054	2.57044e-16
-0.0033	0.0057	-2.51507e-16
-0.003	-0.006	3.75779e-16
-0.003	-0.0057	-2.5523e-16
-0.003	-0.0054	3.02328e-16
-0.003	-0.0051	-2.15195e-16
-0.003	-0.0048	1.41474e-16
-0.003	-0.0045	-9.27343e-17
-0.003	-0.0042	-1.86366e-16
-0.003	-0.0039	7.05994e-17
-0.003	-0.0036	-5.69349e-17
-0.003	-0.0033	8.08901e-17
-0.003	-0.003	1.49672e-16
-0.003	-0.0027	2.50152e-16
-0.003	-0.0024	-4.33762e-16
-0.003	-0.0021	-3.26107e-16
-0.003	-0.0018	1.04922e-16
-0.003	-0.0015	7.52843e-17
-0.003	-0.0012	2.52014e-16
-0.003	-0.0009	-5.42894e-17
-0.003	-0.0006	1.68747e-16
-0.003	-0.0003	-2.06132e-17
-0.003	0	2.05438e-16
-0.003	0.0003	1.19755e-16
-0.003	0.0006	9.19757e-17
-0.003	0.0009	1.52156e-16
-0.003	0.0012	2.64726e-17
-0.003	0.0015	1.03187e-16
-0.003	0.0018	-8.09461e-17
-0.003	0.0021	1.19214e-16
-0.003	0.0024	-2.04552e-16
-0.003	0.0027	-2.274e-16
-0.003	0.003	4.78032e-17
-0.003	0.0033	-1.71851e-16
-0.003	0.0036	3.74594e-17
-0.003	0.0039	-8.01914e-18
-0.003	0.0042	3.74651e-17
-0.003	0.0045	-1.23716e-16
-0.003	0.0048	-3.3988e-17
-0.003	0.0051	-2.09701e-17
-0.003	0.0054	-1.46595e-16
-0.003	0.0057	1.31613e-16
-0.0027	-0.006	-2.4046e-16
-0.0027	-0.0057	1.86818e-16
-0.0027	-0.0054	-2.07955e-16
-0.0027	-0.0051	9.18821e-17
-0.0027	-0.0048	-1.02839e-16
-0.0027	-0.0045	3.58638e-17
-0.0027	-0.0042	5.61522e-17
-0.0027	-0.0039	7.94982e-17
-0.0027	-0.0036	2.36169e-16
-0.0027	-0.0033	2.55285e-17
-0.0027	-0.003	2.06249e-16
-0.0027	-0.0027	-5.00106e-16
-0.0027	-0.0024	-3.78125e-16
-0.0027	-0.0021	4.04292e-17
-0.0027	-0.0018	-1.64256e-17
-0.0027	-0.0015	1.92781e-16
-0.0027	-0.0012	4.17859e-17
-0.0027	-0.0009	1.28408e-16
-0.0027	-0.0006	-7.11492e-19
-0.0027	-0.0003	1.50519e-16
-0.0027	0	5.53145e-17
-0.0027	0.0003	1.02387e-16
-0.0027	0.0006	2.05334e-16
-0.0027	0.0009	1.20901e-16
-0.0027	0.0012	1.87153e-16
-0.0027	0.0015	-1.69484e-17
-0.0027	0.0018	9.00754e-17
-0.0027	0.0021	-7.73277e-19
-0.0027	0.0024	1.34259e-16
-0.0027	0.0027	-2.27531e-16
-0.0027	0.003	-3.03883e-16
-0.0027	0.0033	-2.11095e-17
-0.0027	0.0036	-1.59083e-16
-0.0027	0.0039	1.32178e-16
-0.0027	0.0042	-1.01245e-16
-0.0027	0.0045	9.54195e-17
-0.0027	0.0048	1.37314e-17
-0.0027	0.0051	3.1828e-17
-0.0027	0.0054	1.18913e-16
-0.0027	0.0057	-4.308e-17
-0.0024	-0.006	1.88977e-16
-0.0024	-0.0057	-2.47768e-17
-0.0024	-0.0054	2.63493e-16
-0.0024	-0.0051	-9.91484e-18
-0.0024	-0.0048	1.67758e-16
-0.0024	-0.0045	1.65703e-16
-0.0024	-0.0042	5.14495e-17
-0.0024	-0.0039	2.80116e-16
-0.0024	-0.0036	-2.26074e-16
-0.0024	-0.0033	1.16659e-16
-0.0024	-0.003	-4.73218e-16
-0.0024	-0.0027	-3.99006e-16
-0.0024	-0.0024	9.63908e-18
-0.0024	-0.0021	-4.17186e-17
-0.0024	-0.0018	1.69682e-16
-0.0024	-0.0015	1.63136e-16
-0.0024	-0.0012	2.14026e-16
-0.0024	-0.0009	-8.32597e-17
-0.0024	-0.0006	1.30917e-16
-0.0024	-0.0003	-1.20176e-17
-0.0024	0	1.98513e-16
-0.0024	0.0003	2.56893e-16
-0.0024	0.0006	-4.02539e-18
-0.0024	0.0009	6.8034e-17
-0.0024	0.0012	8.22497e-17
-0.0024	0.0015	2.34835e-16
-0.0024	0.0018	1.36684e-17
-0.0024	0.0021	1.10218e-16
-0.0024	0.0024	-3.32576e-17
-0.0024	0.0027	5.08311e-17
-0.0024	0.003	-2.37135e-16
-0.0024	0.0033	-2.37944e-16
-0.0024	0.0036	-9.38338e-17
-0.0024	0.0039	-3.2522e-16
-0.0024	0.0042	1.50921e-17
-0.0024	0.0045	-2.27552e-16
-0.0024	0.0048	1.55228e-16
-0.0024	0.0051	-5.30831e-17
-0.0024	0.0054	1.56138e-16
-0.0024	0.0057	9.80808e-17
-0.0021	-0.006	4.99379e-17
-0.0021	-0.0057	1.00897e-16
-0.0021	-0.0054	1.6554e-16
-0.0021	-0.0051	7.63663e-17
-0.0021	-0.0048	2.12138e-16
-0.0021	-0.0045	-8.37056e-17
-0.0021	-0.0042	1.89482e-16
-0.0021	-0.0039	-3.73979e-16
-0.0021	-0.0036	-1.49515e-16
-0.0021	-0.0033	-4.36235e-16
-0.0021	-0.003	-3.74509e-16
-0.0021	-0.0027	2.45554e-17
-0.0021	-0.0024	-2.72231e-17
-0.0021	-0.0021	1.66679e-16
-0.0021	-0.0018	1.84713e-16
-0.0021	-0.0015	2.20272e-16
-0.0021	-0.0012	-2.1549e-16
-0.0021	-0.0009	1.23165e-16
-0.0021	-0.0006	-1.5443e-17
-0.0021	-0.0003	2.41293e-16
-0.0021	0	4.22495e-17
-0.0021	0.0003	6.41922e-17
-0.0021	0.0006	2.28447e-16
-0.0021	0.0009	6.09643e-17
-0.0021	0.0012	8.10324e-17
-0.0021	0.0015	5.27171e-17
-0.0021	0.0018	1.73243e-16
-0.0021	0.0021	4.17801e-17
-0.0021	0.0024	7.90874e-17
-0.0021	0.0027	-3.43134e-17
-0.0021	0.003	1.00817e-16
-0.0021	0.0033	-1.08964e-16
-0.0021	0.0036	-2.43681e-16
-0.0021	0.0039	-2.62158e-16
-0.0021	0.0042	-3.80461e-16
-0.0021	0.0045	-2.65633e-16
-0.0021	0.0048	-2.94394e-16
-0.0021	0.0051	-6.60831e-17
-0.0021	0.0054	-2.10397e-16
-0.0021	0.0057	-4.60453e-17
-0.0018	-0.006	-1.63066e-16
-0.0018	-0.0057	-1.39611e-16
-0.0018	-0.0054	-1.37334e-16
-0.0018	-0.0051	-7.8822e-17
-0.0018	-0.0048	-2.66056e-16
-0.0018	-0.0045	-1.7576e-16
-0.0018	-0.0042	-3.8144e-16
-0.0018	-0.0039	-4.04185e-16
-0.0018	-0.0036	-3.71755e-16
-0.0018	-0.0033	-2.75513e-16
-0.0018	-0.003	7.9706e-17
-0.0018	-0.0027	1.19079e-16
-0.0018	-0.0024	1.79304e-16
-0.0018	-0.0021	1.46075e-16
-0.0018	-0.0018	1.83864e-16
-0.0018	-0.0015	-1.46796e-16
-0.0018	-0.0012	9.07036e-17
-0.0018	-0.0009	4.88191e-17
-0.0018	-0.0006	2.00311e-16
-0.0018	-0.0003	-5.36451e-18
-0.0018	0	1.26291e-16
-0.0018	0.0003	2.27719e-18
-0.0018	0.0006	9.08379e-17
-0.0018	0.0009	1.657e-16
-0.0018	0.0012	-9.88324e-17
-0.0018	0.0015	1.26458e-16
-0.0018	0.0018	7.70015e-17
-0.0018	0.0021	9.16753e-17
-0.0018	0.0024	-2.20933e-17
-0.0018	0.0027	9.29138e-17
-0.0018	0.003	8.51111e-17
-0.0018	0.0033	1.26245e-16
-0.0018	0.0036	8.49972e-17
-0.0018	0.0039	-2.24692e-16
-0.0018	0.0042	-2.9957e-16
-0.0018	0.0045	-2.30376e-16
-0.0018	0.0048	-4.0011e-16
-0.0018	0.0051	-2.46778e-16
-0.0018	0.0054	-3.3106e-16
-0.0018	0.0057	-2.55223e-16
-0.0015	-0.006	-4.10002e-16
-0.0015	-0.0057	-2.09505e-16
-0.0015	-0.0054	-4.37335e-16
-0.0015	-0.0051	-2.55126e-16
-0.0015	-0.0048	-3.60663e-16
-0.0015	-0.0045	-2.56963e-16
-0.0015	-0.0042	-3.05997e-16
-0.0015	-0.0039	-1.62881e-16
-0.0015	-0.0036	-1.0567e-16
-0.0015	-0.0033	8.01069e-17
-0.0015	-0.003	2.74104e-16
-0.0015	-0.0027	2.37687e-16
-0.0015	-0.0024	1.10732e-16
-0.0015	-0.0021	1.39607e-16
-0.0015	-0.0018	-2.09809e-16
-0.0015	-0.0015	5.64899e-17
-0.0015	-0.0012	3.05224e-18
-0.0015	-0.0009	2.23861e-16
-0.0015	-0.0006	2.79675e-13
-0.0015	-0.0003	-7.56769e-14
-0.0015	0	-2.63882e-13
-0.0015	0.0003	1.21778e-13
-0.0015	0.0006	6.99454e-14
-0.0015	0.0009	9.88686e-17
-0.0015	0.0012	2.02659e-16
-0.0015	0.0015	1.04098e-16
-0.0015	0.0018	6.88353e-17
-0.0015	0.0021	-1.0771e-16
-0.0015	0.0024	-4.73777e-17
-0.0015	0.0027	-1.00857e-16
-0.0015	0.003	2.38869e-16
-0.0015	0.0033	2.25113e-16
-0.0015	0.0036	-1.71617e-17
-0.0015	0.0039	-4.00667e-19
-0.0015	0.0042	-1.0363e-17
-0.0015	0.0045	-1.57119e-16
-0.0015	0.0048	-6.2976e-17
-0.0015	0.0051	-1.72211e-16
-0.0015	0.0054	-1.10701e-16
-0.0015	0.0057	-3.86087e-16
-0.0012	-0.006	-3.05396e-17
-0.0012	-0.0057	-3.39297e-16
-0.0012	-0.0054	-1.44637e-16
-0.0012	-0.0051	-2.00461e-16
-0.0012	-0.0048	-5.18572e-17
-0.0012	-0.0045	-3.90605e-17
-0.0012	-0.0042	3.55918e-17
-0.0012	-0.0039	2.72407e-18
-0.0012	-0.0036	8.51021e-17
-0.0012	-0.0033	2.50075e-16
-0.0012	-0.003	2.11606e-16
-0.0012	-0.0027	3.82429e-17
-0.0012	-0.0024	1.14509e-16
-0.0012	-0.0021	-2.588e-16
-0.0012	-0.0018	2.77974e-17
-0.0012	-0.0015	7.87236e-17
-0.0012	-0.0012	1.68398e-16
-0.0012	-0.0009	2.62404e-13
-0.0012	-0.0006	2.34168e-07
-0.0012	-0.0003	-6.33541e-08
-0.0012	0	-2.21147e-07
-0.0012	0.0003	1.0187e-07
-0.0012	0.0006	5.87019e-08
-0.0012	0.0009	1.4029e-13
-0.0012	0.0012	-4.72156e-17
-0.0012	0.0015	6.32676e-17
-0.0012	0.0018	1.66519e-16
-0.0012	0.0021	-7.89105e-18
-0.0012	0.0024	-8.97892e-17
-0.0012	0.0027	4.96898e-17
-0.0012	0.003	-1.99455e-17
-0.0012	0.0033	4.82e-17
-0.0012	0.0036	1.07269e-16
-0.0012	0.0039	-9.46871e-18
-0.0012	0.0042	-1.03603e-16
-0.0012	0.0045	1.09807e-16
-0.0012	0.0048	-2.5834e-17
-0.0012	0.0051	6.5446e-17
-0.0012	0.0054	-9.59283e-17
-0.0012	0.0057	1.7556e-16
-0.0009	-0.006	-2.12696e-16
-0.0009	-0.0057	2.16237e-16
-0.0009	-0.0054	-8.86487e-17
-0.0009	-0.0051	1.01588e-16
-0.0009	-0.0048	-5.32563e-18
-0.0009	-0.0045	1.77953e-16
-0.0009	-0.0042	5.69477e-17
-0.0009	-0.0039	1.65101e-16
-0.0009	-0.0036	-6.85052e-18
-0.0009	-0.0033	1.24088e-16
-0.0009	-0.003	1.77656e-17
-0.0009	-0.0027	9.10834e-17
-0.0009	-0.0024	-1.09369e-16
-0.0009	-0.0021	5.54863e-17
-0.0009	-0.0018	4.40693e-17
-0.0009	-0.0015	1.25318e-16
-0.0009	-0.0012	-3.11115e-13
-0.0009	-0.0009	-1.17418e-09
-0.0009	-0.0006	0.196046
-0.0009	-0.0003	-0.0530404
-0.0009	0	-0.185146
-0.0009	0.0003	0.0852862
-0.0009	0.0006	0.0491454
-0.0009	0.0009	5.87017e-08
-0.0009	0.0012	7.01491e-14
-0.0009	0.0015	1.63588e-16
-0.0009	0.0018	5.05525e-17
-0.0009	0.0021	-2.5685e-17
-0.0009	0.0024	-5.81327e-17
-0.0009	0.0027	-3.54561e-17
-0.0009	0.003	1.2555e-16
-0.0009	0.0033	1.19446e-16
-0.0009	0.0036	-1.40015e-16
-0.0009	0.0039	-1.04024e-16
-0.0009	0.0042	9.72315e-17
-0.0009	0.0045	-1.02003e-16
-0.0009	0.0048	7.46567e-17
-0.0009	0.0051	-3.39669e-17
-0.0009	0.0054	1.51996e-16
-0.0009	0.0057	-1.48624e-16
-0.0006	-0.006	3.15056e-16
-0.0006	-0.0057	-1.51628e-16
-0.0006	-0.0054	2.1521e-16
-0.0006	-0.0051	-4.51885e-17
-0.0006	-0.0048	1.96081e-16
-0.0006	-0.0045	5.99973e-17
-0.0006	-0.0042	1.46204e-16
-0.0006	-0.0039	-3.44639e-17
-0.0006	-0.0036	5.09286e-17
-0.0006	-0.0033	1.26447e-17
-0.0006	-0.003	4.0899e-17
-0.0006	-0.0027	3.37777e-17
-0.0006	-0.0024	1.06587e-16
-0.0006	-0.0021	-4.58245e-17
-0.0006	-0.0018	9.16468e-17
-0.0006	-0.0015	-2.93859e-13
-0.0006	-0.0012	-2.46028e-07
-0.0006	-0.0009	-0.205976
-0.0006	-0.0006	0.0423061
-0.0006	-0.0003	-0.0173308
-0.0006	0	-0.0195466
-0.0006	0.0003	0.136487
-0.0006	0.0006	-0.0866489
-0.0006	0.0009	-1.03498e-07
-0.0006	0.0012	-1.23483e-13
-0.0006	0.0015	-1.92681e-17
-0.0006	0.0018	9.76276e-17
-0.0006	0.0021	-5.58838e-17
-0.0006	0.0024	3.78777e-17
-0.0006	0.0027	1.07909e-16
-0.0006	0.003	7.7907e-17
-0.0006	0.0033	-1.25231e-16
-0.0006	0.0036	-6.56238e-18
-0.0006	0.0039	2.60167e-19
-0.0006	0.0042	-9.23942e-17
-0.0006	0.0045	4.71372e-17
-0.0006	0.0048	-3.25401e-17
-0.0006	0.0051	5.84145e-17
-0.0006	0.0054	-9.3338e-17
-0.0006	0.0057	2.01713e-16
-0.0003	-0.006	-1.60671e-16
-0.0003	-0.0057	2.05449e-16
-0.0003	-0.0054	-8.47617e-17
-0.0003	-0.0051	1.00549e-16
-0.0003	-0.0048	-4.49112e-17
-0.0003	-0.0045	9.02505e-17
-0.0003	-0.0042	6.22464e-17
-0.0003	-0.0039	5.64797e-17
-0.0003	-0.0036	-1.01912e-16
-0.0003	-0.0033	-1.14547e-17
-0.0003	-0.003	-1.55075e-17
-0.0003	-0.0027	3.61903e-17
-0.0003	-0.0024	3.76065e-17
-0.0003	-0.0021	1.19359e-16
-0.0003	-0.0018	8.49691e-17
-0.0003	-0.0015	-8.17855e-14
-0.0003	-0.0012	-6.84618e-08
-0.0003	-0.0009	-0.0573166
-0.0003	-0.0006	0.0229074
-0.0003	-0.0003	0.0293086
-0.0003	0	0.0713912
-0.0003	0.0003	0.0141047
-0.0003	0.0006	-0.190102
-0.0003	0.0009	-2.27068e-07
-0.0003	0.0012	-2.71255e-13
-0.0003	0.0015	1.41074e-16
-0.0003	0.0018	-7.79376e-17
-0.0003	0.0021	1.07127e-16
-0.0003	0.0024	1.0775e-17
-0.0003	0.0027	1.32561e-16
-0.0003	0.003	-1.53014e-17
-0.0003	0.0033	1.38221e-16
-0.0003	0.0036	-1.00287e-16
-0.0003	0.0039	-2.30165e-16
-0.0003	0.0042	9.2001e-17
-0.0003	0.0045	-1.25774e-16
-0.0003	0.0048	4.55212e-17
-0.0003	0.0051	-1.08204e-16
-0.0003	0.0054	1.44724e-16
-0.0003	0.0057	-2.67274e-16
0	-0.006	1.78479e-16
0	-0.0057	-1.71448e-16
0	-0.0054	1.07575e-16
0	-0.0051	-1.55557e-16
0	-0.0048	1.07246e-16
0	-0.0045	-4.41688e-17
0	-0.0042	6.68109e-17
0	-0.0039	-8.69443e-17
0	-0.0036	7.31658e-17
0	-0.0033	-6.58053e-17
0	-0.003	8.42059e-17
0	-0.0027	1.29304e-16
0	-0.0024	4.10782e-17
0	-0.0021	1.68349e-16
0	-0.0018	-3.53931e-17
0	-0.0015	2.71463e-13
0	-0.0012	2.27068e-07
0	-0.0009	0.190102
0	-0.0006	-0.0141047
0	-0.0003	-0.0713912
0	0	-0.0293086
0	0.0003	-0.0229074
0	0.0006	0.0573166
0	0.0009	6.84618e-08
0	0.0012	8.17387e-14
0	0.0015	-5.80091e-17
0	0.0018	4.79131e-17
0	0.0021	-1.04879e-16
0	0.0024	1.93316e-16
0	0.0027	-4.00409e-17
0	0.003	2.50542e-16
0	0.0033	-2.01234e-16
0	0.0036	-2.75788e-17
0	0.0039	7.17482e-17
0	0.0042	-1.63375e-17
0	0.0045	3.79511e-17
0	0.0048	-2.77607e-17
0	0.0051	6.21034e-17
0	0.0054	-2.02744e-16
0	0.0057	1.75593e-16
0.0003	-0.006	-1.81579e-16
0.0003	-0.0057	1.35663e-16
0.0003	-0.0054	-1.15774e-16
0.0003	-0.0051	9.83475e-17
0.0003	-0.0048	-1.39737e-16
0.0003	-0.0045	1.24108e-16
0.0003	-0.0042	6.97133e-17
0.0003	-0.0039	6.18008e-17
0.0003	-0.0036	6.59623e-17
0.0003	-0.0033	4.97071e-18
0.0003	-0.003	1.92686e-16
0.0003	-0.0027	-8.23281e-17
0.0003	-0.0024	3.20603e-16
0.0003	-0.0021	-8.55271e-17
0.0003	-0.0018	-1.01154e-17
0.0003	-0.0015	1.23612e-13
0.0003	-0.0012	1.03498e-07
0.0003	-0.0009	0.0866489
0.0003	-0.0006	-0.136487
0.0003	-0.0003	0.0195466
0.0003	0	0.0173308
0.0003	0.0003	-0.0423061
0.0003	0.0006	0.205976
0.0003	0.0009	2.46028e-07
0.0003	0.0012	2.93828e-13
0.0003	0.0015	6.66825e-17
0.0003	0.0018	-4.33157e-17
0.0003	0.0021	7.95701e-17
0.0003	0.0024	-2.65118e-17
0.0003	0.0027	1.26127e-16
0.0003	0.003	-2.45138e-16
0.0003	0.0033	1.326e-16
0.0003	0.0036	-7.13039e-17
0.0003	0.0039	7.87007e-17
0.0003	0.0042	-6.21899e-17
0.0003	0.0045	9.57878e-17
0.0003	0.0048	-7.35757e-17
0.0003	0.0051	-1.008e-17
0.0003	0.0054	9.14452e-17
0.0003	0.0057	-1.08578e-16
0.0006	-0.006	7.06811e-17
0.0006	-0.0057	3.80437e-17
0.0006	-0.0054	-8.48474e-18
0.0006	-0.0051	3.12663e-17
0.0006	-0.0048	4.54203e-17
0.0006	-0.0045	1.14425e-16
0.0006	-0.0042	-4.21329e-17
0.0006	-0.0039	2.51787e-16
0.0006	-0.0036	-1.12153e-16
0.0006	-0.0033	1.45759e-16
0.0006	-0.003	-3.10499e-17
0.0006	-0.0027	1.48373e-16
0.0006	-0.0024	-9.52298e-17
0.0006	-0.0021	2.11188e-16
0.0006	-0.0018	2.57139e-17
0.0006	-0.0015	-7.02339e-14
0.0006	-0.0012	-5.87017e-08
0.0006	-0.0009	-0.0491454
0.0006	-0.0006	-0.0852862
0.0006	-0.0003	0.185145
0.0006	0	0.0530404
0.0006	0.0003	-0.196046
0.0006	0.0006	0
0.0006	0.0009	3.09555e-13
0.0006	0.0012	1.20625e-16
0.0006	0.0015	-9.83326e-17
0.0006	0.0018	8.37249e-17
0.0006	0.0021	-3.19965e-17
0.0006	0.0024	5.80544e-17
0.0006	0.0027	-1.6577e-16
0.0006	0.003	1.00024e-16
0.0006	0.0033	-7.53425e-17
0.0006	0.0036	-2.83565e-17
0.0006	0.0039	-1.47913e-17
0.0006	0.0042	1.06358e-16
0.0006	0.0045	-8.96557e-17
0.0006	0.0048	2.48292e-17
0.0006	0.0051	-4.57763e-17
0.0006	0.0054	-1.31144e-17
0.0006	0.0057	8.26196e-18
0.0009	-0.006	1.01242e-16
0.0009	-0.0057	-4.78856e-17
0.0009	-0.0054	1.2918e-16
0.0009	-0.0051	-8.23463e-17
0.0009	-0.0048	5.15859e-17
0.0009	-0.0045	1.43576e-17
0.0009	-0.0042	1.92485e-16
0.0009	-0.0039	-5.39789e-17
0.0009	-0.0036	1.29238e-16
0.0009	-0.0033	-1.03108e-16
0.0009	-0.003	3.44879e-17
0.0009	-0.0027	9.07737e-17
0.0009	-0.0024	5.11612e-17
0.0009	-0.0021	-1.2779e-16
0.0009	-0.0018	1.51567e-16
0.0009	-0.0015	-1.17428e-16
0.0009	-0.0012	-1.40152e-13
0.0009	-0.0009	-5.87019e-08
0.0009	-0.0006	-1.0187e-07
0.0009	-0.0003	2.21147e-07
0.0009	0	6.33541e-08
0.0009	0.0003	-2.34168e-07
0.0009	0.0006	-2.63939e-13
0.0009	0.0009	2.2431e-17
0.0009	0.0012	-4.64347e-17
0.0009	0.0015	5.50071e-17
0.0009	0.0018	-6.544e-17
0.0009	0.0021	7.89113e-17
0.0009	0.0024	-2.25108e-16
0.0009	0.0027	6.64911e-17
0.0009	0.003	-1.4624e-16
0.0009	0.0033	-2.00338e-17
0.0009	0.0036	-3.78246e-17
0.0009	0.0039	7.16365e-17
0.0009	0.0042	-1.02451e-16
0.0009	0.0045	6.80959e-17
0.0009	0.0048	-7.85064e-17
0.0009	0.0051	-6.95732e-18
0.0009	0.0054	2.80992e-17
0.0009	0.0057	-1.59813e-17
0.0012	-0.006	-1.07323e-17
0.0012	-0.0057	9.64653e-17
0.0012	-0.0054	-4.40641e-17
0.0012	-0.0051	7.87272e-17
0.0012	-0.0048	-6.44244e-19
0.0012	-0.0045	1.86008e-17
0.0012	-0.0042	1.09365e-17
0.0012	-0.0039	1.88129e-16
0.0012	-0.0036	-8.44204e-17
0.0012	-0.0033	4.18779e-17
0.0012	-0.003	-1.47708e-16
0.0012	-0.0027	1.05501e-16
0.0012	-0.0024	6.62284e-18
0.0012	-0.0021	1.08686e-16
0.0012	-0.0018	-2.33849e-16
0.0012	-0.0015	1.17838e-16
0.0012	-0.0012	-1.31095e-16
0.0012	-0.0009	-7.00898e-14
0.0012	-0.0006	-1.21664e-13
0.0012	-0.0003	2.64118e-13
0.0012	0	7.56297e-14
0.0012	0.0003	-2.79755e-13
0.0012	0.0006	-2.71494e-17
0.0012	0.0009	1.44948e-17
0.0012	0.0012	-7.13229e-18
0.0012	0.0015	2.34418e-17
0.0012	0.0018	9.54003e-18
0.0012	0.0021	-1.56127e-16
0.0012	0.0024	1.23461e-17
0.0012	0.0027	-1.67423e-16
0.0012	0.003	2.52505e-17
0.0012	0.0033	-9.61094e-17
0.0012	0.0036	7.50869e-17
0.0012	0.0039	-1.3855e-16
0.0012	0.0042	3.70967e-17
0.0012	0.0045	-1.66995e-16
0.0012	0.0048	2.05433e-17
0.0012	0.0051	-8.44441e-17
0.0012	0.0054	-2.20829e-17
0.0012	0.0057	-8.71441e-17
0.0015	-0.006	4.47481e-17
0.0015	-0.0057	-1.16019e-16
0.0015	-0.0054	8.35715e-17
0.0015	-0.0051	-1.42799e-16
0.0015	-0.0048	1.3155e-17
0.0015	-0.0045	-6.97416e-17
0.0015	-0.0042	2.9387e-17
0.0015	-0.0039	-1.28004e-16
0.0015	-0.0036	1.89755e-16
0.0015	-0.0033	-2.35557e-16
0.0015	-0.003	-1.18373e-17
0.0015	-0.0027	-2.2842e-16
0.0015	-0.0024	1.15835e-16
0.0015	-0.0021	9.97981e-17
0.0015	-0.0018	6.05681e-17
0.0015	-0.0015	8.36529e-17
0.0015	-0.0012	1.73452e-17
0.0015	-0.0009	7.46781e-17
0.0015	-0.0006	-9.69496e-18
0.0015	-0.0003	-4.22251e-17
0.0015	0	-6.23768e-17
0.0015	0.0003	-7.92078e-17
0.0015	0.0006	-9.69267e-17
0.0015	0.0009	-5.01518e-17
0.0015	0.0012	-9.5398e-17
0.0015	0.0015	-6.15994e-17
0.0015	0.0018	-1.13956e-16
0.0015	0.0021	-5.20429e-17
0.0015	0.0024	-5.76336e-17
0.0015	0.0027	3.04625e-17
0.0015	0.003	-1.8721e-17
0.0015	0.0033	2.08192e-17
0.0015	0.0036	-1.05506e-16
0.0015	0.0039	-1.34495e-17
0.0015	0.0042	-1.58612e-16
0.0015	0.0045	-8.57233e-18
0.0015	0.0048	-1.34201e-16
0.0015	0.0051	-2.94009e-17
0.0015	0.0054	-1.50588e-16
0.0015	0.0057	1.50442e-17
0.0018	-0.006	-1.83141e-16
0.0018	-0.0057	2.81999e-17
0.0018	-0.0054	-1.75258e-16
0.0018	-0.0051	6.07713e-17
0.0018	-0.0048	-1.69002e-16
0.0018	-0.0045	-6.22849e-17
0.0018	-0.0042	-6.58329e-17
0.0018	-0.0039	6.43943e-17
0.0018	-0.0036	-8.11123e-17
0.0018	-0.0033	1.3593e-16
0.0018	-0.003	-1.32342e-16
0.0018	-0.0027	-4.75936e-17
0.0018	-0.0024	-1.4457e-16
0.0018	-0.0021	3.46039e-17
0.0018	-0.0018	6.86578e-17
0.0018	-0.0015	-1.77089e-18
0.0018	-0.0012	-1.45162e-17
0.0018	-0.0009	-4.1236e-17
0.0018	-0.0006	-1.22148e-16
0.0018	-0.0003	-4.68886e-17
0.0018	0	-8.40295e-17
0.0018	0.0003	-4.95666e-17
0.0018	0.0006	-6.37474e-17
0.0018	0.0009	-1.33509e-16
0.0018	0.0012	-1.24165e-16
0.0018	0.0015	-1.6787e-16
0.0018	0.0018	-1.24303e-16
0.0018	0.0021	-7.42363e-17
0.0018	0.0024	-2.03606e-18
0.0018	0.0027	-2.3675e-17
0.0018	0.003	1.1589e-17
0.0018	0.0033	-4.6624e-17
0.0018	0.0036	-3.99064e-17
0.0018	0.0039	-9.49608e-17
0.0018	0.0042	-7.06852e-18
0.0018	0.0045	-1.21214e-16
0.0018	0.0048	-3.15919e-17
0.0018	0.0051	-1.03442e-16
0.0018	0.0054	2.24994e-17
0.0018	0.0057	-1.63088e-16
0.0021	-0.006	1.18363e-17
0.0021	-0.0057	-1.5117e-16
0.0021	-0.0054	-2.48466e-18
0.0021	-0.0051	-1.25649e-16
0.0021	-0.0048	6.17527e-17
0.0021	-0.0045	-1.22071e-16
0.0021	-0.0042	-6.57717e-17
0.0021	-0.0039	-1.49492e-17
0.0021	-0.0036	1.16673e-16
0.0021	-0.0033	-2.93039e-17
0.0021	-0.003	1.25176e-16
0.0021	-0.0027	-5.00492e-17
0.0021	-0.0024	-6.68785e-17
0.0021	-0.0021	-1.41476e-16
0.0021	-0.0018	-1.24364e-16
0.0021	-0.0015	-1.19436e-16
0.0021	-0.0012	-1.76514e-16
0.0021	-0.0009	-1.93399e-16
0.0021	-0.0006	-1.24979e-16
0.0021	-0.0003	-7.80646e-17
0.0021	0	-3.05962e-18
0.0021	0.0003	2.43186e-17
0.0021	0.0006	-2.21038e-17
0.0021	0.0009	-5.15667e-17
0.0021	0.0012	-1.19453e-16
0.0021	0.0015	-1.33265e-16
0.0021	0.0018	-9.62005e-17
0.0021	0.0021	-9.43561e-17
0.0021	0.0024	-8.53389e-17
0.0021	0.0027	-9.00593e-17
0.0021	0.003	-7.18008e-17
0.0021	0.0033	-1.30557e-16
0.0021	0.0036	-7.03728e-17
0.0021	0.0039	-6.86992e-17
0.0021	0.0042	-8.14552e-17
0.0021	0.0045	-1.71479e-17
0.0021	0.0048	-5.88389e-17
0.0021	0.0051	2.3624e-17
0.0021	0.0054	-1.37612e-16
0.0021	0.0057	6.16718e-17
0.0024	-0.006	-1.65731e-16
0.0024	-0.0057	1.99627e-17
0.0024	-0.0054	-8.25506e-17
0.0024	-0.0051	3.38727e-17
0.0024	-0.0048	-1.35685e-16
0.0024	-0.0045	3.53642e-17
0.0024	-0.0042	-4.05775e-17
0.0024	-0.0039	-1.3012e-16
0.0024	-0.0036	-3.47208e-17
0.0024	-0.0033	5.14053e-17
0.0024	-0.003	-8.444e-17
0.0024	-0.0027	-2.02927e-18
0.0024	-0.0024	-1.26102e-16
0.0024	-0.0021	-1.73151e-16
0.0024	-0.0018	-1.539e-16
0.0024	-0.0015	-2.11881e-16
0.0024	-0.0012	-1.25497e-16
0.0024	-0.0009	-1.26008e-16
0.0024	-0.0006	-1.21545e-16
0.0024	-0.0003	3.87075e-17
0.0024	0	-1.89431e-17
0.0024	0.0003	3.80187e-17
0.0024	0.0006	1.94184e-17
0.0024	0.0009	-6.69797e-17
0.0024	0.0012	-5.03329e-18
0.0024	0.0015	-5.44218e-17
0.0024	0.0018	-4.51516e-17
0.0024	0.0021	-8.55379e-17
0.0024	0.0024	-1.40478e-16
0.0024	0.0027	-8.18051e-17
0.0024	0.003	-2.47306e-16
0.0024	0.0033	-1.00315e-16
0.0024	0.0036	-1.7893e-16
0.0024	0.0039	-1.12626e-16
0.0024	0.0042	-1.51485e-16
0.0024	0.0045	-7.01973e-17
0.0024	0.0048	-1.22336e-16
0.0024	0.0051	-1.4069e-16
0.0024	0.0054	-5.18624e-17
0.0024	0.0057	-1.78956e-16
0.0027	-0.006	-6.89772e-17
0.0027	-0.0057	-9.7297e-17
0.0027	-0.0054	-1.07738e-16
0.0027	-0.0051	-2.21817e-18
0.0027	-0.0048	-5.54872e-17
0.0027	-0.0045	-1.70476e-16
0.0027	-0.0042	-1.19228e-16
0.0027	-0.0039	-7.49734e-17
0.0027	-0.0036	-3.19515e-16
0.0027	-0.0033	-5.36962e-18
0.0027	-0.003	-1.40135e-16
0.0027	-0.0027	-1.28189e-16
0.0027	-0.0024	-6.77708e-17
0.0027	-0.0021	-1.75106e-16
0.0027	-0.0018	-5.2441e-18
0.0027	-0.0015	-1.29354e-16
0.0027	-0.0012	1.60102e-17
0.0027	-0.0009	-5.15233e-17
0.0027	-0.0006	4.04281e-17
0.0027	-0.0003	-5.52047e-17
0.0027	0	2.08473e-19
0.0027	0.0003	-7.80949e-17
0.0027	0.0006	-4.49803e-17
0.0027	0.0009	-8.2559e-17
0.0027	0.0012	5.72145e-17
0.0027	0.0015	-6.30802e-17
0.0027	0.0018	4.87278e-17
0.0027	0.0021	-6.99073e-17
0.0027	0.0024	-4.91562e-17
0.0027	0.0027	-1.91972e-16
0.0027	0.003	-1.27795e-16
0.0027	0.0033	-1.56975e-16
0.0027	0.0036	-1.74071e-16
0.0027	0.0039	-1.79231e-16
0.0027	0.0042	-1.16497e-16
0.0027	0.0045	-2.1369e-16
0.0027	0.0048	-1.66954e-16
0.0027	0.0051	-1.40031e-16
0.0027	0.0054	-2.30635e-16
0.0027	0.0057	-1.17263e-16
0.003	-0.006	-1.82502e-16
0.003	-0.0057	-1.87087e-16
0.003	-0.0054	-1.66139e-16
0.003	-0.0051	-2.76458e-16
0.003	-0.0048	-6.80555e-17
0.003	-0.0045	-9.8959e-17
0.003	-0.0042	-2.90916e-16
0.003	-0.0039	-1.73141e-16
0.003	-0.0036	-1.77805e-16
0.003	-0.0033	-2.87519e-16
0.003	-0.003	-6.60563e-17
0.003	-0.0027	-1.21104e-16
0.003	-0.0024	-3.47796e-17
0.003	-0.0021	3.29649e-17
0.003	-0.0018	-6.82084e-18
0.003	-0.0015	1.22027e-16
0.003	-0.0012	1.16819e-16
0.003	-0.0009	-2.25144e-17
0.003	-0.0006	1.41223e-16
0.003	-0.0003	-2.13916e-16
0.003	0	-2.8976e-17
0.003	0.0003	-1.94341e-16
0.003	0.0006	-2.35353e-16
0.003	0.0009	4.4509e-17
0.003	0.0012	-2.53928e-16
0.003	0.0015	1.2417e-16
0.003	0.0018	-1.38463e-16
0.003	0.0021	5.75175e-17
0.003	0.0024	-1.1195e-16
0.003	0.0027	-5.48836e-18
0.003	0.003	-6.42654e-17
0.003	0.0033	-1.02186e-16
0.003	0.0036	-8.28662e-17
0.003	0.0039	-1.15149e-16
0.003	0.0042	-1.05815e-16
0.003	0.0045	-2.08131e-16
0.003	0.0048	-8.54059e-17
0.003	0.0051	-2.45235e-16
0.003	0.0054	-6.4501e-17
0.003	0.0057	-2.97606e-16
0.0033	-0.006	-7.70654e-17
0.0033	-0.0057	-2.27964e-16
0.0033	-0.0054	-1.27544e-16
0.0033	-0.0051	-2.42317e-16
0.0033	-0.0048	-2.27611e-16
0.0033	-0.0045	-7.06376e-17
0.0033	-0.0042	-4.83418e-17
0.0033	-0.0039	-3.04922e-16
0.0033	-0.0036	-3.13661e-18
0.0033	-0.0033	-1.77656e-16
0.0033	-0.003	-1.00732e-16
0.0033	-0.0027	3.3365e-17
0.0033	-0.0024	-1.00062e-16
0.0033	-0.0021	1.69805e-16
0.0033	-0.0018	-1.12795e-16
0.0033	-0.0015	2.24014e-16
0.0033	-0.0012	-1.79479e-16
0.0033	-0.0009	1.92528e-16
0.0033	-0.0006	-2.76246e-16
0.0033	-0.0003	2.95288e-17
0.0033	0	-2.82371e-16
0.0033	0.0003	-1.62791e-16
0.0033	0.0006	-1.07998e-16
0.0033	0.0009	-2.45425e-16
0.0033	0.0012	-1.48244e-17
0.0033	0.0015	-1.92713e-16
0.0033	0.0018	5.60034e-18
0.0033	0.0021	-2.14415e-16
0.0033	0.0024	3.08434e-17
0.0033	0.0027	-1.62042e-16
0.0033	0.003	5.30218e-17
0.0033	0.0033	-1.04347e-16
0.0033	0.0036	4.36003e-17
0.0033	0.0039	-6.30914e-17
0.0033	0.0042	-1.09191e-16
0.0033	0.0045	-1.3557e-17
0.0033	0.0048	-1.14415e-16
0.0033	0.0051	1.28336e-17
0.0033	0.0054	-1.57451e-16
0.0033	0.0057	2.90079e-17
0.0036	-0.006	-1.89559e-16
0.0036	-0.0057	-2.48083e-17
0.0036	-0.0054	-8.99669e-17
0.0036	-0.0051	-1.28473e-17
0.0036	-0.0048	-1.47857e-16
0.0036	-0.0045	-7.37156e-17
0.0036	-0.0042	2.67484e-17
0.0036	-0.0039	-4.70721e-17
0.0036	-0.0036	-1.26408e-17
0.0036	-0.0033	-7.60783e-17
0.0036	-0.003	-2.10066e-19
0.0036	-0.0027	-1.40829e-16
0.0036	-0.0024	1.09558e-16
0.0036	-0.0021	-2.8608e-16
0.0036	-0.0018	9.66857e-17
0.0036	-0.0015	-3.27164e-16
0.0036	-0.0012	1.04016e-17
0.0036	-0.0009	-2.38597e-16
0.0036	-0.0006	-1.02073e-16
0.0036	-0.0003	-1.00743e-16
0.0036	0	-1.21276e-16
0.0036	0.0003	-4.80859e-17
0.0036	0.0006	-5.88765e-17
0.0036	0.0009	-1.10619e-16
0.0036	0.0012	-5.67067e-17
0.0036	0.0015	-1.40859e-16
0.0036	0.0018	-1.70756e-16
0.0036	0.0021	-4.4579e-17
0.0036	0.0024	-2.07694e-16
0.0036	0.0027	3.34693e-17
0.0036	0.003	-2.29376e-16
0.0036	0.0033	6.73711e-17
0.0036	0.0036	-1.57019e-16
0.0036	0.0039	5.10889e-18
0.0036	0.0042	-1.06749e-16
0.0036	0.0045	1.6266e-19
0.0036	0.0048	-5.60358e-17
0.0036	0.0051	-4.20722e-17
0.0036	0.0054	-2.10722e-17
0.0036	0.0057	-2.3998e-17
0.0039	-0.006	-8.2226e-18
0.0039	-0.0057	-7.73345e-17
0.0039	-0.0054	-1.16418e-16
0.0039	-0.0051	4.69772e-17
0.0039	-0.0048	-8.39179e-17
0.0039	-0.0045	4.35974e-18
0.0039	-0.0042	-1.26862e-16
0.0039	-0.0039	8.81242e-17
0.0039	-0.0036	-1.77479e-16
0.0039	-0.0033	8.52714e-17
0.0039	-0.003	-1.83904e-16
0.0039	-0.0027	1.19199e-17
0.0039	-0.0024	-2.32477e-16
0.0039	-0.0021	-3.74233e-17
0.0039	-0.0018	-2.36644e-16
0.0039	-0.0015	-1.24853e-16
0.0039	-0.0012	-1.62335e-16
0.0039	-0.0009	-1.78662e-16
0.0039	-0.0006	-2.41845e-17
0.0039	-0.0003	-1.25364e-16
0.0039	0	4.2581e-17
0.0039	0.0003	3.22343e-18
0.0039	0.0006	-3.87622e-17
0.0039	0.0009	5.34797e-17
0.0039	0.0012	-1.26805e-16
0.0039	0.0015	-5.94128e-17
0.0039	0.0018	-1.21146e-16
0.0039	0.0021	-1.21217e-16
0.0039	0.0024	-8.0394e-17
0.0039	0.0027	-1.6747e-16
0.0039	0.003	-7.7725e-17
0.0039	0.0033	-1.7858e-16
0.0039	0.0036	-8.27596e-17
0.0039	0.0039	-1.62325e-16
0.0039	0.0042	-5.30834e-17
0.0039	0.0045	-1.67614e-16
0.0039	0.0048	-6.67663e-17
0.0039	0.0051	-1.30391e-16
0.0039	0.0054	-3.84105e-17
0.0039	0.0057	-1.42304e-16
0.0042	-0.006	-2.50609e-17
0.0042	-0.0057	-1.06621e-16
0.0042	-0.0054	-7.91274e-17
0.0042	-0.0051	-2.04408e-16
0.0042	-0.0048	1.91439e-17
0.0042	-0.0045	-2.14553e-16
0.0042	-0.0042	-1.42807e-17
0.0042	-0.0039	-1.84746e-16
0.0042	-0.0036	-4.90799e-17
0.0042	-0.0033	-2.04507e-16
0.0042	-0.003	-1.03782e-16
0.0042	-0.0027	-1.64672e-16
0.0042	-0.0024	-1.41068e-16
0.0042	-0.0021	-1.2932e-16
0.0042	-0.0018	-1.60365e-16
0.0042	-0.0015	-9.28011e-17
0.0042	-0.0012	-1.43142e-16
0.0042	-0.0009	1.95614e-17
0.0042	-0.0006	-6.64162e-17
0.0042	-0.0003	1.204e-17
0.0042	0	1.74022e-17
0.0042	0.0003	-3.65162e-18
0.0042	0.0006	3.45537e-17
0.0042	0.0009	-3.65318e-17
0.0042	0.0012	-5.8106e-18
0.0042	0.0015	-4.99588e-17
0.0042	0.0018	-3.89235e-17
0.0042	0.0021	-9.11874e-17
0.0042	0.0024	-4.24455e-17
0.0042	0.0027	-1.32914e-16
0.0042	0.003	-6.54985e-17
0.0042	0.0033	-1.95686e-16
0.0042	0.0036	-9.20811e-17
0.0042	0.0039	-1.86122e-16
0.0042	0.0042	-1.06231e-16
0.0042	0.0045	-1.66663e-16
0.0042	0.0048	-1.13475e-16
0.0042	0.0051	-1.43077e-16
0.0042	0.0054	-1.48874e-16
0.0042	0.0057	-1.28332e-16
0.0045	-0.006	-1.77726e-16
0.0045	-0.0057	-1.098e-16
0.0045	-0.0054	-1.42403e-16
0.0045	-0.0051	-1.7128e-16
0.0045	-0.0048	-2.09075e-16
0.0045	-0.0045	-1.30596e-16
0.0045	-0.0042	-1.91089e-16
0.0045	-0.0039	-9.75001e-17
0.0045	-0.0036	-1.7434e-16
0.0045	-0.0033	-1.63986e-16
0.0045	-0.003	-9.0699e-17
0.0045	-0.0027	-1.82021e-16
0.0045	-0.0024	-2.69893e-17
0.0045	-0.0021	-1.54019e-16
0.0045	-0.0018	4.89423e-18
0.0045	-0.0015	-7.39887e-17
0.0045	-0.0012	-6.34627e-18
0.0045	-0.0009	-3.37933e-18
0.0045	-0.0006	-4.98924e-17
0.0045	-0.0003	2.0938e-17
0.0045	0	-3.80985e-17
0.0045	0.0003	8.24477e-18
0.0045	0.0006	-2.60776e-17
0.0045	0.0009	8.40938e-19
0.0045	0.0012	1.4442e-20
0.0045	0.0015	-5.32311e-18
0.0045	0.0018	-3.09505e-17
0.0045	0.0021	3.43281e-18
0.0045	0.0024	-8.49008e-17
0.0045	0.0027	4.09298e-17
0.0045	0.003	-1.73033e-16
0.0045	0.0033	4.74433e-17
0.0045	0.0036	-2.19048e-16
0.0045	0.0039	-1.17768e-17
0.0045	0.0042	-2.10277e-16
0.0045	0.0045	1.13209e-19
0.0045	0.0048	-2.33091e-16
0.0045	0.0051	-7.15166e-17
0.0045	0.0054	-1.80307e-16
0.0045	0.0057	-9.97367e-17
0.0048	-0.006	-1.67102e-16
0.0048	-0.0057	-1.45983e-16
0.0048	-0.0054	-1.51105e-16
0.0048	-0.0051	-8.817e-17
0.0048	-0.0048	-1.86312e-16
0.0048	-0.0045	-1.31048e-16
0.0048	-0.0042	-1.61388e-16
0.0048	-0.0039	-1.0068e-16
0.0048	-0.0036	-1.41511e-16
0.0048	-0.0033	-8.17283e-17
0.0048	-0.003	-1.44396e-16
0.0048	-0.0027	-8.9299e-18
0.0048	-0.0024	-1.02772e-16
0.0048	-0.0021	3.44575e-17
0.0048	-0.0018	-4.26046e-17
0.0048	-0.0015	-2.92813e-18
0.0048	-0.0012	3.0039e-17
0.0048	-0.0009	-3.39789e-17
0.0048	-0.0006	6.34747e-17
0.0048	-0.0003	-8.26034e-17
0.0048	0	4.66947e-18
0.0048	0.0003	-5.33091e-17
0.0048	0.0006	-1.4692e-17
0.0048	0.0009	-2.47619e-19
0.0048	0.0012	-2.90159e-17
0.0048	0.0015	1.48063e-17
0.0048	0.0018	4.98272e-18
0.0048	0.0021	-5.39263e-17
0.0048	0.0024	5.50543e-17
0.0048	0.0027	-1.10459e-16
0.0048	0.003	9.05394e-17
0.0048	0.0033	-1.66288e-16
0.0048	0.0036	8.01823e-17
0.0048	0.0039	-1.76026e-16
0.0048	0.0042	4.07733e-17
0.0048	0.0045	-1.76655e-16
0.0048	0.0048	1.01313e-17
0.0048	0.0051	-1.59828e-16
0.0048	0.0054	-4.47561e-17
0.0048	0.0057	-1.32259e-16
0.0051	-0.006	-7.54343e-17
0.0051	-0.0057	-8.39334e-17
0.0051	-0.0054	-9.86612e-17
0.0051	-0.0051	-6.49998e-17
0.0051	-0.0048	-6.91768e-17
0.0051	-0.0045	-1.10126e-16
0.0051	-0.0042	-6.79569e-17
0.0051	-0.0039	-1.07036e-16
0.0051	-0.0036	-7.38267e-17
0.0051	-0.0033	-5.79461e-17
0.0051	-0.003	-6.08246e-17
0.0051	-0.0027	-4.89551e-17
0.0051	-0.0024	-1.57394e-17
0.0051	-0.0021	-2.55033e-17
0.0051	-0.0018	-1.17271e-17
0.0051	-0.0015	-1.18967e-17
0.0051	-0.0012	-2.46481e-17
0.0051	-0.0009	-5.05843e-18
0.0051	-0.0006	-2.42785e-17
0.0051	-0.0003	-3.20377e-18
0.0051	0	-4.81699e-17
0.0051	0.0003	1.3557e-17
0.0051	0.0006	-3.50723e-17
0.0051	0.0009	2.14392e-17
0.0051	0.0012	-4.16748e-17
0.0051	0.0015	3.07347e-17
0.0051	0.0018	-5.98728e-17
0.0051	0.0021	7.09154e-17
0.0051	0.0024	-9.73166e-17
0.0051	0.0027	7.54744e-17
0.0051	0.003	-1.19524e-16
0.0051	0.0033	4.39177e-17
0.0051	0.0036	-9.28362e-17
0.0051	0.0039	3.4076e-17
0.0051	0.0042	-8.64807e-17
0.0051	0.0045	-4.29878e-18
0.0051	0.0048	-6.59459e-17
0.0051	0.0051	-4.82004e-17
0.0051	0.0054	-3.70093e-17
0.0051	0.0057	-1.01563e-16
0.0054	-0.006	1.39549e-17
0.0054	-0.0057	-6.59015e-17
0.0054	-0.0054	2.65612e-17
0.0054	-0.0051	-7.20646e-17
0.0054	-0.0048	4.95506e-17
0.0054	-0.0045	-6.53182e-17
0.0054	-0.0042	2.18792e-17
0.0054	-0.0039	-3.6729e-17
0.0054	-0.0036	3.35817e-17
0.0054	-0.0033	-9.57527e-17
0.0054	-0.003	2.23842e-17
0.0054	-0.0027	-9.82821e-17
0.0054	-0.0024	9.17951e-18
0.0054	-0.0021	-8.01163e-17
0.0054	-0.0018	-1.09572e-17
0.0054	-0.0015	-2.65101e-17
0.0054	-0.0012	-7.54516e-17
0.0054	-0.0009	2.85701e-17
0.0054	-0.0006	-8.37804e-17
0.0054	-0.0003	4.3005e-17
0.0054	0	-5.15272e-17
0.0054	0.0003	1.26387e-17
0.0054	0.0006	7.32761e-18
0.0054	0.0009	-3.27455e-17
0.0054	0.0012	1.06117e-16
0.0054	0.0015	-1.24001e-16
0.0054	0.0018	1.34833e-16
0.0054	0.0021	-1.47515e-16
0.0054	0.0024	7.4843e-17
0.0054	0.0027	-9.00042e-17
0.0054	0.003	1.3353e-17
0.0054	0.0033	-5.18561e-17
0.0054	0.0036	-2.03457e-17
0.0054	0.0039	-8.60556e-18
0.0054	0.0042	-5.35523e-17
0.0054	0.0045	1.81315e-17
0.0054	0.0048	-8.45687e-17
0.0054	0.0051	4.57263e-17
0.0054	0.0054	-8.69033e-17
0.0054	0.0057	6.28716e-17
0.0057	-0.006	-5.01695e-17
0.0057	-0.0057	5.41286e-17
0.0057	-0.0054	-7.1159e-17
0.0057	-0.0051	5.20558e-17
0.0057	-0.0048	-7.89385e-17
0.0057	-0.0045	6.79524e-17
0.0057	-0.0042	-6.39041e-17
0.0057	-0.0039	5.63693e-17
0.0057	-0.0036	-7.92729e-17
0.0057	-0.0033	5.92943e-17
0.0057	-0.003	-7.63894e-17
0.0057	-0.0027	4.70283e-17
0.0057	-0.0024	-8.2936e-17
0.0057	-0.0021	1.70095e-17
0.0057	-0.0018	-5.01363e-17
0.0057	-0.0015	-6.02367e-17
0.0057	-0.0012	-4.32268e-18
0.0057	-0.0009	-7.71647e-17
0.0057	-0.0006	4.23865e-17
0.0057	-0.0003	-7.52122e-17
0.0057	0	7.07061e-17
0.0057	0.0003	-2.55202e-17
0.0057	0.0006	4.81413e-18
0.0057	0.0009	5.5198e-17
0.0057	0.0012	-7.23924e-17
0.0057	0.0015	8.27205e-17
0.0057	0.0018	-1.2138e-16
0.0057	0.0021	6.67996e-17
0.0057	0.0024	-9.14669e-17
0.0057	0.0027	9.83863e-18
0.0057	0.003	-3.661e-17
0.0057	0.0033	-2.15335e-17
0.0057	0.0036	-4.24414e-18
0.0057	0.0039	-4.92217e-17
0.0057	0.0042	2.88128e-17
0.0057	0.0045	-6.87544e-17
0.0057	0.0048	5.22202e-17
0.0057	0.0051	-7.56345e-17
0.0057	0.0054	6.3025e-17
0.0057	0.0057	-5.67851e-17
