-0.006	-0.006	1.05489e-16
-0.006	-0.0057	1.26944e-15
-0.006	-0.0054	-1.85733e-15
-0.006	-0.0051	2.93694e-16
-0.006	-0.0048	2.11887e-16
-0.006	-0.0045	-1.21373e-16
-0.006	-0.0042	-5.21837e-16
-0.006	-0.0039	5.2563e-16
-0.006	-0.0036	-9.56333e-17
-0.006	-0.0033	-2.22606e-16
-0.006	-0.003	-1.06152e-16
-0.006	-0.0027	-6.55601e-17
-0.006	-0.0024	-9.75183e-18
-0.006	-0.0021	2.46837e-16
-0.006	-0.0018	-1.74675e-16
-0.006	-0.0015	-4.52435e-17
-0.006	-0.0012	-2.95372e-16
-0.006	-0.0009	-7.10314e-17
-0.006	-0.0006	1.36872e-17
-0.006	-0.0003	-4.85273e-18
-0.006	0	-1.62829e-17
-0.006	0.0003	1.01208e-16
-0.006	0.0006	3.24398e-17
-0.006	0.0009	-9.69916e-17
-0.006	0.0012	1.53502e-16
-0.006	0.0015	-2.31523e-17
-0.006	0.0018	-1.22684e-17
-0.006	0.0021	-8.66217e-18
-0.006	0.0024	1.37435e-16
-0.006	0.0027	3.76821e-17
-0.006	0.003	-1.89889e-17
-0.006	0.0033	1.59384e-17
-0.006	0.0036	-2.9706e-17
-0.006	0.0039	-1.39839e-16
-0.006	0.0042	1.01997e-15
-0.006	0.0045	-1.93206e-16
-0.006	0.0048	2.66922e-16
-0.006	0.0051	1.741e-15
-0.006	0.0054	-3.03771e-16
-0.006	0.0057	-2.66802e-16
-0.0057	-0.006	1.09319e-15
-0.0057	-0.0057	6.80508e-16
-0.0057	-0.0054	-4.44772e-16
-0.0057	-0.0051	-7.5335e-16
-0.0057	-0.0048	2.21023e-16
-0.0057	-0.0045	-3.94063e-16
-0.0057	-0.0042	6.79718e-17
-0.0057	-0.0039	5.73153e-16
-0.0057	-0.0036	9.16249e-17
-0.0057	-0.0033	-1.22138e-15
-0.0057	-0.003	-6.70043e-17
-0.0057	-0.0027	4.49089e-15
-0.0057	-0.0024	-2.0081e-17
-0.0057	-0.0021	2.11863e-15
-0.0057	-0.0018	4.37324e-17
-0.0057	-0.0015	-1.59197e-15
-0.0057	-0.0012	-3.39909e-17
-0.0057	-0.0009	-2.82569e-15
-0.0057	-0.0006	-5.15434e-17
-0.0057	-0.0003	-4.74834e-15
-0.0057	0	-6.11701e-17
-0.0057	0.0003	-1.73043e-15
-0.0057	0.0006	-4.20112e-17
-0.0057	0.0009	-9.98451e-16
-0.0057	0.0012	-1.05302e-18
-0.0057	0.0015	-9.11621e-15
-0.0057	0.0018	-9.95986e-18
-0.0057	0.0021	6.02571e-17
-0.0057	0.0024	-2.55224e-17
-0.0057	0.0027	3.48856e-15
-0.0057	0.003	-4.34054e-17
-0.0057	0.0033	-2.89423e-15
-0.0057	0.0036	-9.40033e-17
-0.0057	0.0039	1.60219e-16
-0.0057	0.0042	-8.29441e-17
-0.0057	0.0045	2.31364e-15
-0.0057	0.0048	-6.77624e-16
-0.0057	0.0051	-3.68932e-15
-0.0057	0.0054	1.1373e-16
-0.0057	0.0057	-7.84889e-17
-0.0054	-0.006	-2.24506e-16
-0.0054	-0.0057	1.36572e-16
-0.0054	-0.0054	8.20932e-16
-0.0054	-0.0051	3.07396e-15
-0.0054	-0.0048	-1.78901e-15
-0.0054	-0.0045	-1.73231e-15
-0.0054	-0.0042	-6.02599e-17
-0.0054	-0.0039	-7.40329e-17
-0.0054	-0.0036	-1.07646e-16
-0.0054	-0.0033	1.28754e-17
-0.0054	-0.003	4.92521e-16
-0.0054	-0.0027	-1.77802e-16
-0.0054	-0.0024	-1.90167e-16
-0.0054	-0.0021	2.20039e-16
-0.0054	-0.0018	8.79331e-16
-0.0054	-0.0015	-4.38788e-17
-0.0054	-0.0012	-1.09224e-15
-0.0054	-0.0009	-4.99797e-17
-0.0054	-0.0006	2.05595e-16
-0.0054	-0.0003	-6.62056e-17
-0.0054	0	-2.41413e-16
-0.0054	0.0003	-6.31314e-17
-0.0054	0.0006	-1.30578e-16
-0.0054	0.0009	-2.18911e-17
-0.0054	0.0012	-7.16832e-17
-0.0054	0.0015	-1.73052e-17
-0.0054	0.0018	-7.52574e-17
-0.0054	0.0021	-2.6248e-17
-0.0054	0.0024	3.60692e-17
-0.0054	0.0027	-5.28029e-17
-0.0054	0.003	-3.34715e-17
-0.0054	0.0033	2.08931e-17
-0.0054	0.0036	1.36117e-17
-0.0054	0.0039	-2.78747e-16
-0.0054	0.0042	-4.31399e-17
-0.0054	0.0045	-1.56382e-16
-0.0054	0.0048	-1.90271e-16
-0.0054	0.0051	-1.24892e-15
-0.0054	0.0054	5.30995e-16
-0.0054	0.0057	-6.15719e-16
-0.0051	-0.006	7.34962e-16
-0.0051	-0.0057	-5.7859e-16
-0.0051	-0.0054	9.6968e-16
-0.0051	-0.0051	-2.33882e-15
-0.0051	-0.0048	-4.83814e-16
-0.0051	-0.0045	-2.01682e-16
-0.0051	-0.0042	7.26857e-17
-0.0051	-0.0039	-7.17104e-16
-0.0051	-0.0036	1.39799e-17
-0.0051	-0.0033	1.53795e-16
-0.0051	-0.003	-1.37885e-16
-0.0051	-0.0027	-2.2443e-16
-0.0051	-0.0024	2.24224e-16
-0.0051	-0.0021	-1.15359e-16
-0.0051	-0.0018	1.60006e-17
-0.0051	-0.0015	-4.52367e-18
-0.0051	-0.0012	1.41719e-17
-0.0051	-0.0009	-8.62827e-17
-0.0051	-0.0006	-1.31375e-16
-0.0051	-0.0003	-1.82474e-17
-0.0051	0	-5.86767e-17
-0.0051	0.0003	-1.37942e-16
-0.0051	0.0006	-3.48157e-17
-0.0051	0.0009	-1.01213e-16
-0.0051	0.0012	-5.01038e-17
-0.0051	0.0015	-1.00646e-16
-0.0051	0.0018	-2.09756e-17
-0.0051	0.0021	1.00997e-17
-0.0051	0.0024	-3.50437e-17
-0.0051	0.0027	2.67198e-17
-0.0051	0.003	-6.13391e-17
-0.0051	0.0033	-2.78464e-17
-0.0051	0.0036	-5.08824e-17
-0.0051	0.0039	-1.22214e-16
-0.0051	0.0042	-2.6372e-16
-0.0051	0.0045	3.30264e-17
-0.0051	0.0048	-3.09129e-16
-0.0051	0.0051	-2.22693e-16
-0.0051	0.0054	-1.47304e-15
-0.0051	0.0057	1.02346e-16
-0.0048	-0.006	-1.77998e-15
-0.0048	-0.0057	1.52398e-16
-0.0048	-0.0054	-2.11301e-15
-0.0048	-0.0051	-3.69962e-16
-0.0048	-0.0048	-4.56487e-16
-0.0048	-0.0045	3.46472e-16
-0.0048	-0.0042	-3.39283e-16
-0.0048	-0.0039	-4.10375e-16
-0.0048	-0.0036	-2.44928e-16
-0.0048	-0.0033	7.22846e-17
-0.0048	-0.003	-4.8498e-17
-0.0048	-0.0027	7.60602e-17
-0.0048	-0.0024	-1.15217e-16
-0.0048	-0.0021	3.04449e-16
-0.0048	-0.0018	-1.08874e-16
-0.0048	-0.0015	-9.91459e-17
-0.0048	-0.0012	-6.74074e-18
-0.0048	-0.0009	-9.74601e-17
-0.0048	-0.0006	-1.10119e-17
-0.0048	-0.0003	-7.42176e-17
-0.0048	0	-5.95289e-17
-0.0048	0.0003	-9.69222e-17
-0.0048	0.0006	-1.47532e-16
-0.0048	0.0009	-1.52284e-17
-0.0048	0.0012	-7.73221e-17
-0.0048	0.0015	-2.21638e-17
-0.0048	0.0018	-1.12716e-16
-0.0048	0.0021	-4.33941e-17
-0.0048	0.0024	7.06993e-17
-0.0048	0.0027	-1.17289e-16
-0.0048	0.003	-2.06027e-17
-0.0048	0.0033	-8.87586e-18
-0.0048	0.0036	1.11625e-16
-0.0048	0.0039	-2.93376e-16
-0.0048	0.0042	-2.33756e-16
-0.0048	0.0045	-2.312e-16
-0.0048	0.0048	2.24561e-17
-0.0048	0.0051	-1.69812e-16
-0.0048	0.0054	1.50773e-17
-0.0048	0.0057	-7.63471e-16
-0.0045	-0.006	1.01599e-16
-0.0045	-0.0057	-8.5901e-16
-0.0045	-0.0054	9.23193e-17
-0.0045	-0.0051	-1.27497e-16
-0.0045	-0.0048	2.32078e-16
-0.0045	-0.0045	-1.87971e-16
-0.0045	-0.0042	-6.14204e-16
-0.0045	-0.0039	-9.38283e-16
-0.0045	-0.0036	3.7492e-16
-0.0045	-0.0033	3.64943e-16
-0.0045	-0.003	-1.87546e-16
-0.0045	-0.0027	-3.3191e-16
-0.0045	-0.0024	4.47484e-16
-0.0045	-0.0021	-1.27403e-16
-0.0045	-0.0018	-1.71969e-16
-0.0045	-0.0015	8.41464e-17
-0.0045	-0.0012	7.85516e-18
-0.0045	-0.0009	-6.76271e-17
-0.0045	-0.0006	-1.71375e-16
-0.0045	-0.0003	3.55378e-17
-0.0045	0	-1.00548e-16
-0.0045	0.0003	-1.32313e-16
-0.0045	0.0006	4.74108e-19
-0.0045	0.0009	-9.02103e-17
-0.0045	0.0012	-6.18495e-17
-0.0045	0.0015	-8.76444e-17
-0.0045	0.0018	2.56374e-17
-0.0045	0.0021	-9.78778e-17
-0.0045	0.0024	-3.80995e-17
-0.0045	0.0027	1.79362e-16
-0.0045	0.003	-2.42113e-16
-0.0045	0.0033	-1.004e-16
-0.0045	0.0036	2.23115e-16
-0.0045	0.0039	1.14994e-16
-0.0045	0.0042	-4.55646e-16
-0.0045	0.0045	-3.10621e-16
-0.0045	0.0048	-5.74267e-16
-0.0045	0.0051	-2.23598e-16
-0.0045	0.0054	-4.0259e-16
-0.0045	0.0057	-1.28433e-16
-0.0042	-0.006	-4.30795e-16
-0.0042	-0.0057	-1.15748e-16
-0.0042	-0.0054	-4.39703e-16
-0.0042	-0.0051	-2.50176e-16
-0.0042	-0.0048	-8.36074e-16
-0.0042	-0.0045	-6.05328e-16
-0.0042	-0.0042	-1.18999e-15
-0.0042	-0.0039	3.36635e-16
-0.0042	-0.0036	7.98707e-16
-0.0042	-0.0033	-3.14281e-16
-0.0042	-0.003	-5.40993e-16
-0.0042	-0.0027	5.04076e-16
-0.0042	-0.0024	5.33721e-18
-0.0042	-0.0021	3.51891e-17
-0.0042	-0.0018	-1.66274e-17
-0.0042	-0.0015	-7.7915e-17
-0.0042	-0.0012	-4.20557e-17
-0.0042	-0.0009	-2.40747e-16
-0.0042	-0.0006	6.23318e-17
-0.0042	-0.0003	-4.10607e-17
-0.0042	0	-1.18602e-16
-0.0042	0.0003	-1.49031e-16
-0.0042	0.0006	-7.1897e-17
-0.0042	0.0009	1.45589e-17
-0.0042	0.0012	-4.49243e-17
-0.0042	0.0015	4.42587e-17
-0.0042	0.0018	-9.89847e-17
-0.0042	0.0021	-4.51943e-17
-0.0042	0.0024	-8.61643e-17
-0.0042	0.0027	-2.03787e-17
-0.0042	0.003	2.27662e-16
-0.0042	0.0033	-3.78381e-16
-0.0042	0.0036	-1.86135e-17
-0.0042	0.0039	3.12685e-16
-0.0042	0.0042	1.76748e-16
-0.0042	0.0045	-2.58477e-16
-0.0042	0.0048	-1.52454e-16
-0.0042	0.0051	-7.34875e-16
-0.0042	0.0054	-2.99418e-16
-0.0042	0.0057	-8.7561e-16
-0.0039	-0.006	-3.24597e-16
-0.0039	-0.0057	-9.90938e-16
-0.0039	-0.0054	-3.28069e-16
-0.0039	-0.0051	-1.0598e-15
-0.0039	-0.0048	-2.04796e-16
-0.0039	-0.0045	-6.22811e-16
-0.0039	-0.0042	3.72124e-16
-0.0039	-0.0039	9.66963e-16
-0.0039	-0.0036	-1.51432e-16
-0.0039	-0.0033	-6.34415e-16
-0.0039	-0.003	4.14223e-16
-0.0039	-0.0027	-9.26525e-17
-0.0039	-0.0024	2.404e-16
-0.0039	-0.0021	-1.93358e-16
-0.0039	-0.0018	-3.32766e-16
-0.0039	-0.0015	1.29999e-16
-0.0039	-0.0012	-6.6872e-17
-0.0039	-0.0009	-8.11516e-17
-0.0039	-0.0006	-9.76506e-17
-0.0039	-0.0003	-3.06627e-17
-0.0039	0	-1.89763e-16
-0.0039	0.0003	-2.13498e-16
-0.0039	0.0006	-2.28951e-17
-0.0039	0.0009	-6.07366e-17
-0.0039	0.0012	-1.13516e-16
-0.0039	0.0015	-4.29659e-18
-0.0039	0.0018	1.57703e-16
-0.0039	0.0021	-1.44857e-16
-0.0039	0.0024	-3.85514e-17
-0.0039	0.0027	4.51221e-18
-0.0039	0.003	-6.94203e-17
-0.0039	0.0033	1.7761e-16
-0.0039	0.0036	-4.36163e-16
-0.0039	0.0039	-7.29204e-17
-0.0039	0.0042	2.70481e-16
-0.0039	0.0045	9.2902e-17
-0.0039	0.0048	7.62308e-17
-0.0039	0.0051	9.28405e-17
-0.0039	0.0054	-2.49478e-16
-0.0039	0.0057	8.83932e-17
-0.0036	-0.006	-4.45043e-16
-0.0036	-0.0057	1.20669e-16
-0.0036	-0.0054	-3.50965e-16
-0.0036	-0.0051	1.93921e-16
-0.0036	-0.0048	1.15973e-16
-0.0036	-0.0045	2.35866e-16
-0.0036	-0.0042	6.3559e-16
-0.0036	-0.0039	-2.50831e-16
-0.0036	-0.0036	-6.89829e-16
-0.0036	-0.0033	1.45918e-16
-0.0036	-0.003	-2.11213e-16
-0.0036	-0.0027	4.94982e-16
-0.0036	-0.0024	-8.93717e-17
-0.0036	-0.0021	-3.51676e-16
-0.0036	-0.0018	1.5574e-16
-0.0036	-0.0015	9.63522e-17
-0.0036	-0.0012	-1.91473e-16
-0.0036	-0.0009	-2.91045e-16
-0.0036	-0.0006	3.86074e-17
-0.0036	-0.0003	2.71203e-17
-0.0036	0	-2.82788e-16
-0.0036	0.0003	-1.4649e-16
-0.0036	0.0006	-6.5593e-17
-0.0036	0.0009	-5.91318e-17
-0.0036	0.0012	-2.37632e-16
-0.0036	0.0015	-1.0184e-16
-0.0036	0.0018	-1.42083e-17
-0.0036	0.0021	9.78487e-17
-0.0036	0.0024	-2.21856e-16
-0.0036	0.0027	-1.6608e-17
-0.0036	0.003	2.02026e-16
-0.0036	0.0033	-1.67707e-16
-0.0036	0.0036	2.66613e-16
-0.0036	0.0039	-4.29622e-16
-0.0036	0.0042	-1.38488e-16
-0.0036	0.0045	5.85756e-18
-0.0036	0.0048	-1.53969e-16
-0.0036	0.0051	1.50847e-16
-0.0036	0.0054	-5.68021e-17
-0.0036	0.0057	1.64797e-16
-0.0033	-0.006	-1.1704e-18
-0.0033	-0.0057	1.64366e-16
-0.0033	-0.0054	-3.24087e-17
-0.0033	-0.0051	2.68612e-16
-0.0033	-0.0048	-1.68688e-16
-0.0033	-0.0045	6.92354e-17
-0.0033	-0.0042	-3.04274e-16
-0.0033	-0.0039	-6.62782e-16
-0.0033	-0.0036	3.07045e-16
-0.0033	-0.0033	-2.2356e-16
-0.0033	-0.003	8.4479e-16
-0.0033	-0.0027	-4.06418e-17
-0.0033	-0.0024	-3.08699e-16
-0.0033	-0.0021	-8.52859e-17
-0.0033	-0.0018	-1.13107e-16
-0.0033	-0.0015	-1.05006e-16
-0.0033	-0.0012	-2.99289e-16
-0.0033	-0.0009	-2.91666e-17
-0.0033	-0.0006	9.92003e-17
-0.0033	-0.0003	-2.06428e-16
-0.0033	0	-2.13945e-16
-0.0033	0.0003	-2.30764e-16
-0.0033	0.0006	-4.0674e-18
-0.0033	0.0009	-6.17058e-18
-0.0033	0.0012	-1.04032e-16
-0.0033	0.0015	-1.43739e-16
-0.0033	0.0018	-4.62385e-17
-0.0033	0.0021	-1.6292e-16
-0.0033	0.0024	7.90572e-17
-0.0033	0.0027	-3.29543e-16
-0.0033	0.003	-6.86328e-17
-0.0033	0.0033	2.54101e-16
-0.0033	0.0036	-1.58944e-16
-0.0033	0.0039	4.16485e-16
-0.0033	0.0042	-4.19685e-16
-0.0033	0.0045	7.73796e-17
-0.0033	0.0048	-3.78065e-16
-0.0033	0.0051	-5.6958e-17
-0.0033	0.0054	-2.09609e-16
-0.0033	0.0057	-9.36605e-17
-0.003	-0.006	-1.81871e-16
-0.003	-0.0057	-1.02848e-16
-0.003	-0.0054	-2.28029e-16
-0.003	-0.0051	-8.02166e-17
-0.003	-0.0048	-4.38953e-16
-0.003	-0.0045	1.11816e-16
-0.003	-0.0042	-6.07337e-16
-0.003	-0.0039	6.44702e-16
-0.003	-0.0036	-1.82544e-16
-0.003	-0.0033	7.43619e-16
-0.003	-0.003	-5.9112e-17
-0.003	-0.0027	-5.05996e-16
-0.003	-0.0024	-1.876e-16
-0.003	-0.0021	-2.58235e-16
-0.003	-0.0018	4.2395e-17
-0.003	-0.0015	-6.21777e-17
-0.003	-0.0012	-1.34787e-16
-0.003	-0.0009	-1.76136e-16
-0.003	-0.0006	-6.32514e-17
-0.003	-0.0003	-9.19663e-17
-0.003	0	-3.41429e-16
-0.003	0.0003	-8.95357e-17
-0.003	0.0006	-3.46441e-17
-0.003	0.0009	-1.0344e-16
-0.003	0.0012	-1.53696e-16
-0.003	0.0015	1.66197e-17
-0.003	0.0018	-1.43242e-16
-0.003	0.0021	-6.57554e-17
-0.003	0.0024	-1.22295e-16
-0.003	0.0027	3.42029e-17
-0.003	0.003	-3.20001e-16
-0.003	0.0033	-6.64382e-17
-0.003	0.0036	1.31249e-16
-0.003	0.0039	-7.45239e-17
-0.003	0.0042	3.71846e-16
-0.003	0.0045	-2.77528e-16
-0.003	0.0048	3.32229e-16
-0.003	0.0051	-4.00971e-16
-0.003	0.0054	2.60791e-16
-0.003	0.0057	-4.09278e-16
-0.0027	-0.006	2.42437e-16
-0.0027	-0.0057	-4.59607e-16
-0.0027	-0.0054	3.22888e-16
-0.0027	-0.0051	-4.77247e-16
-0.0027	-0.0048	5.07769e-16
-0.0027	-0.0045	-3.52422e-16
-0.0027	-0.0042	6.92625e-16
-0.0027	-0.0039	-7.31402e-17
-0.0027	-0.0036	3.62366e-16
-0.0027	-0.0033	-8.19696e-17
-0.0027	-0.003	-4.62743e-16
-0.0027	-0.0027	-2.31441e-16
-0.0027	-0.0024	-8.43792e-17
-0.0027	-0.0021	1.31832e-16
-0.0027	-0.0018	-7.14255e-17
-0.0027	-0.0015	-2.23931e-16
-0.0027	-0.0012	-4.21193e-16
-0.0027	-0.0009	1.85736e-16
-0.0027	-0.0006	7.63639e-17
-0.0027	-0.0003	-2.3789e-16
-0.0027	0	-1.34856e-16
-0.0027	0.0003	-4.57568e-17
-0.0027	0.0006	-1.58338e-16
-0.0027	0.0009	-1.58043e-16
-0.0027	0.0012	4.65229e-17
-0.0027	0.0015	-7.87449e-17
-0.0027	0.0018	-3.24638e-17
-0.0027	0.0021	-3.41945e-16
-0.0027	0.0024	-1.19362e-17
-0.0027	0.0027	-1.23885e-16
-0.0027	0.003	-6.2831e-17
-0.0027	0.0033	-2.73461e-16
-0.0027	0.0036	-1.27549e-16
-0.0027	0.0039	-2.17646e-17
-0.0027	0.0042	-1.42513e-16
-0.0027	0.0045	2.84895e-16
-0.0027	0.0048	-2.33677e-16
-0.0027	0.0051	5.13656e-16
-0.0027	0.0054	-2.67596e-16
-0.0027	0.0057	6.08216e-16
-0.0024	-0.006	-2.9918e-16
-0.0024	-0.0057	6.71156e-16
-0.0024	-0.0054	-3.15473e-16
-0.0024	-0.0051	7.29052e-16
-0.0024	-0.0048	-2.56942e-16
-0.0024	-0.0045	6.16717e-16
-0.0024	-0.0042	-1.70295e-16
-0.0024	-0.0039	1.17505e-16
-0.0024	-0.0036	-2.2539e-16
-0.0024	-0.0033	-3.86423e-16
-0.0024	-0.003	-2.05863e-16
-0.0024	-0.0027	-1.41363e-16
-0.0024	-0.0024	1.46335e-16
-0.0024	-0.0021	-2.3587e-16
-0.0024	-0.0018	-2.3534e-16
-0.0024	-0.0015	-4.40428e-16
-0.0024	-0.0012	2.53089e-16
-0.0024	-0.0009	1.18761e-16
-0.0024	-0.0006	-3.21219e-16
-0.0024	-0.0003	-2.32149e-16
-0.0024	0	5.73966e-17
-0.0024	0.0003	9.87077e-17
-0.0024	0.0006	8.47557e-17
-0.0024	0.0009	-2.28039e-16
-0.0024	0.0012	-2.07193e-16
-0.0024	0.0015	1.058e-16
-0.0024	0.0018	-1.65761e-16
-0.0024	0.0021	-1.37804e-16
-0.0024	0.0024	-2.41172e-16
-0.0024	0.0027	3.15211e-17
-0.0024	0.003	-1.56922e-16
-0.0024	0.0033	1.71751e-17
-0.0024	0.0036	-3.73655e-16
-0.0024	0.0039	-1.10216e-16
-0.0024	0.0042	-3.32949e-16
-0.0024	0.0045	-2.52682e-16
-0.0024	0.0048	-2.6998e-17
-0.0024	0.0051	-3.23417e-16
-0.0024	0.0054	2.64108e-16
-0.0024	0.0057	-3.54573e-16
-0.0021	-0.006	3.8359e-16
-0.0021	-0.0057	-3.76957e-16
-0.0021	-0.0054	3.67297e-16
-0.0021	-0.0051	-3.62497e-16
-0.0021	-0.0048	1.48839e-16
-0.0021	-0.0045	-2.98675e-16
-0.0021	-0.0042	-2.84004e-16
-0.0021	-0.0039	-2.08471e-16
-0.0021	-0.0036	-5.46099e-16
-0.0021	-0.0033	2.42468e-17
-0.0021	-0.003	-2.55224e-16
-0.0021	-0.0027	1.42261e-16
-0.0021	-0.0024	-1.21336e-16
-0.0021	-0.0021	-2.57463e-16
-0.0021	-0.0018	-3.01111e-16
-0.0021	-0.0015	9.36558e-17
-0.0021	-0.0012	-1.14872e-16
-0.0021	-0.0009	-2.18461e-16
-0.0021	-0.0006	-3.0623e-16
-0.0021	-0.0003	-1.51401e-16
-0.0021	0	2.04817e-16
-0.0021	0.0003	1.4669e-16
-0.0021	0.0006	-1.73198e-16
-0.0021	0.0009	8.88419e-17
-0.0021	0.0012	1.95104e-17
-0.0021	0.0015	-2.50237e-16
-0.0021	0.0018	2.87518e-17
-0.0021	0.0021	-3.11059e-16
-0.0021	0.0024	-2.09268e-16
-0.0021	0.0027	-9.03685e-17
-0.0021	0.003	-6.66021e-17
-0.0021	0.0033	-6.8322e-17
-0.0021	0.0036	1.25207e-16
-0.0021	0.0039	-3.4902e-16
-0.0021	0.0042	1.62481e-19
-0.0021	0.0045	-4.27399e-16
-0.0021	0.0048	-1.03688e-16
-0.0021	0.0051	-3.26363e-16
-0.0021	0.0054	-1.68367e-16
-0.0021	0.0057	-2.08721e-16
-0.0018	-0.006	-1.91687e-16
-0.0018	-0.0057	-1.83017e-16
-0.0018	-0.0054	-2.04967e-16
-0.0018	-0.0051	-2.67369e-16
-0.0018	-0.0048	-8.67433e-17
-0.0018	-0.0045	-3.93452e-16
-0.0018	-0.0042	3.59476e-17
-0.0018	-0.0039	-3.94433e-16
-0.0018	-0.0036	1.27532e-16
-0.0018	-0.0033	-6.3156e-17
-0.0018	-0.003	-3.39671e-17
-0.0018	-0.0027	-3.59938e-17
-0.0018	-0.0024	-3.3379e-16
-0.0018	-0.0021	-3.43003e-16
-0.0018	-0.0018	6.76147e-17
-0.0018	-0.0015	-4.93312e-16
-0.0018	-0.0012	-6.74368e-17
-0.0018	-0.0009	-6.79681e-17
-0.0018	-0.0006	-2.16176e-16
-0.0018	-0.0003	-1.97223e-16
-0.0018	0	2.31625e-16
-0.0018	0.0003	1.1188e-16
-0.0018	0.0006	-1.27789e-16
-0.0018	0.0009	-3.69746e-17
-0.0018	0.0012	2.5714e-16
-0.0018	0.0015	-7.45512e-17
-0.0018	0.0018	-3.08728e-16
-0.0018	0.0021	7.19424e-17
-0.0018	0.0024	-3.10023e-16
-0.0018	0.0027	-2.29398e-16
-0.0018	0.003	-2.05519e-16
-0.0018	0.0033	-1.07105e-16
-0.0018	0.0036	-1.72881e-16
-0.0018	0.0039	-3.91367e-17
-0.0018	0.0042	-2.31414e-16
-0.0018	0.0045	-5.85383e-17
-0.0018	0.0048	-1.96952e-16
-0.0018	0.0051	-1.86391e-17
-0.0018	0.0054	-1.71568e-16
-0.0018	0.0057	-3.92186e-17
-0.0015	-0.006	-1.29524e-16
-0.0015	-0.0057	-3.58621e-17
-0.0015	-0.0054	-1.42494e-16
-0.0015	-0.0051	-2.89485e-17
-0.0015	-0.0048	-9.74196e-17
-0.0015	-0.0045	2.94535e-17
-0.0015	-0.0042	-1.11152e-16
-0.0015	-0.0039	-9.77534e-17
-0.0015	-0.0036	-1.2238e-16
-0.0015	-0.0033	-2.43175e-16
-0.0015	-0.003	-3.35386e-16
-0.0015	-0.0027	-2.44189e-16
-0.0015	-0.0024	-5.2323e-16
-0.0015	-0.0021	1.18734e-16
-0.0015	-0.0018	-3.10464e-16
-0.0015	-0.0015	-1.27031e-16
-0.0015	-0.0012	2.96095e-16
-0.0015	-0.0009	-2.32091e-13
-0.0015	-0.0006	2.44608e-13
-0.0015	-0.0003	-2.84194e-13
-0.0015	0	4.07605e-13
-0.0015	0.0003	-3.39057e-13
-0.0015	0.0006	1.1887e-13
-0.0015	0.0009	-1.47269e-16
-0.0015	0.0012	8.9673e-18
-0.0015	0.0015	-1.06116e-16
-0.0015	0.0018	-1.69957e-16
-0.0015	0.0021	-1.01056e-17
-0.0015	0.0024	-5.48161e-17
-0.0015	0.0027	-1.77502e-16
-0.0015	0.003	-4.96127e-17
-0.0015	0.0033	-3.48399e-16
-0.0015	0.0036	-4.71622e-17
-0.0015	0.0039	-4.58061e-16
-0.0015	0.0042	-2.08144e-16
-0.0015	0.0045	-3.4916e-16
-0.0015	0.0048	-1.90525e-16
-0.0015	0.0051	-2.34825e-16
-0.0015	0.0054	-1.95761e-16
-0.0015	0.0057	-1.51768e-16
-0.0012	-0.006	-1.74835e-16
-0.0012	-0.0057	-1.44975e-16
-0.0012	-0.0054	-1.66423e-16
-0.0012	-0.0051	-1.69125e-16
-0.0012	-0.0048	-1.72156e-16
-0.0012	-0.0045	-2.83605e-16
-0.0012	-0.0042	-2.09337e-16
-0.0012	-0.0039	-4.89075e-16
-0.0012	-0.0036	-2.06304e-16
-0.0012	-0.0033	-5.91374e-16
-0.0012	-0.003	-1.02846e-17
-0.0012	-0.0027	-3.74872e-16
-0.0012	-0.0024	1.32731e-16
-0.0012	-0.0021	1.39377e-16
-0.0012	-0.0018	-2.07728e-16
-0.0012	-0.0015	1.13671e-16
-0.0012	-0.0012	-4.63861e-13
-0.0012	-0.0009	-1.93983e-07
-0.0012	-0.0006	2.04932e-07
-0.0012	-0.0003	-2.38028e-07
-0.0012	0	3.41367e-07
-0.0012	0.0003	-2.83941e-07
-0.0012	0.0006	9.94157e-08
-0.0012	0.0009	2.37848e-13
-0.0012	0.0012	-8.36774e-17
-0.0012	0.0015	-1.85561e-16
-0.0012	0.0018	-3.22663e-16
-0.0012	0.0021	-1.72477e-16
-0.0012	0.0024	7.41624e-17
-0.0012	0.0027	-1.87473e-16
-0.0012	0.003	1.4031e-17
-0.0012	0.0033	1.03735e-16
-0.0012	0.0036	-3.39942e-16
-0.0012	0.0039	-2.32813e-17
-0.0012	0.0042	-4.84101e-16
-0.0012	0.0045	-1.20458e-16
-0.0012	0.0048	-4.76463e-16
-0.0012	0.0051	-1.63552e-16
-0.0012	0.0054	-4.50221e-16
-0.0012	0.0057	-2.4136e-16
-0.0009	-0.006	-4.0387e-16
-0.0009	-0.0057	-2.01117e-16
-0.0009	-0.0054	-4.61708e-16
-0.0009	-0.0051	-1.73977e-16
-0.0009	-0.0048	-4.6209e-16
-0.0009	-0.0045	-9.13641e-17
-0.0009	-0.0042	-5.18514e-16
-0.0009	-0.0039	-3.9537e-17
-0.0009	-0.0036	-3.93801e-16
-0.0009	-0.0033	4.82876e-17
-0.0009	-0.003	-7.45002e-17
-0.0009	-0.0027	2.57742e-17
-0.0009	-0.0024	1.82923e-16
-0.0009	-0.0021	-4.08474e-16
-0.0009	-0.0018	-2.93912e-16
-0.0009	-0.0015	-2.32103e-13
-0.0009	-0.0012	-1.93984e-07
-0.0009	-0.0009	-0.162404
-0.0009	-0.0006	0.17157
-0.0009	-0.0003	-0.199279
-0.0009	0	0.285794
-0.0009	0.0003	-0.237717
-0.0009	0.0006	0.0832315
-0.0009	0.0009	9.94163e-08
-0.0009	0.0012	1.18892e-13
-0.0009	0.0015	-2.32685e-16
-0.0009	0.0018	3.64287e-18
-0.0009	0.0021	-1.28575e-16
-0.0009	0.0024	-3.61298e-16
-0.0009	0.0027	-4.44779e-17
-0.0009	0.003	-1.52738e-16
-0.0009	0.0033	-4.4557e-17
-0.0009	0.0036	-1.10392e-17
-0.0009	0.0039	-2.01414e-16
-0.0009	0.0042	-6.40212e-17
-0.0009	0.0045	-2.30323e-16
-0.0009	0.0048	-3.28858e-17
-0.0009	0.0051	-2.62971e-16
-0.0009	0.0054	-8.29599e-17
-0.0009	0.0057	-3.15738e-16
-0.0006	-0.006	-7.9502e-17
-0.0006	-0.0057	-3.25769e-16
-0.0006	-0.0054	-2.32723e-17
-0.0006	-0.0051	-2.69575e-16
-0.0006	-0.0048	2.01205e-17
-0.0006	-0.0045	-2.10561e-16
-0.0006	-0.0042	2.98548e-17
-0.0006	-0.0039	-1.35822e-16
-0.0006	-0.0036	-6.85673e-17
-0.0006	-0.0033	-2.51527e-17
-0.0006	-0.003	-2.55478e-16
-0.0006	-0.0027	-7.37624e-17
-0.0006	-0.0024	-4.03939e-16
-0.0006	-0.0021	-3.96634e-16
-0.0006	-0.0018	-1.774e-16
-0.0006	-0.0015	5.46275e-14
-0.0006	-0.0012	4.57502e-08
-0.0006	-0.0009	0.0383025
-0.0006	-0.0006	0.126613
-0.0006	-0.0003	-0.184331
-0.0006	0	0.0454266
-0.0006	0.0003	-0.0433284
-0.0006	0.0006	0.132157
-0.0006	0.0009	1.57855e-07
-0.0006	0.0012	1.88516e-13
-0.0006	0.0015	9.77049e-17
-0.0006	0.0018	6.32724e-17
-0.0006	0.0021	-2.09373e-17
-0.0006	0.0024	-1.15724e-16
-0.0006	0.0027	-2.45959e-16
-0.0006	0.003	-1.28117e-16
-0.0006	0.0033	-1.68875e-16
-0.0006	0.0036	-2.57437e-16
-0.0006	0.0039	-2.26855e-16
-0.0006	0.0042	-1.73187e-16
-0.0006	0.0045	-1.3306e-16
-0.0006	0.0048	-1.55311e-16
-0.0006	0.0051	-1.32048e-16
-0.0006	0.0054	-1.38818e-16
-0.0006	0.0057	-8.49171e-17
-0.0003	-0.006	-1.17836e-16
-0.0003	-0.0057	-5.299e-17
-0.0003	-0.0054	-1.10887e-16
-0.0003	-0.0051	-6.647e-17
-0.0003	-0.0048	-8.35764e-17
-0.0003	-0.0045	-6.55514e-17
-0.0003	-0.0042	-1.36805e-16
-0.0003	-0.0039	-2.33803e-16
-0.0003	-0.0036	-1.95829e-16
-0.0003	-0.0033	-3.93191e-16
-0.0003	-0.003	-3.10034e-16
-0.0003	-0.0027	-2.83019e-16
-0.0003	-0.0024	-2.25976e-16
-0.0003	-0.0021	-9.31409e-17
-0.0003	-0.0018	-1.06338e-16
-0.0003	-0.0015	-2.02457e-14
-0.0003	-0.0012	-1.70049e-08
-0.0003	-0.0009	-0.0142368
-0.0003	-0.0006	-0.199014
-0.0003	-0.0003	0.279793
-0.0003	0	-0.120374
-0.0003	0.0003	0.119498
-0.0003	0.0006	-0.199037
-0.0003	0.0009	-2.3774e-07
-0.0003	0.0012	-2.83901e-13
-0.0003	0.0015	-1.2167e-17
-0.0003	0.0018	1.71412e-16
-0.0003	0.0021	1.29299e-16
-0.0003	0.0024	-5.6547e-17
-0.0003	0.0027	1.83938e-17
-0.0003	0.003	-6.0825e-17
-0.0003	0.0033	-2.24907e-16
-0.0003	0.0036	-2.47183e-16
-0.0003	0.0039	-2.4684e-16
-0.0003	0.0042	-3.43026e-16
-0.0003	0.0045	-2.36668e-16
-0.0003	0.0048	-2.95657e-16
-0.0003	0.0051	-2.3753e-16
-0.0003	0.0054	-3.34463e-16
-0.0003	0.0057	-2.56538e-16
0	-0.006	-2.36123e-16
0	-0.0057	-2.2582e-16
0	-0.0054	-3.023e-16
0	-0.0051	-2.2939e-16
0	-0.0048	-3.33248e-16
0	-0.0045	-2.36774e-16
0	-0.0042	-3.33862e-16
0	-0.0039	-2.81843e-16
0	-0.0036	-3.94898e-16
0	-0.0033	-2.09692e-16
0	-0.003	-3.21108e-16
0	-0.0027	-5.38118e-17
0	-0.0024	1.29153e-16
0	-0.0021	1.73396e-16
0	-0.0018	2.52409e-16
0	-0.0015	2.83646e-13
0	-0.0012	2.3774e-07
0	-0.0009	0.199037
0	-0.0006	-0.119498
0	-0.0003	0.120374
0	0	-0.279793
0	0.0003	0.199014
0	0.0006	0.0142368
0	0.0009	1.70049e-08
0	0.0012	2.03272e-14
0	0.0015	4.06955e-17
0	0.0018	2.36056e-17
0	0.0021	1.43604e-17
0	0.0024	3.11308e-17
0	0.0027	1.74295e-16
0	0.003	1.33947e-17
0	0.0033	3.63253e-17
0	0.0036	-9.23258e-17
0	0.0039	-1.66691e-16
0	0.0042	-1.17433e-16
0	0.0045	-2.44134e-16
0	0.0048	-1.90628e-16
0	0.0051	-3.57565e-16
0	0.0054	-2.07894e-16
0	0.0057	-3.34115e-16
0.0003	-0.006	-2.1325e-16
0.0003	-0.0057	-3.2701e-16
0.0003	-0.0054	-2.08597e-16
0.0003	-0.0051	-3.55887e-16
0.0003	-0.0048	-1.59281e-16
0.0003	-0.0045	-2.69557e-16
0.0003	-0.0042	-1.26457e-16
0.0003	-0.0039	-2.01694e-16
0.0003	-0.0036	-4.5599e-17
0.0003	-0.0033	-7.458e-17
0.0003	-0.003	2.52256e-17
0.0003	-0.0027	1.36938e-16
0.0003	-0.0024	4.33061e-17
0.0003	-0.0021	1.6558e-16
0.0003	-0.0018	-2.70911e-17
0.0003	-0.0015	-1.88466e-13
0.0003	-0.0012	-1.57855e-07
0.0003	-0.0009	-0.132157
0.0003	-0.0006	0.0433285
0.0003	-0.0003	-0.0454266
0.0003	0	0.184331
0.0003	0.0003	-0.126613
0.0003	0.0006	-0.0383025
0.0003	0.0009	-4.57502e-08
0.0003	0.0012	-5.46244e-14
0.0003	0.0015	8.0949e-17
0.0003	0.0018	-3.66627e-17
0.0003	0.0021	-4.28361e-17
0.0003	0.0024	3.62283e-17
0.0003	0.0027	-2.32073e-17
0.0003	0.003	1.30377e-16
0.0003	0.0033	-1.08662e-16
0.0003	0.0036	7.36801e-17
0.0003	0.0039	1.53308e-17
0.0003	0.0042	1.4893e-17
0.0003	0.0045	-1.63612e-17
0.0003	0.0048	-7.49511e-17
0.0003	0.0051	-4.49512e-17
0.0003	0.0054	-1.48643e-16
0.0003	0.0057	-5.23281e-17
0.0006	-0.006	-1.16518e-16
0.0006	-0.0057	-4.87915e-17
0.0006	-0.0054	-9.80463e-17
0.0006	-0.0051	-3.08599e-17
0.0006	-0.0048	-7.19931e-17
0.0006	-0.0045	1.84165e-17
0.0006	-0.0042	7.68978e-17
0.0006	-0.0039	-4.22204e-17
0.0006	-0.0036	1.08535e-16
0.0006	-0.0033	2.174e-17
0.0006	-0.003	3.22205e-18
0.0006	-0.0027	-1.06286e-16
0.0006	-0.0024	1.49485e-16
0.0006	-0.0021	-1.21444e-16
0.0006	-0.0018	-1.23252e-17
0.0006	-0.0015	-1.18629e-13
0.0006	-0.0012	-9.94162e-08
0.0006	-0.0009	-0.0832315
0.0006	-0.0006	0.237717
0.0006	-0.0003	-0.285794
0.0006	0	0.199279
0.0006	0.0003	-0.17157
0.0006	0.0006	0.162404
0.0006	0.0009	1.93984e-07
0.0006	0.0012	2.31826e-13
0.0006	0.0015	4.9039e-17
0.0006	0.0018	1.22643e-16
0.0006	0.0021	-3.24625e-17
0.0006	0.0024	5.95286e-17
0.0006	0.0027	5.10808e-17
0.0006	0.003	-1.32566e-16
0.0006	0.0033	2.65199e-17
0.0006	0.0036	-6.97694e-17
0.0006	0.0039	2.61145e-17
0.0006	0.0042	-7.78542e-17
0.0006	0.0045	2.57402e-17
0.0006	0.0048	-5.91468e-17
0.0006	0.0051	1.18273e-18
0.0006	0.0054	-8.23469e-17
0.0006	0.0057	2.41206e-17
0.0009	-0.006	-9.52481e-17
0.0009	-0.0057	4.64174e-17
0.0009	-0.0054	-9.04528e-17
0.0009	-0.0051	2.91901e-17
0.0009	-0.0048	-7.36118e-17
0.0009	-0.0045	5.57633e-17
0.0009	-0.0042	-6.34387e-17
0.0009	-0.0039	9.61339e-17
0.0009	-0.0036	-1.53935e-16
0.0009	-0.0033	3.33779e-17
0.0009	-0.003	-3.54866e-17
0.0009	-0.0027	-2.05105e-16
0.0009	-0.0024	-3.00302e-17
0.0009	-0.0021	1.7777e-16
0.0009	-0.0018	2.26186e-16
0.0009	-0.0015	2.04719e-16
0.0009	-0.0012	-2.37242e-13
0.0009	-0.0009	-9.94157e-08
0.0009	-0.0006	2.83941e-07
0.0009	-0.0003	-3.41367e-07
0.0009	0	2.38028e-07
0.0009	0.0003	-2.04932e-07
0.0009	0.0006	1.93983e-07
0.0009	0.0009	4.63377e-13
0.0009	0.0012	-5.61994e-17
0.0009	0.0015	3.68128e-17
0.0009	0.0018	-4.1876e-17
0.0009	0.0021	1.52407e-16
0.0009	0.0024	1.05174e-16
0.0009	0.0027	4.73158e-17
0.0009	0.003	5.12097e-17
0.0009	0.0033	4.52074e-17
0.0009	0.0036	5.13997e-17
0.0009	0.0039	-2.87142e-17
0.0009	0.0042	2.19351e-17
0.0009	0.0045	-7.17637e-17
0.0009	0.0048	-2.33814e-17
0.0009	0.0051	-1.14096e-16
0.0009	0.0054	2.40696e-17
0.0009	0.0057	-1.57501e-16
0.0012	-0.006	5.46364e-18
0.0012	-0.0057	-1.34089e-16
0.0012	-0.0054	-1.13904e-18
0.0012	-0.0051	-1.3076e-16
0.0012	-0.0048	-1.62843e-17
0.0012	-0.0045	-6.33004e-17
0.0012	-0.0042	7.10016e-17
0.0012	-0.0039	-3.46002e-17
0.0012	-0.0036	4.26939e-17
0.0012	-0.0033	1.85201e-17
0.0012	-0.003	1.19515e-16
0.0012	-0.0027	1.9243e-16
0.0012	-0.0024	-1.37794e-16
0.0012	-0.0021	1.21823e-16
0.0012	-0.0018	1.56351e-16
0.0012	-0.0015	1.25616e-16
0.0012	-0.0012	6.17552e-17
0.0012	-0.0009	-1.18788e-13
0.0012	-0.0006	3.39068e-13
0.0012	-0.0003	-4.07744e-13
0.0012	0	2.84318e-13
0.0012	0.0003	-2.4477e-13
0.0012	0.0006	2.31707e-13
0.0012	0.0009	-1.153e-16
0.0012	0.0012	-4.47984e-17
0.0012	0.0015	-1.73736e-16
0.0012	0.0018	2.80604e-17
0.0012	0.0021	-7.10479e-18
0.0012	0.0024	3.6976e-17
0.0012	0.0027	3.43107e-17
0.0012	0.003	8.75044e-17
0.0012	0.0033	1.19267e-16
0.0012	0.0036	1.27316e-16
0.0012	0.0039	8.53877e-17
0.0012	0.0042	6.66249e-17
0.0012	0.0045	7.50231e-17
0.0012	0.0048	2.75964e-17
0.0012	0.0051	9.1584e-17
0.0012	0.0054	-2.52268e-17
0.0012	0.0057	9.70219e-17
0.0015	-0.006	-2.32015e-17
0.0015	-0.0057	9.20687e-17
0.0015	-0.0054	6.77156e-18
0.0015	-0.0051	8.73048e-17
0.0015	-0.0048	3.9789e-17
0.0015	-0.0045	9.39995e-17
0.0015	-0.0042	1.43877e-16
0.0015	-0.0039	2.17407e-16
0.0015	-0.0036	8.35646e-17
0.0015	-0.0033	8.03711e-17
0.0015	-0.003	1.77802e-16
0.0015	-0.0027	1.83402e-16
0.0015	-0.0024	2.06598e-16
0.0015	-0.0021	-2.21836e-16
0.0015	-0.0018	-3.63918e-17
0.0015	-0.0015	-2.40829e-16
0.0015	-0.0012	-9.151e-17
0.0015	-0.0009	-1.86196e-16
0.0015	-0.0006	-2.11443e-18
0.0015	-0.0003	-1.12347e-17
0.0015	0	3.86266e-17
0.0015	0.0003	1.93244e-17
0.0015	0.0006	4.47243e-17
0.0015	0.0009	2.84444e-17
0.0015	0.0012	-2.90397e-17
0.0015	0.0015	1.41927e-17
0.0015	0.0018	-7.5464e-17
0.0015	0.0021	-3.05538e-17
0.0015	0.0024	-1.06105e-16
0.0015	0.0027	-1.07736e-17
0.0015	0.003	1.99013e-18
0.0015	0.0033	9.4923e-17
0.0015	0.0036	1.53118e-17
0.0015	0.0039	7.17857e-17
0.0015	0.0042	6.96458e-17
0.0015	0.0045	8.72514e-17
0.0015	0.0048	9.94694e-17
0.0015	0.0051	4.66531e-17
0.0015	0.0054	1.49722e-16
0.0015	0.0057	1.69113e-17
0.0018	-0.006	1.41647e-16
0.0018	-0.0057	5.94928e-17
0.0018	-0.0054	1.23815e-16
0.0018	-0.0051	7.52575e-17
0.0018	-0.0048	1.07761e-16
0.0018	-0.0045	1.02808e-16
0.0018	-0.0042	9.55486e-17
0.0018	-0.0039	1.83855e-16
0.0018	-0.0036	1.50128e-16
0.0018	-0.0033	-2.22968e-17
0.0018	-0.003	-9.85463e-17
0.0018	-0.0027	4.21956e-17
0.0018	-0.0024	-6.70967e-17
0.0018	-0.0021	1.09139e-16
0.0018	-0.0018	-2.49404e-16
0.0018	-0.0015	3.95782e-17
0.0018	-0.0012	-1.33407e-16
0.0018	-0.0009	6.02124e-17
0.0018	-0.0006	6.99315e-17
0.0018	-0.0003	1.49496e-17
0.0018	0	2.40839e-17
0.0018	0.0003	3.06127e-18
0.0018	0.0006	-5.11069e-17
0.0018	0.0009	9.58934e-17
0.0018	0.0012	-3.36713e-17
0.0018	0.0015	4.12388e-17
0.0018	0.0018	-3.37148e-17
0.0018	0.0021	-3.56715e-17
0.0018	0.0024	-8.10289e-18
0.0018	0.0027	-3.19729e-17
0.0018	0.003	6.36887e-17
0.0018	0.0033	-8.14408e-17
0.0018	0.0036	1.19707e-17
0.0018	0.0039	-7.16795e-17
0.0018	0.0042	3.01518e-17
0.0018	0.0045	-2.11418e-17
0.0018	0.0048	1.51548e-17
0.0018	0.0051	4.0369e-17
0.0018	0.0054	-1.15959e-17
0.0018	0.0057	4.46098e-17
0.0021	-0.006	-1.71954e-17
0.0021	-0.0057	2.66665e-17
0.0021	-0.0054	2.8519e-17
0.0021	-0.0051	1.78022e-18
0.0021	-0.0048	2.24416e-17
0.0021	-0.0045	-3.99008e-17
0.0021	-0.0042	2.15003e-17
0.0021	-0.0039	-3.81013e-17
0.0021	-0.0036	1.39193e-16
0.0021	-0.0033	5.33875e-18
0.0021	-0.003	-4.81192e-17
0.0021	-0.0027	-1.76478e-16
0.0021	-0.0024	-1.12769e-17
0.0021	-0.0021	-6.35855e-17
0.0021	-0.0018	8.52228e-17
0.0021	-0.0015	8.32843e-18
0.0021	-0.0012	2.01967e-17
0.0021	-0.0009	9.32609e-17
0.0021	-0.0006	-5.47387e-17
0.0021	-0.0003	6.94034e-17
0.0021	0	-5.28977e-17
0.0021	0.0003	-2.72289e-17
0.0021	0.0006	5.93589e-17
0.0021	0.0009	-8.59614e-17
0.0021	0.0012	7.08268e-17
0.0021	0.0015	-1.02876e-16
0.0021	0.0018	7.00115e-17
0.0021	0.0021	-2.69414e-17
0.0021	0.0024	8.05414e-17
0.0021	0.0027	3.62778e-17
0.0021	0.003	-1.29675e-17
0.0021	0.0033	1.37202e-17
0.0021	0.0036	-7.65941e-17
0.0021	0.0039	2.21874e-17
0.0021	0.0042	-7.26765e-17
0.0021	0.0045	7.54472e-18
0.0021	0.0048	-3.80792e-17
0.0021	0.0051	-1.02667e-17
0.0021	0.0054	-1.88759e-17
0.0021	0.0057	-3.47135e-17
0.0024	-0.006	-3.76168e-17
0.0024	-0.0057	-1.05219e-17
0.0024	-0.0054	-7.39673e-17
0.0024	-0.0051	9.4905e-18
0.0024	-0.0048	-6.91268e-17
0.0024	-0.0045	3.07816e-17
0.0024	-0.0042	-1.27796e-16
0.0024	-0.0039	1.71829e-17
0.0024	-0.0036	-3.46696e-17
0.0024	-0.0033	1.44842e-16
0.0024	-0.003	6.30728e-17
0.0024	-0.0027	-5.95323e-18
0.0024	-0.0024	8.70612e-18
0.0024	-0.0021	-6.78451e-17
0.0024	-0.0018	5.89907e-17
0.0024	-0.0015	-9.8082e-17
0.0024	-0.0012	5.01978e-17
0.0024	-0.0009	-1.53146e-16
0.0024	-0.0006	3.13213e-17
0.0024	-0.0003	-7.036e-17
0.0024	0	5.26606e-17
0.0024	0.0003	6.3423e-17
0.0024	0.0006	2.12534e-17
0.0024	0.0009	6.83717e-17
0.0024	0.0012	-7.15075e-17
0.0024	0.0015	7.62708e-17
0.0024	0.0018	-5.98936e-17
0.0024	0.0021	1.16881e-16
0.0024	0.0024	-3.66555e-17
0.0024	0.0027	6.44792e-17
0.0024	0.003	-5.16893e-17
0.0024	0.0033	1.16064e-17
0.0024	0.0036	-2.86541e-17
0.0024	0.0039	-3.64053e-18
0.0024	0.0042	-2.78648e-17
0.0024	0.0045	-2.98944e-18
0.0024	0.0048	-2.55296e-17
0.0024	0.0051	4.21095e-18
0.0024	0.0054	-3.29693e-17
0.0024	0.0057	2.82015e-18
0.0027	-0.006	-5.4501e-17
0.0027	-0.0057	-2.05565e-17
0.0027	-0.0054	-4.87565e-18
0.0027	-0.0051	-5.32477e-17
0.0027	-0.0048	-1.87139e-17
0.0027	-0.0045	-3.16679e-17
0.0027	-0.0042	6.14374e-18
0.0027	-0.0039	-6.4546e-17
0.0027	-0.0036	-3.26917e-17
0.0027	-0.0033	3.31192e-17
0.0027	-0.003	2.96684e-17
0.0027	-0.0027	1.62752e-16
0.0027	-0.0024	-5.83946e-17
0.0027	-0.0021	1.45246e-16
0.0027	-0.0018	-1.19745e-16
0.0027	-0.0015	1.23474e-16
0.0027	-0.0012	-7.83399e-17
0.0027	-0.0009	6.89581e-17
0.0027	-0.0006	-3.35832e-17
0.0027	-0.0003	3.16395e-17
0.0027	0	1.82678e-17
0.0027	0.0003	1.94252e-17
0.0027	0.0006	6.12071e-18
0.0027	0.0009	-9.65764e-18
0.0027	0.0012	2.0914e-17
0.0027	0.0015	1.68316e-17
0.0027	0.0018	8.21311e-17
0.0027	0.0021	-2.30424e-17
0.0027	0.0024	8.19248e-17
0.0027	0.0027	-8.01785e-17
0.0027	0.003	6.2995e-17
0.0027	0.0033	-9.82482e-17
0.0027	0.0036	8.20914e-17
0.0027	0.0039	-1.09225e-16
0.0027	0.0042	7.07307e-17
0.0027	0.0045	-1.00165e-16
0.0027	0.0048	6.40813e-17
0.0027	0.0051	-1.21881e-16
0.0027	0.0054	7.20884e-17
0.0027	0.0057	-1.03945e-16
0.003	-0.006	5.9296e-17
0.003	-0.0057	-1.24478e-16
0.003	-0.0054	2.59432e-17
0.003	-0.0051	-7.71314e-17
0.003	-0.0048	1.79108e-17
0.003	-0.0045	-1.35119e-16
0.003	-0.0042	6.4747e-17
0.003	-0.0039	-9.15403e-17
0.003	-0.0036	3.35559e-17
0.003	-0.0033	-1.18888e-16
0.003	-0.003	1.1035e-16
0.003	-0.0027	-6.81389e-17
0.003	-0.0024	1.77446e-16
0.003	-0.0021	-3.36462e-17
0.003	-0.0018	1.71486e-16
0.003	-0.0015	1.2768e-17
0.003	-0.0012	1.17625e-16
0.003	-0.0009	8.14478e-17
0.003	-0.0006	7.45553e-18
0.003	-0.0003	2.72572e-17
0.003	0	-8.50244e-17
0.003	0.0003	-8.20646e-17
0.003	0.0006	-6.84872e-17
0.003	0.0009	-9.44453e-17
0.003	0.0012	3.28113e-17
0.003	0.0015	-1.44826e-17
0.003	0.0018	3.87225e-17
0.003	0.0021	3.32313e-17
0.003	0.0024	-1.46421e-17
0.003	0.0027	6.56757e-17
0.003	0.003	-6.99985e-17
0.003	0.0033	1.25311e-16
0.003	0.0036	-1.20618e-16
0.003	0.0039	1.32298e-16
0.003	0.0042	-1.40336e-16
0.003	0.0045	1.46474e-16
0.003	0.0048	-1.75048e-16
0.003	0.0051	1.44489e-16
0.003	0.0054	-1.79464e-16
0.003	0.0057	1.4771e-16
0.0033	-0.006	-1.75738e-16
0.0033	-0.0057	1.31368e-16
0.0033	-0.0054	-1.79341e-16
0.0033	-0.0051	1.159e-16
0.0033	-0.0048	-1.06071e-16
0.0033	-0.0045	8.74559e-17
0.0033	-0.0042	-1.68742e-16
0.0033	-0.0039	1.31806e-16
0.0033	-0.0036	-1.17002e-16
0.0033	-0.0033	1.11016e-16
0.0033	-0.003	-7.92373e-17
0.0033	-0.0027	1.15243e-16
0.0033	-0.0024	6.56143e-18
0.0033	-0.0021	1.02599e-16
0.0033	-0.0018	7.68847e-17
0.0033	-0.0015	4.42053e-17
0.0033	-0.0012	1.02202e-16
0.0033	-0.0009	-5.00845e-17
0.0033	-0.0006	4.55536e-17
0.0033	-0.0003	-1.35551e-16
0.0033	0	-4.97794e-17
0.0033	0.0003	-1.28387e-16
0.0033	0.0006	-1.23149e-16
0.0033	0.0009	-3.5866e-17
0.0033	0.0012	-9.88334e-17
0.0033	0.0015	-5.67161e-19
0.0033	0.0018	-6.12955e-17
0.0033	0.0021	1.26346e-17
0.0033	0.0024	5.78274e-18
0.0033	0.0027	-9.41589e-18
0.0033	0.003	7.44477e-17
0.0033	0.0033	-5.58288e-17
0.0033	0.0036	1.12798e-16
0.0033	0.0039	-8.20635e-17
0.0033	0.0042	1.57988e-16
0.0033	0.0045	-1.40782e-16
0.0033	0.0048	1.72443e-16
0.0033	0.0051	-1.54124e-16
0.0033	0.0054	1.83624e-16
0.0033	0.0057	-1.52564e-16
0.0036	-0.006	1.90114e-16
0.0036	-0.0057	-1.72504e-16
0.0036	-0.0054	1.76894e-16
0.0036	-0.0051	-1.62133e-16
0.0036	-0.0048	1.67019e-16
0.0036	-0.0045	-8.82664e-17
0.0036	-0.0042	1.20711e-16
0.0036	-0.0039	-9.10654e-17
0.0036	-0.0036	1.18009e-16
0.0036	-0.0033	-3.3099e-17
0.0036	-0.003	8.35408e-17
0.0036	-0.0027	4.6562e-18
0.0036	-0.0024	9.90619e-18
0.0036	-0.0021	6.40937e-17
0.0036	-0.0018	-5.24617e-17
0.0036	-0.0015	5.82338e-17
0.0036	-0.0012	-1.08118e-16
0.0036	-0.0009	1.10685e-17
0.0036	-0.0006	-1.29812e-16
0.0036	-0.0003	-4.03112e-17
0.0036	0	-1.03526e-16
0.0036	0.0003	-6.26011e-17
0.0036	0.0006	-6.84838e-17
0.0036	0.0009	-6.37133e-17
0.0036	0.0012	-6.87094e-17
0.0036	0.0015	-7.48692e-17
0.0036	0.0018	-5.13722e-17
0.0036	0.0021	-7.15126e-17
0.0036	0.0024	-3.28866e-17
0.0036	0.0027	-2.92739e-17
0.0036	0.003	-3.0222e-17
0.0036	0.0033	3.00266e-17
0.0036	0.0036	-4.36881e-17
0.0036	0.0039	7.69904e-17
0.0036	0.0042	-7.88646e-17
0.0036	0.0045	1.17403e-16
0.0036	0.0048	-9.27054e-17
0.0036	0.0051	1.49193e-16
0.0036	0.0054	-9.44972e-17
0.0036	0.0057	1.48477e-16
0.0039	-0.006	-9.11021e-17
0.0039	-0.0057	1.50682e-16
0.0039	-0.0054	-8.75001e-17
0.0039	-0.0051	1.13568e-16
0.0039	-0.0048	-9.88334e-17
0.0039	-0.0045	1.04188e-16
0.0039	-0.0042	-3.59377e-17
0.0039	-0.0039	4.10553e-17
0.0039	-0.0036	-3.64421e-17
0.0039	-0.0033	-5.22629e-18
0.0039	-0.003	-1.9632e-17
0.0039	-0.0027	-3.69863e-17
0.0039	-0.0024	-2.70346e-17
0.0039	-0.0021	-9.62381e-17
0.0039	-0.0018	-3.65936e-17
0.0039	-0.0015	-1.23382e-16
0.0039	-0.0012	-6.12543e-17
0.0039	-0.0009	-9.39478e-17
0.0039	-0.0006	-6.48967e-17
0.0039	-0.0003	-4.30536e-17
0.0039	0	-2.51452e-17
0.0039	0.0003	-2.32389e-17
0.0039	0.0006	4.70165e-18
0.0039	0.0009	-4.94062e-17
0.0039	0.0012	-8.44988e-18
0.0039	0.0015	-7.82194e-17
0.0039	0.0018	-4.14077e-17
0.0039	0.0021	-9.32692e-17
0.0039	0.0024	-5.22038e-17
0.0039	0.0027	-9.3201e-17
0.0039	0.003	-1.99655e-17
0.0039	0.0033	-8.75351e-17
0.0039	0.0036	2.83796e-18
0.0039	0.0039	-9.69376e-17
0.0039	0.0042	2.48083e-17
0.0039	0.0045	-9.14768e-17
0.0039	0.0048	4.73464e-17
0.0039	0.0051	-7.66724e-17
0.0039	0.0054	5.99158e-17
0.0039	0.0057	-7.33551e-17
0.0042	-0.006	6.47107e-17
0.0042	-0.0057	-6.34401e-17
0.0042	-0.0054	5.58723e-17
0.0042	-0.0051	-8.58109e-17
0.0042	-0.0048	2.21359e-17
0.0042	-0.0045	-9.76992e-17
0.0042	-0.0042	-2.33769e-17
0.0042	-0.0039	-7.42209e-17
0.0042	-0.0036	-4.68467e-17
0.0042	-0.0033	-6.91481e-17
0.0042	-0.003	-7.46213e-17
0.0042	-0.0027	-8.74605e-17
0.0042	-0.0024	-7.61484e-17
0.0042	-0.0021	-1.08762e-16
0.0042	-0.0018	-7.61796e-17
0.0042	-0.0015	-9.57984e-17
0.0042	-0.0012	-4.94574e-17
0.0042	-0.0009	-7.29372e-17
0.0042	-0.0006	-1.36226e-17
0.0042	-0.0003	-8.56239e-18
0.0042	0	7.10697e-18
0.0042	0.0003	3.87186e-17
0.0042	0.0006	-8.73229e-18
0.0042	0.0009	3.70564e-17
0.0042	0.0012	-4.3808e-17
0.0042	0.0015	1.57903e-17
0.0042	0.0018	-8.07362e-17
0.0042	0.0021	1.00682e-17
0.0042	0.0024	-1.31511e-16
0.0042	0.0027	1.25282e-17
0.0042	0.003	-1.52998e-16
0.0042	0.0033	-1.53431e-19
0.0042	0.0036	-1.57086e-16
0.0042	0.0039	-5.83889e-18
0.0042	0.0042	-1.4889e-16
0.0042	0.0045	8.81631e-19
0.0042	0.0048	-1.28988e-16
0.0042	0.0051	3.04505e-19
0.0042	0.0054	-1.21695e-16
0.0042	0.0057	-5.65853e-18
0.0045	-0.006	-1.2428e-16
0.0045	-0.0057	-1.84932e-17
0.0045	-0.0054	-1.24673e-16
0.0045	-0.0051	-2.55124e-17
0.0045	-0.0048	-1.39171e-16
0.0045	-0.0045	-4.46635e-17
0.0045	-0.0042	-1.64054e-16
0.0045	-0.0039	-6.66057e-17
0.0045	-0.0036	-1.52027e-16
0.0045	-0.0033	-6.5013e-17
0.0045	-0.003	-1.4949e-16
0.0045	-0.0027	-5.51643e-17
0.0045	-0.0024	-1.35327e-16
0.0045	-0.0021	-2.01057e-17
0.0045	-0.0018	-1.03873e-16
0.0045	-0.0015	4.62443e-18
0.0045	-0.0012	-5.56729e-17
0.0045	-0.0009	8.72147e-18
0.0045	-0.0006	1.52603e-17
0.0045	-0.0003	1.3882e-17
0.0045	0	3.72824e-17
0.0045	0.0003	4.91988e-18
0.0045	0.0006	3.88477e-17
0.0045	0.0009	-1.47273e-17
0.0045	0.0012	4.52719e-17
0.0045	0.0015	-5.17793e-17
0.0045	0.0018	7.07258e-17
0.0045	0.0021	-9.04949e-17
0.0045	0.0024	7.91409e-17
0.0045	0.0027	-1.49048e-16
0.0045	0.003	4.7175e-17
0.0045	0.0033	-1.74289e-16
0.0045	0.0036	2.92341e-17
0.0045	0.0039	-1.69972e-16
0.0045	0.0042	7.05178e-18
0.0045	0.0045	-1.73249e-16
0.0045	0.0048	3.46936e-18
0.0045	0.0051	-1.73173e-16
0.0045	0.0054	-2.07287e-17
0.0045	0.0057	-1.74315e-16
0.0048	-0.006	-3.32007e-17
0.0048	-0.0057	-1.65333e-16
0.0048	-0.0054	-4.70887e-17
0.0048	-0.0051	-1.73977e-16
0.0048	-0.0048	-4.84502e-17
0.0048	-0.0045	-1.78071e-16
0.0048	-0.0042	-4.9348e-17
0.0048	-0.0039	-2.0774e-16
0.0048	-0.0036	-3.49123e-17
0.0048	-0.0033	-1.82159e-16
0.0048	-0.003	-2.13478e-17
0.0048	-0.0027	-1.54378e-16
0.0048	-0.0024	8.2112e-18
0.0048	-0.0021	-1.16214e-16
0.0048	-0.0018	4.76779e-17
0.0048	-0.0015	-6.45183e-17
0.0048	-0.0012	6.74669e-17
0.0048	-0.0009	-3.21358e-17
0.0048	-0.0006	4.76556e-17
0.0048	-0.0003	9.08337e-18
0.0048	0	2.574e-17
0.0048	0.0003	1.12469e-17
0.0048	0.0006	-1.01546e-17
0.0048	0.0009	4.76289e-17
0.0048	0.0012	-4.09644e-17
0.0048	0.0015	8.8263e-17
0.0048	0.0018	-7.72119e-17
0.0048	0.0021	1.15778e-16
0.0048	0.0024	-1.05622e-16
0.0048	0.0027	9.21106e-17
0.0048	0.003	-1.31552e-16
0.0048	0.0033	7.85607e-17
0.0048	0.0036	-1.49179e-16
0.0048	0.0039	5.80169e-17
0.0048	0.0042	-1.53256e-16
0.0048	0.0045	4.00307e-17
0.0048	0.0048	-1.70515e-16
0.0048	0.0051	1.20933e-17
0.0048	0.0054	-1.65894e-16
0.0048	0.0057	-1.22739e-17
0.0051	-0.006	-1.51347e-16
0.0051	-0.0057	-2.99943e-17
0.0051	-0.0054	-1.47888e-16
0.0051	-0.0051	-3.67349e-17
0.0051	-0.0048	-1.3995e-16
0.0051	-0.0045	-2.57546e-17
0.0051	-0.0042	-1.47673e-16
0.0051	-0.0039	-1.20534e-17
0.0051	-0.0036	-1.57161e-16
0.0051	-0.0033	4.85282e-18
0.0051	-0.003	-1.45552e-16
0.0051	-0.0027	2.63294e-17
0.0051	-0.0024	-1.27764e-16
0.0051	-0.0021	5.06729e-17
0.0051	-0.0018	-1.09482e-16
0.0051	-0.0015	7.65706e-17
0.0051	-0.0012	-8.61022e-17
0.0051	-0.0009	8.84392e-17
0.0051	-0.0006	-5.60348e-17
0.0051	-0.0003	6.78883e-17
0.0051	0	-7.30525e-18
0.0051	0.0003	1.68562e-17
0.0051	0.0006	4.69891e-17
0.0051	0.0009	-3.54301e-17
0.0051	0.0012	9.36567e-17
0.0051	0.0015	-7.69807e-17
0.0051	0.0018	1.1654e-16
0.0051	0.0021	-9.43425e-17
0.0051	0.0024	1.10279e-16
0.0051	0.0027	-1.18951e-16
0.0051	0.003	9.52283e-17
0.0051	0.0033	-1.25274e-16
0.0051	0.0036	8.40448e-17
0.0051	0.0039	-1.33163e-16
0.0051	0.0042	6.25822e-17
0.0051	0.0045	-1.36389e-16
0.0051	0.0048	4.00387e-17
0.0051	0.0051	-1.31787e-16
0.0051	0.0054	1.55133e-17
0.0051	0.0057	-1.00887e-16
0.0054	-0.006	-1.08183e-17
0.0054	-0.0057	-9.11653e-17
0.0054	-0.0054	-1.84749e-17
0.0054	-0.0051	-8.78297e-17
0.0054	-0.0048	-1.34652e-17
0.0054	-0.0045	-8.37849e-17
0.0054	-0.0042	4.60723e-19
0.0054	-0.0039	-9.80016e-17
0.0054	-0.0036	1.62371e-17
0.0054	-0.0033	-9.96236e-17
0.0054	-0.003	3.37804e-17
0.0054	-0.0027	-1.14197e-16
0.0054	-0.0024	4.71203e-17
0.0054	-0.0021	-1.285e-16
0.0054	-0.0018	5.51355e-17
0.0054	-0.0015	-1.19192e-16
0.0054	-0.0012	8.08572e-17
0.0054	-0.0009	-8.91274e-17
0.0054	-0.0006	7.63569e-17
0.0054	-0.0003	-4.06512e-17
0.0054	0	5.98306e-17
0.0054	0.0003	3.0938e-17
0.0054	0.0006	2.32413e-17
0.0054	0.0009	8.43723e-17
0.0054	0.0012	-3.6392e-17
0.0054	0.0015	1.02019e-16
0.0054	0.0018	-8.59626e-17
0.0054	0.0021	9.50798e-17
0.0054	0.0024	-9.93121e-17
0.0054	0.0027	8.29836e-17
0.0054	0.003	-1.08179e-16
0.0054	0.0033	7.51213e-17
0.0054	0.0036	-1.14833e-16
0.0054	0.0039	6.55293e-17
0.0054	0.0042	-1.10767e-16
0.0054	0.0045	4.53904e-17
0.0054	0.0048	-9.98959e-17
0.0054	0.0051	2.89112e-17
0.0054	0.0054	-9.22835e-17
0.0054	0.0057	9.81072e-18
0.0057	-0.006	-4.41817e-17
0.0057	-0.0057	1.19686e-18
0.0057	-0.0054	-2.89931e-17
0.0057	-0.0051	-3.59373e-18
0.0057	-0.0048	-2.71093e-17
0.0057	-0.0045	2.37033e-18
0.0057	-0.0042	-3.83993e-17
0.0057	-0.0039	9.08042e-18
0.0057	-0.0036	-4.34032e-17
0.0057	-0.0033	1.4795e-17
0.0057	-0.003	-6.47927e-17
0.0057	-0.0027	2.30283e-17
0.0057	-0.0024	-8.13854e-17
0.0057	-0.0021	3.17104e-17
0.0057	-0.0018	-8.49498e-17
0.0057	-0.0015	3.98679e-17
0.0057	-0.0012	-7.15082e-17
0.0057	-0.0009	4.18244e-17
0.0057	-0.0006	-3.50806e-17
0.0057	-0.0003	4.25498e-17
0.0057	0	5.03523e-18
0.0057	0.0003	3.61493e-17
0.0057	0.0006	4.43508e-17
0.0057	0.0009	5.40216e-18
0.0057	0.0012	5.75843e-17
0.0057	0.0015	-2.49707e-17
0.0057	0.0018	5.26953e-17
0.0057	0.0021	-5.34135e-17
0.0057	0.0024	4.94295e-17
0.0057	0.0027	-6.98126e-17
0.0057	0.003	4.65344e-17
0.0057	0.0033	-7.64953e-17
0.0057	0.0036	4.00844e-17
0.0057	0.0039	-7.46184e-17
0.0057	0.0042	3.18182e-17
0.0057	0.0045	-6.79807e-17
0.0057	0.0048	2.28571e-17
0.0057	0.0051	-6.08996e-17
0.0057	0.0054	1.25134e-17
0.0057	0.0057	-2.84381e-17
