-0.006	-0.006	-1.55895e-15
-0.006	-0.0057	3.37026e-17
-0.006	-0.0054	1.33006e-15
-0.006	-0.0051	-3.26174e-16
-0.006	-0.0048	-1.27764e-15
-0.006	-0.0045	6.9246e-16
-0.006	-0.0042	6.38671e-16
-0.006	-0.0039	-7.18122e-16
-0.006	-0.0036	-1.91251e-16
-0.006	-0.0033	1.29415e-16
-0.006	-0.003	-1.19669e-16
-0.006	-0.0027	1.03511e-16
-0.006	-0.0024	1.65382e-16
-0.006	-0.0021	4.55388e-17
-0.006	-0.0018	2.88269e-16
-0.006	-0.0015	3.99731e-17
-0.006	-0.0012	2.33426e-16
-0.006	-0.0009	-4.82049e-17
-0.006	-0.0006	-5.94985e-17
-0.006	-0.0003	7.54157e-17
-0.006	0	-7.41071e-17
-0.006	0.0003	2.94419e-17
-0.006	0.0006	1.2665e-16
-0.006	0.0009	1.13919e-17
-0.006	0.0012	-1.92389e-17
-0.006	0.0015	3.04661e-17
-0.006	0.0018	3.35646e-17
-0.006	0.0021	5.9752e-18
-0.006	0.0024	-1.13332e-16
-0.006	0.0027	-6.33486e-17
-0.006	0.003	1.03902e-16
-0.006	0.0033	8.55693e-17
-0.006	0.0036	1.01373e-17
-0.006	0.0039	-8.08707e-17
-0.006	0.0042	1.44339e-15
-0.006	0.0045	-7.8438e-17
-0.006	0.0048	7.48379e-17
-0.006	0.0051	4.97258e-16
-0.006	0.0054	-5.16996e-17
-0.006	0.0057	-2.21184e-15
-0.0057	-0.006	4.04104e-16
-0.0057	-0.0057	1.75223e-15
-0.0057	-0.0054	1.40089e-15
-0.0057	-0.0051	3.64393e-16
-0.0057	-0.0048	-3.94961e-16
-0.0057	-0.0045	-7.88904e-16
-0.0057	-0.0042	-3.43625e-16
-0.0057	-0.0039	-4.99231e-16
-0.0057	-0.0036	1.58541e-16
-0.0057	-0.0033	-2.43493e-15
-0.0057	-0.003	-3.72754e-17
-0.0057	-0.0027	-7.33759e-15
-0.0057	-0.0024	7.08415e-17
-0.0057	-0.0021	-2.41923e-16
-0.0057	-0.0018	9.85484e-18
-0.0057	-0.0015	6.4222e-16
-0.0057	-0.0012	6.40446e-17
-0.0057	-0.0009	-2.20634e-16
-0.0057	-0.0006	9.95337e-18
-0.0057	-0.0003	-5.70479e-16
-0.0057	0	-3.2549e-18
-0.0057	0.0003	-3.21975e-17
-0.0057	0.0006	6.19903e-17
-0.0057	0.0009	-9.0132e-17
-0.0057	0.0012	-1.48393e-17
-0.0057	0.0015	3.95211e-16
-0.0057	0.0018	-3.0069e-17
-0.0057	0.0021	-1.58567e-15
-0.0057	0.0024	2.81301e-17
-0.0057	0.0027	1.34788e-15
-0.0057	0.003	5.19261e-17
-0.0057	0.0033	5.97651e-16
-0.0057	0.0036	2.24521e-17
-0.0057	0.0039	-7.45337e-16
-0.0057	0.0042	-7.41451e-17
-0.0057	0.0045	-1.70245e-15
-0.0057	0.0048	-3.80943e-17
-0.0057	0.0051	-1.9322e-15
-0.0057	0.0054	-8.10818e-16
-0.0057	0.0057	8.24902e-16
-0.0054	-0.006	-2.1782e-16
-0.0054	-0.0057	2.48604e-15
-0.0054	-0.0054	-2.10705e-15
-0.0054	-0.0051	-1.34252e-15
-0.0054	-0.0048	-2.6637e-16
-0.0054	-0.0045	2.24904e-15
-0.0054	-0.0042	5.90838e-16
-0.0054	-0.0039	1.88793e-16
-0.0054	-0.0036	6.97382e-16
-0.0054	-0.0033	-4.23998e-16
-0.0054	-0.003	4.65795e-16
-0.0054	-0.0027	2.47858e-16
-0.0054	-0.0024	-2.03104e-16
-0.0054	-0.0021	2.60518e-16
-0.0054	-0.0018	-1.13103e-15
-0.0054	-0.0015	-7.14304e-17
-0.0054	-0.0012	-3.16884e-15
-0.0054	-0.0009	1.25427e-16
-0.0054	-0.0006	1.74571e-15
-0.0054	-0.0003	-1.33641e-16
-0.0054	0	4.22755e-15
-0.0054	0.0003	-4.91687e-17
-0.0054	0.0006	1.73067e-15
-0.0054	0.0009	-1.48423e-15
-0.0054	0.0012	6.30038e-18
-0.0054	0.0015	5.43034e-16
-0.0054	0.0018	-6.55138e-17
-0.0054	0.0021	1.15419e-15
-0.0054	0.0024	7.84885e-17
-0.0054	0.0027	1.17369e-16
-0.0054	0.003	1.53065e-16
-0.0054	0.0033	-7.14665e-17
-0.0054	0.0036	-8.66795e-17
-0.0054	0.0039	-1.90984e-16
-0.0054	0.0042	-1.60543e-16
-0.0054	0.0045	2.01309e-16
-0.0054	0.0048	-1.21041e-16
-0.0054	0.0051	-1.66954e-16
-0.0054	0.0054	-4.79815e-16
-0.0054	0.0057	-1.23557e-15
-0.0051	-0.006	-9.21746e-17
-0.0051	-0.0057	-1.69036e-15
-0.0051	-0.0054	-6.40751e-16
-0.0051	-0.0051	-3.03666e-16
-0.0051	-0.0048	1.43837e-16
-0.0051	-0.0045	8.29109e-16
-0.0051	-0.0042	-3.42455e-16
-0.0051	-0.0039	-6.07827e-16
-0.0051	-0.0036	-9.79924e-17
-0.0051	-0.0033	-2.19788e-16
-0.0051	-0.003	2.45061e-16
-0.0051	-0.0027	5.09676e-17
-0.0051	-0.0024	1.65193e-16
-0.0051	-0.0021	-1.61289e-16
-0.0051	-0.0018	-1.85794e-18
-0.0051	-0.0015	1.28888e-16
-0.0051	-0.0012	7.48089e-17
-0.0051	-0.0009	7.27227e-17
-0.0051	-0.0006	3.02693e-17
-0.0051	-0.0003	7.8936e-17
-0.0051	0	9.94223e-18
-0.0051	0.0003	1.28159e-16
-0.0051	0.0006	1.91263e-16
-0.0051	0.0009	6.74013e-17
-0.0051	0.0012	1.38335e-17
-0.0051	0.0015	4.64458e-17
-0.0051	0.0018	6.67513e-17
-0.0051	0.0021	-1.41188e-16
-0.0051	0.0024	-2.54176e-17
-0.0051	0.0027	6.78413e-17
-0.0051	0.003	9.05448e-17
-0.0051	0.0033	1.69647e-16
-0.0051	0.0036	-1.65322e-16
-0.0051	0.0039	-1.90985e-16
-0.0051	0.0042	-2.45626e-16
-0.0051	0.0045	-1.94063e-16
-0.0051	0.0048	3.75082e-16
-0.0051	0.0051	-1.24431e-16
-0.0051	0.0054	2.60401e-16
-0.0051	0.0057	-2.2808e-16
-0.0048	-0.006	-2.24756e-16
-0.0048	-0.0057	-2.34385e-16
-0.0048	-0.0054	3.82742e-16
-0.0048	-0.0051	1.15522e-16
-0.0048	-0.0048	1.0455e-15
-0.0048	-0.0045	-2.76416e-16
-0.0048	-0.0042	-8.59339e-16
-0.0048	-0.0039	-2.50518e-16
-0.0048	-0.0036	-2.10976e-16
-0.0048	-0.0033	7.67506e-17
-0.0048	-0.003	4.1858e-17
-0.0048	-0.0027	2.88943e-16
-0.0048	-0.0024	-1.80505e-16
-0.0048	-0.0021	4.10699e-17
-0.0048	-0.0018	1.46507e-16
-0.0048	-0.0015	4.43761e-17
-0.0048	-0.0012	-1.87453e-16
-0.0048	-0.0009	8.34613e-17
-0.0048	-0.0006	1.41642e-16
-0.0048	-0.0003	-8.30807e-17
-0.0048	0	1.04418e-16
-0.0048	0.0003	2.15502e-16
-0.0048	0.0006	3.11708e-17
-0.0048	0.0009	1.83707e-16
-0.0048	0.0012	1.6177e-16
-0.0048	0.0015	7.07652e-17
-0.0048	0.0018	5.23998e-18
-0.0048	0.0021	5.21716e-18
-0.0048	0.0024	-1.07145e-16
-0.0048	0.0027	-1.27571e-16
-0.0048	0.003	5.18077e-17
-0.0048	0.0033	-1.62414e-16
-0.0048	0.0036	1.58343e-16
-0.0048	0.0039	-2.52948e-16
-0.0048	0.0042	-3.21428e-16
-0.0048	0.0045	-4.63156e-16
-0.0048	0.0048	-3.461e-16
-0.0048	0.0051	1.45933e-16
-0.0048	0.0054	-2.40196e-16
-0.0048	0.0057	4.83819e-16
-0.0045	-0.006	-1.44311e-16
-0.0045	-0.0057	6.66355e-16
-0.0045	-0.0054	-6.92228e-17
-0.0045	-0.0051	4.90286e-16
-0.0045	-0.0048	-4.50788e-16
-0.0045	-0.0045	-9.63048e-16
-0.0045	-0.0042	-5.1585e-16
-0.0045	-0.0039	-2.74359e-16
-0.0045	-0.0036	1.16329e-17
-0.0045	-0.0033	-1.18784e-16
-0.0045	-0.003	4.14732e-16
-0.0045	-0.0027	-1.0372e-16
-0.0045	-0.0024	-1.3012e-18
-0.0045	-0.0021	-1.57197e-16
-0.0045	-0.0018	-6.10214e-17
-0.0045	-0.0015	-8.54295e-17
-0.0045	-0.0012	1.87263e-17
-0.0045	-0.0009	1.19539e-16
-0.0045	-0.0006	-7.51939e-17
-0.0045	-0.0003	-5.02636e-17
-0.0045	0	2.17067e-17
-0.0045	0.0003	1.02687e-16
-0.0045	0.0006	1.09301e-16
-0.0045	0.0009	-6.70134e-17
-0.0045	0.0012	3.55569e-17
-0.0045	0.0015	9.99247e-17
-0.0045	0.0018	9.85714e-17
-0.0045	0.0021	5.96706e-17
-0.0045	0.0024	-2.47327e-17
-0.0045	0.0027	-9.8046e-17
-0.0045	0.003	-1.96535e-16
-0.0045	0.0033	1.12679e-16
-0.0045	0.0036	2.17765e-17
-0.0045	0.0039	6.02107e-17
-0.0045	0.0042	-2.49053e-16
-0.0045	0.0045	-2.92006e-16
-0.0045	0.0048	-5.77276e-16
-0.0045	0.0051	-4.81476e-16
-0.0045	0.0054	-4.32814e-16
-0.0045	0.0057	-5.03001e-16
-0.0042	-0.006	-2.39857e-16
-0.0042	-0.0057	-4.99965e-16
-0.0042	-0.0054	-3.94995e-16
-0.0042	-0.0051	-6.06065e-16
-0.0042	-0.0048	-1.01121e-15
-0.0042	-0.0045	-4.20099e-16
-0.0042	-0.0042	-3.68815e-16
-0.0042	-0.0039	2.15729e-16
-0.0042	-0.0036	-7.0457e-17
-0.0042	-0.0033	2.01175e-16
-0.0042	-0.003	-7.38851e-17
-0.0042	-0.0027	3.55064e-17
-0.0042	-0.0024	-3.08513e-16
-0.0042	-0.0021	-1.35582e-17
-0.0042	-0.0018	2.37736e-16
-0.0042	-0.0015	4.7647e-17
-0.0042	-0.0012	-1.94865e-16
-0.0042	-0.0009	-1.12051e-17
-0.0042	-0.0006	5.78704e-17
-0.0042	-0.0003	-2.46493e-16
-0.0042	0	1.8136e-16
-0.0042	0.0003	1.74354e-16
-0.0042	0.0006	-1.55651e-16
-0.0042	0.0009	-3.94022e-17
-0.0042	0.0012	-2.39532e-17
-0.0042	0.0015	-1.03674e-16
-0.0042	0.0018	-8.56068e-17
-0.0042	0.0021	8.18032e-17
-0.0042	0.0024	1.1093e-16
-0.0042	0.0027	6.29413e-17
-0.0042	0.003	1.77451e-16
-0.0042	0.0033	-1.99246e-16
-0.0042	0.0036	-1.24048e-17
-0.0042	0.0039	-8.56111e-17
-0.0042	0.0042	7.07486e-17
-0.0042	0.0045	-1.7398e-16
-0.0042	0.0048	-1.55398e-16
-0.0042	0.0051	-5.2544e-16
-0.0042	0.0054	-3.42783e-16
-0.0042	0.0057	-7.17819e-16
-0.0039	-0.006	-3.68286e-16
-0.0039	-0.0057	-7.08849e-16
-0.0039	-0.0054	-3.42214e-16
-0.0039	-0.0051	-7.8283e-16
-0.0039	-0.0048	-1.73618e-16
-0.0039	-0.0045	-3.07303e-16
-0.0039	-0.0042	1.40599e-16
-0.0039	-0.0039	1.89383e-18
-0.0039	-0.0036	-5.25013e-17
-0.0039	-0.0033	-1.5306e-16
-0.0039	-0.003	3.6307e-16
-0.0039	-0.0027	-2.77069e-16
-0.0039	-0.0024	6.7246e-18
-0.0039	-0.0021	2.71033e-16
-0.0039	-0.0018	-3.16003e-17
-0.0039	-0.0015	-2.77221e-16
-0.0039	-0.0012	-7.94669e-17
-0.0039	-0.0009	2.95708e-16
-0.0039	-0.0006	-2.53466e-16
-0.0039	-0.0003	-5.23659e-17
-0.0039	0	1.50426e-16
-0.0039	0.0003	1.50366e-16
-0.0039	0.0006	-2.37897e-17
-0.0039	0.0009	-5.34582e-17
-0.0039	0.0012	-6.25191e-18
-0.0039	0.0015	-2.33091e-16
-0.0039	0.0018	-1.93179e-16
-0.0039	0.0021	-1.16101e-16
-0.0039	0.0024	7.26262e-17
-0.0039	0.0027	6.7001e-17
-0.0039	0.003	1.12442e-16
-0.0039	0.0033	2.18461e-16
-0.0039	0.0036	-2.12669e-16
-0.0039	0.0039	3.74177e-17
-0.0039	0.0042	-5.95126e-17
-0.0039	0.0045	-1.72129e-17
-0.0039	0.0048	-2.42842e-16
-0.0039	0.0051	-1.9347e-16
-0.0039	0.0054	-4.43427e-16
-0.0039	0.0057	-3.03437e-16
-0.0036	-0.006	-5.44066e-16
-0.0036	-0.0057	-2.49129e-16
-0.0036	-0.0054	-5.5602e-16
-0.0036	-0.0051	-2.14784e-16
-0.0036	-0.0048	-3.32501e-16
-0.0036	-0.0045	-2.24507e-17
-0.0036	-0.0042	-1.38237e-16
-0.0036	-0.0039	1.21136e-16
-0.0036	-0.0036	-1.50046e-16
-0.0036	-0.0033	5.24702e-16
-0.0036	-0.003	-1.33022e-16
-0.0036	-0.0027	-1.79203e-16
-0.0036	-0.0024	1.05476e-16
-0.0036	-0.0021	2.51047e-17
-0.0036	-0.0018	4.47385e-19
-0.0036	-0.0015	-3.29503e-17
-0.0036	-0.0012	-1.05712e-18
-0.0036	-0.0009	-1.68194e-16
-0.0036	-0.0006	-1.99911e-16
-0.0036	-0.0003	-1.50377e-16
-0.0036	0	3.6001e-16
-0.0036	0.0003	3.19094e-16
-0.0036	0.0006	-1.42298e-16
-0.0036	0.0009	-6.70506e-17
-0.0036	0.0012	-1.53384e-17
-0.0036	0.0015	-1.50093e-16
-0.0036	0.0018	-2.84586e-16
-0.0036	0.0021	-1.63789e-16
-0.0036	0.0024	-5.69002e-17
-0.0036	0.0027	-2.7204e-17
-0.0036	0.003	1.90169e-16
-0.0036	0.0033	-4.84757e-17
-0.0036	0.0036	7.76499e-17
-0.0036	0.0039	-4.10967e-17
-0.0036	0.0042	2.57161e-16
-0.0036	0.0045	-1.3383e-17
-0.0036	0.0048	1.07748e-16
-0.0036	0.0051	-2.06185e-16
-0.0036	0.0054	-3.47419e-18
-0.0036	0.0057	-4.10469e-16
-0.0033	-0.006	-9.5066e-17
-0.0033	-0.0057	-4.90256e-16
-0.0033	-0.0054	-3.61113e-18
-0.0033	-0.0051	-2.84207e-16
-0.0033	-0.0048	1.82547e-16
-0.0033	-0.0045	-1.26158e-16
-0.0033	-0.0042	4.91758e-16
-0.0033	-0.0039	1.06109e-17
-0.0033	-0.0036	4.0648e-16
-0.0033	-0.0033	-1.09252e-16
-0.0033	-0.003	-3.19706e-16
-0.0033	-0.0027	-1.56182e-16
-0.0033	-0.0024	2.22908e-16
-0.0033	-0.0021	2.62925e-16
-0.0033	-0.0018	2.17657e-17
-0.0033	-0.0015	-5.02354e-16
-0.0033	-0.0012	-1.71055e-16
-0.0033	-0.0009	1.4748e-16
-0.0033	-0.0006	-1.94589e-16
-0.0033	-0.0003	-5.56016e-17
-0.0033	0	4.57538e-16
-0.0033	0.0003	7.11555e-17
-0.0033	0.0006	-9.76408e-17
-0.0033	0.0009	1.70199e-16
-0.0033	0.0012	2.05591e-16
-0.0033	0.0015	-6.78781e-17
-0.0033	0.0018	-3.09383e-16
-0.0033	0.0021	-1.7325e-16
-0.0033	0.0024	3.87776e-17
-0.0033	0.0027	3.10484e-17
-0.0033	0.003	6.20708e-18
-0.0033	0.0033	7.26066e-17
-0.0033	0.0036	-2.18221e-16
-0.0033	0.0039	-7.0807e-17
-0.0033	0.0042	1.26766e-17
-0.0033	0.0045	3.15716e-16
-0.0033	0.0048	-7.22744e-17
-0.0033	0.0051	3.07339e-16
-0.0033	0.0054	-1.58485e-16
-0.0033	0.0057	3.42578e-16
-0.003	-0.006	-2.63249e-16
-0.003	-0.0057	3.82112e-16
-0.003	-0.0054	-1.48626e-16
-0.003	-0.0051	4.23241e-16
-0.003	-0.0048	-5.9858e-17
-0.003	-0.0045	4.93859e-16
-0.003	-0.0042	8.2482e-17
-0.003	-0.0039	1.66556e-16
-0.003	-0.0036	-2.69167e-16
-0.003	-0.0033	-3.60479e-16
-0.003	-0.003	-1.9401e-16
-0.003	-0.0027	2.42503e-16
-0.003	-0.0024	4.11718e-16
-0.003	-0.0021	-3.11063e-17
-0.003	-0.0018	-6.30003e-16
-0.003	-0.0015	-3.60799e-17
-0.003	-0.0012	3.53699e-16
-0.003	-0.0009	-1.4912e-16
-0.003	-0.0006	-4.22312e-16
-0.003	-0.0003	1.52766e-16
-0.003	0	2.14169e-16
-0.003	0.0003	2.70333e-16
-0.003	0.0006	-3.50649e-17
-0.003	0.0009	-9.10516e-17
-0.003	0.0012	-3.51379e-17
-0.003	0.0015	1.34122e-16
-0.003	0.0018	-2.58621e-17
-0.003	0.0021	-2.13905e-16
-0.003	0.0024	-4.80786e-17
-0.003	0.0027	6.04191e-17
-0.003	0.003	2.24669e-16
-0.003	0.0033	1.34051e-16
-0.003	0.0036	-1.19366e-16
-0.003	0.0039	-1.9961e-16
-0.003	0.0042	-5.04935e-17
-0.003	0.0045	-1.73119e-16
-0.003	0.0048	7.59012e-17
-0.003	0.0051	-1.89356e-16
-0.003	0.0054	2.25324e-16
-0.003	0.0057	-2.61599e-16
-0.0027	-0.006	2.34954e-16
-0.0027	-0.0057	-3.52625e-16
-0.0027	-0.0054	2.96636e-16
-0.0027	-0.0051	-2.72153e-16
-0.0027	-0.0048	2.25976e-16
-0.0027	-0.0045	-2.95005e-16
-0.0027	-0.0042	5.82305e-18
-0.0027	-0.0039	-3.01113e-16
-0.0027	-0.0036	-2.30538e-16
-0.0027	-0.0033	2.05523e-17
-0.0027	-0.003	2.27574e-16
-0.0027	-0.0027	4.29356e-16
-0.0027	-0.0024	-2.31777e-17
-0.0027	-0.0021	-5.07164e-16
-0.0027	-0.0018	1.96795e-16
-0.0027	-0.0015	1.91082e-16
-0.0027	-0.0012	-3.281e-16
-0.0027	-0.0009	-3.27938e-16
-0.0027	-0.0006	-4.84514e-17
-0.0027	-0.0003	1.52817e-16
-0.0027	0	2.49119e-16
-0.0027	0.0003	-1.05751e-16
-0.0027	0.0006	1.32657e-17
-0.0027	0.0009	7.00076e-18
-0.0027	0.0012	1.64869e-17
-0.0027	0.0015	-2.78622e-16
-0.0027	0.0018	1.08291e-17
-0.0027	0.0021	1.33313e-16
-0.0027	0.0024	-2.39994e-16
-0.0027	0.0027	-4.08089e-17
-0.0027	0.003	1.04791e-16
-0.0027	0.0033	1.41934e-16
-0.0027	0.0036	1.45922e-16
-0.0027	0.0039	-7.32703e-17
-0.0027	0.0042	-1.67264e-17
-0.0027	0.0045	4.26267e-19
-0.0027	0.0048	-3.54101e-16
-0.0027	0.0051	4.19115e-17
-0.0027	0.0054	-4.45168e-16
-0.0027	0.0057	1.56584e-16
-0.0024	-0.006	-5.67874e-16
-0.0024	-0.0057	2.29424e-16
-0.0024	-0.0054	-6.29732e-16
-0.0024	-0.0051	1.63549e-16
-0.0024	-0.0048	-4.83252e-16
-0.0024	-0.0045	4.10873e-17
-0.0024	-0.0042	-2.09694e-16
-0.0024	-0.0039	5.64997e-18
-0.0024	-0.0036	3.42037e-16
-0.0024	-0.0033	9.13452e-17
-0.0024	-0.003	3.85881e-16
-0.0024	-0.0027	-3.57106e-17
-0.0024	-0.0024	-5.32811e-16
-0.0024	-0.0021	1.50312e-16
-0.0024	-0.0018	2.14207e-17
-0.0024	-0.0015	-3.09097e-16
-0.0024	-0.0012	-1.22769e-16
-0.0024	-0.0009	-1.60194e-16
-0.0024	-0.0006	-5.97006e-17
-0.0024	-0.0003	3.80842e-16
-0.0024	0	-3.97358e-16
-0.0024	0.0003	-3.81625e-16
-0.0024	0.0006	2.76887e-16
-0.0024	0.0009	1.84406e-16
-0.0024	0.0012	-3.63056e-16
-0.0024	0.0015	-9.37148e-17
-0.0024	0.0018	-4.12405e-17
-0.0024	0.0021	1.46179e-16
-0.0024	0.0024	1.58374e-16
-0.0024	0.0027	-2.69835e-16
-0.0024	0.003	-5.63602e-18
-0.0024	0.0033	5.12939e-17
-0.0024	0.0036	-5.63305e-17
-0.0024	0.0039	3.40878e-16
-0.0024	0.0042	6.1471e-19
-0.0024	0.0045	2.27223e-16
-0.0024	0.0048	-8.003e-17
-0.0024	0.0051	-7.02003e-17
-0.0024	0.0054	-4.37806e-17
-0.0024	0.0057	-2.40257e-16
-0.0021	-0.006	3.86335e-18
-0.0021	-0.0057	-2.58448e-16
-0.0021	-0.0054	1.6779e-17
-0.0021	-0.0051	-1.04205e-16
-0.0021	-0.0048	2.48627e-17
-0.0021	-0.0045	1.81865e-16
-0.0021	-0.0042	-6.69672e-17
-0.0021	-0.0039	4.91513e-16
-0.0021	-0.0036	3.92251e-18
-0.0021	-0.0033	2.48596e-16
-0.0021	-0.003	-3.02014e-17
-0.0021	-0.0027	-5.38524e-16
-0.0021	-0.0024	1.09006e-16
-0.0021	-0.0021	-7.09818e-17
-0.0021	-0.0018	-1.02088e-16
-0.0021	-0.0015	2.74309e-16
-0.0021	-0.0012	-1.90286e-18
-0.0021	-0.0009	-1.97693e-16
-0.0021	-0.0006	4.22081e-16
-0.0021	-0.0003	2.02502e-16
-0.0021	0	-1.39221e-16
-0.0021	0.0003	-5.34956e-16
-0.0021	0.0006	-3.03216e-16
-0.0021	0.0009	1.32084e-16
-0.0021	0.0012	-9.16131e-17
-0.0021	0.0015	-2.80433e-16
-0.0021	0.0018	1.05758e-16
-0.0021	0.0021	5.71769e-17
-0.0021	0.0024	1.11293e-16
-0.0021	0.0027	1.15873e-16
-0.0021	0.003	-2.51099e-16
-0.0021	0.0033	-1.31214e-16
-0.0021	0.0036	-6.56908e-17
-0.0021	0.0039	1.00988e-16
-0.0021	0.0042	2.11799e-16
-0.0021	0.0045	-1.87649e-17
-0.0021	0.0048	1.65694e-16
-0.0021	0.0051	-7.6285e-18
-0.0021	0.0054	1.74971e-16
-0.0021	0.0057	5.62609e-17
-0.0018	-0.006	2.23957e-16
-0.0018	-0.0057	8.2189e-17
-0.0018	-0.0054	1.56369e-16
-0.0018	-0.0051	8.96743e-17
-0.0018	-0.0048	2.41658e-16
-0.0018	-0.0045	7.53594e-18
-0.0018	-0.0042	1.93853e-16
-0.0018	-0.0039	1.27322e-16
-0.0018	-0.0036	-1.52771e-16
-0.0018	-0.0033	1.27781e-16
-0.0018	-0.003	-5.02246e-16
-0.0018	-0.0027	-2.36763e-17
-0.0018	-0.0024	6.06648e-17
-0.0018	-0.0021	-1.60242e-16
-0.0018	-0.0018	5.33621e-16
-0.0018	-0.0015	-6.08092e-17
-0.0018	-0.0012	-3.25064e-16
-0.0018	-0.0009	1.20853e-16
-0.0018	-0.0006	6.45547e-16
-0.0018	-0.0003	8.79198e-17
-0.0018	0	-6.21486e-17
-0.0018	0.0003	-3.15243e-17
-0.0018	0.0006	-2.33953e-16
-0.0018	0.0009	-9.61312e-17
-0.0018	0.0012	3.85443e-17
-0.0018	0.0015	-2.46833e-16
-0.0018	0.0018	5.92968e-17
-0.0018	0.0021	1.17871e-16
-0.0018	0.0024	8.32389e-17
-0.0018	0.0027	2.76962e-16
-0.0018	0.003	-2.57846e-16
-0.0018	0.0033	-2.6412e-17
-0.0018	0.0036	-9.54638e-17
-0.0018	0.0039	-5.05732e-17
-0.0018	0.0042	5.82469e-17
-0.0018	0.0045	-2.33134e-16
-0.0018	0.0048	-1.68832e-18
-0.0018	0.0051	-2.93888e-16
-0.0018	0.0054	1.42916e-16
-0.0018	0.0057	-2.73923e-16
-0.0015	-0.006	1.80095e-16
-0.0015	-0.0057	-3.13849e-16
-0.0015	-0.0054	1.07684e-16
-0.0015	-0.0051	-3.86333e-16
-0.0015	-0.0048	1.62429e-16
-0.0015	-0.0045	-4.28124e-16
-0.0015	-0.0042	4.66445e-17
-0.0015	-0.0039	-3.25293e-16
-0.0015	-0.0036	6.99043e-17
-0.0015	-0.0033	-4.45329e-17
-0.0015	-0.003	-2.57895e-16
-0.0015	-0.0027	4.25334e-16
-0.0015	-0.0024	-3.10675e-16
-0.0015	-0.0021	1.71997e-16
-0.0015	-0.0018	5.38628e-17
-0.0015	-0.0015	-3.75981e-16
-0.0015	-0.0012	4.29624e-16
-0.0015	-0.0009	-3.86939e-13
-0.0015	-0.0006	-1.10114e-13
-0.0015	-0.0003	-1.16145e-13
-0.0015	0	1.82733e-13
-0.0015	0.0003	-1.65318e-14
-0.0015	0.0006	1.4686e-13
-0.0015	0.0009	-7.28431e-16
-0.0015	0.0012	-1.24762e-16
-0.0015	0.0015	2.95077e-16
-0.0015	0.0018	-3.09146e-17
-0.0015	0.0021	2.51833e-16
-0.0015	0.0024	-1.65317e-16
-0.0015	0.0027	8.47189e-17
-0.0015	0.003	1.79795e-16
-0.0015	0.0033	-4.31714e-16
-0.0015	0.0036	5.00571e-16
-0.0015	0.0039	3.60909e-17
-0.0015	0.0042	1.8365e-16
-0.0015	0.0045	-1.61785e-16
-0.0015	0.0048	-9.69027e-17
-0.0015	0.0051	5.47331e-17
-0.0015	0.0054	-3.00419e-16
-0.0015	0.0057	4.65829e-17
-0.0012	-0.006	-3.31456e-16
-0.0012	-0.0057	9.51937e-17
-0.0012	-0.0054	-3.08132e-16
-0.0012	-0.0051	1.07089e-16
-0.0012	-0.0048	-2.03173e-16
-0.0012	-0.0045	-3.24801e-17
-0.0012	-0.0042	1.65254e-16
-0.0012	-0.0039	-1.10153e-16
-0.0012	-0.0036	5.8371e-16
-0.0012	-0.0033	-1.90757e-16
-0.0012	-0.003	4.52294e-16
-0.0012	-0.0027	-3.4375e-16
-0.0012	-0.0024	-2.70874e-16
-0.0012	-0.0021	2.07591e-16
-0.0012	-0.0018	-2.08196e-16
-0.0012	-0.0015	4.17028e-16
-0.0012	-0.0012	-7.73816e-13
-0.0012	-0.0009	-3.24176e-07
-0.0012	-0.0006	-9.20998e-08
-0.0012	-0.0003	-9.69091e-08
-0.0012	0	1.53359e-07
-0.0012	0.0003	-1.44645e-08
-0.0012	0.0006	1.22564e-07
-0.0012	0.0009	2.92506e-13
-0.0012	0.0012	-2.50875e-17
-0.0012	0.0015	2.72157e-16
-0.0012	0.0018	2.85049e-16
-0.0012	0.0021	-3.86072e-17
-0.0012	0.0024	3.26141e-16
-0.0012	0.0027	-1.50934e-16
-0.0012	0.003	-3.41341e-16
-0.0012	0.0033	4.74056e-17
-0.0012	0.0036	-7.78043e-17
-0.0012	0.0039	4.09004e-16
-0.0012	0.0042	-2.19907e-16
-0.0012	0.0045	2.85032e-16
-0.0012	0.0048	-7.99271e-17
-0.0012	0.0051	2.28225e-16
-0.0012	0.0054	2.19054e-17
-0.0012	0.0057	1.01284e-16
-0.0009	-0.006	1.20557e-16
-0.0009	-0.0057	8.16814e-17
-0.0009	-0.0054	2.93538e-17
-0.0009	-0.0051	2.80275e-16
-0.0009	-0.0048	3.89041e-17
-0.0009	-0.0045	3.23836e-16
-0.0009	-0.0042	-2.01298e-16
-0.0009	-0.0039	4.06901e-16
-0.0009	-0.0036	-1.93793e-16
-0.0009	-0.0033	8.64644e-17
-0.0009	-0.003	-3.07997e-16
-0.0009	-0.0027	-4.11638e-16
-0.0009	-0.0024	4.47133e-17
-0.0009	-0.0021	-2.00198e-17
-0.0009	-0.0018	3.64266e-16
-0.0009	-0.0015	-3.86652e-13
-0.0009	-0.0012	-3.24176e-07
-0.0009	-0.0009	-0.271402
-0.0009	-0.0006	-0.077106
-0.0009	-0.0003	-0.0811328
-0.0009	0	0.128393
-0.0009	0.0003	-0.01211
-0.0009	0.0006	0.102611
-0.0009	0.0009	1.22564e-07
-0.0009	0.0012	1.46143e-13
-0.0009	0.0015	2.59447e-16
-0.0009	0.0018	2.01794e-16
-0.0009	0.0021	4.3348e-16
-0.0009	0.0024	1.83931e-16
-0.0009	0.0027	1.8456e-16
-0.0009	0.003	-7.10903e-17
-0.0009	0.0033	-2.52153e-16
-0.0009	0.0036	1.54535e-16
-0.0009	0.0039	-1.40687e-16
-0.0009	0.0042	-1.12429e-16
-0.0009	0.0045	-4.02999e-16
-0.0009	0.0048	3.69674e-18
-0.0009	0.0051	-1.30498e-16
-0.0009	0.0054	-1.50527e-17
-0.0009	0.0057	-1.33759e-16
-0.0006	-0.006	-1.08627e-16
-0.0006	-0.0057	-2.15498e-16
-0.0006	-0.0054	-8.8547e-17
-0.0006	-0.0051	-1.76868e-16
-0.0006	-0.0048	7.13144e-19
-0.0006	-0.0045	-3.54127e-16
-0.0006	-0.0042	-1.598e-16
-0.0006	-0.0039	-4.26917e-16
-0.0006	-0.0036	-1.73552e-16
-0.0006	-0.0033	-1.12024e-16
-0.0006	-0.003	-9.15694e-17
-0.0006	-0.0027	8.43245e-17
-0.0006	-0.0024	2.34968e-16
-0.0006	-0.0021	6.65723e-16
-0.0006	-0.0018	6.55198e-16
-0.0006	-0.0015	8.81874e-14
-0.0006	-0.0012	7.359e-08
-0.0006	-0.0009	0.0616104
-0.0006	-0.0006	0.354202
-0.0006	-0.0003	-0.0495325
-0.0006	0	0.0904666
-0.0006	0.0003	-0.230742
-0.0006	0.0006	0.0203407
-0.0006	0.0009	2.42963e-08
-0.0006	0.0012	2.89685e-14
-0.0006	0.0015	-2.33674e-16
-0.0006	0.0018	-1.21157e-17
-0.0006	0.0021	-1.40242e-16
-0.0006	0.0024	4.61119e-16
-0.0006	0.0027	2.7749e-16
-0.0006	0.003	7.01287e-17
-0.0006	0.0033	3.97955e-16
-0.0006	0.0036	3.64121e-16
-0.0006	0.0039	1.72429e-16
-0.0006	0.0042	-2.03585e-16
-0.0006	0.0045	2.77665e-17
-0.0006	0.0048	-1.71305e-16
-0.0006	0.0051	-8.70973e-17
-0.0006	0.0054	-2.18002e-16
-0.0006	0.0057	-1.55558e-16
-0.0003	-0.006	-2.60782e-16
-0.0003	-0.0057	-3.37557e-16
-0.0003	-0.0054	-2.95931e-16
-0.0003	-0.0051	-5.4885e-17
-0.0003	-0.0048	-1.86009e-16
-0.0003	-0.0045	-3.80678e-17
-0.0003	-0.0042	-1.92376e-16
-0.0003	-0.0039	1.76197e-16
-0.0003	-0.0036	1.35924e-16
-0.0003	-0.0033	4.79454e-16
-0.0003	-0.003	5.4627e-16
-0.0003	-0.0027	4.0786e-16
-0.0003	-0.0024	4.9444e-16
-0.0003	-0.0021	4.66196e-17
-0.0003	-0.0018	1.28715e-16
-0.0003	-0.0015	-1.24346e-13
-0.0003	-0.0012	-1.03542e-07
-0.0003	-0.0009	-0.0866859
-0.0003	-0.0006	0.0573696
-0.0003	-0.0003	-0.362465
-0.0003	0	0.149926
-0.0003	0.0003	-0.0937083
-0.0003	0.0006	0.140212
-0.0003	0.0009	1.67477e-07
-0.0003	0.0012	2.00274e-13
-0.0003	0.0015	-1.3934e-16
-0.0003	0.0018	-3.01362e-16
-0.0003	0.0021	-4.16183e-17
-0.0003	0.0024	-1.92702e-16
-0.0003	0.0027	-4.22928e-17
-0.0003	0.003	3.43839e-17
-0.0003	0.0033	4.54736e-16
-0.0003	0.0036	4.41475e-16
-0.0003	0.0039	3.14516e-16
-0.0003	0.0042	1.78269e-16
-0.0003	0.0045	2.24683e-16
-0.0003	0.0048	2.3096e-16
-0.0003	0.0051	2.85528e-16
-0.0003	0.0054	1.80422e-16
-0.0003	0.0057	1.33385e-16
0	-0.006	1.11197e-16
0	-0.0057	1.11538e-16
0	-0.0054	1.53284e-16
0	-0.0051	2.89865e-16
0	-0.0048	4.14401e-16
0	-0.0045	3.41637e-16
0	-0.0042	3.87003e-16
0	-0.0039	3.89868e-16
0	-0.0036	3.4802e-16
0	-0.0033	6.15492e-16
0	-0.003	1.1546e-16
0	-0.0027	2.67e-16
0	-0.0024	-5.21801e-16
0	-0.0021	-1.49862e-16
0	-0.0018	1.14126e-16
0	-0.0015	-2.0044e-13
0	-0.0012	-1.67477e-07
0	-0.0009	-0.140212
0	-0.0006	0.0937083
0	-0.0003	-0.149926
0	0	0.362465
0	0.0003	-0.0573696
0	0.0006	0.0866859
0	0.0009	1.03542e-07
0	0.0012	1.23858e-13
0	0.0015	-1.63325e-16
0	0.0018	2.60152e-19
0	0.0021	2.20041e-17
0	0.0024	-2.41939e-16
0	0.0027	-7.73154e-17
0	0.003	-1.589e-16
0	0.0033	1.40814e-16
0	0.0036	2.169e-16
0	0.0039	-1.22558e-16
0	0.0042	1.2472e-16
0	0.0045	1.00149e-16
0	0.0048	4.10787e-16
0	0.0051	1.08285e-16
0	0.0054	4.97898e-16
0	0.0057	1.45287e-16
0.0003	-0.006	4.15859e-16
0.0003	-0.0057	6.00355e-18
0.0003	-0.0054	4.28906e-16
0.0003	-0.0051	2.05686e-16
0.0003	-0.0048	5.25049e-16
0.0003	-0.0045	1.99939e-16
0.0003	-0.0042	3.79047e-16
0.0003	-0.0039	-1.66471e-18
0.0003	-0.0036	1.11821e-16
0.0003	-0.0033	-1.01544e-16
0.0003	-0.003	3.47808e-17
0.0003	-0.0027	-1.52906e-16
0.0003	-0.0024	-4.16478e-16
0.0003	-0.0021	-4.28868e-16
0.0003	-0.0018	1.64348e-16
0.0003	-0.0015	-2.82093e-14
0.0003	-0.0012	-2.42963e-08
0.0003	-0.0009	-0.0203407
0.0003	-0.0006	0.230742
0.0003	-0.0003	-0.0904666
0.0003	0	0.0495325
0.0003	0.0003	-0.354202
0.0003	0.0006	-0.0616104
0.0003	0.0009	-7.359e-08
0.0003	0.0012	-8.8409e-14
0.0003	0.0015	-3.32635e-17
0.0003	0.0018	-8.27681e-17
0.0003	0.0021	3.07845e-17
0.0003	0.0024	8.26255e-17
0.0003	0.0027	-1.76837e-16
0.0003	0.003	1.78949e-16
0.0003	0.0033	-2.95585e-18
0.0003	0.0036	-4.20493e-17
0.0003	0.0039	-2.57635e-16
0.0003	0.0042	-4.03841e-17
0.0003	0.0045	3.33294e-17
0.0003	0.0048	-1.06521e-16
0.0003	0.0051	1.65235e-16
0.0003	0.0054	-2.61684e-17
0.0003	0.0057	2.29599e-16
0.0006	-0.006	-9.20265e-17
0.0006	-0.0057	1.48083e-16
0.0006	-0.0054	-8.87434e-17
0.0006	-0.0051	1.93235e-16
0.0006	-0.0048	6.75362e-17
0.0006	-0.0045	7.52428e-17
0.0006	-0.0042	-1.08387e-17
0.0006	-0.0039	-1.50528e-16
0.0006	-0.0036	8.27019e-17
0.0006	-0.0033	-1.57356e-16
0.0006	-0.003	6.06168e-17
0.0006	-0.0027	8.62587e-17
0.0006	-0.0024	2.715e-16
0.0006	-0.0021	-2.22038e-16
0.0006	-0.0018	-7.15893e-16
0.0006	-0.0015	-1.46095e-13
0.0006	-0.0012	-1.22564e-07
0.0006	-0.0009	-0.102611
0.0006	-0.0006	0.01211
0.0006	-0.0003	-0.128393
0.0006	0	0.0811329
0.0006	0.0003	0.077106
0.0006	0.0006	0.271402
0.0006	0.0009	3.24176e-07
0.0006	0.0012	3.86975e-13
0.0006	0.0015	-1.5142e-16
0.0006	0.0018	-4.00889e-17
0.0006	0.0021	-2.00217e-16
0.0006	0.0024	-3.71051e-17
0.0006	0.0027	4.5242e-17
0.0006	0.003	1.00724e-16
0.0006	0.0033	1.12013e-16
0.0006	0.0036	-1.33766e-16
0.0006	0.0039	-1.6348e-17
0.0006	0.0042	-4.55455e-17
0.0006	0.0045	2.17668e-17
0.0006	0.0048	-5.60873e-17
0.0006	0.0051	6.98505e-17
0.0006	0.0054	3.19643e-17
0.0006	0.0057	8.16276e-17
0.0009	-0.006	-8.65154e-17
0.0009	-0.0057	-4.88087e-17
0.0009	-0.0054	-3.64291e-17
0.0009	-0.0051	2.00954e-16
0.0009	-0.0048	5.06148e-17
0.0009	-0.0045	1.13131e-16
0.0009	-0.0042	-5.24284e-17
0.0009	-0.0039	1.47285e-16
0.0009	-0.0036	-1.00285e-16
0.0009	-0.0033	2.22159e-16
0.0009	-0.003	8.513e-17
0.0009	-0.0027	-1.91401e-16
0.0009	-0.0024	3.42033e-16
0.0009	-0.0021	-1.23784e-16
0.0009	-0.0018	-3.14038e-16
0.0009	-0.0015	-8.92174e-16
0.0009	-0.0012	-2.93068e-13
0.0009	-0.0009	-1.22564e-07
0.0009	-0.0006	1.44645e-08
0.0009	-0.0003	-1.53359e-07
0.0009	0	9.69091e-08
0.0009	0.0003	9.20998e-08
0.0009	0.0006	3.24176e-07
0.0009	0.0009	7.74404e-13
0.0009	0.0012	1.80208e-16
0.0009	0.0015	-5.6739e-17
0.0009	0.0018	-9.32827e-17
0.0009	0.0021	-1.84893e-16
0.0009	0.0024	-7.6546e-17
0.0009	0.0027	-5.1447e-17
0.0009	0.003	-1.00898e-16
0.0009	0.0033	-3.97547e-17
0.0009	0.0036	-1.53439e-16
0.0009	0.0039	-2.84676e-17
0.0009	0.0042	6.47025e-17
0.0009	0.0045	5.26132e-17
0.0009	0.0048	-3.45084e-17
0.0009	0.0051	9.19346e-17
0.0009	0.0054	1.87845e-16
0.0009	0.0057	4.31507e-17
0.0012	-0.006	4.58738e-17
0.0012	-0.0057	7.13557e-17
0.0012	-0.0054	3.49014e-17
0.0012	-0.0051	8.34376e-17
0.0012	-0.0048	2.11563e-16
0.0012	-0.0045	1.39622e-16
0.0012	-0.0042	-3.87606e-17
0.0012	-0.0039	1.23462e-17
0.0012	-0.0036	-6.42454e-17
0.0012	-0.0033	-6.97253e-18
0.0012	-0.003	-1.11315e-16
0.0012	-0.0027	-9.98097e-17
0.0012	-0.0024	-5.65547e-16
0.0012	-0.0021	-5.30011e-17
0.0012	-0.0018	-7.5321e-17
0.0012	-0.0015	-3.33001e-16
0.0012	-0.0012	7.88369e-18
0.0012	-0.0009	-1.46418e-13
0.0012	-0.0006	1.74196e-14
0.0012	-0.0003	-1.83125e-13
0.0012	0	1.15763e-13
0.0012	0.0003	1.10042e-13
0.0012	0.0006	3.87256e-13
0.0012	0.0009	1.50269e-16
0.0012	0.0012	1.182e-16
0.0012	0.0015	1.82876e-16
0.0012	0.0018	-1.10637e-17
0.0012	0.0021	1.67778e-16
0.0012	0.0024	-1.13014e-16
0.0012	0.0027	-2.5101e-17
0.0012	0.003	-2.07122e-16
0.0012	0.0033	-2.72034e-16
0.0012	0.0036	-1.76779e-16
0.0012	0.0039	-1.54457e-16
0.0012	0.0042	-3.25203e-17
0.0012	0.0045	-2.73624e-16
0.0012	0.0048	-9.96475e-17
0.0012	0.0051	-1.01028e-16
0.0012	0.0054	-5.68069e-18
0.0012	0.0057	-1.3812e-16
0.0015	-0.006	-8.47331e-18
0.0015	-0.0057	-7.50462e-17
0.0015	-0.0054	-2.12725e-17
0.0015	-0.0051	-1.28426e-16
0.0015	-0.0048	1.82246e-17
0.0015	-0.0045	-7.36983e-17
0.0015	-0.0042	-3.53783e-17
0.0015	-0.0039	-3.57266e-16
0.0015	-0.0036	-2.68226e-16
0.0015	-0.0033	-1.69853e-16
0.0015	-0.003	-1.98475e-16
0.0015	-0.0027	-8.07354e-17
0.0015	-0.0024	-1.77906e-16
0.0015	-0.0021	-2.05743e-16
0.0015	-0.0018	6.4242e-17
0.0015	-0.0015	1.74574e-16
0.0015	-0.0012	1.59739e-16
0.0015	-0.0009	1.61667e-16
0.0015	-0.0006	7.81792e-17
0.0015	-0.0003	5.40569e-17
0.0015	0	-2.15651e-19
0.0015	0.0003	-1.18304e-17
0.0015	0.0006	1.11325e-16
0.0015	0.0009	-1.38908e-17
0.0015	0.0012	2.20963e-16
0.0015	0.0015	8.64204e-17
0.0015	0.0018	3.16362e-16
0.0015	0.0021	2.99957e-17
0.0015	0.0024	1.97279e-16
0.0015	0.0027	-8.91599e-17
0.0015	0.003	-6.29532e-17
0.0015	0.0033	-1.41449e-16
0.0015	0.0036	-4.58285e-17
0.0015	0.0039	-3.1353e-17
0.0015	0.0042	-1.84905e-16
0.0015	0.0045	-2.41355e-16
0.0015	0.0048	-2.15126e-16
0.0015	0.0051	-1.7943e-16
0.0015	0.0054	-2.0347e-16
0.0015	0.0057	-2.1521e-16
0.0018	-0.006	-1.56082e-16
0.0018	-0.0057	-1.25846e-16
0.0018	-0.0054	-1.54742e-16
0.0018	-0.0051	-2.36472e-16
0.0018	-0.0048	-1.45576e-16
0.0018	-0.0045	-6.4649e-17
0.0018	-0.0042	-1.34354e-16
0.0018	-0.0039	-1.91796e-16
0.0018	-0.0036	-2.68985e-16
0.0018	-0.0033	-2.44971e-16
0.0018	-0.003	1.27265e-16
0.0018	-0.0027	-6.31627e-17
0.0018	-0.0024	2.90132e-16
0.0018	-0.0021	9.5024e-17
0.0018	-0.0018	1.44159e-16
0.0018	-0.0015	2.04978e-16
0.0018	-0.0012	1.82407e-16
0.0018	-0.0009	6.39278e-17
0.0018	-0.0006	1.19487e-16
0.0018	-0.0003	-1.11532e-16
0.0018	0	8.75173e-17
0.0018	0.0003	4.66564e-17
0.0018	0.0006	-8.62038e-17
0.0018	0.0009	1.70454e-16
0.0018	0.0012	-5.22487e-17
0.0018	0.0015	2.82151e-16
0.0018	0.0018	-4.84219e-17
0.0018	0.0021	2.20456e-16
0.0018	0.0024	-3.9667e-17
0.0018	0.0027	1.10953e-16
0.0018	0.003	4.47561e-18
0.0018	0.0033	1.85637e-16
0.0018	0.0036	1.07092e-16
0.0018	0.0039	9.5877e-17
0.0018	0.0042	-7.88303e-17
0.0018	0.0045	-3.27098e-17
0.0018	0.0048	-1.18917e-16
0.0018	0.0051	-4.25794e-17
0.0018	0.0054	-1.5731e-16
0.0018	0.0057	-2.24796e-17
0.0021	-0.006	-1.21059e-16
0.0021	-0.0057	4.29804e-17
0.0021	-0.0054	-9.18643e-17
0.0021	-0.0051	-1.21109e-16
0.0021	-0.0048	-1.36238e-16
0.0021	-0.0045	1.07313e-16
0.0021	-0.0042	6.38504e-17
0.0021	-0.0039	5.32538e-17
0.0021	-0.0036	-5.23334e-17
0.0021	-0.0033	5.77286e-19
0.0021	-0.003	-3.33127e-17
0.0021	-0.0027	3.11239e-16
0.0021	-0.0024	5.36846e-17
0.0021	-0.0021	3.69188e-16
0.0021	-0.0018	-2.34194e-17
0.0021	-0.0015	2.72104e-16
0.0021	-0.0012	-5.48392e-17
0.0021	-0.0009	2.71172e-16
0.0021	-0.0006	-6.93828e-17
0.0021	-0.0003	1.34236e-16
0.0021	0	-5.54373e-17
0.0021	0.0003	-2.27425e-17
0.0021	0.0006	2.34515e-17
0.0021	0.0009	-2.17905e-17
0.0021	0.0012	1.7594e-16
0.0021	0.0015	-3.9175e-17
0.0021	0.0018	1.5848e-16
0.0021	0.0021	-9.35217e-17
0.0021	0.0024	1.60437e-16
0.0021	0.0027	-4.3284e-18
0.0021	0.003	2.33282e-16
0.0021	0.0033	1.25049e-16
0.0021	0.0036	2.44323e-16
0.0021	0.0039	1.79016e-18
0.0021	0.0042	1.14597e-16
0.0021	0.0045	-4.29237e-17
0.0021	0.0048	1.22285e-16
0.0021	0.0051	-1.18705e-16
0.0021	0.0054	7.02737e-17
0.0021	0.0057	-1.735e-17
0.0024	-0.006	1.54284e-16
0.0024	-0.0057	-7.69998e-17
0.0024	-0.0054	1.71515e-16
0.0024	-0.0051	-4.10613e-17
0.0024	-0.0048	-1.07302e-17
0.0024	-0.0045	-3.60559e-18
0.0024	-0.0042	3.08318e-16
0.0024	-0.0039	1.09383e-16
0.0024	-0.0036	1.50544e-16
0.0024	-0.0033	-6.90723e-17
0.0024	-0.003	1.27076e-16
0.0024	-0.0027	-6.54044e-17
0.0024	-0.0024	3.47756e-16
0.0024	-0.0021	-4.9196e-17
0.0024	-0.0018	4.10115e-16
0.0024	-0.0015	-8.57495e-17
0.0024	-0.0012	3.12246e-16
0.0024	-0.0009	1.88704e-17
0.0024	-0.0006	1.42675e-16
0.0024	-0.0003	3.20091e-17
0.0024	0	-4.94102e-17
0.0024	0.0003	-1.04107e-16
0.0024	0.0006	-1.93395e-17
0.0024	0.0009	-6.76029e-17
0.0024	0.0012	2.68878e-17
0.0024	0.0015	-2.23638e-17
0.0024	0.0018	-6.84122e-17
0.0024	0.0021	1.01917e-16
0.0024	0.0024	2.50537e-17
0.0024	0.0027	2.70712e-16
0.0024	0.003	1.23637e-16
0.0024	0.0033	3.56785e-16
0.0024	0.0036	4.57095e-17
0.0024	0.0039	2.17863e-16
0.0024	0.0042	-2.60231e-17
0.0024	0.0045	2.93551e-16
0.0024	0.0048	-1.13408e-16
0.0024	0.0051	1.48852e-16
0.0024	0.0054	-6.79289e-17
0.0024	0.0057	3.07676e-16
0.0027	-0.006	-7.96447e-17
0.0027	-0.0057	2.49335e-16
0.0027	-0.0054	-4.93758e-17
0.0027	-0.0051	2.73392e-16
0.0027	-0.0048	-1.1045e-16
0.0027	-0.0045	1.56215e-16
0.0027	-0.0042	5.04187e-17
0.0027	-0.0039	4.76608e-16
0.0027	-0.0036	1.35897e-16
0.0027	-0.0033	3.02944e-16
0.0027	-0.003	-8.26433e-17
0.0027	-0.0027	2.10227e-16
0.0027	-0.0024	-1.09554e-16
0.0027	-0.0021	2.35981e-16
0.0027	-0.0018	-8.22096e-17
0.0027	-0.0015	8.63826e-17
0.0027	-0.0012	-7.10704e-17
0.0027	-0.0009	-9.62248e-17
0.0027	-0.0006	7.33783e-17
0.0027	-0.0003	-1.11838e-16
0.0027	0	6.67523e-17
0.0027	0.0003	6.77439e-17
0.0027	0.0006	1.42085e-17
0.0027	0.0009	1.3956e-16
0.0027	0.0012	-1.52481e-16
0.0027	0.0015	-3.245e-17
0.0027	0.0018	-1.57843e-16
0.0027	0.0021	2.56317e-17
0.0027	0.0024	9.08913e-17
0.0027	0.0027	1.37163e-16
0.0027	0.003	2.46021e-16
0.0027	0.0033	1.51148e-17
0.0027	0.0036	2.48783e-16
0.0027	0.0039	-2.65821e-19
0.0027	0.0042	3.83907e-16
0.0027	0.0045	1.42428e-17
0.0027	0.0048	3.68565e-16
0.0027	0.0051	-1.72013e-16
0.0027	0.0054	4.10189e-16
0.0027	0.0057	-5.65924e-17
0.003	-0.006	4.51213e-16
0.003	-0.0057	-1.554e-16
0.003	-0.0054	4.27638e-16
0.003	-0.0051	9.06178e-17
0.003	-0.0048	4.23206e-16
0.003	-0.0045	-1.64184e-16
0.003	-0.0042	3.1141e-16
0.003	-0.0039	4.27269e-17
0.003	-0.0036	5.57078e-16
0.003	-0.0033	1.67474e-16
0.003	-0.003	3.42831e-16
0.003	-0.0027	-2.99722e-17
0.003	-0.0024	-2.39243e-17
0.003	-0.0021	-1.29472e-16
0.003	-0.0018	-2.45908e-16
0.003	-0.0015	-1.57135e-16
0.003	-0.0012	-3.94268e-16
0.003	-0.0009	-1.08273e-16
0.003	-0.0006	-2.53733e-16
0.003	-0.0003	1.71813e-16
0.003	0	1.91854e-16
0.003	0.0003	3.32313e-16
0.003	0.0006	3.55275e-16
0.003	0.0009	1.16474e-16
0.003	0.0012	1.7489e-16
0.003	0.0015	-9.41511e-17
0.003	0.0018	1.30988e-16
0.003	0.0021	-9.5427e-17
0.003	0.0024	9.93502e-17
0.003	0.0027	-8.50926e-17
0.003	0.003	-4.61594e-17
0.003	0.0033	-5.67146e-17
0.003	0.0036	-7.50559e-17
0.003	0.0039	1.24714e-16
0.003	0.0042	-5.70566e-17
0.003	0.0045	2.56013e-16
0.003	0.0048	-1.72713e-16
0.003	0.0051	3.09251e-16
0.003	0.0054	-1.89538e-16
0.003	0.0057	3.62518e-16
0.0033	-0.006	-1.56871e-16
0.0033	-0.0057	3.01453e-16
0.0033	-0.0054	-2.42245e-16
0.0033	-0.0051	3.7954e-16
0.0033	-0.0048	5.39332e-17
0.0033	-0.0045	2.03079e-16
0.0033	-0.0042	-2.16804e-16
0.0033	-0.0039	-3.23297e-17
0.0033	-0.0036	-1.71622e-16
0.0033	-0.0033	1.28962e-16
0.0033	-0.003	2.03413e-17
0.0033	-0.0027	-8.1291e-18
0.0033	-0.0024	2.17985e-17
0.0033	-0.0021	-2.04005e-16
0.0033	-0.0018	9.98008e-17
0.0033	-0.0015	-1.6722e-16
0.0033	-0.0012	1.91396e-16
0.0033	-0.0009	-3.76871e-18
0.0033	-0.0006	2.05901e-16
0.0033	-0.0003	1.75637e-16
0.0033	0	2.55172e-16
0.0033	0.0003	2.05382e-16
0.0033	0.0006	1.55612e-16
0.0033	0.0009	1.2582e-16
0.0033	0.0012	9.78963e-17
0.0033	0.0015	2.02567e-16
0.0033	0.0018	9.8789e-17
0.0033	0.0021	2.77309e-16
0.0033	0.0024	-4.40415e-17
0.0033	0.0027	8.5633e-17
0.0033	0.003	-1.48449e-16
0.0033	0.0033	-2.42307e-17
0.0033	0.0036	-1.13659e-16
0.0033	0.0039	-6.7204e-17
0.0033	0.0042	-6.29686e-17
0.0033	0.0045	-2.12774e-16
0.0033	0.0048	-5.24617e-18
0.0033	0.0051	-2.86104e-16
0.0033	0.0054	1.73482e-18
0.0033	0.0057	-3.61251e-16
0.0036	-0.006	1.98472e-17
0.0036	-0.0057	-2.34226e-16
0.0036	-0.0054	-7.76718e-17
0.0036	-0.0051	-3.70797e-16
0.0036	-0.0048	9.46647e-18
0.0036	-0.0045	-8.03463e-17
0.0036	-0.0042	-1.27044e-16
0.0036	-0.0039	-2.21359e-16
0.0036	-0.0036	-3.3335e-16
0.0036	-0.0033	-1.32426e-16
0.0036	-0.003	-1.91692e-16
0.0036	-0.0027	4.87531e-17
0.0036	-0.0024	-2.27793e-17
0.0036	-0.0021	2.41889e-16
0.0036	-0.0018	1.39263e-16
0.0036	-0.0015	4.0876e-16
0.0036	-0.0012	2.99996e-16
0.0036	-0.0009	3.60148e-16
0.0036	-0.0006	2.37231e-16
0.0036	-0.0003	8.50945e-17
0.0036	0	-4.74471e-17
0.0036	0.0003	-1.69304e-16
0.0036	0.0006	-2.01014e-16
0.0036	0.0009	-7.79688e-17
0.0036	0.0012	1.1341e-17
0.0036	0.0015	1.30814e-16
0.0036	0.0018	2.32271e-16
0.0036	0.0021	1.1107e-16
0.0036	0.0024	1.27442e-16
0.0036	0.0027	6.012e-17
0.0036	0.003	1.84752e-16
0.0036	0.0033	5.81544e-17
0.0036	0.0036	7.024e-17
0.0036	0.0039	8.53895e-18
0.0036	0.0042	-4.00915e-17
0.0036	0.0045	-2.00703e-17
0.0036	0.0048	-9.37495e-17
0.0036	0.0051	-2.43184e-17
0.0036	0.0054	-2.95363e-16
0.0036	0.0057	-2.13637e-16
0.0039	-0.006	-2.70946e-16
0.0039	-0.0057	-7.54689e-17
0.0039	-0.0054	-1.02042e-16
0.0039	-0.0051	-2.56548e-16
0.0039	-0.0048	-2.82532e-16
0.0039	-0.0045	-8.66476e-17
0.0039	-0.0042	-2.61805e-17
0.0039	-0.0039	-6.62005e-17
0.0039	-0.0036	7.52244e-17
0.0039	-0.0033	-1.37462e-16
0.0039	-0.003	6.1826e-17
0.0039	-0.0027	4.5153e-18
0.0039	-0.0024	1.34264e-16
0.0039	-0.0021	1.39738e-16
0.0039	-0.0018	1.47358e-16
0.0039	-0.0015	1.39876e-16
0.0039	-0.0012	1.09122e-16
0.0039	-0.0009	4.36528e-17
0.0039	-0.0006	1.39391e-17
0.0039	-0.0003	-1.35552e-16
0.0039	0	-1.52044e-16
0.0039	0.0003	-2.03764e-16
0.0039	0.0006	-1.2943e-16
0.0039	0.0009	-4.43906e-17
0.0039	0.0012	-2.39171e-17
0.0039	0.0015	4.86113e-17
0.0039	0.0018	-8.79996e-18
0.0039	0.0021	7.113e-18
0.0039	0.0024	5.55642e-17
0.0039	0.0027	6.44838e-17
0.0039	0.003	1.54609e-16
0.0039	0.0033	5.83054e-17
0.0039	0.0036	1.56116e-16
0.0039	0.0039	2.01197e-17
0.0039	0.0042	1.49129e-16
0.0039	0.0045	3.08918e-17
0.0039	0.0048	1.13606e-16
0.0039	0.0051	-6.04873e-17
0.0039	0.0054	3.83643e-17
0.0039	0.0057	-1.75047e-16
0.0042	-0.006	-4.54192e-17
0.0042	-0.0057	-7.80225e-18
0.0042	-0.0054	8.80452e-17
0.0042	-0.0051	7.84464e-17
0.0042	-0.0048	-1.83377e-17
0.0042	-0.0045	-5.99907e-17
0.0042	-0.0042	3.95114e-17
0.0042	-0.0039	3.49269e-17
0.0042	-0.0036	1.56907e-16
0.0042	-0.0033	8.2047e-17
0.0042	-0.003	8.66047e-17
0.0042	-0.0027	-2.56686e-17
0.0042	-0.0024	2.92847e-17
0.0042	-0.0021	-6.32974e-17
0.0042	-0.0018	-5.3687e-17
0.0042	-0.0015	-1.45456e-16
0.0042	-0.0012	-1.81376e-16
0.0042	-0.0009	-1.66078e-16
0.0042	-0.0006	-1.96264e-16
0.0042	-0.0003	-5.26735e-17
0.0042	0	-1.01251e-16
0.0042	0.0003	5.27445e-17
0.0042	0.0006	1.57879e-17
0.0042	0.0009	2.55279e-17
0.0042	0.0012	-2.07417e-17
0.0042	0.0015	-8.28661e-17
0.0042	0.0018	-1.42672e-16
0.0042	0.0021	-5.0079e-17
0.0042	0.0024	-1.40087e-16
0.0042	0.0027	2.72861e-17
0.0042	0.003	-1.5572e-16
0.0042	0.0033	6.17239e-17
0.0042	0.0036	-1.37248e-16
0.0042	0.0039	1.26903e-16
0.0042	0.0042	-8.22108e-17
0.0042	0.0045	1.2281e-16
0.0042	0.0048	-1.1998e-16
0.0042	0.0051	7.38429e-17
0.0042	0.0054	-7.40235e-17
0.0042	0.0057	1.16325e-16
0.0045	-0.006	-9.03539e-17
0.0045	-0.0057	2.62664e-17
0.0045	-0.0054	4.02457e-17
0.0045	-0.0051	1.50786e-16
0.0045	-0.0048	1.25844e-16
0.0045	-0.0045	6.7336e-17
0.0045	-0.0042	-3.6365e-18
0.0045	-0.0039	5.41688e-17
0.0045	-0.0036	-5.28107e-17
0.0045	-0.0033	6.05389e-17
0.0045	-0.003	-1.04547e-16
0.0045	-0.0027	-5.59909e-17
0.0045	-0.0024	-1.61378e-16
0.0045	-0.0021	-1.48947e-16
0.0045	-0.0018	-1.98569e-16
0.0045	-0.0015	-1.85731e-16
0.0045	-0.0012	-1.47441e-16
0.0045	-0.0009	-1.54786e-16
0.0045	-0.0006	-8.12151e-17
0.0045	-0.0003	-5.80261e-17
0.0045	0	-2.56707e-17
0.0045	0.0003	-3.97322e-18
0.0045	0.0006	-6.42953e-18
0.0045	0.0009	-8.01849e-17
0.0045	0.0012	-3.62779e-17
0.0045	0.0015	-1.95369e-16
0.0045	0.0018	1.8293e-18
0.0045	0.0021	-2.05128e-16
0.0045	0.0024	-1.4924e-17
0.0045	0.0027	-2.73823e-16
0.0045	0.003	-4.20153e-17
0.0045	0.0033	-2.4519e-16
0.0045	0.0036	2.94087e-17
0.0045	0.0039	-1.72783e-16
0.0045	0.0042	-5.22458e-18
0.0045	0.0045	-2.35072e-16
0.0045	0.0048	-2.92421e-17
0.0045	0.0051	-1.18803e-16
0.0045	0.0054	2.56803e-17
0.0045	0.0057	-4.56357e-17
0.0048	-0.006	4.55777e-17
0.0048	-0.0057	-7.70484e-17
0.0048	-0.0054	-4.32477e-17
0.0048	-0.0051	-3.46811e-17
0.0048	-0.0048	4.75196e-17
0.0048	-0.0045	5.8594e-17
0.0048	-0.0042	1.78448e-17
0.0048	-0.0039	-4.75782e-17
0.0048	-0.0036	-4.7489e-17
0.0048	-0.0033	-9.68137e-17
0.0048	-0.003	-5.18743e-17
0.0048	-0.0027	-1.38548e-16
0.0048	-0.0024	-9.19973e-17
0.0048	-0.0021	-1.87579e-16
0.0048	-0.0018	-1.00566e-16
0.0048	-0.0015	-2.03425e-16
0.0048	-0.0012	-4.46994e-17
0.0048	-0.0009	-2.01163e-16
0.0048	-0.0006	-2.22307e-17
0.0048	-0.0003	-1.90701e-16
0.0048	0	-7.67714e-17
0.0048	0.0003	-1.5328e-16
0.0048	0.0006	-1.6716e-16
0.0048	0.0009	-4.26175e-17
0.0048	0.0012	-2.3626e-16
0.0048	0.0015	5.60065e-17
0.0048	0.0018	-2.3116e-16
0.0048	0.0021	4.71882e-17
0.0048	0.0024	-2.46547e-16
0.0048	0.0027	-1.56621e-18
0.0048	0.003	-2.41123e-16
0.0048	0.0033	4.88028e-17
0.0048	0.0036	-2.18454e-16
0.0048	0.0039	-7.2351e-18
0.0048	0.0042	-2.1888e-16
0.0048	0.0045	-5.42892e-17
0.0048	0.0048	-1.4463e-16
0.0048	0.0051	-5.83172e-18
0.0048	0.0054	-3.3523e-17
0.0048	0.0057	-6.87141e-18
0.0051	-0.006	-3.39185e-17
0.0051	-0.0057	-4.10925e-17
0.0051	-0.0054	-1.10263e-16
0.0051	-0.0051	-1.01006e-16
0.0051	-0.0048	-7.89193e-17
0.0051	-0.0045	-7.1e-17
0.0051	-0.0042	-1.47882e-17
0.0051	-0.0039	-3.01997e-17
0.0051	-0.0036	-2.47835e-17
0.0051	-0.0033	1.99884e-17
0.0051	-0.003	-3.92642e-17
0.0051	-0.0027	5.18711e-17
0.0051	-0.0024	-6.10559e-17
0.0051	-0.0021	4.76433e-17
0.0051	-0.0018	-1.245e-16
0.0051	-0.0015	1.2055e-17
0.0051	-0.0012	-1.75942e-16
0.0051	-0.0009	-1.85733e-17
0.0051	-0.0006	-2.32312e-16
0.0051	-0.0003	-8.04062e-17
0.0051	0	-2.07895e-16
0.0051	0.0003	-1.53643e-16
0.0051	0.0006	-8.89573e-17
0.0051	0.0009	-2.14183e-16
0.0051	0.0012	1.85991e-17
0.0051	0.0015	-2.1884e-16
0.0051	0.0018	1.89607e-17
0.0051	0.0021	-2.51005e-16
0.0051	0.0024	6.21224e-17
0.0051	0.0027	-2.07781e-16
0.0051	0.003	1.22655e-16
0.0051	0.0033	-1.89357e-16
0.0051	0.0036	7.28518e-17
0.0051	0.0039	-2.05838e-16
0.0051	0.0042	9.44923e-18
0.0051	0.0045	-1.30649e-16
0.0051	0.0048	2.37869e-17
0.0051	0.0051	-6.79248e-17
0.0051	0.0054	1.79065e-17
0.0051	0.0057	-2.38661e-17
0.0054	-0.006	-3.61502e-17
0.0054	-0.0057	-8.67884e-17
0.0054	-0.0054	-9.3151e-17
0.0054	-0.0051	-1.62134e-16
0.0054	-0.0048	-1.11691e-16
0.0054	-0.0045	-1.67537e-16
0.0054	-0.0042	-1.00846e-16
0.0054	-0.0039	-1.32445e-16
0.0054	-0.0036	-1.66122e-17
0.0054	-0.0033	-2.86983e-17
0.0054	-0.003	7.8051e-17
0.0054	-0.0027	-2.88831e-19
0.0054	-0.0024	1.71521e-16
0.0054	-0.0021	3.39378e-17
0.0054	-0.0018	1.6004e-16
0.0054	-0.0015	9.29928e-18
0.0054	-0.0012	4.62361e-17
0.0054	-0.0009	-4.07633e-17
0.0054	-0.0006	-5.2628e-17
0.0054	-0.0003	-7.19543e-17
0.0054	0	-1.24918e-16
0.0054	0.0003	-9.16625e-17
0.0054	0.0006	-1.62091e-16
0.0054	0.0009	-1.22348e-16
0.0054	0.0012	-2.06892e-16
0.0054	0.0015	-6.82323e-17
0.0054	0.0018	-1.74396e-16
0.0054	0.0021	4.72608e-17
0.0054	0.0024	-9.94685e-17
0.0054	0.0027	1.81949e-16
0.0054	0.003	-1.03712e-16
0.0054	0.0033	1.36072e-16
0.0054	0.0036	-1.40837e-16
0.0054	0.0039	7.29945e-17
0.0054	0.0042	-1.12996e-16
0.0054	0.0045	5.15849e-17
0.0054	0.0048	-6.0146e-17
0.0054	0.0051	3.42957e-17
0.0054	0.0054	-8.55502e-17
0.0054	0.0057	-2.97899e-17
0.0057	-0.006	-8.26468e-17
0.0057	-0.0057	-3.11191e-17
0.0057	-0.0054	-8.90511e-17
0.0057	-0.0051	-6.33706e-17
0.0057	-0.0048	-1.4242e-16
0.0057	-0.0045	-9.99536e-17
0.0057	-0.0042	-1.76047e-16
0.0057	-0.0039	-6.37774e-17
0.0057	-0.0036	-1.26042e-16
0.0057	-0.0033	-1.14416e-17
0.0057	-0.003	-5.87093e-17
0.0057	-0.0027	9.3036e-17
0.0057	-0.0024	2.83243e-17
0.0057	-0.0021	1.53295e-16
0.0057	-0.0018	8.90812e-17
0.0057	-0.0015	1.19452e-16
0.0057	-0.0012	1.23777e-16
0.0057	-0.0009	3.1868e-17
0.0057	-0.0006	8.77633e-17
0.0057	-0.0003	-9.4494e-17
0.0057	0	-2.85853e-17
0.0057	0.0003	-1.20633e-16
0.0057	0.0006	-1.18554e-16
0.0057	0.0009	-1.35178e-16
0.0057	0.0012	-1.41769e-16
0.0057	0.0015	-8.04813e-17
0.0057	0.0018	-2.87519e-17
0.0057	0.0021	-1.53049e-18
0.0057	0.0024	1.21149e-16
0.0057	0.0027	2.63588e-18
0.0057	0.003	1.31098e-16
0.0057	0.0033	-5.45286e-17
0.0057	0.0036	7.76497e-17
0.0057	0.0039	-6.28704e-17
0.0057	0.0042	6.23697e-17
0.0057	0.0045	-5.0089e-17
0.0057	0.0048	4.78546e-17
0.0057	0.0051	-7.02177e-17
0.0057	0.0054	6.55521e-18
0.0057	0.0057	-5.61204e-17
