-0.006	-0.006	-2.1825e-15
-0.006	-0.0057	7.76748e-16
-0.006	-0.0054	-4.83042e-16
-0.006	-0.0051	5.97117e-16
-0.006	-0.0048	5.02429e-16
-0.006	-0.0045	-5.97196e-15
-0.006	-0.0042	-2.32484e-16
-0.006	-0.0039	-2.12222e-15
-0.006	-0.0036	2.83966e-16
-0.006	-0.0033	-1.01055e-15
-0.006	-0.003	-3.33915e-17
-0.006	-0.0027	1.44169e-15
-0.006	-0.0024	-1.69085e-16
-0.006	-0.0021	-9.00129e-16
-0.006	-0.0018	2.12327e-16
-0.006	-0.0015	8.29055e-16
-0.006	-0.0012	2.54747e-16
-0.006	-0.0009	-5.96861e-16
-0.006	-0.0006	3.80238e-18
-0.006	-0.0003	5.3605e-16
-0.006	0	-6.78835e-17
-0.006	0.0003	-3.88225e-16
-0.006	0.0006	-4.86482e-17
-0.006	0.0009	-2.04463e-16
-0.006	0.0012	2.88346e-17
-0.006	0.0015	2.71228e-16
-0.006	0.0018	1.04219e-16
-0.006	0.0021	-1.42194e-16
-0.006	0.0024	7.62658e-17
-0.006	0.0027	-1.65641e-16
-0.006	0.003	2.06371e-17
-0.006	0.0033	1.81388e-16
-0.006	0.0036	-5.62062e-17
-0.006	0.0039	2.56397e-16
-0.006	0.0042	-6.58011e-16
-0.006	0.0045	1.32644e-16
-0.006	0.0048	-2.71348e-16
-0.006	0.0051	1.09737e-15
-0.006	0.0054	2.06377e-16
-0.006	0.0057	9.66558e-16
-0.0057	-0.006	1.40311e-15
-0.0057	-0.0057	2.64573e-15
-0.0057	-0.0054	1.44899e-15
-0.0057	-0.0051	-1.5446e-15
-0.0057	-0.0048	-1.73424e-15
-0.0057	-0.0045	3.8515e-16
-0.0057	-0.0042	-3.67869e-16
-0.0057	-0.0039	-3.81761e-16
-0.0057	-0.0036	6.43107e-18
-0.0057	-0.0033	1.16458e-16
-0.0057	-0.003	-1.07182e-16
-0.0057	-0.0027	-3.44998e-15
-0.0057	-0.0024	2.74941e-17
-0.0057	-0.0021	-7.92997e-16
-0.0057	-0.0018	4.61825e-17
-0.0057	-0.0015	1.29417e-17
-0.0057	-0.0012	8.48193e-17
-0.0057	-0.0009	2.06666e-16
-0.0057	-0.0006	-5.89207e-18
-0.0057	-0.0003	4.46904e-16
-0.0057	0	5.70263e-17
-0.0057	0.0003	-1.08937e-15
-0.0057	0.0006	-1.14008e-17
-0.0057	0.0009	-1.70325e-16
-0.0057	0.0012	-2.72948e-17
-0.0057	0.0015	3.72137e-15
-0.0057	0.0018	-6.91686e-17
-0.0057	0.0021	-3.9275e-16
-0.0057	0.0024	7.24634e-17
-0.0057	0.0027	-2.45666e-16
-0.0057	0.003	1.52253e-17
-0.0057	0.0033	-2.68394e-15
-0.0057	0.0036	7.79201e-17
-0.0057	0.0039	-1.11794e-15
-0.0057	0.0042	2.48257e-16
-0.0057	0.0045	4.51359e-15
-0.0057	0.0048	1.85494e-16
-0.0057	0.0051	6.68138e-15
-0.0057	0.0054	2.84885e-16
-0.0057	0.0057	-1.20163e-15
-0.0054	-0.006	8.30117e-16
-0.0054	-0.0057	3.38472e-16
-0.0054	-0.0054	8.47275e-18
-0.0054	-0.0051	4.81276e-15
-0.0054	-0.0048	1.17079e-16
-0.0054	-0.0045	1.28133e-14
-0.0054	-0.0042	5.51321e-16
-0.0054	-0.0039	-7.09175e-16
-0.0054	-0.0036	2.48025e-15
-0.0054	-0.0033	-3.16041e-16
-0.0054	-0.003	9.07921e-16
-0.0054	-0.0027	1.25753e-16
-0.0054	-0.0024	1.69645e-16
-0.0054	-0.0021	1.53074e-16
-0.0054	-0.0018	6.63837e-16
-0.0054	-0.0015	1.93192e-16
-0.0054	-0.0012	1.95783e-15
-0.0054	-0.0009	-3.55572e-17
-0.0054	-0.0006	1.17963e-15
-0.0054	-0.0003	-2.41698e-17
-0.0054	0	6.48693e-16
-0.0054	0.0003	-3.37943e-17
-0.0054	0.0006	6.18158e-18
-0.0054	0.0009	-8.43119e-17
-0.0054	0.0012	1.18369e-17
-0.0054	0.0015	7.44847e-17
-0.0054	0.0018	1.14665e-16
-0.0054	0.0021	5.51588e-17
-0.0054	0.0024	2.20048e-16
-0.0054	0.0027	2.3138e-16
-0.0054	0.003	1.84296e-16
-0.0054	0.0033	4.4757e-17
-0.0054	0.0036	-7.47868e-17
-0.0054	0.0039	3.46079e-16
-0.0054	0.0042	-2.30817e-16
-0.0054	0.0045	3.85803e-16
-0.0054	0.0048	-3.30554e-16
-0.0054	0.0051	5.15685e-17
-0.0054	0.0054	-2.15741e-15
-0.0054	0.0057	-1.01212e-16
-0.0051	-0.006	-2.15448e-15
-0.0051	-0.0057	-2.09283e-16
-0.0051	-0.0054	-3.38837e-15
-0.0051	-0.0051	-1.40169e-16
-0.0051	-0.0048	-3.62173e-16
-0.0051	-0.0045	7.49327e-16
-0.0051	-0.0042	-6.85093e-16
-0.0051	-0.0039	7.41617e-16
-0.0051	-0.0036	-2.17243e-16
-0.0051	-0.0033	7.8203e-17
-0.0051	-0.003	7.7841e-17
-0.0051	-0.0027	1.02764e-16
-0.0051	-0.0024	3.82666e-17
-0.0051	-0.0021	-1.0664e-16
-0.0051	-0.0018	2.01756e-16
-0.0051	-0.0015	6.52798e-17
-0.0051	-0.0012	8.30863e-17
-0.0051	-0.0009	1.08654e-16
-0.0051	-0.0006	-3.55776e-17
-0.0051	-0.0003	-8.60352e-17
-0.0051	0	3.28807e-17
-0.0051	0.0003	7.37069e-17
-0.0051	0.0006	6.66812e-17
-0.0051	0.0009	-1.0191e-16
-0.0051	0.0012	-1.01298e-17
-0.0051	0.0015	-5.17367e-18
-0.0051	0.0018	7.95801e-17
-0.0051	0.0021	9.58942e-18
-0.0051	0.0024	-5.97451e-17
-0.0051	0.0027	2.23186e-16
-0.0051	0.003	2.32601e-16
-0.0051	0.0033	1.50566e-16
-0.0051	0.0036	1.20684e-16
-0.0051	0.0039	-5.43947e-17
-0.0051	0.0042	3.4165e-16
-0.0051	0.0045	-4.48509e-16
-0.0051	0.0048	6.51785e-16
-0.0051	0.0051	-5.20792e-16
-0.0051	0.0054	5.03801e-16
-0.0051	0.0057	-1.64813e-15
-0.0048	-0.006	4.26984e-16
-0.0048	-0.0057	-1.95308e-15
-0.0048	-0.0054	5.99654e-16
-0.0048	-0.0051	-6.09251e-16
-0.0048	-0.0048	1.16845e-15
-0.0048	-0.0045	-1.04375e-15
-0.0048	-0.0042	3.87368e-16
-0.0048	-0.0039	1.06055e-16
-0.0048	-0.0036	2.34929e-16
-0.0048	-0.0033	-2.12276e-16
-0.0048	-0.003	3.95078e-16
-0.0048	-0.0027	1.69596e-17
-0.0048	-0.0024	1.56378e-17
-0.0048	-0.0021	2.64905e-16
-0.0048	-0.0018	-2.43706e-16
-0.0048	-0.0015	1.90966e-16
-0.0048	-0.0012	2.17277e-16
-0.0048	-0.0009	-2.42639e-17
-0.0048	-0.0006	-4.37281e-17
-0.0048	-0.0003	3.51499e-17
-0.0048	0	-1.49605e-17
-0.0048	0.0003	1.2648e-16
-0.0048	0.0006	1.36798e-17
-0.0048	0.0009	1.72442e-17
-0.0048	0.0012	-7.95505e-17
-0.0048	0.0015	1.84318e-16
-0.0048	0.0018	2.10044e-17
-0.0048	0.0021	-4.25671e-17
-0.0048	0.0024	5.31824e-17
-0.0048	0.0027	-1.53286e-16
-0.0048	0.003	9.4794e-17
-0.0048	0.0033	7.073e-17
-0.0048	0.0036	1.63502e-17
-0.0048	0.0039	4.05959e-16
-0.0048	0.0042	-6.44563e-17
-0.0048	0.0045	3.17824e-16
-0.0048	0.0048	-5.83527e-16
-0.0048	0.0051	4.62126e-16
-0.0048	0.0054	-8.40437e-16
-0.0048	0.0057	5.94527e-16
-0.0045	-0.006	-1.20557e-15
-0.0045	-0.0057	6.88801e-16
-0.0045	-0.0054	-9.97144e-16
-0.0045	-0.0051	6.62379e-16
-0.0045	-0.0048	-1.04832e-15
-0.0045	-0.0045	1.72887e-16
-0.0045	-0.0042	1.07112e-16
-0.0045	-0.0039	9.79989e-16
-0.0045	-0.0036	-5.34617e-16
-0.0045	-0.0033	1.90961e-16
-0.0045	-0.003	3.6628e-16
-0.0045	-0.0027	-1.32926e-16
-0.0045	-0.0024	2.07413e-16
-0.0045	-0.0021	-2.99732e-16
-0.0045	-0.0018	2.13851e-16
-0.0045	-0.0015	2.44892e-16
-0.0045	-0.0012	6.99451e-18
-0.0045	-0.0009	1.22019e-16
-0.0045	-0.0006	2.07348e-17
-0.0045	-0.0003	-7.46195e-17
-0.0045	0	1.72948e-16
-0.0045	0.0003	1.39931e-16
-0.0045	0.0006	1.00598e-16
-0.0045	0.0009	-1.07759e-16
-0.0045	0.0012	4.06243e-17
-0.0045	0.0015	6.80438e-17
-0.0045	0.0018	2.78476e-16
-0.0045	0.0021	6.45793e-17
-0.0045	0.0024	-7.78392e-17
-0.0045	0.0027	-9.22438e-17
-0.0045	0.003	-3.51863e-16
-0.0045	0.0033	2.60478e-16
-0.0045	0.0036	2.31368e-16
-0.0045	0.0039	-7.94658e-17
-0.0045	0.0042	6.11493e-16
-0.0045	0.0045	-2.39464e-18
-0.0045	0.0048	6.27966e-16
-0.0045	0.0051	-3.39903e-16
-0.0045	0.0054	6.46959e-16
-0.0045	0.0057	-6.72114e-16
-0.0042	-0.006	7.23683e-16
-0.0042	-0.0057	-7.90943e-16
-0.0042	-0.0054	8.56389e-16
-0.0042	-0.0051	-5.57451e-16
-0.0042	-0.0048	9.04339e-16
-0.0042	-0.0045	1.35399e-16
-0.0042	-0.0042	1.27326e-15
-0.0042	-0.0039	-4.1806e-16
-0.0042	-0.0036	-3.25301e-16
-0.0042	-0.0033	3.40724e-16
-0.0042	-0.003	1.59318e-16
-0.0042	-0.0027	-2.38902e-17
-0.0042	-0.0024	-1.18519e-16
-0.0042	-0.0021	4.11724e-16
-0.0042	-0.0018	-8.99269e-17
-0.0042	-0.0015	1.75377e-16
-0.0042	-0.0012	4.09884e-16
-0.0042	-0.0009	1.22639e-17
-0.0042	-0.0006	2.22541e-17
-0.0042	-0.0003	7.54794e-17
-0.0042	0	2.31117e-16
-0.0042	0.0003	2.34202e-16
-0.0042	0.0006	-4.8454e-18
-0.0042	0.0009	2.83285e-17
-0.0042	0.0012	-5.03678e-17
-0.0042	0.0015	4.54634e-16
-0.0042	0.0018	-2.03011e-17
-0.0042	0.0021	-1.15679e-16
-0.0042	0.0024	1.7864e-16
-0.0042	0.0027	6.01624e-18
-0.0042	0.003	1.12915e-16
-0.0042	0.0033	-1.84685e-17
-0.0042	0.0036	4.68399e-17
-0.0042	0.0039	-9.65555e-17
-0.0042	0.0042	-1.68194e-16
-0.0042	0.0045	3.70417e-16
-0.0042	0.0048	-7.26044e-17
-0.0042	0.0051	7.34834e-16
-0.0042	0.0054	-1.24665e-16
-0.0042	0.0057	1.08354e-15
-0.0039	-0.006	-1.33365e-16
-0.0039	-0.0057	1.18603e-15
-0.0039	-0.0054	-1.25546e-16
-0.0039	-0.0051	1.0765e-15
-0.0039	-0.0048	-8.42299e-17
-0.0039	-0.0045	6.26051e-16
-0.0039	-0.0042	-5.79606e-16
-0.0039	-0.0039	-5.10801e-16
-0.0039	-0.0036	4.83215e-18
-0.0039	-0.0033	6.67278e-16
-0.0039	-0.003	2.09902e-16
-0.0039	-0.0027	-2.67072e-16
-0.0039	-0.0024	5.88152e-16
-0.0039	-0.0021	-3.18018e-16
-0.0039	-0.0018	8.16082e-17
-0.0039	-0.0015	6.90522e-16
-0.0039	-0.0012	-1.75125e-16
-0.0039	-0.0009	1.90854e-16
-0.0039	-0.0006	-3.10085e-17
-0.0039	-0.0003	1.14936e-16
-0.0039	0	1.73854e-16
-0.0039	0.0003	3.07956e-16
-0.0039	0.0006	6.89829e-17
-0.0039	0.0009	4.3159e-17
-0.0039	0.0012	1.64984e-16
-0.0039	0.0015	-2.059e-17
-0.0039	0.0018	6.2029e-16
-0.0039	0.0021	-4.38715e-17
-0.0039	0.0024	-2.16131e-16
-0.0039	0.0027	1.74537e-16
-0.0039	0.003	2.8783e-17
-0.0039	0.0033	2.34927e-16
-0.0039	0.0036	2.75197e-16
-0.0039	0.0039	1.8592e-16
-0.0039	0.0042	1.45906e-16
-0.0039	0.0045	-2.53145e-16
-0.0039	0.0048	4.30921e-17
-0.0039	0.0051	-4.07951e-16
-0.0039	0.0054	3.46921e-16
-0.0039	0.0057	-4.4195e-16
-0.0036	-0.006	6.09765e-16
-0.0036	-0.0057	-4.88454e-16
-0.0036	-0.0054	5.05697e-16
-0.0036	-0.0051	-5.99803e-16
-0.0036	-0.0048	8.77268e-17
-0.0036	-0.0045	-5.90929e-16
-0.0036	-0.0042	-6.4383e-17
-0.0036	-0.0039	1.78261e-16
-0.0036	-0.0036	8.27488e-16
-0.0036	-0.0033	4.99674e-16
-0.0036	-0.003	-5.58764e-16
-0.0036	-0.0027	2.3861e-16
-0.0036	-0.0024	-9.97434e-17
-0.0036	-0.0021	1.79349e-16
-0.0036	-0.0018	4.97939e-16
-0.0036	-0.0015	-8.40703e-17
-0.0036	-0.0012	3.76369e-16
-0.0036	-0.0009	2.39881e-17
-0.0036	-0.0006	3.35252e-17
-0.0036	-0.0003	-1.62853e-17
-0.0036	0	3.95952e-16
-0.0036	0.0003	1.92849e-16
-0.0036	0.0006	3.62126e-17
-0.0036	0.0009	-1.46775e-16
-0.0036	0.0012	1.68205e-16
-0.0036	0.0015	4.24593e-16
-0.0036	0.0018	-1.3354e-16
-0.0036	0.0021	3.92569e-16
-0.0036	0.0024	6.21414e-17
-0.0036	0.0027	-1.476e-16
-0.0036	0.003	3.06463e-16
-0.0036	0.0033	-2.15215e-16
-0.0036	0.0036	1.99305e-16
-0.0036	0.0039	2.37241e-16
-0.0036	0.0042	3.39169e-16
-0.0036	0.0045	4.57673e-16
-0.0036	0.0048	1.18351e-16
-0.0036	0.0051	2.79734e-16
-0.0036	0.0054	-1.2771e-16
-0.0036	0.0057	4.16842e-16
-0.0033	-0.006	-3.07828e-16
-0.0033	-0.0057	4.2703e-16
-0.0033	-0.0054	-2.62061e-16
-0.0033	-0.0051	5.06507e-16
-0.0033	-0.0048	-3.36595e-17
-0.0033	-0.0045	4.46488e-16
-0.0033	-0.0042	5.12175e-16
-0.0033	-0.0039	5.05654e-16
-0.0033	-0.0036	3.43628e-16
-0.0033	-0.0033	-6.30287e-16
-0.0033	-0.003	-6.56369e-17
-0.0033	-0.0027	1.03081e-16
-0.0033	-0.0024	7.67834e-16
-0.0033	-0.0021	8.87249e-17
-0.0033	-0.0018	-6.7486e-17
-0.0033	-0.0015	5.37808e-16
-0.0033	-0.0012	-1.68682e-16
-0.0033	-0.0009	-1.7047e-18
-0.0033	-0.0006	2.83086e-17
-0.0033	-0.0003	1.13072e-16
-0.0033	0	2.34567e-16
-0.0033	0.0003	9.77234e-17
-0.0033	0.0006	2.23983e-17
-0.0033	0.0009	1.99847e-16
-0.0033	0.0012	1.72315e-16
-0.0033	0.0015	1.05782e-16
-0.0033	0.0018	2.0504e-16
-0.0033	0.0021	-2.58366e-16
-0.0033	0.0024	4.27025e-16
-0.0033	0.0027	4.26082e-16
-0.0033	0.003	2.33672e-17
-0.0033	0.0033	2.69376e-16
-0.0033	0.0036	-2.9882e-16
-0.0033	0.0039	5.75435e-17
-0.0033	0.0042	-5.78351e-17
-0.0033	0.0045	2.72529e-16
-0.0033	0.0048	1.40258e-16
-0.0033	0.0051	2.08398e-16
-0.0033	0.0054	3.48648e-16
-0.0033	0.0057	1.50514e-16
-0.003	-0.006	4.23702e-16
-0.003	-0.0057	4.38208e-17
-0.003	-0.0054	4.30086e-16
-0.003	-0.0051	1.05318e-16
-0.003	-0.0048	2.2279e-16
-0.003	-0.0045	2.14436e-16
-0.003	-0.0042	4.43078e-19
-0.003	-0.0039	9.81651e-18
-0.003	-0.0036	-5.20263e-16
-0.003	-0.0033	7.72082e-17
-0.003	-0.003	1.67183e-16
-0.003	-0.0027	1.02028e-15
-0.003	-0.0024	-8.84902e-18
-0.003	-0.0021	-4.13405e-16
-0.003	-0.0018	6.92383e-16
-0.003	-0.0015	-2.30548e-16
-0.003	-0.0012	-6.55717e-17
-0.003	-0.0009	1.70063e-16
-0.003	-0.0006	5.01937e-17
-0.003	-0.0003	-9.82544e-17
-0.003	0	2.06587e-16
-0.003	0.0003	-6.5267e-17
-0.003	0.0006	-1.57463e-16
-0.003	0.0009	-4.35747e-17
-0.003	0.0012	2.64933e-16
-0.003	0.0015	3.69556e-16
-0.003	0.0018	1.22559e-16
-0.003	0.0021	9.74098e-17
-0.003	0.0024	-1.69698e-16
-0.003	0.0027	2.6401e-16
-0.003	0.003	4.9603e-16
-0.003	0.0033	2.86692e-16
-0.003	0.0036	3.50378e-16
-0.003	0.0039	-2.10645e-16
-0.003	0.0042	1.88217e-16
-0.003	0.0045	-1.30517e-16
-0.003	0.0048	1.33913e-16
-0.003	0.0051	2.41518e-17
-0.003	0.0054	6.06417e-17
-0.003	0.0057	1.41917e-16
-0.0027	-0.006	-1.77078e-16
-0.0027	-0.0057	6.05472e-17
-0.0027	-0.0054	-1.4828e-16
-0.0027	-0.0051	-1.98963e-19
-0.0027	-0.0048	4.91403e-17
-0.0027	-0.0045	-1.29374e-16
-0.0027	-0.0042	2.89051e-16
-0.0027	-0.0039	-2.70978e-16
-0.0027	-0.0036	5.03962e-16
-0.0027	-0.0033	9.90697e-17
-0.0027	-0.003	8.94959e-16
-0.0027	-0.0027	-9.16588e-18
-0.0027	-0.0024	-5.09599e-16
-0.0027	-0.0021	8.07537e-16
-0.0027	-0.0018	2.51556e-16
-0.0027	-0.0015	-2.84149e-16
-0.0027	-0.0012	6.68292e-17
-0.0027	-0.0009	1.53289e-16
-0.0027	-0.0006	8.44953e-17
-0.0027	-0.0003	1.06368e-16
-0.0027	0	4.93207e-17
-0.0027	0.0003	-2.95551e-16
-0.0027	0.0006	-1.71105e-16
-0.0027	0.0009	1.28132e-16
-0.0027	0.0012	2.37106e-16
-0.0027	0.0015	-1.56057e-16
-0.0027	0.0018	-8.86748e-17
-0.0027	0.0021	1.98102e-16
-0.0027	0.0024	4.68834e-16
-0.0027	0.0027	-3.60594e-17
-0.0027	0.003	2.64691e-16
-0.0027	0.0033	2.75966e-16
-0.0027	0.0036	1.03145e-17
-0.0027	0.0039	4.21813e-16
-0.0027	0.0042	-2.38933e-16
-0.0027	0.0045	5.75083e-16
-0.0027	0.0048	-1.32561e-16
-0.0027	0.0051	5.22557e-16
-0.0027	0.0054	1.0705e-16
-0.0027	0.0057	3.84471e-16
-0.0024	-0.006	8.64887e-17
-0.0024	-0.0057	3.06841e-16
-0.0024	-0.0054	-7.66805e-17
-0.0024	-0.0051	3.96892e-16
-0.0024	-0.0048	-4.90273e-17
-0.0024	-0.0045	6.91832e-16
-0.0024	-0.0042	-2.73854e-16
-0.0024	-0.0039	7.87271e-16
-0.0024	-0.0036	-2.05685e-16
-0.0024	-0.0033	4.58742e-16
-0.0024	-0.003	2.85697e-17
-0.0024	-0.0027	-4.50872e-16
-0.0024	-0.0024	9.12052e-16
-0.0024	-0.0021	4.02482e-16
-0.0024	-0.0018	-2.11859e-16
-0.0024	-0.0015	-2.33792e-16
-0.0024	-0.0012	-2.95234e-17
-0.0024	-0.0009	2.76499e-16
-0.0024	-0.0006	1.80369e-16
-0.0024	-0.0003	2.6481e-16
-0.0024	0	-2.39218e-16
-0.0024	0.0003	-1.98051e-16
-0.0024	0.0006	-8.99918e-17
-0.0024	0.0009	2.3695e-16
-0.0024	0.0012	6.68554e-17
-0.0024	0.0015	-4.6585e-17
-0.0024	0.0018	-1.39309e-16
-0.0024	0.0021	-2.4641e-16
-0.0024	0.0024	3.0569e-16
-0.0024	0.0027	6.63539e-16
-0.0024	0.003	3.10482e-18
-0.0024	0.0033	4.68307e-16
-0.0024	0.0036	4.87761e-18
-0.0024	0.0039	-1.02977e-16
-0.0024	0.0042	3.21981e-16
-0.0024	0.0045	-3.20634e-16
-0.0024	0.0048	5.46776e-16
-0.0024	0.0051	-2.08227e-16
-0.0024	0.0054	5.32384e-16
-0.0024	0.0057	-1.75815e-16
-0.0021	-0.006	3.06347e-16
-0.0021	-0.0057	-2.07998e-16
-0.0021	-0.0054	3.47111e-16
-0.0021	-0.0051	-3.21382e-16
-0.0021	-0.0048	6.03146e-16
-0.0021	-0.0045	-4.1747e-16
-0.0021	-0.0042	5.77142e-16
-0.0021	-0.0039	-2.3549e-16
-0.0021	-0.0036	1.6585e-16
-0.0021	-0.0033	3.84518e-16
-0.0021	-0.003	-2.54632e-16
-0.0021	-0.0027	1.04525e-15
-0.0021	-0.0024	3.37709e-16
-0.0021	-0.0021	-4.6122e-17
-0.0021	-0.0018	-1.0407e-16
-0.0021	-0.0015	-2.62108e-16
-0.0021	-0.0012	4.44989e-16
-0.0021	-0.0009	3.68931e-16
-0.0021	-0.0006	1.08048e-16
-0.0021	-0.0003	3.7182e-16
-0.0021	0	-3.76637e-17
-0.0021	0.0003	-2.59132e-16
-0.0021	0.0006	5.76346e-18
-0.0021	0.0009	5.49772e-17
-0.0021	0.0012	2.71791e-16
-0.0021	0.0015	-8.54222e-17
-0.0021	0.0018	-3.21e-16
-0.0021	0.0021	6.22977e-17
-0.0021	0.0024	-1.43474e-16
-0.0021	0.0027	2.65444e-16
-0.0021	0.003	6.07825e-16
-0.0021	0.0033	-2.86634e-17
-0.0021	0.0036	5.69797e-16
-0.0021	0.0039	1.16337e-16
-0.0021	0.0042	1.94918e-16
-0.0021	0.0045	3.63042e-16
-0.0021	0.0048	7.01601e-17
-0.0021	0.0051	5.58054e-16
-0.0021	0.0054	1.17106e-16
-0.0021	0.0057	4.16222e-16
-0.0018	-0.006	4.2353e-17
-0.0018	-0.0057	3.20437e-16
-0.0018	-0.0054	-1.60742e-16
-0.0018	-0.0051	5.0916e-16
-0.0018	-0.0048	8.38445e-17
-0.0018	-0.0045	5.08822e-16
-0.0018	-0.0042	3.00551e-16
-0.0018	-0.0039	2.85919e-16
-0.0018	-0.0036	7.50348e-16
-0.0018	-0.0033	3.06662e-17
-0.0018	-0.003	7.87171e-16
-0.0018	-0.0027	-1.10041e-17
-0.0018	-0.0024	-2.2013e-16
-0.0018	-0.0021	-3.1038e-17
-0.0018	-0.0018	-7.74845e-17
-0.0018	-0.0015	4.25729e-16
-0.0018	-0.0012	2.53938e-16
-0.0018	-0.0009	-4.79955e-16
-0.0018	-0.0006	2.9737e-16
-0.0018	-0.0003	1.29736e-17
-0.0018	0	1.94334e-16
-0.0018	0.0003	4.25903e-16
-0.0018	0.0006	2.82429e-16
-0.0018	0.0009	4.92757e-16
-0.0018	0.0012	-2.42534e-16
-0.0018	0.0015	-4.32309e-16
-0.0018	0.0018	1.80828e-16
-0.0018	0.0021	-2.56209e-18
-0.0018	0.0024	2.86461e-16
-0.0018	0.0027	3.70406e-17
-0.0018	0.003	-9.89597e-17
-0.0018	0.0033	2.71939e-16
-0.0018	0.0036	-1.54038e-16
-0.0018	0.0039	3.77064e-16
-0.0018	0.0042	4.58383e-17
-0.0018	0.0045	4.23996e-16
-0.0018	0.0048	1.91017e-16
-0.0018	0.0051	5.99246e-16
-0.0018	0.0054	3.51687e-16
-0.0018	0.0057	6.02784e-16
-0.0015	-0.006	2.19767e-16
-0.0015	-0.0057	4.9915e-16
-0.0015	-0.0054	1.25585e-16
-0.0015	-0.0051	5.5019e-16
-0.0015	-0.0048	3.1327e-16
-0.0015	-0.0045	6.56034e-16
-0.0015	-0.0042	1.49268e-16
-0.0015	-0.0039	6.33384e-16
-0.0015	-0.0036	-1.29624e-16
-0.0015	-0.0033	2.4514e-16
-0.0015	-0.003	-3.64631e-16
-0.0015	-0.0027	-2.86256e-16
-0.0015	-0.0024	4.49163e-17
-0.0015	-0.0021	1.12301e-16
-0.0015	-0.0018	5.52746e-16
-0.0015	-0.0015	1.71445e-16
-0.0015	-0.0012	-3.56053e-16
-0.0015	-0.0009	1.18025e-13
-0.0015	-0.0006	-1.48886e-13
-0.0015	-0.0003	-3.57511e-13
-0.0015	0	-1.76179e-14
-0.0015	0.0003	4.1497e-13
-0.0015	0.0006	3.70749e-13
-0.0015	0.0009	-1.79475e-16
-0.0015	0.0012	2.897e-17
-0.0015	0.0015	-1.09685e-16
-0.0015	0.0018	-1.35146e-16
-0.0015	0.0021	3.88838e-16
-0.0015	0.0024	8.60273e-17
-0.0015	0.0027	4.12321e-16
-0.0015	0.003	1.44379e-16
-0.0015	0.0033	-1.03844e-16
-0.0015	0.0036	-6.28437e-18
-0.0015	0.0039	-4.43217e-17
-0.0015	0.0042	2.30611e-17
-0.0015	0.0045	-5.45477e-17
-0.0015	0.0048	4.61978e-16
-0.0015	0.0051	4.14715e-17
-0.0015	0.0054	6.45423e-16
-0.0015	0.0057	-2.52885e-16
-0.0012	-0.006	6.27567e-16
-0.0012	-0.0057	-1.86197e-16
-0.0012	-0.0054	6.67608e-16
-0.0012	-0.0051	-5.57538e-17
-0.0012	-0.0048	5.58203e-16
-0.0012	-0.0045	-2.15864e-17
-0.0012	-0.0042	3.28359e-16
-0.0012	-0.0039	-7.74658e-17
-0.0012	-0.0036	2.01073e-17
-0.0012	-0.0033	-4.38035e-17
-0.0012	-0.003	-1.94516e-16
-0.0012	-0.0027	2.22961e-16
-0.0012	-0.0024	1.17527e-16
-0.0012	-0.0021	5.72714e-16
-0.0012	-0.0018	4.6711e-16
-0.0012	-0.0015	-2.25497e-16
-0.0012	-0.0012	2.36284e-13
-0.0012	-0.0009	9.8963e-08
-0.0012	-0.0006	-1.24523e-07
-0.0012	-0.0003	-2.99302e-07
-0.0012	0	-1.4331e-08
-0.0012	0.0003	3.46834e-07
-0.0012	0.0006	3.09691e-07
-0.0012	0.0009	7.40077e-13
-0.0012	0.0012	-1.88515e-16
-0.0012	0.0015	-4.96279e-16
-0.0012	0.0018	1.40043e-16
-0.0012	0.0021	1.98661e-16
-0.0012	0.0024	3.05027e-16
-0.0012	0.0027	2.62698e-16
-0.0012	0.003	6.77108e-17
-0.0012	0.0033	-1.53803e-17
-0.0012	0.0036	1.4398e-16
-0.0012	0.0039	-1.57845e-16
-0.0012	0.0042	9.14078e-17
-0.0012	0.0045	6.8273e-18
-0.0012	0.0048	2.1101e-16
-0.0012	0.0051	4.07196e-16
-0.0012	0.0054	-5.63868e-17
-0.0012	0.0057	3.18534e-16
-0.0009	-0.006	-6.73649e-17
-0.0009	-0.0057	2.72226e-16
-0.0009	-0.0054	-7.13687e-17
-0.0009	-0.0051	3.09023e-16
-0.0009	-0.0048	1.23632e-16
-0.0009	-0.0045	1.29836e-16
-0.0009	-0.0042	2.32503e-16
-0.0009	-0.0039	-3.01611e-17
-0.0009	-0.0036	2.24037e-16
-0.0009	-0.0033	-1.24534e-16
-0.0009	-0.003	5.73191e-17
-0.0009	-0.0027	5.11107e-17
-0.0009	-0.0024	2.61488e-16
-0.0009	-0.0021	3.26671e-16
-0.0009	-0.0018	-1.52223e-16
-0.0009	-0.0015	1.18108e-13
-0.0009	-0.0012	9.89635e-08
-0.0009	-0.0009	0.0828526
-0.0009	-0.0006	-0.104252
-0.0009	-0.0003	-0.250577
-0.0009	0	-0.011998
-0.0009	0.0003	0.290371
-0.0009	0.0006	0.259275
-0.0009	0.0009	3.09691e-07
-0.0009	0.0012	3.69664e-13
-0.0009	0.0015	2.79449e-16
-0.0009	0.0018	1.70117e-17
-0.0009	0.0021	3.15269e-16
-0.0009	0.0024	8.75479e-17
-0.0009	0.0027	1.32303e-16
-0.0009	0.003	2.62243e-16
-0.0009	0.0033	-6.0985e-17
-0.0009	0.0036	-6.97884e-17
-0.0009	0.0039	1.38721e-16
-0.0009	0.0042	-2.83368e-16
-0.0009	0.0045	1.06915e-16
-0.0009	0.0048	1.42954e-16
-0.0009	0.0051	1.39871e-16
-0.0009	0.0054	1.87513e-16
-0.0009	0.0057	-2.27613e-17
-0.0006	-0.006	-1.71137e-17
-0.0006	-0.0057	-1.0807e-16
-0.0006	-0.0054	-5.12332e-17
-0.0006	-0.0051	3.17925e-17
-0.0006	-0.0048	-5.47616e-17
-0.0006	-0.0045	1.82652e-16
-0.0006	-0.0042	-1.06973e-16
-0.0006	-0.0039	1.13268e-16
-0.0006	-0.0036	-8.94461e-17
-0.0006	-0.0033	9.61196e-17
-0.0006	-0.003	7.88148e-18
-0.0006	-0.0027	7.9044e-17
-0.0006	-0.0024	2.0664e-16
-0.0006	-0.0021	3.87842e-16
-0.0006	-0.0018	3.05922e-16
-0.0006	-0.0015	2.79822e-13
-0.0006	-0.0012	2.34267e-07
-0.0006	-0.0009	0.19613
-0.0006	-0.0006	0.0834246
-0.0006	-0.0003	-0.0817912
-0.0006	0	-0.0478538
-0.0006	0.0003	-0.0165327
-0.0006	0.0006	-0.0586206
-0.0006	0.0009	-7.00194e-08
-0.0006	0.0012	-8.36336e-14
-0.0006	0.0015	-2.89944e-16
-0.0006	0.0018	1.13998e-16
-0.0006	0.0021	-8.7605e-17
-0.0006	0.0024	2.52218e-16
-0.0006	0.0027	3.02444e-16
-0.0006	0.003	6.54707e-17
-0.0006	0.0033	1.48547e-16
-0.0006	0.0036	3.42444e-16
-0.0006	0.0039	-8.15975e-17
-0.0006	0.0042	1.90334e-16
-0.0006	0.0045	6.49726e-17
-0.0006	0.0048	2.37984e-16
-0.0006	0.0051	1.43597e-16
-0.0006	0.0054	4.34529e-17
-0.0006	0.0057	6.64439e-18
-0.0003	-0.006	-1.13858e-17
-0.0003	-0.0057	-1.03477e-16
-0.0003	-0.0054	-3.16678e-17
-0.0003	-0.0051	-7.10234e-17
-0.0003	-0.0048	1.49905e-16
-0.0003	-0.0045	4.73814e-17
-0.0003	-0.0042	2.98094e-16
-0.0003	-0.0039	1.73607e-16
-0.0003	-0.0036	2.73279e-16
-0.0003	-0.0033	2.93121e-16
-0.0003	-0.003	1.88394e-16
-0.0003	-0.0027	1.48013e-16
-0.0003	-0.0024	3.40073e-16
-0.0003	-0.0021	1.3495e-16
-0.0003	-0.0018	-5.64141e-17
-0.0003	-0.0015	1.33459e-14
-0.0003	-0.0012	1.16694e-08
-0.0003	-0.0009	0.00976972
-0.0003	-0.0006	0.0563744
-0.0003	-0.0003	0.150935
-0.0003	0	0.0723884
-0.0003	0.0003	-0.197917
-0.0003	0.0006	-0.269594
-0.0003	0.0009	-3.22016e-07
-0.0003	0.0012	-3.84507e-13
-0.0003	0.0015	2.22969e-16
-0.0003	0.0018	-1.42998e-16
-0.0003	0.0021	2.52316e-17
-0.0003	0.0024	-2.00137e-16
-0.0003	0.0027	-5.46459e-17
-0.0003	0.003	-1.40004e-17
-0.0003	0.0033	2.67284e-16
-0.0003	0.0036	7.89042e-17
-0.0003	0.0039	2.73302e-16
-0.0003	0.0042	1.02197e-16
-0.0003	0.0045	3.35244e-16
-0.0003	0.0048	3.6984e-16
-0.0003	0.0051	2.60293e-16
-0.0003	0.0054	2.15727e-16
-0.0003	0.0057	5.49422e-17
0	-0.006	2.90566e-16
0	-0.0057	1.50512e-16
0	-0.0054	2.35151e-16
0	-0.0051	1.8334e-16
0	-0.0048	2.48841e-16
0	-0.0045	3.6846e-16
0	-0.0042	3.88007e-16
0	-0.0039	3.49646e-16
0	-0.0036	3.05288e-16
0	-0.0033	3.21369e-16
0	-0.003	-9.22474e-17
0	-0.0027	2.47769e-17
0	-0.0024	-4.96503e-16
0	-0.0021	6.97483e-17
0	-0.0018	9.47643e-17
0	-0.0015	-3.84942e-13
0	-0.0012	-3.22016e-07
0	-0.0009	-0.269594
0	-0.0006	-0.197917
0	-0.0003	0.0723884
0	0	0.150935
0	0.0003	0.0563744
0	0.0006	0.00976971
0	0.0009	1.16693e-08
0	0.0012	1.44661e-14
0	0.0015	3.88017e-17
0	0.0018	2.36138e-16
0	0.0021	-1.49674e-16
0	0.0024	-9.14775e-17
0	0.0027	-1.20518e-16
0	0.003	-4.5209e-17
0	0.0033	-2.92943e-16
0	0.0036	1.72065e-16
0	0.0039	-2.89582e-16
0	0.0042	2.42607e-16
0	0.0045	1.46538e-16
0	0.0048	2.97429e-16
0	0.0051	2.00226e-16
0	0.0054	1.76221e-16
0	0.0057	2.9449e-16
0.0003	-0.006	2.3103e-16
0.0003	-0.0057	2.27174e-16
0.0003	-0.0054	1.79916e-16
0.0003	-0.0051	1.21382e-16
0.0003	-0.0048	2.27028e-16
0.0003	-0.0045	5.23467e-17
0.0003	-0.0042	4.10852e-16
0.0003	-0.0039	7.76402e-18
0.0003	-0.0036	1.10959e-16
0.0003	-0.0033	-2.66423e-16
0.0003	-0.003	-1.75876e-16
0.0003	-0.0027	-5.58504e-16
0.0003	-0.0024	-1.26639e-16
0.0003	-0.0021	-3.81109e-16
0.0003	-0.0018	6.47129e-16
0.0003	-0.0015	-8.26954e-14
0.0003	-0.0012	-7.00194e-08
0.0003	-0.0009	-0.0586206
0.0003	-0.0006	-0.0165327
0.0003	-0.0003	-0.0478538
0.0003	0	-0.0817912
0.0003	0.0003	0.0834246
0.0003	0.0006	0.19613
0.0003	0.0009	2.34267e-07
0.0003	0.0012	2.79522e-13
0.0003	0.0015	2.25393e-16
0.0003	0.0018	-6.77275e-17
0.0003	0.0021	1.79429e-16
0.0003	0.0024	1.50903e-16
0.0003	0.0027	3.41129e-17
0.0003	0.003	-1.8858e-16
0.0003	0.0033	1.16691e-16
0.0003	0.0036	-3.542e-16
0.0003	0.0039	1.00221e-17
0.0003	0.0042	-2.29544e-16
0.0003	0.0045	9.5618e-17
0.0003	0.0048	-1.14645e-16
0.0003	0.0051	-5.50931e-17
0.0003	0.0054	-2.00971e-16
0.0003	0.0057	1.25801e-16
0.0006	-0.006	-3.96044e-17
0.0006	-0.0057	8.59154e-17
0.0006	-0.0054	-1.77239e-16
0.0006	-0.0051	-1.44615e-18
0.0006	-0.0048	-3.4004e-16
0.0006	-0.0045	4.94869e-17
0.0006	-0.0042	-2.36905e-16
0.0006	-0.0039	1.82413e-17
0.0006	-0.0036	-1.61162e-16
0.0006	-0.0033	-2.47542e-17
0.0006	-0.003	-1.58439e-16
0.0006	-0.0027	-6.50626e-17
0.0006	-0.0024	-6.70606e-17
0.0006	-0.0021	2.11548e-16
0.0006	-0.0018	-1.13831e-16
0.0006	-0.0015	3.70788e-13
0.0006	-0.0012	3.09691e-07
0.0006	-0.0009	0.259275
0.0006	-0.0006	0.290371
0.0006	-0.0003	-0.011998
0.0006	0	-0.250577
0.0006	0.0003	-0.104252
0.0006	0.0006	0.0828526
0.0006	0.0009	9.89635e-08
0.0006	0.0012	1.18129e-13
0.0006	0.0015	-3.212e-16
0.0006	0.0018	1.65724e-16
0.0006	0.0021	-4.57627e-17
0.0006	0.0024	3.09619e-16
0.0006	0.0027	-2.34919e-17
0.0006	0.003	3.59338e-16
0.0006	0.0033	-2.18645e-17
0.0006	0.0036	1.83262e-16
0.0006	0.0039	-1.53839e-16
0.0006	0.0042	4.69071e-17
0.0006	0.0045	-1.81223e-18
0.0006	0.0048	-2.19012e-16
0.0006	0.0051	-1.83232e-16
0.0006	0.0054	-1.91932e-16
0.0006	0.0057	-7.10581e-17
0.0009	-0.006	-1.59794e-16
0.0009	-0.0057	-1.20846e-16
0.0009	-0.0054	-2.04743e-16
0.0009	-0.0051	-2.3284e-16
0.0009	-0.0048	-1.85258e-16
0.0009	-0.0045	-2.18418e-16
0.0009	-0.0042	3.55354e-17
0.0009	-0.0039	8.5409e-18
0.0009	-0.0036	4.94193e-17
0.0009	-0.0033	1.75482e-16
0.0009	-0.003	2.90764e-16
0.0009	-0.0027	3.0526e-17
0.0009	-0.0024	4.82179e-16
0.0009	-0.0021	-2.25576e-16
0.0009	-0.0018	6.48487e-16
0.0009	-0.0015	-6.02905e-16
0.0009	-0.0012	7.40101e-13
0.0009	-0.0009	3.09692e-07
0.0009	-0.0006	3.46834e-07
0.0009	-0.0003	-1.4331e-08
0.0009	0	-2.99302e-07
0.0009	0.0003	-1.24523e-07
0.0009	0.0006	9.8963e-08
0.0009	0.0009	2.36137e-13
0.0009	0.0012	-1.19307e-16
0.0009	0.0015	-3.50755e-16
0.0009	0.0018	-2.20872e-16
0.0009	0.0021	2.95817e-17
0.0009	0.0024	-1.92303e-16
0.0009	0.0027	4.24582e-16
0.0009	0.003	-1.3456e-16
0.0009	0.0033	5.28841e-16
0.0009	0.0036	-7.15493e-17
0.0009	0.0039	4.40274e-16
0.0009	0.0042	1.63679e-16
0.0009	0.0045	2.65225e-16
0.0009	0.0048	5.63373e-18
0.0009	0.0051	7.48835e-17
0.0009	0.0054	3.65331e-17
0.0009	0.0057	1.28461e-16
0.0012	-0.006	1.02963e-16
0.0012	-0.0057	1.00787e-16
0.0012	-0.0054	4.10674e-17
0.0012	-0.0051	1.03309e-16
0.0012	-0.0048	-6.5383e-17
0.0012	-0.0045	2.58656e-16
0.0012	-0.0042	-4.19824e-17
0.0012	-0.0039	5.81052e-16
0.0012	-0.0036	1.17404e-16
0.0012	-0.0033	6.44016e-16
0.0012	-0.003	5.75375e-17
0.0012	-0.0027	4.35121e-16
0.0012	-0.0024	-3.41661e-16
0.0012	-0.0021	-3.60749e-17
0.0012	-0.0018	-5.04562e-16
0.0012	-0.0015	-2.25234e-16
0.0012	-0.0012	-3.441e-16
0.0012	-0.0009	3.69582e-13
0.0012	-0.0006	4.1431e-13
0.0012	-0.0003	-1.71453e-14
0.0012	0	-3.57421e-13
0.0012	0.0003	-1.48674e-13
0.0012	0.0006	1.18224e-13
0.0012	0.0009	6.99757e-17
0.0012	0.0012	-2.70272e-16
0.0012	0.0015	-1.11446e-17
0.0012	0.0018	-2.61837e-16
0.0012	0.0021	-1.38086e-16
0.0012	0.0024	-7.5911e-17
0.0012	0.0027	-2.29221e-16
0.0012	0.003	1.83529e-16
0.0012	0.0033	-2.98609e-16
0.0012	0.0036	4.09086e-16
0.0012	0.0039	-1.49591e-16
0.0012	0.0042	4.79769e-16
0.0012	0.0045	-4.22717e-17
0.0012	0.0048	3.70433e-16
0.0012	0.0051	-5.05124e-17
0.0012	0.0054	4.8454e-16
0.0012	0.0057	1.49108e-17
0.0015	-0.006	5.65965e-16
0.0015	-0.0057	9.17534e-17
0.0015	-0.0054	5.03374e-16
0.0015	-0.0051	-7.99978e-17
0.0015	-0.0048	5.32258e-16
0.0015	-0.0045	-1.48879e-16
0.0015	-0.0042	6.08784e-16
0.0015	-0.0039	-2.36083e-16
0.0015	-0.0036	4.82265e-16
0.0015	-0.0033	-9.6753e-17
0.0015	-0.003	3.70157e-16
0.0015	-0.0027	-2.29398e-16
0.0015	-0.0024	-1.19521e-16
0.0015	-0.0021	-3.32825e-16
0.0015	-0.0018	-7.16934e-16
0.0015	-0.0015	-1.65979e-16
0.0015	-0.0012	-5.00357e-16
0.0015	-0.0009	6.114e-17
0.0015	-0.0006	-2.44675e-17
0.0015	-0.0003	5.41582e-17
0.0015	0	9.26522e-17
0.0015	0.0003	8.91639e-17
0.0015	0.0006	9.19762e-17
0.0015	0.0009	1.39904e-16
0.0015	0.0012	1.30766e-16
0.0015	0.0015	8.66121e-17
0.0015	0.0018	9.88362e-17
0.0015	0.0021	-1.37524e-16
0.0015	0.0024	-3.08417e-17
0.0015	0.0027	-2.02841e-16
0.0015	0.003	-2.30184e-16
0.0015	0.0033	-5.99726e-17
0.0015	0.0036	-2.41062e-16
0.0015	0.0039	2.38754e-17
0.0015	0.0042	-2.22748e-16
0.0015	0.0045	8.11942e-17
0.0015	0.0048	-2.28191e-16
0.0015	0.0051	2.28804e-16
0.0015	0.0054	-1.91757e-16
0.0015	0.0057	2.81313e-16
0.0018	-0.006	-1.14328e-16
0.0018	-0.0057	3.93907e-16
0.0018	-0.0054	-1.59709e-16
0.0018	-0.0051	2.39799e-16
0.0018	-0.0048	-2.22189e-16
0.0018	-0.0045	1.7035e-16
0.0018	-0.0042	-3.62099e-16
0.0018	-0.0039	2.46371e-16
0.0018	-0.0036	-3.68559e-16
0.0018	-0.0033	-2.84677e-16
0.0018	-0.003	-1.02933e-16
0.0018	-0.0027	-3.15889e-16
0.0018	-0.0024	-4.09413e-17
0.0018	-0.0021	-1.86485e-16
0.0018	-0.0018	1.06984e-17
0.0018	-0.0015	-3.28551e-17
0.0018	-0.0012	9.57223e-17
0.0018	-0.0009	1.90527e-16
0.0018	-0.0006	1.09989e-16
0.0018	-0.0003	8.075e-17
0.0018	0	3.56353e-17
0.0018	0.0003	5.31664e-18
0.0018	0.0006	1.20159e-17
0.0018	0.0009	1.11636e-16
0.0018	0.0012	1.20217e-16
0.0018	0.0015	1.71065e-16
0.0018	0.0018	9.1009e-17
0.0018	0.0021	1.53432e-16
0.0018	0.0024	8.17441e-18
0.0018	0.0027	-2.2026e-17
0.0018	0.003	-3.89235e-17
0.0018	0.0033	-1.0584e-16
0.0018	0.0036	-1.98086e-16
0.0018	0.0039	-1.36754e-16
0.0018	0.0042	-2.5506e-16
0.0018	0.0045	-1.97339e-16
0.0018	0.0048	-1.19627e-16
0.0018	0.0051	-1.96095e-16
0.0018	0.0054	-5.06058e-17
0.0018	0.0057	-2.5222e-16
0.0021	-0.006	-3.08547e-17
0.0021	-0.0057	-1.63408e-16
0.0021	-0.0054	-3.39356e-18
0.0021	-0.0051	-2.41704e-16
0.0021	-0.0048	-1.85034e-16
0.0021	-0.0045	-2.87262e-16
0.0021	-0.0042	-3.08677e-16
0.0021	-0.0039	-3.35498e-16
0.0021	-0.0036	7.70074e-17
0.0021	-0.0033	-2.13208e-16
0.0021	-0.003	-2.90219e-16
0.0021	-0.0027	1.18336e-16
0.0021	-0.0024	-2.33685e-16
0.0021	-0.0021	2.49304e-16
0.0021	-0.0018	9.33572e-17
0.0021	-0.0015	2.72271e-16
0.0021	-0.0012	1.81268e-16
0.0021	-0.0009	1.44636e-16
0.0021	-0.0006	4.44701e-18
0.0021	-0.0003	6.99107e-17
0.0021	0	-9.53865e-17
0.0021	0.0003	1.76429e-17
0.0021	0.0006	-1.58048e-17
0.0021	0.0009	7.78748e-17
0.0021	0.0012	4.16404e-17
0.0021	0.0015	1.5261e-16
0.0021	0.0018	1.36223e-16
0.0021	0.0021	1.89613e-16
0.0021	0.0024	1.26434e-16
0.0021	0.0027	1.10374e-16
0.0021	0.003	8.01925e-17
0.0021	0.0033	-1.36132e-16
0.0021	0.0036	5.06689e-17
0.0021	0.0039	-2.09212e-16
0.0021	0.0042	-9.01856e-17
0.0021	0.0045	-2.05947e-16
0.0021	0.0048	-5.35866e-17
0.0021	0.0051	-1.40262e-16
0.0021	0.0054	-1.35427e-16
0.0021	0.0057	-1.69841e-16
0.0024	-0.006	-2.03675e-16
0.0024	-0.0057	-9.09949e-17
0.0024	-0.0054	-4.94105e-17
0.0024	-0.0051	-2.17324e-16
0.0024	-0.0048	-1.79075e-16
0.0024	-0.0045	-1.45049e-16
0.0024	-0.0042	-1.01502e-16
0.0024	-0.0039	-3.58399e-16
0.0024	-0.0036	-1.66583e-16
0.0024	-0.0033	1.27496e-16
0.0024	-0.003	1.61786e-17
0.0024	-0.0027	8.64713e-17
0.0024	-0.0024	3.08655e-16
0.0024	-0.0021	5.64868e-17
0.0024	-0.0018	3.91481e-16
0.0024	-0.0015	6.26957e-17
0.0024	-0.0012	2.35732e-16
0.0024	-0.0009	9.37641e-17
0.0024	-0.0006	-5.39285e-17
0.0024	-0.0003	6.91761e-17
0.0024	0	-1.33359e-16
0.0024	0.0003	-7.00257e-17
0.0024	0.0006	2.58379e-17
0.0024	0.0009	-1.9869e-16
0.0024	0.0012	2.07952e-16
0.0024	0.0015	-6.72491e-17
0.0024	0.0018	2.01493e-16
0.0024	0.0021	6.27582e-17
0.0024	0.0024	1.53943e-16
0.0024	0.0027	1.5123e-16
0.0024	0.003	-1.57772e-17
0.0024	0.0033	2.02867e-16
0.0024	0.0036	-3.17309e-17
0.0024	0.0039	8.80219e-17
0.0024	0.0042	-1.29168e-16
0.0024	0.0045	1.7962e-16
0.0024	0.0048	-5.92159e-17
0.0024	0.0051	3.79634e-17
0.0024	0.0054	-8.2178e-17
0.0024	0.0057	-5.43718e-19
0.0027	-0.006	-1.4956e-16
0.0027	-0.0057	2.8317e-17
0.0027	-0.0054	-2.02341e-17
0.0027	-0.0051	2.16262e-16
0.0027	-0.0048	-2.69677e-16
0.0027	-0.0045	4.295e-17
0.0027	-0.0042	1.81656e-17
0.0027	-0.0039	1.55714e-16
0.0027	-0.0036	-1.81323e-16
0.0027	-0.0033	1.18576e-16
0.0027	-0.003	1.29483e-16
0.0027	-0.0027	1.29273e-16
0.0027	-0.0024	2.64133e-16
0.0027	-0.0021	1.91786e-16
0.0027	-0.0018	2.80068e-16
0.0027	-0.0015	8.78873e-17
0.0027	-0.0012	2.88146e-16
0.0027	-0.0009	-1.24847e-16
0.0027	-0.0006	2.12115e-16
0.0027	-0.0003	-2.76428e-16
0.0027	0	-4.07835e-18
0.0027	0.0003	-1.77759e-16
0.0027	0.0006	-2.15957e-16
0.0027	0.0009	1.83764e-17
0.0027	0.0012	-2.09037e-16
0.0027	0.0015	8.91999e-17
0.0027	0.0018	-1.54513e-16
0.0027	0.0021	1.37939e-16
0.0027	0.0024	6.46497e-18
0.0027	0.0027	8.89713e-17
0.0027	0.003	7.24846e-17
0.0027	0.0033	6.28836e-17
0.0027	0.0036	1.36258e-16
0.0027	0.0039	2.27364e-17
0.0027	0.0042	2.73976e-16
0.0027	0.0045	1.34663e-16
0.0027	0.0048	2.23164e-16
0.0027	0.0051	1.77026e-17
0.0027	0.0054	1.89861e-16
0.0027	0.0057	-2.03383e-17
0.003	-0.006	1.52292e-16
0.003	-0.0057	-3.49778e-17
0.003	-0.0054	2.58702e-16
0.003	-0.0051	2.42594e-16
0.003	-0.0048	3.75492e-16
0.003	-0.0045	-2.84524e-16
0.003	-0.0042	1.56002e-16
0.003	-0.0039	1.71746e-16
0.003	-0.0036	2.33849e-16
0.003	-0.0033	1.31197e-16
0.003	-0.003	9.25648e-17
0.003	-0.0027	1.69898e-16
0.003	-0.0024	-8.12821e-17
0.003	-0.0021	2.4707e-16
0.003	-0.0018	-1.65437e-16
0.003	-0.0015	1.88818e-16
0.003	-0.0012	-2.74531e-16
0.003	-0.0009	7.78344e-17
0.003	-0.0006	-2.27033e-16
0.003	-0.0003	-3.35349e-17
0.003	0	-1.23138e-16
0.003	0.0003	-7.81757e-17
0.003	0.0006	-6.58696e-17
0.003	0.0009	-6.09828e-17
0.003	0.0012	-7.54382e-17
0.003	0.0015	-1.24295e-16
0.003	0.0018	-2.94079e-17
0.003	0.0021	-1.31018e-16
0.003	0.0024	-5.04239e-18
0.003	0.0027	-1.38879e-16
0.003	0.003	8.29464e-18
0.003	0.0033	-6.02387e-17
0.003	0.0036	6.6313e-17
0.003	0.0039	1.17203e-16
0.003	0.0042	2.26138e-16
0.003	0.0045	1.21632e-16
0.003	0.0048	1.426e-16
0.003	0.0051	1.17566e-16
0.003	0.0054	1.51952e-16
0.003	0.0057	1.52007e-16
0.0033	-0.006	1.34588e-16
0.0033	-0.0057	1.30186e-16
0.0033	-0.0054	1.00568e-16
0.0033	-0.0051	2.57193e-16
0.0033	-0.0048	4.64896e-16
0.0033	-0.0045	2.89457e-16
0.0033	-0.0042	-2.25698e-17
0.0033	-0.0039	-7.11421e-17
0.0033	-0.0036	1.48757e-16
0.0033	-0.0033	-4.45312e-17
0.0033	-0.003	1.81629e-16
0.0033	-0.0027	-1.69333e-16
0.0033	-0.0024	9.31157e-17
0.0033	-0.0021	-2.45586e-16
0.0033	-0.0018	3.34276e-17
0.0033	-0.0015	-1.60086e-16
0.0033	-0.0012	-1.74653e-17
0.0033	-0.0009	-7.22001e-17
0.0033	-0.0006	-8.84972e-17
0.0033	-0.0003	-3.40677e-18
0.0033	0	-2.12877e-17
0.0033	0.0003	-4.3631e-17
0.0033	0.0006	1.47201e-17
0.0033	0.0009	-1.45797e-16
0.0033	0.0012	2.07285e-17
0.0033	0.0015	-1.52434e-16
0.0033	0.0018	-4.28908e-18
0.0033	0.0021	-1.23647e-16
0.0033	0.0024	-8.29554e-17
0.0033	0.0027	-1.47111e-16
0.0033	0.003	-1.48374e-16
0.0033	0.0033	-2.46369e-17
0.0033	0.0036	-5.22128e-17
0.0033	0.0039	1.61507e-16
0.0033	0.0042	-1.09997e-16
0.0033	0.0045	7.95547e-17
0.0033	0.0048	-1.07671e-16
0.0033	0.0051	1.12914e-16
0.0033	0.0054	-4.68595e-17
0.0033	0.0057	1.71862e-16
0.0036	-0.006	-3.95595e-17
0.0036	-0.0057	1.66418e-16
0.0036	-0.0054	-9.29899e-17
0.0036	-0.0051	6.66386e-17
0.0036	-0.0048	2.37935e-17
0.0036	-0.0045	3.09384e-16
0.0036	-0.0042	2.76227e-17
0.0036	-0.0039	1.31432e-17
0.0036	-0.0036	-2.20579e-16
0.0036	-0.0033	4.77669e-17
0.0036	-0.003	-2.55444e-16
0.0036	-0.0027	-4.65834e-17
0.0036	-0.0024	-2.29986e-16
0.0036	-0.0021	-9.7072e-17
0.0036	-0.0018	-8.86853e-17
0.0036	-0.0015	-4.71758e-17
0.0036	-0.0012	7.01758e-17
0.0036	-0.0009	-9.048e-17
0.0036	-0.0006	1.25166e-16
0.0036	-0.0003	-9.67835e-17
0.0036	0	-5.3337e-18
0.0036	0.0003	-5.83309e-17
0.0036	0.0006	-1.51172e-16
0.0036	0.0009	5.12568e-17
0.0036	0.0012	-1.73298e-16
0.0036	0.0015	1.35129e-16
0.0036	0.0018	-2.08891e-16
0.0036	0.0021	4.40027e-17
0.0036	0.0024	-2.46971e-16
0.0036	0.0027	-3.25037e-17
0.0036	0.003	-5.8011e-17
0.0036	0.0033	2.04728e-17
0.0036	0.0036	3.26323e-17
0.0036	0.0039	-8.37272e-17
0.0036	0.0042	1.58039e-17
0.0036	0.0045	-1.60142e-16
0.0036	0.0048	2.27047e-17
0.0036	0.0051	-1.5448e-16
0.0036	0.0054	6.43186e-17
0.0036	0.0057	-1.59506e-16
0.0039	-0.006	8.76353e-17
0.0039	-0.0057	-1.53198e-16
0.0039	-0.0054	1.2007e-16
0.0039	-0.0051	-2.14794e-16
0.0039	-0.0048	-5.00514e-18
0.0039	-0.0045	-5.60505e-17
0.0039	-0.0042	1.38248e-16
0.0039	-0.0039	-2.78553e-18
0.0039	-0.0036	2.553e-18
0.0039	-0.0033	-8.93563e-17
0.0039	-0.003	-1.76165e-16
0.0039	-0.0027	-9.82384e-17
0.0039	-0.0024	-2.56755e-16
0.0039	-0.0021	-7.68187e-17
0.0039	-0.0018	-3.16211e-16
0.0039	-0.0015	-1.80735e-17
0.0039	-0.0012	-3.36032e-16
0.0039	-0.0009	1.12799e-16
0.0039	-0.0006	-1.85383e-16
0.0039	-0.0003	1.42584e-16
0.0039	0	-3.04734e-17
0.0039	0.0003	7.51773e-17
0.0039	0.0006	1.20059e-16
0.0039	0.0009	2.53607e-17
0.0039	0.0012	2.36777e-16
0.0039	0.0015	-1.49284e-16
0.0039	0.0018	1.33003e-16
0.0039	0.0021	-2.80589e-16
0.0039	0.0024	2.64871e-17
0.0039	0.0027	-1.83336e-16
0.0039	0.003	8.32485e-17
0.0039	0.0033	-1.0216e-16
0.0039	0.0036	1.1821e-17
0.0039	0.0039	-1.08125e-16
0.0039	0.0042	-7.05811e-17
0.0039	0.0045	-5.32418e-17
0.0039	0.0048	-9.00967e-17
0.0039	0.0051	-4.12313e-17
0.0039	0.0054	-1.03292e-16
0.0039	0.0057	-3.37242e-18
0.0042	-0.006	-1.04988e-16
0.0042	-0.0057	-3.67292e-17
0.0042	-0.0054	-8.74433e-17
0.0042	-0.0051	-5.88708e-18
0.0042	-0.0048	-1.24522e-16
0.0042	-0.0045	-1.29774e-16
0.0042	-0.0042	-9.77338e-18
0.0042	-0.0039	-7.11764e-17
0.0042	-0.0036	9.61949e-17
0.0042	-0.0033	-1.07092e-16
0.0042	-0.003	8.48603e-17
0.0042	-0.0027	-2.6226e-16
0.0042	-0.0024	6.92435e-17
0.0042	-0.0021	-3.49265e-16
0.0042	-0.0018	1.3766e-17
0.0042	-0.0015	-3.65868e-16
0.0042	-0.0012	4.54202e-17
0.0042	-0.0009	-2.98197e-16
0.0042	-0.0006	1.69305e-16
0.0042	-0.0003	-1.67282e-17
0.0042	0	2.95319e-16
0.0042	0.0003	2.54075e-16
0.0042	0.0006	2.39082e-16
0.0042	0.0009	3.09625e-16
0.0042	0.0012	4.75742e-17
0.0042	0.0015	1.71831e-16
0.0042	0.0018	-1.5419e-16
0.0042	0.0021	7.47216e-17
0.0042	0.0024	-1.78307e-16
0.0042	0.0027	1.05368e-16
0.0042	0.003	-1.94021e-16
0.0042	0.0033	2.54543e-17
0.0042	0.0036	-1.96241e-16
0.0042	0.0039	-3.10079e-17
0.0042	0.0042	-1.89204e-16
0.0042	0.0045	-8.34332e-18
0.0042	0.0048	-1.72428e-16
0.0042	0.0051	-3.23652e-17
0.0042	0.0054	-1.47944e-16
0.0042	0.0057	-2.7603e-17
0.0045	-0.006	-1.72497e-16
0.0045	-0.0057	-1.23002e-17
0.0045	-0.0054	-1.94249e-16
0.0045	-0.0051	-1.4984e-17
0.0045	-0.0048	-1.83299e-16
0.0045	-0.0045	-4.30848e-17
0.0045	-0.0042	-2.91433e-16
0.0045	-0.0039	7.47191e-17
0.0045	-0.0036	-2.27094e-16
0.0045	-0.0033	1.48563e-16
0.0045	-0.003	-2.26792e-16
0.0045	-0.0027	1.61017e-16
0.0045	-0.0024	-2.0939e-16
0.0045	-0.0021	1.57988e-16
0.0045	-0.0018	-1.85795e-16
0.0045	-0.0015	1.33061e-16
0.0045	-0.0012	-9.85506e-17
0.0045	-0.0009	1.25201e-16
0.0045	-0.0006	7.92373e-17
0.0045	-0.0003	2.06257e-16
0.0045	0	1.30544e-16
0.0045	0.0003	1.97961e-16
0.0045	0.0006	1.60239e-16
0.0045	0.0009	1.25348e-16
0.0045	0.0012	1.01466e-16
0.0045	0.0015	8.75546e-18
0.0045	0.0018	1.16508e-16
0.0045	0.0021	1.58955e-17
0.0045	0.0024	1.36032e-16
0.0045	0.0027	-5.30837e-17
0.0045	0.003	8.99463e-17
0.0045	0.0033	-1.61642e-16
0.0045	0.0036	5.69884e-17
0.0045	0.0039	-1.56425e-16
0.0045	0.0042	1.58366e-17
0.0045	0.0045	-2.2913e-16
0.0045	0.0048	-2.61897e-18
0.0045	0.0051	-2.44077e-16
0.0045	0.0054	2.08486e-17
0.0045	0.0057	-2.57114e-16
0.0048	-0.006	4.01529e-17
0.0048	-0.0057	-2.14242e-16
0.0048	-0.0054	6.61884e-17
0.0048	-0.0051	-2.78571e-16
0.0048	-0.0048	9.46497e-17
0.0048	-0.0045	-2.3523e-16
0.0048	-0.0042	8.08996e-17
0.0048	-0.0039	-2.92956e-16
0.0048	-0.0036	1.15673e-16
0.0048	-0.0033	-1.93178e-16
0.0048	-0.003	1.80231e-16
0.0048	-0.0027	-9.15201e-17
0.0048	-0.0024	2.56143e-16
0.0048	-0.0021	3.21537e-17
0.0048	-0.0018	2.79675e-16
0.0048	-0.0015	1.63316e-16
0.0048	-0.0012	2.36811e-16
0.0048	-0.0009	1.32098e-16
0.0048	-0.0006	1.07728e-16
0.0048	-0.0003	1.79937e-17
0.0048	0	2.19104e-17
0.0048	0.0003	-7.05506e-17
0.0048	0.0006	-6.55127e-17
0.0048	0.0009	-1.16584e-16
0.0048	0.0012	-3.17586e-17
0.0048	0.0015	-2.05885e-17
0.0048	0.0018	1.15339e-16
0.0048	0.0021	9.74852e-17
0.0048	0.0024	1.31629e-16
0.0048	0.0027	1.09474e-16
0.0048	0.003	6.00037e-17
0.0048	0.0033	1.31189e-16
0.0048	0.0036	-1.50495e-17
0.0048	0.0039	1.18896e-16
0.0048	0.0042	-3.48772e-17
0.0048	0.0045	1.23572e-16
0.0048	0.0048	-1.11058e-16
0.0048	0.0051	1.45105e-16
0.0048	0.0054	-1.20098e-16
0.0048	0.0057	1.63537e-16
0.0051	-0.006	-1.4095e-16
0.0051	-0.0057	2.06015e-16
0.0051	-0.0054	-1.24678e-16
0.0051	-0.0051	2.30977e-16
0.0051	-0.0048	-1.02488e-16
0.0051	-0.0045	2.14972e-16
0.0051	-0.0042	-7.58309e-17
0.0051	-0.0039	2.10333e-16
0.0051	-0.0036	-3.18854e-17
0.0051	-0.0033	2.40536e-16
0.0051	-0.003	4.86058e-17
0.0051	-0.0027	2.43596e-16
0.0051	-0.0024	9.80423e-17
0.0051	-0.0021	2.31982e-16
0.0051	-0.0018	1.67852e-16
0.0051	-0.0015	1.61277e-16
0.0051	-0.0012	1.59245e-16
0.0051	-0.0009	5.72834e-18
0.0051	-0.0006	-1.93263e-17
0.0051	-0.0003	-1.68546e-16
0.0051	0	-1.68148e-16
0.0051	0.0003	-2.44182e-16
0.0051	0.0006	-2.20652e-16
0.0051	0.0009	-1.4401e-16
0.0051	0.0012	-1.35976e-16
0.0051	0.0015	2.75561e-17
0.0051	0.0018	-4.73997e-17
0.0051	0.0021	1.17497e-16
0.0051	0.0024	1.09219e-17
0.0051	0.0027	1.2172e-16
0.0051	0.003	9.63536e-17
0.0051	0.0033	1.30493e-16
0.0051	0.0036	1.34495e-16
0.0051	0.0039	1.00396e-16
0.0051	0.0042	1.86627e-16
0.0051	0.0045	8.5766e-17
0.0051	0.0048	2.10087e-16
0.0051	0.0051	6.54154e-17
0.0051	0.0054	2.54611e-16
0.0051	0.0057	1.11768e-16
0.0054	-0.006	3.20659e-16
0.0054	-0.0057	4.98606e-17
0.0054	-0.0054	3.26052e-16
0.0054	-0.0051	4.38795e-17
0.0054	-0.0048	3.4807e-16
0.0054	-0.0045	9.45466e-17
0.0054	-0.0042	3.38045e-16
0.0054	-0.0039	7.65974e-17
0.0054	-0.0036	3.08276e-16
0.0054	-0.0033	1.72494e-16
0.0054	-0.003	2.52665e-16
0.0054	-0.0027	1.71161e-16
0.0054	-0.0024	1.57224e-16
0.0054	-0.0021	1.43185e-16
0.0054	-0.0018	5.33091e-17
0.0054	-0.0015	7.87349e-17
0.0054	-0.0012	-1.0157e-16
0.0054	-0.0009	-1.90955e-17
0.0054	-0.0006	-1.84423e-16
0.0054	-0.0003	-1.25684e-16
0.0054	0	-1.77063e-16
0.0054	0.0003	-1.64855e-16
0.0054	0.0006	-1.14385e-16
0.0054	0.0009	-1.55271e-16
0.0054	0.0012	-1.01953e-16
0.0054	0.0015	-1.52182e-16
0.0054	0.0018	-5.5205e-17
0.0054	0.0021	-1.26811e-16
0.0054	0.0024	2.99277e-17
0.0054	0.0027	-4.2758e-17
0.0054	0.003	9.61863e-17
0.0054	0.0033	2.56101e-17
0.0054	0.0036	1.15995e-16
0.0054	0.0039	9.00285e-17
0.0054	0.0042	1.39778e-16
0.0054	0.0045	1.46282e-16
0.0054	0.0048	1.46661e-16
0.0054	0.0051	2.20892e-16
0.0054	0.0054	1.35182e-16
0.0054	0.0057	2.56865e-16
0.0057	-0.006	9.56238e-17
0.0057	-0.0057	2.63343e-16
0.0057	-0.0054	1.32368e-16
0.0057	-0.0051	2.34083e-16
0.0057	-0.0048	1.52641e-16
0.0057	-0.0045	2.44204e-16
0.0057	-0.0042	1.43263e-16
0.0057	-0.0039	2.19323e-16
0.0057	-0.0036	1.67335e-16
0.0057	-0.0033	1.69749e-16
0.0057	-0.003	1.3159e-16
0.0057	-0.0027	1.0379e-16
0.0057	-0.0024	1.0776e-16
0.0057	-0.0021	1.87206e-17
0.0057	-0.0018	2.68237e-17
0.0057	-0.0015	-9.47988e-17
0.0057	-0.0012	-7.69546e-19
0.0057	-0.0009	-1.13749e-16
0.0057	-0.0006	-2.77336e-17
0.0057	-0.0003	-1.21099e-16
0.0057	0	-8.72854e-17
0.0057	0.0003	-5.82475e-17
0.0057	0.0006	-6.65585e-17
0.0057	0.0009	-2.73718e-17
0.0057	0.0012	-8.85449e-17
0.0057	0.0015	8.53173e-19
0.0057	0.0018	-1.17005e-16
0.0057	0.0021	-5.72911e-19
0.0057	0.0024	-8.39367e-17
0.0057	0.0027	1.87222e-17
0.0057	0.003	-4.76501e-17
0.0057	0.0033	3.81264e-17
0.0057	0.0036	9.31593e-18
0.0057	0.0039	6.96557e-17
0.0057	0.0042	6.10893e-17
0.0057	0.0045	8.83383e-17
0.0057	0.0048	9.45493e-17
0.0057	0.0051	1.0167e-16
0.0057	0.0054	1.31842e-16
0.0057	0.0057	8.4411e-17
