-8e-05	-8e-05	-1.51627e-15
-8e-05	-7.6e-05	-1.29919e-15
-8e-05	-7.2e-05	-2.3283e-16
-8e-05	-6.8e-05	-5.38473e-16
-8e-05	-6.4e-05	9.13729e-17
-8e-05	-6e-05	1.70896e-17
-8e-05	-5.6e-05	6.49473e-16
-8e-05	-5.2e-05	6.05241e-17
-8e-05	-4.8e-05	2.0911e-16
-8e-05	-4.4e-05	1.69404e-16
-8e-05	-4e-05	-3.37756e-17
-8e-05	-3.6e-05	-5.29364e-17
-8e-05	-3.2e-05	4.97533e-18
-8e-05	-2.8e-05	5.70857e-17
-8e-05	-2.4e-05	-7.28966e-17
-8e-05	-2e-05	-1.58583e-16
-8e-05	-1.6e-05	2.45352e-16
-8e-05	-1.2e-05	2.04854e-16
-8e-05	-8e-06	-1.1539e-16
-8e-05	-4e-06	1.38279e-16
-8e-05	0	1.68178e-16
-8e-05	4e-06	-2.8625e-16
-8e-05	8e-06	-4.31513e-16
-8e-05	1.2e-05	-2.17494e-16
-8e-05	1.6e-05	2.88122e-17
-8e-05	2e-05	2.05619e-16
-8e-05	2.4e-05	3.55197e-17
-8e-05	2.8e-05	-6.35994e-17
-8e-05	3.2e-05	1.49561e-17
-8e-05	3.6e-05	-1.09326e-16
-8e-05	4e-05	2.09227e-17
-8e-05	4.4e-05	3.23638e-16
-8e-05	4.8e-05	-1.90601e-16
-8e-05	5.2e-05	-2.11505e-16
-8e-05	5.6e-05	5.33956e-16
-8e-05	6e-05	-1.36843e-15
-8e-05	6.4e-05	-3.50118e-16
-8e-05	6.8e-05	-3.63092e-15
-8e-05	7.2e-05	1.99062e-15
-8e-05	7.6e-05	1.49646e-15
-7.6e-05	-8e-05	2.13839e-15
-7.6e-05	-7.6e-05	4.07244e-16
-7.6e-05	-7.2e-05	5.65234e-17
-7.6e-05	-6.8e-05	3.50625e-16
-7.6e-05	-6.4e-05	2.45413e-16
-7.6e-05	-6e-05	-2.34761e-15
-7.6e-05	-5.6e-05	-1.08126e-15
-7.6e-05	-5.2e-05	-1.6673e-16
-7.6e-05	-4.8e-05	-1.14081e-15
-7.6e-05	-4.4e-05	8.04635e-16
-7.6e-05	-4e-05	1.41608e-15
-7.6e-05	-3.6e-05	7.41899e-16
-7.6e-05	-3.2e-05	-2.64127e-15
-7.6e-05	-2.8e-05	-1.32744e-16
-7.6e-05	-2.4e-05	1.81442e-16
-7.6e-05	-2e-05	1.27873e-16
-7.6e-05	-1.6e-05	4.02959e-15
-7.6e-05	-1.2e-05	-6.3476e-16
-7.6e-05	-8e-06	-3.32829e-15
-7.6e-05	-4e-06	4.54382e-15
-7.6e-05	0	5.1634e-15
-7.6e-05	4e-06	-3.03961e-15
-7.6e-05	8e-06	-9.48731e-15
-7.6e-05	1.2e-05	-3.25343e-15
-7.6e-05	1.6e-05	-5.00948e-15
-7.6e-05	2e-05	1.05256e-15
-7.6e-05	2.4e-05	1.1679e-15
-7.6e-05	2.8e-05	-6.90269e-16
-7.6e-05	3.2e-05	-8.68943e-17
-7.6e-05	3.6e-05	2.12231e-16
-7.6e-05	4e-05	1.46885e-17
-7.6e-05	4.4e-05	2.62592e-17
-7.6e-05	4.8e-05	-6.84062e-17
-7.6e-05	5.2e-05	-2.05233e-16
-7.6e-05	5.6e-05	1.80372e-16
-7.6e-05	6e-05	1.00344e-16
-7.6e-05	6.4e-05	2.21348e-16
-7.6e-05	6.8e-05	5.96769e-17
-7.6e-05	7.2e-05	-8.11154e-17
-7.6e-05	7.6e-05	3.02563e-16
-7.2e-05	-8e-05	-3.01921e-17
-7.2e-05	-7.6e-05	1.69602e-16
-7.2e-05	-7.2e-05	-4.27515e-16
-7.2e-05	-6.8e-05	4.32319e-16
-7.2e-05	-6.4e-05	3.09671e-16
-7.2e-05	-6e-05	3.32385e-16
-7.2e-05	-5.6e-05	5.72426e-16
-7.2e-05	-5.2e-05	4.81551e-17
-7.2e-05	-4.8e-05	-2.57776e-16
-7.2e-05	-4.4e-05	-3.49778e-16
-7.2e-05	-4e-05	9.9699e-17
-7.2e-05	-3.6e-05	-4.08008e-17
-7.2e-05	-3.2e-05	-1.13336e-17
-7.2e-05	-2.8e-05	1.1189e-16
-7.2e-05	-2.4e-05	1.90582e-17
-7.2e-05	-2e-05	-5.92942e-18
-7.2e-05	-1.6e-05	1.62142e-16
-7.2e-05	-1.2e-05	1.65411e-17
-7.2e-05	-8e-06	-3.72294e-17
-7.2e-05	-4e-06	1.78627e-16
-7.2e-05	0	7.30927e-17
-7.2e-05	4e-06	-1.41151e-16
-7.2e-05	8e-06	-4.8139e-16
-7.2e-05	1.2e-05	-1.32762e-16
-7.2e-05	1.6e-05	-1.09296e-16
-7.2e-05	2e-05	1.53699e-16
-7.2e-05	2.4e-05	4.18254e-17
-7.2e-05	2.8e-05	5.28832e-18
-7.2e-05	3.2e-05	4.69494e-17
-7.2e-05	3.6e-05	4.15403e-17
-7.2e-05	4e-05	-6.38284e-17
-7.2e-05	4.4e-05	9.00889e-17
-7.2e-05	4.8e-05	-4.81992e-17
-7.2e-05	5.2e-05	-6.13349e-17
-7.2e-05	5.6e-05	9.8888e-17
-7.2e-05	6e-05	2.78361e-16
-7.2e-05	6.4e-05	7.18011e-17
-7.2e-05	6.8e-05	4.03571e-16
-7.2e-05	7.2e-05	2.05898e-16
-7.2e-05	7.6e-05	1.20017e-16
-6.8e-05	-8e-05	2.69349e-16
-6.8e-05	-7.6e-05	3.86736e-17
-6.8e-05	-7.2e-05	2.77429e-16
-6.8e-05	-6.8e-05	5.91607e-16
-6.8e-05	-6.4e-05	-1.17417e-16
-6.8e-05	-6e-05	5.38627e-16
-6.8e-05	-5.6e-05	5.05853e-16
-6.8e-05	-5.2e-05	-2.32286e-16
-6.8e-05	-4.8e-05	-1.6419e-16
-6.8e-05	-4.4e-05	7.52024e-17
-6.8e-05	-4e-05	-2.00636e-17
-6.8e-05	-3.6e-05	1.74695e-16
-6.8e-05	-3.2e-05	-8.28208e-17
-6.8e-05	-2.8e-05	-1.19985e-16
-6.8e-05	-2.4e-05	-1.75307e-16
-6.8e-05	-2e-05	1.83103e-16
-6.8e-05	-1.6e-05	2.09702e-16
-6.8e-05	-1.2e-05	4.51241e-17
-6.8e-05	-8e-06	1.19087e-16
-6.8e-05	-4e-06	-2.88734e-17
-6.8e-05	0	-3.50714e-17
-6.8e-05	4e-06	1.02874e-16
-6.8e-05	8e-06	-4.83568e-17
-6.8e-05	1.2e-05	-4.79331e-17
-6.8e-05	1.6e-05	1.79813e-16
-6.8e-05	2e-05	2.47443e-16
-6.8e-05	2.4e-05	8.80621e-17
-6.8e-05	2.8e-05	4.70635e-17
-6.8e-05	3.2e-05	5.39588e-17
-6.8e-05	3.6e-05	-1.3875e-16
-6.8e-05	4e-05	8.64929e-17
-6.8e-05	4.4e-05	-1.60701e-16
-6.8e-05	4.8e-05	1.52923e-16
-6.8e-05	5.2e-05	-1.38685e-16
-6.8e-05	5.6e-05	2.92829e-17
-6.8e-05	6e-05	4.08035e-16
-6.8e-05	6.4e-05	2.46999e-16
-6.8e-05	6.8e-05	2.36394e-16
-6.8e-05	7.2e-05	3.76684e-16
-6.8e-05	7.6e-05	1.28127e-16
-6.4e-05	-8e-05	2.7213e-16
-6.4e-05	-7.6e-05	6.29471e-17
-6.4e-05	-7.2e-05	4.05386e-16
-6.4e-05	-6.8e-05	2.4124e-16
-6.4e-05	-6.4e-05	4.53597e-16
-6.4e-05	-6e-05	1.21481e-15
-6.4e-05	-5.6e-05	3.55447e-16
-6.4e-05	-5.2e-05	-4.00085e-16
-6.4e-05	-4.8e-05	-1.80704e-16
-6.4e-05	-4.4e-05	-4.72395e-16
-6.4e-05	-4e-05	1.92072e-16
-6.4e-05	-3.6e-05	-6.1217e-17
-6.4e-05	-3.2e-05	1.43774e-17
-6.4e-05	-2.8e-05	8.34017e-17
-6.4e-05	-2.4e-05	4.76176e-17
-6.4e-05	-2e-05	9.45557e-18
-6.4e-05	-1.6e-05	2.50831e-17
-6.4e-05	-1.2e-05	8.38572e-17
-6.4e-05	-8e-06	1.73996e-16
-6.4e-05	-4e-06	-1.40315e-16
-6.4e-05	0	1.01699e-16
-6.4e-05	4e-06	1.32613e-16
-6.4e-05	8e-06	-1.0027e-16
-6.4e-05	1.2e-05	1.76941e-16
-6.4e-05	1.6e-05	2.17814e-16
-6.4e-05	2e-05	4.10624e-17
-6.4e-05	2.4e-05	-9.49431e-17
-6.4e-05	2.8e-05	1.94092e-16
-6.4e-05	3.2e-05	1.71809e-16
-6.4e-05	3.6e-05	-9.39793e-17
-6.4e-05	4e-05	4.54929e-17
-6.4e-05	4.4e-05	3.12825e-16
-6.4e-05	4.8e-05	5.88925e-17
-6.4e-05	5.2e-05	-1.42467e-16
-6.4e-05	5.6e-05	-4.11724e-16
-6.4e-05	6e-05	2.63447e-16
-6.4e-05	6.4e-05	3.76942e-16
-6.4e-05	6.8e-05	5.93258e-16
-6.4e-05	7.2e-05	6.93894e-16
-6.4e-05	7.6e-05	6.76815e-16
-6e-05	-8e-05	7.91546e-16
-6e-05	-7.6e-05	7.51749e-16
-6e-05	-7.2e-05	9.49129e-16
-6e-05	-6.8e-05	8.78674e-16
-6e-05	-6.4e-05	1.01761e-15
-6e-05	-6e-05	6.45396e-16
-6e-05	-5.6e-05	-9.3955e-16
-6e-05	-5.2e-05	-8.11052e-16
-6e-05	-4.8e-05	-4.0861e-16
-6e-05	-4.4e-05	1.9972e-16
-6e-05	-4e-05	3.58608e-16
-6e-05	-3.6e-05	3.59832e-16
-6e-05	-3.2e-05	-5.78071e-17
-6e-05	-2.8e-05	-7.72934e-17
-6e-05	-2.4e-05	-3.26628e-16
-6e-05	-2e-05	2.3751e-16
-6e-05	-1.6e-05	3.06672e-16
-6e-05	-1.2e-05	2.44542e-16
-6e-05	-8e-06	8.42792e-17
-6e-05	-4e-06	8.42999e-17
-6e-05	0	-1.80719e-16
-6e-05	4e-06	9.07873e-17
-6e-05	8e-06	-1.53496e-16
-6e-05	1.2e-05	6.04234e-17
-6e-05	1.6e-05	3.04251e-16
-6e-05	2e-05	1.99487e-16
-6e-05	2.4e-05	1.16724e-16
-6e-05	2.8e-05	1.85189e-16
-6e-05	3.2e-05	-3.59189e-17
-6e-05	3.6e-05	-1.90544e-16
-6e-05	4e-05	2.20432e-16
-6e-05	4.4e-05	2.93697e-17
-6e-05	4.8e-05	5.59889e-16
-6e-05	5.2e-05	6.34389e-17
-6e-05	5.6e-05	-2.92254e-16
-6e-05	6e-05	-5.17787e-16
-6e-05	6.4e-05	-1.42285e-16
-6e-05	6.8e-05	-6.86859e-17
-6e-05	7.2e-05	3.48214e-16
-6e-05	7.6e-05	3.12866e-16
-5.6e-05	-8e-05	6.36185e-16
-5.6e-05	-7.6e-05	4.29381e-16
-5.6e-05	-7.2e-05	5.84025e-16
-5.6e-05	-6.8e-05	1.45726e-16
-5.6e-05	-6.4e-05	-1.51927e-16
-5.6e-05	-6e-05	-8.36647e-16
-5.6e-05	-5.6e-05	-1.09127e-15
-5.6e-05	-5.2e-05	-8.98634e-17
-5.6e-05	-4.8e-05	6.11273e-16
-5.6e-05	-4.4e-05	-2.12461e-17
-5.6e-05	-4e-05	3.43762e-16
-5.6e-05	-3.6e-05	-2.64967e-16
-5.6e-05	-3.2e-05	-2.43879e-17
-5.6e-05	-2.8e-05	-5.19214e-17
-5.6e-05	-2.4e-05	3.89163e-16
-5.6e-05	-2e-05	2.07997e-16
-5.6e-05	-1.6e-05	-3.58861e-17
-5.6e-05	-1.2e-05	-3.20085e-16
-5.6e-05	-8e-06	-1.67022e-16
-5.6e-05	-4e-06	-1.30588e-15
-5.6e-05	0	-4.3892e-16
-5.6e-05	4e-06	-7.88451e-16
-5.6e-05	8e-06	-5.86767e-16
-5.6e-05	1.2e-05	1.09645e-16
-5.6e-05	1.6e-05	2.55654e-16
-5.6e-05	2e-05	-1.20548e-16
-5.6e-05	2.4e-05	-5.22254e-17
-5.6e-05	2.8e-05	2.86777e-16
-5.6e-05	3.2e-05	1.88757e-16
-5.6e-05	3.6e-05	6.51075e-17
-5.6e-05	4e-05	-9.82424e-17
-5.6e-05	4.4e-05	3.21438e-16
-5.6e-05	4.8e-05	1.69993e-16
-5.6e-05	5.2e-05	5.09368e-16
-5.6e-05	5.6e-05	-2.43312e-16
-5.6e-05	6e-05	-2.02819e-16
-5.6e-05	6.4e-05	-4.13125e-16
-5.6e-05	6.8e-05	-3.9222e-16
-5.6e-05	7.2e-05	-1.6527e-16
-5.6e-05	7.6e-05	-3.1458e-16
-5.2e-05	-8e-05	2.18927e-17
-5.2e-05	-7.6e-05	-3.58161e-16
-5.2e-05	-7.2e-05	-1.16384e-16
-5.2e-05	-6.8e-05	-5.73141e-16
-5.2e-05	-6.4e-05	-4.23274e-16
-5.2e-05	-6e-05	-6.19454e-16
-5.2e-05	-5.6e-05	-3.18963e-16
-5.2e-05	-5.2e-05	8.03466e-16
-5.2e-05	-4.8e-05	-5.53651e-16
-5.2e-05	-4.4e-05	5.17173e-17
-5.2e-05	-4e-05	3.3193e-16
-5.2e-05	-3.6e-05	3.58569e-16
-5.2e-05	-3.2e-05	7.95969e-17
-5.2e-05	-2.8e-05	7.18401e-17
-5.2e-05	-2.4e-05	-3.62675e-16
-5.2e-05	-2e-05	-5.22566e-16
-5.2e-05	-1.6e-05	-2.7459e-15
-5.2e-05	-1.2e-05	-7.80086e-15
-5.2e-05	-8e-06	-1.40005e-14
-5.2e-05	-4e-06	-1.79463e-14
-5.2e-05	0	-1.85498e-14
-5.2e-05	4e-06	-1.56927e-14
-5.2e-05	8e-06	-9.77346e-15
-5.2e-05	1.2e-05	-3.0051e-15
-5.2e-05	1.6e-05	-7.19291e-16
-5.2e-05	2e-05	5.16379e-17
-5.2e-05	2.4e-05	2.75578e-16
-5.2e-05	2.8e-05	5.44894e-17
-5.2e-05	3.2e-05	-9.66195e-17
-5.2e-05	3.6e-05	-2.59956e-16
-5.2e-05	4e-05	4.43462e-16
-5.2e-05	4.4e-05	3.07519e-16
-5.2e-05	4.8e-05	2.47246e-16
-5.2e-05	5.2e-05	-1.10447e-16
-5.2e-05	5.6e-05	3.1815e-16
-5.2e-05	6e-05	-5.88215e-16
-5.2e-05	6.4e-05	2.57473e-17
-5.2e-05	6.8e-05	-6.38009e-16
-5.2e-05	7.2e-05	-1.88945e-16
-5.2e-05	7.6e-05	-5.97143e-16
-4.8e-05	-8e-05	-2.92091e-16
-4.8e-05	-7.6e-05	-6.34836e-16
-4.8e-05	-7.2e-05	-2.74945e-16
-4.8e-05	-6.8e-05	-8.41244e-16
-4.8e-05	-6.4e-05	-1.69569e-16
-4.8e-05	-6e-05	-7.92393e-16
-4.8e-05	-5.6e-05	3.34501e-16
-4.8e-05	-5.2e-05	-5.23662e-16
-4.8e-05	-4.8e-05	-1.41764e-16
-4.8e-05	-4.4e-05	7.08188e-16
-4.8e-05	-4e-05	8.21324e-16
-4.8e-05	-3.6e-05	-3.69858e-16
-4.8e-05	-3.2e-05	-1.73393e-16
-4.8e-05	-2.8e-05	-6.32441e-16
-4.8e-05	-2.4e-05	-1.43433e-15
-4.8e-05	-2e-05	-1.116e-14
-4.8e-05	-1.6e-05	-5.30127e-14
-4.8e-05	-1.2e-05	-1.64405e-13
-4.8e-05	-8e-06	-2.82486e-13
-4.8e-05	-4e-06	-3.62679e-13
-4.8e-05	0	-3.77599e-13
-4.8e-05	4e-06	-3.17216e-13
-4.8e-05	8e-06	-1.9447e-13
-4.8e-05	1.2e-05	-6.21549e-14
-4.8e-05	1.6e-05	-1.27019e-14
-4.8e-05	2e-05	-2.85455e-15
-4.8e-05	2.4e-05	-5.29684e-18
-4.8e-05	2.8e-05	3.84447e-16
-4.8e-05	3.2e-05	-8.40412e-17
-4.8e-05	3.6e-05	-1.32712e-16
-4.8e-05	4e-05	-2.70044e-16
-4.8e-05	4.4e-05	7.88489e-16
-4.8e-05	4.8e-05	4.33606e-16
-4.8e-05	5.2e-05	2.23078e-16
-4.8e-05	5.6e-05	9.8218e-17
-4.8e-05	6e-05	9.38093e-17
-4.8e-05	6.4e-05	-3.43835e-16
-4.8e-05	6.8e-05	6.62388e-17
-4.8e-05	7.2e-05	-5.44009e-16
-4.8e-05	7.6e-05	-6.94772e-17
-4.4e-05	-8e-05	-7.50235e-16
-4.4e-05	-7.6e-05	-5.28132e-17
-4.4e-05	-7.2e-05	-5.77371e-16
-4.4e-05	-6.8e-05	1.68311e-17
-4.4e-05	-6.4e-05	-3.94979e-16
-4.4e-05	-6e-05	1.68383e-16
-4.4e-05	-5.6e-05	1.80324e-16
-4.4e-05	-5.2e-05	-5.30886e-17
-4.4e-05	-4.8e-05	4.80871e-16
-4.4e-05	-4.4e-05	9.33059e-16
-4.4e-05	-4e-05	-3.86934e-16
-4.4e-05	-3.6e-05	-1.43985e-16
-4.4e-05	-3.2e-05	-2.69703e-16
-4.4e-05	-2.8e-05	-3.88217e-15
-4.4e-05	-2.4e-05	-3.14488e-14
-4.4e-05	-2e-05	-1.9925e-13
-4.4e-05	-1.6e-05	-9.82604e-13
-4.4e-05	-1.2e-05	-3.29242e-12
-4.4e-05	-8e-06	-5.69439e-12
-4.4e-05	-4e-06	-7.32056e-12
-4.4e-05	0	-7.64759e-12
-4.4e-05	4e-06	-6.42274e-12
-4.4e-05	8e-06	-3.8958e-12
-4.4e-05	1.2e-05	-1.17992e-12
-4.4e-05	1.6e-05	-2.39797e-13
-4.4e-05	2e-05	-3.7487e-14
-4.4e-05	2.4e-05	-5.57216e-15
-4.4e-05	2.8e-05	-2.44415e-16
-4.4e-05	3.2e-05	2.09955e-16
-4.4e-05	3.6e-05	-1.90526e-16
-4.4e-05	4e-05	4.37457e-16
-4.4e-05	4.4e-05	1.81321e-16
-4.4e-05	4.8e-05	3.83356e-16
-4.4e-05	5.2e-05	1.06915e-16
-4.4e-05	5.6e-05	3.42203e-16
-4.4e-05	6e-05	1.53846e-16
-4.4e-05	6.4e-05	2.23185e-16
-4.4e-05	6.8e-05	1.5296e-16
-4.4e-05	7.2e-05	1.39772e-16
-4.4e-05	7.6e-05	4.88429e-17
-4e-05	-8e-05	9.18873e-17
-4e-05	-7.6e-05	1.40957e-16
-4e-05	-7.2e-05	1.05204e-16
-4e-05	-6.8e-05	1.61288e-16
-4e-05	-6.4e-05	1.74615e-16
-4e-05	-6e-05	2.52276e-16
-4e-05	-5.6e-05	3.2958e-16
-4e-05	-5.2e-05	-1.61621e-16
-4e-05	-4.8e-05	6.25744e-16
-4e-05	-4.4e-05	-3.90351e-16
-4e-05	-4e-05	-1.86475e-16
-4e-05	-3.6e-05	-5.51398e-16
-4e-05	-3.2e-05	-5.80453e-15
-4e-05	-2.8e-05	-6.00381e-14
-4e-05	-2.4e-05	-4.85321e-13
-4e-05	-2e-05	-3.35786e-12
-4e-05	-1.6e-05	-1.81535e-11
-4e-05	-1.2e-05	-6.589e-11
-4e-05	-8e-06	-1.1487e-10
-4e-05	-4e-06	-1.4799e-10
-4e-05	0	-1.54796e-10
-4e-05	4e-06	-1.29988e-10
-4e-05	8e-06	-7.82501e-11
-4e-05	1.2e-05	-2.18681e-11
-4e-05	1.6e-05	-4.0744e-12
-4e-05	2e-05	-5.90591e-13
-4e-05	2.4e-05	-7.15778e-14
-4e-05	2.8e-05	-8.4078e-15
-4e-05	3.2e-05	-6.409e-16
-4e-05	3.6e-05	5.98824e-16
-4e-05	4e-05	5.03247e-16
-4e-05	4.4e-05	5.80076e-16
-4e-05	4.8e-05	1.14907e-16
-4e-05	5.2e-05	3.17405e-16
-4e-05	5.6e-05	-2.4354e-16
-4e-05	6e-05	3.13164e-16
-4e-05	6.4e-05	-2.43692e-16
-4e-05	6.8e-05	3.52659e-16
-4e-05	7.2e-05	-1.59882e-16
-4e-05	7.6e-05	4.12667e-16
-3.6e-05	-8e-05	-2.21393e-16
-3.6e-05	-7.6e-05	4.11722e-16
-3.6e-05	-7.2e-05	-2.77371e-16
-3.6e-05	-6.8e-05	4.10299e-16
-3.6e-05	-6.4e-05	-3.28603e-16
-3.6e-05	-6e-05	3.32542e-16
-3.6e-05	-5.6e-05	-3.26215e-16
-3.6e-05	-5.2e-05	3.85856e-16
-3.6e-05	-4.8e-05	-9.79376e-17
-3.6e-05	-4.4e-05	-1.95621e-16
-3.6e-05	-4e-05	-3.43097e-16
-3.6e-05	-3.6e-05	-6.47346e-15
-3.6e-05	-3.2e-05	-8.09377e-14
-3.6e-05	-2.8e-05	-8.11033e-13
-3.6e-05	-2.4e-05	-7.26509e-12
-3.6e-05	-2e-05	-5.53384e-11
-3.6e-05	-1.6e-05	-3.30763e-10
-3.6e-05	-1.2e-05	-1.3191e-09
-3.6e-05	-8e-06	-2.31772e-09
-3.6e-05	-4e-06	-2.99186e-09
-3.6e-05	0	-3.13359e-09
-3.6e-05	4e-06	-2.63177e-09
-3.6e-05	8e-06	-1.57265e-09
-3.6e-05	1.2e-05	-3.99518e-10
-3.6e-05	1.6e-05	-6.72841e-11
-3.6e-05	2e-05	-8.87484e-12
-3.6e-05	2.4e-05	-9.92623e-13
-3.6e-05	2.8e-05	-9.85455e-14
-3.6e-05	3.2e-05	-9.80668e-15
-3.6e-05	3.6e-05	-1.05491e-15
-3.6e-05	4e-05	9.46304e-16
-3.6e-05	4.4e-05	5.43367e-16
-3.6e-05	4.8e-05	2.61549e-16
-3.6e-05	5.2e-05	2.82767e-16
-3.6e-05	5.6e-05	1.80722e-16
-3.6e-05	6e-05	1.04897e-16
-3.6e-05	6.4e-05	3.62772e-17
-3.6e-05	6.8e-05	2.29781e-16
-3.6e-05	7.2e-05	1.35224e-16
-3.6e-05	7.6e-05	2.9436e-16
-3.2e-05	-8e-05	6.23458e-17
-3.2e-05	-7.6e-05	2.91012e-16
-3.2e-05	-7.2e-05	1.07596e-16
-3.2e-05	-6.8e-05	2.91239e-16
-3.2e-05	-6.4e-05	-6.99974e-17
-3.2e-05	-6e-05	2.19069e-16
-3.2e-05	-5.6e-05	-9.52811e-17
-3.2e-05	-5.2e-05	2.76542e-16
-3.2e-05	-4.8e-05	8.61619e-17
-3.2e-05	-4.4e-05	-3.40118e-16
-3.2e-05	-4e-05	-5.45426e-15
-3.2e-05	-3.6e-05	-7.98191e-14
-3.2e-05	-3.2e-05	-9.51982e-13
-3.2e-05	-2.8e-05	-1.0502e-11
-3.2e-05	-2.4e-05	-1.03866e-10
-3.2e-05	-2e-05	-8.80969e-10
-3.2e-05	-1.6e-05	-5.91344e-09
-3.2e-05	-1.2e-05	-2.64224e-08
-3.2e-05	-8e-06	-4.67691e-08
-3.2e-05	-4e-06	-6.04864e-08
-3.2e-05	0	-6.34379e-08
-3.2e-05	4e-06	-5.32956e-08
-3.2e-05	8e-06	-3.16279e-08
-3.2e-05	1.2e-05	-7.16295e-09
-3.2e-05	1.6e-05	-1.0737e-09
-3.2e-05	2e-05	-1.27134e-10
-3.2e-05	2.4e-05	-1.29002e-11
-3.2e-05	2.8e-05	-1.17294e-12
-3.2e-05	3.2e-05	-9.8073e-14
-3.2e-05	3.6e-05	-7.47951e-15
-3.2e-05	4e-05	-1.42361e-16
-3.2e-05	4.4e-05	7.24102e-16
-3.2e-05	4.8e-05	-9.45614e-17
-3.2e-05	5.2e-05	6.08513e-16
-3.2e-05	5.6e-05	-3.01702e-16
-3.2e-05	6e-05	1.96145e-16
-3.2e-05	6.4e-05	-1.72573e-16
-3.2e-05	6.8e-05	1.84499e-17
-3.2e-05	7.2e-05	-5.48253e-17
-3.2e-05	7.6e-05	-1.37435e-16
-2.8e-05	-8e-05	-1.04444e-17
-2.8e-05	-7.6e-05	9.77847e-18
-2.8e-05	-7.2e-05	-2.8162e-17
-2.8e-05	-6.8e-05	-4.53234e-17
-2.8e-05	-6.4e-05	-2.35756e-16
-2.8e-05	-6e-05	1.84159e-16
-2.8e-05	-5.6e-05	-4.03907e-16
-2.8e-05	-5.2e-05	5.47514e-16
-2.8e-05	-4.8e-05	-7.46123e-16
-2.8e-05	-4.4e-05	-3.59543e-15
-2.8e-05	-4e-05	-5.74558e-14
-2.8e-05	-3.6e-05	-7.91002e-13
-2.8e-05	-3.2e-05	-1.03692e-11
-2.8e-05	-2.8e-05	-1.26354e-10
-2.8e-05	-2.4e-05	-1.39551e-09
-2.8e-05	-2e-05	-1.33866e-08
-2.8e-05	-1.6e-05	-1.02985e-07
-2.8e-05	-1.2e-05	-5.2963e-07
-2.8e-05	-8e-06	-9.43831e-07
-2.8e-05	-4e-06	-1.22285e-06
-2.8e-05	0	-1.28433e-06
-2.8e-05	4e-06	-1.07952e-06
-2.8e-05	8e-06	-6.36581e-07
-2.8e-05	1.2e-05	-1.25117e-07
-2.8e-05	1.6e-05	-1.6359e-08
-2.8e-05	2e-05	-1.71268e-09
-2.8e-05	2.4e-05	-1.55628e-10
-2.8e-05	2.8e-05	-1.28142e-11
-2.8e-05	3.2e-05	-9.80628e-13
-2.8e-05	3.6e-05	-7.02391e-14
-2.8e-05	4e-05	-4.47177e-15
-2.8e-05	4.4e-05	7.28542e-16
-2.8e-05	4.8e-05	4.46936e-16
-2.8e-05	5.2e-05	1.52745e-16
-2.8e-05	5.6e-05	5.79945e-16
-2.8e-05	6e-05	-1.08217e-16
-2.8e-05	6.4e-05	3.21998e-16
-2.8e-05	6.8e-05	-1.32243e-16
-2.8e-05	7.2e-05	4.23441e-16
-2.8e-05	7.6e-05	-2.89238e-16
-2.4e-05	-8e-05	5.87003e-16
-2.4e-05	-7.6e-05	-2.20492e-16
-2.4e-05	-7.2e-05	6.12206e-16
-2.4e-05	-6.8e-05	-8.21567e-17
-2.4e-05	-6.4e-05	4.58251e-16
-2.4e-05	-6e-05	-1.78396e-16
-2.4e-05	-5.6e-05	8.54565e-16
-2.4e-05	-5.2e-05	-2.41145e-17
-2.4e-05	-4.8e-05	-1.72894e-15
-2.4e-05	-4.4e-05	-2.89938e-14
-2.4e-05	-4e-05	-4.60419e-13
-2.4e-05	-3.6e-05	-6.97552e-12
-2.4e-05	-3.2e-05	-1.00959e-10
-2.4e-05	-2.8e-05	-1.37458e-09
-2.4e-05	-2.4e-05	-1.72078e-08
-2.4e-05	-2e-05	-1.90428e-07
-2.4e-05	-1.6e-05	-1.72585e-06
-2.4e-05	-1.2e-05	-1.06255e-05
-2.4e-05	-8e-06	-1.90485e-05
-2.4e-05	-4e-06	-2.47223e-05
-2.4e-05	0	-2.60031e-05
-2.4e-05	4e-06	-2.18708e-05
-2.4e-05	8e-06	-1.28248e-05
-2.4e-05	1.2e-05	-2.10355e-06
-2.4e-05	1.6e-05	-2.33441e-07
-2.4e-05	2e-05	-2.11888e-08
-2.4e-05	2.4e-05	-1.69918e-09
-2.4e-05	2.8e-05	-1.25249e-10
-2.4e-05	3.2e-05	-8.68603e-12
-2.4e-05	3.6e-05	-5.74513e-13
-2.4e-05	4e-05	-3.60708e-14
-2.4e-05	4.4e-05	-2.22143e-15
-2.4e-05	4.8e-05	-3.69298e-17
-2.4e-05	5.2e-05	-2.27592e-17
-2.4e-05	5.6e-05	2.08657e-16
-2.4e-05	6e-05	1.40265e-16
-2.4e-05	6.4e-05	3.63961e-16
-2.4e-05	6.8e-05	3.08229e-16
-2.4e-05	7.2e-05	3.61426e-16
-2.4e-05	7.6e-05	2.93745e-16
-2e-05	-8e-05	3.20614e-16
-2e-05	-7.6e-05	2.57223e-16
-2e-05	-7.2e-05	4.09763e-16
-2e-05	-6.8e-05	1.8969e-16
-2e-05	-6.4e-05	5.13298e-16
-2e-05	-6e-05	8.5701e-17
-2e-05	-5.6e-05	4.89635e-16
-2e-05	-5.2e-05	-7.67635e-16
-2e-05	-4.8e-05	-1.03907e-14
-2e-05	-4.4e-05	-1.81341e-13
-2e-05	-4e-05	-3.10597e-12
-2e-05	-3.6e-05	-5.18982e-11
-2e-05	-3.2e-05	-8.38115e-10
-2e-05	-2.8e-05	-1.29273e-08
-2e-05	-2.4e-05	-1.86895e-07
-2e-05	-2e-05	-2.44982e-06
-2e-05	-1.6e-05	-2.72024e-05
-2e-05	-1.2e-05	-0.000213396
-2e-05	-8e-06	-0.000384462
-2e-05	-4e-06	-0.000499804
-2e-05	0	-0.000526491
-2e-05	4e-06	-0.000443185
-2e-05	8e-06	-0.00025867
-2e-05	1.2e-05	-3.32808e-05
-2e-05	1.6e-05	-3.01525e-06
-2e-05	2e-05	-2.31176e-07
-2e-05	2.4e-05	-1.60626e-08
-2e-05	2.8e-05	-1.04588e-09
-2e-05	3.2e-05	-6.50353e-11
-2e-05	3.6e-05	-3.90719e-12
-2e-05	4e-05	-2.28043e-13
-2e-05	4.4e-05	-1.2938e-14
-2e-05	4.8e-05	-3.99617e-16
-2e-05	5.2e-05	-1.40428e-16
-2e-05	5.6e-05	6.3022e-17
-2e-05	6e-05	-1.7724e-18
-2e-05	6.4e-05	-1.46804e-16
-2e-05	6.8e-05	1.82888e-16
-2e-05	7.2e-05	-5.59488e-17
-2e-05	7.6e-05	9.08312e-17
-1.6e-05	-8e-05	-1.48179e-16
-1.6e-05	-7.6e-05	4.86259e-17
-1.6e-05	-7.2e-05	-9.75458e-17
-1.6e-05	-6.8e-05	1.24336e-16
-1.6e-05	-6.4e-05	7.70302e-19
-1.6e-05	-6e-05	1.31007e-16
-1.6e-05	-5.6e-05	3.20785e-17
-1.6e-05	-5.2e-05	-2.3966e-15
-1.6e-05	-4.8e-05	-4.47931e-14
-1.6e-05	-4.4e-05	-8.5338e-13
-1.6e-05	-4e-05	-1.60586e-11
-1.6e-05	-3.6e-05	-2.98164e-10
-1.6e-05	-3.2e-05	-5.43248e-09
-1.6e-05	-2.8e-05	-9.64371e-08
-1.6e-05	-2.4e-05	-1.64827e-06
-1.6e-05	-2e-05	-2.65332e-05
-1.6e-05	-1.6e-05	-0.000383288
-1.6e-05	-1.2e-05	-0.00429131
-1.6e-05	-8e-06	-0.00775992
-1.6e-05	-4e-06	-0.0101042
-1.6e-05	0	-0.0106604
-1.6e-05	4e-06	-0.00898225
-1.6e-05	8e-06	-0.00522434
-1.6e-05	1.2e-05	-0.000471334
-1.6e-05	1.6e-05	-3.28568e-05
-1.6e-05	2e-05	-2.05382e-06
-1.6e-05	2.4e-05	-1.20878e-07
-1.6e-05	2.8e-05	-6.84896e-09
-1.6e-05	3.2e-05	-3.7808e-10
-1.6e-05	3.6e-05	-2.04806e-11
-1.6e-05	4e-05	-1.09317e-12
-1.6e-05	4.4e-05	-5.72091e-14
-1.6e-05	4.8e-05	-3.17641e-15
-1.6e-05	5.2e-05	2.00276e-16
-1.6e-05	5.6e-05	2.80563e-16
-1.6e-05	6e-05	2.84061e-16
-1.6e-05	6.4e-05	4.54845e-16
-1.6e-05	6.8e-05	2.17658e-16
-1.6e-05	7.2e-05	4.96761e-16
-1.6e-05	7.6e-05	2.49375e-16
-1.2e-05	-8e-05	4.16769e-16
-1.2e-05	-7.6e-05	4.21399e-16
-1.2e-05	-7.2e-05	3.39575e-16
-1.2e-05	-6.8e-05	3.2471e-16
-1.2e-05	-6.4e-05	4.4536e-16
-1.2e-05	-6e-05	5.97632e-16
-1.2e-05	-5.6e-05	1.12495e-16
-1.2e-05	-5.2e-05	-5.67591e-15
-1.2e-05	-4.8e-05	-1.23725e-13
-1.2e-05	-4.4e-05	-2.55004e-12
-1.2e-05	-4e-05	-5.25973e-11
-1.2e-05	-3.6e-05	-1.08556e-09
-1.2e-05	-3.2e-05	-2.24219e-08
-1.2e-05	-2.8e-05	-4.63515e-07
-1.2e-05	-2.4e-05	-9.59138e-06
-1.2e-05	-2e-05	-0.000198691
-1.2e-05	-1.6e-05	-0.00412119
-1.2e-05	-1.2e-05	-0.0856019
-1.2e-05	-8e-06	-0.155394
-1.2e-05	-4e-06	-0.202837
-1.2e-05	0	-0.214506
-1.2e-05	4e-06	-0.181098
-1.2e-05	8e-06	-0.105293
-1.2e-05	1.2e-05	-0.00512058
-1.2e-05	1.6e-05	-0.000249354
-1.2e-05	2e-05	-1.21568e-05
-1.2e-05	2.4e-05	-5.93292e-07
-1.2e-05	2.8e-05	-2.89806e-08
-1.2e-05	3.2e-05	-1.41673e-09
-1.2e-05	3.6e-05	-6.93056e-11
-1.2e-05	4e-05	-3.39257e-12
-1.2e-05	4.4e-05	-1.66523e-13
-1.2e-05	4.8e-05	-8.15748e-15
-1.2e-05	5.2e-05	-6.29701e-16
-1.2e-05	5.6e-05	-1.35446e-16
-1.2e-05	6e-05	-1.07579e-16
-1.2e-05	6.4e-05	-4.58196e-17
-1.2e-05	6.8e-05	4.34244e-17
-1.2e-05	7.2e-05	8.95708e-17
-1.2e-05	7.6e-05	2.06902e-16
-8e-06	-8e-05	1.23985e-16
-8e-06	-7.6e-05	1.6902e-16
-8e-06	-7.2e-05	1.44988e-17
-8e-06	-6.8e-05	1.62352e-17
-8e-06	-6.4e-05	6.93511e-17
-8e-06	-6e-05	-1.18291e-16
-8e-06	-5.6e-05	-2.58569e-16
-8e-06	-5.2e-05	-6.81018e-15
-8e-06	-4.8e-05	-1.32281e-13
-8e-06	-4.4e-05	-2.7558e-12
-8e-06	-4e-05	-5.76236e-11
-8e-06	-3.6e-05	-1.20566e-09
-8e-06	-3.2e-05	-2.52312e-08
-8e-06	-2.8e-05	-5.28114e-07
-8e-06	-2.4e-05	-1.10557e-05
-8e-06	-2e-05	-0.000231476
-8e-06	-1.6e-05	-0.00484696
-8e-06	-1.2e-05	-0.101499
-8e-06	-8e-06	-0.190796
-8e-06	-4e-06	-0.258679
-8e-06	0	-0.283483
-8e-06	4e-06	-0.24667
-8e-06	8e-06	-0.147018
-8e-06	1.2e-05	-0.00709187
-8e-06	1.6e-05	-0.000342253
-8e-06	2e-05	-1.65248e-05
-8e-06	2.4e-05	-7.9825e-07
-8e-06	2.8e-05	-3.85796e-08
-8e-06	3.2e-05	-1.86551e-09
-8e-06	3.6e-05	-9.02527e-11
-8e-06	4e-05	-4.3685e-12
-8e-06	4.4e-05	-2.11239e-13
-8e-06	4.8e-05	-1.0547e-14
-8e-06	5.2e-05	-3.2601e-16
-8e-06	5.6e-05	-2.59492e-16
-8e-06	6e-05	-7.72898e-17
-8e-06	6.4e-05	-2.05773e-16
-8e-06	6.8e-05	-1.63681e-16
-8e-06	7.2e-05	-3.52528e-16
-8e-06	7.6e-05	-2.20891e-16
-4e-06	-8e-05	-2.99084e-16
-4e-06	-7.6e-05	-1.49026e-16
-4e-06	-7.2e-05	-4.43585e-16
-4e-06	-6.8e-05	-1.69972e-16
-4e-06	-6.4e-05	-4.52535e-16
-4e-06	-6e-05	3.31837e-17
-4e-06	-5.6e-05	-5.60673e-16
-4e-06	-5.2e-05	-1.16649e-15
-4e-06	-4.8e-05	-2.49857e-14
-4e-06	-4.4e-05	-5.40742e-13
-4e-06	-4e-05	-1.18017e-11
-4e-06	-3.6e-05	-2.56871e-10
-4e-06	-3.2e-05	-5.57608e-09
-4e-06	-2.8e-05	-1.20747e-07
-4e-06	-2.4e-05	-2.60885e-06
-4e-06	-2e-05	-5.62497e-05
-4e-06	-1.6e-05	-0.00121047
-4e-06	-1.2e-05	-0.0260024
-4e-06	-8e-06	-0.0619851
-4e-06	-4e-06	-0.105931
-4e-06	0	-0.138277
-4e-06	4e-06	-0.135094
-4e-06	8e-06	-0.0859827
-4e-06	1.2e-05	-0.00416806
-4e-06	1.6e-05	-0.00020209
-4e-06	2e-05	-9.80066e-06
-4e-06	2.4e-05	-4.75417e-07
-4e-06	2.8e-05	-2.30681e-08
-4e-06	3.2e-05	-1.11964e-09
-4e-06	3.6e-05	-5.43599e-11
-4e-06	4e-05	-2.64037e-12
-4e-06	4.4e-05	-1.28383e-13
-4e-06	4.8e-05	-5.99669e-15
-4e-06	5.2e-05	8.40927e-17
-4e-06	5.6e-05	3.43954e-16
-4e-06	6e-05	1.93902e-16
-4e-06	6.4e-05	2.51064e-16
-4e-06	6.8e-05	2.13331e-16
-4e-06	7.2e-05	3.47004e-16
-4e-06	7.6e-05	-5.37416e-17
0	-8e-05	3.35826e-16
0	-7.6e-05	2.01263e-16
0	-7.2e-05	4.26272e-16
0	-6.8e-05	1.43458e-16
0	-6.4e-05	3.35026e-16
0	-6e-05	1.79094e-16
0	-5.6e-05	9.06501e-16
0	-5.2e-05	6.39265e-15
0	-4.8e-05	1.28334e-13
0	-4.4e-05	2.63997e-12
0	-4e-05	5.43598e-11
0	-3.6e-05	1.11964e-09
0	-3.2e-05	2.30681e-08
0	-2.8e-05	4.75417e-07
0	-2.4e-05	9.80066e-06
0	-2e-05	0.00020209
0	-1.6e-05	0.00416806
0	-1.2e-05	0.0859827
0	-8e-06	0.135094
0	-4e-06	0.138277
0	0	0.105931
0	4e-06	0.0619851
0	8e-06	0.0260024
0	1.2e-05	0.00121047
0	1.6e-05	5.62497e-05
0	2e-05	2.60885e-06
0	2.4e-05	1.20747e-07
0	2.8e-05	5.57608e-09
0	3.2e-05	2.56872e-10
0	3.6e-05	1.18011e-11
0	4e-05	5.40265e-13
0	4.4e-05	2.45987e-14
0	4.8e-05	1.07757e-15
0	5.2e-05	-2.967e-16
0	5.6e-05	5.459e-17
0	6e-05	-8.35761e-17
0	6.4e-05	1.02786e-16
0	6.8e-05	1.54182e-16
0	7.2e-05	6.03223e-17
0	7.6e-05	1.16363e-16
4e-06	-8e-05	1.26556e-16
4e-06	-7.6e-05	-1.09612e-17
4e-06	-7.2e-05	5.466e-17
4e-06	-6.8e-05	8.60318e-17
4e-06	-6.4e-05	1.54437e-16
4e-06	-6e-05	-1.16105e-16
4e-06	-5.6e-05	5.57331e-16
4e-06	-5.2e-05	1.00747e-14
4e-06	-4.8e-05	2.11546e-13
4e-06	-4.4e-05	4.36769e-12
4e-06	-4e-05	9.02521e-11
4e-06	-3.6e-05	1.86551e-09
4e-06	-3.2e-05	3.85796e-08
4e-06	-2.8e-05	7.9825e-07
4e-06	-2.4e-05	1.65248e-05
4e-06	-2e-05	0.000342253
4e-06	-1.6e-05	0.00709187
4e-06	-1.2e-05	0.147018
4e-06	-8e-06	0.24667
4e-06	-4e-06	0.283483
4e-06	0	0.258679
4e-06	4e-06	0.190796
4e-06	8e-06	0.101499
4e-06	1.2e-05	0.00484696
4e-06	1.6e-05	0.000231476
4e-06	2e-05	1.10557e-05
4e-06	2.4e-05	5.28114e-07
4e-06	2.8e-05	2.52312e-08
4e-06	3.2e-05	1.20566e-09
4e-06	3.6e-05	5.76235e-11
4e-06	4e-05	2.75543e-12
4e-06	4.4e-05	1.32116e-13
4e-06	4.8e-05	6.23508e-15
4e-06	5.2e-05	6.92947e-16
4e-06	5.6e-05	-2.93187e-16
4e-06	6e-05	2.92681e-16
4e-06	6.4e-05	-4.30715e-16
4e-06	6.8e-05	1.50442e-16
4e-06	7.2e-05	-4.38458e-16
4e-06	7.6e-05	2.70496e-16
8e-06	-8e-05	-5.23097e-16
8e-06	-7.6e-05	6.42101e-17
8e-06	-7.2e-05	-4.36941e-16
8e-06	-6.8e-05	6.93279e-17
8e-06	-6.4e-05	-4.70435e-16
8e-06	-6e-05	1.69805e-16
8e-06	-5.6e-05	8.68156e-17
8e-06	-5.2e-05	8.47152e-15
8e-06	-4.8e-05	1.66021e-13
8e-06	-4.4e-05	3.39244e-12
8e-06	-4e-05	6.93059e-11
8e-06	-3.6e-05	1.41674e-09
8e-06	-3.2e-05	2.89806e-08
8e-06	-2.8e-05	5.93292e-07
8e-06	-2.4e-05	1.21568e-05
8e-06	-2e-05	0.000249354
8e-06	-1.6e-05	0.00512058
8e-06	-1.2e-05	0.105293
8e-06	-8e-06	0.181098
8e-06	-4e-06	0.214506
8e-06	0	0.202837
8e-06	4e-06	0.155394
8e-06	8e-06	0.0856019
8e-06	1.2e-05	0.00412119
8e-06	1.6e-05	0.000198691
8e-06	2e-05	9.59138e-06
8e-06	2.4e-05	4.63515e-07
8e-06	2.8e-05	2.24219e-08
8e-06	3.2e-05	1.08555e-09
8e-06	3.6e-05	5.25974e-11
8e-06	4e-05	2.54991e-12
8e-06	4.4e-05	1.24379e-13
8e-06	4.8e-05	6.34419e-15
8e-06	5.2e-05	7.02903e-16
8e-06	5.6e-05	6.29712e-16
8e-06	6e-05	2.54081e-16
8e-06	6.4e-05	7.36944e-16
8e-06	6.8e-05	2.87429e-16
8e-06	7.2e-05	6.82572e-16
8e-06	7.6e-05	1.55121e-16
1.2e-05	-8e-05	7.0665e-16
1.2e-05	-7.6e-05	1.32318e-16
1.2e-05	-7.2e-05	6.8639e-16
1.2e-05	-6.8e-05	2.62414e-16
1.2e-05	-6.4e-05	8.82799e-16
1.2e-05	-6e-05	4.61917e-16
1.2e-05	-5.6e-05	8.3743e-16
1.2e-05	-5.2e-05	4.13124e-15
1.2e-05	-4.8e-05	5.85218e-14
1.2e-05	-4.4e-05	1.09413e-12
1.2e-05	-4e-05	2.048e-11
1.2e-05	-3.6e-05	3.7808e-10
1.2e-05	-3.2e-05	6.84896e-09
1.2e-05	-2.8e-05	1.20878e-07
1.2e-05	-2.4e-05	2.05382e-06
1.2e-05	-2e-05	3.28568e-05
1.2e-05	-1.6e-05	0.000471334
1.2e-05	-1.2e-05	0.00522434
1.2e-05	-8e-06	0.00898225
1.2e-05	-4e-06	0.0106604
1.2e-05	0	0.0101042
1.2e-05	4e-06	0.00775992
1.2e-05	8e-06	0.00429131
1.2e-05	1.2e-05	0.000383288
1.2e-05	1.6e-05	2.65332e-05
1.2e-05	2e-05	1.64827e-06
1.2e-05	2.4e-05	9.64371e-08
1.2e-05	2.8e-05	5.43248e-09
1.2e-05	3.2e-05	2.98164e-10
1.2e-05	3.6e-05	1.6059e-11
1.2e-05	4e-05	8.52966e-13
1.2e-05	4.4e-05	4.43384e-14
1.2e-05	4.8e-05	2.60098e-15
1.2e-05	5.2e-05	1.59862e-16
1.2e-05	5.6e-05	7.20675e-16
1.2e-05	6e-05	5.87331e-17
1.2e-05	6.4e-05	6.1788e-16
1.2e-05	6.8e-05	3.37193e-16
1.2e-05	7.2e-05	6.18243e-16
1.2e-05	7.6e-05	4.51319e-16
1.6e-05	-8e-05	7.18695e-16
1.6e-05	-7.6e-05	2.97016e-16
1.6e-05	-7.2e-05	7.27878e-16
1.6e-05	-6.8e-05	2.09903e-16
1.6e-05	-6.4e-05	6.69589e-16
1.6e-05	-6e-05	2.62036e-16
1.6e-05	-5.6e-05	4.77325e-16
1.6e-05	-5.2e-05	3.0225e-16
1.6e-05	-4.8e-05	1.38648e-14
1.6e-05	-4.4e-05	2.28591e-13
1.6e-05	-4e-05	3.90693e-12
1.6e-05	-3.6e-05	6.50342e-11
1.6e-05	-3.2e-05	1.04588e-09
1.6e-05	-2.8e-05	1.60626e-08
1.6e-05	-2.4e-05	2.31176e-07
1.6e-05	-2e-05	3.01525e-06
1.6e-05	-1.6e-05	3.32808e-05
1.6e-05	-1.2e-05	0.00025867
1.6e-05	-8e-06	0.000443185
1.6e-05	-4e-06	0.000526491
1.6e-05	0	0.000499804
1.6e-05	4e-06	0.000384462
1.6e-05	8e-06	0.000213396
1.6e-05	1.2e-05	2.72024e-05
1.6e-05	1.6e-05	2.44982e-06
1.6e-05	2e-05	1.86895e-07
1.6e-05	2.4e-05	1.29273e-08
1.6e-05	2.8e-05	8.38114e-10
1.6e-05	3.2e-05	5.18992e-11
1.6e-05	3.6e-05	3.1058e-12
1.6e-05	4e-05	1.81027e-13
1.6e-05	4.4e-05	1.03301e-14
1.6e-05	4.8e-05	5.56377e-16
1.6e-05	5.2e-05	1.00953e-17
1.6e-05	5.6e-05	2.22178e-17
1.6e-05	6e-05	-8.16386e-17
1.6e-05	6.4e-05	-1.96965e-16
1.6e-05	6.8e-05	7.90521e-17
1.6e-05	7.2e-05	-1.97467e-16
1.6e-05	7.6e-05	2.01026e-16
2e-05	-8e-05	-8.1535e-17
2e-05	-7.6e-05	1.33544e-16
2e-05	-7.2e-05	-1.16381e-16
2e-05	-6.8e-05	2.5374e-16
2e-05	-6.4e-05	-1.22117e-16
2e-05	-6e-05	-1.1207e-17
2e-05	-5.6e-05	-3.06884e-16
2e-05	-5.2e-05	-2.65956e-16
2e-05	-4.8e-05	1.99705e-15
2e-05	-4.4e-05	3.72048e-14
2e-05	-4e-05	5.7553e-13
2e-05	-3.6e-05	8.68403e-12
2e-05	-3.2e-05	1.25248e-10
2e-05	-2.8e-05	1.69918e-09
2e-05	-2.4e-05	2.11888e-08
2e-05	-2e-05	2.33441e-07
2e-05	-1.6e-05	2.10355e-06
2e-05	-1.2e-05	1.28248e-05
2e-05	-8e-06	2.18708e-05
2e-05	-4e-06	2.60031e-05
2e-05	0	2.47223e-05
2e-05	4e-06	1.90485e-05
2e-05	8e-06	1.06255e-05
2e-05	1.2e-05	1.72585e-06
2e-05	1.6e-05	1.90428e-07
2e-05	2e-05	1.72078e-08
2e-05	2.4e-05	1.37458e-09
2e-05	2.8e-05	1.0096e-10
2e-05	3.2e-05	6.97747e-12
2e-05	3.6e-05	4.60336e-13
2e-05	4e-05	2.94561e-14
2e-05	4.4e-05	2.05221e-15
2e-05	4.8e-05	2.64263e-16
2e-05	5.2e-05	9.49416e-17
2e-05	5.6e-05	-6.0785e-17
2e-05	6e-05	1.73137e-16
2e-05	6.4e-05	-1.48762e-17
2e-05	6.8e-05	2.25964e-16
2e-05	7.2e-05	-1.68255e-16
2e-05	7.6e-05	2.53954e-16
2.4e-05	-8e-05	6.94877e-18
2.4e-05	-7.6e-05	4.17739e-17
2.4e-05	-7.2e-05	1.5852e-16
2.4e-05	-6.8e-05	1.82466e-16
2.4e-05	-6.4e-05	5.2664e-17
2.4e-05	-6e-05	2.05828e-16
2.4e-05	-5.6e-05	-2.58637e-18
2.4e-05	-5.2e-05	4.14978e-16
2.4e-05	-4.8e-05	3.35944e-16
2.4e-05	-4.4e-05	4.4622e-15
2.4e-05	-4e-05	7.20259e-14
2.4e-05	-3.6e-05	9.81831e-13
2.4e-05	-3.2e-05	1.28127e-11
2.4e-05	-2.8e-05	1.55627e-10
2.4e-05	-2.4e-05	1.71268e-09
2.4e-05	-2e-05	1.6359e-08
2.4e-05	-1.6e-05	1.25117e-07
2.4e-05	-1.2e-05	6.36581e-07
2.4e-05	-8e-06	1.07952e-06
2.4e-05	-4e-06	1.28433e-06
2.4e-05	0	1.22285e-06
2.4e-05	4e-06	9.43831e-07
2.4e-05	8e-06	5.2963e-07
2.4e-05	1.2e-05	1.02985e-07
2.4e-05	1.6e-05	1.33866e-08
2.4e-05	2e-05	1.3955e-09
2.4e-05	2.4e-05	1.26354e-10
2.4e-05	2.8e-05	1.037e-11
2.4e-05	3.2e-05	7.91591e-13
2.4e-05	3.6e-05	5.70148e-14
2.4e-05	4e-05	3.71993e-15
2.4e-05	4.4e-05	9.96422e-18
2.4e-05	4.8e-05	-8.2816e-18
2.4e-05	5.2e-05	2.27955e-16
2.4e-05	5.6e-05	8.48261e-17
2.4e-05	6e-05	3.21381e-16
2.4e-05	6.4e-05	8.20525e-17
2.4e-05	6.8e-05	2.53264e-16
2.4e-05	7.2e-05	2.91491e-16
2.4e-05	7.6e-05	2.27881e-16
2.8e-05	-8e-05	2.58622e-16
2.8e-05	-7.6e-05	3.18181e-16
2.8e-05	-7.2e-05	4.35217e-17
2.8e-05	-6.8e-05	3.63342e-16
2.8e-05	-6.4e-05	7.88692e-17
2.8e-05	-6e-05	3.97236e-16
2.8e-05	-5.6e-05	-3.04576e-17
2.8e-05	-5.2e-05	2.62011e-16
2.8e-05	-4.8e-05	-1.68387e-16
2.8e-05	-4.4e-05	7.3893e-16
2.8e-05	-4e-05	6.32568e-15
2.8e-05	-3.6e-05	9.82532e-14
2.8e-05	-3.2e-05	1.17319e-12
2.8e-05	-2.8e-05	1.28985e-11
2.8e-05	-2.4e-05	1.27132e-10
2.8e-05	-2e-05	1.0737e-09
2.8e-05	-1.6e-05	7.16295e-09
2.8e-05	-1.2e-05	3.16279e-08
2.8e-05	-8e-06	5.32956e-08
2.8e-05	-4e-06	6.34379e-08
2.8e-05	0	6.04864e-08
2.8e-05	4e-06	4.67691e-08
2.8e-05	8e-06	2.64224e-08
2.8e-05	1.2e-05	5.91344e-09
2.8e-05	1.6e-05	8.80968e-10
2.8e-05	2e-05	1.03867e-10
2.8e-05	2.4e-05	1.05029e-11
2.8e-05	2.8e-05	9.52963e-13
2.8e-05	3.2e-05	7.94295e-14
2.8e-05	3.6e-05	6.9033e-15
2.8e-05	4e-05	1.97638e-17
2.8e-05	4.4e-05	3.1514e-16
2.8e-05	4.8e-05	-3.67312e-16
2.8e-05	5.2e-05	-8.19326e-17
2.8e-05	5.6e-05	-1.2977e-16
2.8e-05	6e-05	-3.28461e-16
2.8e-05	6.4e-05	-1.30377e-16
2.8e-05	6.8e-05	-1.32907e-16
2.8e-05	7.2e-05	8.24614e-18
2.8e-05	7.6e-05	-2.53747e-16
3.2e-05	-8e-05	-3.30047e-17
3.2e-05	-7.6e-05	-2.93443e-16
3.2e-05	-7.2e-05	-2.24629e-16
3.2e-05	-6.8e-05	-2.94522e-16
3.2e-05	-6.4e-05	-3.1168e-16
3.2e-05	-6e-05	-8.4689e-17
3.2e-05	-5.6e-05	-3.44584e-16
3.2e-05	-5.2e-05	-1.11503e-16
3.2e-05	-4.8e-05	-4.41089e-16
3.2e-05	-4.4e-05	1.44609e-16
3.2e-05	-4e-05	-6.60795e-17
3.2e-05	-3.6e-05	8.9675e-15
3.2e-05	-3.2e-05	9.89052e-14
3.2e-05	-2.8e-05	9.94607e-13
3.2e-05	-2.4e-05	8.87352e-12
3.2e-05	-2e-05	6.72834e-11
3.2e-05	-1.6e-05	3.99519e-10
3.2e-05	-1.2e-05	1.57265e-09
3.2e-05	-8e-06	2.63177e-09
3.2e-05	-4e-06	3.13359e-09
3.2e-05	0	2.99187e-09
3.2e-05	4e-06	2.31772e-09
3.2e-05	8e-06	1.31909e-09
3.2e-05	1.2e-05	3.30763e-10
3.2e-05	1.6e-05	5.53393e-11
3.2e-05	2e-05	7.26712e-12
3.2e-05	2.4e-05	8.1147e-13
3.2e-05	2.8e-05	8.09976e-14
3.2e-05	3.2e-05	8.13654e-15
3.2e-05	3.6e-05	7.85543e-16
3.2e-05	4e-05	6.63216e-16
3.2e-05	4.4e-05	-1.64523e-16
3.2e-05	4.8e-05	6.80514e-16
3.2e-05	5.2e-05	-4.79519e-16
3.2e-05	5.6e-05	5.01374e-16
3.2e-05	6e-05	-4.68071e-16
3.2e-05	6.4e-05	1.90457e-16
3.2e-05	6.8e-05	-5.92513e-16
3.2e-05	7.2e-05	-3.62248e-17
3.2e-05	7.6e-05	-5.23514e-16
3.6e-05	-8e-05	1.36317e-16
3.6e-05	-7.6e-05	-6.49648e-16
3.6e-05	-7.2e-05	-1.85868e-16
3.6e-05	-6.8e-05	-5.85278e-16
3.6e-05	-6.4e-05	4.32947e-16
3.6e-05	-6e-05	-3.2568e-16
3.6e-05	-5.6e-05	5.04807e-16
3.6e-05	-5.2e-05	-5.80443e-16
3.6e-05	-4.8e-05	7.14628e-16
3.6e-05	-4.4e-05	-9.12032e-17
3.6e-05	-4e-05	1.05253e-15
3.6e-05	-3.6e-05	8.98064e-16
3.6e-05	-3.2e-05	8.8861e-15
3.6e-05	-2.8e-05	7.3129e-14
3.6e-05	-2.4e-05	5.92282e-13
3.6e-05	-2e-05	4.07489e-12
3.6e-05	-1.6e-05	2.18681e-11
3.6e-05	-1.2e-05	7.82498e-11
3.6e-05	-8e-06	1.29988e-10
3.6e-05	-4e-06	1.54797e-10
3.6e-05	0	1.47989e-10
3.6e-05	4e-06	1.14869e-10
3.6e-05	8e-06	6.589e-11
3.6e-05	1.2e-05	1.81538e-11
3.6e-05	1.6e-05	3.35813e-12
3.6e-05	2e-05	4.85424e-13
3.6e-05	2.4e-05	5.97667e-14
3.6e-05	2.8e-05	7.06604e-15
3.6e-05	3.2e-05	1.24197e-15
3.6e-05	3.6e-05	9.00709e-16
3.6e-05	4e-05	3.9087e-16
3.6e-05	4.4e-05	8.84699e-16
3.6e-05	4.8e-05	3.64062e-16
3.6e-05	5.2e-05	1.06379e-15
3.6e-05	5.6e-05	1.13009e-16
3.6e-05	6e-05	1.14314e-15
3.6e-05	6.4e-05	-2.84077e-17
3.6e-05	6.8e-05	9.96749e-16
3.6e-05	7.2e-05	8.37811e-17
3.6e-05	7.6e-05	8.14091e-16
4e-05	-8e-05	-1.61124e-16
4e-05	-7.6e-05	9.03309e-16
4e-05	-7.2e-05	3.24161e-17
4e-05	-6.8e-05	8.53793e-16
4e-05	-6.4e-05	7.22035e-17
4e-05	-6e-05	8.005e-16
4e-05	-5.6e-05	5.8065e-17
4e-05	-5.2e-05	9.98581e-16
4e-05	-4.8e-05	4.34982e-16
4e-05	-4.4e-05	1.02504e-15
4e-05	-4e-05	7.20581e-16
4e-05	-3.6e-05	1.15701e-15
4e-05	-3.2e-05	1.81143e-15
4e-05	-2.8e-05	5.66023e-15
4e-05	-2.4e-05	3.88349e-14
4e-05	-2e-05	2.4046e-13
4e-05	-1.6e-05	1.18056e-12
4e-05	-1.2e-05	3.89561e-12
4e-05	-8e-06	6.42153e-12
4e-05	-4e-06	7.64756e-12
4e-05	0	7.32005e-12
4e-05	4e-06	5.69371e-12
4e-05	8e-06	3.29284e-12
4e-05	1.2e-05	9.82149e-13
4e-05	1.6e-05	1.98722e-13
4e-05	2e-05	3.10506e-14
4e-05	2.4e-05	4.51307e-15
4e-05	2.8e-05	7.7372e-16
4e-05	3.2e-05	2.8753e-16
4e-05	3.6e-05	4.05023e-16
4e-05	4e-05	5.67707e-16
4e-05	4.4e-05	6.36276e-16
4e-05	4.8e-05	7.50855e-16
4e-05	5.2e-05	6.85654e-16
4e-05	5.6e-05	1.03384e-15
4e-05	6e-05	5.86329e-16
4e-05	6.4e-05	8.62108e-16
4e-05	6.8e-05	4.99549e-16
4e-05	7.2e-05	1.22313e-15
4e-05	7.6e-05	5.34069e-16
4.4e-05	-8e-05	1.03355e-15
4.4e-05	-7.6e-05	4.81777e-16
4.4e-05	-7.2e-05	1.22386e-15
4.4e-05	-6.8e-05	6.37084e-16
4.4e-05	-6.4e-05	1.30382e-15
4.4e-05	-6e-05	6.84446e-16
4.4e-05	-5.6e-05	1.01429e-15
4.4e-05	-5.2e-05	8.92251e-16
4.4e-05	-4.8e-05	7.66681e-16
4.4e-05	-4.4e-05	7.02102e-16
4.4e-05	-4e-05	7.96842e-16
4.4e-05	-3.6e-05	5.68842e-16
4.4e-05	-3.2e-05	6.09448e-16
4.4e-05	-2.8e-05	7.48551e-16
4.4e-05	-2.4e-05	2.58076e-15
4.4e-05	-2e-05	1.36885e-14
4.4e-05	-1.6e-05	6.32431e-14
4.4e-05	-1.2e-05	1.93611e-13
4.4e-05	-8e-06	3.17636e-13
4.4e-05	-4e-06	3.77578e-13
4.4e-05	0	3.62292e-13
4.4e-05	4e-06	2.82273e-13
4.4e-05	8e-06	1.64495e-13
4.4e-05	1.2e-05	5.28257e-14
4.4e-05	1.6e-05	1.11455e-14
4.4e-05	2e-05	2.29641e-15
4.4e-05	2.4e-05	-5.74109e-17
4.4e-05	2.8e-05	2.71487e-16
4.4e-05	3.2e-05	-1.36628e-16
4.4e-05	3.6e-05	4.26227e-16
4.4e-05	4e-05	2.04419e-16
4.4e-05	4.4e-05	3.85977e-16
4.4e-05	4.8e-05	5.26425e-16
4.4e-05	5.2e-05	5.61757e-16
4.4e-05	5.6e-05	4.14438e-16
4.4e-05	6e-05	8.77145e-16
4.4e-05	6.4e-05	6.9481e-16
4.4e-05	6.8e-05	8.89233e-16
4.4e-05	7.2e-05	7.25677e-16
4.4e-05	7.6e-05	7.73228e-16
4.8e-05	-8e-05	6.43931e-16
4.8e-05	-7.6e-05	8.08015e-16
4.8e-05	-7.2e-05	9.2487e-16
4.8e-05	-6.8e-05	9.01831e-16
4.8e-05	-6.4e-05	8.11921e-16
4.8e-05	-6e-05	7.94342e-16
4.8e-05	-5.6e-05	6.91012e-16
4.8e-05	-5.2e-05	8.2608e-16
4.8e-05	-4.8e-05	4.55525e-16
4.8e-05	-4.4e-05	5.52946e-16
4.8e-05	-4e-05	2.91727e-16
4.8e-05	-3.6e-05	3.43381e-16
4.8e-05	-3.2e-05	3.74676e-17
4.8e-05	-2.8e-05	2.96767e-16
4.8e-05	-2.4e-05	-1.78544e-16
4.8e-05	-2e-05	1.0547e-15
4.8e-05	-1.6e-05	3.04112e-15
4.8e-05	-1.2e-05	9.84343e-15
4.8e-05	-8e-06	1.55417e-14
4.8e-05	-4e-06	1.88494e-14
4.8e-05	0	1.79141e-14
4.8e-05	4e-06	1.39714e-14
4.8e-05	8e-06	8.29525e-15
4.8e-05	1.2e-05	2.85391e-15
4.8e-05	1.6e-05	6.96462e-16
4.8e-05	2e-05	-3.97806e-18
4.8e-05	2.4e-05	2.45878e-16
4.8e-05	2.8e-05	-4.17321e-16
4.8e-05	3.2e-05	1.51644e-16
4.8e-05	3.6e-05	-3.37043e-16
4.8e-05	4e-05	3.76698e-16
4.8e-05	4.4e-05	-1.168e-16
4.8e-05	4.8e-05	3.21301e-16
4.8e-05	5.2e-05	1.07746e-16
4.8e-05	5.6e-05	6.07216e-16
4.8e-05	6e-05	1.9232e-16
4.8e-05	6.4e-05	5.63679e-16
4.8e-05	6.8e-05	3.75565e-16
4.8e-05	7.2e-05	6.30468e-16
4.8e-05	7.6e-05	5.17442e-16
5.2e-05	-8e-05	4.52369e-16
5.2e-05	-7.6e-05	2.4621e-16
5.2e-05	-7.2e-05	4.99918e-16
5.2e-05	-6.8e-05	4.45163e-16
5.2e-05	-6.4e-05	4.63775e-16
5.2e-05	-6e-05	3.32074e-16
5.2e-05	-5.6e-05	5.15927e-16
5.2e-05	-5.2e-05	1.17475e-16
5.2e-05	-4.8e-05	3.48777e-16
5.2e-05	-4.4e-05	-1.26869e-16
5.2e-05	-4e-05	4.16966e-16
5.2e-05	-3.6e-05	-1.46362e-16
5.2e-05	-3.2e-05	3.40662e-16
5.2e-05	-2.8e-05	-3.62746e-16
5.2e-05	-2.4e-05	3.1286e-16
5.2e-05	-2e-05	-1.49553e-16
5.2e-05	-1.6e-05	3.7913e-16
5.2e-05	-1.2e-05	4.07432e-16
5.2e-05	-8e-06	8.50125e-16
5.2e-05	-4e-06	9.51129e-16
5.2e-05	0	8.68187e-16
5.2e-05	4e-06	6.96553e-16
5.2e-05	8e-06	4.26173e-16
5.2e-05	1.2e-05	1.64637e-16
5.2e-05	1.6e-05	1.37787e-17
5.2e-05	2e-05	5.39076e-17
5.2e-05	2.4e-05	-9.47101e-17
5.2e-05	2.8e-05	1.73746e-16
5.2e-05	3.2e-05	-1.17917e-16
5.2e-05	3.6e-05	1.79126e-16
5.2e-05	4e-05	-1.28411e-16
5.2e-05	4.4e-05	2.67033e-16
5.2e-05	4.8e-05	-1.89712e-16
5.2e-05	5.2e-05	3.63406e-16
5.2e-05	5.6e-05	1.73106e-17
5.2e-05	6e-05	3.87427e-16
5.2e-05	6.4e-05	-9.17343e-17
5.2e-05	6.8e-05	4.9423e-16
5.2e-05	7.2e-05	1.20812e-16
5.2e-05	7.6e-05	5.48098e-16
5.6e-05	-8e-05	7.91777e-17
5.6e-05	-7.6e-05	3.53953e-16
5.6e-05	-7.2e-05	5.40846e-19
5.6e-05	-6.8e-05	5.32401e-16
5.6e-05	-6.4e-05	-1.99675e-18
5.6e-05	-6e-05	3.44426e-16
5.6e-05	-5.6e-05	-1.78985e-16
5.6e-05	-5.2e-05	2.6367e-16
5.6e-05	-4.8e-05	-3.14806e-16
5.6e-05	-4.4e-05	1.65924e-16
5.6e-05	-4e-05	-1.12744e-16
5.6e-05	-3.6e-05	2.39071e-16
5.6e-05	-3.2e-05	-1.56976e-16
5.6e-05	-2.8e-05	1.4976e-16
5.6e-05	-2.4e-05	-1.57237e-16
5.6e-05	-2e-05	8.65562e-17
5.6e-05	-1.6e-05	3.81805e-17
5.6e-05	-1.2e-05	7.90352e-17
5.6e-05	-8e-06	7.03632e-17
5.6e-05	-4e-06	2.2339e-17
5.6e-05	0	4.34572e-17
5.6e-05	4e-06	3.60975e-17
5.6e-05	8e-06	7.16204e-18
5.6e-05	1.2e-05	9.10912e-18
5.6e-05	1.6e-05	-1.26421e-17
5.6e-05	2e-05	4.61911e-18
5.6e-05	2.4e-05	2.71176e-17
5.6e-05	2.8e-05	-1.49943e-18
5.6e-05	3.2e-05	9.40186e-17
5.6e-05	3.6e-05	-9.45505e-17
5.6e-05	4e-05	7.93721e-17
5.6e-05	4.4e-05	-1.41628e-16
5.6e-05	4.8e-05	1.66075e-16
5.6e-05	5.2e-05	1.35852e-17
5.6e-05	5.6e-05	1.09377e-16
5.6e-05	6e-05	-3.33966e-16
5.6e-05	6.4e-05	1.30436e-16
5.6e-05	6.8e-05	-3.07143e-16
5.6e-05	7.2e-05	3.43276e-16
5.6e-05	7.6e-05	-2.2792e-16
6e-05	-8e-05	2.7438e-16
6e-05	-7.6e-05	-2.47619e-16
6e-05	-7.2e-05	3.10358e-16
6e-05	-6.8e-05	-3.61297e-17
6e-05	-6.4e-05	3.15395e-16
6e-05	-6e-05	-3.93594e-16
6e-05	-5.6e-05	2.35757e-16
6e-05	-5.2e-05	-1.95244e-16
6e-05	-4.8e-05	2.03792e-16
6e-05	-4.4e-05	-9.39695e-17
6e-05	-4e-05	2.42657e-16
6e-05	-3.6e-05	-3.16807e-17
6e-05	-3.2e-05	4.75378e-17
6e-05	-2.8e-05	-4.91005e-17
6e-05	-2.4e-05	3.19891e-17
6e-05	-2e-05	-4.55158e-17
6e-05	-1.6e-05	-2.22285e-17
6e-05	-1.2e-05	1.64955e-18
6e-05	-8e-06	-1.08258e-17
6e-05	-4e-06	1.11985e-17
6e-05	0	3.99128e-18
6e-05	4e-06	6.15047e-19
6e-05	8e-06	4.45014e-18
6e-05	1.2e-05	-3.87031e-18
6e-05	1.6e-05	-4.51389e-19
6e-05	2e-05	-9.47268e-18
6e-05	2.4e-05	1.84371e-17
6e-05	2.8e-05	-1.85094e-17
6e-05	3.2e-05	-1.48474e-17
6e-05	3.6e-05	8.78452e-18
6e-05	4e-05	-6.4893e-17
6e-05	4.4e-05	4.72485e-17
6e-05	4.8e-05	-8.4974e-17
6e-05	5.2e-05	1.00472e-16
6e-05	5.6e-05	-1.45598e-16
6e-05	6e-05	2.92988e-17
6e-05	6.4e-05	-8.55857e-17
6e-05	6.8e-05	1.09199e-16
6e-05	7.2e-05	-1.72473e-16
6e-05	7.6e-05	2.91117e-16
6.4e-05	-8e-05	-1.62837e-16
6.4e-05	-7.6e-05	1.70478e-16
6.4e-05	-7.2e-05	-1.03474e-16
6.4e-05	-6.8e-05	2.09219e-16
6.4e-05	-6.4e-05	-1.25987e-16
6.4e-05	-6e-05	2.24823e-16
6.4e-05	-5.6e-05	-1.27188e-16
6.4e-05	-5.2e-05	1.33208e-16
6.4e-05	-4.8e-05	-1.27209e-16
6.4e-05	-4.4e-05	3.39999e-17
6.4e-05	-4e-05	-1.70365e-17
6.4e-05	-3.6e-05	2.32698e-18
6.4e-05	-3.2e-05	-1.03413e-17
6.4e-05	-2.8e-05	2.61716e-17
6.4e-05	-2.4e-05	2.34938e-17
6.4e-05	-2e-05	-1.47113e-19
6.4e-05	-1.6e-05	2.28706e-17
6.4e-05	-1.2e-05	-1.64059e-18
6.4e-05	-8e-06	3.79014e-18
6.4e-05	-4e-06	-1.50213e-18
6.4e-05	0	1.89265e-18
6.4e-05	4e-06	-2.55099e-19
6.4e-05	8e-06	5.37771e-19
6.4e-05	1.2e-05	2.75726e-18
6.4e-05	1.6e-05	-5.15266e-18
6.4e-05	2e-05	4.04955e-18
6.4e-05	2.4e-05	-6.33453e-19
6.4e-05	2.8e-05	1.21679e-17
6.4e-05	3.2e-05	-1.19471e-17
6.4e-05	3.6e-05	-1.21386e-17
6.4e-05	4e-05	2.84609e-18
6.4e-05	4.4e-05	-1.9146e-17
6.4e-05	4.8e-05	4.70852e-18
6.4e-05	5.2e-05	-3.69134e-17
6.4e-05	5.6e-05	5.40596e-17
6.4e-05	6e-05	-4.66898e-17
6.4e-05	6.4e-05	1.13387e-16
6.4e-05	6.8e-05	-8.96923e-18
6.4e-05	7.2e-05	7.28449e-17
6.4e-05	7.6e-05	-5.1067e-17
6.8e-05	-8e-05	1.26198e-16
6.8e-05	-7.6e-05	-7.1802e-17
6.8e-05	-7.2e-05	1.05607e-16
6.8e-05	-6.8e-05	-6.04999e-17
6.8e-05	-6.4e-05	5.94537e-17
6.8e-05	-6e-05	-8.42076e-17
6.8e-05	-5.6e-05	1.93295e-18
6.8e-05	-5.2e-05	-5.45401e-17
6.8e-05	-4.8e-05	1.71414e-17
6.8e-05	-4.4e-05	-1.10005e-17
6.8e-05	-4e-05	2.29888e-17
6.8e-05	-3.6e-05	1.65217e-19
6.8e-05	-3.2e-05	-2.11375e-17
6.8e-05	-2.8e-05	-3.9473e-18
6.8e-05	-2.4e-05	-1.56176e-17
6.8e-05	-2e-05	6.7856e-18
6.8e-05	-1.6e-05	-3.98167e-18
6.8e-05	-1.2e-05	1.73094e-18
6.8e-05	-8e-06	-1.77763e-18
6.8e-05	-4e-06	1.70469e-18
6.8e-05	0	-7.87736e-19
6.8e-05	4e-06	2.78827e-19
6.8e-05	8e-06	7.38947e-19
6.8e-05	1.2e-05	-8.04037e-19
6.8e-05	1.6e-05	1.10004e-18
6.8e-05	2e-05	-3.08294e-18
6.8e-05	2.4e-05	2.85269e-18
6.8e-05	2.8e-05	-3.1912e-18
6.8e-05	3.2e-05	2.13139e-18
6.8e-05	3.6e-05	-1.26498e-17
6.8e-05	4e-05	1.43997e-17
6.8e-05	4.4e-05	3.09917e-20
6.8e-05	4.8e-05	8.52428e-19
6.8e-05	5.2e-05	3.57011e-18
6.8e-05	5.6e-05	-1.3724e-18
6.8e-05	6e-05	8.02497e-18
6.8e-05	6.4e-05	-1.2276e-17
6.8e-05	6.8e-05	7.63823e-18
6.8e-05	7.2e-05	-5.05304e-18
6.8e-05	7.6e-05	2.96527e-17
7.2e-05	-8e-05	-2.50867e-17
7.2e-05	-7.6e-05	3.10333e-17
7.2e-05	-7.2e-05	-3.59583e-17
7.2e-05	-6.8e-05	1.64498e-17
7.2e-05	-6.4e-05	-9.18854e-18
7.2e-05	-6e-05	3.20249e-18
7.2e-05	-5.6e-05	-6.99804e-18
7.2e-05	-5.2e-05	-1.47711e-17
7.2e-05	-4.8e-05	-1.06161e-17
7.2e-05	-4.4e-05	-2.27859e-18
7.2e-05	-4e-05	1.27539e-17
7.2e-05	-3.6e-05	4.86363e-19
7.2e-05	-3.2e-05	1.94051e-18
7.2e-05	-2.8e-05	-6.68584e-18
7.2e-05	-2.4e-05	-5.06101e-19
7.2e-05	-2e-05	-1.78787e-18
7.2e-05	-1.6e-05	3.77971e-18
7.2e-05	-1.2e-05	-1.04124e-18
7.2e-05	-8e-06	1.54705e-18
7.2e-05	-4e-06	-8.53941e-19
7.2e-05	0	7.84629e-19
7.2e-05	4e-06	-1.2999e-19
7.2e-05	8e-06	-4.46831e-19
7.2e-05	1.2e-05	1.39568e-18
7.2e-05	1.6e-05	-1.38731e-18
7.2e-05	2e-05	2.10851e-18
7.2e-05	2.4e-05	-2.4587e-18
7.2e-05	2.8e-05	2.43698e-18
7.2e-05	3.2e-05	-2.85048e-18
7.2e-05	3.6e-05	3.59399e-18
7.2e-05	4e-05	-3.98862e-18
7.2e-05	4.4e-05	6.0586e-18
7.2e-05	4.8e-05	-3.77219e-18
7.2e-05	5.2e-05	-1.25182e-18
7.2e-05	5.6e-05	-3.02967e-18
7.2e-05	6e-05	2.47904e-18
7.2e-05	6.4e-05	-3.13392e-18
7.2e-05	6.8e-05	-1.14045e-18
7.2e-05	7.2e-05	2.24804e-18
7.2e-05	7.6e-05	-5.28394e-18
7.6e-05	-8e-05	1.96059e-18
7.6e-05	-7.6e-05	-3.18547e-18
7.6e-05	-7.2e-05	9.64654e-19
7.6e-05	-6.8e-05	1.29691e-19
7.6e-05	-6.4e-05	4.0684e-18
7.6e-05	-6e-05	-1.45283e-18
7.6e-05	-5.6e-05	2.91686e-18
7.6e-05	-5.2e-05	-1.55837e-18
7.6e-05	-4.8e-05	-1.97943e-18
7.6e-05	-4.4e-05	2.62616e-18
7.6e-05	-4e-05	-2.55723e-18
7.6e-05	-3.6e-05	3.45295e-18
7.6e-05	-3.2e-05	-3.3197e-18
7.6e-05	-2.8e-05	1.66835e-18
7.6e-05	-2.4e-05	-2.18136e-18
7.6e-05	-2e-05	1.7606e-18
7.6e-05	-1.6e-05	-1.35122e-18
7.6e-05	-1.2e-05	1.34669e-18
7.6e-05	-8e-06	-1.04752e-18
7.6e-05	-4e-06	7.014e-19
7.6e-05	0	-3.11221e-19
7.6e-05	4e-06	3.2873e-20
7.6e-05	8e-06	2.08597e-19
7.6e-05	1.2e-05	-4.69914e-19
7.6e-05	1.6e-05	5.56929e-19
7.6e-05	2e-05	-7.25543e-19
7.6e-05	2.4e-05	1.05691e-18
7.6e-05	2.8e-05	-1.53157e-18
7.6e-05	3.2e-05	1.50061e-18
7.6e-05	3.6e-05	-1.66982e-18
7.6e-05	4e-05	2.05314e-18
7.6e-05	4.4e-05	-2.15299e-18
7.6e-05	4.8e-05	2.87048e-18
7.6e-05	5.2e-05	-3.35166e-18
7.6e-05	5.6e-05	2.74687e-18
7.6e-05	6e-05	-2.55261e-18
7.6e-05	6.4e-05	1.27713e-18
7.6e-05	6.8e-05	-3.04699e-18
7.6e-05	7.2e-05	1.45785e-18
7.6e-05	7.6e-05	-1.40273e-18
