-8e-05	-8e-05	-4.44093e-16
-8e-05	-7.6e-05	-1.73546e-15
-8e-05	-7.2e-05	8.49463e-16
-8e-05	-6.8e-05	-3.37173e-16
-8e-05	-6.4e-05	-1.4844e-15
-8e-05	-6e-05	4.13427e-16
-8e-05	-5.6e-05	9.06657e-16
-8e-05	-5.2e-05	-7.00551e-17
-8e-05	-4.8e-05	1.70425e-16
-8e-05	-4.4e-05	9.19903e-17
-8e-05	-4e-05	3.18375e-16
-8e-05	-3.6e-05	-3.06113e-17
-8e-05	-3.2e-05	-1.18751e-16
-8e-05	-2.8e-05	3.70517e-17
-8e-05	-2.4e-05	-3.20777e-16
-8e-05	-2e-05	-1.8224e-17
-8e-05	-1.6e-05	-7.38707e-17
-8e-05	-1.2e-05	4.70136e-18
-8e-05	-8e-06	-5.45988e-17
-8e-05	-4e-06	4.13773e-18
-8e-05	0	1.30482e-16
-8e-05	4e-06	-3.11818e-17
-8e-05	8e-06	-1.17836e-16
-8e-05	1.2e-05	1.50346e-17
-8e-05	1.6e-05	1.08044e-16
-8e-05	2e-05	5.0012e-17
-8e-05	2.4e-05	7.29145e-17
-8e-05	2.8e-05	-2.49561e-17
-8e-05	3.2e-05	8.21768e-17
-8e-05	3.6e-05	-1.89805e-17
-8e-05	4e-05	2.7495e-17
-8e-05	4.4e-05	-2.26929e-17
-8e-05	4.8e-05	-5.95077e-17
-8e-05	5.2e-05	-4.51603e-17
-8e-05	5.6e-05	-2.50221e-16
-8e-05	6e-05	-1.82073e-16
-8e-05	6.4e-05	3.28557e-16
-8e-05	6.8e-05	1.18636e-15
-8e-05	7.2e-05	8.46944e-16
-8e-05	7.6e-05	5.30855e-16
-7.6e-05	-8e-05	-4.70182e-16
-7.6e-05	-7.6e-05	-2.37479e-15
-7.6e-05	-7.2e-05	-8.31987e-16
-7.6e-05	-6.8e-05	2.34831e-15
-7.6e-05	-6.4e-05	-5.35166e-16
-7.6e-05	-6e-05	-1.25227e-15
-7.6e-05	-5.6e-05	-1.33123e-15
-7.6e-05	-5.2e-05	-4.10084e-15
-7.6e-05	-4.8e-05	-8.97686e-17
-7.6e-05	-4.4e-05	9.26608e-17
-7.6e-05	-4e-05	1.44588e-16
-7.6e-05	-3.6e-05	5.15013e-15
-7.6e-05	-3.2e-05	-9.57526e-17
-7.6e-05	-2.8e-05	2.11215e-15
-7.6e-05	-2.4e-05	-5.29571e-17
-7.6e-05	-2e-05	-1.37767e-16
-7.6e-05	-1.6e-05	1.98247e-16
-7.6e-05	-1.2e-05	3.09034e-17
-7.6e-05	-8e-06	8.65381e-17
-7.6e-05	-4e-06	-4.90048e-17
-7.6e-05	0	-7.80551e-17
-7.6e-05	4e-06	3.6512e-17
-7.6e-05	8e-06	-3.83771e-17
-7.6e-05	1.2e-05	-2.69698e-17
-7.6e-05	1.6e-05	9.98128e-17
-7.6e-05	2e-05	3.64273e-17
-7.6e-05	2.4e-05	-4.77478e-18
-7.6e-05	2.8e-05	-3.27986e-17
-7.6e-05	3.2e-05	1.2622e-17
-7.6e-05	3.6e-05	1.20325e-17
-7.6e-05	4e-05	-1.02738e-17
-7.6e-05	4.4e-05	3.39205e-18
-7.6e-05	4.8e-05	-7.97552e-17
-7.6e-05	5.2e-05	-2.36582e-17
-7.6e-05	5.6e-05	1.59568e-16
-7.6e-05	6e-05	-1.11795e-16
-7.6e-05	6.4e-05	3.72707e-16
-7.6e-05	6.8e-05	3.77186e-16
-7.6e-05	7.2e-05	-3.41424e-16
-7.6e-05	7.6e-05	-2.42319e-16
-7.2e-05	-8e-05	-6.64662e-16
-7.2e-05	-7.6e-05	-5.24294e-16
-7.2e-05	-7.2e-05	-1.01039e-15
-7.2e-05	-6.8e-05	9.9786e-16
-7.2e-05	-6.4e-05	6.90877e-16
-7.2e-05	-6e-05	-1.23568e-16
-7.2e-05	-5.6e-05	6.59084e-16
-7.2e-05	-5.2e-05	-1.92115e-16
-7.2e-05	-4.8e-05	-2.16664e-16
-7.2e-05	-4.4e-05	5.33378e-18
-7.2e-05	-4e-05	-1.40418e-17
-7.2e-05	-3.6e-05	8.46332e-18
-7.2e-05	-3.2e-05	3.56621e-17
-7.2e-05	-2.8e-05	2.66937e-17
-7.2e-05	-2.4e-05	-8.50701e-17
-7.2e-05	-2e-05	-4.73063e-17
-7.2e-05	-1.6e-05	1.07144e-16
-7.2e-05	-1.2e-05	3.59354e-17
-7.2e-05	-8e-06	3.60148e-17
-7.2e-05	-4e-06	-3.22551e-17
-7.2e-05	0	8.82556e-18
-7.2e-05	4e-06	-6.467e-17
-7.2e-05	8e-06	-3.97894e-17
-7.2e-05	1.2e-05	6.2688e-17
-7.2e-05	1.6e-05	2.0132e-17
-7.2e-05	2e-05	8.84356e-17
-7.2e-05	2.4e-05	-3.43329e-17
-7.2e-05	2.8e-05	-4.76804e-17
-7.2e-05	3.2e-05	1.11574e-17
-7.2e-05	3.6e-05	8.75311e-19
-7.2e-05	4e-05	2.21704e-18
-7.2e-05	4.4e-05	-1.15742e-17
-7.2e-05	4.8e-05	-4.91945e-18
-7.2e-05	5.2e-05	-7.99742e-17
-7.2e-05	5.6e-05	-1.64095e-16
-7.2e-05	6e-05	3.3696e-16
-7.2e-05	6.4e-05	-1.00085e-16
-7.2e-05	6.8e-05	6.20645e-16
-7.2e-05	7.2e-05	5.70531e-16
-7.2e-05	7.6e-05	-5.29347e-17
-6.8e-05	-8e-05	5.1296e-16
-6.8e-05	-7.6e-05	-2.24882e-16
-6.8e-05	-7.2e-05	1.0186e-15
-6.8e-05	-6.8e-05	9.29455e-16
-6.8e-05	-6.4e-05	4.94118e-17
-6.8e-05	-6e-05	8.0905e-16
-6.8e-05	-5.6e-05	-5.14778e-16
-6.8e-05	-5.2e-05	1.8154e-17
-6.8e-05	-4.8e-05	2.64323e-17
-6.8e-05	-4.4e-05	-8.86419e-17
-6.8e-05	-4e-05	-5.68201e-17
-6.8e-05	-3.6e-05	-7.26206e-17
-6.8e-05	-3.2e-05	2.04037e-16
-6.8e-05	-2.8e-05	-2.63366e-17
-6.8e-05	-2.4e-05	-2.32568e-16
-6.8e-05	-2e-05	2.43956e-17
-6.8e-05	-1.6e-05	1.05819e-16
-6.8e-05	-1.2e-05	1.20609e-16
-6.8e-05	-8e-06	-6.69374e-17
-6.8e-05	-4e-06	-3.34561e-18
-6.8e-05	0	-4.06316e-17
-6.8e-05	4e-06	3.15975e-18
-6.8e-05	8e-06	-5.3397e-17
-6.8e-05	1.2e-05	-7.24224e-17
-6.8e-05	1.6e-05	1.61774e-16
-6.8e-05	2e-05	9.49602e-17
-6.8e-05	2.4e-05	-1.1967e-17
-6.8e-05	2.8e-05	-6.68574e-17
-6.8e-05	3.2e-05	1.71171e-17
-6.8e-05	3.6e-05	1.70393e-17
-6.8e-05	4e-05	-2.57239e-17
-6.8e-05	4.4e-05	-7.94621e-19
-6.8e-05	4.8e-05	-1.32514e-16
-6.8e-05	5.2e-05	4.01579e-17
-6.8e-05	5.6e-05	3.95351e-17
-6.8e-05	6e-05	-2.94407e-16
-6.8e-05	6.4e-05	4.99668e-16
-6.8e-05	6.8e-05	-1.46874e-16
-6.8e-05	7.2e-05	7.90787e-16
-6.8e-05	7.6e-05	4.16845e-16
-6.4e-05	-8e-05	6.65248e-16
-6.4e-05	-7.6e-05	5.64822e-16
-6.4e-05	-7.2e-05	9.95525e-16
-6.4e-05	-6.8e-05	-7.79646e-17
-6.4e-05	-6.4e-05	9.21021e-16
-6.4e-05	-6e-05	-6.97813e-16
-6.4e-05	-5.6e-05	4.34042e-16
-6.4e-05	-5.2e-05	1.3414e-16
-6.4e-05	-4.8e-05	-4.22099e-16
-6.4e-05	-4.4e-05	-3.65854e-17
-6.4e-05	-4e-05	-4.39552e-17
-6.4e-05	-3.6e-05	6.38607e-17
-6.4e-05	-3.2e-05	9.16683e-17
-6.4e-05	-2.8e-05	-1.42348e-16
-6.4e-05	-2.4e-05	-1.06552e-16
-6.4e-05	-2e-05	4.84824e-17
-6.4e-05	-1.6e-05	1.64932e-16
-6.4e-05	-1.2e-05	-7.70642e-18
-6.4e-05	-8e-06	5.70605e-17
-6.4e-05	-4e-06	-5.45088e-17
-6.4e-05	0	2.83255e-17
-6.4e-05	4e-06	-9.80071e-17
-6.4e-05	8e-06	-1.02315e-16
-6.4e-05	1.2e-05	1.52838e-16
-6.4e-05	1.6e-05	7.06599e-17
-6.4e-05	2e-05	6.75809e-17
-6.4e-05	2.4e-05	-4.44519e-17
-6.4e-05	2.8e-05	-3.24362e-17
-6.4e-05	3.2e-05	-2.85627e-17
-6.4e-05	3.6e-05	-2.51467e-18
-6.4e-05	4e-05	2.7119e-17
-6.4e-05	4.4e-05	2.79427e-17
-6.4e-05	4.8e-05	-3.45497e-17
-6.4e-05	5.2e-05	-2.68337e-16
-6.4e-05	5.6e-05	8.06932e-18
-6.4e-05	6e-05	1.2547e-16
-6.4e-05	6.4e-05	-3.95491e-16
-6.4e-05	6.8e-05	6.58493e-16
-6.4e-05	7.2e-05	-4.11756e-16
-6.4e-05	7.6e-05	9.54958e-16
-6e-05	-8e-05	-2.64972e-16
-6e-05	-7.6e-05	1.10044e-15
-6e-05	-7.2e-05	-4.93489e-16
-6e-05	-6.8e-05	1.06655e-15
-6e-05	-6.4e-05	-7.32995e-16
-6e-05	-6e-05	5.28674e-16
-6e-05	-5.6e-05	4.33754e-17
-6e-05	-5.2e-05	-6.76567e-16
-6e-05	-4.8e-05	-9.72647e-17
-6e-05	-4.4e-05	1.06062e-16
-6e-05	-4e-05	-1.28196e-17
-6e-05	-3.6e-05	-7.18126e-17
-6e-05	-3.2e-05	2.13344e-16
-6e-05	-2.8e-05	-8.27259e-17
-6e-05	-2.4e-05	-2.76617e-16
-6e-05	-2e-05	9.63122e-17
-6e-05	-1.6e-05	1.55531e-16
-6e-05	-1.2e-05	1.14225e-16
-6e-05	-8e-06	-1.1658e-16
-6e-05	-4e-06	4.96011e-17
-6e-05	0	-5.69233e-17
-6e-05	4e-06	-6.29406e-19
-6e-05	8e-06	6.36314e-18
-6e-05	1.2e-05	-9.14675e-17
-6e-05	1.6e-05	1.4481e-16
-6e-05	2e-05	1.29569e-16
-6e-05	2.4e-05	9.40009e-19
-6e-05	2.8e-05	-2.09267e-16
-6e-05	3.2e-05	4.85184e-17
-6e-05	3.6e-05	2.61404e-17
-6e-05	4e-05	-4.2819e-17
-6e-05	4.4e-05	3.44331e-17
-6e-05	4.8e-05	2.60409e-17
-6e-05	5.2e-05	2.50861e-17
-6e-05	5.6e-05	-3.59039e-16
-6e-05	6e-05	5.2904e-17
-6e-05	6.4e-05	1.06986e-17
-6e-05	6.8e-05	-2.93911e-16
-6e-05	7.2e-05	5.93647e-16
-6e-05	7.6e-05	-4.84298e-16
-5.6e-05	-8e-05	8.62296e-16
-5.6e-05	-7.6e-05	-5.42593e-16
-5.6e-05	-7.2e-05	8.21554e-16
-5.6e-05	-6.8e-05	-4.53174e-16
-5.6e-05	-6.4e-05	2.06393e-16
-5.6e-05	-6e-05	9.81035e-17
-5.6e-05	-5.6e-05	-7.44253e-16
-5.6e-05	-5.2e-05	3.97699e-17
-5.6e-05	-4.8e-05	8.39175e-17
-5.6e-05	-4.4e-05	6.4709e-20
-5.6e-05	-4e-05	-1.78603e-16
-5.6e-05	-3.6e-05	2.20847e-16
-5.6e-05	-3.2e-05	7.48102e-17
-5.6e-05	-2.8e-05	-4.63242e-16
-5.6e-05	-2.4e-05	-1.92018e-17
-5.6e-05	-2e-05	2.20642e-16
-5.6e-05	-1.6e-05	1.87204e-16
-5.6e-05	-1.2e-05	-7.83913e-17
-5.6e-05	-8e-06	7.75034e-17
-5.6e-05	-4e-06	-6.49285e-17
-5.6e-05	0	4.2628e-17
-5.6e-05	4e-06	-8.0925e-17
-5.6e-05	8e-06	-1.07642e-16
-5.6e-05	1.2e-05	2.00544e-16
-5.6e-05	1.6e-05	2.19638e-17
-5.6e-05	2e-05	7.76396e-17
-5.6e-05	2.4e-05	3.29212e-17
-5.6e-05	2.8e-05	-1.88173e-17
-5.6e-05	3.2e-05	-1.46496e-16
-5.6e-05	3.6e-05	5.18551e-17
-5.6e-05	4e-05	4.77019e-17
-5.6e-05	4.4e-05	-3.73686e-17
-5.6e-05	4.8e-05	-4.05255e-17
-5.6e-05	5.2e-05	6.24902e-18
-5.6e-05	5.6e-05	-1.94255e-17
-5.6e-05	6e-05	-3.89182e-16
-5.6e-05	6.4e-05	6.55409e-17
-5.6e-05	6.8e-05	-3.22067e-16
-5.6e-05	7.2e-05	-6.23135e-17
-5.6e-05	7.6e-05	-4.74466e-17
-5.2e-05	-8e-05	-1.49576e-16
-5.2e-05	-7.6e-05	-3.62325e-17
-5.2e-05	-7.2e-05	-8.43518e-17
-5.2e-05	-6.8e-05	-3.59953e-16
-5.2e-05	-6.4e-05	1.1112e-16
-5.2e-05	-6e-05	-6.74141e-16
-5.2e-05	-5.6e-05	-1.29637e-17
-5.2e-05	-5.2e-05	4.39164e-17
-5.2e-05	-4.8e-05	-1.65165e-16
-5.2e-05	-4.4e-05	-6.52866e-17
-5.2e-05	-4e-05	1.61812e-16
-5.2e-05	-3.6e-05	1.07873e-16
-5.2e-05	-3.2e-05	-1.5073e-16
-5.2e-05	-2.8e-05	-1.50565e-16
-5.2e-05	-2.4e-05	1.06785e-17
-5.2e-05	-2e-05	2.87162e-16
-5.2e-05	-1.6e-05	1.39156e-17
-5.2e-05	-1.2e-05	3.95967e-17
-5.2e-05	-8e-06	-7.36206e-17
-5.2e-05	-4e-06	1.2718e-16
-5.2e-05	0	-1.54465e-16
-5.2e-05	4e-06	-9.99613e-17
-5.2e-05	8e-06	1.16328e-16
-5.2e-05	1.2e-05	-3.5709e-17
-5.2e-05	1.6e-05	1.23428e-16
-5.2e-05	2e-05	6.56916e-17
-5.2e-05	2.4e-05	1.09478e-16
-5.2e-05	2.8e-05	-9.8196e-17
-5.2e-05	3.2e-05	3.41238e-17
-5.2e-05	3.6e-05	-5.7325e-17
-5.2e-05	4e-05	-9.25834e-18
-5.2e-05	4.4e-05	1.08892e-16
-5.2e-05	4.8e-05	-1.83135e-17
-5.2e-05	5.2e-05	-7.48849e-18
-5.2e-05	5.6e-05	7.95602e-17
-5.2e-05	6e-05	-6.20248e-17
-5.2e-05	6.4e-05	-2.18019e-16
-5.2e-05	6.8e-05	-2.70445e-17
-5.2e-05	7.2e-05	-3.51404e-16
-5.2e-05	7.6e-05	-5.91015e-17
-4.8e-05	-8e-05	-3.72648e-16
-4.8e-05	-7.6e-05	-5.6583e-17
-4.8e-05	-7.2e-05	-4.14606e-16
-4.8e-05	-6.8e-05	-2.72924e-17
-4.8e-05	-6.4e-05	-3.24555e-16
-4.8e-05	-6e-05	-1.08404e-16
-4.8e-05	-5.6e-05	1.36545e-16
-4.8e-05	-5.2e-05	-7.98065e-17
-4.8e-05	-4.8e-05	-7.6905e-18
-4.8e-05	-4.4e-05	2.98746e-16
-4.8e-05	-4e-05	-8.31607e-17
-4.8e-05	-3.6e-05	5.95828e-17
-4.8e-05	-3.2e-05	-1.18398e-16
-4.8e-05	-2.8e-05	-4.1428e-16
-4.8e-05	-2.4e-05	2.80996e-16
-4.8e-05	-2e-05	2.92548e-16
-4.8e-05	-1.6e-05	4.18809e-17
-4.8e-05	-1.2e-05	-1.12732e-16
-4.8e-05	-8e-06	1.32436e-16
-4.8e-05	-4e-06	-9.81991e-17
-4.8e-05	0	5.06492e-17
-4.8e-05	4e-06	-2.58547e-17
-4.8e-05	8e-06	-7.36465e-17
-4.8e-05	1.2e-05	2.13605e-16
-4.8e-05	1.6e-05	-6.77534e-18
-4.8e-05	2e-05	-4.92871e-17
-4.8e-05	2.4e-05	8.77984e-17
-4.8e-05	2.8e-05	1.25886e-16
-4.8e-05	3.2e-05	-1.29807e-16
-4.8e-05	3.6e-05	8.01907e-17
-4.8e-05	4e-05	-1.12771e-16
-4.8e-05	4.4e-05	-5.76181e-17
-4.8e-05	4.8e-05	8.68855e-17
-4.8e-05	5.2e-05	-9.51979e-17
-4.8e-05	5.6e-05	4.63731e-17
-4.8e-05	6e-05	2.47485e-18
-4.8e-05	6.4e-05	-1.29886e-17
-4.8e-05	6.8e-05	-5.03431e-17
-4.8e-05	7.2e-05	-4.94139e-18
-4.8e-05	7.6e-05	-1.12825e-16
-4.4e-05	-8e-05	-1.01566e-17
-4.4e-05	-7.6e-05	-1.20736e-16
-4.4e-05	-7.2e-05	-1.77535e-17
-4.4e-05	-6.8e-05	-6.58804e-17
-4.4e-05	-6.4e-05	-4.254e-17
-4.4e-05	-6e-05	4.06339e-17
-4.4e-05	-5.6e-05	4.35795e-17
-4.4e-05	-5.2e-05	-1.40879e-16
-4.4e-05	-4.8e-05	2.40892e-16
-4.4e-05	-4.4e-05	-1.68297e-16
-4.4e-05	-4e-05	-1.03929e-16
-4.4e-05	-3.6e-05	1.15624e-16
-4.4e-05	-3.2e-05	-5.55086e-16
-4.4e-05	-2.8e-05	1.13992e-16
-4.4e-05	-2.4e-05	5.18541e-16
-4.4e-05	-2e-05	2.12972e-16
-4.4e-05	-1.6e-05	-2.29022e-16
-4.4e-05	-1.2e-05	-1.067e-16
-4.4e-05	-8e-06	-7.36085e-18
-4.4e-05	-4e-06	1.94318e-16
-4.4e-05	0	-1.8335e-16
-4.4e-05	4e-06	-1.11794e-16
-4.4e-05	8e-06	3.02925e-16
-4.4e-05	1.2e-05	1.54677e-16
-4.4e-05	1.6e-05	-2.19771e-17
-4.4e-05	2e-05	-1.73621e-16
-4.4e-05	2.4e-05	9.00873e-17
-4.4e-05	2.8e-05	1.48118e-16
-4.4e-05	3.2e-05	1.07016e-16
-4.4e-05	3.6e-05	-1.16614e-16
-4.4e-05	4e-05	1.03991e-16
-4.4e-05	4.4e-05	-9.91975e-17
-4.4e-05	4.8e-05	2.90012e-17
-4.4e-05	5.2e-05	5.54017e-17
-4.4e-05	5.6e-05	-9.21458e-17
-4.4e-05	6e-05	2.95735e-17
-4.4e-05	6.4e-05	-1.16169e-16
-4.4e-05	6.8e-05	-5.70321e-17
-4.4e-05	7.2e-05	-1.4643e-16
-4.4e-05	7.6e-05	-8.51825e-17
-4e-05	-8e-05	-1.69903e-16
-4e-05	-7.6e-05	-1.12422e-16
-4e-05	-7.2e-05	-1.65372e-16
-4e-05	-6.8e-05	-7.20793e-17
-4e-05	-6.4e-05	-1.61798e-16
-4e-05	-6e-05	4.82234e-17
-4e-05	-5.6e-05	-1.71646e-16
-4e-05	-5.2e-05	1.75303e-16
-4e-05	-4.8e-05	3.22542e-18
-4e-05	-4.4e-05	-5.21391e-17
-4e-05	-4e-05	1.75103e-16
-4e-05	-3.6e-05	-3.57039e-16
-4e-05	-3.2e-05	-1.42978e-16
-4e-05	-2.8e-05	4.00705e-16
-4e-05	-2.4e-05	4.40332e-16
-4e-05	-2e-05	-2.25922e-16
-4e-05	-1.6e-05	-2.04763e-16
-4e-05	-1.2e-05	-6.96631e-17
-4e-05	-8e-06	2.33725e-16
-4e-05	-4e-06	-2.71983e-17
-4e-05	0	7.75372e-17
-4e-05	4e-06	1.79439e-16
-4e-05	8e-06	7.45239e-17
-4e-05	1.2e-05	2.39017e-16
-4e-05	1.6e-05	-3.13362e-17
-4e-05	2e-05	-1.63019e-16
-4e-05	2.4e-05	-1.98317e-16
-4e-05	2.8e-05	2.7258e-16
-4e-05	3.2e-05	9.05184e-17
-4e-05	3.6e-05	2.62535e-17
-4e-05	4e-05	-1.75523e-16
-4e-05	4.4e-05	2.51507e-17
-4e-05	4.8e-05	-1.15424e-16
-4e-05	5.2e-05	8.59611e-17
-4e-05	5.6e-05	1.17757e-16
-4e-05	6e-05	3.86811e-17
-4e-05	6.4e-05	1.99631e-16
-4e-05	6.8e-05	-1.1228e-17
-4e-05	7.2e-05	1.85496e-16
-4e-05	7.6e-05	-4.89154e-17
-3.6e-05	-8e-05	1.95216e-16
-3.6e-05	-7.6e-05	-5.23403e-17
-3.6e-05	-7.2e-05	2.3671e-16
-3.6e-05	-6.8e-05	-4.61845e-18
-3.6e-05	-6.4e-05	3.31044e-16
-3.6e-05	-6e-05	6.78234e-17
-3.6e-05	-5.6e-05	2.69547e-16
-3.6e-05	-5.2e-05	1.31872e-16
-3.6e-05	-4.8e-05	-9.02481e-17
-3.6e-05	-4.4e-05	-1.42231e-17
-3.6e-05	-4e-05	-4.58972e-16
-3.6e-05	-3.6e-05	-1.99275e-16
-3.6e-05	-3.2e-05	1.28313e-16
-3.6e-05	-2.8e-05	6.45866e-16
-3.6e-05	-2.4e-05	9.20807e-17
-3.6e-05	-2e-05	-1.8162e-16
-3.6e-05	-1.6e-05	-1.09786e-16
-3.6e-05	-1.2e-05	4.42187e-15
-3.6e-05	-8e-06	8.07858e-15
-3.6e-05	-4e-06	1.03581e-14
-3.6e-05	0	1.03913e-14
-3.6e-05	4e-06	8.44118e-15
-3.6e-05	8e-06	5.12526e-15
-3.6e-05	1.2e-05	3.52403e-16
-3.6e-05	1.6e-05	-6.28444e-17
-3.6e-05	2e-05	-2.11124e-16
-3.6e-05	2.4e-05	-3.17313e-17
-3.6e-05	2.8e-05	2.99891e-17
-3.6e-05	3.2e-05	3.42724e-16
-3.6e-05	3.6e-05	1.62375e-16
-3.6e-05	4e-05	9.09229e-17
-3.6e-05	4.4e-05	-2.38905e-16
-3.6e-05	4.8e-05	-5.86969e-17
-3.6e-05	5.2e-05	-3.2071e-16
-3.6e-05	5.6e-05	-3.05119e-17
-3.6e-05	6e-05	-1.32584e-16
-3.6e-05	6.4e-05	3.16243e-17
-3.6e-05	6.8e-05	9.14404e-17
-3.6e-05	7.2e-05	5.48876e-17
-3.6e-05	7.6e-05	1.9906e-16
-3.2e-05	-8e-05	5.89591e-17
-3.2e-05	-7.6e-05	2.31558e-16
-3.2e-05	-7.2e-05	5.7089e-17
-3.2e-05	-6.8e-05	1.53404e-16
-3.2e-05	-6.4e-05	5.87924e-17
-3.2e-05	-6e-05	-8.35052e-17
-3.2e-05	-5.6e-05	-5.22458e-17
-3.2e-05	-5.2e-05	-4.89043e-16
-3.2e-05	-4.8e-05	-2.09342e-16
-3.2e-05	-4.4e-05	-5.7399e-16
-3.2e-05	-4e-05	-5.2965e-18
-3.2e-05	-3.6e-05	2.61366e-16
-3.2e-05	-3.2e-05	6.63e-16
-3.2e-05	-2.8e-05	4.93062e-16
-3.2e-05	-2.4e-05	-1.69909e-16
-3.2e-05	-2e-05	-8.57154e-17
-3.2e-05	-1.6e-05	2.55649e-14
-3.2e-05	-1.2e-05	6.67735e-13
-3.2e-05	-8e-06	1.22113e-12
-3.2e-05	-4e-06	1.54335e-12
-3.2e-05	0	1.56407e-12
-3.2e-05	4e-06	1.27415e-12
-3.2e-05	8e-06	7.23389e-13
-3.2e-05	1.2e-05	2.76012e-14
-3.2e-05	1.6e-05	6.59277e-16
-3.2e-05	2e-05	-6.21089e-17
-3.2e-05	2.4e-05	-3.94739e-16
-3.2e-05	2.8e-05	-5.21549e-17
-3.2e-05	3.2e-05	3.45453e-17
-3.2e-05	3.6e-05	2.71634e-16
-3.2e-05	4e-05	2.87279e-16
-3.2e-05	4.4e-05	2.37837e-16
-3.2e-05	4.8e-05	-7.70453e-18
-3.2e-05	5.2e-05	3.90493e-17
-3.2e-05	5.6e-05	-3.37025e-16
-3.2e-05	6e-05	-9.25845e-17
-3.2e-05	6.4e-05	-4.13774e-16
-3.2e-05	6.8e-05	-1.39003e-16
-3.2e-05	7.2e-05	-3.81773e-16
-3.2e-05	7.6e-05	-1.17769e-16
-2.8e-05	-8e-05	-3.65746e-16
-2.8e-05	-7.6e-05	-1.50889e-16
-2.8e-05	-7.2e-05	-4.28527e-16
-2.8e-05	-6.8e-05	-1.82778e-16
-2.8e-05	-6.4e-05	-5.42325e-16
-2.8e-05	-6e-05	-2.02991e-16
-2.8e-05	-5.6e-05	-5.46664e-16
-2.8e-05	-5.2e-05	-7.95754e-17
-2.8e-05	-4.8e-05	-1.46963e-16
-2.8e-05	-4.4e-05	2.99968e-16
-2.8e-05	-4e-05	6.08356e-16
-2.8e-05	-3.6e-05	5.87913e-16
-2.8e-05	-3.2e-05	3.01838e-16
-2.8e-05	-2.8e-05	-2.39558e-16
-2.8e-05	-2.4e-05	5.38781e-17
-2.8e-05	-2e-05	6.33288e-14
-2.8e-05	-1.6e-05	3.22815e-12
-2.8e-05	-1.2e-05	1.00551e-10
-2.8e-05	-8e-06	1.83931e-10
-2.8e-05	-4e-06	2.3249e-10
-2.8e-05	0	2.35596e-10
-2.8e-05	4e-06	1.91879e-10
-2.8e-05	8e-06	1.08936e-10
-2.8e-05	1.2e-05	3.49901e-12
-2.8e-05	1.6e-05	6.8298e-14
-2.8e-05	2e-05	1.03342e-15
-2.8e-05	2.4e-05	1.40967e-16
-2.8e-05	2.8e-05	-3.01058e-16
-2.8e-05	3.2e-05	-9.27993e-17
-2.8e-05	3.6e-05	-1.52456e-16
-2.8e-05	4e-05	1.64938e-16
-2.8e-05	4.4e-05	2.42874e-16
-2.8e-05	4.8e-05	2.9827e-16
-2.8e-05	5.2e-05	2.47761e-16
-2.8e-05	5.6e-05	2.31701e-16
-2.8e-05	6e-05	1.94764e-17
-2.8e-05	6.4e-05	8.77392e-17
-2.8e-05	6.8e-05	-1.80736e-16
-2.8e-05	7.2e-05	-1.26857e-17
-2.8e-05	7.6e-05	-2.87695e-16
-2.4e-05	-8e-05	-4.87583e-17
-2.4e-05	-7.6e-05	-3.16443e-16
-2.4e-05	-7.2e-05	-4.25503e-17
-2.4e-05	-6.8e-05	-2.35626e-16
-2.4e-05	-6.4e-05	4.92356e-17
-2.4e-05	-6e-05	-2.44457e-17
-2.4e-05	-5.6e-05	2.44528e-16
-2.4e-05	-5.2e-05	3.5046e-16
-2.4e-05	-4.8e-05	4.71219e-16
-2.4e-05	-4.4e-05	5.16314e-16
-2.4e-05	-4e-05	3.72802e-16
-2.4e-05	-3.6e-05	-1.86028e-16
-2.4e-05	-3.2e-05	-2.54382e-16
-2.4e-05	-2.8e-05	1.76673e-16
-2.4e-05	-2.4e-05	8.41345e-14
-2.4e-05	-2e-05	6.4024e-12
-2.4e-05	-1.6e-05	3.91448e-10
-2.4e-05	-1.2e-05	1.51402e-08
-2.4e-05	-8e-06	2.77043e-08
-2.4e-05	-4e-06	3.50198e-08
-2.4e-05	0	3.54885e-08
-2.4e-05	4e-06	2.89043e-08
-2.4e-05	8e-06	1.64101e-08
-2.4e-05	1.2e-05	4.24366e-10
-2.4e-05	1.6e-05	6.93898e-12
-2.4e-05	2e-05	9.11896e-14
-2.4e-05	2.4e-05	1.20957e-15
-2.4e-05	2.8e-05	1.02009e-16
-2.4e-05	3.2e-05	-2.02023e-16
-2.4e-05	3.6e-05	-1.08769e-16
-2.4e-05	4e-05	-2.69642e-16
-2.4e-05	4.4e-05	5.12855e-17
-2.4e-05	4.8e-05	4.95547e-18
-2.4e-05	5.2e-05	2.47764e-16
-2.4e-05	5.6e-05	1.91997e-16
-2.4e-05	6e-05	3.20238e-16
-2.4e-05	6.4e-05	2.30758e-16
-2.4e-05	6.8e-05	2.93627e-16
-2.4e-05	7.2e-05	1.86229e-16
-2.4e-05	7.6e-05	2.91627e-16
-2e-05	-8e-05	1.78196e-16
-2e-05	-7.6e-05	2.68213e-16
-2e-05	-7.2e-05	2.06197e-16
-2e-05	-6.8e-05	3.2336e-16
-2e-05	-6.4e-05	3.10304e-16
-2e-05	-6e-05	3.9002e-16
-2e-05	-5.6e-05	3.02671e-16
-2e-05	-5.2e-05	3.8213e-16
-2e-05	-4.8e-05	1.11308e-16
-2e-05	-4.4e-05	1.16953e-16
-2e-05	-4e-05	-3.90546e-16
-2e-05	-3.6e-05	-2.12824e-16
-2e-05	-3.2e-05	9.30138e-17
-2e-05	-2.8e-05	6.33025e-14
-2e-05	-2.4e-05	6.40367e-12
-2e-05	-2e-05	5.84311e-10
-2e-05	-1.6e-05	4.45228e-08
-2e-05	-1.2e-05	2.27978e-06
-2e-05	-8e-06	4.17292e-06
-2e-05	-4e-06	5.27502e-06
-2e-05	0	5.34572e-06
-2e-05	4e-06	4.35411e-06
-2e-05	8e-06	2.47213e-06
-2e-05	1.2e-05	4.82701e-08
-2e-05	1.6e-05	6.33305e-10
-2e-05	2e-05	6.93799e-12
-2e-05	2.4e-05	6.85503e-14
-2e-05	2.8e-05	6.95566e-16
-2e-05	3.2e-05	3.98372e-17
-2e-05	3.6e-05	-8.47403e-17
-2e-05	4e-05	-4.76243e-17
-2e-05	4.4e-05	-2.51031e-16
-2e-05	4.8e-05	-1.4219e-17
-2e-05	5.2e-05	-1.47258e-16
-2e-05	5.6e-05	1.24067e-16
-2e-05	6e-05	-5.32433e-18
-2e-05	6.4e-05	2.09901e-16
-2e-05	6.8e-05	9.17924e-17
-2e-05	7.2e-05	2.96625e-16
-2e-05	7.6e-05	1.50636e-16
-1.6e-05	-8e-05	3.25123e-16
-1.6e-05	-7.6e-05	1.75815e-16
-1.6e-05	-7.2e-05	3.10793e-16
-1.6e-05	-6.8e-05	1.4504e-16
-1.6e-05	-6.4e-05	2.69933e-16
-1.6e-05	-6e-05	4.46627e-17
-1.6e-05	-5.6e-05	1.67198e-16
-1.6e-05	-5.2e-05	-1.74331e-16
-1.6e-05	-4.8e-05	3.0417e-18
-1.6e-05	-4.4e-05	-3.63171e-16
-1.6e-05	-4e-05	-1.06572e-16
-1.6e-05	-3.6e-05	4.29036e-17
-1.6e-05	-3.2e-05	2.56587e-14
-1.6e-05	-2.8e-05	3.23034e-12
-1.6e-05	-2.4e-05	3.91655e-10
-1.6e-05	-2e-05	4.4537e-08
-1.6e-05	-1.6e-05	4.50633e-06
-1.6e-05	-1.2e-05	0.000343299
-1.6e-05	-8e-06	0.000628541
-1.6e-05	-4e-06	0.000794573
-1.6e-05	0	0.000805241
-1.6e-05	4e-06	0.000655896
-1.6e-05	8e-06	0.000372434
-1.6e-05	1.2e-05	4.88515e-06
-1.6e-05	1.6e-05	4.82575e-08
-1.6e-05	2e-05	4.24193e-10
-1.6e-05	2.4e-05	3.49728e-12
-1.6e-05	2.8e-05	2.76944e-14
-1.6e-05	3.2e-05	1.85107e-16
-1.6e-05	3.6e-05	5.04805e-17
-1.6e-05	4e-05	-8.12552e-17
-1.6e-05	4.4e-05	4.64933e-18
-1.6e-05	4.8e-05	-1.47202e-16
-1.6e-05	5.2e-05	-3.42961e-17
-1.6e-05	5.6e-05	-1.96547e-16
-1.6e-05	6e-05	1.01584e-17
-1.6e-05	6.4e-05	-1.66238e-16
-1.6e-05	6.8e-05	8.1827e-17
-1.6e-05	7.2e-05	-9.91135e-17
-1.6e-05	7.6e-05	1.14212e-16
-1.2e-05	-8e-05	-8.23103e-17
-1.2e-05	-7.6e-05	1.20449e-16
-1.2e-05	-7.2e-05	-9.5916e-17
-1.2e-05	-6.8e-05	8.356e-17
-1.2e-05	-6.4e-05	-1.73274e-16
-1.2e-05	-6e-05	2.39386e-17
-1.2e-05	-5.6e-05	-2.30435e-16
-1.2e-05	-5.2e-05	-6.78402e-17
-1.2e-05	-4.8e-05	-2.19537e-16
-1.2e-05	-4.4e-05	-1.84436e-17
-1.2e-05	-4e-05	-7.41365e-17
-1.2e-05	-3.6e-05	4.50449e-15
-1.2e-05	-3.2e-05	6.6873e-13
-1.2e-05	-2.8e-05	1.00684e-10
-1.2e-05	-2.4e-05	1.51575e-08
-1.2e-05	-2e-05	2.28195e-06
-1.2e-05	-1.6e-05	0.00034356
-1.2e-05	-1.2e-05	0.0517265
-1.2e-05	-8e-06	0.09469
-1.2e-05	-4e-06	0.119687
-1.2e-05	0	0.12128
-1.2e-05	4e-06	0.0987743
-1.2e-05	8e-06	0.0560734
-1.2e-05	1.2e-05	0.000372164
-1.2e-05	1.6e-05	2.4702e-06
-1.2e-05	2e-05	1.63964e-08
-1.2e-05	2.4e-05	1.08838e-10
-1.2e-05	2.8e-05	7.22557e-13
-1.2e-05	3.2e-05	4.78344e-15
-1.2e-05	3.6e-05	-4.13737e-18
-1.2e-05	4e-05	4.29569e-17
-1.2e-05	4.4e-05	-7.1107e-17
-1.2e-05	4.8e-05	5.16984e-17
-1.2e-05	5.2e-05	-1.06456e-16
-1.2e-05	5.6e-05	7.07547e-18
-1.2e-05	6e-05	-1.78571e-16
-1.2e-05	6.4e-05	-2.5392e-17
-1.2e-05	6.8e-05	-1.73101e-16
-1.2e-05	7.2e-05	-1.65323e-17
-1.2e-05	7.6e-05	-1.9455e-16
-8e-06	-8e-05	-1.58939e-19
-8e-06	-7.6e-05	-1.65969e-16
-8e-06	-7.2e-05	-4.48281e-18
-8e-06	-6.8e-05	-1.98508e-16
-8e-06	-6.4e-05	-2.19304e-17
-8e-06	-6e-05	-1.43996e-16
-8e-06	-5.6e-05	1.03568e-17
-8e-06	-5.2e-05	-1.11624e-16
-8e-06	-4.8e-05	3.08924e-17
-8e-06	-4.4e-05	-1.07224e-16
-8e-06	-4e-05	1.58673e-16
-8e-06	-3.6e-05	8.07796e-15
-8e-06	-3.2e-05	1.24132e-12
-8e-06	-2.8e-05	1.86989e-10
-8e-06	-2.4e-05	2.81677e-08
-8e-06	-2e-05	4.24314e-06
-8e-06	-1.6e-05	0.000639181
-8e-06	-1.2e-05	0.0962858
-8e-06	-8e-06	0.17361
-8e-06	-4e-06	0.217152
-8e-06	0	0.218008
-8e-06	4e-06	0.175696
-8e-06	8e-06	0.0982297
-8e-06	1.2e-05	0.000652146
-8e-06	1.6e-05	4.32958e-06
-8e-06	2e-05	2.8744e-08
-8e-06	2.4e-05	1.90831e-10
-8e-06	2.8e-05	1.26683e-12
-8e-06	3.2e-05	8.52085e-15
-8e-06	3.6e-05	-2.7485e-17
-8e-06	4e-05	-1.28061e-17
-8e-06	4.4e-05	1.00471e-17
-8e-06	4.8e-05	-1.13109e-16
-8e-06	5.2e-05	6.09016e-17
-8e-06	5.6e-05	-1.09093e-16
-8e-06	6e-05	4.91293e-17
-8e-06	6.4e-05	-1.06042e-16
-8e-06	6.8e-05	5.54275e-17
-8e-06	7.2e-05	-1.17566e-16
-8e-06	7.6e-05	4.78292e-17
-4e-06	-8e-05	-1.13943e-16
-4e-06	-7.6e-05	4.36632e-17
-4e-06	-7.2e-05	-1.37123e-16
-4e-06	-6.8e-05	8.71565e-17
-4e-06	-6.4e-05	-1.38057e-16
-4e-06	-6e-05	9.53165e-17
-4e-06	-5.6e-05	-1.48316e-16
-4e-06	-5.2e-05	9.52027e-17
-4e-06	-4.8e-05	-1.8077e-16
-4e-06	-4.4e-05	5.73689e-17
-4e-06	-4e-05	-3.93747e-17
-4e-06	-3.6e-05	1.02302e-14
-4e-06	-3.2e-05	1.56079e-12
-4e-06	-2.8e-05	2.35116e-10
-4e-06	-2.4e-05	3.54165e-08
-4e-06	-2e-05	5.33493e-06
-4e-06	-1.6e-05	0.000803622
-4e-06	-1.2e-05	0.121053
-4e-06	-8e-06	0.21759
-4e-06	-4e-06	0.271342
-4e-06	0	0.271607
-4e-06	4e-06	0.218222
-4e-06	8e-06	0.121613
-4e-06	1.2e-05	0.000807358
-4e-06	1.6e-05	5.35985e-06
-4e-06	2e-05	3.55827e-08
-4e-06	2.4e-05	2.36224e-10
-4e-06	2.8e-05	1.56855e-12
-4e-06	3.2e-05	1.03648e-14
-4e-06	3.6e-05	2.95923e-16
-4e-06	4e-05	-1.43324e-16
-4e-06	4.4e-05	5.57237e-17
-4e-06	4.8e-05	-8.85607e-17
-4e-06	5.2e-05	-8.73965e-17
-4e-06	5.6e-05	-2.28069e-17
-4e-06	6e-05	-1.70598e-16
-4e-06	6.4e-05	4.05111e-17
-4e-06	6.8e-05	-1.8894e-16
-4e-06	7.2e-05	7.06499e-17
-4e-06	7.6e-05	-1.91643e-16
0	-8e-05	7.91047e-17
0	-7.6e-05	-2.0785e-16
0	-7.2e-05	7.6144e-17
0	-6.8e-05	-2.0528e-16
0	-6.4e-05	4.64955e-17
0	-6e-05	-2.4104e-16
0	-5.6e-05	-1.16398e-17
0	-5.2e-05	-1.94516e-16
0	-4.8e-05	-9.61824e-17
0	-4.4e-05	-4.46571e-17
0	-4e-05	-1.10303e-16
0	-3.6e-05	1.06596e-14
0	-3.2e-05	1.56804e-12
0	-2.8e-05	2.36225e-10
0	-2.4e-05	3.55827e-08
0	-2e-05	5.35985e-06
0	-1.6e-05	0.000807358
0	-1.2e-05	0.121613
0	-8e-06	0.218222
0	-4e-06	0.271607
0	0	0.271342
0	4e-06	0.21759
0	8e-06	0.121053
0	1.2e-05	0.000803622
0	1.6e-05	5.33493e-06
0	2e-05	3.54165e-08
0	2.4e-05	2.35116e-10
0	2.8e-05	1.56097e-12
0	3.2e-05	1.06773e-14
0	3.6e-05	1.19927e-16
0	4e-05	3.55817e-16
0	4.4e-05	-8.47996e-17
0	4.8e-05	2.42005e-16
0	5.2e-05	-1.42528e-16
0	5.6e-05	5.01188e-17
0	6e-05	-1.27271e-16
0	6.4e-05	-4.08902e-17
0	6.8e-05	-9.43159e-17
0	7.2e-05	-1.48157e-16
0	7.6e-05	-7.27813e-17
4e-06	-8e-05	-1.932e-16
4e-06	-7.6e-05	-1.05149e-16
4e-06	-7.2e-05	-1.67597e-16
4e-06	-6.8e-05	-1.16931e-16
4e-06	-6.4e-05	-8.55131e-17
4e-06	-6e-05	-1.68703e-16
4e-06	-5.6e-05	-6.12095e-19
4e-06	-5.2e-05	-1.66267e-16
4e-06	-4.8e-05	2.71368e-16
4e-06	-4.4e-05	-1.38529e-16
4e-06	-4e-05	5.34597e-16
4e-06	-3.6e-05	8.43393e-15
4e-06	-3.2e-05	1.26747e-12
4e-06	-2.8e-05	1.90831e-10
4e-06	-2.4e-05	2.8744e-08
4e-06	-2e-05	4.32958e-06
4e-06	-1.6e-05	0.000652146
4e-06	-1.2e-05	0.0982297
4e-06	-8e-06	0.175696
4e-06	-4e-06	0.218008
4e-06	0	0.217152
4e-06	4e-06	0.17361
4e-06	8e-06	0.0962858
4e-06	1.2e-05	0.000639181
4e-06	1.6e-05	4.24314e-06
4e-06	2e-05	2.81677e-08
4e-06	2.4e-05	1.86989e-10
4e-06	2.8e-05	1.24124e-12
4e-06	3.2e-05	8.37294e-15
4e-06	3.6e-05	2.4887e-16
4e-06	4e-05	1.4019e-16
4e-06	4.4e-05	3.79439e-16
4e-06	4.8e-05	3.80378e-17
4e-06	5.2e-05	4.03159e-16
4e-06	5.6e-05	-8.18488e-18
4e-06	6e-05	3.11292e-16
4e-06	6.4e-05	-1.14505e-16
4e-06	6.8e-05	2.68332e-16
4e-06	7.2e-05	-1.30029e-16
4e-06	7.6e-05	2.16895e-16
8e-06	-8e-05	-1.48723e-16
8e-06	-7.6e-05	2.08221e-16
8e-06	-7.2e-05	-1.38048e-16
8e-06	-6.8e-05	2.75735e-16
8e-06	-6.4e-05	-1.27824e-16
8e-06	-6e-05	3.60357e-16
8e-06	-5.6e-05	-6.05492e-17
8e-06	-5.2e-05	4.80673e-16
8e-06	-4.8e-05	2.39078e-17
8e-06	-4.4e-05	5.25255e-16
8e-06	-4e-05	2.24128e-16
8e-06	-3.6e-05	5.1407e-15
8e-06	-3.2e-05	7.22738e-13
8e-06	-2.8e-05	1.08838e-10
8e-06	-2.4e-05	1.63964e-08
8e-06	-2e-05	2.4702e-06
8e-06	-1.6e-05	0.000372164
8e-06	-1.2e-05	0.0560734
8e-06	-8e-06	0.0987743
8e-06	-4e-06	0.12128
8e-06	0	0.119687
8e-06	4e-06	0.09469
8e-06	8e-06	0.0517265
8e-06	1.2e-05	0.00034356
8e-06	1.6e-05	2.28195e-06
8e-06	2e-05	1.51575e-08
8e-06	2.4e-05	1.00684e-10
8e-06	2.8e-05	6.68743e-13
8e-06	3.2e-05	4.28666e-15
8e-06	3.6e-05	9.29658e-17
8e-06	4e-05	-1.87827e-17
8e-06	4.4e-05	1.39347e-16
8e-06	4.8e-05	1.90526e-16
8e-06	5.2e-05	1.40025e-16
8e-06	5.6e-05	3.51324e-16
8e-06	6e-05	1.278e-16
8e-06	6.4e-05	4.11274e-16
8e-06	6.8e-05	6.90051e-17
8e-06	7.2e-05	4.43588e-16
8e-06	7.6e-05	4.20415e-17
1.2e-05	-8e-05	4.59201e-16
1.2e-05	-7.6e-05	5.13542e-17
1.2e-05	-7.2e-05	4.60884e-16
1.2e-05	-6.8e-05	8.76039e-17
1.2e-05	-6.4e-05	4.85272e-16
1.2e-05	-6e-05	1.56183e-16
1.2e-05	-5.6e-05	4.36138e-16
1.2e-05	-5.2e-05	1.95397e-16
1.2e-05	-4.8e-05	2.75634e-16
1.2e-05	-4.4e-05	1.9008e-16
1.2e-05	-4e-05	2.92714e-17
1.2e-05	-3.6e-05	3.12616e-16
1.2e-05	-3.2e-05	2.74285e-14
1.2e-05	-2.8e-05	3.49719e-12
1.2e-05	-2.4e-05	4.24193e-10
1.2e-05	-2e-05	4.82575e-08
1.2e-05	-1.6e-05	4.88515e-06
1.2e-05	-1.2e-05	0.000372434
1.2e-05	-8e-06	0.000655896
1.2e-05	-4e-06	0.000805241
1.2e-05	0	0.000794573
1.2e-05	4e-06	0.000628541
1.2e-05	8e-06	0.000343299
1.2e-05	1.2e-05	4.50633e-06
1.2e-05	1.6e-05	4.4537e-08
1.2e-05	2e-05	3.91655e-10
1.2e-05	2.4e-05	3.23019e-12
1.2e-05	2.8e-05	2.55604e-14
1.2e-05	3.2e-05	9.98688e-17
1.2e-05	3.6e-05	-1.78774e-16
1.2e-05	4e-05	-3.81231e-17
1.2e-05	4.4e-05	-1.41885e-16
1.2e-05	4.8e-05	5.51125e-17
1.2e-05	5.2e-05	-2.09346e-17
1.2e-05	5.6e-05	9.37634e-17
1.2e-05	6e-05	9.02908e-17
1.2e-05	6.4e-05	1.80939e-16
1.2e-05	6.8e-05	1.79383e-16
1.2e-05	7.2e-05	1.66437e-16
1.2e-05	7.6e-05	2.46574e-16
1.6e-05	-8e-05	1.61151e-16
1.6e-05	-7.6e-05	2.35929e-16
1.6e-05	-7.2e-05	1.90837e-16
1.6e-05	-6.8e-05	2.03665e-16
1.6e-05	-6.4e-05	1.83205e-16
1.6e-05	-6e-05	1.04488e-16
1.6e-05	-5.6e-05	1.32938e-16
1.6e-05	-5.2e-05	-3.17068e-17
1.6e-05	-4.8e-05	8.64752e-17
1.6e-05	-4.4e-05	-1.65174e-16
1.6e-05	-4e-05	-4.51166e-17
1.6e-05	-3.6e-05	-2.40908e-16
1.6e-05	-3.2e-05	4.98495e-16
1.6e-05	-2.8e-05	6.83633e-14
1.6e-05	-2.4e-05	6.93798e-12
1.6e-05	-2e-05	6.33305e-10
1.6e-05	-1.6e-05	4.82701e-08
1.6e-05	-1.2e-05	2.47213e-06
1.6e-05	-8e-06	4.35411e-06
1.6e-05	-4e-06	5.34572e-06
1.6e-05	0	5.27502e-06
1.6e-05	4e-06	4.17292e-06
1.6e-05	8e-06	2.27978e-06
1.6e-05	1.2e-05	4.45228e-08
1.6e-05	1.6e-05	5.84311e-10
1.6e-05	2e-05	6.40326e-12
1.6e-05	2.4e-05	6.33397e-14
1.6e-05	2.8e-05	5.22448e-16
1.6e-05	3.2e-05	5.28747e-17
1.6e-05	3.6e-05	-1.3405e-16
1.6e-05	4e-05	-5.04964e-17
1.6e-05	4.4e-05	-9.56049e-17
1.6e-05	4.8e-05	-1.39052e-16
1.6e-05	5.2e-05	-9.19925e-17
1.6e-05	5.6e-05	-1.18216e-16
1.6e-05	6e-05	-3.78657e-17
1.6e-05	6.4e-05	-1.37511e-16
1.6e-05	6.8e-05	2.81879e-17
1.6e-05	7.2e-05	-6.09628e-17
1.6e-05	7.6e-05	7.28383e-17
2e-05	-8e-05	-5.15685e-17
2e-05	-7.6e-05	7.88608e-17
2e-05	-7.2e-05	-1.07648e-16
2e-05	-6.8e-05	4.75279e-17
2e-05	-6.4e-05	-1.02633e-16
2e-05	-6e-05	1.69599e-17
2e-05	-5.6e-05	-1.71886e-16
2e-05	-5.2e-05	-5.02235e-17
2e-05	-4.8e-05	-1.73627e-16
2e-05	-4.4e-05	-1.25704e-16
2e-05	-4e-05	-1.17389e-16
2e-05	-3.6e-05	-1.5699e-16
2e-05	-3.2e-05	5.25641e-17
2e-05	-2.8e-05	9.93284e-16
2e-05	-2.4e-05	9.12314e-14
2e-05	-2e-05	6.93931e-12
2e-05	-1.6e-05	4.24366e-10
2e-05	-1.2e-05	1.64101e-08
2e-05	-8e-06	2.89043e-08
2e-05	-4e-06	3.54885e-08
2e-05	0	3.50198e-08
2e-05	4e-06	2.77043e-08
2e-05	8e-06	1.51402e-08
2e-05	1.2e-05	3.91448e-10
2e-05	1.6e-05	6.4019e-12
2e-05	2e-05	8.406e-14
2e-05	2.4e-05	9.97297e-16
2e-05	2.8e-05	8.7041e-17
2e-05	3.2e-05	-2.42256e-17
2e-05	3.6e-05	8.67537e-17
2e-05	4e-05	-8.64794e-17
2e-05	4.4e-05	2.95395e-17
2e-05	4.8e-05	-1.03554e-16
2e-05	5.2e-05	-2.13396e-17
2e-05	5.6e-05	-1.15427e-16
2e-05	6e-05	-8.32312e-17
2e-05	6.4e-05	-1.3296e-16
2e-05	6.8e-05	-1.08574e-16
2e-05	7.2e-05	-8.21836e-17
2e-05	7.6e-05	-1.17186e-16
2.4e-05	-8e-05	-6.70652e-17
2.4e-05	-7.6e-05	-1.54365e-16
2.4e-05	-7.2e-05	-7.002e-17
2.4e-05	-6.8e-05	-1.4409e-16
2.4e-05	-6.4e-05	-1.2027e-16
2.4e-05	-6e-05	-1.16578e-16
2.4e-05	-5.6e-05	-1.2551e-16
2.4e-05	-5.2e-05	-8.44764e-17
2.4e-05	-4.8e-05	-1.3818e-16
2.4e-05	-4.4e-05	3.57672e-17
2.4e-05	-4e-05	-1.17554e-16
2.4e-05	-3.6e-05	9.17123e-17
2.4e-05	-3.2e-05	-3.05241e-17
2.4e-05	-2.8e-05	1.7266e-16
2.4e-05	-2.4e-05	1.11486e-15
2.4e-05	-2e-05	6.85701e-14
2.4e-05	-1.6e-05	3.49911e-12
2.4e-05	-1.2e-05	1.08936e-10
2.4e-05	-8e-06	1.91879e-10
2.4e-05	-4e-06	2.35596e-10
2.4e-05	0	2.3249e-10
2.4e-05	4e-06	1.83931e-10
2.4e-05	8e-06	1.00551e-10
2.4e-05	1.2e-05	3.22806e-12
2.4e-05	1.6e-05	6.31742e-14
2.4e-05	2e-05	9.77934e-16
2.4e-05	2.4e-05	3.25229e-17
2.4e-05	2.8e-05	2.36975e-17
2.4e-05	3.2e-05	6.64926e-17
2.4e-05	3.6e-05	8.58479e-18
2.4e-05	4e-05	9.68621e-17
2.4e-05	4.4e-05	-5.56878e-17
2.4e-05	4.8e-05	7.7272e-17
2.4e-05	5.2e-05	-7.62315e-17
2.4e-05	5.6e-05	2.6171e-17
2.4e-05	6e-05	-1.15386e-16
2.4e-05	6.4e-05	-2.18075e-17
2.4e-05	6.8e-05	-9.69846e-17
2.4e-05	7.2e-05	2.19135e-17
2.4e-05	7.6e-05	-1.00283e-16
2.8e-05	-8e-05	6.34138e-18
2.8e-05	-7.6e-05	-7.77215e-17
2.8e-05	-7.2e-05	2.6472e-17
2.8e-05	-6.8e-05	-1.42147e-16
2.8e-05	-6.4e-05	-1.28511e-18
2.8e-05	-6e-05	-6.26744e-17
2.8e-05	-5.6e-05	5.92682e-17
2.8e-05	-5.2e-05	-4.91458e-17
2.8e-05	-4.8e-05	1.0791e-16
2.8e-05	-4.4e-05	-9.71691e-18
2.8e-05	-4e-05	1.09643e-16
2.8e-05	-3.6e-05	2.87426e-17
2.8e-05	-3.2e-05	8.38371e-17
2.8e-05	-2.8e-05	5.00868e-17
2.8e-05	-2.4e-05	2.66547e-17
2.8e-05	-2e-05	6.52761e-16
2.8e-05	-1.6e-05	2.76925e-14
2.8e-05	-1.2e-05	7.23174e-13
2.8e-05	-8e-06	1.27377e-12
2.8e-05	-4e-06	1.56404e-12
2.8e-05	0	1.54345e-12
2.8e-05	4e-06	1.22113e-12
2.8e-05	8e-06	6.6781e-13
2.8e-05	1.2e-05	2.55546e-14
2.8e-05	1.6e-05	5.79853e-16
2.8e-05	2e-05	3.60973e-18
2.8e-05	2.4e-05	4.61637e-18
2.8e-05	2.8e-05	4.5376e-18
2.8e-05	3.2e-05	2.05137e-17
2.8e-05	3.6e-05	2.7906e-17
2.8e-05	4e-05	1.64907e-17
2.8e-05	4.4e-05	7.52709e-17
2.8e-05	4.8e-05	1.49554e-17
2.8e-05	5.2e-05	7.71643e-17
2.8e-05	5.6e-05	-3.04579e-18
2.8e-05	6e-05	7.72045e-17
2.8e-05	6.4e-05	-3.95585e-17
2.8e-05	6.8e-05	6.94466e-17
2.8e-05	7.2e-05	-4.25083e-17
2.8e-05	7.6e-05	6.6969e-17
3.2e-05	-8e-05	-3.68429e-17
3.2e-05	-7.6e-05	8.20279e-17
3.2e-05	-7.2e-05	-3.47216e-17
3.2e-05	-6.8e-05	8.5756e-17
3.2e-05	-6.4e-05	-3.11425e-17
3.2e-05	-6e-05	9.97336e-17
3.2e-05	-5.6e-05	-2.27806e-17
3.2e-05	-5.2e-05	7.838e-17
3.2e-05	-4.8e-05	-5.2319e-18
3.2e-05	-4.4e-05	8.96881e-17
3.2e-05	-4e-05	2.68112e-17
3.2e-05	-3.6e-05	3.84036e-17
3.2e-05	-3.2e-05	2.83753e-17
3.2e-05	-2.8e-05	8.43914e-18
3.2e-05	-2.4e-05	7.21464e-18
3.2e-05	-2e-05	-4.49099e-18
3.2e-05	-1.6e-05	2.08262e-16
3.2e-05	-1.2e-05	4.79459e-15
3.2e-05	-8e-06	8.4542e-15
3.2e-05	-4e-06	1.03831e-14
3.2e-05	0	1.02474e-14
3.2e-05	4e-06	8.1079e-15
3.2e-05	8e-06	4.43423e-15
3.2e-05	1.2e-05	1.95981e-16
3.2e-05	1.6e-05	-2.87537e-19
3.2e-05	2e-05	-3.62921e-18
3.2e-05	2.4e-05	-4.46376e-18
3.2e-05	2.8e-05	-9.98368e-19
3.2e-05	3.2e-05	-2.19294e-18
3.2e-05	3.6e-05	1.25166e-17
3.2e-05	4e-05	7.28123e-18
3.2e-05	4.4e-05	2.49944e-17
3.2e-05	4.8e-05	4.78342e-17
3.2e-05	5.2e-05	9.87209e-18
3.2e-05	5.6e-05	4.42863e-17
3.2e-05	6e-05	2.8655e-18
3.2e-05	6.4e-05	5.16328e-17
3.2e-05	6.8e-05	1.74277e-17
3.2e-05	7.2e-05	7.64454e-17
3.2e-05	7.6e-05	2.83373e-18
3.6e-05	-8e-05	8.59345e-17
3.6e-05	-7.6e-05	9.47316e-18
3.6e-05	-7.2e-05	7.64796e-17
3.6e-05	-6.8e-05	1.5563e-17
3.6e-05	-6.4e-05	6.53616e-17
3.6e-05	-6e-05	6.57842e-18
3.6e-05	-5.6e-05	5.51229e-17
3.6e-05	-5.2e-05	1.54346e-17
3.6e-05	-4.8e-05	4.50341e-17
3.6e-05	-4.4e-05	2.05433e-17
3.6e-05	-4e-05	1.00311e-17
3.6e-05	-3.6e-05	3.35347e-18
3.6e-05	-3.2e-05	-4.50723e-18
3.6e-05	-2.8e-05	-9.72317e-19
3.6e-05	-2.4e-05	-8.93349e-18
3.6e-05	-2e-05	-3.03765e-18
3.6e-05	-1.6e-05	-1.26383e-18
3.6e-05	-1.2e-05	3.10469e-17
3.6e-05	-8e-06	5.48496e-17
3.6e-05	-4e-06	6.95993e-17
3.6e-05	0	6.77031e-17
3.6e-05	4e-06	5.39335e-17
3.6e-05	8e-06	2.96827e-17
3.6e-05	1.2e-05	6.3447e-19
3.6e-05	1.6e-05	-7.91639e-19
3.6e-05	2e-05	-2.32123e-18
3.6e-05	2.4e-05	-3.33183e-18
3.6e-05	2.8e-05	-7.42203e-18
3.6e-05	3.2e-05	-1.54173e-18
3.6e-05	3.6e-05	-8.3913e-18
3.6e-05	4e-05	9.36979e-19
3.6e-05	4.4e-05	4.49642e-18
3.6e-05	4.8e-05	1.12961e-17
3.6e-05	5.2e-05	1.54128e-17
3.6e-05	5.6e-05	2.03757e-17
3.6e-05	6e-05	2.47702e-17
3.6e-05	6.4e-05	1.54204e-17
3.6e-05	6.8e-05	2.63535e-17
3.6e-05	7.2e-05	1.11151e-17
3.6e-05	7.6e-05	3.99778e-17
4e-05	-8e-05	1.257e-17
4e-05	-7.6e-05	4.4521e-17
4e-05	-7.2e-05	2.52681e-17
4e-05	-6.8e-05	3.71864e-17
4e-05	-6.4e-05	1.23733e-17
4e-05	-6e-05	2.80577e-17
4e-05	-5.6e-05	1.60296e-17
4e-05	-5.2e-05	7.28962e-18
4e-05	-4.8e-05	1.03003e-17
4e-05	-4.4e-05	4.99524e-19
4e-05	-4e-05	2.17361e-18
4e-05	-3.6e-05	-3.92343e-18
4e-05	-3.2e-05	-4.11364e-18
4e-05	-2.8e-05	-3.9e-18
4e-05	-2.4e-05	-3.63727e-18
4e-05	-2e-05	-2.90601e-18
4e-05	-1.6e-05	-1.44324e-18
4e-05	-1.2e-05	-4.71814e-19
4e-05	-8e-06	3.7573e-19
4e-05	-4e-06	6.64918e-19
4e-05	0	2.05124e-19
4e-05	4e-06	2.74154e-19
4e-05	8e-06	-2.04954e-20
4e-05	1.2e-05	-1.37318e-19
4e-05	1.6e-05	-5.17767e-19
4e-05	2e-05	4.71453e-19
4e-05	2.4e-05	-2.4712e-19
4e-05	2.8e-05	-1.12201e-18
4e-05	3.2e-05	-4.11424e-18
4e-05	3.6e-05	-1.2663e-18
4e-05	4e-05	-3.06037e-18
4e-05	4.4e-05	1.44929e-18
4e-05	4.8e-05	-5.87001e-18
4e-05	5.2e-05	3.29353e-18
4e-05	5.6e-05	-2.70737e-19
4e-05	6e-05	4.99281e-18
4e-05	6.4e-05	1.25425e-18
4e-05	6.8e-05	7.06562e-18
4e-05	7.2e-05	8.46377e-18
4e-05	7.6e-05	1.05989e-17
4.4e-05	-8e-05	5.68964e-19
4.4e-05	-7.6e-05	-6.8989e-19
4.4e-05	-7.2e-05	9.79957e-18
4.4e-05	-6.8e-05	1.93958e-18
4.4e-05	-6.4e-05	-1.3086e-18
4.4e-05	-6e-05	7.83644e-18
4.4e-05	-5.6e-05	1.74513e-18
4.4e-05	-5.2e-05	-5.91673e-19
4.4e-05	-4.8e-05	-5.3319e-18
4.4e-05	-4.4e-05	1.42432e-18
4.4e-05	-4e-05	-6.37002e-18
4.4e-05	-3.6e-05	-9.33859e-19
4.4e-05	-3.2e-05	-5.80192e-18
4.4e-05	-2.8e-05	1.1438e-18
4.4e-05	-2.4e-05	-2.11694e-18
4.4e-05	-2e-05	-1.6737e-18
4.4e-05	-1.6e-05	-1.20813e-18
4.4e-05	-1.2e-05	-9.31454e-20
4.4e-05	-8e-06	-8.09095e-20
4.4e-05	-4e-06	8.14045e-20
4.4e-05	0	-2.7576e-20
4.4e-05	4e-06	-3.9984e-20
4.4e-05	8e-06	-9.0846e-20
4.4e-05	1.2e-05	1.25404e-19
4.4e-05	1.6e-05	1.46101e-19
4.4e-05	2e-05	-4.77786e-20
4.4e-05	2.4e-05	-5.48502e-19
4.4e-05	2.8e-05	-6.2552e-19
4.4e-05	3.2e-05	-9.83342e-19
4.4e-05	3.6e-05	-1.77002e-18
4.4e-05	4e-05	-5.78121e-19
4.4e-05	4.4e-05	-3.77593e-18
4.4e-05	4.8e-05	-1.18279e-18
4.4e-05	5.2e-05	-4.26178e-19
4.4e-05	5.6e-05	-2.91548e-18
4.4e-05	6e-05	-7.15899e-18
4.4e-05	6.4e-05	9.18966e-19
4.4e-05	6.8e-05	9.86632e-19
4.4e-05	7.2e-05	-2.94006e-18
4.4e-05	7.6e-05	-2.4467e-18
4.8e-05	-8e-05	-1.29953e-18
4.8e-05	-7.6e-05	-1.32921e-18
4.8e-05	-7.2e-05	-1.99721e-18
4.8e-05	-6.8e-05	-1.59153e-18
4.8e-05	-6.4e-05	9.18726e-19
4.8e-05	-6e-05	-2.53286e-18
4.8e-05	-5.6e-05	-8.07633e-19
4.8e-05	-5.2e-05	-4.10609e-18
4.8e-05	-4.8e-05	-1.29939e-18
4.8e-05	-4.4e-05	-3.4517e-18
4.8e-05	-4e-05	-1.61662e-18
4.8e-05	-3.6e-05	-2.40581e-18
4.8e-05	-3.2e-05	-1.79916e-18
4.8e-05	-2.8e-05	-1.22441e-18
4.8e-05	-2.4e-05	2.85011e-20
4.8e-05	-2e-05	-1.90954e-19
4.8e-05	-1.6e-05	5.45325e-19
4.8e-05	-1.2e-05	-7.46411e-20
4.8e-05	-8e-06	1.70414e-20
4.8e-05	-4e-06	-1.42942e-19
4.8e-05	0	2.37766e-20
4.8e-05	4e-06	-2.35286e-20
4.8e-05	8e-06	-5.37844e-20
4.8e-05	1.2e-05	2.40936e-20
4.8e-05	1.6e-05	1.42885e-19
4.8e-05	2e-05	5.68161e-20
4.8e-05	2.4e-05	-4.17564e-20
4.8e-05	2.8e-05	1.28054e-19
4.8e-05	3.2e-05	-6.03355e-19
4.8e-05	3.6e-05	-6.85549e-19
4.8e-05	4e-05	-1.30398e-18
4.8e-05	4.4e-05	-1.28008e-19
4.8e-05	4.8e-05	-1.60905e-18
4.8e-05	5.2e-05	-1.07295e-18
4.8e-05	5.6e-05	-3.05857e-18
4.8e-05	6e-05	-1.48382e-18
4.8e-05	6.4e-05	-3.26938e-18
4.8e-05	6.8e-05	-1.40852e-18
4.8e-05	7.2e-05	-5.29599e-18
4.8e-05	7.6e-05	-1.06455e-18
5.2e-05	-8e-05	-2.58307e-18
5.2e-05	-7.6e-05	-1.15763e-18
5.2e-05	-7.2e-05	-6.67108e-18
5.2e-05	-6.8e-05	-1.25498e-19
5.2e-05	-6.4e-05	-3.89661e-18
5.2e-05	-6e-05	-6.16664e-19
5.2e-05	-5.6e-05	-3.05082e-18
5.2e-05	-5.2e-05	-4.66166e-19
5.2e-05	-4.8e-05	-2.6087e-18
5.2e-05	-4.4e-05	-1.60755e-18
5.2e-05	-4e-05	-2.03867e-18
5.2e-05	-3.6e-05	-5.70816e-19
5.2e-05	-3.2e-05	-5.66371e-19
5.2e-05	-2.8e-05	-1.17556e-19
5.2e-05	-2.4e-05	-5.47067e-19
5.2e-05	-2e-05	-1.42092e-19
5.2e-05	-1.6e-05	-1.71653e-21
5.2e-05	-1.2e-05	-1.22373e-19
5.2e-05	-8e-06	-7.58436e-20
5.2e-05	-4e-06	2.09233e-21
5.2e-05	0	-1.2438e-20
5.2e-05	4e-06	-3.24488e-21
5.2e-05	8e-06	7.98313e-21
5.2e-05	1.2e-05	-4.64635e-20
5.2e-05	1.6e-05	-1.62482e-20
5.2e-05	2e-05	-2.67459e-20
5.2e-05	2.4e-05	1.06581e-19
5.2e-05	2.8e-05	-2.95784e-19
5.2e-05	3.2e-05	3.22333e-20
5.2e-05	3.6e-05	-2.57302e-19
5.2e-05	4e-05	-1.4562e-19
5.2e-05	4.4e-05	-7.46449e-19
5.2e-05	4.8e-05	-2.58359e-19
5.2e-05	5.2e-05	-7.19161e-19
5.2e-05	5.6e-05	-6.86545e-19
5.2e-05	6e-05	-1.23668e-18
5.2e-05	6.4e-05	-6.5705e-19
5.2e-05	6.8e-05	-1.89813e-18
5.2e-05	7.2e-05	-8.72165e-19
5.2e-05	7.6e-05	-2.8198e-18
5.6e-05	-8e-05	-7.37614e-19
5.6e-05	-7.6e-05	-2.71365e-18
5.6e-05	-7.2e-05	-1.6088e-18
5.6e-05	-6.8e-05	-2.66189e-18
5.6e-05	-6.4e-05	-3.06894e-19
5.6e-05	-6e-05	-1.34492e-18
5.6e-05	-5.6e-05	-6.43401e-19
5.6e-05	-5.2e-05	-8.41171e-19
5.6e-05	-4.8e-05	-4.21935e-19
5.6e-05	-4.4e-05	-7.90333e-19
5.6e-05	-4e-05	2.12762e-19
5.6e-05	-3.6e-05	-4.46728e-19
5.6e-05	-3.2e-05	-1.75846e-19
5.6e-05	-2.8e-05	-2.08624e-19
5.6e-05	-2.4e-05	1.32953e-19
5.6e-05	-2e-05	-9.5572e-21
5.6e-05	-1.6e-05	2.28715e-20
5.6e-05	-1.2e-05	-6.07596e-20
5.6e-05	-8e-06	4.3788e-20
5.6e-05	-4e-06	-1.70235e-20
5.6e-05	0	5.2232e-21
5.6e-05	4e-06	9.36377e-22
5.6e-05	8e-06	-8.30825e-21
5.6e-05	1.2e-05	5.03512e-21
5.6e-05	1.6e-05	-2.22991e-20
5.6e-05	2e-05	3.19125e-21
5.6e-05	2.4e-05	1.11258e-20
5.6e-05	2.8e-05	5.83491e-20
5.6e-05	3.2e-05	-7.8237e-20
5.6e-05	3.6e-05	-4.3319e-20
5.6e-05	4e-05	-2.53623e-19
5.6e-05	4.4e-05	1.00521e-19
5.6e-05	4.8e-05	-1.63434e-19
5.6e-05	5.2e-05	1.73934e-19
5.6e-05	5.6e-05	-6.74579e-19
5.6e-05	6e-05	-5.8426e-20
5.6e-05	6.4e-05	-7.56859e-19
5.6e-05	6.8e-05	-5.2068e-20
5.6e-05	7.2e-05	-9.84401e-19
5.6e-05	7.6e-05	-2.07072e-19
6e-05	-8e-05	-1.1207e-18
6e-05	-7.6e-05	-7.36289e-19
6e-05	-7.2e-05	-6.87469e-19
6e-05	-6.8e-05	-7.15528e-21
6e-05	-6.4e-05	-7.12204e-19
6e-05	-6e-05	-1.36353e-19
6e-05	-5.6e-05	-5.39704e-19
6e-05	-5.2e-05	-2.49599e-20
6e-05	-4.8e-05	-5.96298e-19
6e-05	-4.4e-05	-2.67231e-19
6e-05	-4e-05	-1.98674e-20
6e-05	-3.6e-05	2.68199e-20
6e-05	-3.2e-05	-9.1129e-21
6e-05	-2.8e-05	9.07135e-21
6e-05	-2.4e-05	-1.86744e-21
6e-05	-2e-05	8.42355e-21
6e-05	-1.6e-05	-3.58088e-21
6e-05	-1.2e-05	1.52768e-20
6e-05	-8e-06	-7.16751e-21
6e-05	-4e-06	2.3081e-21
6e-05	0	-5.12104e-22
6e-05	4e-06	-1.46818e-22
6e-05	8e-06	8.62308e-22
6e-05	1.2e-05	-2.7228e-21
6e-05	1.6e-05	2.62739e-21
6e-05	2e-05	-4.87561e-21
6e-05	2.4e-05	9.52602e-21
6e-05	2.8e-05	-2.6584e-20
6e-05	3.2e-05	2.4468e-20
6e-05	3.6e-05	-4.78686e-21
6e-05	4e-05	5.80366e-20
6e-05	4.4e-05	-7.26449e-20
6e-05	4.8e-05	3.18359e-20
6e-05	5.2e-05	-2.9439e-19
6e-05	5.6e-05	2.24208e-20
6e-05	6e-05	-4.39317e-20
6e-05	6.4e-05	-3.66307e-20
6e-05	6.8e-05	-4.00685e-19
6e-05	7.2e-05	1.48597e-20
6e-05	7.6e-05	-3.26343e-19
6.4e-05	-8e-05	8.93701e-21
6.4e-05	-7.6e-05	-3.80693e-19
6.4e-05	-7.2e-05	-1.71292e-19
6.4e-05	-6.8e-05	-2.33024e-19
6.4e-05	-6.4e-05	-9.30848e-20
6.4e-05	-6e-05	-3.20657e-19
6.4e-05	-5.6e-05	-3.87361e-20
6.4e-05	-5.2e-05	-1.84266e-19
6.4e-05	-4.8e-05	3.44555e-20
6.4e-05	-4.4e-05	-1.2844e-19
6.4e-05	-4e-05	2.08776e-20
6.4e-05	-3.6e-05	-8.84962e-20
6.4e-05	-3.2e-05	-4.91382e-22
6.4e-05	-2.8e-05	-6.52377e-20
6.4e-05	-2.4e-05	2.78597e-20
6.4e-05	-2e-05	-1.92495e-20
6.4e-05	-1.6e-05	7.71425e-21
6.4e-05	-1.2e-05	-5.01243e-21
6.4e-05	-8e-06	9.22212e-22
6.4e-05	-4e-06	2.93222e-22
6.4e-05	0	-4.30675e-22
6.4e-05	4e-06	9.13526e-23
6.4e-05	8e-06	9.77134e-23
6.4e-05	1.2e-05	1.56168e-22
6.4e-05	1.6e-05	-6.15524e-22
6.4e-05	2e-05	8.26092e-22
6.4e-05	2.4e-05	-7.66242e-21
6.4e-05	2.8e-05	3.30806e-21
6.4e-05	3.2e-05	-1.15993e-20
6.4e-05	3.6e-05	1.64245e-20
6.4e-05	4e-05	-4.26539e-20
6.4e-05	4.4e-05	-2.21974e-20
6.4e-05	4.8e-05	-6.76444e-20
6.4e-05	5.2e-05	1.11625e-20
6.4e-05	5.6e-05	-6.93121e-20
6.4e-05	6e-05	1.54226e-20
6.4e-05	6.4e-05	-1.11886e-19
6.4e-05	6.8e-05	-1.00121e-20
6.4e-05	7.2e-05	-3.1055e-20
6.4e-05	7.6e-05	-9.30571e-21
6.8e-05	-8e-05	-1.01879e-19
6.8e-05	-7.6e-05	5.1305e-20
6.8e-05	-7.2e-05	-1.37427e-19
6.8e-05	-6.8e-05	-2.20333e-20
6.8e-05	-6.4e-05	-9.20549e-20
6.8e-05	-6e-05	3.90146e-20
6.8e-05	-5.6e-05	-8.23454e-20
6.8e-05	-5.2e-05	3.25287e-20
6.8e-05	-4.8e-05	-5.76939e-20
6.8e-05	-4.4e-05	2.15288e-20
6.8e-05	-4e-05	-4.48954e-20
6.8e-05	-3.6e-05	8.00876e-21
6.8e-05	-3.2e-05	-3.32159e-20
6.8e-05	-2.8e-05	3.79042e-21
6.8e-05	-2.4e-05	-7.27572e-21
6.8e-05	-2e-05	1.5701e-21
6.8e-05	-1.6e-05	-1.83985e-21
6.8e-05	-1.2e-05	3.57478e-22
6.8e-05	-8e-06	3.57396e-22
6.8e-05	-4e-06	-3.60132e-22
6.8e-05	0	1.55933e-22
6.8e-05	4e-06	-4.54545e-24
6.8e-05	8e-06	-1.5565e-22
6.8e-05	1.2e-05	1.56055e-22
6.8e-05	1.6e-05	-8.69284e-24
6.8e-05	2e-05	-2.46241e-22
6.8e-05	2.4e-05	5.94224e-22
6.8e-05	2.8e-05	-2.40549e-21
6.8e-05	3.2e-05	2.79685e-21
6.8e-05	3.6e-05	-6.24511e-21
6.8e-05	4e-05	3.44545e-21
6.8e-05	4.4e-05	-6.18736e-21
6.8e-05	4.8e-05	4.42927e-21
6.8e-05	5.2e-05	-3.23358e-20
6.8e-05	5.6e-05	9.80048e-21
6.8e-05	6e-05	-4.50051e-20
6.8e-05	6.4e-05	4.71025e-21
6.8e-05	6.8e-05	-6.32586e-20
6.8e-05	7.2e-05	8.60962e-21
6.8e-05	7.6e-05	-4.57822e-20
7.2e-05	-8e-05	2.04829e-20
7.2e-05	-7.6e-05	-4.72814e-20
7.2e-05	-7.2e-05	-1.60393e-20
7.2e-05	-6.8e-05	-2.91868e-20
7.2e-05	-6.4e-05	2.53541e-20
7.2e-05	-6e-05	-2.36873e-20
7.2e-05	-5.6e-05	8.27976e-21
7.2e-05	-5.2e-05	-3.18454e-20
7.2e-05	-4.8e-05	1.23894e-20
7.2e-05	-4.4e-05	-1.02065e-20
7.2e-05	-4e-05	1.18064e-20
7.2e-05	-3.6e-05	-5.98374e-21
7.2e-05	-3.2e-05	1.73647e-21
7.2e-05	-2.8e-05	-2.57066e-21
7.2e-05	-2.4e-05	1.48379e-21
7.2e-05	-2e-05	-5.22478e-22
7.2e-05	-1.6e-05	1.56112e-23
7.2e-05	-1.2e-05	3.74272e-22
7.2e-05	-8e-06	-2.32362e-22
7.2e-05	-4e-06	9.84091e-23
7.2e-05	0	-5.40778e-23
7.2e-05	4e-06	-1.0436e-23
7.2e-05	8e-06	4.81901e-23
7.2e-05	1.2e-05	-1.0001e-22
7.2e-05	1.6e-05	1.11649e-22
7.2e-05	2e-05	-8.46593e-23
7.2e-05	2.4e-05	-1.35509e-22
7.2e-05	2.8e-05	6.58239e-23
7.2e-05	3.2e-05	-8.16492e-22
7.2e-05	3.6e-05	1.12531e-21
7.2e-05	4e-05	-3.47038e-21
7.2e-05	4.4e-05	2.13997e-21
7.2e-05	4.8e-05	-6.64689e-21
7.2e-05	5.2e-05	5.36623e-22
7.2e-05	5.6e-05	-9.7197e-21
7.2e-05	6e-05	2.79251e-21
7.2e-05	6.4e-05	-7.76106e-21
7.2e-05	6.8e-05	4.81472e-21
7.2e-05	7.2e-05	-1.60257e-20
7.2e-05	7.6e-05	1.07005e-20
7.6e-05	-8e-05	-1.87037e-20
7.6e-05	-7.6e-05	1.42205e-21
7.6e-05	-7.2e-05	-1.84049e-20
7.6e-05	-6.8e-05	3.93083e-21
7.6e-05	-6.4e-05	-1.63897e-20
7.6e-05	-6e-05	1.12678e-20
7.6e-05	-5.6e-05	-1.08175e-20
7.6e-05	-5.2e-05	1.56936e-21
7.6e-05	-4.8e-05	-5.01333e-21
7.6e-05	-4.4e-05	1.66246e-21
7.6e-05	-4e-05	-4.97117e-21
7.6e-05	-3.6e-05	1.02481e-21
7.6e-05	-3.2e-05	-7.57004e-22
7.6e-05	-2.8e-05	2.77484e-22
7.6e-05	-2.4e-05	-4.09173e-23
7.6e-05	-2e-05	-1.65918e-22
7.6e-05	-1.6e-05	1.80654e-22
7.6e-05	-1.2e-05	-1.16207e-22
7.6e-05	-8e-06	8.17718e-23
7.6e-05	-4e-06	-3.89165e-23
7.6e-05	0	9.69048e-24
7.6e-05	4e-06	1.31541e-24
7.6e-05	8e-06	-1.39068e-23
7.6e-05	1.2e-05	1.89727e-23
7.6e-05	1.6e-05	-5.88504e-23
7.6e-05	2e-05	5.2897e-23
7.6e-05	2.4e-05	-7.88025e-23
7.6e-05	2.8e-05	4.89551e-23
7.6e-05	3.2e-05	-2.4397e-25
7.6e-05	3.6e-05	-1.87258e-22
7.6e-05	4e-05	1.55363e-22
7.6e-05	4.4e-05	-9.75792e-22
7.6e-05	4.8e-05	8.47083e-22
7.6e-05	5.2e-05	-2.70869e-21
7.6e-05	5.6e-05	6.80925e-22
7.6e-05	6e-05	-3.13493e-21
7.6e-05	6.4e-05	1.76164e-21
7.6e-05	6.8e-05	-2.44332e-21
7.6e-05	7.2e-05	3.43511e-21
7.6e-05	7.6e-05	-5.40519e-21
