-8e-05	-8e-05	-7.69714e-16
-8e-05	-7.6e-05	1.1198e-15
-8e-05	-7.2e-05	-1.36806e-15
-8e-05	-6.8e-05	1.07328e-15
-8e-05	-6.4e-05	9.35167e-17
-8e-05	-6e-05	3.89466e-16
-8e-05	-5.6e-05	2.7976e-16
-8e-05	-5.2e-05	9.66049e-17
-8e-05	-4.8e-05	-3.71167e-17
-8e-05	-4.4e-05	-1.14963e-16
-8e-05	-4e-05	-2.01082e-16
-8e-05	-3.6e-05	-2.29464e-16
-8e-05	-3.2e-05	2.8005e-17
-8e-05	-2.8e-05	2.37305e-16
-8e-05	-2.4e-05	-1.78995e-16
-8e-05	-2e-05	-1.75265e-17
-8e-05	-1.6e-05	-4.6964e-16
-8e-05	-1.2e-05	4.42001e-17
-8e-05	-8e-06	-3.52194e-17
-8e-05	-4e-06	-5.3719e-17
-8e-05	0	1.15872e-16
-8e-05	4e-06	9.39819e-17
-8e-05	8e-06	3.22337e-18
-8e-05	1.2e-05	-1.09848e-16
-8e-05	1.6e-05	-1.07013e-16
-8e-05	2e-05	-4.40736e-17
-8e-05	2.4e-05	-4.9356e-17
-8e-05	2.8e-05	2.12279e-16
-8e-05	3.2e-05	2.63812e-16
-8e-05	3.6e-05	2.56976e-16
-8e-05	4e-05	-9.55839e-17
-8e-05	4.4e-05	3.11623e-16
-8e-05	4.8e-05	-3.06194e-16
-8e-05	5.2e-05	-2.33315e-16
-8e-05	5.6e-05	1.8255e-16
-8e-05	6e-05	3.31706e-16
-8e-05	6.4e-05	-5.9699e-17
-8e-05	6.8e-05	1.87912e-15
-8e-05	7.2e-05	8.52417e-16
-8e-05	7.6e-05	2.36346e-17
-7.6e-05	-8e-05	1.0017e-15
-7.6e-05	-7.6e-05	-4.16548e-16
-7.6e-05	-7.2e-05	5.70794e-16
-7.6e-05	-6.8e-05	-4.35099e-16
-7.6e-05	-6.4e-05	-1.4429e-16
-7.6e-05	-6e-05	-5.89223e-16
-7.6e-05	-5.6e-05	-5.04905e-16
-7.6e-05	-5.2e-05	1.99142e-15
-7.6e-05	-4.8e-05	-3.98903e-16
-7.6e-05	-4.4e-05	-2.14637e-15
-7.6e-05	-4e-05	-1.11165e-16
-7.6e-05	-3.6e-05	2.91526e-15
-7.6e-05	-3.2e-05	1.84219e-16
-7.6e-05	-2.8e-05	3.79816e-15
-7.6e-05	-2.4e-05	-1.84152e-17
-7.6e-05	-2e-05	8.46942e-16
-7.6e-05	-1.6e-05	-4.6673e-17
-7.6e-05	-1.2e-05	6.33788e-16
-7.6e-05	-8e-06	-3.41884e-16
-7.6e-05	-4e-06	-6.24241e-19
-7.6e-05	0	-7.37388e-16
-7.6e-05	4e-06	-2.37139e-16
-7.6e-05	8e-06	8.16006e-16
-7.6e-05	1.2e-05	1.92057e-15
-7.6e-05	1.6e-05	-2.19083e-15
-7.6e-05	2e-05	-1.48853e-15
-7.6e-05	2.4e-05	4.68202e-17
-7.6e-05	2.8e-05	3.60462e-16
-7.6e-05	3.2e-05	-5.39656e-16
-7.6e-05	3.6e-05	7.05629e-16
-7.6e-05	4e-05	1.37424e-15
-7.6e-05	4.4e-05	-3.53983e-16
-7.6e-05	4.8e-05	1.36025e-15
-7.6e-05	5.2e-05	-1.35075e-19
-7.6e-05	5.6e-05	1.44205e-16
-7.6e-05	6e-05	9.6572e-17
-7.6e-05	6.4e-05	-4.6735e-17
-7.6e-05	6.8e-05	8.75097e-16
-7.6e-05	7.2e-05	1.5967e-15
-7.6e-05	7.6e-05	2.6928e-16
-7.2e-05	-8e-05	-9.72201e-16
-7.2e-05	-7.6e-05	1.62038e-16
-7.2e-05	-7.2e-05	1.07106e-16
-7.2e-05	-6.8e-05	-2.1617e-16
-7.2e-05	-6.4e-05	-6.41036e-16
-7.2e-05	-6e-05	-1.02766e-15
-7.2e-05	-5.6e-05	-5.24902e-16
-7.2e-05	-5.2e-05	4.37947e-16
-7.2e-05	-4.8e-05	2.18536e-16
-7.2e-05	-4.4e-05	-4.74191e-16
-7.2e-05	-4e-05	-1.3202e-16
-7.2e-05	-3.6e-05	-3.55514e-16
-7.2e-05	-3.2e-05	9.77197e-16
-7.2e-05	-2.8e-05	2.07357e-15
-7.2e-05	-2.4e-05	-3.24822e-15
-7.2e-05	-2e-05	7.22412e-17
-7.2e-05	-1.6e-05	1.12769e-15
-7.2e-05	-1.2e-05	-2.38361e-15
-7.2e-05	-8e-06	2.83394e-15
-7.2e-05	-4e-06	2.4503e-15
-7.2e-05	0	-6.47456e-16
-7.2e-05	4e-06	-5.93488e-15
-7.2e-05	8e-06	-6.33369e-17
-7.2e-05	1.2e-05	-6.46044e-15
-7.2e-05	1.6e-05	9.71222e-16
-7.2e-05	2e-05	5.73763e-16
-7.2e-05	2.4e-05	-2.00389e-16
-7.2e-05	2.8e-05	9.03421e-18
-7.2e-05	3.2e-05	-1.1937e-16
-7.2e-05	3.6e-05	-4.64611e-16
-7.2e-05	4e-05	-8.34988e-17
-7.2e-05	4.4e-05	-2.2105e-16
-7.2e-05	4.8e-05	-4.86382e-17
-7.2e-05	5.2e-05	-1.52237e-16
-7.2e-05	5.6e-05	-2.90372e-17
-7.2e-05	6e-05	-1.65604e-16
-7.2e-05	6.4e-05	-2.51315e-16
-7.2e-05	6.8e-05	2.20684e-16
-7.2e-05	7.2e-05	2.59863e-16
-7.2e-05	7.6e-05	1.29386e-16
-6.8e-05	-8e-05	8.38496e-16
-6.8e-05	-7.6e-05	1.4034e-16
-6.8e-05	-7.2e-05	5.82113e-16
-6.8e-05	-6.8e-05	6.43891e-17
-6.8e-05	-6.4e-05	-9.70017e-16
-6.8e-05	-6e-05	-1.60376e-18
-6.8e-05	-5.6e-05	1.9717e-16
-6.8e-05	-5.2e-05	2.67408e-16
-6.8e-05	-4.8e-05	2.13602e-16
-6.8e-05	-4.4e-05	-2.84413e-16
-6.8e-05	-4e-05	-2.96009e-16
-6.8e-05	-3.6e-05	-2.69482e-16
-6.8e-05	-3.2e-05	1.24785e-16
-6.8e-05	-2.8e-05	-1.18782e-16
-6.8e-05	-2.4e-05	-2.0052e-16
-6.8e-05	-2e-05	9.38787e-18
-6.8e-05	-1.6e-05	-2.42677e-16
-6.8e-05	-1.2e-05	1.52767e-16
-6.8e-05	-8e-06	-1.62824e-16
-6.8e-05	-4e-06	2.21062e-16
-6.8e-05	0	-1.19523e-16
-6.8e-05	4e-06	-5.97127e-17
-6.8e-05	8e-06	2.43002e-17
-6.8e-05	1.2e-05	-9.15141e-17
-6.8e-05	1.6e-05	1.47434e-16
-6.8e-05	2e-05	-2.01397e-16
-6.8e-05	2.4e-05	4.20572e-17
-6.8e-05	2.8e-05	-2.52936e-16
-6.8e-05	3.2e-05	-8.10142e-18
-6.8e-05	3.6e-05	-1.74487e-16
-6.8e-05	4e-05	-3.1217e-16
-6.8e-05	4.4e-05	-3.20588e-16
-6.8e-05	4.8e-05	-5.46653e-17
-6.8e-05	5.2e-05	2.53713e-16
-6.8e-05	5.6e-05	-1.23834e-16
-6.8e-05	6e-05	4.51909e-17
-6.8e-05	6.4e-05	1.26724e-16
-6.8e-05	6.8e-05	-2.32808e-16
-6.8e-05	7.2e-05	1.71635e-16
-6.8e-05	7.6e-05	-9.42415e-17
-6.4e-05	-8e-05	1.97613e-16
-6.4e-05	-7.6e-05	-1.12727e-16
-6.4e-05	-7.2e-05	1.56363e-16
-6.4e-05	-6.8e-05	-6.878e-16
-6.4e-05	-6.4e-05	2.28694e-16
-6.4e-05	-6e-05	7.82432e-16
-6.4e-05	-5.6e-05	2.91427e-16
-6.4e-05	-5.2e-05	1.21534e-16
-6.4e-05	-4.8e-05	-5.00577e-17
-6.4e-05	-4.4e-05	-5.23664e-16
-6.4e-05	-4e-05	-3.72172e-16
-6.4e-05	-3.6e-05	6.87593e-17
-6.4e-05	-3.2e-05	-1.50512e-16
-6.4e-05	-2.8e-05	-5.31305e-17
-6.4e-05	-2.4e-05	1.36237e-16
-6.4e-05	-2e-05	-2.09295e-16
-6.4e-05	-1.6e-05	1.17483e-16
-6.4e-05	-1.2e-05	-1.89823e-16
-6.4e-05	-8e-06	2.06334e-16
-6.4e-05	-4e-06	-9.21622e-17
-6.4e-05	0	1.09643e-16
-6.4e-05	4e-06	-1.34469e-17
-6.4e-05	8e-06	-2.07824e-17
-6.4e-05	1.2e-05	1.97018e-17
-6.4e-05	1.6e-05	-4.65629e-17
-6.4e-05	2e-05	-2.01603e-16
-6.4e-05	2.4e-05	-2.89283e-16
-6.4e-05	2.8e-05	-8.78874e-17
-6.4e-05	3.2e-05	-1.61288e-16
-6.4e-05	3.6e-05	4.4558e-17
-6.4e-05	4e-05	6.07716e-17
-6.4e-05	4.4e-05	-6.08479e-16
-6.4e-05	4.8e-05	-4.77912e-16
-6.4e-05	5.2e-05	-7.62664e-19
-6.4e-05	5.6e-05	2.02184e-16
-6.4e-05	6e-05	8.23064e-17
-6.4e-05	6.4e-05	1.54287e-16
-6.4e-05	6.8e-05	3.89083e-17
-6.4e-05	7.2e-05	1.17048e-16
-6.4e-05	7.6e-05	2.38104e-16
-6e-05	-8e-05	2.02443e-16
-6e-05	-7.6e-05	1.6897e-16
-6e-05	-7.2e-05	1.41138e-16
-6e-05	-6.8e-05	1.54454e-16
-6e-05	-6.4e-05	7.01988e-16
-6e-05	-6e-05	2.34588e-16
-6e-05	-5.6e-05	-3.25577e-16
-6e-05	-5.2e-05	2.92876e-16
-6e-05	-4.8e-05	-2.65327e-16
-6e-05	-4.4e-05	-5.18131e-16
-6e-05	-4e-05	-1.46093e-16
-6e-05	-3.6e-05	-4.85325e-17
-6e-05	-3.2e-05	-3.24232e-17
-6e-05	-2.8e-05	6.61111e-17
-6e-05	-2.4e-05	-2.2505e-16
-6e-05	-2e-05	-7.21299e-17
-6e-05	-1.6e-05	-2.30427e-16
-6e-05	-1.2e-05	7.9731e-17
-6e-05	-8e-06	-1.87118e-16
-6e-05	-4e-06	1.76595e-16
-6e-05	0	-2.27809e-16
-6e-05	4e-06	1.41149e-17
-6e-05	8e-06	5.56307e-17
-6e-05	1.2e-05	1.01247e-16
-6e-05	1.6e-05	1.36671e-16
-6e-05	2e-05	-1.50397e-16
-6e-05	2.4e-05	-9.10389e-17
-6e-05	2.8e-05	-1.11333e-16
-6e-05	3.2e-05	-3.81634e-16
-6e-05	3.6e-05	-3.72876e-16
-6e-05	4e-05	3.37643e-16
-6e-05	4.4e-05	4.16585e-18
-6e-05	4.8e-05	-6.281e-16
-6e-05	5.2e-05	1.44383e-16
-6e-05	5.6e-05	5.79459e-17
-6e-05	6e-05	1.89289e-16
-6e-05	6.4e-05	1.9838e-16
-6e-05	6.8e-05	-5.06249e-17
-6e-05	7.2e-05	8.81308e-17
-6e-05	7.6e-05	2.47731e-16
-5.6e-05	-8e-05	4.01609e-16
-5.6e-05	-7.6e-05	2.93279e-16
-5.6e-05	-7.2e-05	3.59361e-16
-5.6e-05	-6.8e-05	3.71645e-16
-5.6e-05	-6.4e-05	3.3472e-16
-5.6e-05	-6e-05	-8.13197e-17
-5.6e-05	-5.6e-05	4.57118e-16
-5.6e-05	-5.2e-05	4.08708e-16
-5.6e-05	-4.8e-05	-6.96348e-16
-5.6e-05	-4.4e-05	-3.86888e-16
-5.6e-05	-4e-05	-1.28481e-16
-5.6e-05	-3.6e-05	7.51968e-17
-5.6e-05	-3.2e-05	-2.202e-16
-5.6e-05	-2.8e-05	-2.96428e-16
-5.6e-05	-2.4e-05	7.90251e-17
-5.6e-05	-2e-05	-3.32248e-16
-5.6e-05	-1.6e-05	2.17005e-16
-5.6e-05	-1.2e-05	-2.19893e-16
-5.6e-05	-8e-06	8.7753e-17
-5.6e-05	-4e-06	-1.77598e-16
-5.6e-05	0	-4.35609e-17
-5.6e-05	4e-06	1.07999e-17
-5.6e-05	8e-06	1.38529e-17
-5.6e-05	1.2e-05	-9.23939e-17
-5.6e-05	1.6e-05	-1.34777e-17
-5.6e-05	2e-05	-1.85391e-18
-5.6e-05	2.4e-05	-1.44475e-16
-5.6e-05	2.8e-05	3.74625e-16
-5.6e-05	3.2e-05	1.90415e-16
-5.6e-05	3.6e-05	-5.29148e-16
-5.6e-05	4e-05	-1.92482e-16
-5.6e-05	4.4e-05	2.68303e-16
-5.6e-05	4.8e-05	-3.49403e-16
-5.6e-05	5.2e-05	-7.63137e-16
-5.6e-05	5.6e-05	8.88673e-17
-5.6e-05	6e-05	4.90348e-17
-5.6e-05	6.4e-05	9.94555e-17
-5.6e-05	6.8e-05	2.37227e-17
-5.6e-05	7.2e-05	2.06282e-16
-5.6e-05	7.6e-05	3.83061e-16
-5.2e-05	-8e-05	4.59347e-16
-5.2e-05	-7.6e-05	7.08924e-16
-5.2e-05	-7.2e-05	4.64334e-16
-5.2e-05	-6.8e-05	3.21255e-16
-5.2e-05	-6.4e-05	2.91142e-16
-5.2e-05	-6e-05	1.84636e-16
-5.2e-05	-5.6e-05	1.31535e-16
-5.2e-05	-5.2e-05	-7.8494e-16
-5.2e-05	-4.8e-05	-9.79511e-16
-5.2e-05	-4.4e-05	-1.35387e-16
-5.2e-05	-4e-05	4.04008e-16
-5.2e-05	-3.6e-05	-1.88505e-16
-5.2e-05	-3.2e-05	8.46688e-17
-5.2e-05	-2.8e-05	2.53912e-16
-5.2e-05	-2.4e-05	-1.43148e-16
-5.2e-05	-2e-05	-8.86239e-17
-5.2e-05	-1.6e-05	-2.36355e-16
-5.2e-05	-1.2e-05	1.50109e-16
-5.2e-05	-8e-06	1.45336e-16
-5.2e-05	-4e-06	2.25345e-16
-5.2e-05	0	-4.23216e-17
-5.2e-05	4e-06	-1.95196e-16
-5.2e-05	8e-06	1.6445e-16
-5.2e-05	1.2e-05	-6.46517e-17
-5.2e-05	1.6e-05	2.92626e-17
-5.2e-05	2e-05	-2.65525e-16
-5.2e-05	2.4e-05	-1.68573e-16
-5.2e-05	2.8e-05	-1.59204e-16
-5.2e-05	3.2e-05	4.54424e-16
-5.2e-05	3.6e-05	1.54022e-16
-5.2e-05	4e-05	-5.25623e-16
-5.2e-05	4.4e-05	3.20107e-16
-5.2e-05	4.8e-05	1.03719e-16
-5.2e-05	5.2e-05	-3.20521e-16
-5.2e-05	5.6e-05	-7.44268e-16
-5.2e-05	6e-05	-1.98533e-16
-5.2e-05	6.4e-05	-1.09594e-16
-5.2e-05	6.8e-05	-4.63095e-16
-5.2e-05	7.2e-05	-1.53968e-16
-5.2e-05	7.6e-05	1.10418e-16
-4.8e-05	-8e-05	2.33215e-16
-4.8e-05	-7.6e-05	7.20901e-17
-4.8e-05	-7.2e-05	-6.03276e-17
-4.8e-05	-6.8e-05	-1.5519e-16
-4.8e-05	-6.4e-05	-2.57607e-16
-4.8e-05	-6e-05	-4.41855e-16
-4.8e-05	-5.6e-05	-6.90066e-16
-4.8e-05	-5.2e-05	-8.23641e-16
-4.8e-05	-4.8e-05	-1.17273e-16
-4.8e-05	-4.4e-05	1.04426e-15
-4.8e-05	-4e-05	-3.04216e-16
-4.8e-05	-3.6e-05	1.50402e-16
-4.8e-05	-3.2e-05	7.0823e-17
-4.8e-05	-2.8e-05	-2.38785e-16
-4.8e-05	-2.4e-05	-1.41669e-16
-4.8e-05	-2e-05	-2.64883e-16
-4.8e-05	-1.6e-05	9.23248e-17
-4.8e-05	-1.2e-05	-2.03703e-16
-4.8e-05	-8e-06	7.20404e-17
-4.8e-05	-4e-06	-1.02921e-16
-4.8e-05	0	-9.43549e-17
-4.8e-05	4e-06	2.75365e-16
-4.8e-05	8e-06	1.99436e-17
-4.8e-05	1.2e-05	3.45192e-16
-4.8e-05	1.6e-05	-3.52314e-17
-4.8e-05	2e-05	1.72804e-16
-4.8e-05	2.4e-05	-1.28079e-16
-4.8e-05	2.8e-05	-4.49574e-16
-4.8e-05	3.2e-05	-5.19392e-16
-4.8e-05	3.6e-05	5.54279e-16
-4.8e-05	4e-05	-9.23924e-17
-4.8e-05	4.4e-05	-5.18886e-16
-4.8e-05	4.8e-05	4.00404e-16
-4.8e-05	5.2e-05	-1.06883e-16
-4.8e-05	5.6e-05	2.52085e-16
-4.8e-05	6e-05	-4.66524e-16
-4.8e-05	6.4e-05	-1.95056e-16
-4.8e-05	6.8e-05	-3.47662e-16
-4.8e-05	7.2e-05	-4.64907e-16
-4.8e-05	7.6e-05	-4.53021e-16
-4.4e-05	-8e-05	-2.82083e-16
-4.4e-05	-7.6e-05	-3.52665e-16
-4.4e-05	-7.2e-05	-3.73268e-16
-4.4e-05	-6.8e-05	-5.9788e-16
-4.4e-05	-6.4e-05	-3.72193e-16
-4.4e-05	-6e-05	-4.55879e-16
-4.4e-05	-5.6e-05	8.99362e-17
-4.4e-05	-5.2e-05	-2.64295e-16
-4.4e-05	-4.8e-05	9.62808e-16
-4.4e-05	-4.4e-05	-3.78592e-16
-4.4e-05	-4e-05	-1.95449e-16
-4.4e-05	-3.6e-05	2.405e-16
-4.4e-05	-3.2e-05	-2.47878e-16
-4.4e-05	-2.8e-05	-6.53098e-17
-4.4e-05	-2.4e-05	-3.13177e-16
-4.4e-05	-2e-05	2.67735e-16
-4.4e-05	-1.6e-05	-4.08867e-16
-4.4e-05	-1.2e-05	2.34814e-16
-4.4e-05	-8e-06	-1.7077e-16
-4.4e-05	-4e-06	1.03103e-16
-4.4e-05	0	-1.68421e-16
-4.4e-05	4e-06	7.32614e-18
-4.4e-05	8e-06	-1.22081e-16
-4.4e-05	1.2e-05	9.45706e-17
-4.4e-05	1.6e-05	2.45437e-16
-4.4e-05	2e-05	-3.72294e-16
-4.4e-05	2.4e-05	5.643e-16
-4.4e-05	2.8e-05	-1.36549e-16
-4.4e-05	3.2e-05	-6.62563e-16
-4.4e-05	3.6e-05	4.59907e-17
-4.4e-05	4e-05	2.36069e-16
-4.4e-05	4.4e-05	-1.49219e-16
-4.4e-05	4.8e-05	-8.81282e-17
-4.4e-05	5.2e-05	4.32781e-16
-4.4e-05	5.6e-05	-2.53472e-16
-4.4e-05	6e-05	2.78161e-16
-4.4e-05	6.4e-05	-3.57203e-16
-4.4e-05	6.8e-05	-1.34178e-20
-4.4e-05	7.2e-05	-5.90113e-16
-4.4e-05	7.6e-05	-6.80484e-17
-4e-05	-8e-05	-5.69803e-16
-4e-05	-7.6e-05	-7.54703e-17
-4e-05	-7.2e-05	-6.43013e-16
-4e-05	-6.8e-05	-3.0127e-17
-4e-05	-6.4e-05	-4.18095e-16
-4e-05	-6e-05	4.25046e-16
-4e-05	-5.6e-05	-3.37649e-16
-4e-05	-5.2e-05	5.12929e-16
-4e-05	-4.8e-05	-1.91357e-16
-4e-05	-4.4e-05	-1.15684e-16
-4e-05	-4e-05	1.982e-16
-4e-05	-3.6e-05	2.61446e-16
-4e-05	-3.2e-05	2.16143e-17
-4e-05	-2.8e-05	-3.01901e-16
-4e-05	-2.4e-05	1.80982e-16
-4e-05	-2e-05	-4.07304e-16
-4e-05	-1.6e-05	4.24714e-16
-4e-05	-1.2e-05	-2.2949e-16
-4e-05	-8e-06	1.09756e-16
-4e-05	-4e-06	-1.13719e-16
-4e-05	0	-2.95684e-17
-4e-05	4e-06	1.33586e-16
-4e-05	8e-06	2.29835e-16
-4e-05	1.2e-05	-2.67988e-16
-4e-05	1.6e-05	-3.09148e-16
-4e-05	2e-05	-1.95185e-16
-4e-05	2.4e-05	-3.78825e-16
-4e-05	2.8e-05	5.11563e-16
-4e-05	3.2e-05	-4.40034e-16
-4e-05	3.6e-05	-1.07334e-17
-4e-05	4e-05	6.39145e-17
-4e-05	4.4e-05	4.27786e-17
-4e-05	4.8e-05	9.84337e-17
-4e-05	5.2e-05	-1.02117e-17
-4e-05	5.6e-05	2.61048e-16
-4e-05	6e-05	-3.96859e-16
-4e-05	6.4e-05	4.64923e-16
-4e-05	6.8e-05	-2.80441e-16
-4e-05	7.2e-05	3.77236e-16
-4e-05	7.6e-05	-5.12676e-16
-3.6e-05	-8e-05	5.00522e-16
-3.6e-05	-7.6e-05	-5.92121e-16
-3.6e-05	-7.2e-05	6.46324e-16
-3.6e-05	-6.8e-05	-5.18471e-16
-3.6e-05	-6.4e-05	6.28957e-16
-3.6e-05	-6e-05	-1.66165e-16
-3.6e-05	-5.6e-05	3.96878e-16
-3.6e-05	-5.2e-05	-1.02256e-16
-3.6e-05	-4.8e-05	2.77926e-16
-3.6e-05	-4.4e-05	7.80927e-17
-3.6e-05	-4e-05	1.2359e-16
-3.6e-05	-3.6e-05	1.00088e-16
-3.6e-05	-3.2e-05	-6.67991e-16
-3.6e-05	-2.8e-05	-6.65619e-17
-3.6e-05	-2.4e-05	-2.97369e-16
-3.6e-05	-2e-05	5.30823e-16
-3.6e-05	-1.6e-05	-7.43334e-16
-3.6e-05	-1.2e-05	-9.28124e-15
-3.6e-05	-8e-06	1.5505e-14
-3.6e-05	-4e-06	-1.82456e-14
-3.6e-05	0	1.77981e-14
-3.6e-05	4e-06	-1.29383e-14
-3.6e-05	8e-06	6.35221e-15
-3.6e-05	1.2e-05	1.0766e-16
-3.6e-05	1.6e-05	4.63817e-17
-3.6e-05	2e-05	6.67208e-17
-3.6e-05	2.4e-05	3.0737e-16
-3.6e-05	2.8e-05	-2.42454e-16
-3.6e-05	3.2e-05	-3.95872e-17
-3.6e-05	3.6e-05	-4.44172e-16
-3.6e-05	4e-05	3.83996e-16
-3.6e-05	4.4e-05	-8.34762e-17
-3.6e-05	4.8e-05	-1.39026e-16
-3.6e-05	5.2e-05	-8.03305e-17
-3.6e-05	5.6e-05	-4.70116e-17
-3.6e-05	6e-05	6.27503e-17
-3.6e-05	6.4e-05	-2.63468e-16
-3.6e-05	6.8e-05	3.40703e-16
-3.6e-05	7.2e-05	-3.75315e-16
-3.6e-05	7.6e-05	6.08915e-16
-3.2e-05	-8e-05	-5.09884e-16
-3.2e-05	-7.6e-05	5.60105e-16
-3.2e-05	-7.2e-05	-4.27239e-16
-3.2e-05	-6.8e-05	6.49995e-16
-3.2e-05	-6.4e-05	-1.91829e-16
-3.2e-05	-6e-05	4.10879e-16
-3.2e-05	-5.6e-05	1.74346e-17
-3.2e-05	-5.2e-05	-1.50391e-16
-3.2e-05	-4.8e-05	5.83181e-17
-3.2e-05	-4.4e-05	-2.62294e-16
-3.2e-05	-4e-05	1.11353e-16
-3.2e-05	-3.6e-05	-4.27748e-16
-3.2e-05	-3.2e-05	9.74647e-17
-3.2e-05	-2.8e-05	1.95501e-16
-3.2e-05	-2.4e-05	4.81947e-16
-3.2e-05	-2e-05	-1.57493e-15
-3.2e-05	-1.6e-05	-5.78583e-14
-3.2e-05	-1.2e-05	-1.39322e-12
-3.2e-05	-8e-06	2.34757e-12
-3.2e-05	-4e-06	-2.70765e-12
-3.2e-05	0	2.61282e-12
-3.2e-05	4e-06	-1.98089e-12
-3.2e-05	8e-06	9.85351e-13
-3.2e-05	1.2e-05	4.09321e-14
-3.2e-05	1.6e-05	7.70949e-16
-3.2e-05	2e-05	-8.10922e-17
-3.2e-05	2.4e-05	-4.8215e-16
-3.2e-05	2.8e-05	3.47747e-16
-3.2e-05	3.2e-05	-7.91374e-17
-3.2e-05	3.6e-05	1.1004e-16
-3.2e-05	4e-05	-1.48609e-16
-3.2e-05	4.4e-05	-2.74234e-17
-3.2e-05	4.8e-05	-1.06849e-16
-3.2e-05	5.2e-05	1.34788e-16
-3.2e-05	5.6e-05	-1.38465e-16
-3.2e-05	6e-05	8.04007e-17
-3.2e-05	6.4e-05	7.86921e-18
-3.2e-05	6.8e-05	4.80551e-17
-3.2e-05	7.2e-05	3.28983e-16
-3.2e-05	7.6e-05	-2.02169e-16
-2.8e-05	-8e-05	2.19609e-16
-2.8e-05	-7.6e-05	-2.87729e-16
-2.8e-05	-7.2e-05	3.23305e-16
-2.8e-05	-6.8e-05	-6.96358e-18
-2.8e-05	-6.4e-05	3.26248e-16
-2.8e-05	-6e-05	1.88141e-16
-2.8e-05	-5.6e-05	-2.07773e-16
-2.8e-05	-5.2e-05	2.02718e-16
-2.8e-05	-4.8e-05	-1.83673e-16
-2.8e-05	-4.4e-05	-7.39649e-18
-2.8e-05	-4e-05	-2.2518e-16
-2.8e-05	-3.6e-05	-4.67986e-17
-2.8e-05	-3.2e-05	1.15351e-16
-2.8e-05	-2.8e-05	5.37813e-16
-2.8e-05	-2.4e-05	-2.98378e-15
-2.8e-05	-2e-05	-1.47123e-13
-2.8e-05	-1.6e-05	-7.21355e-12
-2.8e-05	-1.2e-05	-2.08752e-10
-2.8e-05	-8e-06	3.52041e-10
-2.8e-05	-4e-06	-4.06303e-10
-2.8e-05	0	3.91909e-10
-2.8e-05	4e-06	-2.97218e-10
-2.8e-05	8e-06	1.47946e-10
-2.8e-05	1.2e-05	5.13914e-12
-2.8e-05	1.6e-05	1.05202e-13
-2.8e-05	2e-05	1.71751e-15
-2.8e-05	2.4e-05	-8.54276e-17
-2.8e-05	2.8e-05	-3.56226e-16
-2.8e-05	3.2e-05	5.85933e-16
-2.8e-05	3.6e-05	-2.32081e-16
-2.8e-05	4e-05	1.39709e-16
-2.8e-05	4.4e-05	3.91649e-17
-2.8e-05	4.8e-05	-5.68532e-17
-2.8e-05	5.2e-05	-1.29928e-16
-2.8e-05	5.6e-05	1.06042e-16
-2.8e-05	6e-05	-4.07456e-16
-2.8e-05	6.4e-05	-6.21109e-17
-2.8e-05	6.8e-05	-2.53451e-17
-2.8e-05	7.2e-05	-1.15984e-17
-2.8e-05	7.6e-05	8.41976e-17
-2.4e-05	-8e-05	-1.54744e-16
-2.4e-05	-7.6e-05	8.32688e-17
-2.4e-05	-7.2e-05	-6.33035e-17
-2.4e-05	-6.8e-05	1.38215e-16
-2.4e-05	-6.4e-05	2.54908e-16
-2.4e-05	-6e-05	6.46793e-17
-2.4e-05	-5.6e-05	1.83205e-17
-2.4e-05	-5.2e-05	-1.9993e-16
-2.4e-05	-4.8e-05	-1.92208e-16
-2.4e-05	-4.4e-05	-3.10495e-16
-2.4e-05	-4e-05	1.49417e-16
-2.4e-05	-3.6e-05	-2.74997e-16
-2.4e-05	-3.2e-05	7.3059e-16
-2.4e-05	-2.8e-05	-2.83821e-15
-2.4e-05	-2.4e-05	-1.98021e-13
-2.4e-05	-2e-05	-1.4618e-11
-2.4e-05	-1.6e-05	-8.60213e-10
-2.4e-05	-1.2e-05	-3.12847e-08
-2.4e-05	-8e-06	5.27924e-08
-2.4e-05	-4e-06	-6.09636e-08
-2.4e-05	0	5.87897e-08
-2.4e-05	4e-06	-4.45918e-08
-2.4e-05	8e-06	2.22197e-08
-2.4e-05	1.2e-05	6.13647e-10
-2.4e-05	1.6e-05	1.04497e-11
-2.4e-05	2e-05	1.42076e-13
-2.4e-05	2.4e-05	1.79594e-15
-2.4e-05	2.8e-05	-2.30938e-16
-2.4e-05	3.2e-05	-2.28879e-17
-2.4e-05	3.6e-05	5.10035e-16
-2.4e-05	4e-05	-1.04002e-17
-2.4e-05	4.4e-05	3.0965e-16
-2.4e-05	4.8e-05	-8.18452e-18
-2.4e-05	5.2e-05	-6.45777e-17
-2.4e-05	5.6e-05	-2.87636e-16
-2.4e-05	6e-05	1.29336e-17
-2.4e-05	6.4e-05	-3.33555e-16
-2.4e-05	6.8e-05	-2.33436e-16
-2.4e-05	7.2e-05	9.46959e-17
-2.4e-05	7.6e-05	-2.69737e-16
-2e-05	-8e-05	-1.26446e-16
-2e-05	-7.6e-05	-3.98561e-16
-2e-05	-7.2e-05	3.78746e-17
-2e-05	-6.8e-05	1.24435e-16
-2e-05	-6.4e-05	3.53661e-17
-2e-05	-6e-05	-2.60051e-17
-2e-05	-5.6e-05	-3.69174e-16
-2e-05	-5.2e-05	1.39736e-16
-2e-05	-4.8e-05	-3.06599e-16
-2e-05	-4.4e-05	4.33088e-16
-2e-05	-4e-05	-7.50758e-17
-2e-05	-3.6e-05	4.99541e-16
-2e-05	-3.2e-05	-1.3212e-15
-2e-05	-2.8e-05	-1.49627e-13
-2e-05	-2.4e-05	-1.47534e-11
-2e-05	-2e-05	-1.30615e-09
-2e-05	-1.6e-05	-9.61946e-08
-2e-05	-1.2e-05	-4.68876e-06
-2e-05	-8e-06	7.91681e-06
-2e-05	-4e-06	-9.14722e-06
-2e-05	0	8.81899e-06
-2e-05	4e-06	-6.69012e-06
-2e-05	8e-06	3.33724e-06
-2e-05	1.2e-05	6.87197e-08
-2e-05	1.6e-05	9.35001e-10
-2e-05	2e-05	1.0578e-11
-2e-05	2.4e-05	1.07148e-13
-2e-05	2.8e-05	8.94427e-16
-2e-05	3.2e-05	5.53298e-16
-2e-05	3.6e-05	-3.26204e-17
-2e-05	4e-05	3.06975e-17
-2e-05	4.4e-05	1.44645e-16
-2e-05	4.8e-05	3.21527e-16
-2e-05	5.2e-05	-1.80516e-16
-2e-05	5.6e-05	3.70691e-16
-2e-05	6e-05	-4.04686e-16
-2e-05	6.4e-05	3.83776e-17
-2e-05	6.8e-05	8.27259e-17
-2e-05	7.2e-05	1.52482e-16
-2e-05	7.6e-05	-1.71388e-17
-1.6e-05	-8e-05	-1.04188e-16
-1.6e-05	-7.6e-05	-1.20714e-16
-1.6e-05	-7.2e-05	1.78164e-16
-1.6e-05	-6.8e-05	-7.73567e-17
-1.6e-05	-6.4e-05	3.88023e-16
-1.6e-05	-6e-05	-1.76431e-16
-1.6e-05	-5.6e-05	4.48348e-16
-1.6e-05	-5.2e-05	-2.29887e-16
-1.6e-05	-4.8e-05	3.14663e-16
-1.6e-05	-4.4e-05	-3.03884e-16
-1.6e-05	-4e-05	2.4412e-16
-1.6e-05	-3.6e-05	-4.23885e-16
-1.6e-05	-3.2e-05	-6.04882e-14
-1.6e-05	-2.8e-05	-7.45852e-12
-1.6e-05	-2.4e-05	-8.80282e-10
-1.6e-05	-2e-05	-9.73737e-08
-1.6e-05	-1.6e-05	-9.56707e-06
-1.6e-05	-1.2e-05	-0.000702759
-1.6e-05	-8e-06	0.00118722
-1.6e-05	-4e-06	-0.00137248
-1.6e-05	0	0.00132293
-1.6e-05	4e-06	-0.00100372
-1.6e-05	8e-06	0.000501247
-1.6e-05	1.2e-05	6.84687e-06
-1.6e-05	1.6e-05	6.98455e-08
-1.6e-05	2e-05	6.32672e-10
-1.6e-05	2.4e-05	5.37059e-12
-1.6e-05	2.8e-05	4.36257e-14
-1.6e-05	3.2e-05	5.32683e-16
-1.6e-05	3.6e-05	-9.87506e-17
-1.6e-05	4e-05	-4.71175e-17
-1.6e-05	4.4e-05	1.15308e-16
-1.6e-05	4.8e-05	1.34658e-16
-1.6e-05	5.2e-05	2.51249e-18
-1.6e-05	5.6e-05	-3.84047e-16
-1.6e-05	6e-05	2.78877e-16
-1.6e-05	6.4e-05	-1.59116e-16
-1.6e-05	6.8e-05	4.9201e-18
-1.6e-05	7.2e-05	1.5255e-16
-1.6e-05	7.6e-05	1.85367e-16
-1.2e-05	-8e-05	-2.25674e-16
-1.2e-05	-7.6e-05	-7.95158e-17
-1.2e-05	-7.2e-05	-4.07914e-17
-1.2e-05	-6.8e-05	4.81113e-16
-1.2e-05	-6.4e-05	2.47988e-16
-1.2e-05	-6e-05	2.79153e-16
-1.2e-05	-5.6e-05	-2.90315e-16
-1.2e-05	-5.2e-05	2.62536e-16
-1.2e-05	-4.8e-05	-5.92467e-17
-1.2e-05	-4.4e-05	2.26982e-16
-1.2e-05	-4e-05	2.19517e-17
-1.2e-05	-3.6e-05	-1.04642e-14
-1.2e-05	-3.2e-05	-1.53046e-12
-1.2e-05	-2.8e-05	-2.25008e-10
-1.2e-05	-2.4e-05	-3.30799e-08
-1.2e-05	-2e-05	-4.8635e-06
-1.2e-05	-1.6e-05	-0.000715082
-1.2e-05	-1.2e-05	-0.105144
-1.2e-05	-8e-06	0.177776
-1.2e-05	-4e-06	-0.205656
-1.2e-05	0	0.198216
-1.2e-05	4e-06	-0.150437
-1.2e-05	8e-06	0.0752381
-1.2e-05	1.2e-05	0.00051346
-1.2e-05	1.6e-05	3.50409e-06
-1.2e-05	2e-05	2.39135e-08
-1.2e-05	2.4e-05	1.63196e-10
-1.2e-05	2.8e-05	1.11383e-12
-1.2e-05	3.2e-05	8.01278e-15
-1.2e-05	3.6e-05	1.793e-16
-1.2e-05	4e-05	-9.98664e-17
-1.2e-05	4.4e-05	1.94919e-16
-1.2e-05	4.8e-05	3.55643e-17
-1.2e-05	5.2e-05	7.31658e-18
-1.2e-05	5.6e-05	5.18105e-16
-1.2e-05	6e-05	-2.75721e-16
-1.2e-05	6.4e-05	-5.10648e-17
-1.2e-05	6.8e-05	3.83309e-16
-1.2e-05	7.2e-05	3.73416e-16
-1.2e-05	7.6e-05	-2.46094e-17
-8e-06	-8e-05	-3.58696e-17
-8e-06	-7.6e-05	4.44051e-17
-8e-06	-7.2e-05	3.126e-16
-8e-06	-6.8e-05	1.96511e-16
-8e-06	-6.4e-05	4.70553e-16
-8e-06	-6e-05	2.45453e-16
-8e-06	-5.6e-05	1.97223e-16
-8e-06	-5.2e-05	3.94977e-17
-8e-06	-4.8e-05	1.13664e-16
-8e-06	-4.4e-05	-1.34414e-16
-8e-06	-4e-05	-1.45766e-17
-8e-06	-3.6e-05	-1.20599e-14
-8e-06	-3.2e-05	-1.78259e-12
-8e-06	-2.8e-05	-2.61975e-10
-8e-06	-2.4e-05	-3.85011e-08
-8e-06	-2e-05	-5.65829e-06
-8e-06	-1.6e-05	-0.000831567
-8e-06	-1.2e-05	-0.12221
-8e-06	-8e-06	0.22889
-8e-06	-4e-06	-0.286955
-8e-06	0	0.273771
-8e-06	4e-06	-0.215267
-8e-06	8e-06	0.126047
-8e-06	1.2e-05	0.00085673
-8e-06	1.6e-05	5.82324e-06
-8e-06	2e-05	3.95816e-08
-8e-06	2.4e-05	2.69049e-10
-8e-06	2.8e-05	1.82911e-12
-8e-06	3.2e-05	1.27741e-14
-8e-06	3.6e-05	-4.83267e-16
-8e-06	4e-05	2.72612e-16
-8e-06	4.4e-05	-6.35494e-17
-8e-06	4.8e-05	1.93165e-16
-8e-06	5.2e-05	8.30036e-18
-8e-06	5.6e-05	-1.9437e-16
-8e-06	6e-05	-1.30165e-16
-8e-06	6.4e-05	8.81563e-17
-8e-06	6.8e-05	-1.22921e-16
-8e-06	7.2e-05	6.14167e-17
-8e-06	7.6e-05	1.98934e-16
-4e-06	-8e-05	-8.51832e-17
-4e-06	-7.6e-05	8.10159e-17
-4e-06	-7.2e-05	7.06334e-17
-4e-06	-6.8e-05	6.20335e-16
-4e-06	-6.4e-05	1.8213e-16
-4e-06	-6e-05	1.35919e-17
-4e-06	-5.6e-05	-6.57342e-17
-4e-06	-5.2e-05	-4.18049e-17
-4e-06	-4.8e-05	-9.21478e-17
-4e-06	-4.4e-05	-2.52582e-16
-4e-06	-4e-05	1.66079e-16
-4e-06	-3.6e-05	-5.10671e-15
-4e-06	-3.2e-05	-6.94588e-13
-4e-06	-2.8e-05	-1.02141e-10
-4e-06	-2.4e-05	-1.50086e-08
-4e-06	-2e-05	-2.20537e-06
-4e-06	-1.6e-05	-0.000324056
-4e-06	-1.2e-05	-0.0476165
-4e-06	-8e-06	0.0903625
-4e-06	-4e-06	-0.120201
-4e-06	0	0.135327
-4e-06	4e-06	-0.116748
-4e-06	8e-06	0.0615101
-4e-06	1.2e-05	0.000418604
-4e-06	1.6e-05	2.84874e-06
-4e-06	2e-05	1.93863e-08
-4e-06	2.4e-05	1.31926e-10
-4e-06	2.8e-05	8.97935e-13
-4e-06	3.2e-05	6.24022e-15
-4e-06	3.6e-05	4.66839e-16
-4e-06	4e-05	-1.02954e-16
-4e-06	4.4e-05	5.42953e-16
-4e-06	4.8e-05	-4.55202e-16
-4e-06	5.2e-05	2.2987e-16
-4e-06	5.6e-05	-9.59373e-17
-4e-06	6e-05	8.83107e-18
-4e-06	6.4e-05	-8.47588e-16
-4e-06	6.8e-05	4.64694e-16
-4e-06	7.2e-05	-1.39754e-16
-4e-06	7.6e-05	-5.52126e-17
0	-8e-05	-3.8946e-16
0	-7.6e-05	3.064e-16
0	-7.2e-05	-2.1925e-16
0	-6.8e-05	1.72139e-16
0	-6.4e-05	-1.17823e-16
0	-6e-05	2.32146e-16
0	-5.6e-05	-4.18295e-16
0	-5.2e-05	3.60869e-16
0	-4.8e-05	-4.00972e-16
0	-4.4e-05	2.77918e-16
0	-4e-05	-3.42209e-17
0	-3.6e-05	6.66848e-15
0	-3.2e-05	8.98074e-13
0	-2.8e-05	1.31926e-10
0	-2.4e-05	1.93863e-08
0	-2e-05	2.84874e-06
0	-1.6e-05	0.000418604
0	-1.2e-05	0.0615101
0	-8e-06	-0.116748
0	-4e-06	0.135327
0	0	-0.120201
0	4e-06	0.0903625
0	8e-06	-0.0476165
0	1.2e-05	-0.000324056
0	1.6e-05	-2.20537e-06
0	2e-05	-1.50086e-08
0	2.4e-05	-1.02141e-10
0	2.8e-05	-6.94991e-13
0	3.2e-05	-4.67268e-15
0	3.6e-05	-1.42617e-16
0	4e-05	4.28331e-16
0	4.4e-05	1.63737e-16
0	4.8e-05	2.10756e-16
0	5.2e-05	1.29861e-16
0	5.6e-05	3.91868e-16
0	6e-05	-4.94952e-16
0	6.4e-05	6.29765e-16
0	6.8e-05	-2.42143e-16
0	7.2e-05	4.24503e-16
0	7.6e-05	-3.61675e-16
4e-06	-8e-05	4.62042e-16
4e-06	-7.6e-05	-4.89752e-16
4e-06	-7.2e-05	7.14871e-16
4e-06	-6.8e-05	-2.63665e-16
4e-06	-6.4e-05	6.37021e-16
4e-06	-6e-05	-2.99216e-16
4e-06	-5.6e-05	4.74575e-16
4e-06	-5.2e-05	-5.07872e-17
4e-06	-4.8e-05	5.76036e-16
4e-06	-4.4e-05	1.61464e-16
4e-06	-4e-05	3.94103e-16
4e-06	-3.6e-05	1.27517e-14
4e-06	-3.2e-05	1.82894e-12
4e-06	-2.8e-05	2.6905e-10
4e-06	-2.4e-05	3.95816e-08
4e-06	-2e-05	5.82324e-06
4e-06	-1.6e-05	0.00085673
4e-06	-1.2e-05	0.126047
4e-06	-8e-06	-0.215267
4e-06	-4e-06	0.273771
4e-06	0	-0.286955
4e-06	4e-06	0.22889
4e-06	8e-06	-0.12221
4e-06	1.2e-05	-0.000831567
4e-06	1.6e-05	-5.65829e-06
4e-06	2e-05	-3.85011e-08
4e-06	2.4e-05	-2.61975e-10
4e-06	2.8e-05	-1.78254e-12
4e-06	3.2e-05	-1.25955e-14
4e-06	3.6e-05	-1.26358e-16
4e-06	4e-05	1.95305e-16
4e-06	4.4e-05	2.12923e-17
4e-06	4.8e-05	4.51534e-17
4e-06	5.2e-05	1.35894e-16
4e-06	5.6e-05	1.05648e-16
4e-06	6e-05	6.05402e-16
4e-06	6.4e-05	-2.75171e-16
4e-06	6.8e-05	4.82105e-16
4e-06	7.2e-05	-1.45877e-16
4e-06	7.6e-05	3.73641e-16
8e-06	-8e-05	-2.20189e-16
8e-06	-7.6e-05	6.49889e-16
8e-06	-7.2e-05	-1.28025e-17
8e-06	-6.8e-05	3.35443e-16
8e-06	-6.4e-05	1.23674e-16
8e-06	-6e-05	5.239e-16
8e-06	-5.6e-05	-8.45203e-17
8e-06	-5.2e-05	3.65823e-16
8e-06	-4.8e-05	9.46306e-17
8e-06	-4.4e-05	-9.71423e-18
8e-06	-4e-05	1.15229e-16
8e-06	-3.6e-05	7.47636e-15
8e-06	-3.2e-05	1.11364e-12
8e-06	-2.8e-05	1.63196e-10
8e-06	-2.4e-05	2.39135e-08
8e-06	-2e-05	3.50409e-06
8e-06	-1.6e-05	0.00051346
8e-06	-1.2e-05	0.0752381
8e-06	-8e-06	-0.150437
8e-06	-4e-06	0.198216
8e-06	0	-0.205656
8e-06	4e-06	0.177776
8e-06	8e-06	-0.105144
8e-06	1.2e-05	-0.000715082
8e-06	1.6e-05	-4.8635e-06
8e-06	2e-05	-3.30799e-08
8e-06	2.4e-05	-2.25008e-10
8e-06	2.8e-05	-1.53106e-12
8e-06	3.2e-05	-1.04576e-14
8e-06	3.6e-05	-2.23988e-16
8e-06	4e-05	7.17104e-17
8e-06	4.4e-05	-2.69112e-16
8e-06	4.8e-05	-8.89213e-17
8e-06	5.2e-05	1.90175e-16
8e-06	5.6e-05	1.26366e-16
8e-06	6e-05	-2.01164e-16
8e-06	6.4e-05	4.96051e-16
8e-06	6.8e-05	8.42924e-17
8e-06	7.2e-05	2.42882e-16
8e-06	7.6e-05	-1.2585e-16
1.2e-05	-8e-05	4.86687e-16
1.2e-05	-7.6e-05	-1.36878e-16
1.2e-05	-7.2e-05	5.18775e-16
1.2e-05	-6.8e-05	-9.1918e-17
1.2e-05	-6.4e-05	3.16399e-16
1.2e-05	-6e-05	5.073e-17
1.2e-05	-5.6e-05	2.5573e-16
1.2e-05	-5.2e-05	-2.5926e-17
1.2e-05	-4.8e-05	3.0086e-16
1.2e-05	-4.4e-05	-1.5393e-16
1.2e-05	-4e-05	-1.11017e-16
1.2e-05	-3.6e-05	-3.36534e-17
1.2e-05	-3.2e-05	4.35005e-14
1.2e-05	-2.8e-05	5.37022e-12
1.2e-05	-2.4e-05	6.32672e-10
1.2e-05	-2e-05	6.98455e-08
1.2e-05	-1.6e-05	6.84687e-06
1.2e-05	-1.2e-05	0.000501247
1.2e-05	-8e-06	-0.00100372
1.2e-05	-4e-06	0.00132293
1.2e-05	0	-0.00137248
1.2e-05	4e-06	0.00118722
1.2e-05	8e-06	-0.000702759
1.2e-05	1.2e-05	-9.56707e-06
1.2e-05	1.6e-05	-9.73737e-08
1.2e-05	2e-05	-8.80282e-10
1.2e-05	2.4e-05	-7.4588e-12
1.2e-05	2.8e-05	-6.0545e-14
1.2e-05	3.2e-05	-7.70325e-16
1.2e-05	3.6e-05	1.19425e-16
1.2e-05	4e-05	-3.565e-16
1.2e-05	4.4e-05	-2.74439e-16
1.2e-05	4.8e-05	-9.55884e-17
1.2e-05	5.2e-05	-1.65644e-17
1.2e-05	5.6e-05	-4.72906e-16
1.2e-05	6e-05	2.183e-16
1.2e-05	6.4e-05	-2.53675e-16
1.2e-05	6.8e-05	-1.31098e-16
1.2e-05	7.2e-05	-2.91211e-16
1.2e-05	7.6e-05	1.8139e-16
1.6e-05	-8e-05	8.21516e-17
1.6e-05	-7.6e-05	2.75576e-16
1.6e-05	-7.2e-05	-1.87644e-16
1.6e-05	-6.8e-05	1.42734e-16
1.6e-05	-6.4e-05	-2.22466e-16
1.6e-05	-6e-05	-1.39841e-17
1.6e-05	-5.6e-05	-1.41938e-16
1.6e-05	-5.2e-05	-1.31804e-16
1.6e-05	-4.8e-05	-3.05312e-16
1.6e-05	-4.4e-05	-1.81604e-17
1.6e-05	-4e-05	-5.09043e-16
1.6e-05	-3.6e-05	-4.88662e-17
1.6e-05	-3.2e-05	5.54662e-16
1.6e-05	-2.8e-05	1.07843e-13
1.6e-05	-2.4e-05	1.05779e-11
1.6e-05	-2e-05	9.35001e-10
1.6e-05	-1.6e-05	6.87197e-08
1.6e-05	-1.2e-05	3.33724e-06
1.6e-05	-8e-06	-6.69012e-06
1.6e-05	-4e-06	8.81899e-06
1.6e-05	0	-9.14722e-06
1.6e-05	4e-06	7.91681e-06
1.6e-05	8e-06	-4.68876e-06
1.6e-05	1.2e-05	-9.61946e-08
1.6e-05	1.6e-05	-1.30615e-09
1.6e-05	2e-05	-1.47537e-11
1.6e-05	2.4e-05	-1.49906e-13
1.6e-05	2.8e-05	-1.61823e-15
1.6e-05	3.2e-05	2.45851e-16
1.6e-05	3.6e-05	-3.36936e-16
1.6e-05	4e-05	1.0256e-16
1.6e-05	4.4e-05	-2.83154e-16
1.6e-05	4.8e-05	2.0307e-16
1.6e-05	5.2e-05	-3.94049e-16
1.6e-05	5.6e-05	3.1325e-16
1.6e-05	6e-05	-5.16504e-16
1.6e-05	6.4e-05	-7.8912e-17
1.6e-05	6.8e-05	-5.59686e-16
1.6e-05	7.2e-05	-7.75055e-17
1.6e-05	7.6e-05	-4.15838e-16
2e-05	-8e-05	5.77188e-17
2e-05	-7.6e-05	-2.28431e-16
2e-05	-7.2e-05	6.04655e-17
2e-05	-6.8e-05	-5.46087e-16
2e-05	-6.4e-05	-8.8805e-17
2e-05	-6e-05	-2.63836e-16
2e-05	-5.6e-05	4.03542e-17
2e-05	-5.2e-05	-3.45194e-16
2e-05	-4.8e-05	2.23873e-16
2e-05	-4.4e-05	-5.25305e-16
2e-05	-4e-05	3.74937e-16
2e-05	-3.6e-05	-4.50958e-16
2e-05	-3.2e-05	1.05522e-16
2e-05	-2.8e-05	1.47763e-15
2e-05	-2.4e-05	1.42141e-13
2e-05	-2e-05	1.04498e-11
2e-05	-1.6e-05	6.13647e-10
2e-05	-1.2e-05	2.22197e-08
2e-05	-8e-06	-4.45918e-08
2e-05	-4e-06	5.87897e-08
2e-05	0	-6.09636e-08
2e-05	4e-06	5.27924e-08
2e-05	8e-06	-3.12847e-08
2e-05	1.2e-05	-8.60213e-10
2e-05	1.6e-05	-1.46182e-11
2e-05	2e-05	-1.9847e-13
2e-05	2.4e-05	-2.61769e-15
2e-05	2.8e-05	-3.14777e-18
2e-05	3.2e-05	-2.99897e-16
2e-05	3.6e-05	9.52253e-17
2e-05	4e-05	-1.85981e-16
2e-05	4.4e-05	2.3954e-16
2e-05	4.8e-05	-2.47372e-16
2e-05	5.2e-05	5.52821e-16
2e-05	5.6e-05	-5.37559e-16
2e-05	6e-05	6.25695e-16
2e-05	6.4e-05	-3.95968e-16
2e-05	6.8e-05	1.46505e-16
2e-05	7.2e-05	-6.73595e-16
2e-05	7.6e-05	5.17456e-16
2.4e-05	-8e-05	-2.37546e-16
2.4e-05	-7.6e-05	3.91778e-16
2.4e-05	-7.2e-05	-4.44923e-16
2.4e-05	-6.8e-05	5.63721e-16
2.4e-05	-6.4e-05	-5.72615e-16
2.4e-05	-6e-05	4.35926e-16
2.4e-05	-5.6e-05	-2.03434e-16
2.4e-05	-5.2e-05	2.78888e-16
2.4e-05	-4.8e-05	-1.74151e-16
2.4e-05	-4.4e-05	6.32383e-16
2.4e-05	-4e-05	-3.51635e-16
2.4e-05	-3.6e-05	3.82284e-16
2.4e-05	-3.2e-05	-4.95809e-16
2.4e-05	-2.8e-05	-3.77259e-16
2.4e-05	-2.4e-05	1.40804e-15
2.4e-05	-2e-05	1.04681e-13
2.4e-05	-1.6e-05	5.13899e-12
2.4e-05	-1.2e-05	1.47946e-10
2.4e-05	-8e-06	-2.97219e-10
2.4e-05	-4e-06	3.91908e-10
2.4e-05	0	-4.06303e-10
2.4e-05	4e-06	3.52042e-10
2.4e-05	8e-06	-2.08752e-10
2.4e-05	1.2e-05	-7.21344e-12
2.4e-05	1.6e-05	-1.4705e-13
2.4e-05	2e-05	-2.45773e-15
2.4e-05	2.4e-05	1.06486e-16
2.4e-05	2.8e-05	-1.30325e-16
2.4e-05	3.2e-05	-2.17043e-16
2.4e-05	3.6e-05	-2.30104e-16
2.4e-05	4e-05	-2.39114e-16
2.4e-05	4.4e-05	-2.73035e-16
2.4e-05	4.8e-05	8.66115e-17
2.4e-05	5.2e-05	-4.88588e-16
2.4e-05	5.6e-05	3.29697e-16
2.4e-05	6e-05	-3.64963e-16
2.4e-05	6.4e-05	3.03263e-17
2.4e-05	6.8e-05	-5.42224e-16
2.4e-05	7.2e-05	3.15243e-16
2.4e-05	7.6e-05	-2.60361e-16
2.8e-05	-8e-05	2.68325e-16
2.8e-05	-7.6e-05	-3.85878e-16
2.8e-05	-7.2e-05	3.3963e-16
2.8e-05	-6.8e-05	-5.13407e-16
2.8e-05	-6.4e-05	3.17998e-16
2.8e-05	-6e-05	-3.93519e-16
2.8e-05	-5.6e-05	2.89575e-16
2.8e-05	-5.2e-05	-2.73021e-16
2.8e-05	-4.8e-05	-3.67808e-16
2.8e-05	-4.4e-05	-3.56127e-16
2.8e-05	-4e-05	-1.70452e-16
2.8e-05	-3.6e-05	-2.93049e-16
2.8e-05	-3.2e-05	1.70075e-16
2.8e-05	-2.8e-05	-4.64542e-16
2.8e-05	-2.4e-05	-8.8227e-17
2.8e-05	-2e-05	8.30528e-16
2.8e-05	-1.6e-05	4.16511e-14
2.8e-05	-1.2e-05	9.85072e-13
2.8e-05	-8e-06	-1.98067e-12
2.8e-05	-4e-06	2.61259e-12
2.8e-05	0	-2.70765e-12
2.8e-05	4e-06	2.34748e-12
2.8e-05	8e-06	-1.39306e-12
2.8e-05	1.2e-05	-5.79681e-14
2.8e-05	1.6e-05	-1.25003e-15
2.8e-05	2e-05	2.45418e-16
2.8e-05	2.4e-05	1.74791e-17
2.8e-05	2.8e-05	1.32078e-16
2.8e-05	3.2e-05	-1.04523e-16
2.8e-05	3.6e-05	3.77299e-17
2.8e-05	4e-05	-1.9486e-16
2.8e-05	4.4e-05	1.05621e-16
2.8e-05	4.8e-05	-3.92383e-16
2.8e-05	5.2e-05	8.39113e-19
2.8e-05	5.6e-05	-3.68863e-16
2.8e-05	6e-05	-1.56459e-16
2.8e-05	6.4e-05	-5.19129e-16
2.8e-05	6.8e-05	-1.69191e-16
2.8e-05	7.2e-05	-4.40084e-16
2.8e-05	7.6e-05	-2.70465e-17
3.2e-05	-8e-05	-3.96858e-16
3.2e-05	-7.6e-05	-1.96205e-16
3.2e-05	-7.2e-05	-5.03471e-16
3.2e-05	-6.8e-05	1.09032e-16
3.2e-05	-6.4e-05	-5.86362e-16
3.2e-05	-6e-05	-1.76934e-16
3.2e-05	-5.6e-05	-2.59775e-16
3.2e-05	-5.2e-05	1.0122e-16
3.2e-05	-4.8e-05	-3.1319e-16
3.2e-05	-4.4e-05	-4.20182e-16
3.2e-05	-4e-05	-3.60189e-16
3.2e-05	-3.6e-05	-7.41758e-17
3.2e-05	-3.2e-05	-1.00586e-16
3.2e-05	-2.8e-05	5.9271e-16
3.2e-05	-2.4e-05	-6.09886e-17
3.2e-05	-2e-05	6.57245e-16
3.2e-05	-1.6e-05	4.26826e-16
3.2e-05	-1.2e-05	6.90009e-15
3.2e-05	-8e-06	-1.2966e-14
3.2e-05	-4e-06	1.73895e-14
3.2e-05	0	-1.80283e-14
3.2e-05	4e-06	1.54006e-14
3.2e-05	8e-06	-9.43434e-15
3.2e-05	1.2e-05	-2.95144e-16
3.2e-05	1.6e-05	-2.1164e-16
3.2e-05	2e-05	5.12113e-17
3.2e-05	2.4e-05	4.87475e-17
3.2e-05	2.8e-05	6.39244e-17
3.2e-05	3.2e-05	3.21192e-16
3.2e-05	3.6e-05	-6.19227e-17
3.2e-05	4e-05	3.98283e-16
3.2e-05	4.4e-05	-1.42536e-16
3.2e-05	4.8e-05	2.09306e-16
3.2e-05	5.2e-05	-1.95817e-16
3.2e-05	5.6e-05	3.16025e-16
3.2e-05	6e-05	-3.19882e-16
3.2e-05	6.4e-05	9.02941e-17
3.2e-05	6.8e-05	-2.2836e-16
3.2e-05	7.2e-05	7.22322e-17
3.2e-05	7.6e-05	-4.57549e-16
3.6e-05	-8e-05	1.14172e-16
3.6e-05	-7.6e-05	-3.86193e-16
3.6e-05	-7.2e-05	-8.77737e-17
3.6e-05	-6.8e-05	-3.73554e-16
3.6e-05	-6.4e-05	4.8937e-16
3.6e-05	-6e-05	-4.63537e-16
3.6e-05	-5.6e-05	-3.68802e-17
3.6e-05	-5.2e-05	-1.45262e-16
3.6e-05	-4.8e-05	5.2223e-16
3.6e-05	-4.4e-05	5.00914e-17
3.6e-05	-4e-05	3.3446e-16
3.6e-05	-3.6e-05	-1.38413e-16
3.6e-05	-3.2e-05	1.62368e-16
3.6e-05	-2.8e-05	-3.59192e-17
3.6e-05	-2.4e-05	1.76432e-16
3.6e-05	-2e-05	-4.20845e-17
3.6e-05	-1.6e-05	-6.13928e-17
3.6e-05	-1.2e-05	1.67162e-17
3.6e-05	-8e-06	-4.60011e-16
3.6e-05	-4e-06	2.39968e-16
3.6e-05	0	-1.54075e-16
3.6e-05	4e-06	2.33545e-16
3.6e-05	8e-06	1.95559e-16
3.6e-05	1.2e-05	6.11517e-17
3.6e-05	1.6e-05	-2.95808e-18
3.6e-05	2e-05	-1.23986e-16
3.6e-05	2.4e-05	1.66126e-17
3.6e-05	2.8e-05	1.09726e-16
3.6e-05	3.2e-05	3.7562e-17
3.6e-05	3.6e-05	2.31025e-16
3.6e-05	4e-05	4.91089e-18
3.6e-05	4.4e-05	7.02275e-17
3.6e-05	4.8e-05	-1.8935e-16
3.6e-05	5.2e-05	4.27872e-16
3.6e-05	5.6e-05	-1.234e-16
3.6e-05	6e-05	2.12111e-16
3.6e-05	6.4e-05	-1.45481e-16
3.6e-05	6.8e-05	4.30894e-16
3.6e-05	7.2e-05	-1.85036e-16
3.6e-05	7.6e-05	5.13464e-17
4e-05	-8e-05	-3.4723e-16
4e-05	-7.6e-05	4.36091e-16
4e-05	-7.2e-05	-2.83913e-16
4e-05	-6.8e-05	1.48755e-16
4e-05	-6.4e-05	-2.28554e-16
4e-05	-6e-05	7.91235e-16
4e-05	-5.6e-05	-4.77201e-16
4e-05	-5.2e-05	1.24336e-16
4e-05	-4.8e-05	-1.75934e-17
4e-05	-4.4e-05	2.97497e-16
4e-05	-4e-05	7.81008e-17
4e-05	-3.6e-05	2.47814e-16
4e-05	-3.2e-05	1.02851e-16
4e-05	-2.8e-05	1.41027e-16
4e-05	-2.4e-05	9.31712e-17
4e-05	-2e-05	-1.97234e-18
4e-05	-1.6e-05	9.89954e-17
4e-05	-1.2e-05	-1.28582e-16
4e-05	-8e-06	1.54557e-16
4e-05	-4e-06	6.80824e-17
4e-05	0	9.44132e-17
4e-05	4e-06	9.4096e-17
4e-05	8e-06	3.5064e-17
4e-05	1.2e-05	-1.95604e-17
4e-05	1.6e-05	4.06765e-18
4e-05	2e-05	1.1791e-16
4e-05	2.4e-05	1.94324e-16
4e-05	2.8e-05	-4.57343e-18
4e-05	3.2e-05	7.03338e-17
4e-05	3.6e-05	4.7822e-17
4e-05	4e-05	1.8269e-16
4e-05	4.4e-05	-1.52228e-17
4e-05	4.8e-05	3.17213e-16
4e-05	5.2e-05	-1.89063e-17
4e-05	5.6e-05	1.36382e-16
4e-05	6e-05	-4.70581e-17
4e-05	6.4e-05	4.44174e-16
4e-05	6.8e-05	1.65813e-17
4e-05	7.2e-05	1.18073e-16
4e-05	7.6e-05	-3.83788e-16
4.4e-05	-8e-05	1.56e-16
4.4e-05	-7.6e-05	-1.26976e-16
4.4e-05	-7.2e-05	4.0111e-16
4.4e-05	-6.8e-05	-2.67344e-16
4.4e-05	-6.4e-05	2.87964e-17
4.4e-05	-6e-05	-5.24476e-17
4.4e-05	-5.6e-05	6.49385e-16
4.4e-05	-5.2e-05	-2.30264e-16
4.4e-05	-4.8e-05	3.61222e-17
4.4e-05	-4.4e-05	-8.39757e-17
4.4e-05	-4e-05	3.23126e-17
4.4e-05	-3.6e-05	1.80366e-16
4.4e-05	-3.2e-05	1.32854e-16
4.4e-05	-2.8e-05	2.69037e-16
4.4e-05	-2.4e-05	2.38086e-16
4.4e-05	-2e-05	2.04556e-16
4.4e-05	-1.6e-05	2.86042e-16
4.4e-05	-1.2e-05	2.76754e-16
4.4e-05	-8e-06	6.57701e-17
4.4e-05	-4e-06	9.96601e-17
4.4e-05	0	-1.56264e-16
4.4e-05	4e-06	-7.90736e-17
4.4e-05	8e-06	-1.64686e-16
4.4e-05	1.2e-05	-1.57242e-16
4.4e-05	1.6e-05	2.48227e-17
4.4e-05	2e-05	1.25966e-16
4.4e-05	2.4e-05	2.14744e-17
4.4e-05	2.8e-05	1.66943e-16
4.4e-05	3.2e-05	-4.60777e-17
4.4e-05	3.6e-05	2.00939e-16
4.4e-05	4e-05	7.86955e-17
4.4e-05	4.4e-05	2.2366e-16
4.4e-05	4.8e-05	1.12186e-16
4.4e-05	5.2e-05	2.72066e-16
4.4e-05	5.6e-05	2.42728e-17
4.4e-05	6e-05	3.26484e-16
4.4e-05	6.4e-05	1.28284e-16
4.4e-05	6.8e-05	3.35128e-16
4.4e-05	7.2e-05	-9.42196e-17
4.4e-05	7.6e-05	7.40379e-17
4.8e-05	-8e-05	-2.65893e-16
4.8e-05	-7.6e-05	3.38128e-16
4.8e-05	-7.2e-05	1.53816e-16
4.8e-05	-6.8e-05	1.93249e-16
4.8e-05	-6.4e-05	-1.47796e-16
4.8e-05	-6e-05	-2.36277e-18
4.8e-05	-5.6e-05	-1.56171e-16
4.8e-05	-5.2e-05	5.47766e-16
4.8e-05	-4.8e-05	-7.89332e-17
4.8e-05	-4.4e-05	4.39293e-16
4.8e-05	-4e-05	-8.09179e-17
4.8e-05	-3.6e-05	1.97795e-16
4.8e-05	-3.2e-05	1.68298e-16
4.8e-05	-2.8e-05	1.49815e-16
4.8e-05	-2.4e-05	6.67903e-17
4.8e-05	-2e-05	1.08334e-16
4.8e-05	-1.6e-05	-1.91115e-16
4.8e-05	-1.2e-05	3.37131e-17
4.8e-05	-8e-06	-1.18705e-16
4.8e-05	-4e-06	5.72182e-18
4.8e-05	0	-2.44891e-17
4.8e-05	4e-06	-1.33252e-17
4.8e-05	8e-06	6.7027e-17
4.8e-05	1.2e-05	3.20114e-17
4.8e-05	1.6e-05	2.69072e-16
4.8e-05	2e-05	-2.65283e-16
4.8e-05	2.4e-05	2.52187e-16
4.8e-05	2.8e-05	-1.63835e-16
4.8e-05	3.2e-05	2.48632e-16
4.8e-05	3.6e-05	-1.30142e-17
4.8e-05	4e-05	2.10537e-16
4.8e-05	4.4e-05	1.00089e-16
4.8e-05	4.8e-05	1.0412e-16
4.8e-05	5.2e-05	1.66323e-16
4.8e-05	5.6e-05	2.45689e-16
4.8e-05	6e-05	1.19993e-16
4.8e-05	6.4e-05	2.75858e-16
4.8e-05	6.8e-05	-1.28485e-16
4.8e-05	7.2e-05	2.40183e-16
4.8e-05	7.6e-05	8.46832e-17
5.2e-05	-8e-05	8.77283e-17
5.2e-05	-7.6e-05	-1.86182e-16
5.2e-05	-7.2e-05	2.75955e-16
5.2e-05	-6.8e-05	1.21327e-16
5.2e-05	-6.4e-05	1.90974e-16
5.2e-05	-6e-05	-1.15948e-16
5.2e-05	-5.6e-05	-1.75462e-16
5.2e-05	-5.2e-05	-1.3023e-16
5.2e-05	-4.8e-05	3.23574e-16
5.2e-05	-4.4e-05	-1.66449e-16
5.2e-05	-4e-05	3.76259e-16
5.2e-05	-3.6e-05	-2.76022e-16
5.2e-05	-3.2e-05	2.37429e-16
5.2e-05	-2.8e-05	-1.47911e-16
5.2e-05	-2.4e-05	2.70479e-16
5.2e-05	-2e-05	-1.82612e-16
5.2e-05	-1.6e-05	2.89039e-16
5.2e-05	-1.2e-05	-3.17761e-16
5.2e-05	-8e-06	4.32192e-16
5.2e-05	-4e-06	-3.07304e-16
5.2e-05	0	3.97328e-16
5.2e-05	4e-06	2.29545e-17
5.2e-05	8e-06	7.08785e-17
5.2e-05	1.2e-05	3.90146e-16
5.2e-05	1.6e-05	-3.6349e-16
5.2e-05	2e-05	5.10863e-16
5.2e-05	2.4e-05	-2.83015e-16
5.2e-05	2.8e-05	3.66183e-16
5.2e-05	3.2e-05	-1.06178e-16
5.2e-05	3.6e-05	1.75165e-16
5.2e-05	4e-05	-1.8774e-16
5.2e-05	4.4e-05	2.16926e-16
5.2e-05	4.8e-05	1.20723e-16
5.2e-05	5.2e-05	1.88968e-16
5.2e-05	5.6e-05	-9.46198e-18
5.2e-05	6e-05	9.09915e-17
5.2e-05	6.4e-05	-1.06132e-16
5.2e-05	6.8e-05	9.55102e-18
5.2e-05	7.2e-05	4.77399e-19
5.2e-05	7.6e-05	1.32996e-16
5.6e-05	-8e-05	1.53897e-18
5.6e-05	-7.6e-05	-2.44717e-16
5.6e-05	-7.2e-05	-3.44951e-16
5.6e-05	-6.8e-05	-3.47831e-17
5.6e-05	-6.4e-05	-6.6945e-17
5.6e-05	-6e-05	-7.34126e-17
5.6e-05	-5.6e-05	-2.69575e-16
5.6e-05	-5.2e-05	-3.25881e-16
5.6e-05	-4.8e-05	-3.00646e-16
5.6e-05	-4.4e-05	-4.06949e-17
5.6e-05	-4e-05	-4.46859e-16
5.6e-05	-3.6e-05	3.04655e-16
5.6e-05	-3.2e-05	-4.11845e-16
5.6e-05	-2.8e-05	4.65706e-16
5.6e-05	-2.4e-05	-3.69616e-16
5.6e-05	-2e-05	6.02025e-16
5.6e-05	-1.6e-05	-3.18569e-16
5.6e-05	-1.2e-05	7.16669e-16
5.6e-05	-8e-06	-3.51062e-16
5.6e-05	-4e-06	6.10754e-16
5.6e-05	0	-2.14602e-16
5.6e-05	4e-06	1.64025e-16
5.6e-05	8e-06	7.00295e-17
5.6e-05	1.2e-05	-1.93626e-16
5.6e-05	1.6e-05	3.27785e-16
5.6e-05	2e-05	-1.54403e-16
5.6e-05	2.4e-05	3.81742e-16
5.6e-05	2.8e-05	-5.03851e-17
5.6e-05	3.2e-05	3.21566e-16
5.6e-05	3.6e-05	-2.29781e-16
5.6e-05	4e-05	3.80329e-16
5.6e-05	4.4e-05	-9.91122e-17
5.6e-05	4.8e-05	4.58898e-16
5.6e-05	5.2e-05	-1.85322e-16
5.6e-05	5.6e-05	2.27428e-16
5.6e-05	6e-05	-3.416e-16
5.6e-05	6.4e-05	3.73849e-17
5.6e-05	6.8e-05	-1.67888e-16
5.6e-05	7.2e-05	8.12874e-17
5.6e-05	7.6e-05	-1.75968e-16
6e-05	-8e-05	-1.72691e-17
6e-05	-7.6e-05	-8.57826e-17
6e-05	-7.2e-05	-3.20258e-16
6e-05	-6.8e-05	-4.94168e-16
6e-05	-6.4e-05	-5.72247e-17
6e-05	-6e-05	-2.48555e-16
6e-05	-5.6e-05	-1.58752e-18
6e-05	-5.2e-05	-4.29636e-16
6e-05	-4.8e-05	-9.49699e-17
6e-05	-4.4e-05	-4.50211e-16
6e-05	-4e-05	4.50127e-17
6e-05	-3.6e-05	-5.7344e-16
6e-05	-3.2e-05	2.88181e-16
6e-05	-2.8e-05	-5.86737e-16
6e-05	-2.4e-05	2.91432e-16
6e-05	-2e-05	-4.61449e-16
6e-05	-1.6e-05	2.23963e-16
6e-05	-1.2e-05	-1.45517e-16
6e-05	-8e-06	1.8563e-16
6e-05	-4e-06	1.08473e-16
6e-05	0	1.46015e-16
6e-05	4e-06	2.75487e-16
6e-05	8e-06	3.27209e-16
6e-05	1.2e-05	1.39299e-16
6e-05	1.6e-05	3.2153e-16
6e-05	2e-05	6.84811e-17
6e-05	2.4e-05	1.10136e-16
6e-05	2.8e-05	1.54156e-16
6e-05	3.2e-05	-1.95651e-16
6e-05	3.6e-05	2.97883e-16
6e-05	4e-05	-2.10213e-16
6e-05	4.4e-05	3.37739e-16
6e-05	4.8e-05	-3.78568e-16
6e-05	5.2e-05	1.10058e-16
6e-05	5.6e-05	-5.27503e-16
6e-05	6e-05	6.07145e-17
6e-05	6.4e-05	-3.38397e-16
6e-05	6.8e-05	1.1898e-16
6e-05	7.2e-05	-3.61536e-16
6e-05	7.6e-05	3.17638e-16
6.4e-05	-8e-05	-3.36093e-16
6.4e-05	-7.6e-05	1.73109e-16
6.4e-05	-7.2e-05	-3.64346e-16
6.4e-05	-6.8e-05	3.54666e-18
6.4e-05	-6.4e-05	-5.95913e-16
6.4e-05	-6e-05	8.16699e-17
6.4e-05	-5.6e-05	-6.61239e-16
6.4e-05	-5.2e-05	2.49034e-16
6.4e-05	-4.8e-05	-5.48208e-16
6.4e-05	-4.4e-05	7.44478e-17
6.4e-05	-4e-05	-5.71764e-16
6.4e-05	-3.6e-05	-1.02995e-16
6.4e-05	-3.2e-05	-4.48197e-16
6.4e-05	-2.8e-05	-1.65181e-16
6.4e-05	-2.4e-05	-3.52319e-16
6.4e-05	-2e-05	-2.73405e-16
6.4e-05	-1.6e-05	-8.43183e-18
6.4e-05	-1.2e-05	-3.53274e-16
6.4e-05	-8e-06	3.75281e-16
6.4e-05	-4e-06	-9.78454e-17
6.4e-05	0	5.71496e-16
6.4e-05	4e-06	3.6279e-16
6.4e-05	8e-06	3.56008e-16
6.4e-05	1.2e-05	5.27811e-16
6.4e-05	1.6e-05	3.39667e-17
6.4e-05	2e-05	3.95826e-16
6.4e-05	2.4e-05	-1.32292e-16
6.4e-05	2.8e-05	3.70572e-17
6.4e-05	3.2e-05	-8.52026e-17
6.4e-05	3.6e-05	-1.23762e-16
6.4e-05	4e-05	-5.25968e-17
6.4e-05	4.4e-05	-2.7094e-16
6.4e-05	4.8e-05	-1.20336e-16
6.4e-05	5.2e-05	-4.33553e-16
6.4e-05	5.6e-05	-1.64318e-16
6.4e-05	6e-05	-4.392e-16
6.4e-05	6.4e-05	-4.34511e-18
6.4e-05	6.8e-05	-3.99678e-16
6.4e-05	7.2e-05	1.13729e-16
6.4e-05	7.6e-05	-3.99988e-16
6.8e-05	-8e-05	2.34831e-16
6.8e-05	-7.6e-05	-3.62405e-16
6.8e-05	-7.2e-05	3.37781e-16
6.8e-05	-6.8e-05	-3.63331e-16
6.8e-05	-6.4e-05	7.28048e-17
6.8e-05	-6e-05	-5.41882e-16
6.8e-05	-5.6e-05	-3.29523e-17
6.8e-05	-5.2e-05	-6.05934e-16
6.8e-05	-4.8e-05	-4.13118e-18
6.8e-05	-4.4e-05	-4.52486e-16
6.8e-05	-4e-05	-2.12697e-16
6.8e-05	-3.6e-05	-2.49989e-16
6.8e-05	-3.2e-05	-2.94349e-16
6.8e-05	-2.8e-05	5.73055e-17
6.8e-05	-2.4e-05	-3.32769e-16
6.8e-05	-2e-05	1.71441e-16
6.8e-05	-1.6e-05	-3.02913e-16
6.8e-05	-1.2e-05	2.47658e-16
6.8e-05	-8e-06	-1.75458e-16
6.8e-05	-4e-06	2.45368e-16
6.8e-05	0	6.82123e-17
6.8e-05	4e-06	1.64337e-16
6.8e-05	8e-06	2.60064e-16
6.8e-05	1.2e-05	-4.38047e-17
6.8e-05	1.6e-05	1.552e-16
6.8e-05	2e-05	-9.88452e-17
6.8e-05	2.4e-05	1.11794e-16
6.8e-05	2.8e-05	-8.92607e-17
6.8e-05	3.2e-05	1.49691e-16
6.8e-05	3.6e-05	-1.42376e-16
6.8e-05	4e-05	-7.42985e-17
6.8e-05	4.4e-05	-3.63635e-16
6.8e-05	4.8e-05	-1.45802e-16
6.8e-05	5.2e-05	-3.25357e-16
6.8e-05	5.6e-05	-1.54118e-16
6.8e-05	6e-05	-1.76971e-16
6.8e-05	6.4e-05	-1.81827e-16
6.8e-05	6.8e-05	-1.22271e-16
6.8e-05	7.2e-05	-2.01842e-16
6.8e-05	7.6e-05	-1.04918e-16
7.2e-05	-8e-05	-1.38457e-16
7.2e-05	-7.6e-05	1.56098e-17
7.2e-05	-7.2e-05	-1.24086e-16
7.2e-05	-6.8e-05	1.234e-16
7.2e-05	-6.4e-05	-6.95437e-17
7.2e-05	-6e-05	-8.97137e-17
7.2e-05	-5.6e-05	-1.08589e-16
7.2e-05	-5.2e-05	-2.41947e-16
7.2e-05	-4.8e-05	-1.04958e-16
7.2e-05	-4.4e-05	-2.27028e-16
7.2e-05	-4e-05	-7.24417e-17
7.2e-05	-3.6e-05	-2.0789e-16
7.2e-05	-3.2e-05	1.2575e-16
7.2e-05	-2.8e-05	-1.26222e-16
7.2e-05	-2.4e-05	3.53696e-16
7.2e-05	-2e-05	-1.05844e-16
7.2e-05	-1.6e-05	2.23305e-16
7.2e-05	-1.2e-05	6.04666e-17
7.2e-05	-8e-06	-3.79931e-17
7.2e-05	-4e-06	-1.63505e-16
7.2e-05	0	-3.21868e-16
7.2e-05	4e-06	-3.8675e-16
7.2e-05	8e-06	-4.5368e-16
7.2e-05	1.2e-05	-3.65257e-16
7.2e-05	1.6e-05	-2.35658e-16
7.2e-05	2e-05	-6.98432e-17
7.2e-05	2.4e-05	1.95705e-17
7.2e-05	2.8e-05	2.19638e-16
7.2e-05	3.2e-05	-1.30023e-16
7.2e-05	3.6e-05	9.41746e-17
7.2e-05	4e-05	-1.74802e-16
7.2e-05	4.4e-05	1.1556e-17
7.2e-05	4.8e-05	-8.30218e-17
7.2e-05	5.2e-05	1.25208e-16
7.2e-05	5.6e-05	-5.42893e-17
7.2e-05	6e-05	1.53224e-16
7.2e-05	6.4e-05	-5.99025e-17
7.2e-05	6.8e-05	1.36136e-16
7.2e-05	7.2e-05	-1.98283e-17
7.2e-05	7.6e-05	1.6373e-16
7.6e-05	-8e-05	-8.51105e-17
7.6e-05	-7.6e-05	1.79236e-17
7.6e-05	-7.2e-05	-2.16518e-17
7.6e-05	-6.8e-05	1.09443e-16
7.6e-05	-6.4e-05	9.81494e-18
7.6e-05	-6e-05	2.31745e-16
7.6e-05	-5.6e-05	-9.18838e-17
7.6e-05	-5.2e-05	1.78254e-16
7.6e-05	-4.8e-05	-1.56911e-16
7.6e-05	-4.4e-05	1.68142e-16
7.6e-05	-4e-05	-5.9432e-17
7.6e-05	-3.6e-05	1.28306e-16
7.6e-05	-3.2e-05	2.69003e-17
7.6e-05	-2.8e-05	1.77242e-16
7.6e-05	-2.4e-05	9.15239e-17
7.6e-05	-2e-05	1.53482e-16
7.6e-05	-1.6e-05	9.19308e-17
7.6e-05	-1.2e-05	-1.05161e-16
7.6e-05	-8e-06	-1.14031e-16
7.6e-05	-4e-06	-3.44237e-16
7.6e-05	0	-4.12043e-16
7.6e-05	4e-06	-4.71318e-16
7.6e-05	8e-06	-4.40574e-16
7.6e-05	1.2e-05	-2.2482e-16
7.6e-05	1.6e-05	-2.71663e-16
7.6e-05	2e-05	-5.59832e-17
7.6e-05	2.4e-05	8.76476e-17
7.6e-05	2.8e-05	-5.33029e-17
7.6e-05	3.2e-05	6.73036e-17
7.6e-05	3.6e-05	4.54384e-18
7.6e-05	4e-05	2.73828e-17
7.6e-05	4.4e-05	1.06509e-16
7.6e-05	4.8e-05	1.10678e-16
7.6e-05	5.2e-05	1.38988e-16
7.6e-05	5.6e-05	1.89614e-16
7.6e-05	6e-05	1.17319e-16
7.6e-05	6.4e-05	2.50116e-16
7.6e-05	6.8e-05	1.42643e-16
7.6e-05	7.2e-05	2.46336e-16
7.6e-05	7.6e-05	3.94931e-17
