-8e-05	-8e-05	3.77372e-17
-8e-05	-7.6e-05	1.94633e-16
-8e-05	-7.2e-05	1.3936e-15
-8e-05	-6.8e-05	1.86589e-15
-8e-05	-6.4e-05	-2.70282e-16
-8e-05	-6e-05	6.47381e-16
-8e-05	-5.6e-05	4.32612e-16
-8e-05	-5.2e-05	-1.5606e-17
-8e-05	-4.8e-05	-6.80234e-16
-8e-05	-4.4e-05	3.42208e-16
-8e-05	-4e-05	-1.22763e-16
-8e-05	-3.6e-05	1.02728e-16
-8e-05	-3.2e-05	3.18106e-17
-8e-05	-2.8e-05	6.68062e-18
-8e-05	-2.4e-05	-2.86195e-16
-8e-05	-2e-05	2.67798e-17
-8e-05	-1.6e-05	-2.59902e-17
-8e-05	-1.2e-05	8.5303e-17
-8e-05	-8e-06	6.93862e-17
-8e-05	-4e-06	-5.38745e-17
-8e-05	0	1.12385e-16
-8e-05	4e-06	7.24023e-17
-8e-05	8e-06	-1.75774e-16
-8e-05	1.2e-05	2.35482e-17
-8e-05	1.6e-05	-2.09138e-17
-8e-05	2e-05	7.1044e-17
-8e-05	2.4e-05	7.7026e-18
-8e-05	2.8e-05	2.48348e-16
-8e-05	3.2e-05	1.26145e-16
-8e-05	3.6e-05	5.71201e-17
-8e-05	4e-05	8.76015e-17
-8e-05	4.4e-05	-5.68207e-18
-8e-05	4.8e-05	9.3692e-17
-8e-05	5.2e-05	9.13796e-17
-8e-05	5.6e-05	5.33514e-16
-8e-05	6e-05	1.41412e-15
-8e-05	6.4e-05	-2.01289e-16
-8e-05	6.8e-05	-2.34623e-15
-8e-05	7.2e-05	4.92726e-16
-8e-05	7.6e-05	-3.70202e-16
-7.6e-05	-8e-05	1.18221e-15
-7.6e-05	-7.6e-05	5.60387e-16
-7.6e-05	-7.2e-05	1.74675e-15
-7.6e-05	-6.8e-05	-7.0149e-16
-7.6e-05	-6.4e-05	5.70594e-16
-7.6e-05	-6e-05	3.55437e-16
-7.6e-05	-5.6e-05	1.52813e-16
-7.6e-05	-5.2e-05	6.8881e-16
-7.6e-05	-4.8e-05	1.32585e-16
-7.6e-05	-4.4e-05	1.36495e-15
-7.6e-05	-4e-05	3.68853e-16
-7.6e-05	-3.6e-05	2.98522e-15
-7.6e-05	-3.2e-05	8.18822e-17
-7.6e-05	-2.8e-05	-2.8289e-15
-7.6e-05	-2.4e-05	-5.63109e-17
-7.6e-05	-2e-05	5.52286e-16
-7.6e-05	-1.6e-05	-6.60311e-16
-7.6e-05	-1.2e-05	7.06825e-16
-7.6e-05	-8e-06	4.39753e-17
-7.6e-05	-4e-06	-7.82884e-16
-7.6e-05	0	-5.50381e-16
-7.6e-05	4e-06	1.99575e-15
-7.6e-05	8e-06	-8.11131e-16
-7.6e-05	1.2e-05	1.78461e-16
-7.6e-05	1.6e-05	3.92618e-16
-7.6e-05	2e-05	-1.48779e-15
-7.6e-05	2.4e-05	5.06787e-17
-7.6e-05	2.8e-05	-9.37042e-16
-7.6e-05	3.2e-05	5.43794e-18
-7.6e-05	3.6e-05	1.34999e-15
-7.6e-05	4e-05	2.35994e-15
-7.6e-05	4.4e-05	-1.61304e-17
-7.6e-05	4.8e-05	-4.41952e-16
-7.6e-05	5.2e-05	-2.12751e-16
-7.6e-05	5.6e-05	2.48453e-15
-7.6e-05	6e-05	-4.42084e-16
-7.6e-05	6.4e-05	4.97177e-16
-7.6e-05	6.8e-05	5.60193e-16
-7.6e-05	7.2e-05	4.27394e-15
-7.6e-05	7.6e-05	-2.93915e-16
-7.2e-05	-8e-05	-1.2649e-15
-7.2e-05	-7.6e-05	-3.58476e-16
-7.2e-05	-7.2e-05	-2.80748e-15
-7.2e-05	-6.8e-05	-1.57564e-15
-7.2e-05	-6.4e-05	-3.28523e-16
-7.2e-05	-6e-05	-1.21717e-15
-7.2e-05	-5.6e-05	1.10278e-15
-7.2e-05	-5.2e-05	-1.7131e-15
-7.2e-05	-4.8e-05	1.62858e-16
-7.2e-05	-4.4e-05	-4.28014e-17
-7.2e-05	-4e-05	5.22323e-17
-7.2e-05	-3.6e-05	-2.65429e-17
-7.2e-05	-3.2e-05	-2.93075e-16
-7.2e-05	-2.8e-05	3.46199e-16
-7.2e-05	-2.4e-05	-5.88102e-16
-7.2e-05	-2e-05	-3.94547e-17
-7.2e-05	-1.6e-05	-1.42762e-16
-7.2e-05	-1.2e-05	4.02613e-16
-7.2e-05	-8e-06	1.45843e-15
-7.2e-05	-4e-06	1.37983e-15
-7.2e-05	0	-3.01441e-16
-7.2e-05	4e-06	-1.95525e-15
-7.2e-05	8e-06	6.74547e-17
-7.2e-05	1.2e-05	2.62438e-15
-7.2e-05	1.6e-05	-3.86549e-16
-7.2e-05	2e-05	4.55265e-17
-7.2e-05	2.4e-05	-3.95077e-17
-7.2e-05	2.8e-05	1.72484e-16
-7.2e-05	3.2e-05	1.12586e-16
-7.2e-05	3.6e-05	4.10613e-18
-7.2e-05	4e-05	8.47457e-17
-7.2e-05	4.4e-05	-1.01882e-18
-7.2e-05	4.8e-05	2.17253e-17
-7.2e-05	5.2e-05	2.35784e-17
-7.2e-05	5.6e-05	9.66582e-17
-7.2e-05	6e-05	-4.01526e-17
-7.2e-05	6.4e-05	3.32076e-17
-7.2e-05	6.8e-05	6.97761e-16
-7.2e-05	7.2e-05	1.48038e-16
-7.2e-05	7.6e-05	-7.39557e-17
-6.8e-05	-8e-05	7.03925e-16
-6.8e-05	-7.6e-05	-1.5813e-16
-6.8e-05	-7.2e-05	2.15009e-16
-6.8e-05	-6.8e-05	1.47935e-15
-6.8e-05	-6.4e-05	1.45897e-16
-6.8e-05	-6e-05	-4.05945e-16
-6.8e-05	-5.6e-05	7.45821e-17
-6.8e-05	-5.2e-05	-8.47943e-17
-6.8e-05	-4.8e-05	6.09569e-17
-6.8e-05	-4.4e-05	1.06671e-16
-6.8e-05	-4e-05	1.59049e-17
-6.8e-05	-3.6e-05	-1.14727e-16
-6.8e-05	-3.2e-05	4.87945e-17
-6.8e-05	-2.8e-05	5.00339e-17
-6.8e-05	-2.4e-05	-3.77856e-19
-6.8e-05	-2e-05	1.61071e-16
-6.8e-05	-1.6e-05	-1.92432e-17
-6.8e-05	-1.2e-05	6.91235e-17
-6.8e-05	-8e-06	-5.04185e-17
-6.8e-05	-4e-06	-4.09657e-17
-6.8e-05	0	-5.16661e-17
-6.8e-05	4e-06	-7.51285e-17
-6.8e-05	8e-06	-1.03726e-17
-6.8e-05	1.2e-05	8.88909e-17
-6.8e-05	1.6e-05	4.08492e-17
-6.8e-05	2e-05	-1.03582e-16
-6.8e-05	2.4e-05	6.23223e-17
-6.8e-05	2.8e-05	-1.95479e-17
-6.8e-05	3.2e-05	6.00706e-17
-6.8e-05	3.6e-05	-1.50171e-17
-6.8e-05	4e-05	-9.2077e-17
-6.8e-05	4.4e-05	7.1289e-17
-6.8e-05	4.8e-05	-8.82663e-19
-6.8e-05	5.2e-05	8.00131e-17
-6.8e-05	5.6e-05	-1.11398e-17
-6.8e-05	6e-05	7.78522e-17
-6.8e-05	6.4e-05	-1.22865e-16
-6.8e-05	6.8e-05	-2.28371e-18
-6.8e-05	7.2e-05	5.28134e-16
-6.8e-05	7.6e-05	2.01489e-16
-6.4e-05	-8e-05	5.00251e-16
-6.4e-05	-7.6e-05	1.60382e-16
-6.4e-05	-7.2e-05	7.65506e-16
-6.4e-05	-6.8e-05	5.07763e-17
-6.4e-05	-6.4e-05	-4.77262e-16
-6.4e-05	-6e-05	-1.70334e-16
-6.4e-05	-5.6e-05	4.02762e-16
-6.4e-05	-5.2e-05	1.20895e-16
-6.4e-05	-4.8e-05	-1.31607e-18
-6.4e-05	-4.4e-05	1.27337e-16
-6.4e-05	-4e-05	-1.48244e-16
-6.4e-05	-3.6e-05	1.61047e-16
-6.4e-05	-3.2e-05	1.08354e-16
-6.4e-05	-2.8e-05	1.34618e-16
-6.4e-05	-2.4e-05	1.98125e-16
-6.4e-05	-2e-05	1.44506e-16
-6.4e-05	-1.6e-05	1.16906e-16
-6.4e-05	-1.2e-05	6.16655e-17
-6.4e-05	-8e-06	-5.58707e-17
-6.4e-05	-4e-06	-1.70568e-17
-6.4e-05	0	5.32975e-17
-6.4e-05	4e-06	6.64071e-17
-6.4e-05	8e-06	1.51018e-16
-6.4e-05	1.2e-05	-2.1053e-17
-6.4e-05	1.6e-05	2.66702e-17
-6.4e-05	2e-05	3.59217e-17
-6.4e-05	2.4e-05	-3.65988e-17
-6.4e-05	2.8e-05	-1.09098e-16
-6.4e-05	3.2e-05	3.2297e-17
-6.4e-05	3.6e-05	4.07045e-16
-6.4e-05	4e-05	9.04504e-17
-6.4e-05	4.4e-05	-3.92091e-17
-6.4e-05	4.8e-05	3.27246e-17
-6.4e-05	5.2e-05	-4.99864e-17
-6.4e-05	5.6e-05	1.94268e-16
-6.4e-05	6e-05	1.73172e-16
-6.4e-05	6.4e-05	8.97428e-17
-6.4e-05	6.8e-05	-6.25353e-17
-6.4e-05	7.2e-05	8.92132e-18
-6.4e-05	7.6e-05	1.50673e-16
-6e-05	-8e-05	1.20967e-16
-6e-05	-7.6e-05	1.07956e-16
-6e-05	-7.2e-05	-3.86968e-17
-6e-05	-6.8e-05	-9.56456e-17
-6e-05	-6.4e-05	1.57548e-17
-6e-05	-6e-05	4.23852e-16
-6e-05	-5.6e-05	3.65166e-16
-6e-05	-5.2e-05	-1.47484e-16
-6e-05	-4.8e-05	5.05697e-17
-6e-05	-4.4e-05	2.81397e-17
-6e-05	-4e-05	1.36968e-16
-6e-05	-3.6e-05	-8.4835e-17
-6e-05	-3.2e-05	7.92436e-18
-6e-05	-2.8e-05	-6.63368e-17
-6e-05	-2.4e-05	4.59336e-17
-6e-05	-2e-05	2.31814e-16
-6e-05	-1.6e-05	-2.78529e-18
-6e-05	-1.2e-05	-1.79073e-17
-6e-05	-8e-06	-6.12709e-17
-6e-05	-4e-06	-1.86798e-17
-6e-05	0	6.9018e-17
-6e-05	4e-06	1.87775e-17
-6e-05	8e-06	-8.63101e-17
-6e-05	1.2e-05	-1.7668e-17
-6e-05	1.6e-05	8.38631e-17
-6e-05	2e-05	-6.13219e-17
-6e-05	2.4e-05	2.07627e-16
-6e-05	2.8e-05	9.02461e-17
-6e-05	3.2e-05	-6.5591e-17
-6e-05	3.6e-05	-3.36447e-16
-6e-05	4e-05	-5.95083e-17
-6e-05	4.4e-05	2.3505e-16
-6e-05	4.8e-05	-7.53438e-17
-6e-05	5.2e-05	-3.23141e-17
-6e-05	5.6e-05	-3.47702e-17
-6e-05	6e-05	2.49498e-16
-6e-05	6.4e-05	1.74647e-16
-6e-05	6.8e-05	2.08456e-16
-6e-05	7.2e-05	2.04346e-16
-6e-05	7.6e-05	1.54465e-16
-5.6e-05	-8e-05	1.94662e-16
-5.6e-05	-7.6e-05	2.39824e-16
-5.6e-05	-7.2e-05	1.8982e-16
-5.6e-05	-6.8e-05	1.83215e-16
-5.6e-05	-6.4e-05	2.2178e-16
-5.6e-05	-6e-05	2.88248e-16
-5.6e-05	-5.6e-05	-1.08251e-16
-5.6e-05	-5.2e-05	-4.06234e-17
-5.6e-05	-4.8e-05	2.14286e-16
-5.6e-05	-4.4e-05	2.34304e-16
-5.6e-05	-4e-05	-3.91208e-16
-5.6e-05	-3.6e-05	1.72651e-16
-5.6e-05	-3.2e-05	6.26104e-17
-5.6e-05	-2.8e-05	1.57175e-16
-5.6e-05	-2.4e-05	1.92858e-16
-5.6e-05	-2e-05	2.38272e-17
-5.6e-05	-1.6e-05	1.43378e-16
-5.6e-05	-1.2e-05	-5.74986e-17
-5.6e-05	-8e-06	-9.24936e-17
-5.6e-05	-4e-06	-9.85555e-17
-5.6e-05	0	7.95576e-17
-5.6e-05	4e-06	1.2971e-17
-5.6e-05	8e-06	6.287e-17
-5.6e-05	1.2e-05	-3.95203e-17
-5.6e-05	1.6e-05	-6.94085e-17
-5.6e-05	2e-05	9.41649e-17
-5.6e-05	2.4e-05	-9.89257e-17
-5.6e-05	2.8e-05	2.67063e-17
-5.6e-05	3.2e-05	3.87368e-16
-5.6e-05	3.6e-05	2.42284e-16
-5.6e-05	4e-05	-1.65664e-16
-5.6e-05	4.4e-05	-1.5879e-16
-5.6e-05	4.8e-05	3.19471e-16
-5.6e-05	5.2e-05	1.52277e-17
-5.6e-05	5.6e-05	1.38278e-16
-5.6e-05	6e-05	2.59861e-17
-5.6e-05	6.4e-05	2.55399e-16
-5.6e-05	6.8e-05	3.54515e-17
-5.6e-05	7.2e-05	1.53551e-16
-5.6e-05	7.6e-05	1.27839e-16
-5.2e-05	-8e-05	2.23947e-16
-5.2e-05	-7.6e-05	8.44567e-17
-5.2e-05	-7.2e-05	2.38029e-16
-5.2e-05	-6.8e-05	1.32223e-16
-5.2e-05	-6.4e-05	1.21086e-16
-5.2e-05	-6e-05	4.3273e-17
-5.2e-05	-5.6e-05	4.56343e-17
-5.2e-05	-5.2e-05	9.80239e-17
-5.2e-05	-4.8e-05	4.90802e-16
-5.2e-05	-4.4e-05	-4.20233e-16
-5.2e-05	-4e-05	1.54481e-16
-5.2e-05	-3.6e-05	2.66607e-16
-5.2e-05	-3.2e-05	2.33176e-16
-5.2e-05	-2.8e-05	4.77371e-17
-5.2e-05	-2.4e-05	1.51458e-16
-5.2e-05	-2e-05	1.86867e-16
-5.2e-05	-1.6e-05	1.72217e-17
-5.2e-05	-1.2e-05	3.28004e-17
-5.2e-05	-8e-06	-3.51099e-17
-5.2e-05	-4e-06	-8.83978e-17
-5.2e-05	0	1.25512e-16
-5.2e-05	4e-06	-9.86716e-17
-5.2e-05	8e-06	-5.49927e-17
-5.2e-05	1.2e-05	-7.87944e-17
-5.2e-05	1.6e-05	-2.59594e-16
-5.2e-05	2e-05	-1.8664e-16
-5.2e-05	2.4e-05	4.66525e-16
-5.2e-05	2.8e-05	-6.07221e-17
-5.2e-05	3.2e-05	-9.97648e-17
-5.2e-05	3.6e-05	4.38966e-16
-5.2e-05	4e-05	3.26284e-16
-5.2e-05	4.4e-05	-1.47358e-16
-5.2e-05	4.8e-05	-3.70797e-16
-5.2e-05	5.2e-05	1.5787e-16
-5.2e-05	5.6e-05	1.37999e-16
-5.2e-05	6e-05	2.30646e-16
-5.2e-05	6.4e-05	8.91684e-17
-5.2e-05	6.8e-05	8.22643e-17
-5.2e-05	7.2e-05	1.94568e-16
-5.2e-05	7.6e-05	2.33055e-16
-4.8e-05	-8e-05	2.72928e-16
-4.8e-05	-7.6e-05	2.6297e-16
-4.8e-05	-7.2e-05	2.06825e-16
-4.8e-05	-6.8e-05	2.21424e-16
-4.8e-05	-6.4e-05	1.95293e-16
-4.8e-05	-6e-05	1.90825e-16
-4.8e-05	-5.6e-05	2.2222e-16
-4.8e-05	-5.2e-05	4.18074e-16
-4.8e-05	-4.8e-05	-3.1887e-16
-4.8e-05	-4.4e-05	-1.7415e-16
-4.8e-05	-4e-05	-2.75833e-17
-4.8e-05	-3.6e-05	3.98649e-16
-4.8e-05	-3.2e-05	-1.00992e-16
-4.8e-05	-2.8e-05	2.01273e-16
-4.8e-05	-2.4e-05	4.78814e-16
-4.8e-05	-2e-05	2.13204e-16
-4.8e-05	-1.6e-05	1.30183e-17
-4.8e-05	-1.2e-05	5.07458e-17
-4.8e-05	-8e-06	-8.31774e-17
-4.8e-05	-4e-06	2.4564e-16
-4.8e-05	0	1.08863e-16
-4.8e-05	4e-06	1.73771e-16
-4.8e-05	8e-06	9.34279e-17
-4.8e-05	1.2e-05	2.22929e-17
-4.8e-05	1.6e-05	-2.84374e-16
-4.8e-05	2e-05	-1.57645e-16
-4.8e-05	2.4e-05	-2.08412e-19
-4.8e-05	2.8e-05	3.12845e-17
-4.8e-05	3.2e-05	-2.14743e-16
-4.8e-05	3.6e-05	4.60931e-16
-4.8e-05	4e-05	3.13985e-16
-4.8e-05	4.4e-05	-5.88943e-17
-4.8e-05	4.8e-05	-3.33263e-16
-4.8e-05	5.2e-05	-2.53862e-16
-4.8e-05	5.6e-05	2.23224e-16
-4.8e-05	6e-05	-9.76382e-17
-4.8e-05	6.4e-05	2.19714e-16
-4.8e-05	6.8e-05	7.34349e-17
-4.8e-05	7.2e-05	1.58224e-16
-4.8e-05	7.6e-05	1.36211e-16
-4.4e-05	-8e-05	2.19149e-16
-4.4e-05	-7.6e-05	1.00703e-16
-4.4e-05	-7.2e-05	1.71706e-16
-4.4e-05	-6.8e-05	-1.11488e-18
-4.4e-05	-6.4e-05	1.91415e-16
-4.4e-05	-6e-05	-1.68817e-16
-4.4e-05	-5.6e-05	3.40244e-16
-4.4e-05	-5.2e-05	-4.16122e-16
-4.4e-05	-4.8e-05	-1.21795e-17
-4.4e-05	-4.4e-05	-1.18493e-16
-4.4e-05	-4e-05	4.67568e-16
-4.4e-05	-3.6e-05	2.24588e-16
-4.4e-05	-3.2e-05	3.27597e-16
-4.4e-05	-2.8e-05	5.13977e-16
-4.4e-05	-2.4e-05	1.72019e-16
-4.4e-05	-2e-05	4.77951e-17
-4.4e-05	-1.6e-05	-7.11477e-17
-4.4e-05	-1.2e-05	4.47629e-17
-4.4e-05	-8e-06	-3.85352e-17
-4.4e-05	-4e-06	2.03572e-16
-4.4e-05	0	2.56743e-16
-4.4e-05	4e-06	2.85788e-16
-4.4e-05	8e-06	9.87316e-17
-4.4e-05	1.2e-05	3.99339e-17
-4.4e-05	1.6e-05	2.42456e-16
-4.4e-05	2e-05	-2.94092e-16
-4.4e-05	2.4e-05	-7.04585e-17
-4.4e-05	2.8e-05	1.44031e-16
-4.4e-05	3.2e-05	2.68628e-16
-4.4e-05	3.6e-05	1.48696e-16
-4.4e-05	4e-05	2.76852e-16
-4.4e-05	4.4e-05	2.37373e-16
-4.4e-05	4.8e-05	9.5131e-17
-4.4e-05	5.2e-05	2.11225e-16
-4.4e-05	5.6e-05	-1.7298e-16
-4.4e-05	6e-05	2.27092e-16
-4.4e-05	6.4e-05	-2.49534e-16
-4.4e-05	6.8e-05	2.83087e-16
-4.4e-05	7.2e-05	-2.09761e-16
-4.4e-05	7.6e-05	1.40157e-16
-4e-05	-8e-05	-2.39088e-16
-4e-05	-7.6e-05	1.43347e-16
-4e-05	-7.2e-05	-3.47492e-16
-4e-05	-6.8e-05	2.19246e-16
-4e-05	-6.4e-05	-2.52456e-16
-4e-05	-6e-05	3.03059e-16
-4e-05	-5.6e-05	-2.59898e-16
-4e-05	-5.2e-05	2.09377e-16
-4e-05	-4.8e-05	2.91218e-16
-4e-05	-4.4e-05	3.5804e-16
-4e-05	-4e-05	3.29103e-16
-4e-05	-3.6e-05	1.23872e-16
-4e-05	-3.2e-05	2.58267e-16
-4e-05	-2.8e-05	2.65234e-16
-4e-05	-2.4e-05	5.87019e-17
-4e-05	-2e-05	-2.48625e-17
-4e-05	-1.6e-05	2.59745e-16
-4e-05	-1.2e-05	-3.62838e-16
-4e-05	-8e-06	-1.81147e-16
-4e-05	-4e-06	1.01103e-16
-4e-05	0	2.59983e-16
-4e-05	4e-06	1.91609e-18
-4e-05	8e-06	1.31624e-16
-4e-05	1.2e-05	7.24685e-18
-4e-05	1.6e-05	1.54247e-16
-4e-05	2e-05	4.73832e-16
-4e-05	2.4e-05	-6.43854e-17
-4e-05	2.8e-05	-1.94942e-16
-4e-05	3.2e-05	1.01507e-16
-4e-05	3.6e-05	2.93523e-16
-4e-05	4e-05	1.33506e-16
-4e-05	4.4e-05	-4.58517e-17
-4e-05	4.8e-05	6.46448e-17
-4e-05	5.2e-05	2.14628e-16
-4e-05	5.6e-05	2.60263e-16
-4e-05	6e-05	1.13877e-16
-4e-05	6.4e-05	2.37165e-16
-4e-05	6.8e-05	7.32952e-17
-4e-05	7.2e-05	2.41898e-16
-4e-05	7.6e-05	-4.64207e-17
-3.6e-05	-8e-05	2.49468e-16
-3.6e-05	-7.6e-05	1.14334e-16
-3.6e-05	-7.2e-05	3.54512e-16
-3.6e-05	-6.8e-05	5.15604e-17
-3.6e-05	-6.4e-05	3.14926e-16
-3.6e-05	-6e-05	1.91908e-16
-3.6e-05	-5.6e-05	2.48243e-16
-3.6e-05	-5.2e-05	2.83689e-16
-3.6e-05	-4.8e-05	2.83691e-16
-3.6e-05	-4.4e-05	1.26694e-16
-3.6e-05	-4e-05	1.774e-16
-3.6e-05	-3.6e-05	-3.13782e-17
-3.6e-05	-3.2e-05	3.76665e-16
-3.6e-05	-2.8e-05	4.17876e-16
-3.6e-05	-2.4e-05	2.36851e-17
-3.6e-05	-2e-05	1.15606e-16
-3.6e-05	-1.6e-05	-1.1879e-15
-3.6e-05	-1.2e-05	-2.28825e-14
-3.6e-05	-8e-06	-2.60824e-14
-3.6e-05	-4e-06	1.14622e-15
-3.6e-05	0	2.49401e-14
-3.6e-05	4e-06	1.07462e-14
-3.6e-05	8e-06	-1.11576e-14
-3.6e-05	1.2e-05	-7.51154e-16
-3.6e-05	1.6e-05	3.02936e-16
-3.6e-05	2e-05	4.59823e-16
-3.6e-05	2.4e-05	5.68331e-16
-3.6e-05	2.8e-05	-3.19577e-16
-3.6e-05	3.2e-05	7.27081e-17
-3.6e-05	3.6e-05	6.91244e-17
-3.6e-05	4e-05	3.24715e-16
-3.6e-05	4.4e-05	1.8897e-16
-3.6e-05	4.8e-05	1.58587e-18
-3.6e-05	5.2e-05	2.66103e-16
-3.6e-05	5.6e-05	9.93267e-17
-3.6e-05	6e-05	3.64792e-16
-3.6e-05	6.4e-05	4.4351e-17
-3.6e-05	6.8e-05	2.70217e-16
-3.6e-05	7.2e-05	1.10497e-16
-3.6e-05	7.6e-05	4.25923e-16
-3.2e-05	-8e-05	-1.24461e-17
-3.2e-05	-7.6e-05	2.16225e-16
-3.2e-05	-7.2e-05	-5.08766e-18
-3.2e-05	-6.8e-05	3.91091e-16
-3.2e-05	-6.4e-05	5.67262e-17
-3.2e-05	-6e-05	4.65976e-16
-3.2e-05	-5.6e-05	1.81764e-17
-3.2e-05	-5.2e-05	2.61304e-16
-3.2e-05	-4.8e-05	-4.67216e-17
-3.2e-05	-4.4e-05	3.98806e-16
-3.2e-05	-4e-05	2.46114e-16
-3.2e-05	-3.6e-05	3.41197e-16
-3.2e-05	-3.2e-05	5.69381e-16
-3.2e-05	-2.8e-05	-1.42756e-17
-3.2e-05	-2.4e-05	-2.08541e-16
-3.2e-05	-2e-05	-3.1438e-15
-3.2e-05	-1.6e-05	-1.33957e-13
-3.2e-05	-1.2e-05	-3.41606e-12
-3.2e-05	-8e-06	-3.87699e-12
-3.2e-05	-4e-06	1.5007e-13
-3.2e-05	0	3.7246e-12
-3.2e-05	4e-06	1.59218e-12
-3.2e-05	8e-06	-1.68403e-12
-3.2e-05	1.2e-05	-6.86072e-14
-3.2e-05	1.6e-05	-1.69359e-15
-3.2e-05	2e-05	3.18424e-16
-3.2e-05	2.4e-05	1.21534e-16
-3.2e-05	2.8e-05	7.8459e-17
-3.2e-05	3.2e-05	5.9397e-17
-3.2e-05	3.6e-05	1.98322e-16
-3.2e-05	4e-05	-1.30646e-16
-3.2e-05	4.4e-05	3.51899e-16
-3.2e-05	4.8e-05	1.58872e-16
-3.2e-05	5.2e-05	3.35897e-16
-3.2e-05	5.6e-05	2.43739e-16
-3.2e-05	6e-05	1.59203e-16
-3.2e-05	6.4e-05	2.65809e-16
-3.2e-05	6.8e-05	1.20022e-16
-3.2e-05	7.2e-05	4.25557e-16
-3.2e-05	7.6e-05	8.71373e-17
-2.8e-05	-8e-05	1.77993e-16
-2.8e-05	-7.6e-05	1.28991e-16
-2.8e-05	-7.2e-05	2.5425e-16
-2.8e-05	-6.8e-05	1.03743e-16
-2.8e-05	-6.4e-05	4.99022e-16
-2.8e-05	-6e-05	1.76997e-16
-2.8e-05	-5.6e-05	3.50297e-16
-2.8e-05	-5.2e-05	2.67738e-16
-2.8e-05	-4.8e-05	3.19101e-16
-2.8e-05	-4.4e-05	7.38216e-16
-2.8e-05	-4e-05	9.34832e-17
-2.8e-05	-3.6e-05	2.33634e-16
-2.8e-05	-3.2e-05	-2.35254e-17
-2.8e-05	-2.8e-05	-3.75368e-16
-2.8e-05	-2.4e-05	-5.06804e-15
-2.8e-05	-2e-05	-3.32215e-13
-2.8e-05	-1.6e-05	-1.66847e-11
-2.8e-05	-1.2e-05	-5.07177e-10
-2.8e-05	-8e-06	-5.76976e-10
-2.8e-05	-4e-06	2.26238e-11
-2.8e-05	0	5.55622e-10
-2.8e-05	4e-06	2.36275e-10
-2.8e-05	8e-06	-2.53494e-10
-2.8e-05	1.2e-05	-8.59556e-12
-2.8e-05	1.6e-05	-1.73119e-13
-2.8e-05	2e-05	-2.77603e-15
-2.8e-05	2.4e-05	4.68492e-16
-2.8e-05	2.8e-05	1.51603e-16
-2.8e-05	3.2e-05	2.15956e-16
-2.8e-05	3.6e-05	-5.38747e-17
-2.8e-05	4e-05	-9.21562e-17
-2.8e-05	4.4e-05	4.30663e-17
-2.8e-05	4.8e-05	2.43886e-16
-2.8e-05	5.2e-05	2.90899e-16
-2.8e-05	5.6e-05	2.34797e-16
-2.8e-05	6e-05	2.46694e-16
-2.8e-05	6.4e-05	3.73707e-16
-2.8e-05	6.8e-05	2.91521e-16
-2.8e-05	7.2e-05	4.15839e-16
-2.8e-05	7.6e-05	3.23174e-16
-2.4e-05	-8e-05	3.85237e-16
-2.4e-05	-7.6e-05	3.99357e-16
-2.4e-05	-7.2e-05	3.7142e-16
-2.4e-05	-6.8e-05	2.91734e-16
-2.4e-05	-6.4e-05	3.77081e-16
-2.4e-05	-6e-05	3.60501e-16
-2.4e-05	-5.6e-05	4.10892e-16
-2.4e-05	-5.2e-05	1.99434e-16
-2.4e-05	-4.8e-05	4.27022e-16
-2.4e-05	-4.4e-05	2.49863e-16
-2.4e-05	-4e-05	6.00711e-17
-2.4e-05	-3.6e-05	5.09915e-17
-2.4e-05	-3.2e-05	-2.04353e-16
-2.4e-05	-2.8e-05	-5.1709e-15
-2.4e-05	-2.4e-05	-4.40738e-13
-2.4e-05	-2e-05	-3.30952e-11
-2.4e-05	-1.6e-05	-1.98926e-09
-2.4e-05	-1.2e-05	-7.53041e-08
-2.4e-05	-8e-06	-8.58591e-08
-2.4e-05	-4e-06	3.40581e-09
-2.4e-05	0	8.28886e-08
-2.4e-05	4e-06	3.50571e-08
-2.4e-05	8e-06	-3.81611e-08
-2.4e-05	1.2e-05	-1.03253e-09
-2.4e-05	1.6e-05	-1.73561e-11
-2.4e-05	2e-05	-2.32964e-13
-2.4e-05	2.4e-05	-2.46239e-15
-2.4e-05	2.8e-05	5.04128e-16
-2.4e-05	3.2e-05	4.41863e-17
-2.4e-05	3.6e-05	-7.55091e-17
-2.4e-05	4e-05	-1.7624e-16
-2.4e-05	4.4e-05	9.57865e-17
-2.4e-05	4.8e-05	9.24914e-17
-2.4e-05	5.2e-05	1.51287e-16
-2.4e-05	5.6e-05	1.9318e-16
-2.4e-05	6e-05	1.67433e-16
-2.4e-05	6.4e-05	1.66583e-16
-2.4e-05	6.8e-05	3.83325e-16
-2.4e-05	7.2e-05	3.03428e-16
-2.4e-05	7.6e-05	5.36251e-16
-2e-05	-8e-05	2.87922e-16
-2e-05	-7.6e-05	3.71841e-16
-2e-05	-7.2e-05	3.37229e-16
-2e-05	-6.8e-05	4.11374e-16
-2e-05	-6.4e-05	4.04985e-16
-2e-05	-6e-05	2.74936e-16
-2e-05	-5.6e-05	1.57531e-16
-2e-05	-5.2e-05	2.49849e-16
-2e-05	-4.8e-05	3.35653e-16
-2e-05	-4.4e-05	2.14453e-16
-2e-05	-4e-05	8.73067e-17
-2e-05	-3.6e-05	-8.69526e-17
-2e-05	-3.2e-05	-3.27521e-15
-2e-05	-2.8e-05	-3.29514e-13
-2e-05	-2.4e-05	-3.29418e-11
-2e-05	-2e-05	-2.96277e-09
-2e-05	-1.6e-05	-2.22347e-07
-2e-05	-1.2e-05	-1.11812e-05
-2e-05	-8e-06	-1.27768e-05
-2e-05	-4e-06	5.12473e-07
-2e-05	0	1.23656e-05
-2e-05	4e-06	5.20166e-06
-2e-05	8e-06	-5.74454e-06
-2e-05	1.2e-05	-1.1633e-07
-2e-05	1.6e-05	-1.56437e-09
-2e-05	2e-05	-1.75148e-11
-2e-05	2.4e-05	-1.76373e-13
-2e-05	2.8e-05	-1.5042e-15
-2e-05	3.2e-05	1.80807e-16
-2e-05	3.6e-05	1.16274e-18
-2e-05	4e-05	-1.31987e-16
-2e-05	4.4e-05	-5.90529e-19
-2e-05	4.8e-05	1.21449e-16
-2e-05	5.2e-05	1.03118e-16
-2e-05	5.6e-05	1.61048e-16
-2e-05	6e-05	1.70826e-16
-2e-05	6.4e-05	3.27424e-16
-2e-05	6.8e-05	2.89178e-16
-2e-05	7.2e-05	3.49749e-16
-2e-05	7.6e-05	2.81393e-16
-1.6e-05	-8e-05	2.02188e-16
-1.6e-05	-7.6e-05	1.53039e-16
-1.6e-05	-7.2e-05	4.15986e-16
-1.6e-05	-6.8e-05	2.41624e-16
-1.6e-05	-6.4e-05	4.14381e-16
-1.6e-05	-6e-05	2.30183e-16
-1.6e-05	-5.6e-05	2.8101e-16
-1.6e-05	-5.2e-05	8.04943e-17
-1.6e-05	-4.8e-05	2.79781e-16
-1.6e-05	-4.4e-05	5.88587e-17
-1.6e-05	-4e-05	1.27501e-16
-1.6e-05	-3.6e-05	-1.0865e-15
-1.6e-05	-3.2e-05	-1.31484e-13
-1.6e-05	-2.8e-05	-1.64078e-11
-1.6e-05	-2.4e-05	-1.96631e-09
-1.6e-05	-2e-05	-2.20977e-07
-1.6e-05	-1.6e-05	-2.2089e-05
-1.6e-05	-1.2e-05	-0.00166024
-1.6e-05	-8e-06	-0.00190136
-1.6e-05	-4e-06	7.70765e-05
-1.6e-05	0	0.00184476
-1.6e-05	4e-06	0.000771823
-1.6e-05	8e-06	-0.000864713
-1.6e-05	1.2e-05	-1.16615e-05
-1.6e-05	1.6e-05	-1.17742e-07
-1.6e-05	2e-05	-1.05624e-09
-1.6e-05	2.4e-05	-8.88141e-12
-1.6e-05	2.8e-05	-7.1221e-14
-1.6e-05	3.2e-05	-4.79055e-16
-1.6e-05	3.6e-05	-1.20388e-16
-1.6e-05	4e-05	-3.32546e-16
-1.6e-05	4.4e-05	7.77834e-18
-1.6e-05	4.8e-05	2.77825e-17
-1.6e-05	5.2e-05	-9.18021e-17
-1.6e-05	5.6e-05	-1.02934e-16
-1.6e-05	6e-05	-4.57232e-18
-1.6e-05	6.4e-05	1.10422e-16
-1.6e-05	6.8e-05	1.19573e-16
-1.6e-05	7.2e-05	2.22134e-16
-1.6e-05	7.6e-05	2.0996e-16
-1.2e-05	-8e-05	1.25843e-17
-1.2e-05	-7.6e-05	1.69364e-16
-1.2e-05	-7.2e-05	1.2366e-16
-1.2e-05	-6.8e-05	2.31373e-16
-1.2e-05	-6.4e-05	2.65026e-16
-1.2e-05	-6e-05	7.58808e-17
-1.2e-05	-5.6e-05	2.61091e-17
-1.2e-05	-5.2e-05	9.24564e-17
-1.2e-05	-4.8e-05	8.72271e-17
-1.2e-05	-4.4e-05	1.64153e-16
-1.2e-05	-4e-05	-2.01448e-16
-1.2e-05	-3.6e-05	-2.18131e-14
-1.2e-05	-3.2e-05	-3.26129e-12
-1.2e-05	-2.8e-05	-4.88712e-10
-1.2e-05	-2.4e-05	-7.32395e-08
-1.2e-05	-2e-05	-1.09762e-05
-1.2e-05	-1.6e-05	-0.00164502
-1.2e-05	-1.2e-05	-0.246551
-1.2e-05	-8e-06	-0.282752
-1.2e-05	-4e-06	0.0117672
-1.2e-05	0	0.275106
-1.2e-05	4e-06	0.114359
-1.2e-05	8e-06	-0.130071
-1.2e-05	1.2e-05	-0.00088019
-1.2e-05	1.6e-05	-5.95583e-06
-1.2e-05	2e-05	-4.02977e-08
-1.2e-05	2.4e-05	-2.7264e-10
-1.2e-05	2.8e-05	-1.84439e-12
-1.2e-05	3.2e-05	-1.22934e-14
-1.2e-05	3.6e-05	-7.41879e-17
-1.2e-05	4e-05	-5.76912e-18
-1.2e-05	4.4e-05	-2.37994e-17
-1.2e-05	4.8e-05	2.3055e-16
-1.2e-05	5.2e-05	-7.44397e-17
-1.2e-05	5.6e-05	-5.01773e-17
-1.2e-05	6e-05	-6.80098e-17
-1.2e-05	6.4e-05	2.59727e-17
-1.2e-05	6.8e-05	-2.81186e-17
-1.2e-05	7.2e-05	1.39405e-17
-1.2e-05	7.6e-05	-6.93837e-17
-8e-06	-8e-05	5.77143e-17
-8e-06	-7.6e-05	-1.37586e-16
-8e-06	-7.2e-05	2.87614e-17
-8e-06	-6.8e-05	1.0942e-17
-8e-06	-6.4e-05	6.29376e-17
-8e-06	-6e-05	4.03064e-17
-8e-06	-5.6e-05	6.10009e-17
-8e-06	-5.2e-05	-5.80529e-17
-8e-06	-4.8e-05	7.06453e-17
-8e-06	-4.4e-05	9.05507e-17
-8e-06	-4e-05	3.05854e-16
-8e-06	-3.6e-05	5.59407e-15
-8e-06	-3.2e-05	8.15637e-13
-8e-06	-2.8e-05	1.21349e-10
-8e-06	-2.4e-05	1.806e-08
-8e-06	-2e-05	2.68795e-06
-8e-06	-1.6e-05	0.000400084
-8e-06	-1.2e-05	0.0595532
-8e-06	-8e-06	0.00144929
-8e-06	-4e-06	0.0466292
-8e-06	0	0.123756
-8e-06	4e-06	-0.0680431
-8e-06	8e-06	-0.243214
-8e-06	1.2e-05	-0.00163108
-8e-06	1.6e-05	-1.09388e-05
-8e-06	2e-05	-7.33626e-08
-8e-06	2.4e-05	-4.92029e-10
-8e-06	2.8e-05	-3.3e-12
-8e-06	3.2e-05	-2.22121e-14
-8e-06	3.6e-05	-3.64763e-16
-8e-06	4e-05	9.654e-17
-8e-06	4.4e-05	2.86701e-16
-8e-06	4.8e-05	3.89004e-16
-8e-06	5.2e-05	1.4604e-16
-8e-06	5.6e-05	3.35768e-17
-8e-06	6e-05	6.91979e-17
-8e-06	6.4e-05	6.83186e-17
-8e-06	6.8e-05	1.18673e-16
-8e-06	7.2e-05	5.6569e-17
-8e-06	7.6e-05	2.69525e-16
-4e-06	-8e-05	3.44389e-19
-4e-06	-7.6e-05	1.79157e-16
-4e-06	-7.2e-05	-3.37115e-17
-4e-06	-6.8e-05	1.93652e-16
-4e-06	-6.4e-05	1.18848e-16
-4e-06	-6e-05	1.46205e-16
-4e-06	-5.6e-05	1.0121e-16
-4e-06	-5.2e-05	2.16509e-16
-4e-06	-4.8e-05	1.91949e-16
-4e-06	-4.4e-05	3.70401e-16
-4e-06	-4e-05	3.68903e-16
-4e-06	-3.6e-05	2.65651e-14
-4e-06	-3.2e-05	3.94266e-12
-4e-06	-2.8e-05	5.89168e-10
-4e-06	-2.4e-05	8.80421e-08
-4e-06	-2e-05	1.31567e-05
-4e-06	-1.6e-05	0.00196612
-4e-06	-1.2e-05	0.293817
-4e-06	-8e-06	0.177993
-4e-06	-4e-06	-0.0989283
-4e-06	0	-0.152591
-4e-06	4e-06	-0.0505885
-4e-06	8e-06	0.000792388
-4e-06	1.2e-05	7.56195e-06
-4e-06	1.6e-05	6.55402e-08
-4e-06	2e-05	5.37312e-10
-4e-06	2.4e-05	4.24805e-12
-4e-06	2.8e-05	3.25045e-14
-4e-06	3.2e-05	-3.63628e-17
-4e-06	3.6e-05	-8.11629e-17
-4e-06	4e-05	2.89437e-16
-4e-06	4.4e-05	1.04873e-16
-4e-06	4.8e-05	-4.86815e-17
-4e-06	5.2e-05	2.922e-17
-4e-06	5.6e-05	2.65007e-16
-4e-06	6e-05	1.63272e-16
-4e-06	6.4e-05	2.6663e-16
-4e-06	6.8e-05	1.20972e-16
-4e-06	7.2e-05	1.10307e-16
-4e-06	7.6e-05	7.78343e-17
0	-8e-05	2.36229e-16
0	-7.6e-05	8.96287e-17
0	-7.2e-05	1.87331e-16
0	-6.8e-05	1.99109e-16
0	-6.4e-05	2.19399e-16
0	-6e-05	1.11284e-16
0	-5.6e-05	1.45026e-16
0	-5.2e-05	-1.17976e-17
0	-4.8e-05	2.29064e-16
0	-4.4e-05	1.00867e-16
0	-4e-05	2.11005e-16
0	-3.6e-05	1.60869e-16
0	-3.2e-05	3.2818e-14
0	-2.8e-05	4.24768e-12
0	-2.4e-05	5.37312e-10
0	-2e-05	6.55402e-08
0	-1.6e-05	7.56195e-06
0	-1.2e-05	0.000792388
0	-8e-06	-0.0505885
0	-4e-06	-0.152591
0	0	-0.0989283
0	4e-06	0.177993
0	8e-06	0.293817
0	1.2e-05	0.00196612
0	1.6e-05	1.31567e-05
0	2e-05	8.80421e-08
0	2.4e-05	5.89168e-10
0	2.8e-05	3.94236e-12
0	3.2e-05	2.63449e-14
0	3.6e-05	2.0386e-16
0	4e-05	-4.05702e-17
0	4.4e-05	1.47229e-16
0	4.8e-05	-1.32785e-16
0	5.2e-05	1.25243e-16
0	5.6e-05	-4.14529e-17
0	6e-05	1.67125e-16
0	6.4e-05	7.02478e-17
0	6.8e-05	2.97825e-16
0	7.2e-05	3.92749e-17
0	7.6e-05	2.7269e-16
4e-06	-8e-05	3.81719e-17
4e-06	-7.6e-05	2.73668e-16
4e-06	-7.2e-05	1.10294e-17
4e-06	-6.8e-05	2.79981e-16
4e-06	-6.4e-05	1.04929e-16
4e-06	-6e-05	3.90672e-16
4e-06	-5.6e-05	-6.50264e-17
4e-06	-5.2e-05	3.13017e-16
4e-06	-4.8e-05	-1.16778e-16
4e-06	-4.4e-05	3.3468e-16
4e-06	-4e-05	-2.85578e-16
4e-06	-3.6e-05	-2.21689e-14
4e-06	-3.2e-05	-3.30016e-12
4e-06	-2.8e-05	-4.92029e-10
4e-06	-2.4e-05	-7.33626e-08
4e-06	-2e-05	-1.09388e-05
4e-06	-1.6e-05	-0.00163108
4e-06	-1.2e-05	-0.243214
4e-06	-8e-06	-0.0680431
4e-06	-4e-06	0.123756
4e-06	0	0.0466292
4e-06	4e-06	0.00144929
4e-06	8e-06	0.0595532
4e-06	1.2e-05	0.000400084
4e-06	1.6e-05	2.68795e-06
4e-06	2e-05	1.806e-08
4e-06	2.4e-05	1.21349e-10
4e-06	2.8e-05	8.15597e-13
4e-06	3.2e-05	5.24572e-15
4e-06	3.6e-05	7.91032e-17
4e-06	4e-05	-5.98398e-18
4e-06	4.4e-05	-6.10753e-17
4e-06	4.8e-05	-3.86708e-17
4e-06	5.2e-05	-3.60882e-16
4e-06	5.6e-05	1.78155e-16
4e-06	6e-05	-2.77004e-18
4e-06	6.4e-05	1.98578e-16
4e-06	6.8e-05	-8.13304e-17
4e-06	7.2e-05	1.73322e-16
4e-06	7.6e-05	-8.3332e-17
8e-06	-8e-05	2.9628e-16
8e-06	-7.6e-05	-1.33022e-16
8e-06	-7.2e-05	1.53579e-16
8e-06	-6.8e-05	-2.22367e-16
8e-06	-6.4e-05	3.34919e-16
8e-06	-6e-05	-1.04044e-16
8e-06	-5.6e-05	1.34196e-16
8e-06	-5.2e-05	-2.04676e-16
8e-06	-4.8e-05	1.84629e-17
8e-06	-4.4e-05	-1.24509e-17
8e-06	-4e-05	-1.60901e-16
8e-06	-3.6e-05	-1.24832e-14
8e-06	-3.2e-05	-1.84483e-12
8e-06	-2.8e-05	-2.7264e-10
8e-06	-2.4e-05	-4.02977e-08
8e-06	-2e-05	-5.95583e-06
8e-06	-1.6e-05	-0.00088019
8e-06	-1.2e-05	-0.130071
8e-06	-8e-06	0.114359
8e-06	-4e-06	0.275106
8e-06	0	0.0117672
8e-06	4e-06	-0.282752
8e-06	8e-06	-0.246551
8e-06	1.2e-05	-0.00164502
8e-06	1.6e-05	-1.09762e-05
8e-06	2e-05	-7.32395e-08
8e-06	2.4e-05	-4.88712e-10
8e-06	2.8e-05	-3.2613e-12
8e-06	3.2e-05	-2.15169e-14
8e-06	3.6e-05	-1.76456e-16
8e-06	4e-05	4.17715e-17
8e-06	4.4e-05	-2.19179e-16
8e-06	4.8e-05	-2.11808e-16
8e-06	5.2e-05	-1.64546e-16
8e-06	5.6e-05	-9.88488e-17
8e-06	6e-05	6.09413e-17
8e-06	6.4e-05	-1.38698e-16
8e-06	6.8e-05	-6.99193e-17
8e-06	7.2e-05	-1.21853e-16
8e-06	7.6e-05	1.83247e-17
1.2e-05	-8e-05	-2.22878e-16
1.2e-05	-7.6e-05	-2.26427e-17
1.2e-05	-7.2e-05	-2.09555e-16
1.2e-05	-6.8e-05	-8.97764e-17
1.2e-05	-6.4e-05	-1.95073e-16
1.2e-05	-6e-05	-4.03506e-17
1.2e-05	-5.6e-05	-1.01526e-16
1.2e-05	-5.2e-05	-1.7951e-16
1.2e-05	-4.8e-05	-1.50333e-16
1.2e-05	-4.4e-05	-2.37672e-16
1.2e-05	-4e-05	1.01709e-16
1.2e-05	-3.6e-05	-8.75148e-16
1.2e-05	-3.2e-05	-7.1433e-14
1.2e-05	-2.8e-05	-8.88193e-12
1.2e-05	-2.4e-05	-1.05624e-09
1.2e-05	-2e-05	-1.17742e-07
1.2e-05	-1.6e-05	-1.16615e-05
1.2e-05	-1.2e-05	-0.000864713
1.2e-05	-8e-06	0.000771823
1.2e-05	-4e-06	0.00184476
1.2e-05	0	7.70765e-05
1.2e-05	4e-06	-0.00190136
1.2e-05	8e-06	-0.00166024
1.2e-05	1.2e-05	-2.2089e-05
1.2e-05	1.6e-05	-2.20977e-07
1.2e-05	2e-05	-1.96631e-09
1.2e-05	2.4e-05	-1.64077e-11
1.2e-05	2.8e-05	-1.31013e-13
1.2e-05	3.2e-05	-9.67812e-16
1.2e-05	3.6e-05	3.52924e-16
1.2e-05	4e-05	-1.68792e-16
1.2e-05	4.4e-05	1.77801e-16
1.2e-05	4.8e-05	-1.34216e-16
1.2e-05	5.2e-05	1.1003e-16
1.2e-05	5.6e-05	-1.77131e-16
1.2e-05	6e-05	-5.42281e-17
1.2e-05	6.4e-05	-1.59193e-16
1.2e-05	6.8e-05	-2.04126e-16
1.2e-05	7.2e-05	-1.4819e-16
1.2e-05	7.6e-05	-2.38827e-16
1.6e-05	-8e-05	-8.86488e-17
1.6e-05	-7.6e-05	-1.7354e-16
1.6e-05	-7.2e-05	-1.75294e-16
1.6e-05	-6.8e-05	-1.29912e-16
1.6e-05	-6.4e-05	-1.1105e-16
1.6e-05	-6e-05	-1.2394e-16
1.6e-05	-5.6e-05	-1.82798e-16
1.6e-05	-5.2e-05	-1.22745e-16
1.6e-05	-4.8e-05	-2.61112e-16
1.6e-05	-4.4e-05	3.82201e-16
1.6e-05	-4e-05	-6.73356e-17
1.6e-05	-3.6e-05	3.70865e-16
1.6e-05	-3.2e-05	-1.79295e-15
1.6e-05	-2.8e-05	-1.7603e-13
1.6e-05	-2.4e-05	-1.75147e-11
1.6e-05	-2e-05	-1.56437e-09
1.6e-05	-1.6e-05	-1.1633e-07
1.6e-05	-1.2e-05	-5.74454e-06
1.6e-05	-8e-06	5.20166e-06
1.6e-05	-4e-06	1.23656e-05
1.6e-05	0	5.12473e-07
1.6e-05	4e-06	-1.27768e-05
1.6e-05	8e-06	-1.11812e-05
1.6e-05	1.2e-05	-2.22347e-07
1.6e-05	1.6e-05	-2.96277e-09
1.6e-05	2e-05	-3.29414e-11
1.6e-05	2.4e-05	-3.29566e-13
1.6e-05	2.8e-05	-2.99752e-15
1.6e-05	3.2e-05	2.64836e-16
1.6e-05	3.6e-05	-2.17469e-16
1.6e-05	4e-05	2.11551e-16
1.6e-05	4.4e-05	-1.48643e-16
1.6e-05	4.8e-05	3.48666e-16
1.6e-05	5.2e-05	-1.13965e-16
1.6e-05	5.6e-05	3.06762e-16
1.6e-05	6e-05	-1.49447e-16
1.6e-05	6.4e-05	1.51254e-16
1.6e-05	6.8e-05	-1.89676e-16
1.6e-05	7.2e-05	5.84315e-17
1.6e-05	7.6e-05	-1.02113e-16
2e-05	-8e-05	1.19352e-16
2e-05	-7.6e-05	-1.60435e-16
2e-05	-7.2e-05	1.52853e-16
2e-05	-6.8e-05	-1.21601e-16
2e-05	-6.4e-05	7.64625e-17
2e-05	-6e-05	-4.16822e-17
2e-05	-5.6e-05	4.01785e-16
2e-05	-5.2e-05	-1.27177e-16
2e-05	-4.8e-05	2.0859e-16
2e-05	-4.4e-05	-4.00332e-16
2e-05	-4e-05	7.06679e-16
2e-05	-3.6e-05	-4.20138e-17
2e-05	-3.2e-05	4.56101e-16
2e-05	-2.8e-05	-2.66463e-15
2e-05	-2.4e-05	-2.32853e-13
2e-05	-2e-05	-1.7356e-11
2e-05	-1.6e-05	-1.03253e-09
2e-05	-1.2e-05	-3.81611e-08
2e-05	-8e-06	3.50571e-08
2e-05	-4e-06	8.28886e-08
2e-05	0	3.40581e-09
2e-05	4e-06	-8.58591e-08
2e-05	8e-06	-7.53041e-08
2e-05	1.2e-05	-1.98926e-09
2e-05	1.6e-05	-3.30949e-11
2e-05	2e-05	-4.41114e-13
2e-05	2.4e-05	-5.01848e-15
2e-05	2.8e-05	9.40023e-17
2e-05	3.2e-05	-7.08021e-17
2e-05	3.6e-05	-1.2365e-17
2e-05	4e-05	2.08315e-17
2e-05	4.4e-05	2.36602e-16
2e-05	4.8e-05	-7.08615e-17
2e-05	5.2e-05	2.99769e-16
2e-05	5.6e-05	-2.03847e-16
2e-05	6e-05	2.35829e-16
2e-05	6.4e-05	-1.7854e-16
2e-05	6.8e-05	2.68747e-16
2e-05	7.2e-05	-6.80094e-17
2e-05	7.6e-05	2.81401e-16
2.4e-05	-8e-05	-1.9648e-16
2.4e-05	-7.6e-05	4.11906e-16
2.4e-05	-7.2e-05	-2.34381e-16
2.4e-05	-6.8e-05	3.23816e-16
2.4e-05	-6.4e-05	-2.22551e-16
2.4e-05	-6e-05	3.29379e-16
2.4e-05	-5.6e-05	-1.39448e-16
2.4e-05	-5.2e-05	4.35763e-16
2.4e-05	-4.8e-05	-4.98984e-17
2.4e-05	-4.4e-05	6.10234e-17
2.4e-05	-4e-05	-2.45217e-16
2.4e-05	-3.6e-05	4.09111e-16
2.4e-05	-3.2e-05	1.0372e-16
2.4e-05	-2.8e-05	3.2976e-16
2.4e-05	-2.4e-05	-2.4234e-15
2.4e-05	-2e-05	-1.73294e-13
2.4e-05	-1.6e-05	-8.59495e-12
2.4e-05	-1.2e-05	-2.53494e-10
2.4e-05	-8e-06	2.36275e-10
2.4e-05	-4e-06	5.55623e-10
2.4e-05	0	2.26235e-11
2.4e-05	4e-06	-5.76976e-10
2.4e-05	8e-06	-5.07178e-10
2.4e-05	1.2e-05	-1.66847e-11
2.4e-05	1.6e-05	-3.32559e-13
2.4e-05	2e-05	-5.20335e-15
2.4e-05	2.4e-05	-6.90759e-18
2.4e-05	2.8e-05	5.83048e-17
2.4e-05	3.2e-05	-6.20026e-18
2.4e-05	3.6e-05	1.62321e-16
2.4e-05	4e-05	1.45587e-16
2.4e-05	4.4e-05	7.64286e-17
2.4e-05	4.8e-05	1.21947e-16
2.4e-05	5.2e-05	3.30685e-17
2.4e-05	5.6e-05	8.81822e-17
2.4e-05	6e-05	-2.57541e-17
2.4e-05	6.4e-05	1.91015e-16
2.4e-05	6.8e-05	-1.49988e-17
2.4e-05	7.2e-05	1.14396e-16
2.4e-05	7.6e-05	-1.60517e-17
2.8e-05	-8e-05	1.70415e-16
2.8e-05	-7.6e-05	-1.89397e-16
2.8e-05	-7.2e-05	1.84108e-16
2.8e-05	-6.8e-05	-9.23623e-17
2.8e-05	-6.4e-05	8.69451e-17
2.8e-05	-6e-05	8.82514e-18
2.8e-05	-5.6e-05	1.07553e-16
2.8e-05	-5.2e-05	4.54247e-17
2.8e-05	-4.8e-05	2.82353e-16
2.8e-05	-4.4e-05	9.21051e-17
2.8e-05	-4e-05	-3.5401e-17
2.8e-05	-3.6e-05	3.54231e-17
2.8e-05	-3.2e-05	3.31661e-16
2.8e-05	-2.8e-05	2.69056e-18
2.8e-05	-2.4e-05	4.30543e-16
2.8e-05	-2e-05	-1.37871e-15
2.8e-05	-1.6e-05	-6.83963e-14
2.8e-05	-1.2e-05	-1.68388e-12
2.8e-05	-8e-06	1.59251e-12
2.8e-05	-4e-06	3.7245e-12
2.8e-05	0	1.50108e-13
2.8e-05	4e-06	-3.87753e-12
2.8e-05	8e-06	-3.41603e-12
2.8e-05	1.2e-05	-1.34561e-13
2.8e-05	1.6e-05	-3.17834e-15
2.8e-05	2e-05	-2.73504e-16
2.8e-05	2.4e-05	-5.7867e-17
2.8e-05	2.8e-05	-3.69552e-17
2.8e-05	3.2e-05	7.29315e-17
2.8e-05	3.6e-05	2.78518e-16
2.8e-05	4e-05	9.19807e-17
2.8e-05	4.4e-05	1.61141e-16
2.8e-05	4.8e-05	2.1392e-16
2.8e-05	5.2e-05	2.10206e-16
2.8e-05	5.6e-05	-1.44551e-17
2.8e-05	6e-05	1.94516e-16
2.8e-05	6.4e-05	8.48079e-17
2.8e-05	6.8e-05	1.51346e-16
2.8e-05	7.2e-05	1.55183e-16
2.8e-05	7.6e-05	1.6782e-16
3.2e-05	-8e-05	1.60877e-17
3.2e-05	-7.6e-05	1.64342e-16
3.2e-05	-7.2e-05	9.6609e-17
3.2e-05	-6.8e-05	2.25708e-16
3.2e-05	-6.4e-05	8.48572e-18
3.2e-05	-6e-05	2.29204e-16
3.2e-05	-5.6e-05	1.98944e-16
3.2e-05	-5.2e-05	2.05954e-16
3.2e-05	-4.8e-05	4.31206e-17
3.2e-05	-4.4e-05	4.55319e-16
3.2e-05	-4e-05	-2.08514e-17
3.2e-05	-3.6e-05	1.17528e-17
3.2e-05	-3.2e-05	9.81205e-17
3.2e-05	-2.8e-05	2.97363e-17
3.2e-05	-2.4e-05	1.49098e-17
3.2e-05	-2e-05	-1.0503e-16
3.2e-05	-1.6e-05	-6.04881e-16
3.2e-05	-1.2e-05	-1.13642e-14
3.2e-05	-8e-06	1.07419e-14
3.2e-05	-4e-06	2.47821e-14
3.2e-05	0	1.04276e-15
3.2e-05	4e-06	-2.60003e-14
3.2e-05	8e-06	-2.30371e-14
3.2e-05	1.2e-05	-9.69672e-16
3.2e-05	1.6e-05	-2.28118e-16
3.2e-05	2e-05	-1.17134e-16
3.2e-05	2.4e-05	-2.02243e-16
3.2e-05	2.8e-05	-4.63438e-18
3.2e-05	3.2e-05	-3.78854e-17
3.2e-05	3.6e-05	6.11895e-17
3.2e-05	4e-05	2.01659e-17
3.2e-05	4.4e-05	1.81644e-16
3.2e-05	4.8e-05	5.50655e-17
3.2e-05	5.2e-05	2.83181e-17
3.2e-05	5.6e-05	1.54602e-16
3.2e-05	6e-05	1.8423e-16
3.2e-05	6.4e-05	1.78609e-16
3.2e-05	6.8e-05	1.81294e-16
3.2e-05	7.2e-05	2.11999e-16
3.2e-05	7.6e-05	1.30972e-16
3.6e-05	-8e-05	2.48169e-16
3.6e-05	-7.6e-05	1.92974e-16
3.6e-05	-7.2e-05	1.85467e-16
3.6e-05	-6.8e-05	2.84273e-16
3.6e-05	-6.4e-05	1.307e-16
3.6e-05	-6e-05	1.54629e-16
3.6e-05	-5.6e-05	2.83166e-16
3.6e-05	-5.2e-05	2.93723e-16
3.6e-05	-4.8e-05	1.5609e-16
3.6e-05	-4.4e-05	8.55994e-17
3.6e-05	-4e-05	7.82884e-17
3.6e-05	-3.6e-05	-5.76943e-17
3.6e-05	-3.2e-05	-2.19161e-16
3.6e-05	-2.8e-05	-7.82934e-17
3.6e-05	-2.4e-05	-4.03459e-16
3.6e-05	-2e-05	-2.21252e-16
3.6e-05	-1.6e-05	-4.32546e-16
3.6e-05	-1.2e-05	-1.42946e-16
3.6e-05	-8e-06	-2.99672e-17
3.6e-05	-4e-06	1.46714e-16
3.6e-05	0	2.58939e-16
3.6e-05	4e-06	-8.66726e-17
3.6e-05	8e-06	-4.72125e-17
3.6e-05	1.2e-05	1.31479e-16
3.6e-05	1.6e-05	-1.03554e-16
3.6e-05	2e-05	-8.32903e-17
3.6e-05	2.4e-05	-1.30749e-16
3.6e-05	2.8e-05	-1.48679e-16
3.6e-05	3.2e-05	-5.42724e-17
3.6e-05	3.6e-05	-3.19188e-16
3.6e-05	4e-05	-3.50738e-18
3.6e-05	4.4e-05	-2.26782e-16
3.6e-05	4.8e-05	-5.88677e-18
3.6e-05	5.2e-05	-7.58718e-17
3.6e-05	5.6e-05	1.10856e-16
3.6e-05	6e-05	-5.59335e-17
3.6e-05	6.4e-05	1.34638e-16
3.6e-05	6.8e-05	4.4871e-17
3.6e-05	7.2e-05	9.48836e-17
3.6e-05	7.6e-05	5.53605e-17
4e-05	-8e-05	1.84455e-16
4e-05	-7.6e-05	2.1233e-17
4e-05	-7.2e-05	1.74037e-16
4e-05	-6.8e-05	7.00249e-17
4e-05	-6.4e-05	2.33065e-16
4e-05	-6e-05	-4.89175e-17
4e-05	-5.6e-05	-1.76033e-16
4e-05	-5.2e-05	-1.81228e-16
4e-05	-4.8e-05	8.67716e-17
4e-05	-4.4e-05	-2.36766e-16
4e-05	-4e-05	2.51166e-18
4e-05	-3.6e-05	-2.89229e-16
4e-05	-3.2e-05	-1.18669e-16
4e-05	-2.8e-05	-3.34838e-16
4e-05	-2.4e-05	-5.00252e-17
4e-05	-2e-05	-2.66015e-16
4e-05	-1.6e-05	-2.66311e-16
4e-05	-1.2e-05	9.04217e-19
4e-05	-8e-06	-4.67071e-18
4e-05	-4e-06	7.62938e-20
4e-05	0	1.58935e-16
4e-05	4e-06	1.16797e-16
4e-05	8e-06	9.08492e-17
4e-05	1.2e-05	1.26983e-16
4e-05	1.6e-05	3.09442e-17
4e-05	2e-05	8.89116e-17
4e-05	2.4e-05	4.77033e-17
4e-05	2.8e-05	5.21671e-17
4e-05	3.2e-05	-1.83908e-16
4e-05	3.6e-05	-2.39717e-17
4e-05	4e-05	-1.65184e-16
4e-05	4.4e-05	-4.01135e-17
4e-05	4.8e-05	-2.81979e-16
4e-05	5.2e-05	6.79525e-17
4e-05	5.6e-05	-2.73137e-16
4e-05	6e-05	3.01438e-17
4e-05	6.4e-05	-3.06519e-16
4e-05	6.8e-05	3.59037e-17
4e-05	7.2e-05	-1.39705e-16
4e-05	7.6e-05	-2.93769e-17
4.4e-05	-8e-05	-2.89877e-16
4.4e-05	-7.6e-05	1.37105e-16
4.4e-05	-7.2e-05	-2.85971e-16
4.4e-05	-6.8e-05	-3.00113e-17
4.4e-05	-6.4e-05	-3.67614e-16
4.4e-05	-6e-05	3.07415e-17
4.4e-05	-5.6e-05	-2.0674e-16
4.4e-05	-5.2e-05	-2.00637e-16
4.4e-05	-4.8e-05	-4.49041e-16
4.4e-05	-4.4e-05	-6.64487e-17
4.4e-05	-4e-05	-4.24092e-16
4.4e-05	-3.6e-05	7.68977e-17
4.4e-05	-3.2e-05	-2.33693e-16
4.4e-05	-2.8e-05	1.21939e-16
4.4e-05	-2.4e-05	1.35159e-16
4.4e-05	-2e-05	8.1288e-17
4.4e-05	-1.6e-05	-3.67433e-17
4.4e-05	-1.2e-05	2.47622e-16
4.4e-05	-8e-06	1.14217e-16
4.4e-05	-4e-06	1.73007e-16
4.4e-05	0	-1.34447e-16
4.4e-05	4e-06	-1.55948e-17
4.4e-05	8e-06	3.37026e-17
4.4e-05	1.2e-05	-1.04203e-16
4.4e-05	1.6e-05	1.7374e-16
4.4e-05	2e-05	6.10579e-17
4.4e-05	2.4e-05	2.34011e-16
4.4e-05	2.8e-05	1.26671e-17
4.4e-05	3.2e-05	3.41067e-17
4.4e-05	3.6e-05	-9.84212e-17
4.4e-05	4e-05	1.11673e-16
4.4e-05	4.4e-05	-1.50198e-16
4.4e-05	4.8e-05	1.5235e-16
4.4e-05	5.2e-05	-1.89149e-16
4.4e-05	5.6e-05	-3.03167e-17
4.4e-05	6e-05	-3.36433e-16
4.4e-05	6.4e-05	6.9358e-17
4.4e-05	6.8e-05	-2.835e-16
4.4e-05	7.2e-05	-1.83602e-16
4.4e-05	7.6e-05	-3.01228e-16
4.8e-05	-8e-05	-4.94707e-17
4.8e-05	-7.6e-05	-3.54568e-16
4.8e-05	-7.2e-05	-5.355e-17
4.8e-05	-6.8e-05	-2.97083e-16
4.8e-05	-6.4e-05	-5.67414e-17
4.8e-05	-6e-05	-2.73459e-16
4.8e-05	-5.6e-05	-8.40917e-17
4.8e-05	-5.2e-05	-2.56319e-16
4.8e-05	-4.8e-05	-1.1211e-16
4.8e-05	-4.4e-05	-2.16257e-16
4.8e-05	-4e-05	-9.5441e-17
4.8e-05	-3.6e-05	-8.29719e-17
4.8e-05	-3.2e-05	1.74922e-16
4.8e-05	-2.8e-05	-4.22232e-17
4.8e-05	-2.4e-05	2.72813e-16
4.8e-05	-2e-05	8.325e-17
4.8e-05	-1.6e-05	3.08601e-16
4.8e-05	-1.2e-05	9.07559e-17
4.8e-05	-8e-06	2.07206e-16
4.8e-05	-4e-06	-5.40696e-17
4.8e-05	0	-2.1461e-17
4.8e-05	4e-06	-6.38906e-17
4.8e-05	8e-06	-1.65152e-16
4.8e-05	1.2e-05	1.39414e-16
4.8e-05	1.6e-05	5.66644e-18
4.8e-05	2e-05	5.98247e-17
4.8e-05	2.4e-05	-1.17719e-17
4.8e-05	2.8e-05	1.64115e-16
4.8e-05	3.2e-05	-1.39766e-17
4.8e-05	3.6e-05	1.84138e-16
4.8e-05	4e-05	-6.26087e-17
4.8e-05	4.4e-05	2.4598e-16
4.8e-05	4.8e-05	-1.05269e-16
4.8e-05	5.2e-05	1.89451e-16
4.8e-05	5.6e-05	-1.1361e-16
4.8e-05	6e-05	3.90078e-17
4.8e-05	6.4e-05	-1.86799e-16
4.8e-05	6.8e-05	5.27526e-17
4.8e-05	7.2e-05	-2.12176e-16
4.8e-05	7.6e-05	-2.20862e-17
5.2e-05	-8e-05	-1.90493e-16
5.2e-05	-7.6e-05	-1.1387e-17
5.2e-05	-7.2e-05	-2.14723e-16
5.2e-05	-6.8e-05	5.72869e-17
5.2e-05	-6.4e-05	-1.661e-16
5.2e-05	-6e-05	5.32811e-17
5.2e-05	-5.6e-05	-8.88799e-17
5.2e-05	-5.2e-05	1.02342e-16
5.2e-05	-4.8e-05	-4.49335e-17
5.2e-05	-4.4e-05	2.77283e-17
5.2e-05	-4e-05	-2.75228e-17
5.2e-05	-3.6e-05	-3.57357e-17
5.2e-05	-3.2e-05	-6.85689e-17
5.2e-05	-2.8e-05	1.31234e-16
5.2e-05	-2.4e-05	-1.61973e-17
5.2e-05	-2e-05	9.52255e-17
5.2e-05	-1.6e-05	-8.59952e-17
5.2e-05	-1.2e-05	-1.47816e-17
5.2e-05	-8e-06	8.49602e-17
5.2e-05	-4e-06	-8.74735e-17
5.2e-05	0	1.03458e-16
5.2e-05	4e-06	-4.46844e-17
5.2e-05	8e-06	1.30287e-16
5.2e-05	1.2e-05	3.67957e-17
5.2e-05	1.6e-05	9.39989e-18
5.2e-05	2e-05	9.48855e-18
5.2e-05	2.4e-05	8.97128e-17
5.2e-05	2.8e-05	-3.20922e-17
5.2e-05	3.2e-05	1.2909e-16
5.2e-05	3.6e-05	-7.17102e-17
5.2e-05	4e-05	8.37531e-17
5.2e-05	4.4e-05	-5.87039e-17
5.2e-05	4.8e-05	2.3298e-16
5.2e-05	5.2e-05	-4.31656e-17
5.2e-05	5.6e-05	1.10972e-16
5.2e-05	6e-05	-6.14972e-17
5.2e-05	6.4e-05	1.80949e-16
5.2e-05	6.8e-05	-1.09456e-16
5.2e-05	7.2e-05	1.99674e-16
5.2e-05	7.6e-05	-1.09993e-16
5.6e-05	-8e-05	1.12506e-16
5.6e-05	-7.6e-05	-1.01151e-16
5.6e-05	-7.2e-05	2.39757e-16
5.6e-05	-6.8e-05	-1.17183e-16
5.6e-05	-6.4e-05	1.0831e-16
5.6e-05	-6e-05	-6.74627e-17
5.6e-05	-5.6e-05	4.93534e-17
5.6e-05	-5.2e-05	1.61576e-17
5.6e-05	-4.8e-05	1.52046e-16
5.6e-05	-4.4e-05	-5.04643e-18
5.6e-05	-4e-05	-3.60077e-17
5.6e-05	-3.6e-05	4.78772e-17
5.6e-05	-3.2e-05	1.32311e-17
5.6e-05	-2.8e-05	3.71407e-18
5.6e-05	-2.4e-05	-8.82221e-17
5.6e-05	-2e-05	-6.70059e-17
5.6e-05	-1.6e-05	2.49497e-17
5.6e-05	-1.2e-05	4.96084e-17
5.6e-05	-8e-06	-2.94822e-17
5.6e-05	-4e-06	7.53863e-17
5.6e-05	0	1.03625e-16
5.6e-05	4e-06	1.59509e-16
5.6e-05	8e-06	1.32775e-16
5.6e-05	1.2e-05	1.56084e-16
5.6e-05	1.6e-05	7.64602e-17
5.6e-05	2e-05	5.08616e-17
5.6e-05	2.4e-05	-4.09197e-17
5.6e-05	2.8e-05	9.17273e-17
5.6e-05	3.2e-05	-5.40126e-17
5.6e-05	3.6e-05	-2.37305e-17
5.6e-05	4e-05	-2.24513e-17
5.6e-05	4.4e-05	1.30724e-16
5.6e-05	4.8e-05	1.98855e-18
5.6e-05	5.2e-05	1.0336e-16
5.6e-05	5.6e-05	-1.50571e-17
5.6e-05	6e-05	6.56538e-17
5.6e-05	6.4e-05	-1.22442e-16
5.6e-05	6.8e-05	7.40695e-17
5.6e-05	7.2e-05	-1.30603e-16
5.6e-05	7.6e-05	7.11692e-17
6e-05	-8e-05	4.71689e-18
6e-05	-7.6e-05	1.45736e-16
6e-05	-7.2e-05	3.42964e-18
6e-05	-6.8e-05	7.09658e-18
6e-05	-6.4e-05	-7.80053e-17
6e-05	-6e-05	5.75466e-17
6e-05	-5.6e-05	-1.16689e-16
6e-05	-5.2e-05	-2.3262e-17
6e-05	-4.8e-05	-2.00813e-17
6e-05	-4.4e-05	-5.36259e-17
6e-05	-4e-05	-2.11675e-17
6e-05	-3.6e-05	-1.52296e-16
6e-05	-3.2e-05	-3.5335e-17
6e-05	-2.8e-05	-1.35008e-16
6e-05	-2.4e-05	2.8598e-17
6e-05	-2e-05	-8.66594e-17
6e-05	-1.6e-05	8.17441e-17
6e-05	-1.2e-05	2.26838e-17
6e-05	-8e-06	6.63166e-17
6e-05	-4e-06	1.51088e-16
6e-05	0	1.58172e-16
6e-05	4e-06	1.61333e-16
6e-05	8e-06	2.01725e-16
6e-05	1.2e-05	9.19707e-17
6e-05	1.6e-05	1.13406e-16
6e-05	2e-05	2.00497e-17
6e-05	2.4e-05	4.75129e-17
6e-05	2.8e-05	2.20061e-17
6e-05	3.2e-05	1.12051e-16
6e-05	3.6e-05	1.25714e-18
6e-05	4e-05	4.9067e-17
6e-05	4.4e-05	-2.9498e-17
6e-05	4.8e-05	-1.20563e-17
6e-05	5.2e-05	-6.44477e-18
6e-05	5.6e-05	-5.95127e-17
6e-05	6e-05	-6.92625e-17
6e-05	6.4e-05	-2.42566e-18
6e-05	6.8e-05	-3.39165e-17
6e-05	7.2e-05	7.85741e-17
6e-05	7.6e-05	-9.12514e-17
6.4e-05	-8e-05	4.49446e-17
6.4e-05	-7.6e-05	-1.0553e-16
6.4e-05	-7.2e-05	-1.65524e-17
6.4e-05	-6.8e-05	-4.38744e-17
6.4e-05	-6.4e-05	3.52628e-17
6.4e-05	-6e-05	-1.15317e-16
6.4e-05	-5.6e-05	6.16446e-17
6.4e-05	-5.2e-05	-2.04471e-16
6.4e-05	-4.8e-05	2.18762e-17
6.4e-05	-4.4e-05	-7.54944e-17
6.4e-05	-4e-05	-3.25172e-17
6.4e-05	-3.6e-05	-4.67307e-17
6.4e-05	-3.2e-05	-9.69063e-18
6.4e-05	-2.8e-05	7.02109e-18
6.4e-05	-2.4e-05	-1.5332e-18
6.4e-05	-2e-05	1.69617e-17
6.4e-05	-1.6e-05	1.02808e-16
6.4e-05	-1.2e-05	1.27836e-16
6.4e-05	-8e-06	7.22639e-17
6.4e-05	-4e-06	8.21328e-17
6.4e-05	0	9.02962e-17
6.4e-05	4e-06	1.01241e-16
6.4e-05	8e-06	8.06077e-17
6.4e-05	1.2e-05	8.52928e-17
6.4e-05	1.6e-05	9.3188e-17
6.4e-05	2e-05	1.29518e-16
6.4e-05	2.4e-05	5.26676e-17
6.4e-05	2.8e-05	1.7167e-16
6.4e-05	3.2e-05	1.18708e-17
6.4e-05	3.6e-05	1.0231e-16
6.4e-05	4e-05	5.76943e-18
6.4e-05	4.4e-05	-2.05066e-18
6.4e-05	4.8e-05	5.79813e-18
6.4e-05	5.2e-05	3.24484e-17
6.4e-05	5.6e-05	-5.1695e-17
6.4e-05	6e-05	1.64654e-17
6.4e-05	6.4e-05	-9.71554e-17
6.4e-05	6.8e-05	6.67893e-17
6.4e-05	7.2e-05	-1.20109e-16
6.4e-05	7.6e-05	1.05845e-16
6.8e-05	-8e-05	-9.45726e-17
6.8e-05	-7.6e-05	6.61984e-17
6.8e-05	-7.2e-05	-1.32594e-16
6.8e-05	-6.8e-05	4.28949e-17
6.8e-05	-6.4e-05	-1.50884e-16
6.8e-05	-6e-05	7.94326e-17
6.8e-05	-5.6e-05	-8.60655e-17
6.8e-05	-5.2e-05	6.29725e-17
6.8e-05	-4.8e-05	-1.28695e-16
6.8e-05	-4.4e-05	1.17358e-16
6.8e-05	-4e-05	-7.15682e-17
6.8e-05	-3.6e-05	9.73532e-17
6.8e-05	-3.2e-05	-1.35108e-17
6.8e-05	-2.8e-05	1.44812e-16
6.8e-05	-2.4e-05	3.2531e-17
6.8e-05	-2e-05	1.10562e-16
6.8e-05	-1.6e-05	1.24412e-17
6.8e-05	-1.2e-05	2.78775e-17
6.8e-05	-8e-06	2.81054e-17
6.8e-05	-4e-06	-2.42175e-17
6.8e-05	0	1.96343e-17
6.8e-05	4e-06	-1.96797e-17
6.8e-05	8e-06	1.43611e-18
6.8e-05	1.2e-05	-1.29214e-17
6.8e-05	1.6e-05	8.51864e-18
6.8e-05	2e-05	2.57641e-17
6.8e-05	2.4e-05	5.57056e-17
6.8e-05	2.8e-05	6.84278e-17
6.8e-05	3.2e-05	1.0468e-16
6.8e-05	3.6e-05	2.10255e-17
6.8e-05	4e-05	3.65741e-17
6.8e-05	4.4e-05	3.64241e-17
6.8e-05	4.8e-05	1.67021e-16
6.8e-05	5.2e-05	-7.91081e-18
6.8e-05	5.6e-05	1.12274e-16
6.8e-05	6e-05	-6.59887e-17
6.8e-05	6.4e-05	1.43757e-16
6.8e-05	6.8e-05	-7.92366e-17
6.8e-05	7.2e-05	1.24255e-16
6.8e-05	7.6e-05	-4.34015e-17
7.2e-05	-8e-05	9.191e-17
7.2e-05	-7.6e-05	-5.04779e-18
7.2e-05	-7.2e-05	6.57422e-17
7.2e-05	-6.8e-05	-5.43782e-18
7.2e-05	-6.4e-05	6.42189e-17
7.2e-05	-6e-05	-4.9161e-18
7.2e-05	-5.6e-05	4.09259e-17
7.2e-05	-5.2e-05	-1.28026e-17
7.2e-05	-4.8e-05	9.0645e-17
7.2e-05	-4.4e-05	-9.69678e-18
7.2e-05	-4e-05	1.94173e-16
7.2e-05	-3.6e-05	-1.86766e-17
7.2e-05	-3.2e-05	1.70569e-16
7.2e-05	-2.8e-05	-3.38171e-17
7.2e-05	-2.4e-05	2.05112e-16
7.2e-05	-2e-05	-5.33019e-17
7.2e-05	-1.6e-05	1.32457e-16
7.2e-05	-1.2e-05	-1.8957e-16
7.2e-05	-8e-06	6.37155e-17
7.2e-05	-4e-06	-9.95219e-17
7.2e-05	0	6.72697e-18
7.2e-05	4e-06	-3.69538e-17
7.2e-05	8e-06	-6.50809e-17
7.2e-05	1.2e-05	8.08198e-18
7.2e-05	1.6e-05	-9.26358e-17
7.2e-05	2e-05	3.42793e-17
7.2e-05	2.4e-05	-5.3165e-17
7.2e-05	2.8e-05	4.9934e-17
7.2e-05	3.2e-05	1.59299e-17
7.2e-05	3.6e-05	9.13057e-17
7.2e-05	4e-05	7.19511e-19
7.2e-05	4.4e-05	1.32007e-16
7.2e-05	4.8e-05	-5.89825e-17
7.2e-05	5.2e-05	1.58895e-16
7.2e-05	5.6e-05	-7.27282e-17
7.2e-05	6e-05	1.91912e-16
7.2e-05	6.4e-05	-3.27094e-17
7.2e-05	6.8e-05	1.75021e-16
7.2e-05	7.2e-05	2.05085e-17
7.2e-05	7.6e-05	8.78766e-17
7.6e-05	-8e-05	2.89805e-17
7.6e-05	-7.6e-05	4.16022e-17
7.6e-05	-7.2e-05	-2.37836e-17
7.6e-05	-6.8e-05	4.53364e-17
7.6e-05	-6.4e-05	3.82531e-17
7.6e-05	-6e-05	3.16008e-17
7.6e-05	-5.6e-05	5.01043e-17
7.6e-05	-5.2e-05	6.26808e-17
7.6e-05	-4.8e-05	3.45576e-17
7.6e-05	-4.4e-05	9.81103e-17
7.6e-05	-4e-05	-3.11132e-17
7.6e-05	-3.6e-05	1.22058e-16
7.6e-05	-3.2e-05	-3.53742e-17
7.6e-05	-2.8e-05	1.33215e-16
7.6e-05	-2.4e-05	-2.78155e-17
7.6e-05	-2e-05	1.38055e-16
7.6e-05	-1.6e-05	-9.32432e-17
7.6e-05	-1.2e-05	1.09307e-16
7.6e-05	-8e-06	-1.29066e-16
7.6e-05	-4e-06	5.81681e-17
7.6e-05	0	-7.78621e-17
7.6e-05	4e-06	-3.28356e-17
7.6e-05	8e-06	-4.43939e-18
7.6e-05	1.2e-05	-2.40365e-17
7.6e-05	1.6e-05	3.47285e-17
7.6e-05	2e-05	-4.2316e-17
7.6e-05	2.4e-05	3.43408e-17
7.6e-05	2.8e-05	6.83665e-20
7.6e-05	3.2e-05	1.63027e-19
7.6e-05	3.6e-05	-9.52421e-18
7.6e-05	4e-05	9.27775e-17
7.6e-05	4.4e-05	-3.21744e-17
7.6e-05	4.8e-05	1.31997e-16
7.6e-05	5.2e-05	-4.02154e-17
7.6e-05	5.6e-05	1.17127e-16
7.6e-05	6e-05	-5.74677e-17
7.6e-05	6.4e-05	1.69656e-16
7.6e-05	6.8e-05	-2.60623e-17
7.6e-05	7.2e-05	8.74778e-17
7.6e-05	7.6e-05	1.43373e-17
