-8e-05	-8e-05	1.89974e-15
-8e-05	-7.6e-05	5.69562e-16
-8e-05	-7.2e-05	-8.93067e-16
-8e-05	-6.8e-05	5.37169e-16
-8e-05	-6.4e-05	3.01602e-15
-8e-05	-6e-05	3.36801e-16
-8e-05	-5.6e-05	-3.16525e-17
-8e-05	-5.2e-05	1.08433e-16
-8e-05	-4.8e-05	7.28897e-17
-8e-05	-4.4e-05	3.3264e-16
-8e-05	-4e-05	-3.10083e-16
-8e-05	-3.6e-05	-2.84057e-17
-8e-05	-3.2e-05	3.78584e-16
-8e-05	-2.8e-05	-2.36722e-16
-8e-05	-2.4e-05	-1.7015e-16
-8e-05	-2e-05	-3.37082e-17
-8e-05	-1.6e-05	2.4235e-16
-8e-05	-1.2e-05	4.10204e-17
-8e-05	-8e-06	-1.08116e-16
-8e-05	-4e-06	-1.23447e-16
-8e-05	0	-3.63874e-17
-8e-05	4e-06	1.26792e-17
-8e-05	8e-06	-1.61729e-16
-8e-05	1.2e-05	2.79815e-17
-8e-05	1.6e-05	3.46719e-17
-8e-05	2e-05	-9.27606e-17
-8e-05	2.4e-05	2.79726e-16
-8e-05	2.8e-05	-1.80768e-16
-8e-05	3.2e-05	9.28369e-17
-8e-05	3.6e-05	2.50906e-16
-8e-05	4e-05	-2.00786e-16
-8e-05	4.4e-05	-9.188e-17
-8e-05	4.8e-05	-2.47999e-17
-8e-05	5.2e-05	3.55682e-16
-8e-05	5.6e-05	5.30979e-16
-8e-05	6e-05	5.83365e-16
-8e-05	6.4e-05	5.24239e-17
-8e-05	6.8e-05	-1.55518e-15
-8e-05	7.2e-05	5.06468e-17
-8e-05	7.6e-05	1.6728e-16
-7.6e-05	-8e-05	-7.92224e-17
-7.6e-05	-7.6e-05	1.25209e-15
-7.6e-05	-7.2e-05	4.12374e-16
-7.6e-05	-6.8e-05	1.1419e-15
-7.6e-05	-6.4e-05	9.78475e-17
-7.6e-05	-6e-05	4.07215e-16
-7.6e-05	-5.6e-05	-1.2803e-16
-7.6e-05	-5.2e-05	4.95081e-16
-7.6e-05	-4.8e-05	9.85978e-17
-7.6e-05	-4.4e-05	-2.24142e-16
-7.6e-05	-4e-05	6.3486e-17
-7.6e-05	-3.6e-05	1.03721e-15
-7.6e-05	-3.2e-05	1.23945e-16
-7.6e-05	-2.8e-05	-1.70976e-15
-7.6e-05	-2.4e-05	5.37014e-17
-7.6e-05	-2e-05	3.3364e-16
-7.6e-05	-1.6e-05	3.905e-17
-7.6e-05	-1.2e-05	-1.86925e-16
-7.6e-05	-8e-06	1.06825e-15
-7.6e-05	-4e-06	9.19576e-16
-7.6e-05	0	-1.79372e-16
-7.6e-05	4e-06	-2.65102e-15
-7.6e-05	8e-06	1.26721e-15
-7.6e-05	1.2e-05	1.20215e-17
-7.6e-05	1.6e-05	-1.32866e-15
-7.6e-05	2e-05	1.50268e-15
-7.6e-05	2.4e-05	2.06518e-16
-7.6e-05	2.8e-05	1.26844e-15
-7.6e-05	3.2e-05	6.78024e-16
-7.6e-05	3.6e-05	-1.1211e-15
-7.6e-05	4e-05	-2.23035e-15
-7.6e-05	4.4e-05	6.39146e-16
-7.6e-05	4.8e-05	-5.29046e-16
-7.6e-05	5.2e-05	8.2213e-17
-7.6e-05	5.6e-05	6.27118e-16
-7.6e-05	6e-05	9.81024e-17
-7.6e-05	6.4e-05	-1.62822e-18
-7.6e-05	6.8e-05	1.27869e-15
-7.6e-05	7.2e-05	-1.43516e-15
-7.6e-05	7.6e-05	9.77346e-16
-7.2e-05	-8e-05	1.0629e-15
-7.2e-05	-7.6e-05	-9.27658e-16
-7.2e-05	-7.2e-05	1.34493e-15
-7.2e-05	-6.8e-05	-1.25266e-15
-7.2e-05	-6.4e-05	-8.27796e-16
-7.2e-05	-6e-05	-1.46225e-15
-7.2e-05	-5.6e-05	1.35526e-15
-7.2e-05	-5.2e-05	-2.06799e-15
-7.2e-05	-4.8e-05	2.95836e-17
-7.2e-05	-4.4e-05	2.44766e-16
-7.2e-05	-4e-05	2.01904e-16
-7.2e-05	-3.6e-05	1.43054e-16
-7.2e-05	-3.2e-05	-4.17196e-16
-7.2e-05	-2.8e-05	-1.22287e-16
-7.2e-05	-2.4e-05	2.7545e-16
-7.2e-05	-2e-05	1.34311e-16
-7.2e-05	-1.6e-05	6.06043e-16
-7.2e-05	-1.2e-05	-6.39483e-16
-7.2e-05	-8e-06	-2.9442e-15
-7.2e-05	-4e-06	-2.98663e-15
-7.2e-05	0	-5.3663e-16
-7.2e-05	4e-06	-4.59084e-15
-7.2e-05	8e-06	5.50552e-16
-7.2e-05	1.2e-05	1.42639e-14
-7.2e-05	1.6e-05	-2.06492e-15
-7.2e-05	2e-05	1.22481e-15
-7.2e-05	2.4e-05	-1.86067e-16
-7.2e-05	2.8e-05	7.05074e-17
-7.2e-05	3.2e-05	3.95357e-17
-7.2e-05	3.6e-05	5.32014e-17
-7.2e-05	4e-05	2.05913e-16
-7.2e-05	4.4e-05	1.51778e-16
-7.2e-05	4.8e-05	2.01831e-16
-7.2e-05	5.2e-05	-3.71377e-16
-7.2e-05	5.6e-05	5.23514e-18
-7.2e-05	6e-05	-1.31694e-16
-7.2e-05	6.4e-05	9.29575e-17
-7.2e-05	6.8e-05	1.16495e-16
-7.2e-05	7.2e-05	-1.33514e-16
-7.2e-05	7.6e-05	1.67868e-15
-6.8e-05	-8e-05	3.44276e-16
-6.8e-05	-7.6e-05	2.06949e-15
-6.8e-05	-7.2e-05	1.45778e-16
-6.8e-05	-6.8e-05	5.393e-16
-6.8e-05	-6.4e-05	-3.82116e-16
-6.8e-05	-6e-05	3.11554e-18
-6.8e-05	-5.6e-05	1.99794e-16
-6.8e-05	-5.2e-05	-2.21638e-16
-6.8e-05	-4.8e-05	3.49558e-17
-6.8e-05	-4.4e-05	4.25926e-17
-6.8e-05	-4e-05	2.47619e-17
-6.8e-05	-3.6e-05	1.35034e-16
-6.8e-05	-3.2e-05	-5.96628e-17
-6.8e-05	-2.8e-05	-1.64913e-16
-6.8e-05	-2.4e-05	7.38428e-17
-6.8e-05	-2e-05	2.86966e-16
-6.8e-05	-1.6e-05	-7.85596e-17
-6.8e-05	-1.2e-05	7.84666e-17
-6.8e-05	-8e-06	4.73976e-18
-6.8e-05	-4e-06	1.44715e-16
-6.8e-05	0	1.06907e-17
-6.8e-05	4e-06	6.26613e-18
-6.8e-05	8e-06	6.42189e-17
-6.8e-05	1.2e-05	2.4858e-16
-6.8e-05	1.6e-05	5.2916e-17
-6.8e-05	2e-05	8.11923e-17
-6.8e-05	2.4e-05	2.41294e-17
-6.8e-05	2.8e-05	1.07286e-16
-6.8e-05	3.2e-05	7.83308e-17
-6.8e-05	3.6e-05	-1.90613e-16
-6.8e-05	4e-05	-2.92453e-16
-6.8e-05	4.4e-05	-1.22636e-17
-6.8e-05	4.8e-05	-1.63761e-16
-6.8e-05	5.2e-05	2.77149e-16
-6.8e-05	5.6e-05	1.89437e-16
-6.8e-05	6e-05	-2.13983e-16
-6.8e-05	6.4e-05	-1.26236e-16
-6.8e-05	6.8e-05	-1.40021e-16
-6.8e-05	7.2e-05	2.09089e-16
-6.8e-05	7.6e-05	-1.82499e-16
-6.4e-05	-8e-05	7.07014e-16
-6.4e-05	-7.6e-05	-1.43843e-16
-6.4e-05	-7.2e-05	4.4522e-16
-6.4e-05	-6.8e-05	-5.03301e-16
-6.4e-05	-6.4e-05	3.15918e-17
-6.4e-05	-6e-05	-5.02161e-17
-6.4e-05	-5.6e-05	-1.00019e-17
-6.4e-05	-5.2e-05	4.90261e-16
-6.4e-05	-4.8e-05	-1.61259e-16
-6.4e-05	-4.4e-05	-1.05795e-16
-6.4e-05	-4e-05	3.02068e-17
-6.4e-05	-3.6e-05	-1.18758e-16
-6.4e-05	-3.2e-05	-1.24216e-18
-6.4e-05	-2.8e-05	-5.58143e-17
-6.4e-05	-2.4e-05	1.43653e-17
-6.4e-05	-2e-05	-8.11919e-17
-6.4e-05	-1.6e-05	1.00438e-16
-6.4e-05	-1.2e-05	2.01091e-16
-6.4e-05	-8e-06	1.63956e-16
-6.4e-05	-4e-06	6.05089e-17
-6.4e-05	0	1.10906e-16
-6.4e-05	4e-06	1.93222e-16
-6.4e-05	8e-06	4.20202e-17
-6.4e-05	1.2e-05	9.04771e-17
-6.4e-05	1.6e-05	2.46555e-16
-6.4e-05	2e-05	1.77593e-16
-6.4e-05	2.4e-05	2.7877e-16
-6.4e-05	2.8e-05	-1.39692e-17
-6.4e-05	3.2e-05	3.44983e-19
-6.4e-05	3.6e-05	3.22237e-16
-6.4e-05	4e-05	-2.08651e-16
-6.4e-05	4.4e-05	-2.60204e-16
-6.4e-05	4.8e-05	-1.62595e-16
-6.4e-05	5.2e-05	-1.06737e-16
-6.4e-05	5.6e-05	3.03936e-16
-6.4e-05	6e-05	-4.14965e-17
-6.4e-05	6.4e-05	1.39278e-16
-6.4e-05	6.8e-05	-8.20343e-17
-6.4e-05	7.2e-05	-2.34828e-16
-6.4e-05	7.6e-05	-7.01731e-17
-6e-05	-8e-05	-3.90186e-16
-6e-05	-7.6e-05	1.11269e-16
-6e-05	-7.2e-05	-4.56941e-16
-6e-05	-6.8e-05	7.38339e-18
-6e-05	-6.4e-05	1.35409e-16
-6e-05	-6e-05	-1.46988e-16
-6e-05	-5.6e-05	6.17018e-16
-6e-05	-5.2e-05	-3.1807e-16
-6e-05	-4.8e-05	-4.40952e-16
-6e-05	-4.4e-05	1.37874e-16
-6e-05	-4e-05	7.05433e-17
-6e-05	-3.6e-05	1.43888e-16
-6e-05	-3.2e-05	-1.12884e-16
-6e-05	-2.8e-05	-2.7255e-16
-6e-05	-2.4e-05	5.53435e-17
-6e-05	-2e-05	1.46798e-16
-6e-05	-1.6e-05	1.79878e-16
-6e-05	-1.2e-05	4.24384e-17
-6e-05	-8e-06	1.80182e-16
-6e-05	-4e-06	1.32821e-16
-6e-05	0	6.49688e-17
-6e-05	4e-06	-1.02852e-16
-6e-05	8e-06	1.20971e-16
-6e-05	1.2e-05	9.44167e-17
-6e-05	1.6e-05	1.55496e-16
-6e-05	2e-05	2.28671e-16
-6e-05	2.4e-05	1.34948e-16
-6e-05	2.8e-05	2.85755e-16
-6e-05	3.2e-05	-1.62099e-16
-6e-05	3.6e-05	-3.35508e-16
-6e-05	4e-05	-1.03528e-16
-6e-05	4.4e-05	2.34894e-17
-6e-05	4.8e-05	-6.94914e-17
-6e-05	5.2e-05	-1.06946e-16
-6e-05	5.6e-05	-1.40337e-16
-6e-05	6e-05	2.5234e-16
-6e-05	6.4e-05	-6.36496e-17
-6e-05	6.8e-05	3.78491e-16
-6e-05	7.2e-05	-1.58121e-16
-6e-05	7.6e-05	1.67972e-16
-5.6e-05	-8e-05	6.05715e-17
-5.6e-05	-7.6e-05	1.73567e-16
-5.6e-05	-7.2e-05	-7.84311e-17
-5.6e-05	-6.8e-05	4.12227e-16
-5.6e-05	-6.4e-05	-1.38617e-16
-5.6e-05	-6e-05	4.66424e-16
-5.6e-05	-5.6e-05	-2.48066e-16
-5.6e-05	-5.2e-05	-3.41763e-16
-5.6e-05	-4.8e-05	2.03038e-16
-5.6e-05	-4.4e-05	3.01719e-17
-5.6e-05	-4e-05	-9.1275e-17
-5.6e-05	-3.6e-05	-2.49756e-16
-5.6e-05	-3.2e-05	-4.32746e-16
-5.6e-05	-2.8e-05	6.65584e-17
-5.6e-05	-2.4e-05	3.27728e-16
-5.6e-05	-2e-05	-5.7636e-17
-5.6e-05	-1.6e-05	-1.58112e-17
-5.6e-05	-1.2e-05	4.06651e-16
-5.6e-05	-8e-06	1.79145e-16
-5.6e-05	-4e-06	6.1452e-17
-5.6e-05	0	-7.40582e-17
-5.6e-05	4e-06	-3.97334e-19
-5.6e-05	8e-06	-2.68205e-16
-5.6e-05	1.2e-05	6.50829e-17
-5.6e-05	1.6e-05	2.56572e-17
-5.6e-05	2e-05	7.22438e-17
-5.6e-05	2.4e-05	2.29618e-16
-5.6e-05	2.8e-05	1.92472e-16
-5.6e-05	3.2e-05	2.57381e-16
-5.6e-05	3.6e-05	-1.97062e-16
-5.6e-05	4e-05	-2.25356e-16
-5.6e-05	4.4e-05	1.00989e-17
-5.6e-05	4.8e-05	-1.27765e-16
-5.6e-05	5.2e-05	-2.01767e-17
-5.6e-05	5.6e-05	6.26925e-17
-5.6e-05	6e-05	-2.12547e-16
-5.6e-05	6.4e-05	-2.14416e-17
-5.6e-05	6.8e-05	-2.13667e-16
-5.6e-05	7.2e-05	2.87822e-16
-5.6e-05	7.6e-05	-2.95097e-16
-5.2e-05	-8e-05	4.54364e-16
-5.2e-05	-7.6e-05	-1.50838e-16
-5.2e-05	-7.2e-05	3.55787e-16
-5.2e-05	-6.8e-05	-3.3312e-16
-5.2e-05	-6.4e-05	-1.02011e-17
-5.2e-05	-6e-05	-2.68855e-16
-5.2e-05	-5.6e-05	-4.45407e-16
-5.2e-05	-5.2e-05	3.22843e-17
-5.2e-05	-4.8e-05	-2.25532e-16
-5.2e-05	-4.4e-05	7.8879e-17
-5.2e-05	-4e-05	-2.41284e-16
-5.2e-05	-3.6e-05	-2.00637e-16
-5.2e-05	-3.2e-05	2.86903e-17
-5.2e-05	-2.8e-05	-2.89476e-17
-5.2e-05	-2.4e-05	-8.96461e-17
-5.2e-05	-2e-05	2.13227e-16
-5.2e-05	-1.6e-05	2.94077e-16
-5.2e-05	-1.2e-05	8.18503e-17
-5.2e-05	-8e-06	-1.2084e-16
-5.2e-05	-4e-06	5.04783e-17
-5.2e-05	0	-3.37596e-17
-5.2e-05	4e-06	3.83572e-17
-5.2e-05	8e-06	-2.00545e-16
-5.2e-05	1.2e-05	-5.67186e-17
-5.2e-05	1.6e-05	1.69692e-16
-5.2e-05	2e-05	1.75651e-16
-5.2e-05	2.4e-05	6.67536e-19
-5.2e-05	2.8e-05	1.62567e-17
-5.2e-05	3.2e-05	8.85284e-17
-5.2e-05	3.6e-05	2.87863e-16
-5.2e-05	4e-05	-2.69998e-16
-5.2e-05	4.4e-05	4.68234e-17
-5.2e-05	4.8e-05	-1.77158e-16
-5.2e-05	5.2e-05	-2.42153e-16
-5.2e-05	5.6e-05	-4.11226e-17
-5.2e-05	6e-05	1.77461e-17
-5.2e-05	6.4e-05	-2.4754e-16
-5.2e-05	6.8e-05	-4.70347e-16
-5.2e-05	7.2e-05	-2.9098e-16
-5.2e-05	7.6e-05	-1.34811e-16
-4.8e-05	-8e-05	-1.66821e-16
-4.8e-05	-7.6e-05	-2.08319e-16
-4.8e-05	-7.2e-05	-1.83876e-16
-4.8e-05	-6.8e-05	-3.5461e-16
-4.8e-05	-6.4e-05	-1.62107e-16
-4.8e-05	-6e-05	-4.68109e-16
-4.8e-05	-5.6e-05	8.53946e-17
-4.8e-05	-5.2e-05	-1.58475e-16
-4.8e-05	-4.8e-05	1.5777e-16
-4.8e-05	-4.4e-05	8.94256e-17
-4.8e-05	-4e-05	-1.80417e-16
-4.8e-05	-3.6e-05	-1.53809e-16
-4.8e-05	-3.2e-05	-2.82633e-16
-4.8e-05	-2.8e-05	-5.94659e-17
-4.8e-05	-2.4e-05	5.45357e-16
-4.8e-05	-2e-05	-1.91073e-16
-4.8e-05	-1.6e-05	1.84871e-16
-4.8e-05	-1.2e-05	-1.03135e-16
-4.8e-05	-8e-06	1.58329e-16
-4.8e-05	-4e-06	-1.79071e-16
-4.8e-05	0	-1.16402e-16
-4.8e-05	4e-06	-3.83923e-16
-4.8e-05	8e-06	-3.73384e-17
-4.8e-05	1.2e-05	-1.17152e-16
-4.8e-05	1.6e-05	3.74519e-16
-4.8e-05	2e-05	2.041e-16
-4.8e-05	2.4e-05	1.19046e-16
-4.8e-05	2.8e-05	2.41521e-16
-4.8e-05	3.2e-05	-1.61068e-16
-4.8e-05	3.6e-05	3.27801e-16
-4.8e-05	4e-05	-2.83803e-17
-4.8e-05	4.4e-05	-2.76577e-16
-4.8e-05	4.8e-05	-2.1005e-16
-4.8e-05	5.2e-05	-1.38118e-16
-4.8e-05	5.6e-05	1.0367e-17
-4.8e-05	6e-05	-1.3216e-16
-4.8e-05	6.4e-05	-5.10142e-17
-4.8e-05	6.8e-05	-1.35016e-17
-4.8e-05	7.2e-05	-2.72485e-16
-4.8e-05	7.6e-05	-3.58548e-17
-4.4e-05	-8e-05	-2.45767e-16
-4.4e-05	-7.6e-05	-1.72364e-16
-4.4e-05	-7.2e-05	-4.08881e-16
-4.4e-05	-6.8e-05	-8.04112e-17
-4.4e-05	-6.4e-05	-3.61809e-16
-4.4e-05	-6e-05	3.80821e-17
-4.4e-05	-5.6e-05	-7.15103e-17
-4.4e-05	-5.2e-05	-6.03733e-17
-4.4e-05	-4.8e-05	9.4811e-18
-4.4e-05	-4.4e-05	-2.81756e-16
-4.4e-05	-4e-05	-4.86103e-16
-4.4e-05	-3.6e-05	-2.24729e-16
-4.4e-05	-3.2e-05	3.6954e-19
-4.4e-05	-2.8e-05	5.6183e-16
-4.4e-05	-2.4e-05	-2.93078e-16
-4.4e-05	-2e-05	-1.58022e-16
-4.4e-05	-1.6e-05	3.37955e-16
-4.4e-05	-1.2e-05	2.8364e-16
-4.4e-05	-8e-06	-2.4292e-16
-4.4e-05	-4e-06	-2.56484e-16
-4.4e-05	0	-1.76141e-16
-4.4e-05	4e-06	-2.4091e-16
-4.4e-05	8e-06	-4.58954e-16
-4.4e-05	1.2e-05	-8.63292e-17
-4.4e-05	1.6e-05	-1.69701e-16
-4.4e-05	2e-05	2.76277e-16
-4.4e-05	2.4e-05	1.71857e-17
-4.4e-05	2.8e-05	2.38417e-16
-4.4e-05	3.2e-05	3.98575e-17
-4.4e-05	3.6e-05	-1.09669e-17
-4.4e-05	4e-05	9.75009e-17
-4.4e-05	4.4e-05	1.40933e-17
-4.4e-05	4.8e-05	-2.04663e-17
-4.4e-05	5.2e-05	-3.32864e-16
-4.4e-05	5.6e-05	-2.06544e-16
-4.4e-05	6e-05	9.94013e-17
-4.4e-05	6.4e-05	-4.03547e-17
-4.4e-05	6.8e-05	-4.34934e-16
-4.4e-05	7.2e-05	-5.71142e-19
-4.4e-05	7.6e-05	-3.76479e-16
-4e-05	-8e-05	-6.00195e-18
-4e-05	-7.6e-05	-4.90713e-16
-4e-05	-7.2e-05	-1.07379e-16
-4e-05	-6.8e-05	-4.73451e-16
-4e-05	-6.4e-05	-4.82587e-17
-4e-05	-6e-05	-2.51551e-16
-4e-05	-5.6e-05	-3.4342e-17
-4e-05	-5.2e-05	-3.24948e-16
-4e-05	-4.8e-05	-1.14134e-16
-4e-05	-4.4e-05	-2.93775e-16
-4e-05	-4e-05	-1.2856e-16
-4e-05	-3.6e-05	2.52908e-16
-4e-05	-3.2e-05	2.99944e-16
-4e-05	-2.8e-05	-3.38046e-16
-4e-05	-2.4e-05	3.67624e-16
-4e-05	-2e-05	2.74722e-16
-4e-05	-1.6e-05	3.38177e-16
-4e-05	-1.2e-05	-2.98298e-16
-4e-05	-8e-06	1.82882e-16
-4e-05	-4e-06	7.89706e-17
-4e-05	0	-3.67538e-16
-4e-05	4e-06	-2.78244e-16
-4e-05	8e-06	-1.81947e-17
-4e-05	1.2e-05	-1.37714e-16
-4e-05	1.6e-05	3.26445e-16
-4e-05	2e-05	-7.25584e-16
-4e-05	2.4e-05	-1.30392e-16
-4e-05	2.8e-05	6.26639e-16
-4e-05	3.2e-05	-1.25001e-16
-4e-05	3.6e-05	4.68589e-17
-4e-05	4e-05	1.77024e-16
-4e-05	4.4e-05	3.42162e-18
-4e-05	4.8e-05	2.76974e-16
-4e-05	5.2e-05	-1.04617e-16
-4e-05	5.6e-05	-1.43256e-16
-4e-05	6e-05	-1.09486e-16
-4e-05	6.4e-05	-1.32202e-16
-4e-05	6.8e-05	-2.78652e-17
-4e-05	7.2e-05	-3.61013e-16
-4e-05	7.6e-05	8.69681e-17
-3.6e-05	-8e-05	-3.43995e-16
-3.6e-05	-7.6e-05	2.07828e-16
-3.6e-05	-7.2e-05	-4.03226e-16
-3.6e-05	-6.8e-05	1.52079e-16
-3.6e-05	-6.4e-05	-3.21499e-16
-3.6e-05	-6e-05	-7.87572e-17
-3.6e-05	-5.6e-05	-1.63332e-16
-3.6e-05	-5.2e-05	-4.34083e-16
-3.6e-05	-4.8e-05	-6.94113e-17
-3.6e-05	-4.4e-05	-3.34225e-16
-3.6e-05	-4e-05	2.27352e-16
-3.6e-05	-3.6e-05	3.13152e-16
-3.6e-05	-3.2e-05	-5.93312e-16
-3.6e-05	-2.8e-05	7.05432e-16
-3.6e-05	-2.4e-05	2.54692e-17
-3.6e-05	-2e-05	6.25641e-17
-3.6e-05	-1.6e-05	-3.15974e-16
-3.6e-05	-1.2e-05	-6.69501e-15
-3.6e-05	-8e-06	9.03729e-15
-3.6e-05	-4e-06	-4.97757e-15
-3.6e-05	0	-5.03793e-15
-3.6e-05	4e-06	9.16645e-15
-3.6e-05	8e-06	-9.10328e-15
-3.6e-05	1.2e-05	-4.18897e-16
-3.6e-05	1.6e-05	2.64315e-16
-3.6e-05	2e-05	-3.85282e-17
-3.6e-05	2.4e-05	-6.57014e-16
-3.6e-05	2.8e-05	3.47649e-16
-3.6e-05	3.2e-05	4.82495e-16
-3.6e-05	3.6e-05	-1.14449e-16
-3.6e-05	4e-05	2.28291e-16
-3.6e-05	4.4e-05	2.25874e-16
-3.6e-05	4.8e-05	8.4983e-17
-3.6e-05	5.2e-05	1.10932e-16
-3.6e-05	5.6e-05	-4.52316e-16
-3.6e-05	6e-05	-1.24821e-17
-3.6e-05	6.4e-05	-3.61181e-16
-3.6e-05	6.8e-05	-3.33262e-16
-3.6e-05	7.2e-05	-2.11839e-16
-3.6e-05	7.6e-05	-3.2404e-16
-3.2e-05	-8e-05	-2.45133e-16
-3.2e-05	-7.6e-05	-6.59324e-16
-3.2e-05	-7.2e-05	-3.54965e-16
-3.2e-05	-6.8e-05	-4.97448e-16
-3.2e-05	-6.4e-05	-4.59168e-16
-3.2e-05	-6e-05	-4.15601e-16
-3.2e-05	-5.6e-05	-5.6283e-16
-3.2e-05	-5.2e-05	1.18705e-16
-3.2e-05	-4.8e-05	-1.9928e-16
-3.2e-05	-4.4e-05	4.13352e-17
-3.2e-05	-4e-05	6.20634e-16
-3.2e-05	-3.6e-05	-4.60157e-16
-3.2e-05	-3.2e-05	7.47232e-16
-3.2e-05	-2.8e-05	1.94736e-16
-3.2e-05	-2.4e-05	-1.80032e-16
-3.2e-05	-2e-05	-9.27309e-16
-3.2e-05	-1.6e-05	-4.30586e-14
-3.2e-05	-1.2e-05	-1.06327e-12
-3.2e-05	-8e-06	1.36919e-12
-3.2e-05	-4e-06	-7.35526e-13
-3.2e-05	0	-6.96107e-13
-3.2e-05	4e-06	1.39008e-12
-3.2e-05	8e-06	-1.32266e-12
-3.2e-05	1.2e-05	-5.45639e-14
-3.2e-05	1.6e-05	-1.40546e-15
-3.2e-05	2e-05	5.36008e-16
-3.2e-05	2.4e-05	-1.82487e-16
-3.2e-05	2.8e-05	-3.10504e-16
-3.2e-05	3.2e-05	-7.33185e-18
-3.2e-05	3.6e-05	1.55183e-16
-3.2e-05	4e-05	1.42557e-16
-3.2e-05	4.4e-05	5.17391e-16
-3.2e-05	4.8e-05	1.68562e-16
-3.2e-05	5.2e-05	2.8812e-16
-3.2e-05	5.6e-05	2.55323e-17
-3.2e-05	6e-05	-4.60504e-17
-3.2e-05	6.4e-05	4.14487e-17
-3.2e-05	6.8e-05	-3.20445e-16
-3.2e-05	7.2e-05	-6.27074e-17
-3.2e-05	7.6e-05	-2.24686e-16
-2.8e-05	-8e-05	-2.40496e-16
-2.8e-05	-7.6e-05	-3.29361e-16
-2.8e-05	-7.2e-05	-2.86526e-16
-2.8e-05	-6.8e-05	-2.78315e-16
-2.8e-05	-6.4e-05	3.90411e-17
-2.8e-05	-6e-05	-5.63544e-17
-2.8e-05	-5.6e-05	9.35103e-17
-2.8e-05	-5.2e-05	3.60505e-16
-2.8e-05	-4.8e-05	-4.36699e-17
-2.8e-05	-4.4e-05	8.26227e-16
-2.8e-05	-4e-05	-1.07455e-16
-2.8e-05	-3.6e-05	4.2382e-16
-2.8e-05	-3.2e-05	1.95466e-16
-2.8e-05	-2.8e-05	-3.27464e-16
-2.8e-05	-2.4e-05	-1.98591e-15
-2.8e-05	-2e-05	-1.09806e-13
-2.8e-05	-1.6e-05	-5.4654e-12
-2.8e-05	-1.2e-05	-1.6009e-10
-2.8e-05	-8e-06	2.06342e-10
-2.8e-05	-4e-06	-1.1054e-10
-2.8e-05	0	-1.04619e-10
-2.8e-05	4e-06	2.09698e-10
-2.8e-05	8e-06	-1.98934e-10
-2.8e-05	1.2e-05	-6.76926e-12
-2.8e-05	1.6e-05	-1.37468e-13
-2.8e-05	2e-05	-2.15567e-15
-2.8e-05	2.4e-05	1.10743e-16
-2.8e-05	2.8e-05	-1.34037e-16
-2.8e-05	3.2e-05	4.4963e-18
-2.8e-05	3.6e-05	1.08918e-16
-2.8e-05	4e-05	9.33572e-17
-2.8e-05	4.4e-05	-1.42561e-17
-2.8e-05	4.8e-05	4.08177e-16
-2.8e-05	5.2e-05	1.09189e-16
-2.8e-05	5.6e-05	6.00695e-16
-2.8e-05	6e-05	-1.28198e-16
-2.8e-05	6.4e-05	3.70222e-16
-2.8e-05	6.8e-05	-1.28963e-16
-2.8e-05	7.2e-05	3.50143e-16
-2.8e-05	7.6e-05	-1.45275e-16
-2.4e-05	-8e-05	3.39316e-16
-2.4e-05	-7.6e-05	-3.15943e-16
-2.4e-05	-7.2e-05	3.1873e-16
-2.4e-05	-6.8e-05	-2.78505e-16
-2.4e-05	-6.4e-05	4.76413e-16
-2.4e-05	-6e-05	-4.15926e-16
-2.4e-05	-5.6e-05	5.19943e-16
-2.4e-05	-5.2e-05	-2.30357e-16
-2.4e-05	-4.8e-05	3.97867e-16
-2.4e-05	-4.4e-05	-1.73965e-16
-2.4e-05	-4e-05	-6.44174e-17
-2.4e-05	-3.6e-05	1.78973e-16
-2.4e-05	-3.2e-05	-1.90843e-17
-2.4e-05	-2.8e-05	-1.7549e-15
-2.4e-05	-2.4e-05	-1.481e-13
-2.4e-05	-2e-05	-1.10624e-11
-2.4e-05	-1.6e-05	-6.56073e-10
-2.4e-05	-1.2e-05	-2.41136e-08
-2.4e-05	-8e-06	3.10922e-08
-2.4e-05	-4e-06	-1.66133e-08
-2.4e-05	0	-1.57262e-08
-2.4e-05	4e-06	3.16264e-08
-2.4e-05	8e-06	-2.9918e-08
-2.4e-05	1.2e-05	-8.12128e-10
-2.4e-05	1.6e-05	-1.3682e-11
-2.4e-05	2e-05	-1.84241e-13
-2.4e-05	2.4e-05	-2.54574e-15
-2.4e-05	2.8e-05	5.10799e-17
-2.4e-05	3.2e-05	3.40541e-17
-2.4e-05	3.6e-05	2.49018e-16
-2.4e-05	4e-05	2.58772e-16
-2.4e-05	4.4e-05	1.62038e-16
-2.4e-05	4.8e-05	3.04429e-16
-2.4e-05	5.2e-05	6.70296e-17
-2.4e-05	5.6e-05	-4.91051e-17
-2.4e-05	6e-05	1.69511e-16
-2.4e-05	6.4e-05	-1.65875e-16
-2.4e-05	6.8e-05	3.48409e-16
-2.4e-05	7.2e-05	-2.7869e-16
-2.4e-05	7.6e-05	7.18378e-16
-2e-05	-8e-05	-5.47534e-16
-2e-05	-7.6e-05	3.15037e-16
-2e-05	-7.2e-05	-4.16826e-16
-2e-05	-6.8e-05	4.31942e-16
-2e-05	-6.4e-05	-3.42003e-16
-2e-05	-6e-05	2.85343e-16
-2e-05	-5.6e-05	-2.30652e-16
-2e-05	-5.2e-05	2.46476e-17
-2e-05	-4.8e-05	1.87303e-16
-2e-05	-4.4e-05	-6.38376e-17
-2e-05	-4e-05	4.07819e-16
-2e-05	-3.6e-05	4.00019e-16
-2e-05	-3.2e-05	-8.62774e-16
-2e-05	-2.8e-05	-1.12198e-13
-2e-05	-2.4e-05	-1.11791e-11
-2e-05	-2e-05	-9.96123e-10
-2e-05	-1.6e-05	-7.38729e-08
-2e-05	-1.2e-05	-3.63233e-06
-2e-05	-8e-06	4.68502e-06
-2e-05	-4e-06	-2.49692e-06
-2e-05	0	-2.36406e-06
-2e-05	4e-06	4.76974e-06
-2e-05	8e-06	-4.49972e-06
-2e-05	1.2e-05	-9.13759e-08
-2e-05	1.6e-05	-1.23137e-09
-2e-05	2e-05	-1.38126e-11
-2e-05	2.4e-05	-1.39469e-13
-2e-05	2.8e-05	-1.72117e-15
-2e-05	3.2e-05	-1.20842e-16
-2e-05	3.6e-05	-1.00361e-16
-2e-05	4e-05	4.55492e-16
-2e-05	4.4e-05	2.49993e-16
-2e-05	4.8e-05	2.67673e-16
-2e-05	5.2e-05	6.5958e-16
-2e-05	5.6e-05	1.96916e-16
-2e-05	6e-05	1.49168e-16
-2e-05	6.4e-05	2.85241e-16
-2e-05	6.8e-05	3.07076e-16
-2e-05	7.2e-05	2.90415e-16
-2e-05	7.6e-05	-1.99247e-17
-1.6e-05	-8e-05	9.35922e-17
-1.6e-05	-7.6e-05	-3.24089e-17
-1.6e-05	-7.2e-05	3.63356e-16
-1.6e-05	-6.8e-05	9.27814e-17
-1.6e-05	-6.4e-05	1.20985e-16
-1.6e-05	-6e-05	2.30114e-16
-1.6e-05	-5.6e-05	2.22887e-16
-1.6e-05	-5.2e-05	2.58641e-16
-1.6e-05	-4.8e-05	1.38423e-16
-1.6e-05	-4.4e-05	4.22369e-16
-1.6e-05	-4e-05	4.77402e-16
-1.6e-05	-3.6e-05	-6.02814e-16
-1.6e-05	-3.2e-05	-4.54307e-14
-1.6e-05	-2.8e-05	-5.67648e-12
-1.6e-05	-2.4e-05	-6.73482e-10
-1.6e-05	-2e-05	-7.49039e-08
-1.6e-05	-1.6e-05	-7.40103e-06
-1.6e-05	-1.2e-05	-0.000547178
-1.6e-05	-8e-06	0.000705939
-1.6e-05	-4e-06	-0.00037529
-1.6e-05	0	-0.000355396
-1.6e-05	4e-06	0.000719328
-1.6e-05	8e-06	-0.000676809
-1.6e-05	1.2e-05	-9.14782e-06
-1.6e-05	1.6e-05	-9.25359e-08
-1.6e-05	2e-05	-8.31637e-10
-1.6e-05	2.4e-05	-7.00579e-12
-1.6e-05	2.8e-05	-5.7047e-14
-1.6e-05	3.2e-05	-6.07866e-16
-1.6e-05	3.6e-05	-9.08661e-18
-1.6e-05	4e-05	1.33975e-16
-1.6e-05	4.4e-05	-3.70539e-17
-1.6e-05	4.8e-05	2.61091e-16
-1.6e-05	5.2e-05	1.81442e-16
-1.6e-05	5.6e-05	1.28496e-16
-1.6e-05	6e-05	2.62118e-16
-1.6e-05	6.4e-05	8.59439e-17
-1.6e-05	6.8e-05	2.65243e-16
-1.6e-05	7.2e-05	2.22926e-16
-1.6e-05	7.6e-05	4.81882e-16
-1.2e-05	-8e-05	5.40442e-17
-1.2e-05	-7.6e-05	2.77183e-16
-1.2e-05	-7.2e-05	6.27095e-17
-1.2e-05	-6.8e-05	3.40975e-16
-1.2e-05	-6.4e-05	3.29958e-16
-1.2e-05	-6e-05	3.38947e-16
-1.2e-05	-5.6e-05	9.57631e-17
-1.2e-05	-5.2e-05	2.26456e-16
-1.2e-05	-4.8e-05	-6.14081e-17
-1.2e-05	-4.4e-05	1.42968e-16
-1.2e-05	-4e-05	-2.05577e-16
-1.2e-05	-3.6e-05	-7.72465e-15
-1.2e-05	-3.2e-05	-1.18183e-12
-1.2e-05	-2.8e-05	-1.74214e-10
-1.2e-05	-2.4e-05	-2.56828e-08
-1.2e-05	-2e-05	-3.78632e-06
-1.2e-05	-1.6e-05	-0.000558226
-1.2e-05	-1.2e-05	-0.0823039
-1.2e-05	-8e-06	0.10626
-1.2e-05	-4e-06	-0.0564062
-1.2e-05	0	-0.0533207
-1.2e-05	4e-06	0.108337
-1.2e-05	8e-06	-0.101738
-1.2e-05	1.2e-05	-0.000689493
-1.2e-05	1.6e-05	-4.67298e-06
-1.2e-05	2e-05	-3.16719e-08
-1.2e-05	2.4e-05	-2.14671e-10
-1.2e-05	2.8e-05	-1.45517e-12
-1.2e-05	3.2e-05	-1.0179e-14
-1.2e-05	3.6e-05	3.06989e-17
-1.2e-05	4e-05	2.27294e-17
-1.2e-05	4.4e-05	1.774e-16
-1.2e-05	4.8e-05	-7.54786e-17
-1.2e-05	5.2e-05	3.66104e-16
-1.2e-05	5.6e-05	8.32272e-17
-1.2e-05	6e-05	-3.122e-16
-1.2e-05	6.4e-05	2.99281e-16
-1.2e-05	6.8e-05	2.15652e-16
-1.2e-05	7.2e-05	5.79315e-16
-1.2e-05	7.6e-05	-2.66386e-16
-8e-06	-8e-05	3.51643e-16
-8e-06	-7.6e-05	-1.78243e-16
-8e-06	-7.2e-05	3.27409e-16
-8e-06	-6.8e-05	-9.24023e-18
-8e-06	-6.4e-05	5.00307e-16
-8e-06	-6e-05	-2.12034e-16
-8e-06	-5.6e-05	3.23903e-16
-8e-06	-5.2e-05	-2.23777e-16
-8e-06	-4.8e-05	1.38586e-16
-8e-06	-4.4e-05	1.29384e-16
-8e-06	-4e-05	-1.82161e-16
-8e-06	-3.6e-05	-1.52063e-14
-8e-06	-3.2e-05	-2.26563e-12
-8e-06	-2.8e-05	-3.34136e-10
-8e-06	-2.4e-05	-4.9279e-08
-8e-06	-2e-05	-7.26769e-06
-8e-06	-1.6e-05	-0.00107184
-8e-06	-1.2e-05	-0.158073
-8e-06	-8e-06	0.214781
-8e-06	-4e-06	-0.0996913
-8e-06	0	-0.080152
-8e-06	4e-06	0.229502
-8e-06	8e-06	-0.183489
-8e-06	1.2e-05	-0.00124327
-8e-06	1.6e-05	-8.42404e-06
-8e-06	2e-05	-5.7079e-08
-8e-06	2.4e-05	-3.86752e-10
-8e-06	2.8e-05	-2.6207e-12
-8e-06	3.2e-05	-1.77818e-14
-8e-06	3.6e-05	-2.13003e-16
-8e-06	4e-05	-1.87036e-16
-8e-06	4.4e-05	-3.18122e-16
-8e-06	4.8e-05	1.83279e-16
-8e-06	5.2e-05	-6.18107e-17
-8e-06	5.6e-05	3.32029e-17
-8e-06	6e-05	-8.90043e-18
-8e-06	6.4e-05	1.56679e-16
-8e-06	6.8e-05	1.15893e-16
-8e-06	7.2e-05	-4.30535e-17
-8e-06	7.6e-05	5.82481e-16
-4e-06	-8e-05	-2.21316e-17
-4e-06	-7.6e-05	1.74934e-16
-4e-06	-7.2e-05	-1.41013e-16
-4e-06	-6.8e-05	2.83552e-16
-4e-06	-6.4e-05	1.13985e-16
-4e-06	-6e-05	8.55809e-17
-4e-06	-5.6e-05	-3.63197e-18
-4e-06	-5.2e-05	-1.3001e-17
-4e-06	-4.8e-05	1.28284e-16
-4e-06	-4.4e-05	-3.23018e-16
-4e-06	-4e-05	7.00154e-17
-4e-06	-3.6e-05	-2.12838e-14
-4e-06	-3.2e-05	-3.09852e-12
-4e-06	-2.8e-05	-4.5731e-10
-4e-06	-2.4e-05	-6.7499e-08
-4e-06	-2e-05	-9.96288e-06
-4e-06	-1.6e-05	-0.00147053
-4e-06	-1.2e-05	-0.217053
-4e-06	-8e-06	0.267878
-4e-06	-4e-06	-0.132238
-4e-06	0	-0.119918
-4e-06	4e-06	0.279653
-4e-06	8e-06	-0.225939
-4e-06	1.2e-05	-0.00153077
-4e-06	1.6e-05	-1.03711e-05
-4e-06	2e-05	-7.02658e-08
-4e-06	2.4e-05	-4.76061e-10
-4e-06	2.8e-05	-3.22541e-12
-4e-06	3.2e-05	-2.18665e-14
-4e-06	3.6e-05	-2.54373e-16
-4e-06	4e-05	-2.86392e-16
-4e-06	4.4e-05	1.48951e-16
-4e-06	4.8e-05	-5.47632e-16
-4e-06	5.2e-05	1.65657e-16
-4e-06	5.6e-05	-1.99674e-16
-4e-06	6e-05	-1.6875e-16
-4e-06	6.4e-05	7.55468e-17
-4e-06	6.8e-05	2.343e-16
-4e-06	7.2e-05	2.29568e-17
-4e-06	7.6e-05	-1.35384e-16
0	-8e-05	-1.4983e-16
0	-7.6e-05	-4.50172e-17
0	-7.2e-05	-6.9995e-17
0	-6.8e-05	4.31635e-17
0	-6.4e-05	-3.25288e-17
0	-6e-05	1.90561e-16
0	-5.6e-05	-2.66131e-16
0	-5.2e-05	-6.76187e-17
0	-4.8e-05	-3.47962e-16
0	-4.4e-05	-1.23857e-16
0	-4e-05	-5.40082e-16
0	-3.6e-05	-2.22328e-14
0	-3.2e-05	-3.22528e-12
0	-2.8e-05	-4.76061e-10
0	-2.4e-05	-7.02658e-08
0	-2e-05	-1.03711e-05
0	-1.6e-05	-0.00153077
0	-1.2e-05	-0.225939
0	-8e-06	0.279653
0	-4e-06	-0.119918
0	0	-0.132238
0	4e-06	0.267878
0	8e-06	-0.217053
0	1.2e-05	-0.00147053
0	1.6e-05	-9.96288e-06
0	2e-05	-6.7499e-08
0	2.4e-05	-4.5731e-10
0	2.8e-05	-3.09827e-12
0	3.2e-05	-2.11397e-14
0	3.6e-05	-3.00066e-16
0	4e-05	-1.30797e-16
0	4.4e-05	-1.96641e-16
0	4.8e-05	1.04035e-16
0	5.2e-05	-2.19508e-16
0	5.6e-05	-4.79423e-16
0	6e-05	-1.9784e-16
0	6.4e-05	3.47701e-16
0	6.8e-05	-8.46982e-17
0	7.2e-05	-2.48336e-16
0	7.6e-05	-5.16504e-17
4e-06	-8e-05	-5.81449e-17
4e-06	-7.6e-05	-3.68833e-16
4e-06	-7.2e-05	-1.25036e-16
4e-06	-6.8e-05	-1.79198e-16
4e-06	-6.4e-05	-8.00278e-17
4e-06	-6e-05	-1.3656e-18
4e-06	-5.6e-05	-1.70579e-16
4e-06	-5.2e-05	-2.90318e-16
4e-06	-4.8e-05	-3.77901e-16
4e-06	-4.4e-05	-4.17107e-16
4e-06	-4e-05	-3.80597e-16
4e-06	-3.6e-05	-1.78119e-14
4e-06	-3.2e-05	-2.62071e-12
4e-06	-2.8e-05	-3.86752e-10
4e-06	-2.4e-05	-5.7079e-08
4e-06	-2e-05	-8.42404e-06
4e-06	-1.6e-05	-0.00124327
4e-06	-1.2e-05	-0.183489
4e-06	-8e-06	0.229502
4e-06	-4e-06	-0.080152
4e-06	0	-0.0996913
4e-06	4e-06	0.214781
4e-06	8e-06	-0.158073
4e-06	1.2e-05	-0.00107184
4e-06	1.6e-05	-7.26769e-06
4e-06	2e-05	-4.9279e-08
4e-06	2.4e-05	-3.34136e-10
4e-06	2.8e-05	-2.26558e-12
4e-06	3.2e-05	-1.53853e-14
4e-06	3.6e-05	-5.40281e-17
4e-06	4e-05	-2.47167e-16
4e-06	4.4e-05	-1.36994e-18
4e-06	4.8e-05	-3.72142e-16
4e-06	5.2e-05	-2.67349e-16
4e-06	5.6e-05	-1.93142e-16
4e-06	6e-05	9.21548e-18
4e-06	6.4e-05	-1.91038e-16
4e-06	6.8e-05	-2.12329e-16
4e-06	7.2e-05	-4.38681e-17
4e-06	7.6e-05	-3.15394e-16
8e-06	-8e-05	-2.23337e-16
8e-06	-7.6e-05	-1.66549e-16
8e-06	-7.2e-05	-3.68421e-16
8e-06	-6.8e-05	-2.89042e-16
8e-06	-6.4e-05	-1.54024e-16
8e-06	-6e-05	-1.72847e-16
8e-06	-5.6e-05	-1.79919e-16
8e-06	-5.2e-05	-3.42724e-16
8e-06	-4.8e-05	-2.77661e-16
8e-06	-4.4e-05	-4.54766e-16
8e-06	-4e-05	-1.66961e-16
8e-06	-3.6e-05	-1.00809e-14
8e-06	-3.2e-05	-1.45487e-12
8e-06	-2.8e-05	-2.1467e-10
8e-06	-2.4e-05	-3.16719e-08
8e-06	-2e-05	-4.67298e-06
8e-06	-1.6e-05	-0.000689493
8e-06	-1.2e-05	-0.101738
8e-06	-8e-06	0.108337
8e-06	-4e-06	-0.0533207
8e-06	0	-0.0564062
8e-06	4e-06	0.10626
8e-06	8e-06	-0.0823039
8e-06	1.2e-05	-0.000558226
8e-06	1.6e-05	-3.78632e-06
8e-06	2e-05	-2.56828e-08
8e-06	2.4e-05	-1.74214e-10
8e-06	2.8e-05	-1.18182e-12
8e-06	3.2e-05	-7.88127e-15
8e-06	3.6e-05	-9.44965e-17
8e-06	4e-05	2.31317e-16
8e-06	4.4e-05	-1.47085e-16
8e-06	4.8e-05	7.76082e-17
8e-06	5.2e-05	1.03247e-17
8e-06	5.6e-05	-1.72495e-16
8e-06	6e-05	-1.80652e-16
8e-06	6.4e-05	-1.36069e-16
8e-06	6.8e-05	-8.63168e-17
8e-06	7.2e-05	-2.48719e-16
8e-06	7.6e-05	-4.53449e-17
1.2e-05	-8e-05	-9.9811e-17
1.2e-05	-7.6e-05	-1.51652e-16
1.2e-05	-7.2e-05	-2.15237e-16
1.2e-05	-6.8e-05	-1.43655e-17
1.2e-05	-6.4e-05	-2.28957e-16
1.2e-05	-6e-05	9.94209e-17
1.2e-05	-5.6e-05	-7.28204e-17
1.2e-05	-5.2e-05	-8.63484e-17
1.2e-05	-4.8e-05	-8.24613e-17
1.2e-05	-4.4e-05	-3.60461e-17
1.2e-05	-4e-05	7.10655e-18
1.2e-05	-3.6e-05	-4.46939e-16
1.2e-05	-3.2e-05	-5.67058e-14
1.2e-05	-2.8e-05	-7.00544e-12
1.2e-05	-2.4e-05	-8.31638e-10
1.2e-05	-2e-05	-9.25359e-08
1.2e-05	-1.6e-05	-9.14782e-06
1.2e-05	-1.2e-05	-0.000676809
1.2e-05	-8e-06	0.000719328
1.2e-05	-4e-06	-0.000355396
1.2e-05	0	-0.00037529
1.2e-05	4e-06	0.000705939
1.2e-05	8e-06	-0.000547178
1.2e-05	1.2e-05	-7.40103e-06
1.2e-05	1.6e-05	-7.49039e-08
1.2e-05	2e-05	-6.73481e-10
1.2e-05	2.4e-05	-5.67611e-12
1.2e-05	2.8e-05	-4.57926e-14
1.2e-05	3.2e-05	-5.17375e-16
1.2e-05	3.6e-05	1.86769e-16
1.2e-05	4e-05	-1.52416e-16
1.2e-05	4.4e-05	1.21095e-16
1.2e-05	4.8e-05	7.45039e-17
1.2e-05	5.2e-05	2.75677e-18
1.2e-05	5.6e-05	6.52901e-17
1.2e-05	6e-05	1.94741e-16
1.2e-05	6.4e-05	7.01638e-17
1.2e-05	6.8e-05	-1.51609e-16
1.2e-05	7.2e-05	1.43557e-16
1.2e-05	7.6e-05	2.21555e-18
1.6e-05	-8e-05	-5.74619e-17
1.6e-05	-7.6e-05	-7.39166e-17
1.6e-05	-7.2e-05	-9.88223e-17
1.6e-05	-6.8e-05	-3.75381e-17
1.6e-05	-6.4e-05	2.23472e-16
1.6e-05	-6e-05	7.22729e-17
1.6e-05	-5.6e-05	-2.05648e-17
1.6e-05	-5.2e-05	2.0967e-16
1.6e-05	-4.8e-05	4.91839e-17
1.6e-05	-4.4e-05	-1.47816e-16
1.6e-05	-4e-05	2.08331e-16
1.6e-05	-3.6e-05	1.28909e-16
1.6e-05	-3.2e-05	-1.29762e-15
1.6e-05	-2.8e-05	-1.39479e-13
1.6e-05	-2.4e-05	-1.38128e-11
1.6e-05	-2e-05	-1.23137e-09
1.6e-05	-1.6e-05	-9.13759e-08
1.6e-05	-1.2e-05	-4.49972e-06
1.6e-05	-8e-06	4.76974e-06
1.6e-05	-4e-06	-2.36406e-06
1.6e-05	0	-2.49692e-06
1.6e-05	4e-06	4.68502e-06
1.6e-05	8e-06	-3.63233e-06
1.6e-05	1.2e-05	-7.38729e-08
1.6e-05	1.6e-05	-9.96122e-10
1.6e-05	2e-05	-1.11792e-11
1.6e-05	2.4e-05	-1.12584e-13
1.6e-05	2.8e-05	-1.45611e-15
1.6e-05	3.2e-05	2.9422e-16
1.6e-05	3.6e-05	-2.35182e-16
1.6e-05	4e-05	2.28266e-16
1.6e-05	4.4e-05	-1.19236e-16
1.6e-05	4.8e-05	4.26287e-17
1.6e-05	5.2e-05	5.36205e-17
1.6e-05	5.6e-05	1.96038e-16
1.6e-05	6e-05	2.0033e-16
1.6e-05	6.4e-05	-7.24363e-17
1.6e-05	6.8e-05	6.53436e-17
1.6e-05	7.2e-05	2.84861e-17
1.6e-05	7.6e-05	7.5302e-17
2e-05	-8e-05	2.44885e-17
2e-05	-7.6e-05	-9.66137e-17
2e-05	-7.2e-05	1.73901e-17
2e-05	-6.8e-05	2.01681e-16
2e-05	-6.4e-05	-1.07065e-16
2e-05	-6e-05	2.4529e-16
2e-05	-5.6e-05	-8.07597e-18
2e-05	-5.2e-05	-3.64817e-17
2e-05	-4.8e-05	2.63905e-16
2e-05	-4.4e-05	2.36764e-17
2e-05	-4e-05	-2.96339e-16
2e-05	-3.6e-05	-7.44089e-19
2e-05	-3.2e-05	1.25562e-16
2e-05	-2.8e-05	-2.3814e-15
2e-05	-2.4e-05	-1.83688e-13
2e-05	-2e-05	-1.36826e-11
2e-05	-1.6e-05	-8.12128e-10
2e-05	-1.2e-05	-2.9918e-08
2e-05	-8e-06	3.16264e-08
2e-05	-4e-06	-1.57262e-08
2e-05	0	-1.66133e-08
2e-05	4e-06	3.10922e-08
2e-05	8e-06	-2.41136e-08
2e-05	1.2e-05	-6.56073e-10
2e-05	1.6e-05	-1.10625e-11
2e-05	2e-05	-1.48754e-13
2e-05	2.4e-05	-2.16655e-15
2e-05	2.8e-05	1.91146e-16
2e-05	3.2e-05	-3.51566e-16
2e-05	3.6e-05	5.09201e-16
2e-05	4e-05	-4.13264e-16
2e-05	4.4e-05	2.30126e-16
2e-05	4.8e-05	-1.2012e-16
2e-05	5.2e-05	2.45032e-16
2e-05	5.6e-05	-1.44261e-16
2e-05	6e-05	8.7343e-18
2e-05	6.4e-05	4.68545e-17
2e-05	6.8e-05	5.39708e-18
2e-05	7.2e-05	4.43051e-17
2e-05	7.6e-05	1.93201e-16
2.4e-05	-8e-05	1.65672e-16
2.4e-05	-7.6e-05	7.48565e-17
2.4e-05	-7.2e-05	9.95756e-17
2.4e-05	-6.8e-05	1.96045e-17
2.4e-05	-6.4e-05	7.98399e-17
2.4e-05	-6e-05	5.92554e-17
2.4e-05	-5.6e-05	2.6319e-17
2.4e-05	-5.2e-05	2.00566e-16
2.4e-05	-4.8e-05	-2.63069e-16
2.4e-05	-4.4e-05	5.48764e-16
2.4e-05	-4e-05	-3.38687e-16
2.4e-05	-3.6e-05	2.25107e-17
2.4e-05	-3.2e-05	-4.76369e-16
2.4e-05	-2.8e-05	1.10128e-16
2.4e-05	-2.4e-05	-2.76203e-15
2.4e-05	-2e-05	-1.36694e-13
2.4e-05	-1.6e-05	-6.7701e-12
2.4e-05	-1.2e-05	-1.98934e-10
2.4e-05	-8e-06	2.09697e-10
2.4e-05	-4e-06	-1.04618e-10
2.4e-05	0	-1.1054e-10
2.4e-05	4e-06	2.06342e-10
2.4e-05	8e-06	-1.60089e-10
2.4e-05	1.2e-05	-5.46474e-12
2.4e-05	1.6e-05	-1.10598e-13
2.4e-05	2e-05	-1.96925e-15
2.4e-05	2.4e-05	1.08708e-16
2.4e-05	2.8e-05	-3.75187e-16
2.4e-05	3.2e-05	3.51255e-16
2.4e-05	3.6e-05	-6.00876e-16
2.4e-05	4e-05	3.685e-16
2.4e-05	4.4e-05	-4.64452e-16
2.4e-05	4.8e-05	4.4398e-16
2.4e-05	5.2e-05	-3.46846e-16
2.4e-05	5.6e-05	3.59274e-16
2.4e-05	6e-05	-3.2019e-16
2.4e-05	6.4e-05	2.10274e-16
2.4e-05	6.8e-05	-1.46673e-16
2.4e-05	7.2e-05	3.86008e-16
2.4e-05	7.6e-05	-2.8218e-16
2.8e-05	-8e-05	4.17538e-16
2.8e-05	-7.6e-05	-4.73729e-17
2.8e-05	-7.2e-05	2.28318e-16
2.8e-05	-6.8e-05	-3.09013e-16
2.8e-05	-6.4e-05	2.82025e-16
2.8e-05	-6e-05	-1.73395e-16
2.8e-05	-5.6e-05	4.49909e-16
2.8e-05	-5.2e-05	-5.89172e-16
2.8e-05	-4.8e-05	2.96631e-16
2.8e-05	-4.4e-05	-3.39322e-16
2.8e-05	-4e-05	4.89497e-16
2.8e-05	-3.6e-05	-4.7234e-16
2.8e-05	-3.2e-05	1.42472e-16
2.8e-05	-2.8e-05	-2.53671e-16
2.8e-05	-2.4e-05	-8.7351e-17
2.8e-05	-2e-05	-1.61124e-15
2.8e-05	-1.6e-05	-5.42044e-14
2.8e-05	-1.2e-05	-1.32285e-12
2.8e-05	-8e-06	1.39028e-12
2.8e-05	-4e-06	-6.96027e-13
2.8e-05	0	-7.35506e-13
2.8e-05	4e-06	1.36958e-12
2.8e-05	8e-06	-1.06286e-12
2.8e-05	1.2e-05	-4.34522e-14
2.8e-05	1.6e-05	-1.04079e-15
2.8e-05	2e-05	3.07451e-16
2.8e-05	2.4e-05	-1.24266e-16
2.8e-05	2.8e-05	2.28994e-16
2.8e-05	3.2e-05	-3.26247e-16
2.8e-05	3.6e-05	1.36458e-16
2.8e-05	4e-05	-4.18109e-16
2.8e-05	4.4e-05	3.29675e-16
2.8e-05	4.8e-05	-3.60806e-16
2.8e-05	5.2e-05	3.39049e-16
2.8e-05	5.6e-05	-5.4262e-16
2.8e-05	6e-05	2.30851e-16
2.8e-05	6.4e-05	-4.07599e-16
2.8e-05	6.8e-05	4.54195e-16
2.8e-05	7.2e-05	-4.62189e-16
2.8e-05	7.6e-05	4.20651e-16
3.2e-05	-8e-05	-3.14321e-16
3.2e-05	-7.6e-05	3.0875e-16
3.2e-05	-7.2e-05	-3.61725e-16
3.2e-05	-6.8e-05	3.0893e-16
3.2e-05	-6.4e-05	-6.10298e-16
3.2e-05	-6e-05	3.75252e-16
3.2e-05	-5.6e-05	-1.90316e-16
3.2e-05	-5.2e-05	4.94073e-16
3.2e-05	-4.8e-05	-4.92977e-16
3.2e-05	-4.4e-05	3.65975e-17
3.2e-05	-4e-05	-5.48594e-16
3.2e-05	-3.6e-05	2.24305e-16
3.2e-05	-3.2e-05	-3.96494e-16
3.2e-05	-2.8e-05	2.69006e-16
3.2e-05	-2.4e-05	-1.39867e-16
3.2e-05	-2e-05	9.30201e-17
3.2e-05	-1.6e-05	-4.26044e-16
3.2e-05	-1.2e-05	-8.6537e-15
3.2e-05	-8e-06	9.19093e-15
3.2e-05	-4e-06	-4.32033e-15
3.2e-05	0	-4.85631e-15
3.2e-05	4e-06	9.13437e-15
3.2e-05	8e-06	-6.9222e-15
3.2e-05	1.2e-05	-5.67084e-16
3.2e-05	1.6e-05	3.86836e-16
3.2e-05	2e-05	-9.24807e-17
3.2e-05	2.4e-05	2.85568e-16
3.2e-05	2.8e-05	-1.62442e-16
3.2e-05	3.2e-05	3.10867e-16
3.2e-05	3.6e-05	-1.35447e-16
3.2e-05	4e-05	3.03087e-16
3.2e-05	4.4e-05	-9.19313e-17
3.2e-05	4.8e-05	3.74325e-16
3.2e-05	5.2e-05	-4.83044e-16
3.2e-05	5.6e-05	1.93867e-16
3.2e-05	6e-05	-4.71321e-16
3.2e-05	6.4e-05	3.46918e-16
3.2e-05	6.8e-05	-5.51765e-16
3.2e-05	7.2e-05	3.46131e-16
3.2e-05	7.6e-05	-5.81157e-16
3.6e-05	-8e-05	3.303e-16
3.6e-05	-7.6e-05	-2.74237e-16
3.6e-05	-7.2e-05	2.49957e-16
3.6e-05	-6.8e-05	-4.76139e-16
3.6e-05	-6.4e-05	5.26623e-17
3.6e-05	-6e-05	-4.69906e-16
3.6e-05	-5.6e-05	3.20011e-16
3.6e-05	-5.2e-05	-1.4997e-16
3.6e-05	-4.8e-05	3.97143e-16
3.6e-05	-4.4e-05	-2.56601e-16
3.6e-05	-4e-05	1.29152e-16
3.6e-05	-3.6e-05	-2.19624e-16
3.6e-05	-3.2e-05	3.66735e-16
3.6e-05	-2.8e-05	-2.77508e-16
3.6e-05	-2.4e-05	2.52973e-16
3.6e-05	-2e-05	-7.10387e-17
3.6e-05	-1.6e-05	3.91695e-16
3.6e-05	-1.2e-05	-2.92049e-16
3.6e-05	-8e-06	2.34835e-16
3.6e-05	-4e-06	-5.98351e-17
3.6e-05	0	-5.75733e-17
3.6e-05	4e-06	1.50196e-16
3.6e-05	8e-06	-8.7654e-18
3.6e-05	1.2e-05	1.96876e-16
3.6e-05	1.6e-05	1.4439e-17
3.6e-05	2e-05	2.46102e-16
3.6e-05	2.4e-05	4.18465e-17
3.6e-05	2.8e-05	3.02908e-16
3.6e-05	3.2e-05	-7.33667e-17
3.6e-05	3.6e-05	4.28453e-16
3.6e-05	4e-05	-1.1289e-16
3.6e-05	4.4e-05	3.44475e-16
3.6e-05	4.8e-05	-2.48766e-16
3.6e-05	5.2e-05	3.79727e-16
3.6e-05	5.6e-05	-3.7865e-16
3.6e-05	6e-05	3.19556e-16
3.6e-05	6.4e-05	-3.44946e-16
3.6e-05	6.8e-05	3.08375e-16
3.6e-05	7.2e-05	-4.05018e-16
3.6e-05	7.6e-05	3.20566e-16
4e-05	-8e-05	-4.4126e-16
4e-05	-7.6e-05	3.27676e-16
4e-05	-7.2e-05	-1.20885e-16
4e-05	-6.8e-05	2.82797e-16
4e-05	-6.4e-05	-3.77143e-16
4e-05	-6e-05	2.72697e-16
4e-05	-5.6e-05	-4.06633e-16
4e-05	-5.2e-05	2.32794e-16
4e-05	-4.8e-05	-1.30738e-16
4e-05	-4.4e-05	2.86808e-16
4e-05	-4e-05	1.18084e-16
4e-05	-3.6e-05	3.1976e-16
4e-05	-3.2e-05	-2.97153e-17
4e-05	-2.8e-05	3.99683e-16
4e-05	-2.4e-05	-1.25678e-16
4e-05	-2e-05	2.63154e-16
4e-05	-1.6e-05	5.71804e-17
4e-05	-1.2e-05	-3.09493e-17
4e-05	-8e-06	-5.54643e-18
4e-05	-4e-06	-1.26043e-16
4e-05	0	1.24902e-16
4e-05	4e-06	3.54955e-17
4e-05	8e-06	1.02034e-16
4e-05	1.2e-05	7.6646e-17
4e-05	1.6e-05	-8.05553e-17
4e-05	2e-05	4.80389e-17
4e-05	2.4e-05	8.93097e-17
4e-05	2.8e-05	1.02533e-16
4e-05	3.2e-05	3.20048e-16
4e-05	3.6e-05	-1.19777e-17
4e-05	4e-05	3.0605e-16
4e-05	4.4e-05	-2.22415e-16
4e-05	4.8e-05	3.23301e-16
4e-05	5.2e-05	-2.56712e-16
4e-05	5.6e-05	3.00672e-16
4e-05	6e-05	8.58069e-18
4e-05	6.4e-05	4.13044e-16
4e-05	6.8e-05	-2.29107e-16
4e-05	7.2e-05	3.66086e-16
4e-05	7.6e-05	-1.78955e-16
4.4e-05	-8e-05	3.12286e-16
4.4e-05	-7.6e-05	-1.75981e-16
4.4e-05	-7.2e-05	2.39069e-16
4.4e-05	-6.8e-05	5.067e-17
4.4e-05	-6.4e-05	2.34809e-16
4.4e-05	-6e-05	-1.28736e-16
4.4e-05	-5.6e-05	3.49312e-16
4.4e-05	-5.2e-05	-6.55806e-17
4.4e-05	-4.8e-05	2.89996e-16
4.4e-05	-4.4e-05	1.76818e-17
4.4e-05	-4e-05	2.02705e-16
4.4e-05	-3.6e-05	-1.00039e-18
4.4e-05	-3.2e-05	1.98834e-16
4.4e-05	-2.8e-05	-6.82114e-17
4.4e-05	-2.4e-05	2.59692e-16
4.4e-05	-2e-05	5.34256e-17
4.4e-05	-1.6e-05	1.01524e-17
4.4e-05	-1.2e-05	1.05354e-16
4.4e-05	-8e-06	-2.77312e-16
4.4e-05	-4e-06	1.79371e-16
4.4e-05	0	-1.58538e-16
4.4e-05	4e-06	1.19034e-16
4.4e-05	8e-06	1.26726e-16
4.4e-05	1.2e-05	-1.60463e-16
4.4e-05	1.6e-05	1.8284e-16
4.4e-05	2e-05	1.29069e-17
4.4e-05	2.4e-05	2.49684e-17
4.4e-05	2.8e-05	9.78054e-17
4.4e-05	3.2e-05	4.30947e-17
4.4e-05	3.6e-05	1.81556e-16
4.4e-05	4e-05	-1.92208e-16
4.4e-05	4.4e-05	3.39591e-16
4.4e-05	4.8e-05	-2.88897e-16
4.4e-05	5.2e-05	4.16736e-16
4.4e-05	5.6e-05	3.59657e-18
4.4e-05	6e-05	2.85101e-16
4.4e-05	6.4e-05	-2.17194e-16
4.4e-05	6.8e-05	3.21119e-16
4.4e-05	7.2e-05	-1.42379e-16
4.4e-05	7.6e-05	5.28025e-16
4.8e-05	-8e-05	-1.35964e-16
4.8e-05	-7.6e-05	3.23751e-16
4.8e-05	-7.2e-05	-7.07369e-17
4.8e-05	-6.8e-05	4.69705e-16
4.8e-05	-6.4e-05	6.82856e-17
4.8e-05	-6e-05	3.22568e-16
4.8e-05	-5.6e-05	-2.5183e-16
4.8e-05	-5.2e-05	3.67387e-16
4.8e-05	-4.8e-05	-1.10742e-17
4.8e-05	-4.4e-05	3.07885e-16
4.8e-05	-4e-05	1.50345e-16
4.8e-05	-3.6e-05	4.59178e-17
4.8e-05	-3.2e-05	2.24489e-16
4.8e-05	-2.8e-05	-2.57757e-17
4.8e-05	-2.4e-05	3.58771e-16
4.8e-05	-2e-05	-1.29896e-16
4.8e-05	-1.6e-05	5.15005e-16
4.8e-05	-1.2e-05	-2.6189e-16
4.8e-05	-8e-06	2.77542e-16
4.8e-05	-4e-06	-4.06576e-16
4.8e-05	0	1.51074e-16
4.8e-05	4e-06	-2.18813e-16
4.8e-05	8e-06	-1.96779e-16
4.8e-05	1.2e-05	-8.76928e-17
4.8e-05	1.6e-05	-1.88314e-16
4.8e-05	2e-05	1.83575e-16
4.8e-05	2.4e-05	2.26936e-17
4.8e-05	2.8e-05	9.34397e-17
4.8e-05	3.2e-05	3.72488e-18
4.8e-05	3.6e-05	4.09712e-17
4.8e-05	4e-05	7.30548e-17
4.8e-05	4.4e-05	8.23183e-18
4.8e-05	4.8e-05	2.30215e-16
4.8e-05	5.2e-05	-3.94038e-18
4.8e-05	5.6e-05	2.48535e-16
4.8e-05	6e-05	4.54317e-17
4.8e-05	6.4e-05	2.2824e-16
4.8e-05	6.8e-05	-2.86722e-16
4.8e-05	7.2e-05	2.37361e-16
4.8e-05	7.6e-05	-1.15385e-16
5.2e-05	-8e-05	3.40842e-16
5.2e-05	-7.6e-05	-3.40396e-16
5.2e-05	-7.2e-05	2.895e-16
5.2e-05	-6.8e-05	-4.38872e-17
5.2e-05	-6.4e-05	2.51283e-16
5.2e-05	-6e-05	3.52115e-17
5.2e-05	-5.6e-05	1.8915e-16
5.2e-05	-5.2e-05	-8.08919e-17
5.2e-05	-4.8e-05	-5.63048e-17
5.2e-05	-4.4e-05	1.21577e-16
5.2e-05	-4e-05	5.83537e-17
5.2e-05	-3.6e-05	4.84509e-16
5.2e-05	-3.2e-05	-1.75389e-16
5.2e-05	-2.8e-05	5.15138e-16
5.2e-05	-2.4e-05	-2.58782e-16
5.2e-05	-2e-05	3.71595e-16
5.2e-05	-1.6e-05	-1.40954e-16
5.2e-05	-1.2e-05	4.12346e-16
5.2e-05	-8e-06	-1.89079e-16
5.2e-05	-4e-06	3.63816e-17
5.2e-05	0	-2.72103e-16
5.2e-05	4e-06	-2.41238e-16
5.2e-05	8e-06	-4.05273e-16
5.2e-05	1.2e-05	-1.55701e-16
5.2e-05	1.6e-05	-1.68901e-16
5.2e-05	2e-05	1.06867e-17
5.2e-05	2.4e-05	2.03629e-17
5.2e-05	2.8e-05	-1.76975e-16
5.2e-05	3.2e-05	1.18777e-16
5.2e-05	3.6e-05	-1.15106e-16
5.2e-05	4e-05	2.78613e-16
5.2e-05	4.4e-05	-1.31455e-17
5.2e-05	4.8e-05	1.81699e-16
5.2e-05	5.2e-05	-1.41068e-17
5.2e-05	5.6e-05	1.84517e-16
5.2e-05	6e-05	1.30604e-16
5.2e-05	6.4e-05	1.49442e-16
5.2e-05	6.8e-05	1.36412e-16
5.2e-05	7.2e-05	6.49286e-17
5.2e-05	7.6e-05	1.49145e-16
5.6e-05	-8e-05	2.10811e-16
5.6e-05	-7.6e-05	1.08113e-16
5.6e-05	-7.2e-05	-1.58339e-16
5.6e-05	-6.8e-05	2.20872e-16
5.6e-05	-6.4e-05	1.55719e-16
5.6e-05	-6e-05	1.39385e-16
5.6e-05	-5.6e-05	7.03594e-16
5.6e-05	-5.2e-05	8.66886e-17
5.6e-05	-4.8e-05	3.40156e-16
5.6e-05	-4.4e-05	-2.0624e-16
5.6e-05	-4e-05	4.78139e-16
5.6e-05	-3.6e-05	-1.85183e-16
5.6e-05	-3.2e-05	1.5696e-16
5.6e-05	-2.8e-05	-4.08789e-16
5.6e-05	-2.4e-05	2.51628e-17
5.6e-05	-2e-05	-2.94619e-16
5.6e-05	-1.6e-05	-2.29511e-17
5.6e-05	-1.2e-05	-1.39294e-16
5.6e-05	-8e-06	-3.3466e-16
5.6e-05	-4e-06	-1.33164e-16
5.6e-05	0	-2.36232e-16
5.6e-05	4e-06	-1.24678e-16
5.6e-05	8e-06	3.77036e-17
5.6e-05	1.2e-05	-1.78168e-16
5.6e-05	1.6e-05	1.13483e-16
5.6e-05	2e-05	-2.56581e-16
5.6e-05	2.4e-05	-1.64103e-16
5.6e-05	2.8e-05	-1.96347e-16
5.6e-05	3.2e-05	-2.41892e-16
5.6e-05	3.6e-05	4.15335e-17
5.6e-05	4e-05	-8.021e-17
5.6e-05	4.4e-05	1.00652e-16
5.6e-05	4.8e-05	-1.52347e-16
5.6e-05	5.2e-05	6.85499e-17
5.6e-05	5.6e-05	6.22094e-17
5.6e-05	6e-05	9.28346e-17
5.6e-05	6.4e-05	1.1795e-16
5.6e-05	6.8e-05	2.5252e-16
5.6e-05	7.2e-05	-6.81388e-17
5.6e-05	7.6e-05	-1.29846e-18
6e-05	-8e-05	-5.40624e-17
6e-05	-7.6e-05	2.83966e-16
6e-05	-7.2e-05	3.09189e-17
6e-05	-6.8e-05	1.90843e-16
6e-05	-6.4e-05	8.21926e-17
6e-05	-6e-05	1.89607e-16
6e-05	-5.6e-05	4.33476e-17
6e-05	-5.2e-05	4.90957e-16
6e-05	-4.8e-05	-7.67298e-17
6e-05	-4.4e-05	3.96689e-16
6e-05	-4e-05	-8.53279e-17
6e-05	-3.6e-05	1.5964e-16
6e-05	-3.2e-05	-1.2777e-16
6e-05	-2.8e-05	-2.07583e-16
6e-05	-2.4e-05	-2.36877e-16
6e-05	-2e-05	-2.97627e-16
6e-05	-1.6e-05	-1.92049e-16
6e-05	-1.2e-05	-2.24146e-16
6e-05	-8e-06	-2.66078e-16
6e-05	-4e-06	8.03693e-17
6e-05	0	3.88061e-18
6e-05	4e-06	2.54429e-16
6e-05	8e-06	8.29251e-17
6e-05	1.2e-05	1.35773e-16
6e-05	1.6e-05	1.06479e-18
6e-05	2e-05	-1.78737e-16
6e-05	2.4e-05	-1.84958e-16
6e-05	2.8e-05	-2.51524e-16
6e-05	3.2e-05	-2.70222e-16
6e-05	3.6e-05	-3.56406e-18
6e-05	4e-05	-2.80654e-16
6e-05	4.4e-05	-1.84119e-17
6e-05	4.8e-05	-2.75849e-16
6e-05	5.2e-05	2.70163e-17
6e-05	5.6e-05	-1.55844e-16
6e-05	6e-05	5.01489e-17
6e-05	6.4e-05	-1.88247e-16
6e-05	6.8e-05	8.87839e-18
6e-05	7.2e-05	-7.80599e-17
6e-05	7.6e-05	3.92952e-17
6.4e-05	-8e-05	-9.8901e-17
6.4e-05	-7.6e-05	6.0027e-17
6.4e-05	-7.2e-05	1.39933e-16
6.4e-05	-6.8e-05	3.32157e-17
6.4e-05	-6.4e-05	1.3814e-17
6.4e-05	-6e-05	2.6726e-17
6.4e-05	-5.6e-05	-1.50606e-16
6.4e-05	-5.2e-05	8.44178e-17
6.4e-05	-4.8e-05	-9.73085e-17
6.4e-05	-4.4e-05	-4.60211e-19
6.4e-05	-4e-05	2.22484e-17
6.4e-05	-3.6e-05	-1.0272e-16
6.4e-05	-3.2e-05	-8.21631e-17
6.4e-05	-2.8e-05	-2.45129e-17
6.4e-05	-2.4e-05	-4.39663e-17
6.4e-05	-2e-05	-3.45471e-17
6.4e-05	-1.6e-05	4.22336e-17
6.4e-05	-1.2e-05	-1.88829e-16
6.4e-05	-8e-06	1.4893e-16
6.4e-05	-4e-06	-2.76713e-16
6.4e-05	0	1.74795e-16
6.4e-05	4e-06	-1.50963e-16
6.4e-05	8e-06	2.34743e-17
6.4e-05	1.2e-05	1.35133e-17
6.4e-05	1.6e-05	-2.13562e-16
6.4e-05	2e-05	-7.84876e-17
6.4e-05	2.4e-05	-8.51361e-17
6.4e-05	2.8e-05	-4.76251e-17
6.4e-05	3.2e-05	7.19892e-17
6.4e-05	3.6e-05	-1.14751e-16
6.4e-05	4e-05	-5.55835e-18
6.4e-05	4.4e-05	-1.4872e-16
6.4e-05	4.8e-05	3.70732e-17
6.4e-05	5.2e-05	-2.47206e-16
6.4e-05	5.6e-05	9.19489e-17
6.4e-05	6e-05	-2.16071e-16
6.4e-05	6.4e-05	1.34993e-16
6.4e-05	6.8e-05	-3.89932e-16
6.4e-05	7.2e-05	1.26643e-16
6.4e-05	7.6e-05	-8.86699e-17
6.8e-05	-8e-05	7.10853e-17
6.8e-05	-7.6e-05	-2.60438e-16
6.8e-05	-7.2e-05	-2.9557e-17
6.8e-05	-6.8e-05	-6.14693e-17
6.8e-05	-6.4e-05	8.11163e-17
6.8e-05	-6e-05	-1.61307e-16
6.8e-05	-5.6e-05	-2.00623e-17
6.8e-05	-5.2e-05	-8.52432e-17
6.8e-05	-4.8e-05	7.73219e-17
6.8e-05	-4.4e-05	-4.61942e-17
6.8e-05	-4e-05	1.15515e-16
6.8e-05	-3.6e-05	3.39203e-17
6.8e-05	-3.2e-05	1.00447e-16
6.8e-05	-2.8e-05	1.66091e-16
6.8e-05	-2.4e-05	1.13844e-16
6.8e-05	-2e-05	1.78369e-16
6.8e-05	-1.6e-05	7.39404e-17
6.8e-05	-1.2e-05	-5.70667e-18
6.8e-05	-8e-06	-4.76525e-18
6.8e-05	-4e-06	-1.44512e-16
6.8e-05	0	-1.90822e-16
6.8e-05	4e-06	-2.47752e-16
6.8e-05	8e-06	-2.67354e-16
6.8e-05	1.2e-05	-2.29686e-16
6.8e-05	1.6e-05	-2.49655e-16
6.8e-05	2e-05	4.06645e-17
6.8e-05	2.4e-05	-1.6927e-16
6.8e-05	2.8e-05	2.34109e-16
6.8e-05	3.2e-05	-4.25948e-17
6.8e-05	3.6e-05	6.25883e-17
6.8e-05	4e-05	4.41711e-17
6.8e-05	4.4e-05	7.09303e-17
6.8e-05	4.8e-05	1.01124e-16
6.8e-05	5.2e-05	1.04147e-16
6.8e-05	5.6e-05	-1.87727e-17
6.8e-05	6e-05	8.55534e-17
6.8e-05	6.4e-05	-9.26132e-17
6.8e-05	6.8e-05	1.46803e-16
6.8e-05	7.2e-05	-8.42851e-18
6.8e-05	7.6e-05	7.32613e-17
7.2e-05	-8e-05	6.86618e-17
7.2e-05	-7.6e-05	3.09887e-17
7.2e-05	-7.2e-05	-7.44729e-17
7.2e-05	-6.8e-05	1.24184e-17
7.2e-05	-6.4e-05	3.46974e-17
7.2e-05	-6e-05	-8.87817e-19
7.2e-05	-5.6e-05	8.63568e-17
7.2e-05	-5.2e-05	3.386e-17
7.2e-05	-4.8e-05	1.44052e-16
7.2e-05	-4.4e-05	9.59034e-17
7.2e-05	-4e-05	1.9917e-16
7.2e-05	-3.6e-05	1.82223e-16
7.2e-05	-3.2e-05	2.03631e-16
7.2e-05	-2.8e-05	1.53957e-16
7.2e-05	-2.4e-05	8.37321e-17
7.2e-05	-2e-05	2.09434e-16
7.2e-05	-1.6e-05	-8.81095e-17
7.2e-05	-1.2e-05	3.65115e-17
7.2e-05	-8e-06	-3.04151e-16
7.2e-05	-4e-06	1.29225e-16
7.2e-05	0	-3.07044e-16
7.2e-05	4e-06	-1.38707e-16
7.2e-05	8e-06	-9.42877e-17
7.2e-05	1.2e-05	-2.73467e-16
7.2e-05	1.6e-05	1.08421e-16
7.2e-05	2e-05	-3.03916e-16
7.2e-05	2.4e-05	7.98848e-17
7.2e-05	2.8e-05	-1.96961e-16
7.2e-05	3.2e-05	1.25711e-16
7.2e-05	3.6e-05	-7.37986e-19
7.2e-05	4e-05	1.2458e-16
7.2e-05	4.4e-05	4.90518e-17
7.2e-05	4.8e-05	7.77122e-17
7.2e-05	5.2e-05	7.39572e-17
7.2e-05	5.6e-05	9.00305e-17
7.2e-05	6e-05	9.77347e-17
7.2e-05	6.4e-05	1.51284e-16
7.2e-05	6.8e-05	1.20288e-16
7.2e-05	7.2e-05	1.20336e-16
7.2e-05	7.6e-05	6.55395e-17
7.6e-05	-8e-05	-1.80997e-17
7.6e-05	-7.6e-05	2.30291e-16
7.6e-05	-7.2e-05	-5.06197e-17
7.6e-05	-6.8e-05	8.71969e-17
7.6e-05	-6.4e-05	-3.13017e-17
7.6e-05	-6e-05	1.05022e-16
7.6e-05	-5.6e-05	2.68034e-17
7.6e-05	-5.2e-05	1.99692e-16
7.6e-05	-4.8e-05	5.54923e-17
7.6e-05	-4.4e-05	2.21671e-16
7.6e-05	-4e-05	4.13655e-17
7.6e-05	-3.6e-05	1.49844e-16
7.6e-05	-3.2e-05	1.58404e-16
7.6e-05	-2.8e-05	5.80746e-17
7.6e-05	-2.4e-05	1.72989e-16
7.6e-05	-2e-05	-6.81919e-17
7.6e-05	-1.6e-05	1.14331e-16
7.6e-05	-1.2e-05	-1.4922e-16
7.6e-05	-8e-06	9.10424e-17
7.6e-05	-4e-06	-1.94989e-16
7.6e-05	0	-8.42425e-19
7.6e-05	4e-06	2.708e-18
7.6e-05	8e-06	-1.48096e-16
7.6e-05	1.2e-05	1.35724e-17
7.6e-05	1.6e-05	-1.47412e-16
7.6e-05	2e-05	1.25084e-17
7.6e-05	2.4e-05	-1.91228e-16
7.6e-05	2.8e-05	4.71806e-17
7.6e-05	3.2e-05	-1.48733e-16
7.6e-05	3.6e-05	1.13289e-16
7.6e-05	4e-05	-4.16296e-17
7.6e-05	4.4e-05	1.04653e-16
7.6e-05	4.8e-05	2.67426e-17
7.6e-05	5.2e-05	6.00668e-17
7.6e-05	5.6e-05	3.1216e-17
7.6e-05	6e-05	3.66935e-17
7.6e-05	6.4e-05	7.56463e-17
7.6e-05	6.8e-05	6.80368e-17
7.6e-05	7.2e-05	4.49007e-17
7.6e-05	7.6e-05	4.79301e-17
