-8e-05	-8e-05	5.60466e-16
-8e-05	-7.6e-05	-8.53396e-17
-8e-05	-7.2e-05	8.47105e-17
-8e-05	-6.8e-05	1.47442e-15
-8e-05	-6.4e-05	-2.55734e-15
-8e-05	-6e-05	-1.89252e-16
-8e-05	-5.6e-05	8.08227e-16
-8e-05	-5.2e-05	3.60179e-16
-8e-05	-4.8e-05	-6.66283e-16
-8e-05	-4.4e-05	-2.91098e-16
-8e-05	-4e-05	-4.15893e-16
-8e-05	-3.6e-05	-3.61001e-16
-8e-05	-3.2e-05	1.67552e-16
-8e-05	-2.8e-05	2.85065e-16
-8e-05	-2.4e-05	3.54993e-17
-8e-05	-2e-05	-2.72952e-17
-8e-05	-1.6e-05	3.60609e-17
-8e-05	-1.2e-05	3.66743e-17
-8e-05	-8e-06	-5.45354e-17
-8e-05	-4e-06	1.03416e-16
-8e-05	0	-6.30471e-18
-8e-05	4e-06	1.56902e-17
-8e-05	8e-06	6.04098e-17
-8e-05	1.2e-05	9.69054e-18
-8e-05	1.6e-05	2.90002e-17
-8e-05	2e-05	-4.40084e-17
-8e-05	2.4e-05	-5.18317e-17
-8e-05	2.8e-05	-7.00031e-17
-8e-05	3.2e-05	-4.05402e-17
-8e-05	3.6e-05	5.22382e-17
-8e-05	4e-05	-1.95605e-17
-8e-05	4.4e-05	3.91781e-17
-8e-05	4.8e-05	3.56265e-17
-8e-05	5.2e-05	-2.05315e-17
-8e-05	5.6e-05	1.32565e-16
-8e-05	6e-05	-9.90553e-17
-8e-05	6.4e-05	-1.2499e-16
-8e-05	6.8e-05	6.04681e-16
-8e-05	7.2e-05	4.01932e-16
-8e-05	7.6e-05	3.22983e-16
-7.6e-05	-8e-05	3.9896e-16
-7.6e-05	-7.6e-05	-1.63259e-15
-7.6e-05	-7.2e-05	3.98859e-16
-7.6e-05	-6.8e-05	-1.34992e-15
-7.6e-05	-6.4e-05	3.86725e-16
-7.6e-05	-6e-05	-8.34855e-16
-7.6e-05	-5.6e-05	-2.01232e-17
-7.6e-05	-5.2e-05	8.95886e-16
-7.6e-05	-4.8e-05	-1.2641e-16
-7.6e-05	-4.4e-05	1.98069e-16
-7.6e-05	-4e-05	-1.05096e-16
-7.6e-05	-3.6e-05	-7.23415e-16
-7.6e-05	-3.2e-05	-1.10716e-16
-7.6e-05	-2.8e-05	-1.1012e-16
-7.6e-05	-2.4e-05	8.09245e-18
-7.6e-05	-2e-05	-1.26431e-16
-7.6e-05	-1.6e-05	1.26493e-16
-7.6e-05	-1.2e-05	1.12695e-17
-7.6e-05	-8e-06	-5.41937e-17
-7.6e-05	-4e-06	6.06147e-16
-7.6e-05	0	-1.48114e-16
-7.6e-05	4e-06	9.81186e-17
-7.6e-05	8e-06	3.41818e-16
-7.6e-05	1.2e-05	1.87029e-16
-7.6e-05	1.6e-05	-2.50152e-16
-7.6e-05	2e-05	-2.39556e-16
-7.6e-05	2.4e-05	9.79515e-16
-7.6e-05	2.8e-05	-1.93602e-16
-7.6e-05	3.2e-05	-8.07668e-16
-7.6e-05	3.6e-05	-3.9192e-17
-7.6e-05	4e-05	-1.63386e-19
-7.6e-05	4.4e-05	8.19194e-16
-7.6e-05	4.8e-05	-2.28895e-15
-7.6e-05	5.2e-05	4.16878e-16
-7.6e-05	5.6e-05	7.42069e-15
-7.6e-05	6e-05	9.50076e-16
-7.6e-05	6.4e-05	-2.10516e-15
-7.6e-05	6.8e-05	-1.02913e-15
-7.6e-05	7.2e-05	5.80362e-15
-7.6e-05	7.6e-05	-9.68014e-16
-7.2e-05	-8e-05	-1.7458e-15
-7.2e-05	-7.6e-05	-1.45521e-15
-7.2e-05	-7.2e-05	-2.36016e-15
-7.2e-05	-6.8e-05	9.61687e-16
-7.2e-05	-6.4e-05	3.12624e-16
-7.2e-05	-6e-05	-2.22996e-16
-7.2e-05	-5.6e-05	-2.1714e-16
-7.2e-05	-5.2e-05	2.77174e-15
-7.2e-05	-4.8e-05	-1.80479e-16
-7.2e-05	-4.4e-05	-6.48395e-17
-7.2e-05	-4e-05	-2.47907e-16
-7.2e-05	-3.6e-05	-2.83184e-16
-7.2e-05	-3.2e-05	-8.57614e-17
-7.2e-05	-2.8e-05	2.30247e-16
-7.2e-05	-2.4e-05	2.59799e-16
-7.2e-05	-2e-05	-8.8517e-17
-7.2e-05	-1.6e-05	6.9158e-18
-7.2e-05	-1.2e-05	1.34199e-16
-7.2e-05	-8e-06	3.4981e-17
-7.2e-05	-4e-06	1.40535e-16
-7.2e-05	0	1.76383e-17
-7.2e-05	4e-06	2.60479e-17
-7.2e-05	8e-06	5.17484e-17
-7.2e-05	1.2e-05	1.28448e-16
-7.2e-05	1.6e-05	1.76382e-16
-7.2e-05	2e-05	8.94403e-17
-7.2e-05	2.4e-05	2.12171e-17
-7.2e-05	2.8e-05	2.89174e-17
-7.2e-05	3.2e-05	4.59113e-17
-7.2e-05	3.6e-05	5.37096e-17
-7.2e-05	4e-05	-3.92798e-18
-7.2e-05	4.4e-05	-2.14495e-17
-7.2e-05	4.8e-05	1.50881e-18
-7.2e-05	5.2e-05	-1.208e-16
-7.2e-05	5.6e-05	2.80359e-16
-7.2e-05	6e-05	1.60448e-17
-7.2e-05	6.4e-05	2.17701e-16
-7.2e-05	6.8e-05	1.50666e-16
-7.2e-05	7.2e-05	3.32689e-16
-7.2e-05	7.6e-05	-1.11975e-15
-6.8e-05	-8e-05	4.34179e-16
-6.8e-05	-7.6e-05	-1.51021e-15
-6.8e-05	-7.2e-05	3.48564e-16
-6.8e-05	-6.8e-05	2.62012e-16
-6.8e-05	-6.4e-05	1.62869e-16
-6.8e-05	-6e-05	2.01391e-16
-6.8e-05	-5.6e-05	7.24776e-16
-6.8e-05	-5.2e-05	-2.16135e-16
-6.8e-05	-4.8e-05	9.45463e-17
-6.8e-05	-4.4e-05	-1.07469e-16
-6.8e-05	-4e-05	1.85897e-18
-6.8e-05	-3.6e-05	7.53199e-17
-6.8e-05	-3.2e-05	1.23058e-16
-6.8e-05	-2.8e-05	6.82874e-18
-6.8e-05	-2.4e-05	8.3957e-17
-6.8e-05	-2e-05	7.8389e-17
-6.8e-05	-1.6e-05	6.57642e-17
-6.8e-05	-1.2e-05	1.30227e-16
-6.8e-05	-8e-06	1.62114e-16
-6.8e-05	-4e-06	-9.31249e-17
-6.8e-05	0	-1.05669e-17
-6.8e-05	4e-06	1.80265e-17
-6.8e-05	8e-06	1.59246e-16
-6.8e-05	1.2e-05	5.22328e-17
-6.8e-05	1.6e-05	4.66135e-17
-6.8e-05	2e-05	-1.29961e-17
-6.8e-05	2.4e-05	1.19556e-16
-6.8e-05	2.8e-05	-1.0649e-17
-6.8e-05	3.2e-05	1.00167e-17
-6.8e-05	3.6e-05	-2.17801e-17
-6.8e-05	4e-05	-6.48565e-18
-6.8e-05	4.4e-05	8.90549e-17
-6.8e-05	4.8e-05	-5.31355e-17
-6.8e-05	5.2e-05	2.76498e-17
-6.8e-05	5.6e-05	-1.84704e-16
-6.8e-05	6e-05	3.35706e-16
-6.8e-05	6.4e-05	8.24771e-17
-6.8e-05	6.8e-05	2.24819e-16
-6.8e-05	7.2e-05	2.42334e-16
-6.8e-05	7.6e-05	2.20751e-16
-6.4e-05	-8e-05	-1.4948e-16
-6.4e-05	-7.6e-05	2.10448e-16
-6.4e-05	-7.2e-05	2.93832e-16
-6.4e-05	-6.8e-05	2.23307e-16
-6.4e-05	-6.4e-05	2.08675e-16
-6.4e-05	-6e-05	5.15544e-16
-6.4e-05	-5.6e-05	-3.53222e-16
-6.4e-05	-5.2e-05	1.36395e-16
-6.4e-05	-4.8e-05	-3.59191e-17
-6.4e-05	-4.4e-05	2.28234e-16
-6.4e-05	-4e-05	-1.5228e-16
-6.4e-05	-3.6e-05	-9.92559e-17
-6.4e-05	-3.2e-05	-3.99868e-18
-6.4e-05	-2.8e-05	2.1004e-16
-6.4e-05	-2.4e-05	8.2661e-17
-6.4e-05	-2e-05	-2.6475e-17
-6.4e-05	-1.6e-05	-3.10175e-17
-6.4e-05	-1.2e-05	6.40337e-17
-6.4e-05	-8e-06	-1.72843e-18
-6.4e-05	-4e-06	-4.09354e-17
-6.4e-05	0	-1.11253e-16
-6.4e-05	4e-06	-1.89172e-17
-6.4e-05	8e-06	1.37091e-16
-6.4e-05	1.2e-05	8.63083e-17
-6.4e-05	1.6e-05	2.03204e-16
-6.4e-05	2e-05	1.74731e-16
-6.4e-05	2.4e-05	-3.38637e-17
-6.4e-05	2.8e-05	5.55907e-17
-6.4e-05	3.2e-05	1.31995e-16
-6.4e-05	3.6e-05	5.66639e-17
-6.4e-05	4e-05	-1.18847e-16
-6.4e-05	4.4e-05	-1.93318e-17
-6.4e-05	4.8e-05	9.11684e-17
-6.4e-05	5.2e-05	-2.62479e-17
-6.4e-05	5.6e-05	2.13105e-16
-6.4e-05	6e-05	-1.97758e-16
-6.4e-05	6.4e-05	5.08347e-16
-6.4e-05	6.8e-05	5.92503e-17
-6.4e-05	7.2e-05	4.47138e-16
-6.4e-05	7.6e-05	1.71804e-16
-6e-05	-8e-05	3.45955e-16
-6e-05	-7.6e-05	2.72212e-16
-6e-05	-7.2e-05	4.51287e-16
-6e-05	-6.8e-05	8.10356e-17
-6e-05	-6.4e-05	7.95378e-16
-6e-05	-6e-05	-3.41283e-16
-6e-05	-5.6e-05	6.95191e-16
-6e-05	-5.2e-05	-6.59512e-17
-6e-05	-4.8e-05	-1.88609e-17
-6e-05	-4.4e-05	-1.93132e-16
-6e-05	-4e-05	-1.05161e-16
-6e-05	-3.6e-05	4.34601e-17
-6e-05	-3.2e-05	1.41302e-16
-6e-05	-2.8e-05	2.62335e-17
-6e-05	-2.4e-05	-8.02197e-17
-6e-05	-2e-05	6.63105e-17
-6e-05	-1.6e-05	6.15312e-17
-6e-05	-1.2e-05	6.12304e-18
-6e-05	-8e-06	1.32933e-16
-6e-05	-4e-06	-1.46047e-16
-6e-05	0	-1.56638e-16
-6e-05	4e-06	-8.56904e-17
-6e-05	8e-06	-9.05959e-17
-6e-05	1.2e-05	5.07012e-17
-6e-05	1.6e-05	-1.13073e-16
-6e-05	2e-05	2.07513e-16
-6e-05	2.4e-05	1.13969e-16
-6e-05	2.8e-05	9.59024e-17
-6e-05	3.2e-05	1.62929e-16
-6e-05	3.6e-05	1.68236e-16
-6e-05	4e-05	-7.15427e-17
-6e-05	4.4e-05	5.87453e-17
-6e-05	4.8e-05	3.48754e-17
-6e-05	5.2e-05	-1.56995e-16
-6e-05	5.6e-05	-1.95837e-16
-6e-05	6e-05	1.78596e-16
-6e-05	6.4e-05	-2.57977e-16
-6e-05	6.8e-05	5.88473e-16
-6e-05	7.2e-05	-2.10549e-16
-6e-05	7.6e-05	8.07423e-16
-5.6e-05	-8e-05	-1.4746e-16
-5.6e-05	-7.6e-05	8.97813e-16
-5.6e-05	-7.2e-05	-2.38168e-16
-5.6e-05	-6.8e-05	9.3029e-16
-5.6e-05	-6.4e-05	-4.32115e-16
-5.6e-05	-6e-05	5.46362e-16
-5.6e-05	-5.6e-05	-1.60184e-16
-5.6e-05	-5.2e-05	-5.02106e-16
-5.6e-05	-4.8e-05	-1.87031e-16
-5.6e-05	-4.4e-05	9.68317e-17
-5.6e-05	-4e-05	1.88329e-17
-5.6e-05	-3.6e-05	1.74746e-17
-5.6e-05	-3.2e-05	2.24551e-18
-5.6e-05	-2.8e-05	1.73933e-16
-5.6e-05	-2.4e-05	1.74483e-16
-5.6e-05	-2e-05	9.01306e-17
-5.6e-05	-1.6e-05	6.97179e-17
-5.6e-05	-1.2e-05	1.5962e-16
-5.6e-05	-8e-06	-1.10101e-16
-5.6e-05	-4e-06	-3.87466e-17
-5.6e-05	0	-1.29094e-16
-5.6e-05	4e-06	-3.33489e-17
-5.6e-05	8e-06	-5.06026e-17
-5.6e-05	1.2e-05	-2.1459e-16
-5.6e-05	1.6e-05	-3.60589e-17
-5.6e-05	2e-05	-9.47001e-17
-5.6e-05	2.4e-05	-9.20246e-18
-5.6e-05	2.8e-05	-1.51311e-16
-5.6e-05	3.2e-05	1.59164e-16
-5.6e-05	3.6e-05	3.28536e-16
-5.6e-05	4e-05	-1.75062e-17
-5.6e-05	4.4e-05	-3.74359e-17
-5.6e-05	4.8e-05	2.16715e-16
-5.6e-05	5.2e-05	-1.56104e-16
-5.6e-05	5.6e-05	-1.34748e-16
-5.6e-05	6e-05	-2.24656e-17
-5.6e-05	6.4e-05	1.10728e-16
-5.6e-05	6.8e-05	-1.33502e-16
-5.6e-05	7.2e-05	2.6773e-16
-5.6e-05	7.6e-05	-2.80597e-16
-5.2e-05	-8e-05	3.85193e-16
-5.2e-05	-7.6e-05	-3.22413e-16
-5.2e-05	-7.2e-05	2.97778e-16
-5.2e-05	-6.8e-05	-2.908e-16
-5.2e-05	-6.4e-05	1.60868e-17
-5.2e-05	-6e-05	-9.6724e-17
-5.2e-05	-5.6e-05	-2.92149e-16
-5.2e-05	-5.2e-05	-1.95351e-16
-5.2e-05	-4.8e-05	4.06253e-16
-5.2e-05	-4.4e-05	-1.60983e-16
-5.2e-05	-4e-05	-1.66488e-16
-5.2e-05	-3.6e-05	2.67742e-16
-5.2e-05	-3.2e-05	3.74227e-16
-5.2e-05	-2.8e-05	1.48928e-16
-5.2e-05	-2.4e-05	-1.38725e-16
-5.2e-05	-2e-05	3.86713e-17
-5.2e-05	-1.6e-05	2.2484e-16
-5.2e-05	-1.2e-05	-6.13506e-17
-5.2e-05	-8e-06	1.97413e-17
-5.2e-05	-4e-06	-1.65593e-16
-5.2e-05	0	-1.04195e-16
-5.2e-05	4e-06	6.23805e-17
-5.2e-05	8e-06	-3.33797e-17
-5.2e-05	1.2e-05	-2.54092e-17
-5.2e-05	1.6e-05	-9.21152e-17
-5.2e-05	2e-05	-3.18707e-17
-5.2e-05	2.4e-05	-8.07212e-17
-5.2e-05	2.8e-05	-2.95554e-16
-5.2e-05	3.2e-05	-1.22229e-16
-5.2e-05	3.6e-05	2.1959e-16
-5.2e-05	4e-05	4.68769e-16
-5.2e-05	4.4e-05	-1.62132e-16
-5.2e-05	4.8e-05	1.15067e-17
-5.2e-05	5.2e-05	1.03075e-16
-5.2e-05	5.6e-05	-1.88098e-16
-5.2e-05	6e-05	1.51786e-16
-5.2e-05	6.4e-05	-3.85354e-17
-5.2e-05	6.8e-05	6.94103e-17
-5.2e-05	7.2e-05	-1.87033e-16
-5.2e-05	7.6e-05	1.01507e-16
-4.8e-05	-8e-05	-1.47437e-16
-4.8e-05	-7.6e-05	2.67536e-16
-4.8e-05	-7.2e-05	-3.37299e-16
-4.8e-05	-6.8e-05	1.74207e-16
-4.8e-05	-6.4e-05	-1.67046e-16
-4.8e-05	-6e-05	2.44888e-16
-4.8e-05	-5.6e-05	-2.37342e-16
-4.8e-05	-5.2e-05	3.43625e-16
-4.8e-05	-4.8e-05	-2.1923e-16
-4.8e-05	-4.4e-05	-4.97566e-16
-4.8e-05	-4e-05	4.86717e-16
-4.8e-05	-3.6e-05	6.38656e-16
-4.8e-05	-3.2e-05	-3.34929e-17
-4.8e-05	-2.8e-05	-1.99807e-16
-4.8e-05	-2.4e-05	7.55462e-17
-4.8e-05	-2e-05	1.00555e-16
-4.8e-05	-1.6e-05	-4.94021e-17
-4.8e-05	-1.2e-05	8.69576e-17
-4.8e-05	-8e-06	-3.10759e-16
-4.8e-05	-4e-06	-1.42956e-16
-4.8e-05	0	-7.28144e-17
-4.8e-05	4e-06	1.29765e-16
-4.8e-05	8e-06	1.09872e-17
-4.8e-05	1.2e-05	-1.75846e-16
-4.8e-05	1.6e-05	1.35995e-16
-4.8e-05	2e-05	-2.72867e-17
-4.8e-05	2.4e-05	-7.53627e-17
-4.8e-05	2.8e-05	-8.79278e-17
-4.8e-05	3.2e-05	-2.78255e-16
-4.8e-05	3.6e-05	-1.2965e-16
-4.8e-05	4e-05	5.66047e-16
-4.8e-05	4.4e-05	4.6386e-16
-4.8e-05	4.8e-05	-2.56809e-17
-4.8e-05	5.2e-05	-5.90585e-17
-4.8e-05	5.6e-05	-9.44071e-18
-4.8e-05	6e-05	-1.19445e-16
-4.8e-05	6.4e-05	2.42436e-17
-4.8e-05	6.8e-05	-2.01799e-16
-4.8e-05	7.2e-05	2.75476e-17
-4.8e-05	7.6e-05	-2.89694e-16
-4.4e-05	-8e-05	1.56287e-16
-4.4e-05	-7.6e-05	-3.60297e-16
-4.4e-05	-7.2e-05	1.59242e-16
-4.4e-05	-6.8e-05	-3.16132e-16
-4.4e-05	-6.4e-05	5.09252e-18
-4.4e-05	-6e-05	-3.04087e-16
-4.4e-05	-5.6e-05	-1.50244e-16
-4.4e-05	-5.2e-05	-6.86023e-17
-4.4e-05	-4.8e-05	-3.77382e-16
-4.4e-05	-4.4e-05	4.7616e-16
-4.4e-05	-4e-05	1.01791e-15
-4.4e-05	-3.6e-05	-1.41504e-16
-4.4e-05	-3.2e-05	-1.80634e-16
-4.4e-05	-2.8e-05	1.30438e-16
-4.4e-05	-2.4e-05	-8.55591e-17
-4.4e-05	-2e-05	-6.28647e-17
-4.4e-05	-1.6e-05	1.76152e-16
-4.4e-05	-1.2e-05	-1.69674e-16
-4.4e-05	-8e-06	-6.04951e-17
-4.4e-05	-4e-06	-1.74941e-16
-4.4e-05	0	8.92073e-17
-4.4e-05	4e-06	-3.52988e-20
-4.4e-05	8e-06	-8.39441e-18
-4.4e-05	1.2e-05	-2.20696e-17
-4.4e-05	1.6e-05	-3.85643e-17
-4.4e-05	2e-05	1.99826e-16
-4.4e-05	2.4e-05	-2.33311e-16
-4.4e-05	2.8e-05	3.43774e-17
-4.4e-05	3.2e-05	1.27016e-16
-4.4e-05	3.6e-05	-5.75363e-16
-4.4e-05	4e-05	9.00059e-17
-4.4e-05	4.4e-05	5.99375e-16
-4.4e-05	4.8e-05	3.34698e-16
-4.4e-05	5.2e-05	1.13486e-17
-4.4e-05	5.6e-05	1.96338e-16
-4.4e-05	6e-05	1.12239e-16
-4.4e-05	6.4e-05	9.97864e-17
-4.4e-05	6.8e-05	-4.58148e-17
-4.4e-05	7.2e-05	-1.05878e-16
-4.4e-05	7.6e-05	-7.32363e-17
-4e-05	-8e-05	-1.77911e-16
-4e-05	-7.6e-05	-1.16502e-16
-4e-05	-7.2e-05	-1.98932e-16
-4e-05	-6.8e-05	-1.1922e-16
-4e-05	-6.4e-05	1.12946e-17
-4e-05	-6e-05	-1.44406e-16
-4e-05	-5.6e-05	1.65826e-16
-4e-05	-5.2e-05	1.09096e-16
-4e-05	-4.8e-05	3.47027e-16
-4e-05	-4.4e-05	8.44296e-16
-4e-05	-4e-05	-8.59933e-17
-4e-05	-3.6e-05	-2.44357e-16
-4e-05	-3.2e-05	2.76788e-16
-4e-05	-2.8e-05	-2.94439e-18
-4e-05	-2.4e-05	-4.35861e-17
-4e-05	-2e-05	2.29894e-16
-4e-05	-1.6e-05	-7.04216e-17
-4e-05	-1.2e-05	-1.35682e-16
-4e-05	-8e-06	-1.54068e-16
-4e-05	-4e-06	-3.19524e-16
-4e-05	0	1.76728e-16
-4e-05	4e-06	2.12288e-16
-4e-05	8e-06	-2.38249e-16
-4e-05	1.2e-05	-2.4728e-16
-4e-05	1.6e-05	-2.63066e-16
-4e-05	2e-05	-5.95117e-17
-4e-05	2.4e-05	2.72332e-16
-4e-05	2.8e-05	1.10237e-16
-4e-05	3.2e-05	-7.46415e-17
-4e-05	3.6e-05	1.4581e-16
-4e-05	4e-05	1.46775e-17
-4e-05	4.4e-05	8.93135e-17
-4e-05	4.8e-05	3.33608e-16
-4e-05	5.2e-05	7.63021e-17
-4e-05	5.6e-05	3.7137e-16
-4e-05	6e-05	2.08564e-16
-4e-05	6.4e-05	1.04733e-16
-4e-05	6.8e-05	1.43662e-16
-4e-05	7.2e-05	4.68642e-17
-4e-05	7.6e-05	2.58309e-17
-3.6e-05	-8e-05	4.96369e-17
-3.6e-05	-7.6e-05	5.5533e-17
-3.6e-05	-7.2e-05	1.25122e-16
-3.6e-05	-6.8e-05	1.07861e-16
-3.6e-05	-6.4e-05	1.36458e-16
-3.6e-05	-6e-05	1.66726e-16
-3.6e-05	-5.6e-05	4.34458e-16
-3.6e-05	-5.2e-05	1.57734e-16
-3.6e-05	-4.8e-05	5.70138e-16
-3.6e-05	-4.4e-05	-9.30581e-17
-3.6e-05	-4e-05	-9.20999e-17
-3.6e-05	-3.6e-05	1.78485e-16
-3.6e-05	-3.2e-05	6.62074e-17
-3.6e-05	-2.8e-05	4.43565e-17
-3.6e-05	-2.4e-05	2.83918e-16
-3.6e-05	-2e-05	5.23942e-17
-3.6e-05	-1.6e-05	-2.7484e-16
-3.6e-05	-1.2e-05	8.31387e-16
-3.6e-05	-8e-06	8.26129e-15
-3.6e-05	-4e-06	-1.50773e-14
-3.6e-05	0	1.87378e-15
-3.6e-05	4e-06	1.98618e-14
-3.6e-05	8e-06	-2.21289e-14
-3.6e-05	1.2e-05	-1.13476e-15
-3.6e-05	1.6e-05	4.1899e-17
-3.6e-05	2e-05	-3.22594e-16
-3.6e-05	2.4e-05	-1.58591e-16
-3.6e-05	2.8e-05	2.03267e-16
-3.6e-05	3.2e-05	1.60879e-16
-3.6e-05	3.6e-05	-7.19511e-17
-3.6e-05	4e-05	5.19111e-17
-3.6e-05	4.4e-05	1.33035e-16
-3.6e-05	4.8e-05	1.121e-16
-3.6e-05	5.2e-05	1.94133e-16
-3.6e-05	5.6e-05	1.27342e-16
-3.6e-05	6e-05	4.67734e-16
-3.6e-05	6.4e-05	5.37477e-17
-3.6e-05	6.8e-05	3.4615e-16
-3.6e-05	7.2e-05	-2.14016e-17
-3.6e-05	7.6e-05	4.08364e-16
-3.2e-05	-8e-05	-2.29081e-17
-3.2e-05	-7.6e-05	4.76562e-16
-3.2e-05	-7.2e-05	2.74907e-17
-3.2e-05	-6.8e-05	4.39195e-16
-3.2e-05	-6.4e-05	9.04036e-18
-3.2e-05	-6e-05	4.47338e-16
-3.2e-05	-5.6e-05	-1.8499e-17
-3.2e-05	-5.2e-05	3.61712e-16
-3.2e-05	-4.8e-05	1.0557e-16
-3.2e-05	-4.4e-05	2.1844e-17
-3.2e-05	-4e-05	2.03274e-16
-3.2e-05	-3.6e-05	1.02338e-16
-3.2e-05	-3.2e-05	1.46815e-17
-3.2e-05	-2.8e-05	1.24491e-16
-3.2e-05	-2.4e-05	4.22316e-17
-3.2e-05	-2e-05	-1.16926e-16
-3.2e-05	-1.6e-05	4.37951e-15
-3.2e-05	-1.2e-05	1.34192e-13
-3.2e-05	-8e-06	1.27956e-12
-3.2e-05	-4e-06	-2.23161e-12
-3.2e-05	0	2.67518e-13
-3.2e-05	4e-06	2.93029e-12
-3.2e-05	8e-06	-3.24981e-12
-3.2e-05	1.2e-05	-1.34498e-13
-3.2e-05	1.6e-05	-3.47888e-15
-3.2e-05	2e-05	-1.55844e-16
-3.2e-05	2.4e-05	-2.11361e-16
-3.2e-05	2.8e-05	2.06104e-17
-3.2e-05	3.2e-05	2.21536e-16
-3.2e-05	3.6e-05	-2.16584e-17
-3.2e-05	4e-05	1.34574e-16
-3.2e-05	4.4e-05	9.67759e-17
-3.2e-05	4.8e-05	-1.13471e-16
-3.2e-05	5.2e-05	9.38826e-17
-3.2e-05	5.6e-05	8.33419e-17
-3.2e-05	6e-05	2.71434e-16
-3.2e-05	6.4e-05	1.73539e-16
-3.2e-05	6.8e-05	-4.87917e-17
-3.2e-05	7.2e-05	3.77308e-16
-3.2e-05	7.6e-05	3.13867e-17
-2.8e-05	-8e-05	4.39206e-16
-2.8e-05	-7.6e-05	8.82837e-17
-2.8e-05	-7.2e-05	3.38575e-16
-2.8e-05	-6.8e-05	9.51747e-17
-2.8e-05	-6.4e-05	3.32245e-16
-2.8e-05	-6e-05	3.34905e-17
-2.8e-05	-5.6e-05	4.21638e-17
-2.8e-05	-5.2e-05	2.89782e-16
-2.8e-05	-4.8e-05	-1.3097e-16
-2.8e-05	-4.4e-05	9.87745e-17
-2.8e-05	-4e-05	1.17843e-17
-2.8e-05	-3.6e-05	-5.10209e-17
-2.8e-05	-3.2e-05	2.69129e-16
-2.8e-05	-2.8e-05	1.52951e-17
-2.8e-05	-2.4e-05	2.86044e-16
-2.8e-05	-2e-05	9.93677e-15
-2.8e-05	-1.6e-05	5.28639e-13
-2.8e-05	-1.2e-05	1.8567e-11
-2.8e-05	-8e-06	1.90288e-10
-2.8e-05	-4e-06	-3.29859e-10
-2.8e-05	0	3.86924e-11
-2.8e-05	4e-06	4.34094e-10
-2.8e-05	8e-06	-4.80895e-10
-2.8e-05	1.2e-05	-1.65251e-11
-2.8e-05	1.6e-05	-3.38046e-13
-2.8e-05	2e-05	-5.76686e-15
-2.8e-05	2.4e-05	-9.53871e-17
-2.8e-05	2.8e-05	-2.4502e-16
-2.8e-05	3.2e-05	8.66761e-17
-2.8e-05	3.6e-05	3.44272e-16
-2.8e-05	4e-05	-3.40118e-17
-2.8e-05	4.4e-05	1.39448e-16
-2.8e-05	4.8e-05	-2.30728e-17
-2.8e-05	5.2e-05	1.32367e-16
-2.8e-05	5.6e-05	2.9243e-16
-2.8e-05	6e-05	1.50233e-16
-2.8e-05	6.4e-05	1.57336e-16
-2.8e-05	6.8e-05	-3.79068e-17
-2.8e-05	7.2e-05	8.95251e-17
-2.8e-05	7.6e-05	4.82701e-17
-2.4e-05	-8e-05	7.14125e-17
-2.4e-05	-7.6e-05	8.13337e-17
-2.4e-05	-7.2e-05	1.05988e-16
-2.4e-05	-6.8e-05	6.67764e-17
-2.4e-05	-6.4e-05	5.47825e-17
-2.4e-05	-6e-05	-9.58881e-17
-2.4e-05	-5.6e-05	1.7794e-16
-2.4e-05	-5.2e-05	-3.89531e-17
-2.4e-05	-4.8e-05	5.46349e-17
-2.4e-05	-4.4e-05	2.64178e-16
-2.4e-05	-4e-05	-9.77199e-17
-2.4e-05	-3.6e-05	4.20919e-16
-2.4e-05	-3.2e-05	-6.67817e-18
-2.4e-05	-2.8e-05	2.3013e-16
-2.4e-05	-2.4e-05	1.20825e-14
-2.4e-05	-2e-05	9.37285e-13
-2.4e-05	-1.6e-05	5.96189e-11
-2.4e-05	-1.2e-05	2.55139e-09
-2.4e-05	-8e-06	2.82984e-08
-2.4e-05	-4e-06	-4.87601e-08
-2.4e-05	0	5.59549e-09
-2.4e-05	4e-06	6.43024e-08
-2.4e-05	8e-06	-7.11672e-08
-2.4e-05	1.2e-05	-1.94991e-09
-2.4e-05	1.6e-05	-3.31905e-11
-2.4e-05	2e-05	-4.51417e-13
-2.4e-05	2.4e-05	-5.82745e-15
-2.4e-05	2.8e-05	2.30698e-17
-2.4e-05	3.2e-05	-8.82762e-17
-2.4e-05	3.6e-05	-4.24119e-17
-2.4e-05	4e-05	1.68833e-16
-2.4e-05	4.4e-05	-1.26695e-16
-2.4e-05	4.8e-05	2.55683e-16
-2.4e-05	5.2e-05	1.12333e-16
-2.4e-05	5.6e-05	4.10444e-16
-2.4e-05	6e-05	1.66335e-16
-2.4e-05	6.4e-05	1.07413e-16
-2.4e-05	6.8e-05	9.84132e-17
-2.4e-05	7.2e-05	1.7274e-16
-2.4e-05	7.6e-05	1.40028e-16
-2e-05	-8e-05	1.10358e-16
-2e-05	-7.6e-05	8.19554e-17
-2e-05	-7.2e-05	1.98937e-16
-2e-05	-6.8e-05	4.92305e-17
-2e-05	-6.4e-05	1.73224e-17
-2e-05	-6e-05	1.17117e-16
-2e-05	-5.6e-05	2.23549e-16
-2e-05	-5.2e-05	7.52449e-19
-2e-05	-4.8e-05	5.06822e-16
-2e-05	-4.4e-05	-7.35648e-17
-2e-05	-4e-05	2.0959e-16
-2e-05	-3.6e-05	2.19069e-19
-2e-05	-3.2e-05	5.37515e-17
-2e-05	-2.8e-05	8.01514e-15
-2e-05	-2.4e-05	8.42932e-13
-2e-05	-2e-05	7.90888e-11
-2e-05	-1.6e-05	6.26182e-09
-2e-05	-1.2e-05	3.48578e-07
-2e-05	-8e-06	4.20825e-06
-2e-05	-4e-06	-7.20781e-06
-2e-05	0	8.08749e-07
-2e-05	4e-06	9.52519e-06
-2e-05	8e-06	-1.05325e-05
-2e-05	1.2e-05	-2.15669e-07
-2e-05	1.6e-05	-2.9325e-09
-2e-05	2e-05	-3.31971e-11
-2e-05	2.4e-05	-3.37903e-13
-2e-05	2.8e-05	-3.5295e-15
-2e-05	3.2e-05	-2.04663e-16
-2e-05	3.6e-05	1.52804e-16
-2e-05	4e-05	-1.52535e-16
-2e-05	4.4e-05	-1.73027e-16
-2e-05	4.8e-05	-2.21656e-16
-2e-05	5.2e-05	3.73277e-16
-2e-05	5.6e-05	6.73885e-17
-2e-05	6e-05	1.96131e-16
-2e-05	6.4e-05	-1.35272e-17
-2e-05	6.8e-05	3.19432e-16
-2e-05	7.2e-05	5.18956e-17
-2e-05	7.6e-05	1.86713e-16
-1.6e-05	-8e-05	7.57729e-17
-1.6e-05	-7.6e-05	2.64295e-16
-1.6e-05	-7.2e-05	5.67665e-17
-1.6e-05	-6.8e-05	3.29445e-16
-1.6e-05	-6.4e-05	-9.30123e-17
-1.6e-05	-6e-05	2.76777e-16
-1.6e-05	-5.6e-05	4.24067e-17
-1.6e-05	-5.2e-05	3.20248e-16
-1.6e-05	-4.8e-05	4.7983e-17
-1.6e-05	-4.4e-05	1.30855e-16
-1.6e-05	-4e-05	-1.68974e-16
-1.6e-05	-3.6e-05	-1.22454e-16
-1.6e-05	-3.2e-05	2.52601e-15
-1.6e-05	-2.8e-05	3.60114e-13
-1.6e-05	-2.4e-05	4.5726e-11
-1.6e-05	-2e-05	5.43729e-09
-1.6e-05	-1.6e-05	5.77333e-07
-1.6e-05	-1.2e-05	4.73011e-05
-1.6e-05	-8e-06	0.000625798
-1.6e-05	-4e-06	-0.00106548
-1.6e-05	0	0.000116826
-1.6e-05	4e-06	0.00141099
-1.6e-05	8e-06	-0.00155886
-1.6e-05	1.2e-05	-2.11933e-05
-1.6e-05	1.6e-05	-2.15716e-07
-1.6e-05	2e-05	-1.95089e-09
-1.6e-05	2.4e-05	-1.65387e-11
-1.6e-05	2.8e-05	-1.34444e-13
-1.6e-05	3.2e-05	-1.00659e-15
-1.6e-05	3.6e-05	-1.09813e-16
-1.6e-05	4e-05	-2.64621e-16
-1.6e-05	4.4e-05	-2.65688e-16
-1.6e-05	4.8e-05	1.56463e-17
-1.6e-05	5.2e-05	4.74645e-17
-1.6e-05	5.6e-05	1.73467e-16
-1.6e-05	6e-05	-5.51798e-17
-1.6e-05	6.4e-05	3.57688e-16
-1.6e-05	6.8e-05	-8.72062e-17
-1.6e-05	7.2e-05	4.06665e-16
-1.6e-05	7.6e-05	-3.97917e-17
-1.2e-05	-8e-05	2.78926e-16
-1.2e-05	-7.6e-05	7.22494e-17
-1.2e-05	-7.2e-05	3.08128e-16
-1.2e-05	-6.8e-05	1.29043e-17
-1.2e-05	-6.4e-05	2.39084e-16
-1.2e-05	-6e-05	-1.9796e-16
-1.2e-05	-5.6e-05	1.87715e-16
-1.2e-05	-5.2e-05	-2.8872e-17
-1.2e-05	-4.8e-05	1.36505e-16
-1.2e-05	-4.4e-05	-2.89128e-16
-1.2e-05	-4e-05	-2.57262e-16
-1.2e-05	-3.6e-05	2.53051e-17
-1.2e-05	-3.2e-05	4.21148e-14
-1.2e-05	-2.8e-05	7.62557e-12
-1.2e-05	-2.4e-05	1.33211e-09
-1.2e-05	-2e-05	2.27279e-07
-1.2e-05	-1.6e-05	3.80967e-05
-1.2e-05	-1.2e-05	0.00629844
-1.2e-05	-8e-06	0.0931038
-1.2e-05	-4e-06	-0.157406
-1.2e-05	0	0.0167101
-1.2e-05	4e-06	0.209029
-1.2e-05	8e-06	-0.230569
-1.2e-05	1.2e-05	-0.00155883
-1.2e-05	1.6e-05	-1.05395e-05
-1.2e-05	2e-05	-7.1263e-08
-1.2e-05	2.4e-05	-4.81875e-10
-1.2e-05	2.8e-05	-3.25882e-12
-1.2e-05	3.2e-05	-2.20804e-14
-1.2e-05	3.6e-05	-1.19165e-16
-1.2e-05	4e-05	-2.054e-16
-1.2e-05	4.4e-05	-3.30335e-16
-1.2e-05	4.8e-05	-8.76733e-17
-1.2e-05	5.2e-05	7.26839e-17
-1.2e-05	5.6e-05	1.01835e-16
-1.2e-05	6e-05	-1.08213e-18
-1.2e-05	6.4e-05	-1.91962e-16
-1.2e-05	6.8e-05	1.53603e-16
-1.2e-05	7.2e-05	-1.88985e-16
-1.2e-05	7.6e-05	1.84083e-16
-8e-06	-8e-05	-1.09494e-16
-8e-06	-7.6e-05	2.49053e-16
-8e-06	-7.2e-05	-8.87661e-17
-8e-06	-6.8e-05	1.91521e-16
-8e-06	-6.4e-05	-2.861e-16
-8e-06	-6e-05	1.08938e-16
-8e-06	-5.6e-05	-2.79545e-16
-8e-06	-5.2e-05	-1.67264e-16
-8e-06	-4.8e-05	-2.20649e-16
-8e-06	-4.4e-05	-1.29058e-16
-8e-06	-4e-05	-3.06077e-16
-8e-06	-3.6e-05	-9.45389e-15
-8e-06	-3.2e-05	-1.34292e-12
-8e-06	-2.8e-05	-1.99959e-10
-8e-06	-2.4e-05	-2.97694e-08
-8e-06	-2e-05	-4.43188e-06
-8e-06	-1.6e-05	-0.000659773
-8e-06	-1.2e-05	-0.0982178
-8e-06	-8e-06	-0.00251866
-8e-06	-4e-06	0.152777
-8e-06	0	-0.0911282
-8e-06	4e-06	-0.1238
-8e-06	8e-06	0.185996
-8e-06	1.2e-05	0.00125528
-8e-06	1.6e-05	8.4719e-06
-8e-06	2e-05	5.71769e-08
-8e-06	2.4e-05	3.85887e-10
-8e-06	2.8e-05	2.60442e-12
-8e-06	3.2e-05	1.78677e-14
-8e-06	3.6e-05	2.10261e-16
-8e-06	4e-05	-3.0838e-16
-8e-06	4.4e-05	-1.5478e-16
-8e-06	4.8e-05	5.71368e-17
-8e-06	5.2e-05	-4.46552e-17
-8e-06	5.6e-05	-1.22919e-16
-8e-06	6e-05	-3.0681e-16
-8e-06	6.4e-05	-2.36803e-16
-8e-06	6.8e-05	-2.62e-16
-8e-06	7.2e-05	-9.38285e-17
-8e-06	7.6e-05	-2.36747e-16
-4e-06	-8e-05	-1.37685e-16
-4e-06	-7.6e-05	-2.53449e-16
-4e-06	-7.2e-05	-2.59574e-17
-4e-06	-6.8e-05	-2.81572e-16
-4e-06	-6.4e-05	-2.50141e-16
-4e-06	-6e-05	-3.27848e-16
-4e-06	-5.6e-05	-3.3952e-16
-4e-06	-5.2e-05	-1.65038e-16
-4e-06	-4.8e-05	-1.44788e-16
-4e-06	-4.4e-05	-2.74715e-17
-4e-06	-4e-05	-2.69077e-17
-4e-06	-3.6e-05	1.54484e-14
-4e-06	-3.2e-05	2.26353e-12
-4e-06	-2.8e-05	3.34892e-10
-4e-06	-2.4e-05	4.95491e-08
-4e-06	-2e-05	7.33112e-06
-4e-06	-1.6e-05	0.0010847
-4e-06	-1.2e-05	0.160491
-4e-06	-8e-06	-0.140579
-4e-06	-4e-06	-0.00833452
-4e-06	0	0.107242
-4e-06	4e-06	-0.0924081
-4e-06	8e-06	0.0370943
-4e-06	1.2e-05	0.000253445
-4e-06	1.6e-05	1.73147e-06
-4e-06	2e-05	1.18277e-08
-4e-06	2.4e-05	8.07875e-11
-4e-06	2.8e-05	5.51831e-13
-4e-06	3.2e-05	3.85701e-15
-4e-06	3.6e-05	1.2373e-17
-4e-06	4e-05	7.221e-18
-4e-06	4.4e-05	9.05851e-17
-4e-06	4.8e-05	2.17369e-16
-4e-06	5.2e-05	-6.86687e-17
-4e-06	5.6e-05	-2.83038e-17
-4e-06	6e-05	-7.97299e-17
-4e-06	6.4e-05	1.80693e-17
-4e-06	6.8e-05	-1.97529e-16
-4e-06	7.2e-05	-7.1712e-17
-4e-06	7.6e-05	-1.94337e-16
0	-8e-05	-1.09417e-16
0	-7.6e-05	-1.81444e-16
0	-7.2e-05	-1.01207e-16
0	-6.8e-05	-1.67184e-16
0	-6.4e-05	-1.46609e-16
0	-6e-05	-1.6555e-16
0	-5.6e-05	-8.87619e-17
0	-5.2e-05	-1.05817e-16
0	-4.8e-05	8.99834e-17
0	-4.4e-05	2.13415e-16
0	-4e-05	1.74915e-16
0	-3.6e-05	-3.80296e-15
0	-3.2e-05	-5.51549e-13
0	-2.8e-05	-8.07875e-11
0	-2.4e-05	-1.18277e-08
0	-2e-05	-1.73147e-06
0	-1.6e-05	-0.000253445
0	-1.2e-05	-0.0370943
0	-8e-06	0.0924081
0	-4e-06	-0.107242
0	0	0.00833452
0	4e-06	0.140579
0	8e-06	-0.160491
0	1.2e-05	-0.0010847
0	1.6e-05	-7.33112e-06
0	2e-05	-4.95491e-08
0	2.4e-05	-3.34892e-10
0	2.8e-05	-2.26355e-12
0	3.2e-05	-1.53826e-14
0	3.6e-05	-1.27481e-16
0	4e-05	-1.43232e-16
0	4.4e-05	1.42507e-16
0	4.8e-05	3.28975e-16
0	5.2e-05	1.98687e-16
0	5.6e-05	4.10853e-17
0	6e-05	6.13026e-17
0	6.4e-05	1.70302e-16
0	6.8e-05	1.31801e-16
0	7.2e-05	6.09398e-17
0	7.6e-05	1.09912e-16
4e-06	-8e-05	2.63076e-17
4e-06	-7.6e-05	8.88006e-17
4e-06	-7.2e-05	1.28919e-16
4e-06	-6.8e-05	1.75542e-16
4e-06	-6.4e-05	1.16534e-16
4e-06	-6e-05	8.72233e-17
4e-06	-5.6e-05	1.46367e-16
4e-06	-5.2e-05	1.87418e-16
4e-06	-4.8e-05	1.12823e-16
4e-06	-4.4e-05	1.38877e-16
4e-06	-4e-05	-1.0075e-16
4e-06	-3.6e-05	-1.75506e-14
4e-06	-3.2e-05	-2.60487e-12
4e-06	-2.8e-05	-3.85887e-10
4e-06	-2.4e-05	-5.71769e-08
4e-06	-2e-05	-8.4719e-06
4e-06	-1.6e-05	-0.00125528
4e-06	-1.2e-05	-0.185996
4e-06	-8e-06	0.1238
4e-06	-4e-06	0.0911282
4e-06	0	-0.152777
4e-06	4e-06	0.00251866
4e-06	8e-06	0.0982178
4e-06	1.2e-05	0.000659773
4e-06	1.6e-05	4.43188e-06
4e-06	2e-05	2.97694e-08
4e-06	2.4e-05	1.99958e-10
4e-06	2.8e-05	1.34307e-12
4e-06	3.2e-05	8.92411e-15
4e-06	3.6e-05	-1.55774e-16
4e-06	4e-05	2.41876e-16
4e-06	4.4e-05	1.31948e-16
4e-06	4.8e-05	4.02612e-16
4e-06	5.2e-05	-2.76269e-16
4e-06	5.6e-05	-5.80461e-17
4e-06	6e-05	-1.71743e-16
4e-06	6.4e-05	6.75943e-17
4e-06	6.8e-05	-1.85715e-18
4e-06	7.2e-05	1.20132e-16
4e-06	7.6e-05	1.71581e-17
8e-06	-8e-05	1.15816e-16
8e-06	-7.6e-05	1.3568e-17
8e-06	-7.2e-05	2.08864e-16
8e-06	-6.8e-05	2.33653e-16
8e-06	-6.4e-05	1.09879e-16
8e-06	-6e-05	-8.30152e-17
8e-06	-5.6e-05	-4.68204e-17
8e-06	-5.2e-05	-1.1499e-16
8e-06	-4.8e-05	3.65317e-17
8e-06	-4.4e-05	-1.88313e-16
8e-06	-4e-05	1.30239e-16
8e-06	-3.6e-05	2.17838e-14
8e-06	-3.2e-05	3.25861e-12
8e-06	-2.8e-05	4.81875e-10
8e-06	-2.4e-05	7.1263e-08
8e-06	-2e-05	1.05395e-05
8e-06	-1.6e-05	0.00155883
8e-06	-1.2e-05	0.230569
8e-06	-8e-06	-0.209029
8e-06	-4e-06	-0.0167101
8e-06	0	0.157406
8e-06	4e-06	-0.0931038
8e-06	8e-06	-0.00629844
8e-06	1.2e-05	-3.80967e-05
8e-06	1.6e-05	-2.27279e-07
8e-06	2e-05	-1.33211e-09
8e-06	2.4e-05	-7.62546e-12
8e-06	2.8e-05	-4.23998e-14
8e-06	3.2e-05	-2.446e-16
8e-06	3.6e-05	-7.39988e-17
8e-06	4e-05	1.66312e-16
8e-06	4.4e-05	9.46142e-17
8e-06	4.8e-05	-2.50778e-16
8e-06	5.2e-05	-2.70275e-17
8e-06	5.6e-05	-6.31594e-17
8e-06	6e-05	-7.74034e-17
8e-06	6.4e-05	-5.18962e-17
8e-06	6.8e-05	1.91499e-16
8e-06	7.2e-05	-1.6898e-16
8e-06	7.6e-05	1.56131e-16
1.2e-05	-8e-05	-2.06727e-16
1.2e-05	-7.6e-05	1.28694e-16
1.2e-05	-7.2e-05	-1.04859e-16
1.2e-05	-6.8e-05	1.26021e-16
1.2e-05	-6.4e-05	-1.78014e-16
1.2e-05	-6e-05	1.1156e-16
1.2e-05	-5.6e-05	-2.43727e-16
1.2e-05	-5.2e-05	1.1259e-16
1.2e-05	-4.8e-05	-1.5628e-16
1.2e-05	-4.4e-05	4.25628e-17
1.2e-05	-4e-05	1.38908e-17
1.2e-05	-3.6e-05	9.60525e-16
1.2e-05	-3.2e-05	1.34671e-13
1.2e-05	-2.8e-05	1.65383e-11
1.2e-05	-2.4e-05	1.95089e-09
1.2e-05	-2e-05	2.15716e-07
1.2e-05	-1.6e-05	2.11933e-05
1.2e-05	-1.2e-05	0.00155886
1.2e-05	-8e-06	-0.00141099
1.2e-05	-4e-06	-0.000116826
1.2e-05	0	0.00106548
1.2e-05	4e-06	-0.000625798
1.2e-05	8e-06	-4.73011e-05
1.2e-05	1.2e-05	-5.77333e-07
1.2e-05	1.6e-05	-5.43729e-09
1.2e-05	2e-05	-4.5726e-11
1.2e-05	2.4e-05	-3.6045e-13
1.2e-05	2.8e-05	-2.75462e-15
1.2e-05	3.2e-05	-2.11351e-16
1.2e-05	3.6e-05	2.03728e-16
1.2e-05	4e-05	9.83843e-18
1.2e-05	4.4e-05	5.39462e-17
1.2e-05	4.8e-05	-6.86089e-17
1.2e-05	5.2e-05	5.43553e-17
1.2e-05	5.6e-05	6.9307e-17
1.2e-05	6e-05	1.50323e-16
1.2e-05	6.4e-05	8.61062e-17
1.2e-05	6.8e-05	-8.35112e-17
1.2e-05	7.2e-05	1.20179e-16
1.2e-05	7.6e-05	-8.49964e-17
1.6e-05	-8e-05	9.37248e-17
1.6e-05	-7.6e-05	-8.521e-17
1.6e-05	-7.2e-05	1.49063e-16
1.6e-05	-6.8e-05	5.44847e-17
1.6e-05	-6.4e-05	2.02999e-16
1.6e-05	-6e-05	-1.5625e-17
1.6e-05	-5.6e-05	-6.83923e-17
1.6e-05	-5.2e-05	1.68595e-17
1.6e-05	-4.8e-05	-5.20701e-18
1.6e-05	-4.4e-05	5.68453e-17
1.6e-05	-4e-05	-2.80995e-16
1.6e-05	-3.6e-05	1.54651e-16
1.6e-05	-3.2e-05	2.95576e-15
1.6e-05	-2.8e-05	3.38018e-13
1.6e-05	-2.4e-05	3.31967e-11
1.6e-05	-2e-05	2.9325e-09
1.6e-05	-1.6e-05	2.15669e-07
1.6e-05	-1.2e-05	1.05325e-05
1.6e-05	-8e-06	-9.52519e-06
1.6e-05	-4e-06	-8.08749e-07
1.6e-05	0	7.20781e-06
1.6e-05	4e-06	-4.20825e-06
1.6e-05	8e-06	-3.48578e-07
1.6e-05	1.2e-05	-6.26182e-09
1.6e-05	1.6e-05	-7.90886e-11
1.6e-05	2e-05	-8.43691e-13
1.6e-05	2.4e-05	-7.99389e-15
1.6e-05	2.8e-05	-2.64895e-16
1.6e-05	3.2e-05	7.18014e-17
1.6e-05	3.6e-05	9.18123e-19
1.6e-05	4e-05	2.22657e-17
1.6e-05	4.4e-05	-2.16443e-16
1.6e-05	4.8e-05	-1.19875e-16
1.6e-05	5.2e-05	-1.09501e-16
1.6e-05	5.6e-05	1.54951e-16
1.6e-05	6e-05	-7.842e-18
1.6e-05	6.4e-05	2.91175e-17
1.6e-05	6.8e-05	-4.3888e-17
1.6e-05	7.2e-05	1.38183e-17
1.6e-05	7.6e-05	-4.07833e-17
2e-05	-8e-05	9.97015e-18
2e-05	-7.6e-05	-3.56454e-17
2e-05	-7.2e-05	6.84025e-17
2e-05	-6.8e-05	-7.66429e-17
2e-05	-6.4e-05	1.85005e-16
2e-05	-6e-05	-8.00147e-17
2e-05	-5.6e-05	-1.01242e-16
2e-05	-5.2e-05	-2.95272e-16
2e-05	-4.8e-05	5.08078e-17
2e-05	-4.4e-05	-8.58869e-17
2e-05	-4e-05	-9.57215e-17
2e-05	-3.6e-05	-3.51815e-16
2e-05	-3.2e-05	6.31645e-17
2e-05	-2.8e-05	5.10751e-15
2e-05	-2.4e-05	4.51221e-13
2e-05	-2e-05	3.31903e-11
2e-05	-1.6e-05	1.94991e-09
2e-05	-1.2e-05	7.11672e-08
2e-05	-8e-06	-6.43024e-08
2e-05	-4e-06	-5.59549e-09
2e-05	0	4.87601e-08
2e-05	4e-06	-2.82984e-08
2e-05	8e-06	-2.55139e-09
2e-05	1.2e-05	-5.96189e-11
2e-05	1.6e-05	-9.38061e-13
2e-05	2e-05	-1.16884e-14
2e-05	2.4e-05	-2.7442e-16
2e-05	2.8e-05	2.187e-16
2e-05	3.2e-05	-4.61906e-18
2e-05	3.6e-05	1.25756e-16
2e-05	4e-05	-2.22608e-16
2e-05	4.4e-05	-7.43631e-17
2e-05	4.8e-05	-2.59095e-16
2e-05	5.2e-05	1.18208e-17
2e-05	5.6e-05	-6.67502e-17
2e-05	6e-05	-6.05564e-17
2e-05	6.4e-05	-1.12202e-16
2e-05	6.8e-05	-1.11912e-16
2e-05	7.2e-05	-1.09343e-16
2e-05	7.6e-05	-8.29685e-17
2.4e-05	-8e-05	-9.18011e-17
2.4e-05	-7.6e-05	-5.24743e-17
2.4e-05	-7.2e-05	-1.3666e-16
2.4e-05	-6.8e-05	1.53221e-17
2.4e-05	-6.4e-05	-3.0779e-17
2.4e-05	-6e-05	-7.89878e-18
2.4e-05	-5.6e-05	-1.39251e-16
2.4e-05	-5.2e-05	-1.75699e-16
2.4e-05	-4.8e-05	-2.05355e-16
2.4e-05	-4.4e-05	1.435e-16
2.4e-05	-4e-05	1.00194e-16
2.4e-05	-3.6e-05	2.63749e-17
2.4e-05	-3.2e-05	-3.23025e-16
2.4e-05	-2.8e-05	2.74026e-16
2.4e-05	-2.4e-05	5.0251e-15
2.4e-05	-2e-05	3.38303e-13
2.4e-05	-1.6e-05	1.65247e-11
2.4e-05	-1.2e-05	4.80895e-10
2.4e-05	-8e-06	-4.34094e-10
2.4e-05	-4e-06	-3.86923e-11
2.4e-05	0	3.29859e-10
2.4e-05	4e-06	-1.90288e-10
2.4e-05	8e-06	-1.85669e-11
2.4e-05	1.2e-05	-5.28922e-13
2.4e-05	1.6e-05	-9.84296e-15
2.4e-05	2e-05	-1.07933e-16
2.4e-05	2.4e-05	2.00549e-16
2.4e-05	2.8e-05	-1.9356e-17
2.4e-05	3.2e-05	2.40539e-16
2.4e-05	3.6e-05	-2.92758e-16
2.4e-05	4e-05	1.09124e-16
2.4e-05	4.4e-05	-2.36004e-16
2.4e-05	4.8e-05	1.73955e-16
2.4e-05	5.2e-05	8.24482e-18
2.4e-05	5.6e-05	1.40018e-16
2.4e-05	6e-05	-1.05269e-16
2.4e-05	6.4e-05	4.19917e-17
2.4e-05	6.8e-05	-9.48241e-17
2.4e-05	7.2e-05	1.63577e-17
2.4e-05	7.6e-05	-3.64275e-17
2.8e-05	-8e-05	-3.73408e-17
2.8e-05	-7.6e-05	-1.77741e-17
2.8e-05	-7.2e-05	-1.17273e-16
2.8e-05	-6.8e-05	-1.25509e-16
2.8e-05	-6.4e-05	1.84648e-16
2.8e-05	-6e-05	-7.87179e-17
2.8e-05	-5.6e-05	4.14823e-17
2.8e-05	-5.2e-05	-2.7606e-16
2.8e-05	-4.8e-05	1.67226e-16
2.8e-05	-4.4e-05	-2.54096e-16
2.8e-05	-4e-05	3.3001e-16
2.8e-05	-3.6e-05	-2.26967e-17
2.8e-05	-3.2e-05	2.36348e-16
2.8e-05	-2.8e-05	-1.93561e-16
2.8e-05	-2.4e-05	2.64363e-16
2.8e-05	-2e-05	3.07639e-15
2.8e-05	-1.6e-05	1.3453e-13
2.8e-05	-1.2e-05	3.2498e-12
2.8e-05	-8e-06	-2.93057e-12
2.8e-05	-4e-06	-2.67232e-13
2.8e-05	0	2.23149e-12
2.8e-05	4e-06	-1.27949e-12
2.8e-05	8e-06	-1.34299e-13
2.8e-05	1.2e-05	-4.50592e-15
2.8e-05	1.6e-05	1.89075e-16
2.8e-05	2e-05	8.61087e-17
2.8e-05	2.4e-05	1.79741e-16
2.8e-05	2.8e-05	1.02659e-16
2.8e-05	3.2e-05	-2.12281e-16
2.8e-05	3.6e-05	9.63177e-17
2.8e-05	4e-05	-1.49844e-16
2.8e-05	4.4e-05	1.83015e-16
2.8e-05	4.8e-05	-9.91116e-17
2.8e-05	5.2e-05	1.93188e-16
2.8e-05	5.6e-05	-2.54848e-16
2.8e-05	6e-05	1.06552e-16
2.8e-05	6.4e-05	-2.22976e-16
2.8e-05	6.8e-05	1.15863e-16
2.8e-05	7.2e-05	-2.03178e-16
2.8e-05	7.6e-05	1.31877e-16
3.2e-05	-8e-05	-1.91142e-16
3.2e-05	-7.6e-05	1.5722e-16
3.2e-05	-7.2e-05	-2.33541e-16
3.2e-05	-6.8e-05	1.18681e-16
3.2e-05	-6.4e-05	-1.77241e-16
3.2e-05	-6e-05	4.80673e-16
3.2e-05	-5.6e-05	-8.55841e-17
3.2e-05	-5.2e-05	1.62421e-16
3.2e-05	-4.8e-05	-1.81263e-16
3.2e-05	-4.4e-05	1.74804e-16
3.2e-05	-4e-05	-3.11677e-16
3.2e-05	-3.6e-05	2.59018e-16
3.2e-05	-3.2e-05	5.33383e-17
3.2e-05	-2.8e-05	1.49062e-16
3.2e-05	-2.4e-05	2.57305e-16
3.2e-05	-2e-05	9.13257e-17
3.2e-05	-1.6e-05	1.4201e-15
3.2e-05	-1.2e-05	2.208e-14
3.2e-05	-8e-06	-1.9487e-14
3.2e-05	-4e-06	-1.78959e-15
3.2e-05	0	1.49927e-14
3.2e-05	4e-06	-8.76696e-15
3.2e-05	8e-06	-1.10154e-15
3.2e-05	1.2e-05	-5.35159e-17
3.2e-05	1.6e-05	1.62905e-16
3.2e-05	2e-05	1.38776e-16
3.2e-05	2.4e-05	1.60858e-17
3.2e-05	2.8e-05	1.40395e-16
3.2e-05	3.2e-05	4.28196e-18
3.2e-05	3.6e-05	1.3433e-16
3.2e-05	4e-05	1.6993e-16
3.2e-05	4.4e-05	1.22956e-16
3.2e-05	4.8e-05	2.87189e-16
3.2e-05	5.2e-05	-6.39619e-17
3.2e-05	5.6e-05	1.17701e-16
3.2e-05	6e-05	-1.77983e-16
3.2e-05	6.4e-05	1.73526e-16
3.2e-05	6.8e-05	-1.71557e-16
3.2e-05	7.2e-05	1.75211e-16
3.2e-05	7.6e-05	-2.38661e-16
3.6e-05	-8e-05	1.27801e-16
3.6e-05	-7.6e-05	-1.93347e-16
3.6e-05	-7.2e-05	1.41618e-16
3.6e-05	-6.8e-05	-2.75345e-16
3.6e-05	-6.4e-05	1.08456e-16
3.6e-05	-6e-05	-2.70508e-17
3.6e-05	-5.6e-05	3.96452e-16
3.6e-05	-5.2e-05	1.3629e-17
3.6e-05	-4.8e-05	7.91663e-17
3.6e-05	-4.4e-05	-1.96474e-16
3.6e-05	-4e-05	1.67633e-17
3.6e-05	-3.6e-05	9.7594e-18
3.6e-05	-3.2e-05	1.3853e-16
3.6e-05	-2.8e-05	2.21024e-16
3.6e-05	-2.4e-05	1.54814e-16
3.6e-05	-2e-05	1.54125e-16
3.6e-05	-1.6e-05	1.17791e-16
3.6e-05	-1.2e-05	2.16011e-16
3.6e-05	-8e-06	-6.9693e-17
3.6e-05	-4e-06	-1.77302e-16
3.6e-05	0	7.18916e-17
3.6e-05	4e-06	-2.34285e-16
3.6e-05	8e-06	-2.00641e-16
3.6e-05	1.2e-05	3.0448e-17
3.6e-05	1.6e-05	-9.06786e-17
3.6e-05	2e-05	-8.6631e-17
3.6e-05	2.4e-05	-1.16603e-16
3.6e-05	2.8e-05	-1.12302e-18
3.6e-05	3.2e-05	1.24131e-16
3.6e-05	3.6e-05	1.21677e-16
3.6e-05	4e-05	2.93191e-16
3.6e-05	4.4e-05	3.04904e-16
3.6e-05	4.8e-05	2.08817e-16
3.6e-05	5.2e-05	8.30489e-17
3.6e-05	5.6e-05	1.44797e-16
3.6e-05	6e-05	1.56401e-16
3.6e-05	6.4e-05	1.52673e-16
3.6e-05	6.8e-05	4.73643e-17
3.6e-05	7.2e-05	1.14756e-16
3.6e-05	7.6e-05	1.11302e-16
4e-05	-8e-05	1.61076e-16
4e-05	-7.6e-05	1.39848e-16
4e-05	-7.2e-05	1.01568e-17
4e-05	-6.8e-05	9.33136e-17
4e-05	-6.4e-05	8.24706e-17
4e-05	-6e-05	1.24097e-16
4e-05	-5.6e-05	1.6881e-16
4e-05	-5.2e-05	5.80931e-16
4e-05	-4.8e-05	6.11773e-16
4e-05	-4.4e-05	1.0334e-16
4e-05	-4e-05	2.4049e-16
4e-05	-3.6e-05	2.53229e-17
4e-05	-3.2e-05	9.31221e-17
4e-05	-2.8e-05	-5.41426e-17
4e-05	-2.4e-05	-2.25227e-17
4e-05	-2e-05	-2.05517e-17
4e-05	-1.6e-05	-4.08256e-16
4e-05	-1.2e-05	-2.35654e-16
4e-05	-8e-06	-2.09071e-17
4e-05	-4e-06	-9.22503e-17
4e-05	0	1.30685e-16
4e-05	4e-06	1.52834e-16
4e-05	8e-06	2.31127e-16
4e-05	1.2e-05	1.57919e-16
4e-05	1.6e-05	-7.76194e-17
4e-05	2e-05	-1.2948e-16
4e-05	2.4e-05	-9.4977e-17
4e-05	2.8e-05	-4.88688e-17
4e-05	3.2e-05	2.52482e-17
4e-05	3.6e-05	1.01861e-16
4e-05	4e-05	6.84858e-17
4e-05	4.4e-05	8.53781e-17
4e-05	4.8e-05	3.2875e-17
4e-05	5.2e-05	1.61007e-16
4e-05	5.6e-05	7.66852e-17
4e-05	6e-05	2.93433e-16
4e-05	6.4e-05	9.2627e-17
4e-05	6.8e-05	2.45684e-16
4e-05	7.2e-05	1.42587e-16
4e-05	7.6e-05	2.65049e-16
4.4e-05	-8e-05	1.32738e-16
4.4e-05	-7.6e-05	2.82841e-16
4.4e-05	-7.2e-05	1.65724e-16
4.4e-05	-6.8e-05	2.27933e-16
4.4e-05	-6.4e-05	1.21807e-16
4.4e-05	-6e-05	2.05289e-16
4.4e-05	-5.6e-05	8.79737e-17
4.4e-05	-5.2e-05	1.48987e-16
4.4e-05	-4.8e-05	4.95289e-16
4.4e-05	-4.4e-05	2.74263e-16
4.4e-05	-4e-05	8.7486e-17
4.4e-05	-3.6e-05	3.15791e-18
4.4e-05	-3.2e-05	-1.12698e-16
4.4e-05	-2.8e-05	-8.76242e-17
4.4e-05	-2.4e-05	-2.7196e-16
4.4e-05	-2e-05	-2.66301e-16
4.4e-05	-1.6e-05	-2.75621e-16
4.4e-05	-1.2e-05	-8.77007e-17
4.4e-05	-8e-06	-6.53954e-17
4.4e-05	-4e-06	2.6939e-16
4.4e-05	0	2.78996e-16
4.4e-05	4e-06	3.3711e-16
4.4e-05	8e-06	3.56861e-16
4.4e-05	1.2e-05	1.04147e-16
4.4e-05	1.6e-05	1.26651e-16
4.4e-05	2e-05	4.54729e-17
4.4e-05	2.4e-05	6.35577e-17
4.4e-05	2.8e-05	6.74846e-17
4.4e-05	3.2e-05	5.73277e-18
4.4e-05	3.6e-05	-8.71643e-17
4.4e-05	4e-05	-5.61403e-17
4.4e-05	4.4e-05	-1.05712e-16
4.4e-05	4.8e-05	-9.55173e-18
4.4e-05	5.2e-05	-6.18631e-17
4.4e-05	5.6e-05	8.41536e-17
4.4e-05	6e-05	-7.02665e-17
4.4e-05	6.4e-05	8.9086e-17
4.4e-05	6.8e-05	-3.90642e-17
4.4e-05	7.2e-05	1.09687e-16
4.4e-05	7.6e-05	-3.35982e-18
4.8e-05	-8e-05	1.21515e-16
4.8e-05	-7.6e-05	-7.5294e-18
4.8e-05	-7.2e-05	8.03738e-17
4.8e-05	-6.8e-05	3.01533e-17
4.8e-05	-6.4e-05	7.33627e-17
4.8e-05	-6e-05	-4.05729e-17
4.8e-05	-5.6e-05	1.16344e-17
4.8e-05	-5.2e-05	-1.32575e-16
4.8e-05	-4.8e-05	1.22373e-17
4.8e-05	-4.4e-05	1.27053e-17
4.8e-05	-4e-05	-1.21996e-16
4.8e-05	-3.6e-05	-3.53954e-17
4.8e-05	-3.2e-05	2.58262e-17
4.8e-05	-2.8e-05	-2.13442e-17
4.8e-05	-2.4e-05	9.32282e-17
4.8e-05	-2e-05	-1.78798e-18
4.8e-05	-1.6e-05	2.9873e-16
4.8e-05	-1.2e-05	1.53214e-16
4.8e-05	-8e-06	7.54317e-17
4.8e-05	-4e-06	1.59893e-16
4.8e-05	0	9.11085e-17
4.8e-05	4e-06	6.24026e-17
4.8e-05	8e-06	9.81731e-17
4.8e-05	1.2e-05	1.91449e-17
4.8e-05	1.6e-05	1.62502e-16
4.8e-05	2e-05	1.50807e-16
4.8e-05	2.4e-05	1.66379e-16
4.8e-05	2.8e-05	1.41146e-16
4.8e-05	3.2e-05	2.10932e-17
4.8e-05	3.6e-05	1.18015e-16
4.8e-05	4e-05	-5.80182e-17
4.8e-05	4.4e-05	3.55955e-17
4.8e-05	4.8e-05	-1.1073e-16
4.8e-05	5.2e-05	3.75217e-17
4.8e-05	5.6e-05	-1.47559e-16
4.8e-05	6e-05	-1.4672e-17
4.8e-05	6.4e-05	-1.85543e-16
4.8e-05	6.8e-05	1.21726e-17
4.8e-05	7.2e-05	-1.30244e-16
4.8e-05	7.6e-05	1.89031e-18
5.2e-05	-8e-05	-1.22637e-16
5.2e-05	-7.6e-05	-3.60954e-17
5.2e-05	-7.2e-05	-2.06256e-16
5.2e-05	-6.8e-05	2.29586e-19
5.2e-05	-6.4e-05	-1.66172e-16
5.2e-05	-6e-05	4.04474e-17
5.2e-05	-5.6e-05	-2.4802e-16
5.2e-05	-5.2e-05	-2.07088e-17
5.2e-05	-4.8e-05	-1.08614e-16
5.2e-05	-4.4e-05	-7.06289e-18
5.2e-05	-4e-05	-3.65247e-17
5.2e-05	-3.6e-05	7.52587e-17
5.2e-05	-3.2e-05	9.89984e-17
5.2e-05	-2.8e-05	2.54878e-16
5.2e-05	-2.4e-05	1.65747e-16
5.2e-05	-2e-05	2.57137e-16
5.2e-05	-1.6e-05	2.38108e-16
5.2e-05	-1.2e-05	1.72687e-16
5.2e-05	-8e-06	1.94161e-16
5.2e-05	-4e-06	-5.36453e-17
5.2e-05	0	-5.59634e-17
5.2e-05	4e-06	-2.09127e-16
5.2e-05	8e-06	-3.05421e-16
5.2e-05	1.2e-05	-2.48118e-17
5.2e-05	1.6e-05	-6.9398e-17
5.2e-05	2e-05	8.48437e-17
5.2e-05	2.4e-05	6.97726e-17
5.2e-05	2.8e-05	6.03156e-17
5.2e-05	3.2e-05	2.0016e-16
5.2e-05	3.6e-05	9.12446e-17
5.2e-05	4e-05	2.15522e-16
5.2e-05	4.4e-05	5.97447e-17
5.2e-05	4.8e-05	2.57691e-16
5.2e-05	5.2e-05	4.25531e-17
5.2e-05	5.6e-05	1.6973e-16
5.2e-05	6e-05	-3.64432e-17
5.2e-05	6.4e-05	9.41842e-17
5.2e-05	6.8e-05	-5.44364e-17
5.2e-05	7.2e-05	9.81608e-17
5.2e-05	7.6e-05	-9.26481e-17
5.6e-05	-8e-05	1.26714e-16
5.6e-05	-7.6e-05	-4.62006e-17
5.6e-05	-7.2e-05	1.22998e-16
5.6e-05	-6.8e-05	-1.05333e-16
5.6e-05	-6.4e-05	1.16807e-16
5.6e-05	-6e-05	-1.4423e-17
5.6e-05	-5.6e-05	1.74141e-16
5.6e-05	-5.2e-05	1.12186e-17
5.6e-05	-4.8e-05	2.76198e-16
5.6e-05	-4.4e-05	5.67909e-17
5.6e-05	-4e-05	1.88077e-16
5.6e-05	-3.6e-05	1.21082e-16
5.6e-05	-3.2e-05	2.07641e-16
5.6e-05	-2.8e-05	1.64559e-16
5.6e-05	-2.4e-05	1.26011e-16
5.6e-05	-2e-05	3.21618e-16
5.6e-05	-1.6e-05	1.84876e-18
5.6e-05	-1.2e-05	1.23033e-16
5.6e-05	-8e-06	1.50148e-17
5.6e-05	-4e-06	-1.18019e-16
5.6e-05	0	-1.40903e-16
5.6e-05	4e-06	-2.08674e-16
5.6e-05	8e-06	-2.12668e-16
5.6e-05	1.2e-05	-8.00419e-17
5.6e-05	1.6e-05	-1.45412e-16
5.6e-05	2e-05	-2.89836e-17
5.6e-05	2.4e-05	-4.76692e-17
5.6e-05	2.8e-05	7.61844e-17
5.6e-05	3.2e-05	1.84899e-17
5.6e-05	3.6e-05	1.16563e-16
5.6e-05	4e-05	3.74788e-17
5.6e-05	4.4e-05	1.91302e-16
5.6e-05	4.8e-05	1.13625e-16
5.6e-05	5.2e-05	1.93553e-16
5.6e-05	5.6e-05	7.89242e-17
5.6e-05	6e-05	1.84401e-16
5.6e-05	6.4e-05	8.0466e-17
5.6e-05	6.8e-05	2.09858e-16
5.6e-05	7.2e-05	7.84646e-17
5.6e-05	7.6e-05	2.06273e-16
6e-05	-8e-05	3.02595e-17
6e-05	-7.6e-05	2.14761e-16
6e-05	-7.2e-05	8.18757e-17
6e-05	-6.8e-05	2.72931e-16
6e-05	-6.4e-05	8.99349e-17
6e-05	-6e-05	2.13235e-16
6e-05	-5.6e-05	7.54374e-17
6e-05	-5.2e-05	2.27443e-16
6e-05	-4.8e-05	8.27246e-17
6e-05	-4.4e-05	2.17145e-16
6e-05	-4e-05	1.12885e-16
6e-05	-3.6e-05	1.14991e-16
6e-05	-3.2e-05	6.60156e-17
6e-05	-2.8e-05	9.60215e-17
6e-05	-2.4e-05	1.20839e-17
6e-05	-2e-05	2.84212e-17
6e-05	-1.6e-05	-1.60984e-16
6e-05	-1.2e-05	-2.85832e-17
6e-05	-8e-06	-1.81108e-16
6e-05	-4e-06	-2.77374e-17
6e-05	0	-1.0236e-17
6e-05	4e-06	-6.62299e-17
6e-05	8e-06	-2.74094e-18
6e-05	1.2e-05	-1.04603e-16
6e-05	1.6e-05	7.65348e-17
6e-05	2e-05	-1.23568e-16
6e-05	2.4e-05	4.79637e-17
6e-05	2.8e-05	-1.44072e-16
6e-05	3.2e-05	6.25696e-17
6e-05	3.6e-05	-5.1083e-17
6e-05	4e-05	8.07062e-17
6e-05	4.4e-05	-1.97805e-17
6e-05	4.8e-05	8.32743e-17
6e-05	5.2e-05	3.29269e-17
6e-05	5.6e-05	1.56246e-16
6e-05	6e-05	1.14115e-16
6e-05	6.4e-05	1.44282e-16
6e-05	6.8e-05	8.13949e-17
6e-05	7.2e-05	1.61088e-16
6e-05	7.6e-05	9.25656e-17
6.4e-05	-8e-05	1.6183e-16
6.4e-05	-7.6e-05	1.0133e-16
6.4e-05	-7.2e-05	1.69319e-16
6.4e-05	-6.8e-05	8.95857e-17
6.4e-05	-6.4e-05	1.6214e-16
6.4e-05	-6e-05	8.92646e-17
6.4e-05	-5.6e-05	1.37279e-16
6.4e-05	-5.2e-05	8.84043e-17
6.4e-05	-4.8e-05	7.61501e-17
6.4e-05	-4.4e-05	2.56835e-17
6.4e-05	-4e-05	8.29053e-17
6.4e-05	-3.6e-05	-7.99508e-17
6.4e-05	-3.2e-05	1.39929e-17
6.4e-05	-2.8e-05	-1.696e-16
6.4e-05	-2.4e-05	1.58092e-17
6.4e-05	-2e-05	-1.43237e-16
6.4e-05	-1.6e-05	-1.2616e-17
6.4e-05	-1.2e-05	-1.74411e-16
6.4e-05	-8e-06	6.15154e-17
6.4e-05	-4e-06	-6.61969e-17
6.4e-05	0	6.3224e-17
6.4e-05	4e-06	1.03889e-17
6.4e-05	8e-06	-6.65458e-18
6.4e-05	1.2e-05	2.07772e-17
6.4e-05	1.6e-05	-7.66914e-17
6.4e-05	2e-05	7.73566e-17
6.4e-05	2.4e-05	-1.74356e-16
6.4e-05	2.8e-05	-7.17698e-17
6.4e-05	3.2e-05	-1.61124e-16
6.4e-05	3.6e-05	1.62713e-17
6.4e-05	4e-05	-8.86841e-17
6.4e-05	4.4e-05	2.45346e-17
6.4e-05	4.8e-05	-1.28258e-16
6.4e-05	5.2e-05	2.77168e-17
6.4e-05	5.6e-05	-5.84851e-17
6.4e-05	6e-05	3.13237e-17
6.4e-05	6.4e-05	-4.18642e-17
6.4e-05	6.8e-05	9.58975e-17
6.4e-05	7.2e-05	-2.80573e-17
6.4e-05	7.6e-05	7.70107e-17
6.8e-05	-8e-05	-1.26308e-17
6.8e-05	-7.6e-05	3.67839e-17
6.8e-05	-7.2e-05	-2.67648e-17
6.8e-05	-6.8e-05	5.06598e-17
6.8e-05	-6.4e-05	-5.03191e-17
6.8e-05	-6e-05	8.74321e-17
6.8e-05	-5.6e-05	-9.45522e-17
6.8e-05	-5.2e-05	4.60233e-17
6.8e-05	-4.8e-05	-1.26491e-16
6.8e-05	-4.4e-05	-1.14704e-18
6.8e-05	-4e-05	-1.35309e-16
6.8e-05	-3.6e-05	-3.87779e-17
6.8e-05	-3.2e-05	-2.23324e-16
6.8e-05	-2.8e-05	9.01157e-17
6.8e-05	-2.4e-05	-2.03077e-16
6.8e-05	-2e-05	2.02072e-17
6.8e-05	-1.6e-05	-1.48272e-16
6.8e-05	-1.2e-05	5.72104e-17
6.8e-05	-8e-06	-5.72682e-17
6.8e-05	-4e-06	8.07674e-17
6.8e-05	0	1.58279e-17
6.8e-05	4e-06	1.59623e-17
6.8e-05	8e-06	3.54665e-17
6.8e-05	1.2e-05	-2.81111e-17
6.8e-05	1.6e-05	5.62839e-17
6.8e-05	2e-05	-8.3101e-17
6.8e-05	2.4e-05	5.27054e-17
6.8e-05	2.8e-05	-6.37747e-17
6.8e-05	3.2e-05	-1.28209e-17
6.8e-05	3.6e-05	-1.67623e-16
6.8e-05	4e-05	1.49564e-18
6.8e-05	4.4e-05	-2.17823e-16
6.8e-05	4.8e-05	-2.65948e-17
6.8e-05	5.2e-05	-1.56695e-16
6.8e-05	5.6e-05	-3.37558e-17
6.8e-05	6e-05	-7.6026e-17
6.8e-05	6.4e-05	2.80121e-18
6.8e-05	6.8e-05	-1.47554e-16
6.8e-05	7.2e-05	7.64288e-18
6.8e-05	7.6e-05	-1.51483e-16
7.2e-05	-8e-05	-4.30851e-17
7.2e-05	-7.6e-05	-1.44219e-16
7.2e-05	-7.2e-05	2.97285e-17
7.2e-05	-6.8e-05	-1.01621e-16
7.2e-05	-6.4e-05	4.83267e-17
7.2e-05	-6e-05	-1.18719e-16
7.2e-05	-5.6e-05	5.37538e-17
7.2e-05	-5.2e-05	-1.77329e-16
7.2e-05	-4.8e-05	-3.11088e-17
7.2e-05	-4.4e-05	-1.58342e-16
7.2e-05	-4e-05	1.63875e-17
7.2e-05	-3.6e-05	-1.47263e-16
7.2e-05	-3.2e-05	6.28863e-17
7.2e-05	-2.8e-05	-1.48709e-16
7.2e-05	-2.4e-05	-8.27636e-18
7.2e-05	-2e-05	-1.01972e-16
7.2e-05	-1.6e-05	6.61917e-17
7.2e-05	-1.2e-05	-2.23595e-17
7.2e-05	-8e-06	3.78949e-17
7.2e-05	-4e-06	1.31377e-17
7.2e-05	0	1.83809e-17
7.2e-05	4e-06	1.7119e-17
7.2e-05	8e-06	2.33364e-18
7.2e-05	1.2e-05	1.62411e-17
7.2e-05	1.6e-05	-4.32184e-18
7.2e-05	2e-05	3.95593e-17
7.2e-05	2.4e-05	-4.56025e-17
7.2e-05	2.8e-05	6.9401e-17
7.2e-05	3.2e-05	-6.77067e-17
7.2e-05	3.6e-05	2.47912e-17
7.2e-05	4e-05	-8.24621e-17
7.2e-05	4.4e-05	1.43374e-16
7.2e-05	4.8e-05	-3.94483e-17
7.2e-05	5.2e-05	3.72288e-17
7.2e-05	5.6e-05	-1.6896e-16
7.2e-05	6e-05	1.98894e-17
7.2e-05	6.4e-05	-1.59605e-16
7.2e-05	6.8e-05	4.02975e-17
7.2e-05	7.2e-05	-1.33028e-16
7.2e-05	7.6e-05	1.70754e-17
7.6e-05	-8e-05	-9.18321e-17
7.6e-05	-7.6e-05	1.13335e-17
7.6e-05	-7.2e-05	-1.0806e-16
7.6e-05	-6.8e-05	1.37011e-17
7.6e-05	-6.4e-05	-9.53302e-17
7.6e-05	-6e-05	2.61626e-18
7.6e-05	-5.6e-05	-1.32169e-16
7.6e-05	-5.2e-05	2.61497e-17
7.6e-05	-4.8e-05	-1.13713e-16
7.6e-05	-4.4e-05	1.91773e-17
7.6e-05	-4e-05	-1.09127e-16
7.6e-05	-3.6e-05	6.38946e-18
7.6e-05	-3.2e-05	-6.52547e-17
7.6e-05	-2.8e-05	3.59708e-17
7.6e-05	-2.4e-05	-2.92217e-17
7.6e-05	-2e-05	-1.55051e-17
7.6e-05	-1.6e-05	1.0253e-17
7.6e-05	-1.2e-05	2.0172e-17
7.6e-05	-8e-06	1.70786e-17
7.6e-05	-4e-06	-2.35876e-18
7.6e-05	0	9.37213e-18
7.6e-05	4e-06	1.71813e-18
7.6e-05	8e-06	1.0624e-18
7.6e-05	1.2e-05	2.23659e-18
7.6e-05	1.6e-05	1.32409e-17
7.6e-05	2e-05	4.47607e-18
7.6e-05	2.4e-05	2.04933e-17
7.6e-05	2.8e-05	-1.84581e-17
7.6e-05	3.2e-05	2.02167e-17
7.6e-05	3.6e-05	-3.4704e-17
7.6e-05	4e-05	2.79565e-17
7.6e-05	4.4e-05	-1.79172e-17
7.6e-05	4.8e-05	3.45413e-17
7.6e-05	5.2e-05	-7.34844e-17
7.6e-05	5.6e-05	2.44974e-17
7.6e-05	6e-05	-6.7363e-17
7.6e-05	6.4e-05	1.38266e-17
7.6e-05	6.8e-05	-8.97606e-17
7.6e-05	7.2e-05	1.27961e-17
7.6e-05	7.6e-05	-8.65086e-17
