-8e-05	-8e-05	1.48658e-15
-8e-05	-7.6e-05	5.77854e-19
-8e-05	-7.2e-05	1.73947e-16
-8e-05	-6.8e-05	1.0677e-16
-8e-05	-6.4e-05	3.49914e-16
-8e-05	-6e-05	4.49217e-16
-8e-05	-5.6e-05	-3.2278e-17
-8e-05	-5.2e-05	1.07988e-16
-8e-05	-4.8e-05	-6.95041e-17
-8e-05	-4.4e-05	3.83633e-17
-8e-05	-4e-05	2.0148e-16
-8e-05	-3.6e-05	8.53057e-17
-8e-05	-3.2e-05	-2.63506e-17
-8e-05	-2.8e-05	8.51274e-17
-8e-05	-2.4e-05	-7.23486e-17
-8e-05	-2e-05	-4.47591e-16
-8e-05	-1.6e-05	-1.29235e-16
-8e-05	-1.2e-05	-2.07916e-16
-8e-05	-8e-06	2.27229e-17
-8e-05	-4e-06	2.90867e-16
-8e-05	0	4.30764e-16
-8e-05	4e-06	1.08596e-16
-8e-05	8e-06	-3.69857e-17
-8e-05	1.2e-05	3.37538e-17
-8e-05	1.6e-05	-3.48713e-16
-8e-05	2e-05	-2.18881e-17
-8e-05	2.4e-05	-2.41555e-16
-8e-05	2.8e-05	2.08611e-16
-8e-05	3.2e-05	-1.7489e-17
-8e-05	3.6e-05	2.49624e-17
-8e-05	4e-05	1.46945e-16
-8e-05	4.4e-05	-1.5355e-16
-8e-05	4.8e-05	-1.64745e-16
-8e-05	5.2e-05	-1.08978e-16
-8e-05	5.6e-05	-1.57501e-16
-8e-05	6e-05	1.41479e-15
-8e-05	6.4e-05	-1.22011e-17
-8e-05	6.8e-05	-4.46935e-16
-8e-05	7.2e-05	5.4803e-17
-8e-05	7.6e-05	-4.42689e-16
-7.6e-05	-8e-05	-8.71767e-18
-7.6e-05	-7.6e-05	5.16714e-16
-7.6e-05	-7.2e-05	3.8878e-16
-7.6e-05	-6.8e-05	-7.62174e-16
-7.6e-05	-6.4e-05	-2.70301e-16
-7.6e-05	-6e-05	1.20851e-15
-7.6e-05	-5.6e-05	7.37043e-16
-7.6e-05	-5.2e-05	-1.90485e-15
-7.6e-05	-4.8e-05	3.38077e-16
-7.6e-05	-4.4e-05	-9.63901e-16
-7.6e-05	-4e-05	-1.24238e-16
-7.6e-05	-3.6e-05	-7.93905e-16
-7.6e-05	-3.2e-05	2.08234e-16
-7.6e-05	-2.8e-05	2.2844e-15
-7.6e-05	-2.4e-05	-2.98937e-17
-7.6e-05	-2e-05	6.10909e-16
-7.6e-05	-1.6e-05	-7.61552e-17
-7.6e-05	-1.2e-05	4.7103e-16
-7.6e-05	-8e-06	-2.20785e-16
-7.6e-05	-4e-06	-3.32693e-16
-7.6e-05	0	7.28855e-16
-7.6e-05	4e-06	-2.29496e-16
-7.6e-05	8e-06	6.829e-16
-7.6e-05	1.2e-05	-6.66853e-16
-7.6e-05	1.6e-05	1.55782e-15
-7.6e-05	2e-05	-1.51862e-16
-7.6e-05	2.4e-05	3.39862e-15
-7.6e-05	2.8e-05	7.175e-17
-7.6e-05	3.2e-05	6.53414e-16
-7.6e-05	3.6e-05	9.32331e-16
-7.6e-05	4e-05	9.23639e-16
-7.6e-05	4.4e-05	8.88538e-16
-7.6e-05	4.8e-05	-2.25617e-15
-7.6e-05	5.2e-05	-1.45268e-16
-7.6e-05	5.6e-05	1.69719e-15
-7.6e-05	6e-05	1.18514e-16
-7.6e-05	6.4e-05	-1.16685e-15
-7.6e-05	6.8e-05	1.15178e-16
-7.6e-05	7.2e-05	-4.39565e-16
-7.6e-05	7.6e-05	6.25342e-16
-7.2e-05	-8e-05	-4.49536e-16
-7.2e-05	-7.6e-05	4.03406e-16
-7.2e-05	-7.2e-05	-3.67862e-16
-7.2e-05	-6.8e-05	-2.17967e-16
-7.2e-05	-6.4e-05	1.86706e-16
-7.2e-05	-6e-05	-8.06998e-18
-7.2e-05	-5.6e-05	4.93201e-16
-7.2e-05	-5.2e-05	6.53669e-17
-7.2e-05	-4.8e-05	-2.03601e-16
-7.2e-05	-4.4e-05	2.26611e-17
-7.2e-05	-4e-05	3.47756e-16
-7.2e-05	-3.6e-05	6.23161e-15
-7.2e-05	-3.2e-05	2.88105e-15
-7.2e-05	-2.8e-05	1.43482e-15
-7.2e-05	-2.4e-05	-9.67226e-15
-7.2e-05	-2e-05	5.83103e-16
-7.2e-05	-1.6e-05	1.56959e-15
-7.2e-05	-1.2e-05	-1.70994e-16
-7.2e-05	-8e-06	1.2351e-16
-7.2e-05	-4e-06	1.97045e-16
-7.2e-05	0	4.83543e-17
-7.2e-05	4e-06	-3.08235e-16
-7.2e-05	8e-06	1.42033e-16
-7.2e-05	1.2e-05	1.52744e-16
-7.2e-05	1.6e-05	2.80743e-17
-7.2e-05	2e-05	1.88151e-16
-7.2e-05	2.4e-05	1.51379e-16
-7.2e-05	2.8e-05	2.17635e-16
-7.2e-05	3.2e-05	1.0715e-16
-7.2e-05	3.6e-05	5.6508e-17
-7.2e-05	4e-05	-5.19867e-17
-7.2e-05	4.4e-05	2.70945e-16
-7.2e-05	4.8e-05	2.22931e-16
-7.2e-05	5.2e-05	1.0218e-16
-7.2e-05	5.6e-05	-1.65629e-18
-7.2e-05	6e-05	7.38401e-17
-7.2e-05	6.4e-05	1.78814e-16
-7.2e-05	6.8e-05	2.09967e-16
-7.2e-05	7.2e-05	7.44948e-17
-7.2e-05	7.6e-05	9.34872e-17
-6.8e-05	-8e-05	1.61195e-16
-6.8e-05	-7.6e-05	6.15995e-18
-6.8e-05	-7.2e-05	1.08869e-16
-6.8e-05	-6.8e-05	3.99985e-16
-6.8e-05	-6.4e-05	2.65612e-16
-6.8e-05	-6e-05	-1.03494e-17
-6.8e-05	-5.6e-05	-3.98121e-17
-6.8e-05	-5.2e-05	2.84995e-16
-6.8e-05	-4.8e-05	5.68774e-16
-6.8e-05	-4.4e-05	-1.16282e-16
-6.8e-05	-4e-05	-1.33405e-16
-6.8e-05	-3.6e-05	-2.38238e-17
-6.8e-05	-3.2e-05	8.40315e-17
-6.8e-05	-2.8e-05	1.31993e-16
-6.8e-05	-2.4e-05	4.89357e-17
-6.8e-05	-2e-05	1.86414e-16
-6.8e-05	-1.6e-05	6.57232e-17
-6.8e-05	-1.2e-05	1.73939e-16
-6.8e-05	-8e-06	9.56101e-17
-6.8e-05	-4e-06	1.47763e-16
-6.8e-05	0	-2.69856e-18
-6.8e-05	4e-06	2.63998e-17
-6.8e-05	8e-06	5.71393e-17
-6.8e-05	1.2e-05	1.61834e-16
-6.8e-05	1.6e-05	4.2018e-17
-6.8e-05	2e-05	2.29068e-16
-6.8e-05	2.4e-05	2.4637e-16
-6.8e-05	2.8e-05	1.53726e-16
-6.8e-05	3.2e-05	2.31924e-16
-6.8e-05	3.6e-05	1.92932e-16
-6.8e-05	4e-05	7.30959e-17
-6.8e-05	4.4e-05	-9.23653e-17
-6.8e-05	4.8e-05	-6.29761e-17
-6.8e-05	5.2e-05	4.19524e-16
-6.8e-05	5.6e-05	3.11878e-16
-6.8e-05	6e-05	2.31275e-16
-6.8e-05	6.4e-05	-7.69926e-17
-6.8e-05	6.8e-05	4.19193e-16
-6.8e-05	7.2e-05	2.47807e-16
-6.8e-05	7.6e-05	2.28432e-16
-6.4e-05	-8e-05	1.90619e-17
-6.4e-05	-7.6e-05	3.1385e-16
-6.4e-05	-7.2e-05	-4.54972e-17
-6.4e-05	-6.8e-05	5.99265e-16
-6.4e-05	-6.4e-05	-1.56193e-16
-6.4e-05	-6e-05	7.64069e-16
-6.4e-05	-5.6e-05	5.88631e-16
-6.4e-05	-5.2e-05	6.54567e-16
-6.4e-05	-4.8e-05	-1.97523e-16
-6.4e-05	-4.4e-05	-2.68238e-16
-6.4e-05	-4e-05	1.37443e-16
-6.4e-05	-3.6e-05	-1.78236e-16
-6.4e-05	-3.2e-05	-8.19022e-17
-6.4e-05	-2.8e-05	2.55443e-16
-6.4e-05	-2.4e-05	2.5435e-16
-6.4e-05	-2e-05	1.2354e-16
-6.4e-05	-1.6e-05	1.35715e-16
-6.4e-05	-1.2e-05	1.14644e-17
-6.4e-05	-8e-06	6.65388e-17
-6.4e-05	-4e-06	1.253e-16
-6.4e-05	0	6.96479e-18
-6.4e-05	4e-06	-1.14547e-16
-6.4e-05	8e-06	1.55006e-16
-6.4e-05	1.2e-05	5.16718e-18
-6.4e-05	1.6e-05	9.90595e-17
-6.4e-05	2e-05	1.03403e-16
-6.4e-05	2.4e-05	1.19633e-16
-6.4e-05	2.8e-05	1.2564e-16
-6.4e-05	3.2e-05	2.30372e-16
-6.4e-05	3.6e-05	6.76932e-17
-6.4e-05	4e-05	2.06522e-16
-6.4e-05	4.4e-05	-1.46552e-17
-6.4e-05	4.8e-05	-5.80483e-17
-6.4e-05	5.2e-05	-1.88994e-16
-6.4e-05	5.6e-05	-6.78853e-17
-6.4e-05	6e-05	3.29428e-16
-6.4e-05	6.4e-05	1.26694e-16
-6.4e-05	6.8e-05	2.45573e-16
-6.4e-05	7.2e-05	5.31894e-16
-6.4e-05	7.6e-05	1.71744e-16
-6e-05	-8e-05	7.43801e-16
-6e-05	-7.6e-05	1.59552e-16
-6e-05	-7.2e-05	7.41755e-16
-6e-05	-6.8e-05	3.44021e-16
-6e-05	-6.4e-05	4.21053e-16
-6e-05	-6e-05	8.91953e-16
-6e-05	-5.6e-05	-3.36868e-16
-6e-05	-5.2e-05	-3.63044e-16
-6e-05	-4.8e-05	2.63479e-16
-6e-05	-4.4e-05	1.1325e-16
-6e-05	-4e-05	-1.82876e-16
-6e-05	-3.6e-05	-1.51915e-16
-6e-05	-3.2e-05	1.05045e-16
-6e-05	-2.8e-05	2.74965e-16
-6e-05	-2.4e-05	5.12489e-17
-6e-05	-2e-05	1.67885e-16
-6e-05	-1.6e-05	4.58286e-17
-6e-05	-1.2e-05	9.58873e-17
-6e-05	-8e-06	2.75171e-16
-6e-05	-4e-06	1.34997e-16
-6e-05	0	-1.04591e-16
-6e-05	4e-06	-7.08622e-17
-6e-05	8e-06	6.6513e-17
-6e-05	1.2e-05	1.1425e-16
-6e-05	1.6e-05	3.0449e-17
-6e-05	2e-05	1.30822e-16
-6e-05	2.4e-05	4.47113e-17
-6e-05	2.8e-05	2.46596e-16
-6e-05	3.2e-05	1.07971e-16
-6e-05	3.6e-05	-4.66694e-17
-6e-05	4e-05	1.1793e-18
-6e-05	4.4e-05	1.60965e-16
-6e-05	4.8e-05	-1.34655e-16
-6e-05	5.2e-05	2.70651e-16
-6e-05	5.6e-05	-2.40488e-16
-6e-05	6e-05	1.05795e-16
-6e-05	6.4e-05	6.89135e-17
-6e-05	6.8e-05	-8.84783e-17
-6e-05	7.2e-05	4.12407e-16
-6e-05	7.6e-05	6.79479e-17
-5.6e-05	-8e-05	5.18516e-16
-5.6e-05	-7.6e-05	-3.04473e-17
-5.6e-05	-7.2e-05	5.60121e-16
-5.6e-05	-6.8e-05	-9.53014e-17
-5.6e-05	-6.4e-05	4.3317e-16
-5.6e-05	-6e-05	3.81533e-17
-5.6e-05	-5.6e-05	-5.54753e-16
-5.6e-05	-5.2e-05	1.09851e-15
-5.6e-05	-4.8e-05	1.24977e-16
-5.6e-05	-4.4e-05	-6.80649e-16
-5.6e-05	-4e-05	8.19074e-17
-5.6e-05	-3.6e-05	4.3698e-18
-5.6e-05	-3.2e-05	1.30908e-16
-5.6e-05	-2.8e-05	2.45245e-16
-5.6e-05	-2.4e-05	2.23993e-16
-5.6e-05	-2e-05	1.07466e-16
-5.6e-05	-1.6e-05	2.10082e-16
-5.6e-05	-1.2e-05	5.88134e-17
-5.6e-05	-8e-06	1.13236e-16
-5.6e-05	-4e-06	-1.37462e-17
-5.6e-05	0	-4.29326e-17
-5.6e-05	4e-06	-1.86086e-17
-5.6e-05	8e-06	1.31693e-16
-5.6e-05	1.2e-05	4.00366e-18
-5.6e-05	1.6e-05	4.55805e-18
-5.6e-05	2e-05	1.71795e-16
-5.6e-05	2.4e-05	-3.95425e-18
-5.6e-05	2.8e-05	6.86358e-17
-5.6e-05	3.2e-05	5.38585e-16
-5.6e-05	3.6e-05	-1.30356e-16
-5.6e-05	4e-05	-4.45309e-19
-5.6e-05	4.4e-05	1.77003e-16
-5.6e-05	4.8e-05	-4.23719e-16
-5.6e-05	5.2e-05	1.62308e-16
-5.6e-05	5.6e-05	2.25548e-16
-5.6e-05	6e-05	-2.31709e-16
-5.6e-05	6.4e-05	5.44557e-16
-5.6e-05	6.8e-05	-7.03234e-17
-5.6e-05	7.2e-05	3.10775e-16
-5.6e-05	7.6e-05	5.06807e-17
-5.2e-05	-8e-05	4.77645e-16
-5.2e-05	-7.6e-05	8.8569e-17
-5.2e-05	-7.2e-05	7.1087e-16
-5.2e-05	-6.8e-05	-6.76439e-17
-5.2e-05	-6.4e-05	9.25449e-16
-5.2e-05	-6e-05	-3.90296e-16
-5.2e-05	-5.6e-05	7.59455e-16
-5.2e-05	-5.2e-05	7.97035e-17
-5.2e-05	-4.8e-05	-1.39968e-15
-5.2e-05	-4.4e-05	1.91788e-16
-5.2e-05	-4e-05	2.18069e-16
-5.2e-05	-3.6e-05	-1.6256e-16
-5.2e-05	-3.2e-05	4.56178e-16
-5.2e-05	-2.8e-05	3.7467e-16
-5.2e-05	-2.4e-05	-1.11195e-16
-5.2e-05	-2e-05	1.75527e-16
-5.2e-05	-1.6e-05	-7.30835e-17
-5.2e-05	-1.2e-05	1.23353e-16
-5.2e-05	-8e-06	1.58506e-16
-5.2e-05	-4e-06	3.49324e-16
-5.2e-05	0	-2.61029e-16
-5.2e-05	4e-06	4.7902e-17
-5.2e-05	8e-06	9.78835e-17
-5.2e-05	1.2e-05	3.65095e-17
-5.2e-05	1.6e-05	1.13078e-16
-5.2e-05	2e-05	1.52834e-16
-5.2e-05	2.4e-05	1.56786e-16
-5.2e-05	2.8e-05	-1.11044e-16
-5.2e-05	3.2e-05	8.23507e-17
-5.2e-05	3.6e-05	4.50782e-16
-5.2e-05	4e-05	-1.89204e-16
-5.2e-05	4.4e-05	3.61761e-16
-5.2e-05	4.8e-05	2.46444e-16
-5.2e-05	5.2e-05	-3.51248e-16
-5.2e-05	5.6e-05	1.16536e-16
-5.2e-05	6e-05	-2.41744e-16
-5.2e-05	6.4e-05	-2.87526e-16
-5.2e-05	6.8e-05	1.30664e-16
-5.2e-05	7.2e-05	-3.041e-16
-5.2e-05	7.6e-05	1.71877e-16
-4.8e-05	-8e-05	-3.86067e-16
-4.8e-05	-7.6e-05	2.53422e-16
-4.8e-05	-7.2e-05	-4.15794e-16
-4.8e-05	-6.8e-05	4.00618e-16
-4.8e-05	-6.4e-05	-3.80556e-16
-4.8e-05	-6e-05	-2.44461e-16
-4.8e-05	-5.6e-05	4.54359e-17
-4.8e-05	-5.2e-05	-1.2631e-15
-4.8e-05	-4.8e-05	1.53753e-16
-4.8e-05	-4.4e-05	7.58691e-16
-4.8e-05	-4e-05	-1.59537e-16
-4.8e-05	-3.6e-05	9.29158e-17
-4.8e-05	-3.2e-05	5.62805e-16
-4.8e-05	-2.8e-05	-1.16604e-16
-4.8e-05	-2.4e-05	6.08711e-17
-4.8e-05	-2e-05	-2.438e-17
-4.8e-05	-1.6e-05	2.31157e-16
-4.8e-05	-1.2e-05	1.06534e-16
-4.8e-05	-8e-06	1.46872e-16
-4.8e-05	-4e-06	-1.96779e-16
-4.8e-05	0	-1.56179e-16
-4.8e-05	4e-06	-4.03192e-17
-4.8e-05	8e-06	4.15769e-17
-4.8e-05	1.2e-05	-9.94903e-17
-4.8e-05	1.6e-05	2.12684e-16
-4.8e-05	2e-05	3.20342e-16
-4.8e-05	2.4e-05	1.72577e-16
-4.8e-05	2.8e-05	1.04546e-16
-4.8e-05	3.2e-05	-1.14564e-16
-4.8e-05	3.6e-05	6.66466e-17
-4.8e-05	4e-05	2.89007e-16
-4.8e-05	4.4e-05	1.96178e-17
-4.8e-05	4.8e-05	4.71351e-16
-4.8e-05	5.2e-05	1.37666e-16
-4.8e-05	5.6e-05	-1.33591e-16
-4.8e-05	6e-05	9.00635e-17
-4.8e-05	6.4e-05	-1.75374e-16
-4.8e-05	6.8e-05	-2.52071e-17
-4.8e-05	7.2e-05	-2.63247e-16
-4.8e-05	7.6e-05	-2.30745e-16
-4.4e-05	-8e-05	-1.71998e-16
-4.4e-05	-7.6e-05	-3.19144e-16
-4.4e-05	-7.2e-05	-2.15494e-16
-4.4e-05	-6.8e-05	-1.2764e-16
-4.4e-05	-6.4e-05	-4.56468e-16
-4.4e-05	-6e-05	2.74694e-16
-4.4e-05	-5.6e-05	-4.39154e-16
-4.4e-05	-5.2e-05	7.07816e-17
-4.4e-05	-4.8e-05	5.79346e-16
-4.4e-05	-4.4e-05	-2.21966e-17
-4.4e-05	-4e-05	-3.4652e-16
-4.4e-05	-3.6e-05	3.67709e-16
-4.4e-05	-3.2e-05	7.42505e-17
-4.4e-05	-2.8e-05	1.17575e-16
-4.4e-05	-2.4e-05	1.13466e-16
-4.4e-05	-2e-05	2.58682e-16
-4.4e-05	-1.6e-05	5.41331e-17
-4.4e-05	-1.2e-05	1.72893e-16
-4.4e-05	-8e-06	-1.77526e-17
-4.4e-05	-4e-06	4.10105e-17
-4.4e-05	0	-2.26488e-16
-4.4e-05	4e-06	7.41611e-17
-4.4e-05	8e-06	-6.90611e-17
-4.4e-05	1.2e-05	-1.31396e-16
-4.4e-05	1.6e-05	-6.13934e-17
-4.4e-05	2e-05	2.0351e-17
-4.4e-05	2.4e-05	1.63433e-16
-4.4e-05	2.8e-05	3.66648e-16
-4.4e-05	3.2e-05	8.43863e-17
-4.4e-05	3.6e-05	3.69395e-17
-4.4e-05	4e-05	1.38887e-16
-4.4e-05	4.4e-05	1.04641e-16
-4.4e-05	4.8e-05	1.04967e-16
-4.4e-05	5.2e-05	4.28122e-17
-4.4e-05	5.6e-05	1.25674e-16
-4.4e-05	6e-05	-1.3594e-16
-4.4e-05	6.4e-05	3.18162e-17
-4.4e-05	6.8e-05	-3.29544e-16
-4.4e-05	7.2e-05	2.45471e-17
-4.4e-05	7.6e-05	-5.73525e-16
-4e-05	-8e-05	-1.59742e-16
-4e-05	-7.6e-05	-3.02732e-16
-4e-05	-7.2e-05	-1.67652e-16
-4e-05	-6.8e-05	-5.53289e-16
-4e-05	-6.4e-05	-1.99798e-17
-4e-05	-6e-05	-3.51929e-16
-4e-05	-5.6e-05	-2.04616e-16
-4e-05	-5.2e-05	5.30625e-17
-4e-05	-4.8e-05	-1.075e-16
-4e-05	-4.4e-05	-2.67737e-16
-4e-05	-4e-05	4.93308e-16
-4e-05	-3.6e-05	5.71975e-16
-4e-05	-3.2e-05	4.34482e-16
-4e-05	-2.8e-05	-1.1091e-16
-4e-05	-2.4e-05	1.69033e-16
-4e-05	-2e-05	-9.17079e-17
-4e-05	-1.6e-05	6.56579e-17
-4e-05	-1.2e-05	1.51319e-16
-4e-05	-8e-06	-1.84554e-17
-4e-05	-4e-06	-9.49484e-17
-4e-05	0	-1.01102e-17
-4e-05	4e-06	9.63923e-17
-4e-05	8e-06	-1.6241e-16
-4e-05	1.2e-05	-8.43271e-17
-4e-05	1.6e-05	1.27216e-16
-4e-05	2e-05	4.16634e-17
-4e-05	2.4e-05	-2.16019e-17
-4e-05	2.8e-05	8.30652e-17
-4e-05	3.2e-05	1.64475e-17
-4e-05	3.6e-05	-5.91481e-17
-4e-05	4e-05	2.24611e-16
-4e-05	4.4e-05	4.35456e-16
-4e-05	4.8e-05	1.71361e-16
-4e-05	5.2e-05	2.95805e-16
-4e-05	5.6e-05	2.11866e-16
-4e-05	6e-05	-5.23896e-17
-4e-05	6.4e-05	3.67494e-17
-4e-05	6.8e-05	-1.76073e-16
-4e-05	7.2e-05	-2.24842e-16
-4e-05	7.6e-05	-3.10988e-16
-3.6e-05	-8e-05	-2.28703e-16
-3.6e-05	-7.6e-05	-4.71923e-16
-3.6e-05	-7.2e-05	-2.709e-16
-3.6e-05	-6.8e-05	-3.69083e-16
-3.6e-05	-6.4e-05	-1.32964e-16
-3.6e-05	-6e-05	-3.1112e-16
-3.6e-05	-5.6e-05	1.61039e-16
-3.6e-05	-5.2e-05	1.06754e-16
-3.6e-05	-4.8e-05	2.10813e-16
-3.6e-05	-4.4e-05	6.87452e-16
-3.6e-05	-4e-05	5.5771e-16
-3.6e-05	-3.6e-05	6.05319e-16
-3.6e-05	-3.2e-05	-6.20167e-16
-3.6e-05	-2.8e-05	-8.83174e-17
-3.6e-05	-2.4e-05	3.08488e-16
-3.6e-05	-2e-05	-5.61515e-17
-3.6e-05	-1.6e-05	-1.80227e-16
-3.6e-05	-1.2e-05	-8.6262e-15
-3.6e-05	-8e-06	-1.26398e-14
-3.6e-05	-4e-06	1.87053e-14
-3.6e-05	0	-4.0924e-16
-3.6e-05	4e-06	3.28001e-15
-3.6e-05	8e-06	-1.57145e-14
-3.6e-05	1.2e-05	-8.64935e-16
-3.6e-05	1.6e-05	2.24736e-16
-3.6e-05	2e-05	1.27955e-16
-3.6e-05	2.4e-05	-2.27212e-16
-3.6e-05	2.8e-05	3.20619e-16
-3.6e-05	3.2e-05	-8.86009e-17
-3.6e-05	3.6e-05	-1.71266e-16
-3.6e-05	4e-05	1.06958e-16
-3.6e-05	4.4e-05	1.38103e-16
-3.6e-05	4.8e-05	5.15785e-16
-3.6e-05	5.2e-05	5.156e-17
-3.6e-05	5.6e-05	4.72984e-16
-3.6e-05	6e-05	2.42774e-16
-3.6e-05	6.4e-05	2.1861e-16
-3.6e-05	6.8e-05	2.99877e-16
-3.6e-05	7.2e-05	-1.0293e-16
-3.6e-05	7.6e-05	1.16602e-16
-3.2e-05	-8e-05	-3.24571e-16
-3.2e-05	-7.6e-05	1.56706e-16
-3.2e-05	-7.2e-05	-2.27235e-16
-3.2e-05	-6.8e-05	3.56998e-16
-3.2e-05	-6.4e-05	9.726e-17
-3.2e-05	-6e-05	3.10301e-16
-3.2e-05	-5.6e-05	4.98898e-16
-3.2e-05	-5.2e-05	2.85653e-16
-3.2e-05	-4.8e-05	7.50214e-16
-3.2e-05	-4.4e-05	-8.84319e-17
-3.2e-05	-4e-05	3.87009e-16
-3.2e-05	-3.6e-05	-6.18938e-16
-3.2e-05	-3.2e-05	-8.50708e-17
-3.2e-05	-2.8e-05	6.08593e-16
-3.2e-05	-2.4e-05	2.80304e-16
-3.2e-05	-2e-05	-1.15649e-15
-3.2e-05	-1.6e-05	-4.94637e-14
-3.2e-05	-1.2e-05	-1.24809e-12
-3.2e-05	-8e-06	-1.84217e-12
-3.2e-05	-4e-06	2.7964e-12
-3.2e-05	0	-1.13029e-13
-3.2e-05	4e-06	4.85429e-13
-3.2e-05	8e-06	-2.31364e-12
-3.2e-05	1.2e-05	-9.42001e-14
-3.2e-05	1.6e-05	-2.06058e-15
-3.2e-05	2e-05	-1.56233e-16
-3.2e-05	2.4e-05	-1.75988e-16
-3.2e-05	2.8e-05	-1.10203e-16
-3.2e-05	3.2e-05	2.65771e-16
-3.2e-05	3.6e-05	3.55474e-17
-3.2e-05	4e-05	1.67779e-17
-3.2e-05	4.4e-05	3.11709e-16
-3.2e-05	4.8e-05	-3.125e-17
-3.2e-05	5.2e-05	4.07271e-16
-3.2e-05	5.6e-05	6.66046e-17
-3.2e-05	6e-05	5.60375e-16
-3.2e-05	6.4e-05	1.92458e-16
-3.2e-05	6.8e-05	6.57117e-16
-3.2e-05	7.2e-05	1.80514e-16
-3.2e-05	7.6e-05	1.71877e-16
-2.8e-05	-8e-05	2.64244e-16
-2.8e-05	-7.6e-05	5.20961e-17
-2.8e-05	-7.2e-05	2.19567e-16
-2.8e-05	-6.8e-05	2.96745e-16
-2.8e-05	-6.4e-05	-7.37954e-17
-2.8e-05	-6e-05	5.80979e-16
-2.8e-05	-5.6e-05	8.8653e-17
-2.8e-05	-5.2e-05	5.44393e-16
-2.8e-05	-4.8e-05	-1.9793e-16
-2.8e-05	-4.4e-05	2.68197e-16
-2.8e-05	-4e-05	-1.25496e-16
-2.8e-05	-3.6e-05	1.3481e-16
-2.8e-05	-3.2e-05	5.33665e-16
-2.8e-05	-2.8e-05	3.81946e-16
-2.8e-05	-2.4e-05	-2.15608e-15
-2.8e-05	-2e-05	-1.21706e-13
-2.8e-05	-1.6e-05	-6.02534e-12
-2.8e-05	-1.2e-05	-1.8218e-10
-2.8e-05	-8e-06	-2.73194e-10
-2.8e-05	-4e-06	4.14317e-10
-2.8e-05	0	-1.99783e-11
-2.8e-05	4e-06	7.39991e-11
-2.8e-05	8e-06	-3.41537e-10
-2.8e-05	1.2e-05	-1.15975e-11
-2.8e-05	1.6e-05	-2.35686e-13
-2.8e-05	2e-05	-3.48446e-15
-2.8e-05	2.4e-05	-1.62834e-16
-2.8e-05	2.8e-05	-2.7594e-16
-2.8e-05	3.2e-05	-1.03754e-16
-2.8e-05	3.6e-05	6.73416e-17
-2.8e-05	4e-05	3.29449e-16
-2.8e-05	4.4e-05	6.27512e-17
-2.8e-05	4.8e-05	1.87127e-16
-2.8e-05	5.2e-05	9.67614e-17
-2.8e-05	5.6e-05	2.6008e-16
-2.8e-05	6e-05	7.585e-17
-2.8e-05	6.4e-05	6.32682e-16
-2.8e-05	6.8e-05	2.01345e-16
-2.8e-05	7.2e-05	5.55514e-16
-2.8e-05	7.6e-05	1.94649e-16
-2.4e-05	-8e-05	1.62733e-16
-2.4e-05	-7.6e-05	1.24866e-16
-2.4e-05	-7.2e-05	2.17482e-16
-2.4e-05	-6.8e-05	-1.67747e-16
-2.4e-05	-6.4e-05	3.33833e-16
-2.4e-05	-6e-05	2.77505e-17
-2.4e-05	-5.6e-05	4.23456e-16
-2.4e-05	-5.2e-05	3.72373e-17
-2.4e-05	-4.8e-05	1.18227e-16
-2.4e-05	-4.4e-05	7.78235e-18
-2.4e-05	-4e-05	3.40283e-16
-2.4e-05	-3.6e-05	1.34539e-16
-2.4e-05	-3.2e-05	3.60104e-16
-2.4e-05	-2.8e-05	-2.23006e-15
-2.4e-05	-2.4e-05	-1.60018e-13
-2.4e-05	-2e-05	-1.18504e-11
-2.4e-05	-1.6e-05	-7.06269e-10
-2.4e-05	-1.2e-05	-2.65858e-08
-2.4e-05	-8e-06	-4.05184e-08
-2.4e-05	-4e-06	6.139e-08
-2.4e-05	0	-3.43451e-09
-2.4e-05	4e-06	1.12737e-08
-2.4e-05	8e-06	-5.04269e-08
-2.4e-05	1.2e-05	-1.36842e-09
-2.4e-05	1.6e-05	-2.31763e-11
-2.4e-05	2e-05	-3.14034e-13
-2.4e-05	2.4e-05	-3.39089e-15
-2.4e-05	2.8e-05	-3.2538e-16
-2.4e-05	3.2e-05	-1.65593e-16
-2.4e-05	3.6e-05	-7.91961e-17
-2.4e-05	4e-05	-4.92775e-17
-2.4e-05	4.4e-05	4.26058e-16
-2.4e-05	4.8e-05	-1.86315e-16
-2.4e-05	5.2e-05	1.38922e-16
-2.4e-05	5.6e-05	3.24486e-17
-2.4e-05	6e-05	3.83604e-16
-2.4e-05	6.4e-05	3.11139e-17
-2.4e-05	6.8e-05	4.08975e-16
-2.4e-05	7.2e-05	1.88174e-16
-2.4e-05	7.6e-05	1.48332e-16
-2e-05	-8e-05	1.77773e-16
-2e-05	-7.6e-05	5.22892e-17
-2e-05	-7.2e-05	1.18471e-16
-2e-05	-6.8e-05	1.95685e-16
-2e-05	-6.4e-05	-3.09114e-17
-2e-05	-6e-05	3.82621e-16
-2e-05	-5.6e-05	2.06036e-17
-2e-05	-5.2e-05	4.42962e-16
-2e-05	-4.8e-05	-1.96022e-16
-2e-05	-4.4e-05	3.52096e-16
-2e-05	-4e-05	-5.84709e-17
-2e-05	-3.6e-05	2.98976e-16
-2e-05	-3.2e-05	-1.1335e-15
-2e-05	-2.8e-05	-1.18089e-13
-2e-05	-2.4e-05	-1.16693e-11
-2e-05	-2e-05	-1.04112e-09
-2e-05	-1.6e-05	-7.75504e-08
-2e-05	-1.2e-05	-3.87922e-06
-2e-05	-8e-06	-6.00982e-06
-2e-05	-4e-06	9.09678e-06
-2e-05	0	-5.79134e-07
-2e-05	4e-06	1.71633e-06
-2e-05	8e-06	-7.44606e-06
-2e-05	1.2e-05	-1.5134e-07
-2e-05	1.6e-05	-2.04882e-09
-2e-05	2e-05	-2.31098e-11
-2e-05	2.4e-05	-2.34619e-13
-2e-05	2.8e-05	-2.40704e-15
-2e-05	3.2e-05	-2.81388e-17
-2e-05	3.6e-05	1.60157e-17
-2e-05	4e-05	3.94558e-16
-2e-05	4.4e-05	-1.42043e-16
-2e-05	4.8e-05	8.43827e-17
-2e-05	5.2e-05	-2.43082e-18
-2e-05	5.6e-05	2.05701e-16
-2e-05	6e-05	-7.96503e-17
-2e-05	6.4e-05	4.81788e-16
-2e-05	6.8e-05	-6.51613e-17
-2e-05	7.2e-05	2.6303e-16
-2e-05	7.6e-05	1.77913e-17
-1.6e-05	-8e-05	7.05052e-17
-1.6e-05	-7.6e-05	2.13904e-17
-1.6e-05	-7.2e-05	2.7324e-16
-1.6e-05	-6.8e-05	-2.13703e-16
-1.6e-05	-6.4e-05	4.08176e-16
-1.6e-05	-6e-05	-1.20633e-16
-1.6e-05	-5.6e-05	4.45508e-16
-1.6e-05	-5.2e-05	-9.8022e-17
-1.6e-05	-4.8e-05	2.18123e-16
-1.6e-05	-4.4e-05	-9.89548e-17
-1.6e-05	-4e-05	2.10647e-16
-1.6e-05	-3.6e-05	-1.57923e-16
-1.6e-05	-3.2e-05	-4.59243e-14
-1.6e-05	-2.8e-05	-5.70156e-12
-1.6e-05	-2.4e-05	-6.7954e-10
-1.6e-05	-2e-05	-7.59606e-08
-1.6e-05	-1.6e-05	-7.55546e-06
-1.6e-05	-1.2e-05	-0.000565958
-1.6e-05	-8e-06	-0.000891451
-1.6e-05	-4e-06	0.00134804
-1.6e-05	0	-9.62151e-05
-1.6e-05	4e-06	0.000261123
-1.6e-05	8e-06	-0.00109959
-1.6e-05	1.2e-05	-1.48688e-05
-1.6e-05	1.6e-05	-1.50755e-07
-1.6e-05	2e-05	-1.35864e-09
-1.6e-05	2.4e-05	-1.14794e-11
-1.6e-05	2.8e-05	-9.32668e-14
-1.6e-05	3.2e-05	-1.12395e-15
-1.6e-05	3.6e-05	1.84148e-16
-1.6e-05	4e-05	-1.52355e-16
-1.6e-05	4.4e-05	1.80493e-16
-1.6e-05	4.8e-05	-7.65163e-17
-1.6e-05	5.2e-05	1.25847e-17
-1.6e-05	5.6e-05	3.38619e-16
-1.6e-05	6e-05	3.88579e-16
-1.6e-05	6.4e-05	2.71099e-16
-1.6e-05	6.8e-05	-1.33376e-16
-1.6e-05	7.2e-05	2.22824e-16
-1.6e-05	7.6e-05	1.04796e-17
-1.2e-05	-8e-05	-4.27014e-17
-1.2e-05	-7.6e-05	-6.46391e-18
-1.2e-05	-7.2e-05	-2.75815e-16
-1.2e-05	-6.8e-05	-1.10418e-17
-1.2e-05	-6.4e-05	8.96376e-19
-1.2e-05	-6e-05	1.01682e-16
-1.2e-05	-5.6e-05	6.87786e-17
-1.2e-05	-5.2e-05	2.3583e-16
-1.2e-05	-4.8e-05	7.95752e-17
-1.2e-05	-4.4e-05	1.8073e-16
-1.2e-05	-4e-05	-1.04002e-16
-1.2e-05	-3.6e-05	-6.87726e-15
-1.2e-05	-3.2e-05	-1.07112e-12
-1.2e-05	-2.8e-05	-1.61112e-10
-1.2e-05	-2.4e-05	-2.42344e-08
-1.2e-05	-2e-05	-3.6448e-06
-1.2e-05	-1.6e-05	-0.000548098
-1.2e-05	-1.2e-05	-0.0824111
-1.2e-05	-8e-06	-0.132286
-1.2e-05	-4e-06	0.199647
-1.2e-05	0	-0.0158143
-1.2e-05	4e-06	0.0397875
-1.2e-05	8e-06	-0.162283
-1.2e-05	1.2e-05	-0.00109282
-1.2e-05	1.6e-05	-7.35975e-06
-1.2e-05	2e-05	-4.95703e-08
-1.2e-05	2.4e-05	-3.33906e-10
-1.2e-05	2.8e-05	-2.2497e-12
-1.2e-05	3.2e-05	-1.51483e-14
-1.2e-05	3.6e-05	-2.97244e-16
-1.2e-05	4e-05	3.65034e-16
-1.2e-05	4.4e-05	-2.53089e-16
-1.2e-05	4.8e-05	2.34875e-16
-1.2e-05	5.2e-05	2.6874e-17
-1.2e-05	5.6e-05	2.90814e-16
-1.2e-05	6e-05	3.12878e-18
-1.2e-05	6.4e-05	3.68871e-16
-1.2e-05	6.8e-05	2.31681e-16
-1.2e-05	7.2e-05	1.8643e-16
-1.2e-05	7.6e-05	2.72757e-16
-8e-06	-8e-05	-8.63383e-18
-8e-06	-7.6e-05	-1.68786e-16
-8e-06	-7.2e-05	4.97483e-17
-8e-06	-6.8e-05	8.08242e-17
-8e-06	-6.4e-05	2.73214e-16
-8e-06	-6e-05	1.34498e-16
-8e-06	-5.6e-05	3.12547e-16
-8e-06	-5.2e-05	-6.83842e-17
-8e-06	-4.8e-05	2.19952e-16
-8e-06	-4.4e-05	-3.73714e-16
-8e-06	-4e-05	2.83755e-16
-8e-06	-3.6e-05	2.11997e-14
-8e-06	-3.2e-05	3.23324e-12
-8e-06	-2.8e-05	4.81744e-10
-8e-06	-2.4e-05	7.17816e-08
-8e-06	-2e-05	1.06959e-05
-8e-06	-1.6e-05	0.00159379
-8e-06	-1.2e-05	0.237495
-8e-06	-8e-06	0.0424451
-8e-06	-4e-06	-0.119034
-8e-06	0	-0.199021
-8e-06	4e-06	0.125942
-8e-06	8e-06	0.17155
-8e-06	1.2e-05	0.00114691
-8e-06	1.6e-05	7.66745e-06
-8e-06	2e-05	5.12574e-08
-8e-06	2.4e-05	3.42646e-10
-8e-06	2.8e-05	2.29026e-12
-8e-06	3.2e-05	1.54181e-14
-8e-06	3.6e-05	3.57229e-16
-8e-06	4e-05	-3.66476e-16
-8e-06	4.4e-05	-1.12382e-16
-8e-06	4.8e-05	-2.99373e-16
-8e-06	5.2e-05	1.19025e-17
-8e-06	5.6e-05	-1.02473e-16
-8e-06	6e-05	1.62631e-16
-8e-06	6.4e-05	-2.28757e-16
-8e-06	6.8e-05	1.39959e-16
-8e-06	7.2e-05	-5.55457e-17
-8e-06	7.6e-05	-1.80229e-17
-4e-06	-8e-05	-4.26048e-17
-4e-06	-7.6e-05	8.1902e-17
-4e-06	-7.2e-05	-1.5372e-16
-4e-06	-6.8e-05	1.20801e-16
-4e-06	-6.4e-05	-1.93074e-16
-4e-06	-6e-05	7.70534e-17
-4e-06	-5.6e-05	-3.57525e-16
-4e-06	-5.2e-05	1.04138e-16
-4e-06	-4.8e-05	-5.1417e-16
-4e-06	-4.4e-05	-9.86469e-17
-4e-06	-4e-05	-6.05523e-16
-4e-06	-3.6e-05	-2.6227e-14
-4e-06	-3.2e-05	-3.89629e-12
-4e-06	-2.8e-05	-5.80467e-10
-4e-06	-2.4e-05	-8.64753e-08
-4e-06	-2e-05	-1.2883e-05
-4e-06	-1.6e-05	-0.00191936
-4e-06	-1.2e-05	-0.28596
-4e-06	-8e-06	-0.04414
-4e-06	-4e-06	0.119486
-4e-06	0	0.280696
-4e-06	4e-06	-0.184308
-4e-06	8e-06	-0.199081
-4e-06	1.2e-05	-0.00132924
-4e-06	1.6e-05	-8.87461e-06
-4e-06	2e-05	-5.92474e-08
-4e-06	2.4e-05	-3.95515e-10
-4e-06	2.8e-05	-2.64024e-12
-4e-06	3.2e-05	-1.74095e-14
-4e-06	3.6e-05	-1.18881e-16
-4e-06	4e-05	6.87458e-17
-4e-06	4.4e-05	-1.41277e-16
-4e-06	4.8e-05	-8.31525e-17
-4e-06	5.2e-05	-2.00072e-16
-4e-06	5.6e-05	9.5072e-17
-4e-06	6e-05	-4.84947e-16
-4e-06	6.4e-05	-9.71998e-17
-4e-06	6.8e-05	-8.76034e-17
-4e-06	7.2e-05	-1.7437e-16
-4e-06	7.6e-05	-2.72964e-16
0	-8e-05	-2.53245e-16
0	-7.6e-05	-3.18144e-16
0	-7.2e-05	-9.80418e-17
0	-6.8e-05	-4.45747e-16
0	-6.4e-05	-1.06389e-16
0	-6e-05	-2.85956e-16
0	-5.6e-05	7.56634e-17
0	-5.2e-05	-4.1222e-16
0	-4.8e-05	2.75385e-17
0	-4.4e-05	-1.32349e-16
0	-4e-05	2.80111e-16
0	-3.6e-05	1.77381e-14
0	-3.2e-05	2.64052e-12
0	-2.8e-05	3.95515e-10
0	-2.4e-05	5.92474e-08
0	-2e-05	8.87461e-06
0	-1.6e-05	0.00132924
0	-1.2e-05	0.199081
0	-8e-06	0.184308
0	-4e-06	-0.280696
0	0	-0.119486
0	4e-06	0.04414
0	8e-06	0.28596
0	1.2e-05	0.00191936
0	1.6e-05	1.2883e-05
0	2e-05	8.64753e-08
0	2.4e-05	5.80467e-10
0	2.8e-05	3.89657e-12
0	3.2e-05	2.61493e-14
0	3.6e-05	4.72383e-16
0	4e-05	-2.27124e-16
0	4.4e-05	8.53049e-17
0	4.8e-05	8.7851e-17
0	5.2e-05	2.53134e-16
0	5.6e-05	-1.14585e-16
0	6e-05	1.62966e-16
0	6.4e-05	-1.8184e-17
0	6.8e-05	-3.2809e-16
0	7.2e-05	2.24635e-17
0	7.6e-05	-4.62993e-17
4e-06	-8e-05	1.86347e-16
4e-06	-7.6e-05	-2.29678e-17
4e-06	-7.2e-05	-2.11383e-16
4e-06	-6.8e-05	-1.09466e-17
4e-06	-6.4e-05	-1.76762e-16
4e-06	-6e-05	7.73064e-17
4e-06	-5.6e-05	-4.54248e-17
4e-06	-5.2e-05	3.06451e-16
4e-06	-4.8e-05	-8.17993e-17
4e-06	-4.4e-05	3.43852e-16
4e-06	-4e-05	-8.11955e-17
4e-06	-3.6e-05	-1.518e-14
4e-06	-3.2e-05	-2.29041e-12
4e-06	-2.8e-05	-3.42646e-10
4e-06	-2.4e-05	-5.12574e-08
4e-06	-2e-05	-7.66745e-06
4e-06	-1.6e-05	-0.00114691
4e-06	-1.2e-05	-0.17155
4e-06	-8e-06	-0.125942
4e-06	-4e-06	0.199021
4e-06	0	0.119034
4e-06	4e-06	-0.0424451
4e-06	8e-06	-0.237495
4e-06	1.2e-05	-0.00159379
4e-06	1.6e-05	-1.06959e-05
4e-06	2e-05	-7.17816e-08
4e-06	2.4e-05	-4.81744e-10
4e-06	2.8e-05	-3.23314e-12
4e-06	3.2e-05	-2.15001e-14
4e-06	3.6e-05	-3.95562e-16
4e-06	4e-05	-3.78849e-17
4e-06	4.4e-05	-1.06307e-17
4e-06	4.8e-05	5.54641e-17
4e-06	5.2e-05	1.83363e-16
4e-06	5.6e-05	1.0303e-16
4e-06	6e-05	-1.32646e-16
4e-06	6.4e-05	1.5077e-16
4e-06	6.8e-05	1.0866e-16
4e-06	7.2e-05	-1.74023e-18
4e-06	7.6e-05	-6.03976e-17
8e-06	-8e-05	1.76929e-16
8e-06	-7.6e-05	9.53774e-17
8e-06	-7.2e-05	1.68105e-17
8e-06	-6.8e-05	-1.16682e-16
8e-06	-6.4e-05	4.05306e-17
8e-06	-6e-05	-3.86927e-18
8e-06	-5.6e-05	-5.90284e-17
8e-06	-5.2e-05	-1.04251e-16
8e-06	-4.8e-05	4.28146e-18
8e-06	-4.4e-05	-2.48758e-16
8e-06	-4e-05	1.39326e-16
8e-06	-3.6e-05	1.50452e-14
8e-06	-3.2e-05	2.24935e-12
8e-06	-2.8e-05	3.33906e-10
8e-06	-2.4e-05	4.95703e-08
8e-06	-2e-05	7.35975e-06
8e-06	-1.6e-05	0.00109282
8e-06	-1.2e-05	0.162283
8e-06	-8e-06	-0.0397875
8e-06	-4e-06	0.0158143
8e-06	0	-0.199647
8e-06	4e-06	0.132286
8e-06	8e-06	0.0824111
8e-06	1.2e-05	0.000548098
8e-06	1.6e-05	3.6448e-06
8e-06	2e-05	2.42344e-08
8e-06	2.4e-05	1.61112e-10
8e-06	2.8e-05	1.07122e-12
8e-06	3.2e-05	6.94067e-15
8e-06	3.6e-05	1.36875e-16
8e-06	4e-05	5.1501e-17
8e-06	4.4e-05	8.76341e-17
8e-06	4.8e-05	5.43407e-17
8e-06	5.2e-05	8.64196e-17
8e-06	5.6e-05	7.47639e-18
8e-06	6e-05	-1.08877e-16
8e-06	6.4e-05	-7.10193e-17
8e-06	6.8e-05	-1.70388e-16
8e-06	7.2e-05	-2.47214e-17
8e-06	7.6e-05	-2.0413e-17
1.2e-05	-8e-05	-1.99812e-16
1.2e-05	-7.6e-05	8.61019e-19
1.2e-05	-7.2e-05	-1.83722e-16
1.2e-05	-6.8e-05	-4.09959e-17
1.2e-05	-6.4e-05	-1.36342e-16
1.2e-05	-6e-05	-1.43494e-16
1.2e-05	-5.6e-05	-2.87126e-17
1.2e-05	-5.2e-05	6.65327e-17
1.2e-05	-4.8e-05	-1.38897e-16
1.2e-05	-4.4e-05	1.16265e-18
1.2e-05	-4e-05	-7.47595e-17
1.2e-05	-3.6e-05	8.6464e-16
1.2e-05	-3.2e-05	9.32433e-14
1.2e-05	-2.8e-05	1.14795e-11
1.2e-05	-2.4e-05	1.35864e-09
1.2e-05	-2e-05	1.50755e-07
1.2e-05	-1.6e-05	1.48688e-05
1.2e-05	-1.2e-05	0.00109959
1.2e-05	-8e-06	-0.000261123
1.2e-05	-4e-06	9.62151e-05
1.2e-05	0	-0.00134804
1.2e-05	4e-06	0.000891451
1.2e-05	8e-06	0.000565958
1.2e-05	1.2e-05	7.55546e-06
1.2e-05	1.6e-05	7.59606e-08
1.2e-05	2e-05	6.7954e-10
1.2e-05	2.4e-05	5.70165e-12
1.2e-05	2.8e-05	4.55783e-14
1.2e-05	3.2e-05	4.08839e-16
1.2e-05	3.6e-05	-6.61896e-17
1.2e-05	4e-05	1.1339e-16
1.2e-05	4.4e-05	1.82195e-16
1.2e-05	4.8e-05	1.64757e-16
1.2e-05	5.2e-05	1.0027e-16
1.2e-05	5.6e-05	-9.73339e-18
1.2e-05	6e-05	2.09903e-16
1.2e-05	6.4e-05	-1.84732e-17
1.2e-05	6.8e-05	1.08827e-16
1.2e-05	7.2e-05	4.04934e-17
1.2e-05	7.6e-05	-7.14188e-17
1.6e-05	-8e-05	1.52566e-16
1.6e-05	-7.6e-05	1.12765e-16
1.6e-05	-7.2e-05	1.27795e-16
1.6e-05	-6.8e-05	1.00424e-16
1.6e-05	-6.4e-05	5.73296e-17
1.6e-05	-6e-05	1.05879e-16
1.6e-05	-5.6e-05	-2.02689e-17
1.6e-05	-5.2e-05	1.98625e-16
1.6e-05	-4.8e-05	1.74956e-16
1.6e-05	-4.4e-05	-6.062e-18
1.6e-05	-4e-05	2.67385e-16
1.6e-05	-3.6e-05	5.85718e-17
1.6e-05	-3.2e-05	2.53776e-15
1.6e-05	-2.8e-05	2.34441e-13
1.6e-05	-2.4e-05	2.31095e-11
1.6e-05	-2e-05	2.04882e-09
1.6e-05	-1.6e-05	1.5134e-07
1.6e-05	-1.2e-05	7.44606e-06
1.6e-05	-8e-06	-1.71633e-06
1.6e-05	-4e-06	5.79134e-07
1.6e-05	0	-9.09678e-06
1.6e-05	4e-06	6.00982e-06
1.6e-05	8e-06	3.87922e-06
1.6e-05	1.2e-05	7.75504e-08
1.6e-05	1.6e-05	1.04112e-09
1.6e-05	2e-05	1.16699e-11
1.6e-05	2.4e-05	1.17431e-13
1.6e-05	2.8e-05	1.11337e-15
1.6e-05	3.2e-05	-2.88398e-16
1.6e-05	3.6e-05	-4.41881e-17
1.6e-05	4e-05	-7.47265e-17
1.6e-05	4.4e-05	7.20385e-17
1.6e-05	4.8e-05	-4.76251e-17
1.6e-05	5.2e-05	8.66307e-17
1.6e-05	5.6e-05	8.78006e-17
1.6e-05	6e-05	-1.16905e-16
1.6e-05	6.4e-05	4.34478e-16
1.6e-05	6.8e-05	-1.01311e-16
1.6e-05	7.2e-05	4.2978e-17
1.6e-05	7.6e-05	2.29609e-16
2e-05	-8e-05	2.39602e-16
2e-05	-7.6e-05	4.72372e-17
2e-05	-7.2e-05	2.86526e-16
2e-05	-6.8e-05	-4.15933e-18
2e-05	-6.4e-05	7.37315e-17
2e-05	-6e-05	4.70625e-17
2e-05	-5.6e-05	7.76987e-17
2e-05	-5.2e-05	-9.65017e-18
2e-05	-4.8e-05	8.90007e-17
2e-05	-4.4e-05	2.44284e-18
2e-05	-4e-05	-4.09097e-16
2e-05	-3.6e-05	6.94034e-17
2e-05	-3.2e-05	-3.38538e-16
2e-05	-2.8e-05	4.16639e-15
2e-05	-2.4e-05	3.13546e-13
2e-05	-2e-05	2.31762e-11
2e-05	-1.6e-05	1.36842e-09
2e-05	-1.2e-05	5.04269e-08
2e-05	-8e-06	-1.12737e-08
2e-05	-4e-06	3.43451e-09
2e-05	0	-6.139e-08
2e-05	4e-06	4.05184e-08
2e-05	8e-06	2.65858e-08
2e-05	1.2e-05	7.06269e-10
2e-05	1.6e-05	1.18509e-11
2e-05	2e-05	1.59287e-13
2e-05	2.4e-05	1.86005e-15
2e-05	2.8e-05	-3.06637e-16
2e-05	3.2e-05	1.70305e-16
2e-05	3.6e-05	-1.48002e-16
2e-05	4e-05	1.94783e-16
2e-05	4.4e-05	-2.07183e-16
2e-05	4.8e-05	-5.585e-17
2e-05	5.2e-05	-2.02976e-16
2e-05	5.6e-05	-3.30423e-17
2e-05	6e-05	2.09029e-17
2e-05	6.4e-05	-2.17152e-16
2e-05	6.8e-05	-1.2015e-16
2e-05	7.2e-05	-3.31502e-17
2e-05	7.6e-05	7.94066e-18
2.4e-05	-8e-05	6.05395e-17
2.4e-05	-7.6e-05	8.98516e-17
2.4e-05	-7.2e-05	-1.4738e-17
2.4e-05	-6.8e-05	3.13933e-17
2.4e-05	-6.4e-05	-2.79682e-17
2.4e-05	-6e-05	-1.61758e-16
2.4e-05	-5.6e-05	-6.42138e-17
2.4e-05	-5.2e-05	-1.60703e-16
2.4e-05	-4.8e-05	2.84744e-16
2.4e-05	-4.4e-05	-1.64783e-16
2.4e-05	-4e-05	5.6754e-17
2.4e-05	-3.6e-05	-5.79355e-16
2.4e-05	-3.2e-05	-5.04962e-18
2.4e-05	-2.8e-05	-4.44502e-16
2.4e-05	-2.4e-05	4.06132e-15
2.4e-05	-2e-05	2.35558e-13
2.4e-05	-1.6e-05	1.15975e-11
2.4e-05	-1.2e-05	3.41537e-10
2.4e-05	-8e-06	-7.39991e-11
2.4e-05	-4e-06	1.99788e-11
2.4e-05	0	-4.14317e-10
2.4e-05	4e-06	2.73194e-10
2.4e-05	8e-06	1.8218e-10
2.4e-05	1.2e-05	6.02559e-12
2.4e-05	1.6e-05	1.21103e-13
2.4e-05	2e-05	1.7426e-15
2.4e-05	2.4e-05	-1.7457e-16
2.4e-05	2.8e-05	3.51392e-17
2.4e-05	3.2e-05	-7.20398e-17
2.4e-05	3.6e-05	5.76912e-17
2.4e-05	4e-05	-2.07783e-16
2.4e-05	4.4e-05	-4.01648e-17
2.4e-05	4.8e-05	-1.16241e-16
2.4e-05	5.2e-05	1.59235e-18
2.4e-05	5.6e-05	-9.07435e-17
2.4e-05	6e-05	-2.90519e-17
2.4e-05	6.4e-05	-1.7635e-16
2.4e-05	6.8e-05	6.88777e-17
2.4e-05	7.2e-05	-1.66712e-16
2.4e-05	7.6e-05	3.73967e-16
2.8e-05	-8e-05	-2.32579e-17
2.8e-05	-7.6e-05	1.13692e-16
2.8e-05	-7.2e-05	-2.89769e-18
2.8e-05	-6.8e-05	8.93235e-17
2.8e-05	-6.4e-05	-1.32399e-16
2.8e-05	-6e-05	2.29766e-16
2.8e-05	-5.6e-05	-3.10218e-16
2.8e-05	-5.2e-05	-1.23886e-16
2.8e-05	-4.8e-05	-1.68147e-16
2.8e-05	-4.4e-05	2.69165e-16
2.8e-05	-4e-05	-2.62558e-16
2.8e-05	-3.6e-05	1.70116e-16
2.8e-05	-3.2e-05	-4.53266e-16
2.8e-05	-2.8e-05	-1.3045e-16
2.8e-05	-2.4e-05	-4.29224e-16
2.8e-05	-2e-05	1.99413e-15
2.8e-05	-1.6e-05	9.41028e-14
2.8e-05	-1.2e-05	2.31319e-12
2.8e-05	-8e-06	-4.85454e-13
2.8e-05	-4e-06	1.13339e-13
2.8e-05	0	-2.79624e-12
2.8e-05	4e-06	1.84232e-12
2.8e-05	8e-06	1.24832e-12
2.8e-05	1.2e-05	4.94152e-14
2.8e-05	1.6e-05	1.10535e-15
2.8e-05	2e-05	2.54563e-17
2.8e-05	2.4e-05	2.03143e-17
2.8e-05	2.8e-05	-6.47346e-18
2.8e-05	3.2e-05	-1.77329e-16
2.8e-05	3.6e-05	-1.25159e-16
2.8e-05	4e-05	-2.73388e-16
2.8e-05	4.4e-05	-2.26773e-16
2.8e-05	4.8e-05	-3.37198e-17
2.8e-05	5.2e-05	-7.52707e-17
2.8e-05	5.6e-05	-8.11363e-17
2.8e-05	6e-05	-1.43049e-16
2.8e-05	6.4e-05	-1.51679e-16
2.8e-05	6.8e-05	-2.72854e-16
2.8e-05	7.2e-05	3.46184e-17
2.8e-05	7.6e-05	-1.38377e-16
3.2e-05	-8e-05	1.46287e-16
3.2e-05	-7.6e-05	-2.02148e-16
3.2e-05	-7.2e-05	-7.09638e-18
3.2e-05	-6.8e-05	6.57621e-18
3.2e-05	-6.4e-05	-4.33162e-17
3.2e-05	-6e-05	-1.53743e-16
3.2e-05	-5.6e-05	2.40305e-16
3.2e-05	-5.2e-05	-4.2195e-16
3.2e-05	-4.8e-05	-3.60636e-16
3.2e-05	-4.4e-05	-2.45543e-16
3.2e-05	-4e-05	-6.62788e-17
3.2e-05	-3.6e-05	-1.69655e-16
3.2e-05	-3.2e-05	-2.40398e-17
3.2e-05	-2.8e-05	-2.91359e-16
3.2e-05	-2.4e-05	1.94703e-17
3.2e-05	-2e-05	-1.77253e-16
3.2e-05	-1.6e-05	6.99271e-16
3.2e-05	-1.2e-05	1.58789e-14
3.2e-05	-8e-06	-3.11798e-15
3.2e-05	-4e-06	7.67154e-16
3.2e-05	0	-1.87885e-14
3.2e-05	4e-06	1.24013e-14
3.2e-05	8e-06	8.66083e-15
3.2e-05	1.2e-05	2.54194e-16
3.2e-05	1.6e-05	3.55966e-16
3.2e-05	2e-05	-1.31e-16
3.2e-05	2.4e-05	1.79789e-16
3.2e-05	2.8e-05	-1.85814e-16
3.2e-05	3.2e-05	9.63021e-17
3.2e-05	3.6e-05	-2.60748e-16
3.2e-05	4e-05	-8.9917e-17
3.2e-05	4.4e-05	-1.82184e-16
3.2e-05	4.8e-05	-9.69396e-17
3.2e-05	5.2e-05	-3.15004e-16
3.2e-05	5.6e-05	-1.15832e-16
3.2e-05	6e-05	-1.28848e-16
3.2e-05	6.4e-05	-2.36861e-16
3.2e-05	6.8e-05	-7.86246e-17
3.2e-05	7.2e-05	-2.58727e-16
3.2e-05	7.6e-05	-3.64235e-17
3.6e-05	-8e-05	-2.20825e-16
3.6e-05	-7.6e-05	-2.52914e-17
3.6e-05	-7.2e-05	-1.84505e-16
3.6e-05	-6.8e-05	-8.48335e-17
3.6e-05	-6.4e-05	-9.54553e-17
3.6e-05	-6e-05	-2.76685e-16
3.6e-05	-5.6e-05	-1.80287e-16
3.6e-05	-5.2e-05	1.97977e-17
3.6e-05	-4.8e-05	-3.57842e-16
3.6e-05	-4.4e-05	-3.04186e-16
3.6e-05	-4e-05	-1.43763e-16
3.6e-05	-3.6e-05	-2.5863e-16
3.6e-05	-3.2e-05	1.04481e-16
3.6e-05	-2.8e-05	-1.09371e-16
3.6e-05	-2.4e-05	2.43841e-16
3.6e-05	-2e-05	5.51664e-17
3.6e-05	-1.6e-05	3.03064e-16
3.6e-05	-1.2e-05	1.04009e-16
3.6e-05	-8e-06	3.38651e-16
3.6e-05	-4e-06	-1.23241e-16
3.6e-05	0	-1.7645e-16
3.6e-05	4e-06	-8.51907e-17
3.6e-05	8e-06	-2.35363e-16
3.6e-05	1.2e-05	1.68338e-16
3.6e-05	1.6e-05	-1.54683e-16
3.6e-05	2e-05	2.93383e-16
3.6e-05	2.4e-05	-1.63568e-16
3.6e-05	2.8e-05	3.11871e-16
3.6e-05	3.2e-05	-2.0751e-16
3.6e-05	3.6e-05	1.76996e-16
3.6e-05	4e-05	-2.40321e-16
3.6e-05	4.4e-05	1.63861e-16
3.6e-05	4.8e-05	-2.27558e-16
3.6e-05	5.2e-05	8.92696e-17
3.6e-05	5.6e-05	-2.0784e-16
3.6e-05	6e-05	-8.41747e-17
3.6e-05	6.4e-05	-1.92004e-16
3.6e-05	6.8e-05	-1.54723e-16
3.6e-05	7.2e-05	-1.73075e-16
3.6e-05	7.6e-05	-2.46903e-16
4e-05	-8e-05	-1.24012e-16
4e-05	-7.6e-05	-8.69133e-17
4e-05	-7.2e-05	-1.78833e-16
4e-05	-6.8e-05	-3.03531e-17
4e-05	-6.4e-05	-1.07975e-16
4e-05	-6e-05	7.14453e-17
4e-05	-5.6e-05	-2.46045e-16
4e-05	-5.2e-05	-2.09765e-17
4e-05	-4.8e-05	-1.14861e-17
4e-05	-4.4e-05	-5.78183e-17
4e-05	-4e-05	-1.85579e-16
4e-05	-3.6e-05	1.49451e-16
4e-05	-3.2e-05	-2.20192e-16
4e-05	-2.8e-05	4.58055e-16
4e-05	-2.4e-05	-2.43625e-16
4e-05	-2e-05	4.51623e-16
4e-05	-1.6e-05	-1.73293e-16
4e-05	-1.2e-05	2.60548e-16
4e-05	-8e-06	-1.5503e-16
4e-05	-4e-06	-2.15696e-18
4e-05	0	-1.23352e-16
4e-05	4e-06	-1.59257e-16
4e-05	8e-06	6.72518e-17
4e-05	1.2e-05	-8.64486e-17
4e-05	1.6e-05	8.48125e-17
4e-05	2e-05	-1.68657e-16
4e-05	2.4e-05	2.34021e-16
4e-05	2.8e-05	-2.51362e-16
4e-05	3.2e-05	2.9308e-16
4e-05	3.6e-05	-2.48489e-16
4e-05	4e-05	4.27098e-16
4e-05	4.4e-05	-3.05048e-16
4e-05	4.8e-05	3.70578e-16
4e-05	5.2e-05	-8.67184e-17
4e-05	5.6e-05	2.78327e-16
4e-05	6e-05	-1.69027e-16
4e-05	6.4e-05	2.16784e-16
4e-05	6.8e-05	-7.34651e-17
4e-05	7.2e-05	6.56236e-17
4e-05	7.6e-05	-3.02015e-16
4.4e-05	-8e-05	5.90819e-17
4.4e-05	-7.6e-05	-6.45775e-17
4.4e-05	-7.2e-05	1.78365e-16
4.4e-05	-6.8e-05	-1.53304e-16
4.4e-05	-6.4e-05	2.68278e-16
4.4e-05	-6e-05	-6.83453e-17
4.4e-05	-5.6e-05	4.77356e-16
4.4e-05	-5.2e-05	-2.12733e-16
4.4e-05	-4.8e-05	3.89233e-16
4.4e-05	-4.4e-05	-1.75345e-16
4.4e-05	-4e-05	2.27233e-16
4.4e-05	-3.6e-05	-1.74025e-16
4.4e-05	-3.2e-05	3.38978e-16
4.4e-05	-2.8e-05	-1.70464e-16
4.4e-05	-2.4e-05	3.31174e-16
4.4e-05	-2e-05	-2.59847e-16
4.4e-05	-1.6e-05	1.03023e-16
4.4e-05	-1.2e-05	-1.74012e-16
4.4e-05	-8e-06	-1.56258e-16
4.4e-05	-4e-06	7.45698e-18
4.4e-05	0	1.51469e-17
4.4e-05	4e-06	-1.12129e-17
4.4e-05	8e-06	-4.1501e-17
4.4e-05	1.2e-05	-4.4764e-17
4.4e-05	1.6e-05	-1.13761e-16
4.4e-05	2e-05	1.97952e-17
4.4e-05	2.4e-05	-2.50736e-16
4.4e-05	2.8e-05	1.30304e-16
4.4e-05	3.2e-05	-3.25003e-16
4.4e-05	3.6e-05	2.86747e-16
4.4e-05	4e-05	-3.3994e-16
4.4e-05	4.4e-05	3.41921e-16
4.4e-05	4.8e-05	-2.33259e-16
4.4e-05	5.2e-05	3.76096e-16
4.4e-05	5.6e-05	-2.11733e-16
4.4e-05	6e-05	3.28426e-16
4.4e-05	6.4e-05	-9.97866e-17
4.4e-05	6.8e-05	3.47688e-16
4.4e-05	7.2e-05	-2.75699e-16
4.4e-05	7.6e-05	2.46641e-16
4.8e-05	-8e-05	-2.86607e-16
4.8e-05	-7.6e-05	2.95164e-16
4.8e-05	-7.2e-05	3.47201e-17
4.8e-05	-6.8e-05	4.26691e-16
4.8e-05	-6.4e-05	-1.79694e-16
4.8e-05	-6e-05	5.6845e-16
4.8e-05	-5.6e-05	-1.31372e-16
4.8e-05	-5.2e-05	5.76553e-16
4.8e-05	-4.8e-05	-2.90205e-16
4.8e-05	-4.4e-05	4.732e-16
4.8e-05	-4e-05	-2.06034e-16
4.8e-05	-3.6e-05	1.31895e-16
4.8e-05	-3.2e-05	-2.81993e-16
4.8e-05	-2.8e-05	8.08622e-17
4.8e-05	-2.4e-05	-3.64681e-16
4.8e-05	-2e-05	-1.11245e-16
4.8e-05	-1.6e-05	-2.59784e-16
4.8e-05	-1.2e-05	-1.33637e-16
4.8e-05	-8e-06	-1.28906e-16
4.8e-05	-4e-06	-9.64941e-17
4.8e-05	0	4.86551e-17
4.8e-05	4e-06	2.32009e-17
4.8e-05	8e-06	1.48625e-16
4.8e-05	1.2e-05	5.12006e-17
4.8e-05	1.6e-05	5.30325e-17
4.8e-05	2e-05	-1.56746e-16
4.8e-05	2.4e-05	6.09213e-17
4.8e-05	2.8e-05	-2.74453e-16
4.8e-05	3.2e-05	1.47226e-16
4.8e-05	3.6e-05	-2.59191e-16
4.8e-05	4e-05	2.07061e-16
4.8e-05	4.4e-05	-3.58053e-16
4.8e-05	4.8e-05	2.8776e-16
4.8e-05	5.2e-05	-3.25368e-16
4.8e-05	5.6e-05	2.70923e-16
4.8e-05	6e-05	-3.0892e-16
4.8e-05	6.4e-05	3.19894e-16
4.8e-05	6.8e-05	-3.53811e-16
4.8e-05	7.2e-05	3.63284e-16
4.8e-05	7.6e-05	-2.70814e-16
5.2e-05	-8e-05	2.75792e-16
5.2e-05	-7.6e-05	-3.0596e-16
5.2e-05	-7.2e-05	2.48735e-16
5.2e-05	-6.8e-05	3.08693e-16
5.2e-05	-6.4e-05	4.21731e-16
5.2e-05	-6e-05	-3.14081e-16
5.2e-05	-5.6e-05	2.63904e-16
5.2e-05	-5.2e-05	-3.086e-16
5.2e-05	-4.8e-05	2.93989e-16
5.2e-05	-4.4e-05	-2.39629e-16
5.2e-05	-4e-05	1.71306e-16
5.2e-05	-3.6e-05	-2.19474e-16
5.2e-05	-3.2e-05	1.3641e-18
5.2e-05	-2.8e-05	-2.10341e-16
5.2e-05	-2.4e-05	1.46155e-17
5.2e-05	-2e-05	-1.71779e-16
5.2e-05	-1.6e-05	3.22179e-17
5.2e-05	-1.2e-05	-8.10149e-17
5.2e-05	-8e-06	2.70297e-17
5.2e-05	-4e-06	-5.93422e-17
5.2e-05	0	1.47688e-16
5.2e-05	4e-06	4.00636e-17
5.2e-05	8e-06	-4.20121e-17
5.2e-05	1.2e-05	1.88414e-16
5.2e-05	1.6e-05	-1.5557e-16
5.2e-05	2e-05	1.94911e-16
5.2e-05	2.4e-05	-1.7305e-16
5.2e-05	2.8e-05	1.74783e-16
5.2e-05	3.2e-05	-3.12212e-16
5.2e-05	3.6e-05	6.58496e-17
5.2e-05	4e-05	-3.14157e-16
5.2e-05	4.4e-05	8.4502e-17
5.2e-05	4.8e-05	-3.10846e-17
5.2e-05	5.2e-05	1.62278e-16
5.2e-05	5.6e-05	-1.28318e-16
5.2e-05	6e-05	8.46995e-17
5.2e-05	6.4e-05	-3.80013e-16
5.2e-05	6.8e-05	1.50169e-16
5.2e-05	7.2e-05	-2.92894e-16
5.2e-05	7.6e-05	1.94327e-16
5.6e-05	-8e-05	-3.673e-16
5.6e-05	-7.6e-05	1.17242e-16
5.6e-05	-7.2e-05	-3.40566e-16
5.6e-05	-6.8e-05	6.25877e-17
5.6e-05	-6.4e-05	1.19793e-16
5.6e-05	-6e-05	2.58649e-16
5.6e-05	-5.6e-05	-1.91765e-16
5.6e-05	-5.2e-05	7.22169e-17
5.6e-05	-4.8e-05	-3.05522e-16
5.6e-05	-4.4e-05	1.62176e-16
5.6e-05	-4e-05	-1.81726e-16
5.6e-05	-3.6e-05	7.19745e-17
5.6e-05	-3.2e-05	-1.14828e-16
5.6e-05	-2.8e-05	3.44591e-17
5.6e-05	-2.4e-05	-1.1412e-16
5.6e-05	-2e-05	1.31527e-16
5.6e-05	-1.6e-05	-1.19366e-16
5.6e-05	-1.2e-05	2.75085e-16
5.6e-05	-8e-06	-2.54372e-16
5.6e-05	-4e-06	3.45885e-17
5.6e-05	0	-2.19909e-16
5.6e-05	4e-06	-2.17776e-17
5.6e-05	8e-06	1.09963e-16
5.6e-05	1.2e-05	-1.78205e-16
5.6e-05	1.6e-05	1.87098e-16
5.6e-05	2e-05	-2.52987e-16
5.6e-05	2.4e-05	1.98543e-16
5.6e-05	2.8e-05	-1.45073e-16
5.6e-05	3.2e-05	1.01345e-16
5.6e-05	3.6e-05	-6.57587e-17
5.6e-05	4e-05	8.32819e-17
5.6e-05	4.4e-05	-5.45471e-17
5.6e-05	4.8e-05	8.74111e-17
5.6e-05	5.2e-05	-7.94569e-17
5.6e-05	5.6e-05	4.85502e-17
5.6e-05	6e-05	-1.80184e-16
5.6e-05	6.4e-05	8.49038e-17
5.6e-05	6.8e-05	-1.7586e-16
5.6e-05	7.2e-05	9.87452e-17
5.6e-05	7.6e-05	-1.79887e-16
6e-05	-8e-05	1.07264e-16
6e-05	-7.6e-05	-1.34994e-16
6e-05	-7.2e-05	-3.39215e-17
6e-05	-6.8e-05	-1.59872e-16
6e-05	-6.4e-05	7.01804e-18
6e-05	-6e-05	-7.54705e-19
6e-05	-5.6e-05	9.16596e-17
6e-05	-5.2e-05	1.02049e-16
6e-05	-4.8e-05	9.25131e-17
6e-05	-4.4e-05	-2.08998e-18
6e-05	-4e-05	1.48752e-16
6e-05	-3.6e-05	1.95296e-17
6e-05	-3.2e-05	1.91154e-16
6e-05	-2.8e-05	-5.75808e-17
6e-05	-2.4e-05	2.18869e-16
6e-05	-2e-05	-1.9228e-16
6e-05	-1.6e-05	2.1361e-16
6e-05	-1.2e-05	-2.73438e-16
6e-05	-8e-06	1.03869e-16
6e-05	-4e-06	-2.67488e-16
6e-05	0	-4.83463e-17
6e-05	4e-06	-1.93308e-16
6e-05	8e-06	-1.90236e-16
6e-05	1.2e-05	-2.12694e-17
6e-05	1.6e-05	-1.14749e-16
6e-05	2e-05	5.62752e-17
6e-05	2.4e-05	-1.71301e-16
6e-05	2.8e-05	2.40742e-17
6e-05	3.2e-05	-1.11045e-16
6e-05	3.6e-05	7.97245e-17
6e-05	4e-05	-2.55183e-17
6e-05	4.4e-05	9.43868e-17
6e-05	4.8e-05	-6.78392e-17
6e-05	5.2e-05	4.50327e-17
6e-05	5.6e-05	-1.2837e-16
6e-05	6e-05	4.22662e-17
6e-05	6.4e-05	-7.14728e-17
6e-05	6.8e-05	1.04738e-16
6e-05	7.2e-05	-4.85857e-17
6e-05	7.6e-05	1.5838e-16
6.4e-05	-8e-05	2.07358e-17
6.4e-05	-7.6e-05	1.71693e-16
6.4e-05	-7.2e-05	2.20384e-17
6.4e-05	-6.8e-05	8.3067e-17
6.4e-05	-6.4e-05	-5.46187e-17
6.4e-05	-6e-05	1.50045e-16
6.4e-05	-5.6e-05	2.46879e-16
6.4e-05	-5.2e-05	1.16471e-16
6.4e-05	-4.8e-05	4.02218e-16
6.4e-05	-4.4e-05	1.85386e-16
6.4e-05	-4e-05	5.6096e-17
6.4e-05	-3.6e-05	1.66518e-16
6.4e-05	-3.2e-05	6.59479e-17
6.4e-05	-2.8e-05	5.56883e-17
6.4e-05	-2.4e-05	-1.18485e-17
6.4e-05	-2e-05	-1.51028e-16
6.4e-05	-1.6e-05	-2.44887e-17
6.4e-05	-1.2e-05	-1.42462e-16
6.4e-05	-8e-06	-1.92667e-16
6.4e-05	-4e-06	-1.88444e-16
6.4e-05	0	-1.47938e-16
6.4e-05	4e-06	-1.71958e-16
6.4e-05	8e-06	-2.56624e-16
6.4e-05	1.2e-05	-1.22006e-16
6.4e-05	1.6e-05	-1.84552e-16
6.4e-05	2e-05	-1.33043e-16
6.4e-05	2.4e-05	-2.5938e-16
6.4e-05	2.8e-05	9.49828e-18
6.4e-05	3.2e-05	-1.08189e-17
6.4e-05	3.6e-05	-2.89115e-17
6.4e-05	4e-05	-2.05473e-17
6.4e-05	4.4e-05	-8.65381e-17
6.4e-05	4.8e-05	1.10467e-17
6.4e-05	5.2e-05	-1.60812e-16
6.4e-05	5.6e-05	5.3043e-17
6.4e-05	6e-05	-8.16605e-17
6.4e-05	6.4e-05	1.33142e-16
6.4e-05	6.8e-05	-6.57267e-17
6.4e-05	7.2e-05	1.733e-16
6.4e-05	7.6e-05	7.01883e-18
6.8e-05	-8e-05	2.95096e-16
6.8e-05	-7.6e-05	-2.2375e-17
6.8e-05	-7.2e-05	3.40962e-16
6.8e-05	-6.8e-05	2.89984e-17
6.8e-05	-6.4e-05	2.67368e-16
6.8e-05	-6e-05	2.07173e-17
6.8e-05	-5.6e-05	2.3355e-16
6.8e-05	-5.2e-05	2.05085e-16
6.8e-05	-4.8e-05	2.40083e-16
6.8e-05	-4.4e-05	2.45712e-16
6.8e-05	-4e-05	1.37706e-16
6.8e-05	-3.6e-05	1.48792e-16
6.8e-05	-3.2e-05	2.55079e-17
6.8e-05	-2.8e-05	1.60447e-16
6.8e-05	-2.4e-05	-8.65566e-17
6.8e-05	-2e-05	1.99887e-16
6.8e-05	-1.6e-05	-2.67066e-16
6.8e-05	-1.2e-05	1.55267e-16
6.8e-05	-8e-06	-3.39894e-16
6.8e-05	-4e-06	-7.16129e-17
6.8e-05	0	-3.60327e-16
6.8e-05	4e-06	-1.9556e-16
6.8e-05	8e-06	-2.59214e-16
6.8e-05	1.2e-05	-3.70244e-16
6.8e-05	1.6e-05	-7.88177e-17
6.8e-05	2e-05	-4.00988e-16
6.8e-05	2.4e-05	6.81049e-17
6.8e-05	2.8e-05	-3.75054e-16
6.8e-05	3.2e-05	6.32467e-17
6.8e-05	3.6e-05	-1.94502e-16
6.8e-05	4e-05	4.05879e-17
6.8e-05	4.4e-05	-1.30782e-16
6.8e-05	4.8e-05	-1.04292e-17
6.8e-05	5.2e-05	1.12031e-18
6.8e-05	5.6e-05	-8.89017e-18
6.8e-05	6e-05	7.29832e-17
6.8e-05	6.4e-05	2.95468e-17
6.8e-05	6.8e-05	1.85489e-16
6.8e-05	7.2e-05	1.50772e-17
6.8e-05	7.6e-05	2.72138e-16
7.2e-05	-8e-05	-6.45006e-17
7.2e-05	-7.6e-05	3.55021e-16
7.2e-05	-7.2e-05	-9.87792e-17
7.2e-05	-6.8e-05	3.79537e-16
7.2e-05	-6.4e-05	-3.40274e-17
7.2e-05	-6e-05	3.44847e-16
7.2e-05	-5.6e-05	2.84143e-18
7.2e-05	-5.2e-05	2.38754e-16
7.2e-05	-4.8e-05	1.0467e-16
7.2e-05	-4.4e-05	1.4261e-16
7.2e-05	-4e-05	2.88805e-16
7.2e-05	-3.6e-05	4.8896e-17
7.2e-05	-3.2e-05	3.12697e-16
7.2e-05	-2.8e-05	-8.11912e-17
7.2e-05	-2.4e-05	5.23666e-16
7.2e-05	-2e-05	-2.8128e-16
7.2e-05	-1.6e-05	2.19974e-16
7.2e-05	-1.2e-05	-4.62088e-16
7.2e-05	-8e-06	1.39083e-16
7.2e-05	-4e-06	-5.49117e-16
7.2e-05	0	-1.78376e-16
7.2e-05	4e-06	-4.684e-16
7.2e-05	8e-06	-3.94311e-16
7.2e-05	1.2e-05	-2.0698e-16
7.2e-05	1.6e-05	-5.76527e-16
7.2e-05	2e-05	2.97051e-17
7.2e-05	2.4e-05	-4.29934e-16
7.2e-05	2.8e-05	9.49427e-17
7.2e-05	3.2e-05	-3.20836e-16
7.2e-05	3.6e-05	9.51585e-17
7.2e-05	4e-05	-1.89673e-16
7.2e-05	4.4e-05	9.42916e-17
7.2e-05	4.8e-05	-1.03584e-16
7.2e-05	5.2e-05	9.47827e-17
7.2e-05	5.6e-05	-5.22227e-19
7.2e-05	6e-05	1.63564e-16
7.2e-05	6.4e-05	1.27765e-16
7.2e-05	6.8e-05	8.50458e-17
7.2e-05	7.2e-05	2.52716e-16
7.2e-05	7.6e-05	1.45736e-17
7.6e-05	-8e-05	2.4216e-16
7.6e-05	-7.6e-05	-1.23273e-16
7.6e-05	-7.2e-05	2.82284e-16
7.6e-05	-6.8e-05	-8.6102e-17
7.6e-05	-6.4e-05	2.18488e-16
7.6e-05	-6e-05	4.64432e-18
7.6e-05	-5.6e-05	1.95972e-16
7.6e-05	-5.2e-05	4.8731e-17
7.6e-05	-4.8e-05	1.37522e-16
7.6e-05	-4.4e-05	1.16674e-16
7.6e-05	-4e-05	5.51199e-17
7.6e-05	-3.6e-05	2.17965e-16
7.6e-05	-3.2e-05	-5.04528e-17
7.6e-05	-2.8e-05	2.07395e-16
7.6e-05	-2.4e-05	-1.2929e-16
7.6e-05	-2e-05	4.99992e-16
7.6e-05	-1.6e-05	-2.65249e-16
7.6e-05	-1.2e-05	1.43902e-16
7.6e-05	-8e-06	-4.17761e-16
7.6e-05	-4e-06	-4.3413e-17
7.6e-05	0	-3.71067e-16
7.6e-05	4e-06	-2.30589e-16
7.6e-05	8e-06	-2.30793e-16
7.6e-05	1.2e-05	-2.89069e-16
7.6e-05	1.6e-05	-8.08008e-17
7.6e-05	2e-05	-3.18336e-16
7.6e-05	2.4e-05	6.86545e-17
7.6e-05	2.8e-05	-2.39588e-16
7.6e-05	3.2e-05	1.4746e-16
7.6e-05	3.6e-05	-1.70786e-16
7.6e-05	4e-05	1.85594e-16
7.6e-05	4.4e-05	-9.37529e-17
7.6e-05	4.8e-05	1.62758e-16
7.6e-05	5.2e-05	-2.23544e-17
7.6e-05	5.6e-05	1.21092e-16
7.6e-05	6e-05	1.17458e-17
7.6e-05	6.4e-05	1.3579e-16
7.6e-05	6.8e-05	1.2249e-16
7.6e-05	7.2e-05	8.66526e-17
7.6e-05	7.6e-05	1.14149e-16
