-8e-05	-8e-05	1.34048e-15
-8e-05	-7.6e-05	-2.64516e-15
-8e-05	-7.2e-05	4.53378e-16
-8e-05	-6.8e-05	6.93899e-16
-8e-05	-6.4e-05	-3.08873e-16
-8e-05	-6e-05	8.23218e-17
-8e-05	-5.6e-05	-5.67541e-18
-8e-05	-5.2e-05	-1.64191e-16
-8e-05	-4.8e-05	-6.48855e-16
-8e-05	-4.4e-05	-7.24888e-17
-8e-05	-4e-05	2.92269e-17
-8e-05	-3.6e-05	3.76921e-16
-8e-05	-3.2e-05	6.89208e-17
-8e-05	-2.8e-05	-3.07462e-16
-8e-05	-2.4e-05	-1.7364e-16
-8e-05	-2e-05	1.03713e-16
-8e-05	-1.6e-05	1.12545e-15
-8e-05	-1.2e-05	-1.55485e-16
-8e-05	-8e-06	1.20803e-15
-8e-05	-4e-06	-5.71455e-16
-8e-05	0	-1.00658e-15
-8e-05	4e-06	-1.35207e-16
-8e-05	8e-06	-5.86487e-16
-8e-05	1.2e-05	-5.35041e-16
-8e-05	1.6e-05	-6.15451e-18
-8e-05	2e-05	-4.10814e-16
-8e-05	2.4e-05	-4.8247e-17
-8e-05	2.8e-05	-7.46034e-16
-8e-05	3.2e-05	1.80531e-16
-8e-05	3.6e-05	2.55688e-16
-8e-05	4e-05	2.54375e-16
-8e-05	4.4e-05	6.77764e-16
-8e-05	4.8e-05	2.05125e-16
-8e-05	5.2e-05	-7.67099e-16
-8e-05	5.6e-05	5.92568e-16
-8e-05	6e-05	3.73746e-16
-8e-05	6.4e-05	-1.97346e-17
-8e-05	6.8e-05	9.63887e-16
-8e-05	7.2e-05	-1.15942e-15
-8e-05	7.6e-05	-2.94582e-16
-7.6e-05	-8e-05	1.07021e-15
-7.6e-05	-7.6e-05	-3.43698e-16
-7.6e-05	-7.2e-05	1.75137e-16
-7.6e-05	-6.8e-05	-4.46986e-16
-7.6e-05	-6.4e-05	-1.54455e-15
-7.6e-05	-6e-05	8.38055e-16
-7.6e-05	-5.6e-05	5.78549e-16
-7.6e-05	-5.2e-05	-1.277e-15
-7.6e-05	-4.8e-05	-1.68073e-15
-7.6e-05	-4.4e-05	-8.93006e-17
-7.6e-05	-4e-05	-1.07763e-15
-7.6e-05	-3.6e-05	-4.60214e-16
-7.6e-05	-3.2e-05	-1.95398e-15
-7.6e-05	-2.8e-05	1.09757e-15
-7.6e-05	-2.4e-05	-1.90963e-15
-7.6e-05	-2e-05	-2.0406e-15
-7.6e-05	-1.6e-05	4.6595e-15
-7.6e-05	-1.2e-05	4.22431e-16
-7.6e-05	-8e-06	2.42404e-15
-7.6e-05	-4e-06	-1.41791e-15
-7.6e-05	0	-1.57784e-15
-7.6e-05	4e-06	-1.67458e-15
-7.6e-05	8e-06	-4.60127e-15
-7.6e-05	1.2e-05	-6.98094e-16
-7.6e-05	1.6e-05	3.23711e-15
-7.6e-05	2e-05	-1.97612e-15
-7.6e-05	2.4e-05	2.4685e-15
-7.6e-05	2.8e-05	-3.91869e-15
-7.6e-05	3.2e-05	-5.17497e-16
-7.6e-05	3.6e-05	-2.97366e-15
-7.6e-05	4e-05	8.63194e-16
-7.6e-05	4.4e-05	-1.2598e-16
-7.6e-05	4.8e-05	-1.63422e-15
-7.6e-05	5.2e-05	-1.99785e-16
-7.6e-05	5.6e-05	-1.75971e-15
-7.6e-05	6e-05	6.68497e-16
-7.6e-05	6.4e-05	-1.06955e-15
-7.6e-05	6.8e-05	-7.22628e-16
-7.6e-05	7.2e-05	-7.68531e-16
-7.6e-05	7.6e-05	-7.71481e-17
-7.2e-05	-8e-05	1.66558e-18
-7.2e-05	-7.6e-05	4.43096e-16
-7.2e-05	-7.2e-05	8.83502e-17
-7.2e-05	-6.8e-05	-1.01379e-15
-7.2e-05	-6.4e-05	-2.29104e-15
-7.2e-05	-6e-05	5.89677e-16
-7.2e-05	-5.6e-05	9.96266e-17
-7.2e-05	-5.2e-05	-2.11079e-15
-7.2e-05	-4.8e-05	3.79551e-16
-7.2e-05	-4.4e-05	2.03549e-15
-7.2e-05	-4e-05	2.84982e-15
-7.2e-05	-3.6e-05	-4.21685e-17
-7.2e-05	-3.2e-05	-1.75427e-14
-7.2e-05	-2.8e-05	2.91278e-15
-7.2e-05	-2.4e-05	-6.64885e-16
-7.2e-05	-2e-05	7.51915e-16
-7.2e-05	-1.6e-05	6.55074e-16
-7.2e-05	-1.2e-05	2.69656e-15
-7.2e-05	-8e-06	2.82751e-15
-7.2e-05	-4e-06	5.02403e-16
-7.2e-05	0	-2.20073e-15
-7.2e-05	4e-06	-1.50478e-16
-7.2e-05	8e-06	-7.51209e-16
-7.2e-05	1.2e-05	-3.87814e-16
-7.2e-05	1.6e-05	-4.13808e-16
-7.2e-05	2e-05	-9.87364e-17
-7.2e-05	2.4e-05	-1.63744e-16
-7.2e-05	2.8e-05	-2.69075e-16
-7.2e-05	3.2e-05	-3.4864e-16
-7.2e-05	3.6e-05	-9.64849e-16
-7.2e-05	4e-05	-3.82327e-16
-7.2e-05	4.4e-05	-5.4762e-16
-7.2e-05	4.8e-05	2.55163e-16
-7.2e-05	5.2e-05	8.41719e-16
-7.2e-05	5.6e-05	2.01069e-16
-7.2e-05	6e-05	-1.09212e-15
-7.2e-05	6.4e-05	7.11155e-16
-7.2e-05	6.8e-05	-9.58658e-16
-7.2e-05	7.2e-05	-7.20957e-16
-7.2e-05	7.6e-05	-1.13742e-15
-6.8e-05	-8e-05	-3.67819e-16
-6.8e-05	-7.6e-05	-9.43327e-16
-6.8e-05	-7.2e-05	-1.15326e-15
-6.8e-05	-6.8e-05	-1.84875e-15
-6.8e-05	-6.4e-05	2.96096e-16
-6.8e-05	-6e-05	4.38742e-16
-6.8e-05	-5.6e-05	5.13937e-17
-6.8e-05	-5.2e-05	1.58061e-16
-6.8e-05	-4.8e-05	1.77626e-16
-6.8e-05	-4.4e-05	1.16086e-16
-6.8e-05	-4e-05	6.39503e-17
-6.8e-05	-3.6e-05	-4.35626e-16
-6.8e-05	-3.2e-05	-1.03271e-15
-6.8e-05	-2.8e-05	-1.64403e-16
-6.8e-05	-2.4e-05	-2.10111e-16
-6.8e-05	-2e-05	-6.53162e-16
-6.8e-05	-1.6e-05	-3.92066e-16
-6.8e-05	-1.2e-05	-1.95169e-16
-6.8e-05	-8e-06	3.63746e-16
-6.8e-05	-4e-06	-1.85978e-16
-6.8e-05	0	-4.55966e-17
-6.8e-05	4e-06	-3.31112e-16
-6.8e-05	8e-06	-3.36803e-16
-6.8e-05	1.2e-05	-5.72837e-16
-6.8e-05	1.6e-05	-2.45183e-16
-6.8e-05	2e-05	-1.98553e-16
-6.8e-05	2.4e-05	-5.01075e-16
-6.8e-05	2.8e-05	-2.58926e-16
-6.8e-05	3.2e-05	5.62725e-17
-6.8e-05	3.6e-05	3.19238e-16
-6.8e-05	4e-05	9.19762e-18
-6.8e-05	4.4e-05	-9.79359e-16
-6.8e-05	4.8e-05	-1.08329e-15
-6.8e-05	5.2e-05	4.31075e-18
-6.8e-05	5.6e-05	1.64914e-15
-6.8e-05	6e-05	4.54428e-16
-6.8e-05	6.4e-05	-2.90883e-16
-6.8e-05	6.8e-05	5.38203e-16
-6.8e-05	7.2e-05	-8.80281e-16
-6.8e-05	7.6e-05	5.43684e-17
-6.4e-05	-8e-05	-1.69609e-15
-6.4e-05	-7.6e-05	-1.24552e-16
-6.4e-05	-7.2e-05	-2.02119e-15
-6.4e-05	-6.8e-05	8.95887e-16
-6.4e-05	-6.4e-05	1.54456e-16
-6.4e-05	-6e-05	7.79427e-16
-6.4e-05	-5.6e-05	1.09261e-15
-6.4e-05	-5.2e-05	-9.15767e-17
-6.4e-05	-4.8e-05	-9.92772e-16
-6.4e-05	-4.4e-05	-9.19731e-16
-6.4e-05	-4e-05	1.73505e-16
-6.4e-05	-3.6e-05	2.70924e-16
-6.4e-05	-3.2e-05	5.61409e-16
-6.4e-05	-2.8e-05	-3.43187e-16
-6.4e-05	-2.4e-05	-7.06389e-16
-6.4e-05	-2e-05	-9.76158e-17
-6.4e-05	-1.6e-05	-2.6287e-16
-6.4e-05	-1.2e-05	-1.08457e-16
-6.4e-05	-8e-06	-8.5033e-17
-6.4e-05	-4e-06	1.89708e-16
-6.4e-05	0	-2.59063e-16
-6.4e-05	4e-06	-1.31082e-16
-6.4e-05	8e-06	-7.15746e-17
-6.4e-05	1.2e-05	-6.00613e-17
-6.4e-05	1.6e-05	-2.9441e-16
-6.4e-05	2e-05	-1.45319e-16
-6.4e-05	2.4e-05	-3.54069e-16
-6.4e-05	2.8e-05	-5.17075e-16
-6.4e-05	3.2e-05	-3.92303e-16
-6.4e-05	3.6e-05	-3.24476e-16
-6.4e-05	4e-05	6.94218e-16
-6.4e-05	4.4e-05	7.78254e-16
-6.4e-05	4.8e-05	-8.70998e-16
-6.4e-05	5.2e-05	-1.10787e-15
-6.4e-05	5.6e-05	4.23467e-16
-6.4e-05	6e-05	7.1282e-16
-6.4e-05	6.4e-05	7.05283e-16
-6.4e-05	6.8e-05	2.93231e-16
-6.4e-05	7.2e-05	9.04974e-16
-6.4e-05	7.6e-05	-2.43594e-16
-6e-05	-8e-05	6.44069e-16
-6e-05	-7.6e-05	-1.39419e-16
-6e-05	-7.2e-05	1.0032e-15
-6e-05	-6.8e-05	5.17333e-16
-6e-05	-6.4e-05	9.14616e-16
-6e-05	-6e-05	1.01357e-15
-6e-05	-5.6e-05	2.72165e-16
-6e-05	-5.2e-05	-7.71806e-16
-6e-05	-4.8e-05	-2.90855e-16
-6e-05	-4.4e-05	6.40768e-16
-6e-05	-4e-05	6.65661e-16
-6e-05	-3.6e-05	1.68963e-16
-6e-05	-3.2e-05	-5.1047e-16
-6e-05	-2.8e-05	1.21279e-16
-6e-05	-2.4e-05	-4.79262e-16
-6e-05	-2e-05	-4.96061e-16
-6e-05	-1.6e-05	-8.39417e-16
-6e-05	-1.2e-05	-1.19528e-16
-6e-05	-8e-06	-5.71111e-16
-6e-05	-4e-06	3.526e-16
-6e-05	0	-4.68638e-16
-6e-05	4e-06	-5.94642e-17
-6e-05	8e-06	-3.81512e-17
-6e-05	1.2e-05	2.95185e-17
-6e-05	1.6e-05	1.37801e-17
-6e-05	2e-05	-1.02228e-16
-6e-05	2.4e-05	-2.44151e-16
-6e-05	2.8e-05	-4.9848e-16
-6e-05	3.2e-05	2.2611e-16
-6e-05	3.6e-05	-1.08952e-15
-6e-05	4e-05	-1.28229e-16
-6e-05	4.4e-05	6.0165e-16
-6e-05	4.8e-05	6.92937e-16
-6e-05	5.2e-05	-5.81401e-16
-6e-05	5.6e-05	-1.00274e-15
-6e-05	6e-05	3.79917e-16
-6e-05	6.4e-05	4.42961e-16
-6e-05	6.8e-05	7.20935e-16
-6e-05	7.2e-05	5.89814e-16
-6e-05	7.6e-05	5.48061e-16
-5.6e-05	-8e-05	7.22422e-16
-5.6e-05	-7.6e-05	3.74679e-16
-5.6e-05	-7.2e-05	3.17111e-16
-5.6e-05	-6.8e-05	9.04418e-16
-5.6e-05	-6.4e-05	3.41098e-16
-5.6e-05	-6e-05	2.36397e-16
-5.6e-05	-5.6e-05	-6.52345e-16
-5.6e-05	-5.2e-05	-5.64227e-17
-5.6e-05	-4.8e-05	4.3813e-16
-5.6e-05	-4.4e-05	1.24292e-16
-5.6e-05	-4e-05	-1.28974e-16
-5.6e-05	-3.6e-05	-1.55839e-16
-5.6e-05	-3.2e-05	7.90469e-16
-5.6e-05	-2.8e-05	-6.67327e-16
-5.6e-05	-2.4e-05	-1.02388e-15
-5.6e-05	-2e-05	-1.54032e-15
-5.6e-05	-1.6e-05	-2.95624e-15
-5.6e-05	-1.2e-05	-4.11666e-15
-5.6e-05	-8e-06	1.05217e-15
-5.6e-05	-4e-06	2.91882e-15
-5.6e-05	0	-2.90512e-15
-5.6e-05	4e-06	-1.04609e-15
-5.6e-05	8e-06	3.47987e-15
-5.6e-05	1.2e-05	2.42072e-15
-5.6e-05	1.6e-05	6.91923e-16
-5.6e-05	2e-05	-1.67088e-16
-5.6e-05	2.4e-05	-6.63453e-16
-5.6e-05	2.8e-05	-5.13738e-16
-5.6e-05	3.2e-05	-1.83282e-16
-5.6e-05	3.6e-05	4.2238e-16
-5.6e-05	4e-05	3.80329e-16
-5.6e-05	4.4e-05	-2.61867e-16
-5.6e-05	4.8e-05	4.40231e-16
-5.6e-05	5.2e-05	1.0193e-17
-5.6e-05	5.6e-05	-2.34612e-16
-5.6e-05	6e-05	1.65432e-17
-5.6e-05	6.4e-05	3.83691e-16
-5.6e-05	6.8e-05	1.91088e-16
-5.6e-05	7.2e-05	1.11937e-15
-5.6e-05	7.6e-05	1.90117e-16
-5.2e-05	-8e-05	4.25435e-16
-5.2e-05	-7.6e-05	1.77314e-16
-5.2e-05	-7.2e-05	7.95739e-16
-5.2e-05	-6.8e-05	1.48563e-17
-5.2e-05	-6.4e-05	6.45383e-16
-5.2e-05	-6e-05	-6.90648e-17
-5.2e-05	-5.6e-05	1.24539e-16
-5.2e-05	-5.2e-05	2.71113e-16
-5.2e-05	-4.8e-05	3.14884e-16
-5.2e-05	-4.4e-05	3.52316e-17
-5.2e-05	-4e-05	9.74722e-16
-5.2e-05	-3.6e-05	9.83e-16
-5.2e-05	-3.2e-05	-4.38703e-16
-5.2e-05	-2.8e-05	-1.97199e-15
-5.2e-05	-2.4e-05	-4.25166e-15
-5.2e-05	-2e-05	-1.54198e-14
-5.2e-05	-1.6e-05	-4.36884e-14
-5.2e-05	-1.2e-05	-6.46116e-14
-5.2e-05	-8e-06	1.53935e-14
-5.2e-05	-4e-06	5.03274e-14
-5.2e-05	0	-4.97754e-14
-5.2e-05	4e-06	-1.39433e-14
-5.2e-05	8e-06	5.76589e-14
-5.2e-05	1.2e-05	3.84578e-14
-5.2e-05	1.6e-05	1.34576e-14
-5.2e-05	2e-05	3.34946e-15
-5.2e-05	2.4e-05	7.95364e-16
-5.2e-05	2.8e-05	-7.9716e-16
-5.2e-05	3.2e-05	-4.56721e-16
-5.2e-05	3.6e-05	2.918e-17
-5.2e-05	4e-05	7.36911e-16
-5.2e-05	4.4e-05	-6.49838e-17
-5.2e-05	4.8e-05	2.077e-16
-5.2e-05	5.2e-05	5.26601e-17
-5.2e-05	5.6e-05	1.10464e-16
-5.2e-05	6e-05	-1.46798e-16
-5.2e-05	6.4e-05	3.88029e-16
-5.2e-05	6.8e-05	4.37347e-16
-5.2e-05	7.2e-05	9.8271e-17
-5.2e-05	7.6e-05	8.31177e-16
-4.8e-05	-8e-05	2.6089e-16
-4.8e-05	-7.6e-05	2.8237e-16
-4.8e-05	-7.2e-05	-4.25636e-17
-4.8e-05	-6.8e-05	6.7386e-16
-4.8e-05	-6.4e-05	1.88475e-16
-4.8e-05	-6e-05	-1.06953e-16
-4.8e-05	-5.6e-05	1.44991e-16
-4.8e-05	-5.2e-05	2.17111e-16
-4.8e-05	-4.8e-05	1.90223e-16
-4.8e-05	-4.4e-05	7.36136e-16
-4.8e-05	-4e-05	5.75633e-16
-4.8e-05	-3.6e-05	-1.09902e-15
-4.8e-05	-3.2e-05	-2.30915e-15
-4.8e-05	-2.8e-05	-9.82832e-15
-4.8e-05	-2.4e-05	-5.02942e-14
-4.8e-05	-2e-05	-2.11842e-13
-4.8e-05	-1.6e-05	-6.45613e-13
-4.8e-05	-1.2e-05	-1.0561e-12
-4.8e-05	-8e-06	2.70135e-13
-4.8e-05	-4e-06	8.77839e-13
-4.8e-05	0	-8.76688e-13
-4.8e-05	4e-06	-2.44563e-13
-4.8e-05	8e-06	9.42298e-13
-4.8e-05	1.2e-05	5.74042e-13
-4.8e-05	1.6e-05	1.87526e-13
-4.8e-05	2e-05	4.42525e-14
-4.8e-05	2.4e-05	8.7669e-15
-4.8e-05	2.8e-05	1.85917e-15
-4.8e-05	3.2e-05	-6.58732e-16
-4.8e-05	3.6e-05	-3.67805e-16
-4.8e-05	4e-05	-2.03267e-16
-4.8e-05	4.4e-05	1.44525e-16
-4.8e-05	4.8e-05	9.74682e-17
-4.8e-05	5.2e-05	1.09236e-16
-4.8e-05	5.6e-05	2.62506e-16
-4.8e-05	6e-05	-1.26735e-16
-4.8e-05	6.4e-05	-2.21587e-17
-4.8e-05	6.8e-05	9.10412e-16
-4.8e-05	7.2e-05	5.06385e-16
-4.8e-05	7.6e-05	3.40164e-16
-4.4e-05	-8e-05	-7.69908e-17
-4.4e-05	-7.6e-05	8.80372e-16
-4.4e-05	-7.2e-05	4.9767e-16
-4.4e-05	-6.8e-05	6.599e-16
-4.4e-05	-6.4e-05	4.63258e-16
-4.4e-05	-6e-05	5.64074e-16
-4.4e-05	-5.6e-05	5.50481e-16
-4.4e-05	-5.2e-05	4.92356e-16
-4.4e-05	-4.8e-05	7.94184e-16
-4.4e-05	-4.4e-05	1.67023e-16
-4.4e-05	-4e-05	-7.91061e-16
-4.4e-05	-3.6e-05	-2.37774e-15
-4.4e-05	-3.2e-05	-1.68659e-14
-4.4e-05	-2.8e-05	-1.11511e-13
-4.4e-05	-2.4e-05	-6.21629e-13
-4.4e-05	-2e-05	-2.852e-12
-4.4e-05	-1.6e-05	-9.56363e-12
-4.4e-05	-1.2e-05	-1.73567e-11
-4.4e-05	-8e-06	4.70889e-12
-4.4e-05	-4e-06	1.53413e-11
-4.4e-05	0	-1.53494e-11
-4.4e-05	4e-06	-4.17338e-12
-4.4e-05	8e-06	1.54884e-11
-4.4e-05	1.2e-05	8.49473e-12
-4.4e-05	1.6e-05	2.52728e-12
-4.4e-05	2e-05	5.48953e-13
-4.4e-05	2.4e-05	9.77327e-14
-4.4e-05	2.8e-05	1.55358e-14
-4.4e-05	3.2e-05	1.27943e-15
-4.4e-05	3.6e-05	-4.67848e-16
-4.4e-05	4e-05	1.92257e-16
-4.4e-05	4.4e-05	-7.75971e-16
-4.4e-05	4.8e-05	-4.59002e-16
-4.4e-05	5.2e-05	4.75988e-16
-4.4e-05	5.6e-05	-7.57165e-17
-4.4e-05	6e-05	4.38188e-16
-4.4e-05	6.4e-05	3.7526e-16
-4.4e-05	6.8e-05	9.31655e-16
-4.4e-05	7.2e-05	1.0288e-16
-4.4e-05	7.6e-05	1.42458e-15
-4e-05	-8e-05	1.22301e-15
-4e-05	-7.6e-05	1.00026e-15
-4e-05	-7.2e-05	4.99122e-16
-4e-05	-6.8e-05	1.2807e-15
-4e-05	-6.4e-05	2.93784e-16
-4e-05	-6e-05	1.18682e-15
-4e-05	-5.6e-05	2.29845e-16
-4e-05	-5.2e-05	8.75461e-16
-4e-05	-4.8e-05	8.2294e-17
-4e-05	-4.4e-05	-1.11349e-15
-4e-05	-4e-05	-2.6553e-15
-4e-05	-3.6e-05	-2.29574e-14
-4e-05	-3.2e-05	-1.75085e-13
-4e-05	-2.8e-05	-1.21856e-12
-4e-05	-2.4e-05	-7.45649e-12
-4e-05	-2e-05	-3.76421e-11
-4e-05	-1.6e-05	-1.40233e-10
-4e-05	-1.2e-05	-2.86448e-10
-4e-05	-8e-06	8.10625e-11
-4e-05	-4e-06	2.68166e-10
-4e-05	0	-2.68839e-10
-4e-05	4e-06	-7.01963e-11
-4e-05	8e-06	2.55607e-10
-4e-05	1.2e-05	1.24484e-10
-4e-05	1.6e-05	3.33296e-11
-4e-05	2e-05	6.59275e-12
-4e-05	2.4e-05	1.07465e-12
-4e-05	2.8e-05	1.53947e-13
-4e-05	3.2e-05	1.93965e-14
-4e-05	3.6e-05	1.83777e-15
-4e-05	4e-05	-2.94544e-16
-4e-05	4.4e-05	-3.4309e-16
-4e-05	4.8e-05	-8.23687e-16
-4e-05	5.2e-05	2.59412e-16
-4e-05	5.6e-05	-2.84586e-16
-4e-05	6e-05	-2.0138e-17
-4e-05	6.4e-05	-2.14651e-16
-4e-05	6.8e-05	8.33722e-16
-4e-05	7.2e-05	5.39211e-16
-4e-05	7.6e-05	4.70636e-16
-3.6e-05	-8e-05	8.88316e-16
-3.6e-05	-7.6e-05	9.8995e-16
-3.6e-05	-7.2e-05	1.08873e-15
-3.6e-05	-6.8e-05	7.88352e-16
-3.6e-05	-6.4e-05	6.53049e-16
-3.6e-05	-6e-05	8.30939e-16
-3.6e-05	-5.6e-05	-3.88824e-16
-3.6e-05	-5.2e-05	8.43998e-16
-3.6e-05	-4.8e-05	-1.25295e-15
-3.6e-05	-4.4e-05	-2.65556e-15
-3.6e-05	-4e-05	-2.22709e-14
-3.6e-05	-3.6e-05	-1.99828e-13
-3.6e-05	-3.2e-05	-1.66906e-12
-3.6e-05	-2.8e-05	-1.27789e-11
-3.6e-05	-2.4e-05	-8.61226e-11
-3.6e-05	-2e-05	-4.83487e-10
-3.6e-05	-1.6e-05	-2.02841e-09
-3.6e-05	-1.2e-05	-4.74833e-09
-3.6e-05	-8e-06	1.37897e-09
-3.6e-05	-4e-06	4.68935e-09
-3.6e-05	0	-4.71088e-09
-3.6e-05	4e-06	-1.16496e-09
-3.6e-05	8e-06	4.2356e-09
-3.6e-05	1.2e-05	1.79934e-09
-3.6e-05	1.6e-05	4.27776e-10
-3.6e-05	2e-05	7.60712e-11
-3.6e-05	2.4e-05	1.12746e-11
-3.6e-05	2.8e-05	1.47107e-12
-3.6e-05	3.2e-05	1.74772e-13
-3.6e-05	3.6e-05	1.911e-14
-3.6e-05	4e-05	1.42992e-15
-3.6e-05	4.4e-05	-4.00817e-16
-3.6e-05	4.8e-05	-1.36111e-15
-3.6e-05	5.2e-05	-2.22494e-16
-3.6e-05	5.6e-05	-4.16424e-16
-3.6e-05	6e-05	-4.46499e-16
-3.6e-05	6.4e-05	4.09718e-16
-3.6e-05	6.8e-05	-1.99483e-16
-3.6e-05	7.2e-05	7.05321e-16
-3.6e-05	7.6e-05	2.1998e-17
-3.2e-05	-8e-05	1.29634e-15
-3.2e-05	-7.6e-05	4.04503e-16
-3.2e-05	-7.2e-05	1.26064e-15
-3.2e-05	-6.8e-05	-2.81332e-17
-3.2e-05	-6.4e-05	7.36525e-16
-3.2e-05	-6e-05	-5.16579e-16
-3.2e-05	-5.6e-05	-1.61189e-16
-3.2e-05	-5.2e-05	-2.247e-16
-3.2e-05	-4.8e-05	-2.86281e-15
-3.2e-05	-4.4e-05	-1.58609e-14
-3.2e-05	-4e-05	-1.67354e-13
-3.2e-05	-3.6e-05	-1.62894e-12
-3.2e-05	-3.2e-05	-1.49697e-11
-3.2e-05	-2.8e-05	-1.26241e-10
-3.2e-05	-2.4e-05	-9.46897e-10
-3.2e-05	-2e-05	-5.99156e-09
-3.2e-05	-1.6e-05	-2.87939e-08
-3.2e-05	-1.2e-05	-7.90438e-08
-3.2e-05	-8e-06	2.32049e-08
-3.2e-05	-4e-06	8.205e-08
-3.2e-05	0	-8.26043e-08
-3.2e-05	4e-06	-1.90769e-08
-3.2e-05	8e-06	7.04533e-08
-3.2e-05	1.2e-05	2.55197e-08
-3.2e-05	1.6e-05	5.29661e-09
-3.2e-05	2e-05	8.35668e-10
-3.2e-05	2.4e-05	1.1127e-10
-3.2e-05	2.8e-05	1.31823e-11
-3.2e-05	3.2e-05	1.43364e-12
-3.2e-05	3.6e-05	1.46158e-13
-3.2e-05	4e-05	1.31724e-14
-3.2e-05	4.4e-05	8.32487e-16
-3.2e-05	4.8e-05	-3.16712e-16
-3.2e-05	5.2e-05	-1.17646e-15
-3.2e-05	5.6e-05	6.1638e-17
-3.2e-05	6e-05	-1.29562e-15
-3.2e-05	6.4e-05	-4.77602e-16
-3.2e-05	6.8e-05	-7.79242e-16
-3.2e-05	7.2e-05	-6.17719e-16
-3.2e-05	7.6e-05	-3.45853e-16
-2.8e-05	-8e-05	2.69289e-16
-2.8e-05	-7.6e-05	1.3679e-16
-2.8e-05	-7.2e-05	-1.16237e-16
-2.8e-05	-6.8e-05	-5.37508e-16
-2.8e-05	-6.4e-05	-4.16835e-16
-2.8e-05	-6e-05	-1.15293e-15
-2.8e-05	-5.6e-05	-2.28633e-16
-2.8e-05	-5.2e-05	-2.2904e-15
-2.8e-05	-4.8e-05	-8.67371e-15
-2.8e-05	-4.4e-05	-1.00775e-13
-2.8e-05	-4e-05	-1.12887e-12
-2.8e-05	-3.6e-05	-1.21024e-11
-2.8e-05	-3.2e-05	-1.22617e-10
-2.8e-05	-2.8e-05	-1.1517e-09
-2.8e-05	-2.4e-05	-9.74536e-09
-2.8e-05	-2e-05	-7.06959e-08
-2.8e-05	-1.6e-05	-3.97933e-07
-2.8e-05	-1.2e-05	-1.32106e-06
-2.8e-05	-8e-06	3.86473e-07
-2.8e-05	-4e-06	1.43674e-06
-2.8e-05	0	-1.44963e-06
-2.8e-05	4e-06	-3.0801e-07
-2.8e-05	8e-06	1.17602e-06
-2.8e-05	1.2e-05	3.52298e-07
-2.8e-05	1.6e-05	6.24316e-08
-2.8e-05	2e-05	8.59183e-09
-2.8e-05	2.4e-05	1.01408e-09
-2.8e-05	2.8e-05	1.07851e-10
-2.8e-05	3.2e-05	1.06362e-11
-2.8e-05	3.6e-05	9.90211e-13
-2.8e-05	4e-05	8.81586e-14
-2.8e-05	4.4e-05	7.23892e-15
-2.8e-05	4.8e-05	5.02119e-16
-2.8e-05	5.2e-05	-2.77958e-16
-2.8e-05	5.6e-05	-8.06603e-16
-2.8e-05	6e-05	-4.68401e-17
-2.8e-05	6.4e-05	-1.03554e-15
-2.8e-05	6.8e-05	-2.17598e-16
-2.8e-05	7.2e-05	-1.079e-15
-2.8e-05	7.6e-05	-4.50249e-17
-2.4e-05	-8e-05	-3.12502e-16
-2.4e-05	-7.6e-05	4.42586e-16
-2.4e-05	-7.2e-05	-2.97849e-16
-2.4e-05	-6.8e-05	2.56242e-18
-2.4e-05	-6.4e-05	-9.37075e-16
-2.4e-05	-6e-05	2.09623e-16
-2.4e-05	-5.6e-05	-1.01794e-15
-2.4e-05	-5.2e-05	-3.35294e-15
-2.4e-05	-4.8e-05	-4.29304e-14
-2.4e-05	-4.4e-05	-5.4064e-13
-2.4e-05	-4e-05	-6.63026e-12
-2.4e-05	-3.6e-05	-7.84879e-11
-2.4e-05	-3.2e-05	-8.86547e-10
-2.4e-05	-2.8e-05	-9.40473e-09
-2.4e-05	-2.4e-05	-9.13538e-08
-2.4e-05	-2e-05	-7.77114e-07
-2.4e-05	-1.6e-05	-5.28213e-06
-2.4e-05	-1.2e-05	-2.2161e-05
-2.4e-05	-8e-06	6.37076e-06
-2.4e-05	-4e-06	2.51811e-05
-2.4e-05	0	-2.54633e-05
-2.4e-05	4e-06	-4.89535e-06
-2.4e-05	8e-06	1.96938e-05
-2.4e-05	1.2e-05	4.67004e-06
-2.4e-05	1.6e-05	6.85395e-07
-2.4e-05	2e-05	8.04372e-08
-2.4e-05	2.4e-05	8.26992e-09
-2.4e-05	2.8e-05	7.78697e-10
-2.4e-05	3.2e-05	6.88715e-11
-2.4e-05	3.6e-05	5.81322e-12
-2.4e-05	4e-05	4.72903e-13
-2.4e-05	4.4e-05	3.70926e-14
-2.4e-05	4.8e-05	2.33918e-15
-2.4e-05	5.2e-05	-4.88685e-16
-2.4e-05	5.6e-05	-3.92225e-16
-2.4e-05	6e-05	-6.11589e-16
-2.4e-05	6.4e-05	-3.88092e-16
-2.4e-05	6.8e-05	-9.20038e-16
-2.4e-05	7.2e-05	-9.75626e-16
-2.4e-05	7.6e-05	-3.21655e-16
-2e-05	-8e-05	2.87541e-16
-2e-05	-7.6e-05	-6.25709e-16
-2e-05	-7.2e-05	-1.98711e-16
-2e-05	-6.8e-05	-5.49162e-16
-2e-05	-6.4e-05	-5.36282e-16
-2e-05	-6e-05	-5.74092e-16
-2e-05	-5.6e-05	-1.36444e-15
-2e-05	-5.2e-05	-1.24079e-14
-2e-05	-4.8e-05	-1.68796e-13
-2e-05	-4.4e-05	-2.32532e-12
-2e-05	-4e-05	-3.15276e-11
-2e-05	-3.6e-05	-4.16749e-10
-2e-05	-3.2e-05	-5.32693e-09
-2e-05	-2.8e-05	-6.50188e-08
-2e-05	-2.4e-05	-7.42475e-07
-2e-05	-2e-05	-7.64532e-06
-2e-05	-1.6e-05	-6.56348e-05
-2e-05	-1.2e-05	-0.000373042
-2e-05	-8e-06	0.000103901
-2e-05	-4e-06	0.0004418
-2e-05	0	-0.000447733
-2e-05	4e-06	-7.63784e-05
-2e-05	8e-06	0.000330767
-2e-05	1.2e-05	5.79295e-05
-2e-05	1.6e-05	6.73171e-06
-2e-05	2e-05	6.52606e-07
-2e-05	2.4e-05	5.70664e-08
-2e-05	2.8e-05	4.66953e-09
-2e-05	3.2e-05	3.6491e-10
-2e-05	3.6e-05	2.75777e-11
-2e-05	4e-05	2.03204e-12
-2e-05	4.4e-05	1.47241e-13
-2e-05	4.8e-05	1.07603e-14
-2e-05	5.2e-05	6.35512e-16
-2e-05	5.6e-05	-2.00624e-16
-2e-05	6e-05	1.83331e-16
-2e-05	6.4e-05	-4.06199e-16
-2e-05	6.8e-05	-6.90097e-16
-2e-05	7.2e-05	-2.8651e-16
-2e-05	7.6e-05	-6.80193e-16
-1.6e-05	-8e-05	-1.83811e-16
-1.6e-05	-7.6e-05	4.06095e-16
-1.6e-05	-7.2e-05	1.08617e-16
-1.6e-05	-6.8e-05	-6.63839e-16
-1.6e-05	-6.4e-05	-3.604e-16
-1.6e-05	-6e-05	-3.58373e-16
-1.6e-05	-5.6e-05	-1.91916e-15
-1.6e-05	-5.2e-05	-2.87661e-14
-1.6e-05	-4.8e-05	-4.5285e-13
-1.6e-05	-4.4e-05	-6.93309e-12
-1.6e-05	-4e-05	-1.0533e-10
-1.6e-05	-3.6e-05	-1.58265e-09
-1.6e-05	-3.2e-05	-2.34034e-08
-1.6e-05	-2.8e-05	-3.37953e-07
-1.6e-05	-2.4e-05	-4.70435e-06
-1.6e-05	-2e-05	-6.16215e-05
-1.6e-05	-1.6e-05	-0.000719566
-1.6e-05	-1.2e-05	-0.00629952
-1.6e-05	-8e-06	0.00167495
-1.6e-05	-4e-06	0.00776022
-1.6e-05	0	-0.00788145
-1.6e-05	4e-06	-0.00116464
-1.6e-05	8e-06	0.0055701
-1.6e-05	1.2e-05	0.00063358
-1.6e-05	1.6e-05	5.41197e-05
-1.6e-05	2e-05	4.12312e-06
-1.6e-05	2.4e-05	2.95665e-07
-1.6e-05	2.8e-05	2.04423e-08
-1.6e-05	3.2e-05	1.38046e-09
-1.6e-05	3.6e-05	9.17594e-11
-1.6e-05	4e-05	6.03404e-12
-1.6e-05	4.4e-05	3.93943e-13
-1.6e-05	4.8e-05	2.57538e-14
-1.6e-05	5.2e-05	1.35006e-15
-1.6e-05	5.6e-05	9.92592e-16
-1.6e-05	6e-05	2.64915e-16
-1.6e-05	6.4e-05	4.04052e-16
-1.6e-05	6.8e-05	-4.63694e-16
-1.6e-05	7.2e-05	-2.07487e-16
-1.6e-05	7.6e-05	5.54493e-16
-1.2e-05	-8e-05	9.36699e-16
-1.2e-05	-7.6e-05	5.73298e-16
-1.2e-05	-7.2e-05	5.08822e-16
-1.2e-05	-6.8e-05	4.26162e-16
-1.2e-05	-6.4e-05	3.88055e-16
-1.2e-05	-6e-05	2.08117e-16
-1.2e-05	-5.6e-05	-1.01813e-15
-1.2e-05	-5.2e-05	-2.91486e-14
-1.2e-05	-4.8e-05	-4.99035e-13
-1.2e-05	-4.4e-05	-8.68192e-12
-1.2e-05	-4e-05	-1.53038e-10
-1.2e-05	-3.6e-05	-2.73235e-09
-1.2e-05	-3.2e-05	-4.93386e-08
-1.2e-05	-2.8e-05	-8.99612e-07
-1.2e-05	-2.4e-05	-1.6537e-05
-1.2e-05	-2e-05	-0.000306021
-1.2e-05	-1.6e-05	-0.00569339
-1.2e-05	-1.2e-05	-0.106371
-1.2e-05	-8e-06	0.0259979
-1.2e-05	-4e-06	0.136484
-1.2e-05	0	-0.138278
-1.2e-05	4e-06	-0.0175326
-1.2e-05	8e-06	0.0935943
-1.2e-05	1.2e-05	0.0049897
-1.2e-05	1.6e-05	0.000267142
-1.2e-05	2e-05	1.43808e-05
-1.2e-05	2.4e-05	7.79483e-07
-1.2e-05	2.8e-05	4.26098e-08
-1.2e-05	3.2e-05	2.35307e-09
-1.2e-05	3.6e-05	1.31504e-10
-1.2e-05	4e-05	7.4487e-12
-1.2e-05	4.4e-05	4.28379e-13
-1.2e-05	4.8e-05	2.51679e-14
-1.2e-05	5.2e-05	1.62817e-15
-1.2e-05	5.6e-05	2.34965e-16
-1.2e-05	6e-05	5.31087e-16
-1.2e-05	6.4e-05	-6.84334e-17
-1.2e-05	6.8e-05	-3.13471e-16
-1.2e-05	7.2e-05	5.8158e-16
-1.2e-05	7.6e-05	2.11341e-16
-8e-06	-8e-05	9.46855e-17
-8e-06	-7.6e-05	5.21505e-16
-8e-06	-7.2e-05	7.00191e-16
-8e-06	-6.8e-05	6.8509e-17
-8e-06	-6.4e-05	2.2907e-16
-8e-06	-6e-05	3.32756e-16
-8e-06	-5.6e-05	1.90174e-15
-8e-06	-5.2e-05	3.96356e-14
-8e-06	-4.8e-05	7.49546e-13
-8e-06	-4.4e-05	1.42276e-11
-8e-06	-4e-05	2.68628e-10
-8e-06	-3.6e-05	5.05139e-09
-8e-06	-3.2e-05	9.47008e-08
-8e-06	-2.8e-05	1.77142e-06
-8e-06	-2.4e-05	3.30804e-05
-8e-06	-2e-05	0.00061702
-8e-06	-1.6e-05	0.0114989
-8e-06	-1.2e-05	0.214169
-8e-06	-8e-06	-0.0949781
-8e-06	-4e-06	-0.186961
-8e-06	0	0.195457
-8e-06	4e-06	0.0739964
-8e-06	8e-06	-0.195347
-8e-06	1.2e-05	-0.0104497
-8e-06	1.6e-05	-0.000558528
-8e-06	2e-05	-2.98193e-05
-8e-06	2.4e-05	-1.58962e-06
-8e-06	2.8e-05	-8.45704e-08
-8e-06	3.2e-05	-4.48728e-09
-8e-06	3.6e-05	-2.37251e-10
-8e-06	4e-05	-1.24847e-11
-8e-06	4.4e-05	-6.52792e-13
-8e-06	4.8e-05	-3.40821e-14
-8e-06	5.2e-05	-2.57799e-15
-8e-06	5.6e-05	7.67974e-16
-8e-06	6e-05	-5.26563e-17
-8e-06	6.4e-05	1.69294e-16
-8e-06	6.8e-05	-4.33428e-16
-8e-06	7.2e-05	4.69669e-17
-8e-06	7.6e-05	3.58264e-16
-4e-06	-8e-05	8.41316e-16
-4e-06	-7.6e-05	8.25135e-17
-4e-06	-7.2e-05	3.5247e-16
-4e-06	-6.8e-05	5.11989e-16
-4e-06	-6.4e-05	4.48853e-16
-4e-06	-6e-05	-9.1778e-16
-4e-06	-5.6e-05	-2.36728e-15
-4e-06	-5.2e-05	-6.25366e-14
-4e-06	-4.8e-05	-1.14356e-12
-4e-06	-4.4e-05	-2.10535e-11
-4e-06	-4e-05	-3.8787e-10
-4e-06	-3.6e-05	-7.15283e-09
-4e-06	-3.2e-05	-1.32016e-07
-4e-06	-2.8e-05	-2.43821e-06
-4e-06	-2.4e-05	-4.50571e-05
-4e-06	-2e-05	-0.000833041
-4e-06	-1.6e-05	-0.0154082
-4e-06	-1.2e-05	-0.2851
-4e-06	-8e-06	0.157421
-4e-06	-4e-06	0.177649
-4e-06	0	-0.182212
-4e-06	4e-06	-0.146676
-4e-06	8e-06	0.276068
-4e-06	1.2e-05	0.0149025
-4e-06	1.6e-05	0.000804717
-4e-06	2e-05	4.34696e-05
-4e-06	2.4e-05	2.34917e-06
-4e-06	2.8e-05	1.27018e-07
-4e-06	3.2e-05	6.87197e-09
-4e-06	3.6e-05	3.72068e-10
-4e-06	4e-05	2.01629e-11
-4e-06	4.4e-05	1.09369e-12
-4e-06	4.8e-05	5.92145e-14
-4e-06	5.2e-05	3.71928e-15
-4e-06	5.6e-05	2.12281e-16
-4e-06	6e-05	4.12734e-16
-4e-06	6.4e-05	-1.20945e-15
-4e-06	6.8e-05	1.85571e-17
-4e-06	7.2e-05	4.00707e-16
-4e-06	7.6e-05	2.92996e-16
0	-8e-05	-1.83626e-16
0	-7.6e-05	6.93389e-16
0	-7.2e-05	5.00819e-16
0	-6.8e-05	5.37935e-16
0	-6.4e-05	-5.1623e-16
0	-6e-05	5.36583e-16
0	-5.6e-05	2.90872e-15
0	-5.2e-05	6.02757e-14
0	-4.8e-05	1.09354e-12
0	-4.4e-05	2.01633e-11
0	-4e-05	3.72068e-10
0	-3.6e-05	6.87197e-09
0	-3.2e-05	1.27018e-07
0	-2.8e-05	2.34917e-06
0	-2.4e-05	4.34696e-05
0	-2e-05	0.000804717
0	-1.6e-05	0.0149025
0	-1.2e-05	0.276068
0	-8e-06	-0.146676
0	-4e-06	-0.182212
0	0	0.177649
0	4e-06	0.157421
0	8e-06	-0.2851
0	1.2e-05	-0.0154082
0	1.6e-05	-0.000833041
0	2e-05	-4.50571e-05
0	2.4e-05	-2.43821e-06
0	2.8e-05	-1.32016e-07
0	3.2e-05	-7.15283e-09
0	3.6e-05	-3.8787e-10
0	4e-05	-2.10538e-11
0	4.4e-05	-1.14365e-12
0	4.8e-05	-6.24695e-14
0	5.2e-05	-3.70943e-15
0	5.6e-05	2.74614e-16
0	6e-05	-5.01694e-16
0	6.4e-05	-3.45751e-16
0	6.8e-05	7.2812e-16
0	7.2e-05	3.44435e-16
0	7.6e-05	-4.80291e-17
4e-06	-8e-05	2.29889e-16
4e-06	-7.6e-05	2.31387e-16
4e-06	-7.2e-05	-1.95971e-16
4e-06	-6.8e-05	5.61898e-16
4e-06	-6.4e-05	6.25401e-16
4e-06	-6e-05	-5.78586e-16
4e-06	-5.6e-05	-1.47012e-15
4e-06	-5.2e-05	-3.35111e-14
4e-06	-4.8e-05	-6.52425e-13
4e-06	-4.4e-05	-1.24845e-11
4e-06	-4e-05	-2.37251e-10
4e-06	-3.6e-05	-4.48728e-09
4e-06	-3.2e-05	-8.45704e-08
4e-06	-2.8e-05	-1.58962e-06
4e-06	-2.4e-05	-2.98193e-05
4e-06	-2e-05	-0.000558528
4e-06	-1.6e-05	-0.0104497
4e-06	-1.2e-05	-0.195347
4e-06	-8e-06	0.0739964
4e-06	-4e-06	0.195457
4e-06	0	-0.186961
4e-06	4e-06	-0.0949781
4e-06	8e-06	0.214169
4e-06	1.2e-05	0.0114989
4e-06	1.6e-05	0.00061702
4e-06	2e-05	3.30804e-05
4e-06	2.4e-05	1.77142e-06
4e-06	2.8e-05	9.47008e-08
4e-06	3.2e-05	5.05139e-09
4e-06	3.6e-05	2.68628e-10
4e-06	4e-05	1.42274e-11
4e-06	4.4e-05	7.49242e-13
4e-06	4.8e-05	3.84989e-14
4e-06	5.2e-05	2.53239e-15
4e-06	5.6e-05	-9.47224e-17
4e-06	6e-05	-6.75764e-17
4e-06	6.4e-05	-4.10061e-16
4e-06	6.8e-05	2.79343e-16
4e-06	7.2e-05	1.41761e-16
4e-06	7.6e-05	2.92451e-16
8e-06	-8e-05	-5.56802e-16
8e-06	-7.6e-05	-2.96418e-16
8e-06	-7.2e-05	2.34256e-16
8e-06	-6.8e-05	2.32137e-16
8e-06	-6.4e-05	-2.01984e-16
8e-06	-6e-05	3.32627e-16
8e-06	-5.6e-05	7.40543e-16
8e-06	-5.2e-05	2.55111e-14
8e-06	-4.8e-05	4.28243e-13
8e-06	-4.4e-05	7.4504e-12
8e-06	-4e-05	1.31505e-10
8e-06	-3.6e-05	2.35307e-09
8e-06	-3.2e-05	4.26098e-08
8e-06	-2.8e-05	7.79483e-07
8e-06	-2.4e-05	1.43808e-05
8e-06	-2e-05	0.000267142
8e-06	-1.6e-05	0.0049897
8e-06	-1.2e-05	0.0935943
8e-06	-8e-06	-0.0175326
8e-06	-4e-06	-0.138278
8e-06	0	0.136484
8e-06	4e-06	0.0259979
8e-06	8e-06	-0.106371
8e-06	1.2e-05	-0.00569339
8e-06	1.6e-05	-0.000306021
8e-06	2e-05	-1.6537e-05
8e-06	2.4e-05	-8.99612e-07
8e-06	2.8e-05	-4.93386e-08
8e-06	3.2e-05	-2.73235e-09
8e-06	3.6e-05	-1.53038e-10
8e-06	4e-05	-8.68279e-12
8e-06	4.4e-05	-4.99713e-13
8e-06	4.8e-05	-2.93743e-14
8e-06	5.2e-05	-1.79558e-15
8e-06	5.6e-05	-1.22705e-16
8e-06	6e-05	-7.18054e-16
8e-06	6.4e-05	-9.51883e-17
8e-06	6.8e-05	3.73541e-16
8e-06	7.2e-05	4.83517e-16
8e-06	7.6e-05	-8.30366e-16
1.2e-05	-8e-05	-3.49247e-16
1.2e-05	-7.6e-05	3.47335e-16
1.2e-05	-7.2e-05	-3.31482e-17
1.2e-05	-6.8e-05	-3.64532e-16
1.2e-05	-6.4e-05	6.83457e-16
1.2e-05	-6e-05	-3.23024e-16
1.2e-05	-5.6e-05	1.41111e-15
1.2e-05	-5.2e-05	2.57614e-14
1.2e-05	-4.8e-05	3.93988e-13
1.2e-05	-4.4e-05	6.03424e-12
1.2e-05	-4e-05	9.1759e-11
1.2e-05	-3.6e-05	1.38046e-09
1.2e-05	-3.2e-05	2.04423e-08
1.2e-05	-2.8e-05	2.95665e-07
1.2e-05	-2.4e-05	4.12312e-06
1.2e-05	-2e-05	5.41197e-05
1.2e-05	-1.6e-05	0.00063358
1.2e-05	-1.2e-05	0.0055701
1.2e-05	-8e-06	-0.00116464
1.2e-05	-4e-06	-0.00788145
1.2e-05	0	0.00776022
1.2e-05	4e-06	0.00167495
1.2e-05	8e-06	-0.00629952
1.2e-05	1.2e-05	-0.000719566
1.2e-05	1.6e-05	-6.16215e-05
1.2e-05	2e-05	-4.70435e-06
1.2e-05	2.4e-05	-3.37953e-07
1.2e-05	2.8e-05	-2.34034e-08
1.2e-05	3.2e-05	-1.58266e-09
1.2e-05	3.6e-05	-1.0533e-10
1.2e-05	4e-05	-6.93361e-12
1.2e-05	4.4e-05	-4.53444e-13
1.2e-05	4.8e-05	-2.97012e-14
1.2e-05	5.2e-05	-2.08712e-15
1.2e-05	5.6e-05	-7.1947e-16
1.2e-05	6e-05	-6.13778e-16
1.2e-05	6.4e-05	5.20077e-16
1.2e-05	6.8e-05	1.04121e-16
1.2e-05	7.2e-05	-1.16689e-16
1.2e-05	7.6e-05	-1.63413e-16
1.6e-05	-8e-05	2.36106e-16
1.6e-05	-7.6e-05	-9.99389e-16
1.6e-05	-7.2e-05	2.93991e-16
1.6e-05	-6.8e-05	1.37401e-16
1.6e-05	-6.4e-05	-4.8515e-17
1.6e-05	-6e-05	2.66632e-16
1.6e-05	-5.6e-05	9.13108e-16
1.6e-05	-5.2e-05	9.78314e-15
1.6e-05	-4.8e-05	1.47185e-13
1.6e-05	-4.4e-05	2.03232e-12
1.6e-05	-4e-05	2.75784e-11
1.6e-05	-3.6e-05	3.64908e-10
1.6e-05	-3.2e-05	4.66953e-09
1.6e-05	-2.8e-05	5.70664e-08
1.6e-05	-2.4e-05	6.52606e-07
1.6e-05	-2e-05	6.73171e-06
1.6e-05	-1.6e-05	5.79295e-05
1.6e-05	-1.2e-05	0.000330767
1.6e-05	-8e-06	-7.63784e-05
1.6e-05	-4e-06	-0.000447733
1.6e-05	0	0.0004418
1.6e-05	4e-06	0.000103901
1.6e-05	8e-06	-0.000373042
1.6e-05	1.2e-05	-6.56348e-05
1.6e-05	1.6e-05	-7.64532e-06
1.6e-05	2e-05	-7.42475e-07
1.6e-05	2.4e-05	-6.50188e-08
1.6e-05	2.8e-05	-5.32693e-09
1.6e-05	3.2e-05	-4.16748e-10
1.6e-05	3.6e-05	-3.15275e-11
1.6e-05	4e-05	-2.32608e-12
1.6e-05	4.4e-05	-1.68665e-13
1.6e-05	4.8e-05	-1.2219e-14
1.6e-05	5.2e-05	-1.13517e-15
1.6e-05	5.6e-05	-6.15333e-16
1.6e-05	6e-05	-2.94424e-16
1.6e-05	6.4e-05	-5.89152e-16
1.6e-05	6.8e-05	3.69204e-16
1.6e-05	7.2e-05	-5.0298e-17
1.6e-05	7.6e-05	-7.11515e-16
2e-05	-8e-05	-9.76679e-16
2e-05	-7.6e-05	2.09986e-16
2e-05	-7.2e-05	-4.87611e-16
2e-05	-6.8e-05	-7.32807e-16
2e-05	-6.4e-05	-4.14642e-17
2e-05	-6e-05	-3.42615e-16
2e-05	-5.6e-05	-6.33938e-16
2e-05	-5.2e-05	2.58792e-15
2e-05	-4.8e-05	3.67474e-14
2e-05	-4.4e-05	4.72468e-13
2e-05	-4e-05	5.8136e-12
2e-05	-3.6e-05	6.88716e-11
2e-05	-3.2e-05	7.78697e-10
2e-05	-2.8e-05	8.26992e-09
2e-05	-2.4e-05	8.04372e-08
2e-05	-2e-05	6.85395e-07
2e-05	-1.6e-05	4.67004e-06
2e-05	-1.2e-05	1.96938e-05
2e-05	-8e-06	-4.89535e-06
2e-05	-4e-06	-2.54633e-05
2e-05	0	2.51811e-05
2e-05	4e-06	6.37076e-06
2e-05	8e-06	-2.2161e-05
2e-05	1.2e-05	-5.28213e-06
2e-05	1.6e-05	-7.77114e-07
2e-05	2e-05	-9.13538e-08
2e-05	2.4e-05	-9.40473e-09
2e-05	2.8e-05	-8.86547e-10
2e-05	3.2e-05	-7.84875e-11
2e-05	3.6e-05	-6.63083e-12
2e-05	4e-05	-5.40284e-13
2e-05	4.4e-05	-4.25939e-14
2e-05	4.8e-05	-3.48231e-15
2e-05	5.2e-05	-3.41168e-16
2e-05	5.6e-05	-5.60174e-16
2e-05	6e-05	1.28675e-16
2e-05	6.4e-05	8.04848e-16
2e-05	6.8e-05	-1.20595e-16
2e-05	7.2e-05	-1.00541e-15
2e-05	7.6e-05	-4.01653e-16
2.4e-05	-8e-05	9.51767e-17
2.4e-05	-7.6e-05	-1.08854e-15
2.4e-05	-7.2e-05	-3.75475e-16
2.4e-05	-6.8e-05	2.5345e-16
2.4e-05	-6.4e-05	-1.04251e-15
2.4e-05	-6e-05	2.50288e-16
2.4e-05	-5.6e-05	-6.36761e-16
2.4e-05	-5.2e-05	9.01922e-16
2.4e-05	-4.8e-05	7.87843e-15
2.4e-05	-4.4e-05	8.77508e-14
2.4e-05	-4e-05	9.89986e-13
2.4e-05	-3.6e-05	1.06361e-11
2.4e-05	-3.2e-05	1.0785e-10
2.4e-05	-2.8e-05	1.01408e-09
2.4e-05	-2.4e-05	8.59183e-09
2.4e-05	-2e-05	6.24316e-08
2.4e-05	-1.6e-05	3.52298e-07
2.4e-05	-1.2e-05	1.17602e-06
2.4e-05	-8e-06	-3.0801e-07
2.4e-05	-4e-06	-1.44963e-06
2.4e-05	0	1.43674e-06
2.4e-05	4e-06	3.86473e-07
2.4e-05	8e-06	-1.32106e-06
2.4e-05	1.2e-05	-3.97933e-07
2.4e-05	1.6e-05	-7.06959e-08
2.4e-05	2e-05	-9.74536e-09
2.4e-05	2.4e-05	-1.1517e-09
2.4e-05	2.8e-05	-1.22616e-10
2.4e-05	3.2e-05	-1.21034e-11
2.4e-05	3.6e-05	-1.12758e-12
2.4e-05	4e-05	-1.00848e-13
2.4e-05	4.4e-05	-8.25135e-15
2.4e-05	4.8e-05	-1.12352e-15
2.4e-05	5.2e-05	-2.46398e-16
2.4e-05	5.6e-05	6.74418e-18
2.4e-05	6e-05	3.55255e-16
2.4e-05	6.4e-05	5.68219e-17
2.4e-05	6.8e-05	-4.89627e-16
2.4e-05	7.2e-05	7.46255e-17
2.4e-05	7.6e-05	2.30897e-16
2.8e-05	-8e-05	-4.89384e-16
2.8e-05	-7.6e-05	-3.68695e-16
2.8e-05	-7.2e-05	4.35374e-16
2.8e-05	-6.8e-05	-5.13491e-16
2.8e-05	-6.4e-05	1.48323e-16
2.8e-05	-6e-05	-1.06471e-16
2.8e-05	-5.6e-05	-1.2519e-16
2.8e-05	-5.2e-05	-3.63616e-16
2.8e-05	-4.8e-05	1.84689e-15
2.8e-05	-4.4e-05	1.46815e-14
2.8e-05	-4e-05	1.45449e-13
2.8e-05	-3.6e-05	1.43378e-12
2.8e-05	-3.2e-05	1.31814e-11
2.8e-05	-2.8e-05	1.11271e-10
2.8e-05	-2.4e-05	8.35669e-10
2.8e-05	-2e-05	5.29661e-09
2.8e-05	-1.6e-05	2.55197e-08
2.8e-05	-1.2e-05	7.04533e-08
2.8e-05	-8e-06	-1.90769e-08
2.8e-05	-4e-06	-8.26043e-08
2.8e-05	0	8.205e-08
2.8e-05	4e-06	2.32049e-08
2.8e-05	8e-06	-7.90438e-08
2.8e-05	1.2e-05	-2.87939e-08
2.8e-05	1.6e-05	-5.99156e-09
2.8e-05	2e-05	-9.46897e-10
2.8e-05	2.4e-05	-1.2624e-10
2.8e-05	2.8e-05	-1.49701e-11
2.8e-05	3.2e-05	-1.62851e-12
2.8e-05	3.6e-05	-1.66348e-13
2.8e-05	4e-05	-1.56418e-14
2.8e-05	4.4e-05	-2.14148e-15
2.8e-05	4.8e-05	5.8229e-16
2.8e-05	5.2e-05	-4.01196e-16
2.8e-05	5.6e-05	6.48734e-16
2.8e-05	6e-05	-2.81692e-16
2.8e-05	6.4e-05	-1.01414e-16
2.8e-05	6.8e-05	-5.62089e-16
2.8e-05	7.2e-05	4.76776e-16
2.8e-05	7.6e-05	-2.38733e-16
3.2e-05	-8e-05	-2.14945e-19
3.2e-05	-7.6e-05	-7.26987e-16
3.2e-05	-7.2e-05	-6.87555e-17
3.2e-05	-6.8e-05	-9.9043e-17
3.2e-05	-6.4e-05	3.84884e-16
3.2e-05	-6e-05	-1.95036e-16
3.2e-05	-5.6e-05	3.72992e-16
3.2e-05	-5.2e-05	-5.28326e-16
3.2e-05	-4.8e-05	3.57786e-16
3.2e-05	-4.4e-05	1.70999e-15
3.2e-05	-4e-05	1.98702e-14
3.2e-05	-3.6e-05	1.7463e-13
3.2e-05	-3.2e-05	1.4719e-12
3.2e-05	-2.8e-05	1.12741e-11
3.2e-05	-2.4e-05	7.60706e-11
3.2e-05	-2e-05	4.27777e-10
3.2e-05	-1.6e-05	1.79934e-09
3.2e-05	-1.2e-05	4.2356e-09
3.2e-05	-8e-06	-1.16496e-09
3.2e-05	-4e-06	-4.71088e-09
3.2e-05	0	4.68935e-09
3.2e-05	4e-06	1.37897e-09
3.2e-05	8e-06	-4.74834e-09
3.2e-05	1.2e-05	-2.02841e-09
3.2e-05	1.6e-05	-4.83488e-10
3.2e-05	2e-05	-8.61224e-11
3.2e-05	2.4e-05	-1.27794e-11
3.2e-05	2.8e-05	-1.66962e-12
3.2e-05	3.2e-05	-1.98453e-13
3.2e-05	3.6e-05	-2.17095e-14
3.2e-05	4e-05	-2.12339e-15
3.2e-05	4.4e-05	3.63992e-17
3.2e-05	4.8e-05	1.16738e-16
3.2e-05	5.2e-05	6.11926e-16
3.2e-05	5.6e-05	5.6232e-17
3.2e-05	6e-05	4.52732e-16
3.2e-05	6.4e-05	-3.33709e-17
3.2e-05	6.8e-05	2.55677e-16
3.2e-05	7.2e-05	-4.78146e-16
3.2e-05	7.6e-05	1.37836e-15
3.6e-05	-8e-05	3.55938e-16
3.6e-05	-7.6e-05	-1.65855e-16
3.6e-05	-7.2e-05	-8.17753e-17
3.6e-05	-6.8e-05	4.40292e-16
3.6e-05	-6.4e-05	-1.65118e-16
3.6e-05	-6e-05	1.82291e-16
3.6e-05	-5.6e-05	4.93807e-16
3.6e-05	-5.2e-05	6.73974e-16
3.6e-05	-4.8e-05	5.62021e-16
3.6e-05	-4.4e-05	5.50852e-16
3.6e-05	-4e-05	2.51781e-15
3.6e-05	-3.6e-05	1.98306e-14
3.6e-05	-3.2e-05	1.53513e-13
3.6e-05	-2.8e-05	1.07532e-12
3.6e-05	-2.4e-05	6.59159e-12
3.6e-05	-2e-05	3.3328e-11
3.6e-05	-1.6e-05	1.24483e-10
3.6e-05	-1.2e-05	2.55606e-10
3.6e-05	-8e-06	-7.01969e-11
3.6e-05	-4e-06	-2.68839e-10
3.6e-05	0	2.68166e-10
3.6e-05	4e-06	8.10626e-11
3.6e-05	8e-06	-2.86448e-10
3.6e-05	1.2e-05	-1.40234e-10
3.6e-05	1.6e-05	-3.7642e-11
3.6e-05	2e-05	-7.45773e-12
3.6e-05	2.4e-05	-1.21861e-12
3.6e-05	2.8e-05	-1.74574e-13
3.6e-05	3.2e-05	-2.27229e-14
3.6e-05	3.6e-05	-3.11619e-15
3.6e-05	4e-05	-3.11983e-16
3.6e-05	4.4e-05	-4.46354e-16
3.6e-05	4.8e-05	1.72252e-16
3.6e-05	5.2e-05	6.1921e-17
3.6e-05	5.6e-05	1.51906e-16
3.6e-05	6e-05	1.48057e-16
3.6e-05	6.4e-05	-3.78101e-16
3.6e-05	6.8e-05	2.73426e-16
3.6e-05	7.2e-05	7.81957e-16
3.6e-05	7.6e-05	2.46264e-16
4e-05	-8e-05	2.54741e-16
4e-05	-7.6e-05	7.49424e-16
4e-05	-7.2e-05	-6.35466e-16
4e-05	-6.8e-05	2.58156e-16
4e-05	-6.4e-05	1.6894e-16
4e-05	-6e-05	2.04706e-17
4e-05	-5.6e-05	-3.89788e-16
4e-05	-5.2e-05	3.46552e-16
4e-05	-4.8e-05	-3.45445e-16
4e-05	-4.4e-05	7.51419e-16
4e-05	-4e-05	-2.19408e-16
4e-05	-3.6e-05	1.97675e-15
4e-05	-3.2e-05	1.46676e-14
4e-05	-2.8e-05	9.71249e-14
4e-05	-2.4e-05	5.49531e-13
4e-05	-2e-05	2.52564e-12
4e-05	-1.6e-05	8.4937e-12
4e-05	-1.2e-05	1.54872e-11
4e-05	-8e-06	-4.17438e-12
4e-05	-4e-06	-1.53496e-11
4e-05	0	1.53413e-11
4e-05	4e-06	4.70952e-12
4e-05	8e-06	-1.73568e-11
4e-05	1.2e-05	-9.5637e-12
4e-05	1.6e-05	-2.85199e-12
4e-05	2e-05	-6.21555e-13
4e-05	2.4e-05	-1.10996e-13
4e-05	2.8e-05	-1.72478e-14
4e-05	3.2e-05	-3.00728e-15
4e-05	3.6e-05	-2.87653e-16
4e-05	4e-05	-9.14385e-16
4e-05	4.4e-05	3.88033e-16
4e-05	4.8e-05	-4.18463e-16
4e-05	5.2e-05	-8.31492e-17
4e-05	5.6e-05	-3.53117e-16
4e-05	6e-05	-7.49455e-16
4e-05	6.4e-05	-1.6399e-16
4e-05	6.8e-05	-8.60048e-17
4e-05	7.2e-05	-3.51176e-17
4e-05	7.6e-05	-8.49967e-17
4.4e-05	-8e-05	4.68887e-16
4.4e-05	-7.6e-05	-5.79657e-16
4.4e-05	-7.2e-05	-5.7615e-16
4.4e-05	-6.8e-05	-1.28221e-15
4.4e-05	-6.4e-05	2.00693e-16
4.4e-05	-6e-05	-5.80273e-17
4.4e-05	-5.6e-05	-2.96281e-16
4.4e-05	-5.2e-05	-6.74154e-16
4.4e-05	-4.8e-05	-7.59951e-16
4.4e-05	-4.4e-05	-1.05881e-15
4.4e-05	-4e-05	-5.77268e-16
4.4e-05	-3.6e-05	-5.0247e-16
4.4e-05	-3.2e-05	1.22787e-15
4.4e-05	-2.8e-05	7.94044e-15
4.4e-05	-2.4e-05	4.44809e-14
4.4e-05	-2e-05	1.87306e-13
4.4e-05	-1.6e-05	5.74088e-13
4.4e-05	-1.2e-05	9.42571e-13
4.4e-05	-8e-06	-2.44069e-13
4.4e-05	-4e-06	-8.77216e-13
4.4e-05	0	8.78153e-13
4.4e-05	4e-06	2.69557e-13
4.4e-05	8e-06	-1.05669e-12
4.4e-05	1.2e-05	-6.45662e-13
4.4e-05	1.6e-05	-2.11631e-13
4.4e-05	2e-05	-5.01618e-14
4.4e-05	2.4e-05	-9.51405e-15
4.4e-05	2.8e-05	-1.6772e-15
4.4e-05	3.2e-05	-3.063e-16
4.4e-05	3.6e-05	2.93817e-17
4.4e-05	4e-05	6.12935e-17
4.4e-05	4.4e-05	-1.84521e-16
4.4e-05	4.8e-05	-1.82522e-16
4.4e-05	5.2e-05	-5.65134e-16
4.4e-05	5.6e-05	-7.35172e-16
4.4e-05	6e-05	-7.19239e-16
4.4e-05	6.4e-05	-2.10307e-16
4.4e-05	6.8e-05	1.98907e-16
4.4e-05	7.2e-05	-7.56046e-16
4.4e-05	7.6e-05	-6.4345e-16
4.8e-05	-8e-05	-3.68228e-16
4.8e-05	-7.6e-05	6.28714e-16
4.8e-05	-7.2e-05	-6.28798e-16
4.8e-05	-6.8e-05	-1.07476e-15
4.8e-05	-6.4e-05	-1.34807e-15
4.8e-05	-6e-05	-9.54127e-17
4.8e-05	-5.6e-05	-4.64444e-16
4.8e-05	-5.2e-05	-2.22243e-16
4.8e-05	-4.8e-05	-5.49264e-16
4.8e-05	-4.4e-05	-3.36276e-16
4.8e-05	-4e-05	-1.22465e-15
4.8e-05	-3.6e-05	1.73151e-16
4.8e-05	-3.2e-05	-3.07678e-16
4.8e-05	-2.8e-05	1.22009e-15
4.8e-05	-2.4e-05	2.85861e-15
4.8e-05	-2e-05	1.38232e-14
4.8e-05	-1.6e-05	3.77104e-14
4.8e-05	-1.2e-05	5.77737e-14
4.8e-05	-8e-06	-1.43623e-14
4.8e-05	-4e-06	-5.00545e-14
4.8e-05	0	5.05314e-14
4.8e-05	4e-06	1.53899e-14
4.8e-05	8e-06	-6.44451e-14
4.8e-05	1.2e-05	-4.28589e-14
4.8e-05	1.6e-05	-1.54458e-14
4.8e-05	2e-05	-3.75988e-15
4.8e-05	2.4e-05	-9.86815e-16
4.8e-05	2.8e-05	-1.00717e-16
4.8e-05	3.2e-05	8.13563e-17
4.8e-05	3.6e-05	1.12774e-16
4.8e-05	4e-05	4.08187e-17
4.8e-05	4.4e-05	-5.73531e-16
4.8e-05	4.8e-05	-3.75182e-16
4.8e-05	5.2e-05	-5.39266e-16
4.8e-05	5.6e-05	-2.80707e-16
4.8e-05	6e-05	-4.84539e-19
4.8e-05	6.4e-05	7.43636e-16
4.8e-05	6.8e-05	-7.03e-16
4.8e-05	7.2e-05	2.08127e-16
4.8e-05	7.6e-05	-5.1605e-16
5.2e-05	-8e-05	-3.69889e-16
5.2e-05	-7.6e-05	-3.39086e-16
5.2e-05	-7.2e-05	1.09445e-15
5.2e-05	-6.8e-05	-2.384e-16
5.2e-05	-6.4e-05	-7.10666e-16
5.2e-05	-6e-05	-1.21934e-15
5.2e-05	-5.6e-05	-1.87635e-16
5.2e-05	-5.2e-05	-6.05174e-16
5.2e-05	-4.8e-05	6.13106e-16
5.2e-05	-4.4e-05	-6.65632e-16
5.2e-05	-4e-05	4.99685e-16
5.2e-05	-3.6e-05	-5.65625e-16
5.2e-05	-3.2e-05	5.93497e-16
5.2e-05	-2.8e-05	-4.05306e-16
5.2e-05	-2.4e-05	4.39492e-16
5.2e-05	-2e-05	5.71762e-16
5.2e-05	-1.6e-05	2.32958e-15
5.2e-05	-1.2e-05	2.96262e-15
5.2e-05	-8e-06	-7.60682e-16
5.2e-05	-4e-06	-2.77042e-15
5.2e-05	0	3.31475e-15
5.2e-05	4e-06	1.34557e-15
5.2e-05	8e-06	-3.10219e-15
5.2e-05	1.2e-05	-2.55248e-15
5.2e-05	1.6e-05	-7.85327e-16
5.2e-05	2e-05	-2.23708e-16
5.2e-05	2.4e-05	-2.68743e-17
5.2e-05	2.8e-05	1.91621e-16
5.2e-05	3.2e-05	1.69008e-17
5.2e-05	3.6e-05	2.18019e-17
5.2e-05	4e-05	-3.72495e-16
5.2e-05	4.4e-05	-5.5702e-16
5.2e-05	4.8e-05	-4.70391e-16
5.2e-05	5.2e-05	-2.32719e-16
5.2e-05	5.6e-05	-4.16444e-16
5.2e-05	6e-05	4.73025e-16
5.2e-05	6.4e-05	-2.67453e-16
5.2e-05	6.8e-05	-2.98715e-17
5.2e-05	7.2e-05	-7.60114e-16
5.2e-05	7.6e-05	3.71217e-16
5.6e-05	-8e-05	-2.54759e-16
5.6e-05	-7.6e-05	-1.17506e-15
5.6e-05	-7.2e-05	3.23472e-17
5.6e-05	-6.8e-05	5.86414e-16
5.6e-05	-6.4e-05	-1.59963e-16
5.6e-05	-6e-05	-8.63474e-16
5.6e-05	-5.6e-05	-1.01673e-15
5.6e-05	-5.2e-05	-7.05866e-16
5.6e-05	-4.8e-05	-6.88974e-16
5.6e-05	-4.4e-05	-3.80771e-16
5.6e-05	-4e-05	-3.17351e-16
5.6e-05	-3.6e-05	-5.8722e-18
5.6e-05	-3.2e-05	-3.93485e-16
5.6e-05	-2.8e-05	7.68962e-16
5.6e-05	-2.4e-05	3.72407e-16
5.6e-05	-2e-05	1.37955e-15
5.6e-05	-1.6e-05	3.80397e-16
5.6e-05	-1.2e-05	1.37754e-15
5.6e-05	-8e-06	2.49932e-16
5.6e-05	-4e-06	5.90735e-16
5.6e-05	0	4.5456e-17
5.6e-05	4e-06	9.73381e-17
5.6e-05	8e-06	-6.80042e-16
5.6e-05	1.2e-05	-5.68938e-16
5.6e-05	1.6e-05	-2.02501e-16
5.6e-05	2e-05	3.83807e-17
5.6e-05	2.4e-05	2.8072e-16
5.6e-05	2.8e-05	6.23851e-16
5.6e-05	3.2e-05	3.48597e-16
5.6e-05	3.6e-05	-3.1451e-16
5.6e-05	4e-05	1.37988e-16
5.6e-05	4.4e-05	-1.77945e-16
5.6e-05	4.8e-05	3.20957e-16
5.6e-05	5.2e-05	-1.47506e-16
5.6e-05	5.6e-05	5.76207e-16
5.6e-05	6e-05	-1.06453e-16
5.6e-05	6.4e-05	-2.22414e-16
5.6e-05	6.8e-05	3.63266e-17
5.6e-05	7.2e-05	1.27857e-16
5.6e-05	7.6e-05	-4.93217e-16
6e-05	-8e-05	4.45245e-17
6e-05	-7.6e-05	1.04065e-17
6e-05	-7.2e-05	-1.29105e-15
6e-05	-6.8e-05	3.73965e-16
6e-05	-6.4e-05	1.46221e-16
6e-05	-6e-05	1.75863e-16
6e-05	-5.6e-05	-1.99571e-16
6e-05	-5.2e-05	-1.4511e-16
6e-05	-4.8e-05	-4.21783e-16
6e-05	-4.4e-05	-2.44079e-16
6e-05	-4e-05	-4.51401e-16
6e-05	-3.6e-05	8.60842e-17
6e-05	-3.2e-05	4.41683e-17
6e-05	-2.8e-05	1.27408e-16
6e-05	-2.4e-05	7.72249e-16
6e-05	-2e-05	5.79754e-16
6e-05	-1.6e-05	7.92396e-16
6e-05	-1.2e-05	2.96734e-16
6e-05	-8e-06	1.95643e-16
6e-05	-4e-06	-9.18952e-17
6e-05	0	-5.51029e-16
6e-05	4e-06	-4.45821e-16
6e-05	8e-06	-6.01298e-16
6e-05	1.2e-05	-3.34528e-16
6e-05	1.6e-05	1.96688e-16
6e-05	2e-05	2.90835e-16
6e-05	2.4e-05	3.8609e-16
6e-05	2.8e-05	5.17683e-16
6e-05	3.2e-05	-4.92297e-17
6e-05	3.6e-05	1.44758e-16
6e-05	4e-05	1.46658e-16
6e-05	4.4e-05	6.53237e-16
6e-05	4.8e-05	4.51545e-16
6e-05	5.2e-05	6.91303e-16
6e-05	5.6e-05	4.433e-16
6e-05	6e-05	9.3107e-17
6e-05	6.4e-05	4.68647e-16
6e-05	6.8e-05	2.4012e-16
6e-05	7.2e-05	4.63865e-16
6e-05	7.6e-05	2.58239e-16
6.4e-05	-8e-05	1.39668e-17
6.4e-05	-7.6e-05	6.00979e-16
6.4e-05	-7.2e-05	3.29553e-16
6.4e-05	-6.8e-05	-5.41826e-16
6.4e-05	-6.4e-05	6.2903e-16
6.4e-05	-6e-05	2.59595e-16
6.4e-05	-5.6e-05	4.95443e-16
6.4e-05	-5.2e-05	7.27294e-16
6.4e-05	-4.8e-05	3.03919e-16
6.4e-05	-4.4e-05	1.47394e-16
6.4e-05	-4e-05	4.32395e-16
6.4e-05	-3.6e-05	-4.45511e-16
6.4e-05	-3.2e-05	4.13612e-16
6.4e-05	-2.8e-05	-5.36573e-16
6.4e-05	-2.4e-05	1.30446e-16
6.4e-05	-2e-05	-6.36948e-16
6.4e-05	-1.6e-05	-1.05708e-16
6.4e-05	-1.2e-05	-2.86536e-16
6.4e-05	-8e-06	1.36095e-16
6.4e-05	-4e-06	5.72962e-17
6.4e-05	0	4.8818e-16
6.4e-05	4e-06	6.3864e-16
6.4e-05	8e-06	7.18876e-16
6.4e-05	1.2e-05	1.08123e-15
6.4e-05	1.6e-05	5.9692e-16
6.4e-05	2e-05	4.43226e-16
6.4e-05	2.4e-05	3.17941e-16
6.4e-05	2.8e-05	-1.74316e-16
6.4e-05	3.2e-05	-8.57769e-17
6.4e-05	3.6e-05	2.03227e-16
6.4e-05	4e-05	-2.2761e-16
6.4e-05	4.4e-05	7.36201e-16
6.4e-05	4.8e-05	-1.12594e-16
6.4e-05	5.2e-05	5.5302e-16
6.4e-05	5.6e-05	-1.15976e-16
6.4e-05	6e-05	8.71507e-16
6.4e-05	6.4e-05	-1.04861e-16
6.4e-05	6.8e-05	7.19648e-16
6.4e-05	7.2e-05	-1.53345e-16
6.4e-05	7.6e-05	6.51308e-16
6.8e-05	-8e-05	1.59839e-16
6.8e-05	-7.6e-05	-1.86101e-16
6.8e-05	-7.2e-05	4.06966e-16
6.8e-05	-6.8e-05	-2.23566e-17
6.8e-05	-6.4e-05	-5.30164e-16
6.8e-05	-6e-05	4.0386e-16
6.8e-05	-5.6e-05	-3.4996e-16
6.8e-05	-5.2e-05	5.45961e-16
6.8e-05	-4.8e-05	5.66216e-17
6.8e-05	-4.4e-05	1.22731e-16
6.8e-05	-4e-05	-3.49274e-16
6.8e-05	-3.6e-05	1.43347e-16
6.8e-05	-3.2e-05	-8.37416e-16
6.8e-05	-2.8e-05	2.30701e-16
6.8e-05	-2.4e-05	-9.99195e-16
6.8e-05	-2e-05	-6.78263e-17
6.8e-05	-1.6e-05	-6.39499e-16
6.8e-05	-1.2e-05	2.21863e-16
6.8e-05	-8e-06	5.81291e-16
6.8e-05	-4e-06	6.8686e-16
6.8e-05	0	1.53327e-15
6.8e-05	4e-06	1.26681e-15
6.8e-05	8e-06	1.8321e-15
6.8e-05	1.2e-05	1.51332e-15
6.8e-05	1.6e-05	8.2445e-16
6.8e-05	2e-05	7.08882e-16
6.8e-05	2.4e-05	2.28962e-16
6.8e-05	2.8e-05	2.16619e-17
6.8e-05	3.2e-05	4.86226e-16
6.8e-05	3.6e-05	-3.55794e-16
6.8e-05	4e-05	5.6021e-16
6.8e-05	4.4e-05	-3.78688e-16
6.8e-05	4.8e-05	2.80853e-17
6.8e-05	5.2e-05	-5.01861e-16
6.8e-05	5.6e-05	2.52023e-16
6.8e-05	6e-05	-4.54691e-16
6.8e-05	6.4e-05	2.35358e-16
6.8e-05	6.8e-05	-5.66689e-16
6.8e-05	7.2e-05	9.97611e-17
6.8e-05	7.6e-05	-6.33705e-16
7.2e-05	-8e-05	-2.06789e-16
7.2e-05	-7.6e-05	-6.40867e-16
7.2e-05	-7.2e-05	-6.49766e-16
7.2e-05	-6.8e-05	-4.08056e-16
7.2e-05	-6.4e-05	-6.86222e-16
7.2e-05	-6e-05	-1.06295e-15
7.2e-05	-5.6e-05	-2.32708e-16
7.2e-05	-5.2e-05	-9.89128e-16
7.2e-05	-4.8e-05	-3.8774e-16
7.2e-05	-4.4e-05	-5.11348e-16
7.2e-05	-4e-05	-5.29694e-16
7.2e-05	-3.6e-05	-1.79638e-16
7.2e-05	-3.2e-05	-3.13278e-16
7.2e-05	-2.8e-05	-5.65494e-17
7.2e-05	-2.4e-05	3.89986e-16
7.2e-05	-2e-05	1.36236e-17
7.2e-05	-1.6e-05	7.63608e-16
7.2e-05	-1.2e-05	3.9972e-16
7.2e-05	-8e-06	1.10288e-15
7.2e-05	-4e-06	7.91527e-16
7.2e-05	0	1.19858e-15
7.2e-05	4e-06	7.63403e-16
7.2e-05	8e-06	1.13811e-15
7.2e-05	1.2e-05	8.81219e-16
7.2e-05	1.6e-05	3.80922e-16
7.2e-05	2e-05	1.0003e-15
7.2e-05	2.4e-05	-1.84015e-17
7.2e-05	2.8e-05	1.26441e-15
7.2e-05	3.2e-05	1.6394e-16
7.2e-05	3.6e-05	5.18142e-16
7.2e-05	4e-05	5.54376e-16
7.2e-05	4.4e-05	-3.29173e-16
7.2e-05	4.8e-05	4.54778e-16
7.2e-05	5.2e-05	-4.59023e-16
7.2e-05	5.6e-05	-9.89806e-18
7.2e-05	6e-05	-3.80375e-16
7.2e-05	6.4e-05	-2.93375e-16
7.2e-05	6.8e-05	-6.21353e-16
7.2e-05	7.2e-05	-4.76903e-16
7.2e-05	7.6e-05	-7.16272e-16
7.6e-05	-8e-05	-8.54992e-16
7.6e-05	-7.6e-05	-4.86144e-16
7.6e-05	-7.2e-05	-8.6914e-16
7.6e-05	-6.8e-05	-8.9488e-16
7.6e-05	-6.4e-05	-6.06677e-16
7.6e-05	-6e-05	-9.02005e-16
7.6e-05	-5.6e-05	-8.02785e-16
7.6e-05	-5.2e-05	-7.41944e-16
7.6e-05	-4.8e-05	-6.9925e-16
7.6e-05	-4.4e-05	-5.0113e-16
7.6e-05	-4e-05	-1.64001e-16
7.6e-05	-3.6e-05	-5.97095e-16
7.6e-05	-3.2e-05	4.02375e-16
7.6e-05	-2.8e-05	-2.43481e-16
7.6e-05	-2.4e-05	6.69705e-16
7.6e-05	-2e-05	7.51536e-16
7.6e-05	-1.6e-05	3.46396e-16
7.6e-05	-1.2e-05	1.48121e-15
7.6e-05	-8e-06	-4.10961e-17
7.6e-05	-4e-06	1.45088e-15
7.6e-05	0	-2.51532e-16
7.6e-05	4e-06	8.75959e-16
7.6e-05	8e-06	-4.37873e-17
7.6e-05	1.2e-05	9.04696e-17
7.6e-05	1.6e-05	7.45561e-16
7.6e-05	2e-05	-3.78923e-16
7.6e-05	2.4e-05	1.41959e-15
7.6e-05	2.8e-05	-5.41111e-17
7.6e-05	3.2e-05	7.27439e-16
7.6e-05	3.6e-05	6.29871e-16
7.6e-05	4e-05	-2.06195e-16
7.6e-05	4.4e-05	8.8362e-16
7.6e-05	4.8e-05	-4.3346e-16
7.6e-05	5.2e-05	5.60687e-16
7.6e-05	5.6e-05	-5.3742e-16
7.6e-05	6e-05	3.17023e-16
7.6e-05	6.4e-05	-6.53226e-16
7.6e-05	6.8e-05	1.07095e-16
7.6e-05	7.2e-05	-7.23741e-16
7.6e-05	7.6e-05	-1.48701e-16
