-8e-05	-8e-05	-9.70716e-18
-8e-05	-7.6e-05	2.85813e-16
-8e-05	-7.2e-05	-1.05542e-15
-8e-05	-6.8e-05	-2.14103e-16
-8e-05	-6.4e-05	2.00474e-16
-8e-05	-6e-05	-6.87434e-17
-8e-05	-5.6e-05	1.53513e-16
-8e-05	-5.2e-05	-7.42198e-17
-8e-05	-4.8e-05	2.40167e-16
-8e-05	-4.4e-05	-8.47896e-17
-8e-05	-4e-05	2.67655e-17
-8e-05	-3.6e-05	6.51939e-17
-8e-05	-3.2e-05	1.07781e-16
-8e-05	-2.8e-05	-3.95496e-17
-8e-05	-2.4e-05	1.77106e-16
-8e-05	-2e-05	1.41581e-17
-8e-05	-1.6e-05	2.21814e-16
-8e-05	-1.2e-05	9.69996e-17
-8e-05	-8e-06	2.09608e-17
-8e-05	-4e-06	-4.45862e-17
-8e-05	0	-2.90947e-17
-8e-05	4e-06	3.121e-18
-8e-05	8e-06	-9.62817e-17
-8e-05	1.2e-05	-2.76256e-17
-8e-05	1.6e-05	-4.12943e-17
-8e-05	2e-05	-3.9334e-18
-8e-05	2.4e-05	-5.01238e-18
-8e-05	2.8e-05	2.31412e-18
-8e-05	3.2e-05	-7.60684e-18
-8e-05	3.6e-05	2.71169e-17
-8e-05	4e-05	-6.42425e-17
-8e-05	4.4e-05	2.33684e-17
-8e-05	4.8e-05	1.56529e-16
-8e-05	5.2e-05	-7.80856e-17
-8e-05	5.6e-05	3.18487e-16
-8e-05	6e-05	-2.94914e-15
-8e-05	6.4e-05	-3.4779e-16
-8e-05	6.8e-05	-9.12104e-16
-8e-05	7.2e-05	9.92471e-17
-8e-05	7.6e-05	1.38023e-15
-7.6e-05	-8e-05	6.62204e-16
-7.6e-05	-7.6e-05	-2.24536e-15
-7.6e-05	-7.2e-05	-5.55218e-16
-7.6e-05	-6.8e-05	-2.07564e-15
-7.6e-05	-6.4e-05	2.1823e-17
-7.6e-05	-6e-05	-5.4206e-17
-7.6e-05	-5.6e-05	4.10881e-16
-7.6e-05	-5.2e-05	-2.55988e-16
-7.6e-05	-4.8e-05	-2.83745e-16
-7.6e-05	-4.4e-05	-3.74705e-16
-7.6e-05	-4e-05	1.1967e-16
-7.6e-05	-3.6e-05	-4.94056e-15
-7.6e-05	-3.2e-05	-1.03378e-15
-7.6e-05	-2.8e-05	-5.64204e-15
-7.6e-05	-2.4e-05	6.32537e-16
-7.6e-05	-2e-05	-1.62353e-15
-7.6e-05	-1.6e-05	-1.74704e-16
-7.6e-05	-1.2e-05	2.31685e-15
-7.6e-05	-8e-06	-8.83739e-16
-7.6e-05	-4e-06	-7.13865e-16
-7.6e-05	0	-5.51265e-16
-7.6e-05	4e-06	4.31391e-16
-7.6e-05	8e-06	1.46966e-17
-7.6e-05	1.2e-05	7.21645e-16
-7.6e-05	1.6e-05	-1.34785e-15
-7.6e-05	2e-05	-7.57179e-16
-7.6e-05	2.4e-05	5.91738e-15
-7.6e-05	2.8e-05	5.94636e-16
-7.6e-05	3.2e-05	1.28002e-15
-7.6e-05	3.6e-05	-3.22434e-16
-7.6e-05	4e-05	4.57521e-16
-7.6e-05	4.4e-05	4.21681e-16
-7.6e-05	4.8e-05	-1.0456e-15
-7.6e-05	5.2e-05	-6.12123e-17
-7.6e-05	5.6e-05	-2.06955e-15
-7.6e-05	6e-05	-2.2811e-16
-7.6e-05	6.4e-05	-1.83857e-16
-7.6e-05	6.8e-05	-2.95668e-16
-7.6e-05	7.2e-05	-9.45403e-16
-7.6e-05	7.6e-05	-3.06585e-16
-7.2e-05	-8e-05	-1.36551e-15
-7.2e-05	-7.6e-05	-6.1724e-16
-7.2e-05	-7.2e-05	-1.14544e-15
-7.2e-05	-6.8e-05	-4.78445e-16
-7.2e-05	-6.4e-05	-1.7303e-16
-7.2e-05	-6e-05	-1.3429e-16
-7.2e-05	-5.6e-05	1.51106e-16
-7.2e-05	-5.2e-05	-2.56663e-17
-7.2e-05	-4.8e-05	-1.36571e-16
-7.2e-05	-4.4e-05	-5.80899e-17
-7.2e-05	-4e-05	-1.43782e-16
-7.2e-05	-3.6e-05	7.8427e-17
-7.2e-05	-3.2e-05	7.33532e-17
-7.2e-05	-2.8e-05	-6.13165e-17
-7.2e-05	-2.4e-05	-6.88407e-17
-7.2e-05	-2e-05	3.60512e-17
-7.2e-05	-1.6e-05	-2.26917e-17
-7.2e-05	-1.2e-05	3.23844e-17
-7.2e-05	-8e-06	-2.70108e-17
-7.2e-05	-4e-06	-3.26468e-17
-7.2e-05	0	6.74806e-17
-7.2e-05	4e-06	-3.14291e-17
-7.2e-05	8e-06	-6.78384e-17
-7.2e-05	1.2e-05	3.39664e-17
-7.2e-05	1.6e-05	-1.09317e-17
-7.2e-05	2e-05	-1.17206e-17
-7.2e-05	2.4e-05	7.45281e-17
-7.2e-05	2.8e-05	-5.08049e-17
-7.2e-05	3.2e-05	8.00854e-18
-7.2e-05	3.6e-05	1.98737e-17
-7.2e-05	4e-05	1.25815e-16
-7.2e-05	4.4e-05	-4.6739e-17
-7.2e-05	4.8e-05	-3.20769e-18
-7.2e-05	5.2e-05	-1.88436e-16
-7.2e-05	5.6e-05	-1.07576e-16
-7.2e-05	6e-05	1.31811e-16
-7.2e-05	6.4e-05	-1.13056e-16
-7.2e-05	6.8e-05	-8.79177e-17
-7.2e-05	7.2e-05	-3.15835e-16
-7.2e-05	7.6e-05	-8.37371e-16
-6.8e-05	-8e-05	-5.14102e-16
-6.8e-05	-7.6e-05	-1.13451e-15
-6.8e-05	-7.2e-05	-4.50916e-16
-6.8e-05	-6.8e-05	-3.78101e-16
-6.8e-05	-6.4e-05	-6.48842e-17
-6.8e-05	-6e-05	7.98145e-16
-6.8e-05	-5.6e-05	-3.08919e-16
-6.8e-05	-5.2e-05	-4.89955e-16
-6.8e-05	-4.8e-05	-2.13818e-16
-6.8e-05	-4.4e-05	-1.67864e-16
-6.8e-05	-4e-05	2.85346e-16
-6.8e-05	-3.6e-05	-4.37401e-18
-6.8e-05	-3.2e-05	7.41946e-17
-6.8e-05	-2.8e-05	-1.24938e-17
-6.8e-05	-2.4e-05	1.97662e-17
-6.8e-05	-2e-05	-3.04622e-18
-6.8e-05	-1.6e-05	7.57226e-17
-6.8e-05	-1.2e-05	-9.57216e-17
-6.8e-05	-8e-06	-5.87527e-17
-6.8e-05	-4e-06	5.73395e-17
-6.8e-05	0	-2.09051e-17
-6.8e-05	4e-06	-1.65507e-17
-6.8e-05	8e-06	2.56129e-17
-6.8e-05	1.2e-05	-6.02396e-17
-6.8e-05	1.6e-05	-9.95349e-18
-6.8e-05	2e-05	4.40876e-17
-6.8e-05	2.4e-05	-3.16675e-17
-6.8e-05	2.8e-05	1.41006e-17
-6.8e-05	3.2e-05	-1.32225e-17
-6.8e-05	3.6e-05	4.70398e-17
-6.8e-05	4e-05	2.52906e-17
-6.8e-05	4.4e-05	1.30402e-16
-6.8e-05	4.8e-05	-1.32246e-16
-6.8e-05	5.2e-05	5.49762e-17
-6.8e-05	5.6e-05	-3.4806e-16
-6.8e-05	6e-05	-1.97616e-16
-6.8e-05	6.4e-05	3.33304e-16
-6.8e-05	6.8e-05	-1.52988e-16
-6.8e-05	7.2e-05	2.23198e-16
-6.8e-05	7.6e-05	-2.33156e-16
-6.4e-05	-8e-05	-1.14106e-16
-6.4e-05	-7.6e-05	-2.38831e-16
-6.4e-05	-7.2e-05	2.87782e-16
-6.4e-05	-6.8e-05	-1.70807e-16
-6.4e-05	-6.4e-05	1.01148e-15
-6.4e-05	-6e-05	-4.79835e-16
-6.4e-05	-5.6e-05	-7.69848e-16
-6.4e-05	-5.2e-05	-4.57791e-18
-6.4e-05	-4.8e-05	-9.70783e-17
-6.4e-05	-4.4e-05	1.6211e-16
-6.4e-05	-4e-05	-2.05033e-16
-6.4e-05	-3.6e-05	8.27922e-17
-6.4e-05	-3.2e-05	1.53794e-16
-6.4e-05	-2.8e-05	-6.05884e-17
-6.4e-05	-2.4e-05	-1.18648e-16
-6.4e-05	-2e-05	9.78285e-17
-6.4e-05	-1.6e-05	-1.14082e-16
-6.4e-05	-1.2e-05	3.81917e-17
-6.4e-05	-8e-06	1.52314e-17
-6.4e-05	-4e-06	-4.95855e-17
-6.4e-05	0	9.71257e-17
-6.4e-05	4e-06	-5.44252e-17
-6.4e-05	8e-06	-1.55699e-16
-6.4e-05	1.2e-05	5.6612e-17
-6.4e-05	1.6e-05	-3.85167e-17
-6.4e-05	2e-05	1.16072e-17
-6.4e-05	2.4e-05	5.96221e-17
-6.4e-05	2.8e-05	-1.11647e-16
-6.4e-05	3.2e-05	2.96576e-17
-6.4e-05	3.6e-05	4.16534e-17
-6.4e-05	4e-05	1.52213e-16
-6.4e-05	4.4e-05	-9.22188e-17
-6.4e-05	4.8e-05	2.50733e-17
-6.4e-05	5.2e-05	-1.17682e-16
-6.4e-05	5.6e-05	-5.91069e-18
-6.4e-05	6e-05	-4.66916e-16
-6.4e-05	6.4e-05	-2.8274e-16
-6.4e-05	6.8e-05	1.81374e-16
-6.4e-05	7.2e-05	-3.7126e-16
-6.4e-05	7.6e-05	4.82946e-16
-6e-05	-8e-05	-4.20194e-16
-6e-05	-7.6e-05	6.03751e-16
-6e-05	-7.2e-05	-4.6661e-16
-6e-05	-6.8e-05	4.87163e-16
-6e-05	-6.4e-05	-5.08337e-16
-6e-05	-6e-05	-8.71143e-16
-6e-05	-5.6e-05	-1.0208e-17
-6e-05	-5.2e-05	-9.70515e-17
-6e-05	-4.8e-05	-2.11835e-16
-6e-05	-4.4e-05	-3.61386e-16
-6e-05	-4e-05	3.89338e-16
-6e-05	-3.6e-05	1.73712e-16
-6e-05	-3.2e-05	5.59808e-17
-6e-05	-2.8e-05	-1.80953e-16
-6e-05	-2.4e-05	5.87541e-17
-6e-05	-2e-05	3.8383e-18
-6e-05	-1.6e-05	8.90049e-17
-6e-05	-1.2e-05	-1.41272e-16
-6e-05	-8e-06	-1.40631e-16
-6e-05	-4e-06	9.77233e-17
-6e-05	0	-1.15648e-16
-6e-05	4e-06	-8.51413e-17
-6e-05	8e-06	9.30564e-17
-6e-05	1.2e-05	-1.25907e-16
-6e-05	1.6e-05	6.55654e-18
-6e-05	2e-05	7.4463e-17
-6e-05	2.4e-05	-7.4295e-17
-6e-05	2.8e-05	1.45365e-17
-6e-05	3.2e-05	-4.51841e-17
-6e-05	3.6e-05	3.22111e-18
-6e-05	4e-05	9.02477e-17
-6e-05	4.4e-05	3.02344e-16
-6e-05	4.8e-05	-1.74952e-16
-6e-05	5.2e-05	5.37869e-17
-6e-05	5.6e-05	-1.30796e-16
-6e-05	6e-05	4.15808e-17
-6e-05	6.4e-05	-5.26993e-16
-6e-05	6.8e-05	-1.84956e-16
-6e-05	7.2e-05	-3.22765e-16
-6e-05	7.6e-05	-3.19607e-16
-5.6e-05	-8e-05	-1.81652e-16
-5.6e-05	-7.6e-05	-3.54371e-16
-5.6e-05	-7.2e-05	-3.356e-16
-5.6e-05	-6.8e-05	-2.84665e-16
-5.6e-05	-6.4e-05	-8.46995e-16
-5.6e-05	-6e-05	-2.42879e-17
-5.6e-05	-5.6e-05	-1.79831e-16
-5.6e-05	-5.2e-05	-1.77208e-16
-5.6e-05	-4.8e-05	-3.09209e-16
-5.6e-05	-4.4e-05	6.52859e-16
-5.6e-05	-4e-05	7.3212e-18
-5.6e-05	-3.6e-05	-8.699e-17
-5.6e-05	-3.2e-05	-1.06832e-17
-5.6e-05	-2.8e-05	-1.03447e-16
-5.6e-05	-2.4e-05	-1.55044e-16
-5.6e-05	-2e-05	1.88135e-16
-5.6e-05	-1.6e-05	-2.84401e-16
-5.6e-05	-1.2e-05	-5.88662e-17
-5.6e-05	-8e-06	4.41993e-17
-5.6e-05	-4e-06	-8.64939e-17
-5.6e-05	0	1.70954e-17
-5.6e-05	4e-06	-1.35883e-16
-5.6e-05	8e-06	-1.75029e-16
-5.6e-05	1.2e-05	1.86115e-16
-5.6e-05	1.6e-05	-4.25292e-17
-5.6e-05	2e-05	-2.63027e-17
-5.6e-05	2.4e-05	7.05769e-17
-5.6e-05	2.8e-05	-1.44165e-16
-5.6e-05	3.2e-05	6.23112e-17
-5.6e-05	3.6e-05	-2.09596e-18
-5.6e-05	4e-05	1.34686e-17
-5.6e-05	4.4e-05	-2.4584e-17
-5.6e-05	4.8e-05	2.46881e-16
-5.6e-05	5.2e-05	-1.44365e-16
-5.6e-05	5.6e-05	2.01369e-17
-5.6e-05	6e-05	-1.15032e-16
-5.6e-05	6.4e-05	-7.06912e-17
-5.6e-05	6.8e-05	-3.65735e-16
-5.6e-05	7.2e-05	-1.69406e-16
-5.6e-05	7.6e-05	-4.20817e-16
-5.2e-05	-8e-05	-2.09178e-16
-5.2e-05	-7.6e-05	-4.35361e-16
-5.2e-05	-7.2e-05	-2.01993e-16
-5.2e-05	-6.8e-05	-4.40764e-16
-5.2e-05	-6.4e-05	-2.31733e-16
-5.2e-05	-6e-05	-1.01794e-16
-5.2e-05	-5.6e-05	-2.27667e-16
-5.2e-05	-5.2e-05	-2.31137e-16
-5.2e-05	-4.8e-05	5.07224e-16
-5.2e-05	-4.4e-05	-1.82582e-16
-5.2e-05	-4e-05	-1.21246e-16
-5.2e-05	-3.6e-05	1.89568e-16
-5.2e-05	-3.2e-05	1.26022e-16
-5.2e-05	-2.8e-05	-2.94139e-16
-5.2e-05	-2.4e-05	1.62148e-16
-5.2e-05	-2e-05	-7.24254e-17
-5.2e-05	-1.6e-05	4.04045e-17
-5.2e-05	-1.2e-05	-1.27276e-16
-5.2e-05	-8e-06	-1.52585e-16
-5.2e-05	-4e-06	1.38125e-16
-5.2e-05	0	-2.16045e-16
-5.2e-05	4e-06	-3.18436e-16
-5.2e-05	8e-06	1.50196e-16
-5.2e-05	1.2e-05	-3.92198e-16
-5.2e-05	1.6e-05	8.83091e-18
-5.2e-05	2e-05	3.07137e-17
-5.2e-05	2.4e-05	-4.7771e-17
-5.2e-05	2.8e-05	-1.86128e-18
-5.2e-05	3.2e-05	-1.35172e-16
-5.2e-05	3.6e-05	5.51648e-17
-5.2e-05	4e-05	7.53993e-17
-5.2e-05	4.4e-05	1.0699e-16
-5.2e-05	4.8e-05	-1.39079e-16
-5.2e-05	5.2e-05	3.60586e-16
-5.2e-05	5.6e-05	-2.49417e-16
-5.2e-05	6e-05	1.2593e-16
-5.2e-05	6.4e-05	-2.25295e-16
-5.2e-05	6.8e-05	-1.65867e-16
-5.2e-05	7.2e-05	-2.59111e-16
-5.2e-05	7.6e-05	-3.32516e-16
-4.8e-05	-8e-05	-2.81946e-16
-4.8e-05	-7.6e-05	-3.84925e-16
-4.8e-05	-7.2e-05	-2.75047e-16
-4.8e-05	-6.8e-05	-3.22024e-16
-4.8e-05	-6.4e-05	-2.46038e-16
-4.8e-05	-6e-05	2.82337e-18
-4.8e-05	-5.6e-05	-3.45037e-16
-4.8e-05	-5.2e-05	6.76405e-16
-4.8e-05	-4.8e-05	-2.07232e-16
-4.8e-05	-4.4e-05	2.93156e-16
-4.8e-05	-4e-05	2.34911e-16
-4.8e-05	-3.6e-05	1.09076e-16
-4.8e-05	-3.2e-05	-3.32539e-16
-4.8e-05	-2.8e-05	3.4398e-17
-4.8e-05	-2.4e-05	-1.28592e-17
-4.8e-05	-2e-05	1.61575e-16
-4.8e-05	-1.6e-05	-3.49278e-16
-4.8e-05	-1.2e-05	-3.90079e-18
-4.8e-05	-8e-06	2.81561e-16
-4.8e-05	-4e-06	-8.33344e-17
-4.8e-05	0	-1.16965e-16
-4.8e-05	4e-06	-7.30238e-17
-4.8e-05	8e-06	-2.78275e-16
-4.8e-05	1.2e-05	3.72503e-16
-4.8e-05	1.6e-05	-2.64075e-16
-4.8e-05	2e-05	-9.01937e-17
-4.8e-05	2.4e-05	1.36888e-16
-4.8e-05	2.8e-05	-6.69067e-17
-4.8e-05	3.2e-05	1.05175e-17
-4.8e-05	3.6e-05	-1.05893e-16
-4.8e-05	4e-05	-3.65817e-18
-4.8e-05	4.4e-05	5.71802e-17
-4.8e-05	4.8e-05	7.97764e-17
-4.8e-05	5.2e-05	5.17292e-17
-4.8e-05	5.6e-05	4.33182e-16
-4.8e-05	6e-05	-1.79989e-16
-4.8e-05	6.4e-05	3.89667e-16
-4.8e-05	6.8e-05	-2.6314e-16
-4.8e-05	7.2e-05	2.53619e-16
-4.8e-05	7.6e-05	-3.29415e-16
-4.4e-05	-8e-05	1.9471e-16
-4.4e-05	-7.6e-05	-3.78955e-16
-4.4e-05	-7.2e-05	2.84969e-16
-4.4e-05	-6.8e-05	-3.68696e-16
-4.4e-05	-6.4e-05	4.89835e-16
-4.4e-05	-6e-05	-3.15264e-16
-4.4e-05	-5.6e-05	6.34525e-16
-4.4e-05	-5.2e-05	-6.22474e-18
-4.4e-05	-4.8e-05	8.51623e-17
-4.4e-05	-4.4e-05	2.74623e-16
-4.4e-05	-4e-05	-3.08057e-16
-4.4e-05	-3.6e-05	-4.079e-16
-4.4e-05	-3.2e-05	1.84242e-16
-4.4e-05	-2.8e-05	-2.28258e-16
-4.4e-05	-2.4e-05	3.68144e-16
-4.4e-05	-2e-05	-3.30352e-16
-4.4e-05	-1.6e-05	-5.13023e-17
-4.4e-05	-1.2e-05	-3.79447e-17
-4.4e-05	-8e-06	-9.28877e-17
-4.4e-05	-4e-06	1.30797e-16
-4.4e-05	0	-2.1245e-16
-4.4e-05	4e-06	-2.87338e-16
-4.4e-05	8e-06	3.11366e-16
-4.4e-05	1.2e-05	-2.13205e-16
-4.4e-05	1.6e-05	-5.4543e-17
-4.4e-05	2e-05	-1.8988e-16
-4.4e-05	2.4e-05	-1.19423e-16
-4.4e-05	2.8e-05	7.97067e-17
-4.4e-05	3.2e-05	-2.47273e-17
-4.4e-05	3.6e-05	1.9738e-16
-4.4e-05	4e-05	-2.08963e-16
-4.4e-05	4.4e-05	2.88815e-17
-4.4e-05	4.8e-05	-2.84905e-17
-4.4e-05	5.2e-05	-9.4187e-17
-4.4e-05	5.6e-05	1.1327e-16
-4.4e-05	6e-05	1.54701e-16
-4.4e-05	6.4e-05	-4.85784e-17
-4.4e-05	6.8e-05	2.29742e-16
-4.4e-05	7.2e-05	-1.83664e-16
-4.4e-05	7.6e-05	3.14746e-16
-4e-05	-8e-05	-2.34539e-16
-4e-05	-7.6e-05	3.26953e-16
-4e-05	-7.2e-05	-2.15628e-16
-4e-05	-6.8e-05	2.54864e-16
-4e-05	-6.4e-05	-7.14641e-17
-4e-05	-6e-05	7.89215e-17
-4e-05	-5.6e-05	1.73552e-16
-4e-05	-5.2e-05	-2.69748e-16
-4e-05	-4.8e-05	1.43867e-16
-4e-05	-4.4e-05	-1.71223e-16
-4e-05	-4e-05	-6.18037e-16
-4e-05	-3.6e-05	4.82668e-16
-4e-05	-3.2e-05	-1.62396e-16
-4e-05	-2.8e-05	2.45247e-16
-4e-05	-2.4e-05	-1.94271e-16
-4e-05	-2e-05	-2.50376e-16
-4e-05	-1.6e-05	-2.55702e-16
-4e-05	-1.2e-05	2.13736e-17
-4e-05	-8e-06	4.22506e-16
-4e-05	-4e-06	-1.22538e-16
-4e-05	0	-2.6078e-16
-4e-05	4e-06	-4.29332e-17
-4e-05	8e-06	-1.8344e-16
-4e-05	1.2e-05	3.20429e-16
-4e-05	1.6e-05	-4.04293e-17
-4e-05	2e-05	-2.94745e-16
-4e-05	2.4e-05	-1.01386e-16
-4e-05	2.8e-05	-9.79497e-17
-4e-05	3.2e-05	-5.44511e-17
-4e-05	3.6e-05	-2.81777e-17
-4e-05	4e-05	2.07889e-16
-4e-05	4.4e-05	-3.47212e-16
-4e-05	4.8e-05	1.29855e-16
-4e-05	5.2e-05	-3.36955e-17
-4e-05	5.6e-05	5.37677e-17
-4e-05	6e-05	1.40558e-16
-4e-05	6.4e-05	5.2276e-17
-4e-05	6.8e-05	1.80181e-16
-4e-05	7.2e-05	1.03899e-16
-4e-05	7.6e-05	9.17215e-17
-3.6e-05	-8e-05	1.32696e-16
-3.6e-05	-7.6e-05	1.24184e-16
-3.6e-05	-7.2e-05	1.20402e-16
-3.6e-05	-6.8e-05	1.629e-16
-3.6e-05	-6.4e-05	6.11224e-18
-3.6e-05	-6e-05	2.56883e-16
-3.6e-05	-5.6e-05	-6.38343e-17
-3.6e-05	-5.2e-05	4.78612e-17
-3.6e-05	-4.8e-05	1.4633e-16
-3.6e-05	-4.4e-05	-4.46933e-16
-3.6e-05	-4e-05	4.35658e-16
-3.6e-05	-3.6e-05	-1.84125e-16
-3.6e-05	-3.2e-05	-1.72026e-16
-3.6e-05	-2.8e-05	-1.63258e-16
-3.6e-05	-2.4e-05	1.50368e-16
-3.6e-05	-2e-05	-4.20802e-16
-3.6e-05	-1.6e-05	6.56297e-16
-3.6e-05	-1.2e-05	1.52344e-14
-3.6e-05	-8e-06	1.71742e-14
-3.6e-05	-4e-06	5.92297e-15
-3.6e-05	0	-1.01311e-14
-3.6e-05	4e-06	-1.89092e-14
-3.6e-05	8e-06	-1.41872e-14
-3.6e-05	1.2e-05	-9.07652e-16
-3.6e-05	1.6e-05	1.93786e-16
-3.6e-05	2e-05	2.8449e-16
-3.6e-05	2.4e-05	-1.95809e-16
-3.6e-05	2.8e-05	1.5135e-16
-3.6e-05	3.2e-05	2.45041e-18
-3.6e-05	3.6e-05	7.08019e-17
-3.6e-05	4e-05	-1.64161e-16
-3.6e-05	4.4e-05	3.8997e-17
-3.6e-05	4.8e-05	-2.29273e-16
-3.6e-05	5.2e-05	2.3205e-17
-3.6e-05	5.6e-05	-1.37126e-16
-3.6e-05	6e-05	-5.40872e-17
-3.6e-05	6.4e-05	4.44136e-17
-3.6e-05	6.8e-05	-5.84783e-17
-3.6e-05	7.2e-05	1.27753e-16
-3.6e-05	7.6e-05	-2.40729e-17
-3.2e-05	-8e-05	1.69072e-16
-3.2e-05	-7.6e-05	-4.60693e-18
-3.2e-05	-7.2e-05	1.77703e-16
-3.2e-05	-6.8e-05	-3.47124e-17
-3.2e-05	-6.4e-05	8.99865e-17
-3.2e-05	-6e-05	-1.29941e-16
-3.2e-05	-5.6e-05	-2.01857e-16
-3.2e-05	-5.2e-05	1.13348e-18
-3.2e-05	-4.8e-05	-4.9051e-16
-3.2e-05	-4.4e-05	7.11428e-17
-3.2e-05	-4e-05	-2.86037e-16
-3.2e-05	-3.6e-05	-3.0851e-19
-3.2e-05	-3.2e-05	-2.365e-16
-3.2e-05	-2.8e-05	5.50795e-16
-3.2e-05	-2.4e-05	-3.74302e-16
-3.2e-05	-2e-05	1.7812e-15
-3.2e-05	-1.6e-05	8.75133e-14
-3.2e-05	-1.2e-05	2.23027e-12
-3.2e-05	-8e-06	2.5929e-12
-3.2e-05	-4e-06	9.10648e-13
-3.2e-05	0	-1.48189e-12
-3.2e-05	4e-06	-2.79179e-12
-3.2e-05	8e-06	-2.11247e-12
-3.2e-05	1.2e-05	-8.24247e-14
-3.2e-05	1.6e-05	-2.12432e-15
-3.2e-05	2e-05	3.8667e-16
-3.2e-05	2.4e-05	-3.03079e-16
-3.2e-05	2.8e-05	-5.04562e-17
-3.2e-05	3.2e-05	1.61008e-16
-3.2e-05	3.6e-05	-1.11245e-16
-3.2e-05	4e-05	2.3956e-16
-3.2e-05	4.4e-05	-1.55488e-16
-3.2e-05	4.8e-05	1.61233e-16
-3.2e-05	5.2e-05	-1.51299e-16
-3.2e-05	5.6e-05	6.87058e-17
-3.2e-05	6e-05	-2.14279e-16
-3.2e-05	6.4e-05	-1.0156e-16
-3.2e-05	6.8e-05	-2.09447e-16
-3.2e-05	7.2e-05	-1.48641e-16
-3.2e-05	7.6e-05	-1.23545e-16
-2.8e-05	-8e-05	-1.42506e-16
-2.8e-05	-7.6e-05	-1.91805e-16
-2.8e-05	-7.2e-05	-1.61392e-16
-2.8e-05	-6.8e-05	-1.9828e-16
-2.8e-05	-6.4e-05	-1.33664e-16
-2.8e-05	-6e-05	-3.12146e-16
-2.8e-05	-5.6e-05	-4.94379e-17
-2.8e-05	-5.2e-05	-2.34038e-16
-2.8e-05	-4.8e-05	1.23305e-16
-2.8e-05	-4.4e-05	-7.88846e-17
-2.8e-05	-4e-05	3.89713e-16
-2.8e-05	-3.6e-05	-1.82078e-16
-2.8e-05	-3.2e-05	2.97103e-16
-2.8e-05	-2.8e-05	-3.014e-16
-2.8e-05	-2.4e-05	2.62033e-15
-2.8e-05	-2e-05	2.16108e-13
-2.8e-05	-1.6e-05	1.09114e-11
-2.8e-05	-1.2e-05	3.34728e-10
-2.8e-05	-8e-06	3.89134e-10
-2.8e-05	-4e-06	1.36657e-10
-2.8e-05	0	-2.22248e-10
-2.8e-05	4e-06	-4.18763e-10
-2.8e-05	8e-06	-3.16686e-10
-2.8e-05	1.2e-05	-1.03026e-11
-2.8e-05	1.6e-05	-2.03814e-13
-2.8e-05	2e-05	-3.22631e-15
-2.8e-05	2.4e-05	2.25077e-16
-2.8e-05	2.8e-05	-1.9038e-16
-2.8e-05	3.2e-05	7.97787e-18
-2.8e-05	3.6e-05	-1.24398e-16
-2.8e-05	4e-05	-2.25494e-16
-2.8e-05	4.4e-05	8.57164e-17
-2.8e-05	4.8e-05	-8.07253e-17
-2.8e-05	5.2e-05	1.89745e-16
-2.8e-05	5.6e-05	4.00545e-17
-2.8e-05	6e-05	1.41588e-16
-2.8e-05	6.4e-05	-4.91284e-17
-2.8e-05	6.8e-05	7.66774e-17
-2.8e-05	7.2e-05	-5.60172e-17
-2.8e-05	7.6e-05	1.39492e-17
-2.4e-05	-8e-05	-4.37442e-17
-2.4e-05	-7.6e-05	-5.89993e-18
-2.4e-05	-7.2e-05	-5.22527e-17
-2.4e-05	-6.8e-05	4.91467e-17
-2.4e-05	-6.4e-05	-1.84402e-17
-2.4e-05	-6e-05	1.74934e-16
-2.4e-05	-5.6e-05	9.22065e-18
-2.4e-05	-5.2e-05	1.66625e-16
-2.4e-05	-4.8e-05	5.81739e-18
-2.4e-05	-4.4e-05	1.49085e-16
-2.4e-05	-4e-05	-2.55402e-16
-2.4e-05	-3.6e-05	-2.05347e-16
-2.4e-05	-3.2e-05	-3.98206e-16
-2.4e-05	-2.8e-05	2.77412e-15
-2.4e-05	-2.4e-05	2.87556e-13
-2.4e-05	-2e-05	2.17058e-11
-2.4e-05	-1.6e-05	1.31564e-09
-2.4e-05	-1.2e-05	5.0235e-08
-2.4e-05	-8e-06	5.83938e-08
-2.4e-05	-4e-06	2.05056e-08
-2.4e-05	0	-3.33378e-08
-2.4e-05	4e-06	-6.28082e-08
-2.4e-05	8e-06	-4.74766e-08
-2.4e-05	1.2e-05	-1.24159e-09
-2.4e-05	1.6e-05	-2.04743e-11
-2.4e-05	2e-05	-2.70917e-13
-2.4e-05	2.4e-05	-3.05803e-15
-2.4e-05	2.8e-05	2.65905e-16
-2.4e-05	3.2e-05	-1.59225e-17
-2.4e-05	3.6e-05	3.15277e-17
-2.4e-05	4e-05	-3.55382e-17
-2.4e-05	4.4e-05	-2.00009e-16
-2.4e-05	4.8e-05	-7.06205e-17
-2.4e-05	5.2e-05	-3.95171e-17
-2.4e-05	5.6e-05	8.15205e-17
-2.4e-05	6e-05	-1.91633e-17
-2.4e-05	6.4e-05	1.30805e-17
-2.4e-05	6.8e-05	2.55385e-17
-2.4e-05	7.2e-05	4.97706e-17
-2.4e-05	7.6e-05	-1.23624e-17
-2e-05	-8e-05	4.50822e-17
-2e-05	-7.6e-05	3.40478e-17
-2e-05	-7.2e-05	8.50344e-17
-2e-05	-6.8e-05	1.84317e-17
-2e-05	-6.4e-05	4.27581e-17
-2e-05	-6e-05	-6.27464e-17
-2e-05	-5.6e-05	3.13271e-17
-2e-05	-5.2e-05	-1.82668e-16
-2e-05	-4.8e-05	1.87848e-17
-2e-05	-4.4e-05	-3.92399e-16
-2e-05	-4e-05	-1.30314e-16
-2e-05	-3.6e-05	-2.85079e-16
-2e-05	-3.2e-05	2.05992e-15
-2e-05	-2.8e-05	2.16287e-13
-2e-05	-2.4e-05	2.17142e-11
-2e-05	-2e-05	1.96742e-09
-2e-05	-1.6e-05	1.48761e-07
-2e-05	-1.2e-05	7.53945e-06
-2e-05	-8e-06	8.76261e-06
-2e-05	-4e-06	3.07687e-06
-2e-05	0	-5.00078e-06
-2e-05	4e-06	-9.42031e-06
-2e-05	8e-06	-7.11784e-06
-2e-05	1.2e-05	-1.40319e-07
-2e-05	1.6e-05	-1.85523e-09
-2e-05	2e-05	-2.04726e-11
-2e-05	2.4e-05	-2.03524e-13
-2e-05	2.8e-05	-2.00679e-15
-2e-05	3.2e-05	7.90677e-17
-2e-05	3.6e-05	-1.68837e-16
-2e-05	4e-05	-6.73953e-17
-2e-05	4.4e-05	-6.67123e-17
-2e-05	4.8e-05	7.06505e-17
-2e-05	5.2e-05	3.42068e-17
-2e-05	5.6e-05	-1.34557e-16
-2e-05	6e-05	-5.00969e-17
-2e-05	6.4e-05	-1.68015e-16
-2e-05	6.8e-05	-2.19531e-17
-2e-05	7.2e-05	-1.45252e-16
-2e-05	7.6e-05	5.45252e-17
-1.6e-05	-8e-05	-1.84392e-16
-1.6e-05	-7.6e-05	2.47821e-17
-1.6e-05	-7.2e-05	-2.61162e-16
-1.6e-05	-6.8e-05	-6.55651e-19
-1.6e-05	-6.4e-05	-2.58924e-16
-1.6e-05	-6e-05	-4.36408e-17
-1.6e-05	-5.6e-05	-2.58628e-16
-1.6e-05	-5.2e-05	-8.78958e-17
-1.6e-05	-4.8e-05	-2.04346e-16
-1.6e-05	-4.4e-05	-1.0892e-16
-1.6e-05	-4e-05	1.8273e-16
-1.6e-05	-3.6e-05	5.74074e-16
-1.6e-05	-3.2e-05	8.75069e-14
-1.6e-05	-2.8e-05	1.09287e-11
-1.6e-05	-2.4e-05	1.31693e-09
-1.6e-05	-2e-05	1.48824e-07
-1.6e-05	-1.6e-05	1.49617e-05
-1.6e-05	-1.2e-05	0.0011316
-1.6e-05	-8e-06	0.00131492
-1.6e-05	-4e-06	0.000461683
-1.6e-05	0	-0.000750135
-1.6e-05	4e-06	-0.00141291
-1.6e-05	8e-06	-0.00106717
-1.6e-05	1.2e-05	-1.41064e-05
-1.6e-05	1.6e-05	-1.40297e-07
-1.6e-05	2e-05	-1.24132e-09
-1.6e-05	2.4e-05	-1.03e-11
-1.6e-05	2.8e-05	-8.203e-14
-1.6e-05	3.2e-05	-7.38254e-16
-1.6e-05	3.6e-05	-1.02542e-16
-1.6e-05	4e-05	-6.88016e-17
-1.6e-05	4.4e-05	3.2552e-16
-1.6e-05	4.8e-05	-2.1932e-16
-1.6e-05	5.2e-05	2.99001e-16
-1.6e-05	5.6e-05	-1.8547e-16
-1.6e-05	6e-05	8.59959e-17
-1.6e-05	6.4e-05	-2.11363e-16
-1.6e-05	6.8e-05	-7.03719e-17
-1.6e-05	7.2e-05	-1.83379e-16
-1.6e-05	7.6e-05	-6.61919e-17
-1.2e-05	-8e-05	-1.25813e-16
-1.2e-05	-7.6e-05	-9.27743e-17
-1.2e-05	-7.2e-05	-1.68274e-16
-1.2e-05	-6.8e-05	-7.45575e-17
-1.2e-05	-6.4e-05	-2.02849e-16
-1.2e-05	-6e-05	2.00353e-17
-1.2e-05	-5.6e-05	-2.64576e-16
-1.2e-05	-5.2e-05	1.29061e-16
-1.2e-05	-4.8e-05	-1.36201e-16
-1.2e-05	-4.4e-05	3.79315e-16
-1.2e-05	-4e-05	-1.74182e-16
-1.2e-05	-3.6e-05	1.52168e-14
-1.2e-05	-3.2e-05	2.24212e-12
-1.2e-05	-2.8e-05	3.36055e-10
-1.2e-05	-2.4e-05	5.03666e-08
-1.2e-05	-2e-05	7.54899e-06
-1.2e-05	-1.6e-05	0.00113149
-1.2e-05	-1.2e-05	0.1696
-1.2e-05	-8e-06	0.197137
-1.2e-05	-4e-06	0.0693043
-1.2e-05	0	-0.112303
-1.2e-05	4e-06	-0.211664
-1.2e-05	8e-06	-0.159896
-1.2e-05	1.2e-05	-0.00106655
-1.2e-05	1.6e-05	-7.1144e-06
-1.2e-05	2e-05	-4.74579e-08
-1.2e-05	2.4e-05	-3.16586e-10
-1.2e-05	2.8e-05	-2.11186e-12
-1.2e-05	3.2e-05	-1.44618e-14
-1.2e-05	3.6e-05	-1.94533e-16
-1.2e-05	4e-05	1.32888e-17
-1.2e-05	4.4e-05	-4.04964e-17
-1.2e-05	4.8e-05	3.39755e-16
-1.2e-05	5.2e-05	-2.17517e-16
-1.2e-05	5.6e-05	3.44227e-16
-1.2e-05	6e-05	-2.10516e-16
-1.2e-05	6.4e-05	3.05761e-16
-1.2e-05	6.8e-05	-2.4473e-16
-1.2e-05	7.2e-05	2.62289e-16
-1.2e-05	7.6e-05	-2.52253e-16
-8e-06	-8e-05	2.11085e-16
-8e-06	-7.6e-05	-2.76429e-16
-8e-06	-7.2e-05	2.37145e-16
-8e-06	-6.8e-05	-2.66491e-16
-8e-06	-6.4e-05	3.32837e-16
-8e-06	-6e-05	-2.77619e-16
-8e-06	-5.6e-05	3.20446e-16
-8e-06	-5.2e-05	-2.55161e-16
-8e-06	-4.8e-05	4.25549e-16
-8e-06	-4.4e-05	-1.79904e-16
-8e-06	-4e-05	2.4953e-16
-8e-06	-3.6e-05	2.02774e-14
-8e-06	-3.2e-05	3.05388e-12
-8e-06	-2.8e-05	4.58238e-10
-8e-06	-2.4e-05	6.8751e-08
-8e-06	-2e-05	1.0315e-05
-8e-06	-1.6e-05	0.00154761
-8e-06	-1.2e-05	0.232196
-8e-06	-8e-06	0.27859
-8e-06	-4e-06	0.111098
-8e-06	0	-0.135543
-8e-06	4e-06	-0.276322
-8e-06	8e-06	-0.21455
-8e-06	1.2e-05	-0.00142916
-8e-06	1.6e-05	-9.51993e-06
-8e-06	2e-05	-6.34148e-08
-8e-06	2.4e-05	-4.22426e-10
-8e-06	2.8e-05	-2.81414e-12
-8e-06	3.2e-05	-1.87842e-14
-8e-06	3.6e-05	-4.90327e-16
-8e-06	4e-05	-1.3063e-17
-8e-06	4.4e-05	3.25534e-17
-8e-06	4.8e-05	-1.10344e-16
-8e-06	5.2e-05	2.52215e-16
-8e-06	5.6e-05	-2.08962e-16
-8e-06	6e-05	3.55311e-16
-8e-06	6.4e-05	-1.90845e-16
-8e-06	6.8e-05	4.99282e-16
-8e-06	7.2e-05	-2.3086e-16
-8e-06	7.6e-05	4.22867e-16
-4e-06	-8e-05	-2.39911e-16
-4e-06	-7.6e-05	4.81295e-16
-4e-06	-7.2e-05	-2.37488e-16
-4e-06	-6.8e-05	4.81556e-16
-4e-06	-6.4e-05	-2.35651e-16
-4e-06	-6e-05	4.24302e-16
-4e-06	-5.6e-05	-2.55916e-16
-4e-06	-5.2e-05	2.61457e-16
-4e-06	-4.8e-05	-1.97056e-16
-4e-06	-4.4e-05	-5.99565e-17
-4e-06	-4e-05	-9.70198e-17
-4e-06	-3.6e-05	9.94383e-15
-4e-06	-3.2e-05	1.54386e-12
-4e-06	-2.8e-05	2.31627e-10
-4e-06	-2.4e-05	3.47504e-08
-4e-06	-2e-05	5.21352e-06
-4e-06	-1.6e-05	0.000782175
-4e-06	-1.2e-05	0.117349
-4e-06	-8e-06	0.139961
-4e-06	-4e-06	0.0589803
-4e-06	0	-0.0535067
-4e-06	4e-06	-0.113095
-4e-06	8e-06	-0.0863423
-4e-06	1.2e-05	-0.000575052
-4e-06	1.6e-05	-3.82991e-06
-4e-06	2e-05	-2.55075e-08
-4e-06	2.4e-05	-1.69881e-10
-4e-06	2.8e-05	-1.13109e-12
-4e-06	3.2e-05	-7.84956e-15
-4e-06	3.6e-05	1.24943e-16
-4e-06	4e-05	-1.27772e-16
-4e-06	4.4e-05	-6.92008e-17
-4e-06	4.8e-05	-1.45267e-16
-4e-06	5.2e-05	-2.77851e-16
-4e-06	5.6e-05	6.72221e-17
-4e-06	6e-05	-3.04341e-16
-4e-06	6.4e-05	2.07021e-16
-4e-06	6.8e-05	-3.31848e-16
-4e-06	7.2e-05	2.46915e-16
-4e-06	7.6e-05	-3.66031e-16
0	-8e-05	3.09484e-16
0	-7.6e-05	-3.5796e-16
0	-7.2e-05	3.13955e-16
0	-6.8e-05	-3.68249e-16
0	-6.4e-05	2.01219e-16
0	-6e-05	-4.13966e-16
0	-5.6e-05	1.23004e-17
0	-5.2e-05	-2.97165e-16
0	-4.8e-05	-2.32472e-16
0	-4.4e-05	-1.11662e-16
0	-4e-05	-4.74129e-16
0	-3.6e-05	-7.43208e-15
0	-3.2e-05	-1.13181e-12
0	-2.8e-05	-1.69881e-10
0	-2.4e-05	-2.55075e-08
0	-2e-05	-3.82991e-06
0	-1.6e-05	-0.000575052
0	-1.2e-05	-0.0863423
0	-8e-06	-0.113095
0	-4e-06	-0.0535067
0	0	0.0589803
0	4e-06	0.139961
0	8e-06	0.117349
0	1.2e-05	0.000782175
0	1.6e-05	5.21352e-06
0	2e-05	3.47504e-08
0	2.4e-05	2.31627e-10
0	2.8e-05	1.5438e-12
0	3.2e-05	1.0533e-14
0	3.6e-05	1.30823e-17
0	4e-05	2.65267e-16
0	4.4e-05	-1.35505e-16
0	4.8e-05	9.03661e-17
0	5.2e-05	-1.23711e-16
0	5.6e-05	-7.28439e-17
0	6e-05	-9.81144e-17
0	6.4e-05	-1.80989e-16
0	6.8e-05	-5.05493e-17
0	7.2e-05	-2.65589e-16
0	7.6e-05	-1.49707e-17
4e-06	-8e-05	-2.84414e-16
4e-06	-7.6e-05	-3.00047e-17
4e-06	-7.2e-05	-2.70284e-16
4e-06	-6.8e-05	-4.98971e-17
4e-06	-6.4e-05	-2.39669e-16
4e-06	-6e-05	-1.95666e-16
4e-06	-5.6e-05	-1.14809e-16
4e-06	-5.2e-05	-2.87158e-16
4e-06	-4.8e-05	1.16948e-16
4e-06	-4.4e-05	-3.02306e-16
4e-06	-4e-05	2.2773e-16
4e-06	-3.6e-05	-1.8971e-14
4e-06	-3.2e-05	-2.81345e-12
4e-06	-2.8e-05	-4.22426e-10
4e-06	-2.4e-05	-6.34148e-08
4e-06	-2e-05	-9.51993e-06
4e-06	-1.6e-05	-0.00142916
4e-06	-1.2e-05	-0.21455
4e-06	-8e-06	-0.276322
4e-06	-4e-06	-0.135543
4e-06	0	0.111098
4e-06	4e-06	0.27859
4e-06	8e-06	0.232196
4e-06	1.2e-05	0.00154761
4e-06	1.6e-05	1.0315e-05
4e-06	2e-05	6.8751e-08
4e-06	2.4e-05	4.58238e-10
4e-06	2.8e-05	3.05413e-12
4e-06	3.2e-05	2.03738e-14
4e-06	3.6e-05	2.1885e-16
4e-06	4e-05	6.51805e-17
4e-06	4.4e-05	1.19079e-16
4e-06	4.8e-05	-5.01177e-18
4e-06	5.2e-05	1.68563e-16
4e-06	5.6e-05	-8.71271e-18
4e-06	6e-05	1.4652e-16
4e-06	6.4e-05	-7.2218e-17
4e-06	6.8e-05	1.09951e-16
4e-06	7.2e-05	-1.09346e-16
4e-06	7.6e-05	9.14872e-17
8e-06	-8e-05	-1.2912e-16
8e-06	-7.6e-05	8.76412e-17
8e-06	-7.2e-05	-1.67387e-16
8e-06	-6.8e-05	6.36148e-17
8e-06	-6.4e-05	-8.6221e-17
8e-06	-6e-05	1.55372e-16
8e-06	-5.6e-05	-1.23918e-16
8e-06	-5.2e-05	2.20975e-16
8e-06	-4.8e-05	-6.94143e-17
8e-06	-4.4e-05	4.08765e-16
8e-06	-4e-05	-1.35875e-16
8e-06	-3.6e-05	-1.41075e-14
8e-06	-3.2e-05	-2.11184e-12
8e-06	-2.8e-05	-3.16586e-10
8e-06	-2.4e-05	-4.74579e-08
8e-06	-2e-05	-7.1144e-06
8e-06	-1.6e-05	-0.00106655
8e-06	-1.2e-05	-0.159896
8e-06	-8e-06	-0.211664
8e-06	-4e-06	-0.112303
8e-06	0	0.0693043
8e-06	4e-06	0.197137
8e-06	8e-06	0.1696
8e-06	1.2e-05	0.00113149
8e-06	1.6e-05	7.54899e-06
8e-06	2e-05	5.03666e-08
8e-06	2.4e-05	3.36055e-10
8e-06	2.8e-05	2.24236e-12
8e-06	3.2e-05	1.4976e-14
8e-06	3.6e-05	3.16935e-16
8e-06	4e-05	-9.57577e-17
8e-06	4.4e-05	1.80611e-16
8e-06	4.8e-05	-3.07268e-17
8e-06	5.2e-05	1.5817e-16
8e-06	5.6e-05	3.82517e-18
8e-06	6e-05	1.08755e-16
8e-06	6.4e-05	8.24401e-17
8e-06	6.8e-05	5.21096e-17
8e-06	7.2e-05	1.44665e-16
8e-06	7.6e-05	-2.05856e-17
1.2e-05	-8e-05	9.41503e-17
1.2e-05	-7.6e-05	1.94199e-17
1.2e-05	-7.2e-05	1.2237e-16
1.2e-05	-6.8e-05	5.96282e-18
1.2e-05	-6.4e-05	8.48363e-17
1.2e-05	-6e-05	4.29126e-17
1.2e-05	-5.6e-05	4.95061e-17
1.2e-05	-5.2e-05	1.64031e-16
1.2e-05	-4.8e-05	6.47326e-17
1.2e-05	-4.4e-05	1.34425e-16
1.2e-05	-4e-05	2.13945e-16
1.2e-05	-3.6e-05	-6.38358e-16
1.2e-05	-3.2e-05	-8.24554e-14
1.2e-05	-2.8e-05	-1.03e-11
1.2e-05	-2.4e-05	-1.24132e-09
1.2e-05	-2e-05	-1.40297e-07
1.2e-05	-1.6e-05	-1.41064e-05
1.2e-05	-1.2e-05	-0.00106717
1.2e-05	-8e-06	-0.00141291
1.2e-05	-4e-06	-0.000750135
1.2e-05	0	0.000461683
1.2e-05	4e-06	0.00131492
1.2e-05	8e-06	0.0011316
1.2e-05	1.2e-05	1.49617e-05
1.2e-05	1.6e-05	1.48824e-07
1.2e-05	2e-05	1.31693e-09
1.2e-05	2.4e-05	1.09288e-11
1.2e-05	2.8e-05	8.73154e-14
1.2e-05	3.2e-05	8.89591e-16
1.2e-05	3.6e-05	-6.01101e-17
1.2e-05	4e-05	1.90797e-16
1.2e-05	4.4e-05	-1.21205e-16
1.2e-05	4.8e-05	2.82488e-16
1.2e-05	5.2e-05	-1.15334e-16
1.2e-05	5.6e-05	2.30354e-16
1.2e-05	6e-05	-4.27825e-17
1.2e-05	6.4e-05	1.63574e-16
1.2e-05	6.8e-05	-4.6332e-17
1.2e-05	7.2e-05	1.7985e-16
1.2e-05	7.6e-05	-1.03324e-17
1.6e-05	-8e-05	1.31448e-16
1.6e-05	-7.6e-05	-1.65951e-17
1.6e-05	-7.2e-05	1.82326e-16
1.6e-05	-6.8e-05	-3.15243e-17
1.6e-05	-6.4e-05	2.08146e-16
1.6e-05	-6e-05	-2.73076e-17
1.6e-05	-5.6e-05	2.06817e-16
1.6e-05	-5.2e-05	-9.27453e-17
1.6e-05	-4.8e-05	6.84849e-17
1.6e-05	-4.4e-05	-1.18113e-16
1.6e-05	-4e-05	3.40193e-16
1.6e-05	-3.6e-05	1.52047e-16
1.6e-05	-3.2e-05	-1.93336e-15
1.6e-05	-2.8e-05	-2.0366e-13
1.6e-05	-2.4e-05	-2.04722e-11
1.6e-05	-2e-05	-1.85523e-09
1.6e-05	-1.6e-05	-1.40319e-07
1.6e-05	-1.2e-05	-7.11784e-06
1.6e-05	-8e-06	-9.42031e-06
1.6e-05	-4e-06	-5.00078e-06
1.6e-05	0	3.07687e-06
1.6e-05	4e-06	8.76261e-06
1.6e-05	8e-06	7.53945e-06
1.6e-05	1.2e-05	1.48761e-07
1.6e-05	1.6e-05	1.96742e-09
1.6e-05	2e-05	2.1714e-11
1.6e-05	2.4e-05	2.16011e-13
1.6e-05	2.8e-05	2.1735e-15
1.6e-05	3.2e-05	-9.04447e-17
1.6e-05	3.6e-05	1.07504e-16
1.6e-05	4e-05	-1.03357e-16
1.6e-05	4.4e-05	3.03115e-16
1.6e-05	4.8e-05	-1.09096e-16
1.6e-05	5.2e-05	3.23031e-16
1.6e-05	5.6e-05	-9.78228e-17
1.6e-05	6e-05	2.76563e-16
1.6e-05	6.4e-05	-6.3078e-17
1.6e-05	6.8e-05	2.8945e-16
1.6e-05	7.2e-05	-7.4361e-17
1.6e-05	7.6e-05	3.04811e-16
2e-05	-8e-05	-1.0927e-16
2e-05	-7.6e-05	2.70505e-16
2e-05	-7.2e-05	-9.29e-17
2e-05	-6.8e-05	2.78201e-16
2e-05	-6.4e-05	-3.43775e-17
2e-05	-6e-05	3.02546e-16
2e-05	-5.6e-05	-1.18351e-16
2e-05	-5.2e-05	2.75032e-16
2e-05	-4.8e-05	-1.241e-16
2e-05	-4.4e-05	2.77028e-16
2e-05	-4e-05	-6.07838e-17
2e-05	-3.6e-05	1.96389e-16
2e-05	-3.2e-05	2.32784e-16
2e-05	-2.8e-05	-3.18608e-15
2e-05	-2.4e-05	-2.70708e-13
2e-05	-2e-05	-2.04741e-11
2e-05	-1.6e-05	-1.24159e-09
2e-05	-1.2e-05	-4.74766e-08
2e-05	-8e-06	-6.28082e-08
2e-05	-4e-06	-3.33378e-08
2e-05	0	2.05056e-08
2e-05	4e-06	5.83938e-08
2e-05	8e-06	5.0235e-08
2e-05	1.2e-05	1.31564e-09
2e-05	1.6e-05	2.17056e-11
2e-05	2e-05	2.87196e-13
2e-05	2.4e-05	3.57645e-15
2e-05	2.8e-05	4.38553e-18
2e-05	3.2e-05	2.67721e-16
2e-05	3.6e-05	-6.79233e-17
2e-05	4e-05	2.15348e-16
2e-05	4.4e-05	-7.03114e-17
2e-05	4.8e-05	2.36804e-16
2e-05	5.2e-05	-9.60309e-17
2e-05	5.6e-05	2.78806e-16
2e-05	6e-05	-1.31661e-16
2e-05	6.4e-05	2.40591e-16
2e-05	6.8e-05	-1.67882e-16
2e-05	7.2e-05	3.24199e-16
2e-05	7.6e-05	-1.14696e-16
2.4e-05	-8e-05	2.88083e-16
2.4e-05	-7.6e-05	-1.33682e-16
2.4e-05	-7.2e-05	2.98023e-16
2.4e-05	-6.8e-05	-1.34672e-16
2.4e-05	-6.4e-05	2.8096e-16
2.4e-05	-6e-05	-1.02766e-16
2.4e-05	-5.6e-05	2.37936e-16
2.4e-05	-5.2e-05	-1.22534e-16
2.4e-05	-4.8e-05	1.73009e-16
2.4e-05	-4.4e-05	-1.91833e-16
2.4e-05	-4e-05	1.05878e-16
2.4e-05	-3.6e-05	-1.77306e-16
2.4e-05	-3.2e-05	1.95539e-16
2.4e-05	-2.8e-05	3.18354e-16
2.4e-05	-2.4e-05	-2.89963e-15
2.4e-05	-2e-05	-2.03263e-13
2.4e-05	-1.6e-05	-1.03025e-11
2.4e-05	-1.2e-05	-3.16685e-10
2.4e-05	-8e-06	-4.18762e-10
2.4e-05	-4e-06	-2.22248e-10
2.4e-05	0	1.36658e-10
2.4e-05	4e-06	3.89134e-10
2.4e-05	8e-06	3.34728e-10
2.4e-05	1.2e-05	1.09116e-11
2.4e-05	1.6e-05	2.15592e-13
2.4e-05	2e-05	3.59113e-15
2.4e-05	2.4e-05	1.47823e-18
2.4e-05	2.8e-05	2.53573e-16
2.4e-05	3.2e-05	-3.13473e-17
2.4e-05	3.6e-05	2.71498e-16
2.4e-05	4e-05	1.8048e-18
2.4e-05	4.4e-05	2.76384e-16
2.4e-05	4.8e-05	-8.48522e-17
2.4e-05	5.2e-05	2.67161e-16
2.4e-05	5.6e-05	-6.20002e-17
2.4e-05	6e-05	2.42204e-16
2.4e-05	6.4e-05	-1.36882e-16
2.4e-05	6.8e-05	2.75105e-16
2.4e-05	7.2e-05	-1.22353e-16
2.4e-05	7.6e-05	2.01986e-16
2.8e-05	-8e-05	-1.69282e-16
2.8e-05	-7.6e-05	2.45917e-16
2.8e-05	-7.2e-05	-1.07989e-16
2.8e-05	-6.8e-05	2.41657e-16
2.8e-05	-6.4e-05	-9.07205e-17
2.8e-05	-6e-05	2.03744e-16
2.8e-05	-5.6e-05	-7.52658e-17
2.8e-05	-5.2e-05	1.98469e-16
2.8e-05	-4.8e-05	-9.04577e-17
2.8e-05	-4.4e-05	2.30095e-16
2.8e-05	-4e-05	-9.78347e-17
2.8e-05	-3.6e-05	1.03606e-16
2.8e-05	-3.2e-05	9.14924e-17
2.8e-05	-2.8e-05	2.8402e-16
2.8e-05	-2.4e-05	1.9246e-16
2.8e-05	-2e-05	-1.65796e-15
2.8e-05	-1.6e-05	-8.19913e-14
2.8e-05	-1.2e-05	-2.11227e-12
2.8e-05	-8e-06	-2.79221e-12
2.8e-05	-4e-06	-1.48163e-12
2.8e-05	0	9.1063e-13
2.8e-05	4e-06	2.59316e-12
2.8e-05	8e-06	2.23062e-12
2.8e-05	1.2e-05	8.67692e-14
2.8e-05	1.6e-05	2.17185e-15
2.8e-05	2e-05	-5.97471e-17
2.8e-05	2.4e-05	3.70617e-16
2.8e-05	2.8e-05	-1.50122e-16
2.8e-05	3.2e-05	3.7189e-16
2.8e-05	3.6e-05	-7.53183e-17
2.8e-05	4e-05	3.66125e-16
2.8e-05	4.4e-05	3.18305e-17
2.8e-05	4.8e-05	3.73462e-16
2.8e-05	5.2e-05	1.2297e-17
2.8e-05	5.6e-05	3.68049e-16
2.8e-05	6e-05	2.50737e-17
2.8e-05	6.4e-05	2.8375e-16
2.8e-05	6.8e-05	1.13967e-17
2.8e-05	7.2e-05	2.32069e-16
2.8e-05	7.6e-05	-5.17022e-17
3.2e-05	-8e-05	3.20608e-16
3.2e-05	-7.6e-05	-5.31167e-17
3.2e-05	-7.2e-05	2.97721e-16
3.2e-05	-6.8e-05	-6.2394e-17
3.2e-05	-6.4e-05	3.04841e-16
3.2e-05	-6e-05	-3.15109e-17
3.2e-05	-5.6e-05	3.22162e-16
3.2e-05	-5.2e-05	9.34912e-17
3.2e-05	-4.8e-05	4.10385e-16
3.2e-05	-4.4e-05	8.36139e-17
3.2e-05	-4e-05	3.42772e-16
3.2e-05	-3.6e-05	7.17919e-17
3.2e-05	-3.2e-05	2.29202e-16
3.2e-05	-2.8e-05	-4.24578e-17
3.2e-05	-2.4e-05	2.54426e-16
3.2e-05	-2e-05	-1.76323e-16
3.2e-05	-1.6e-05	-4.832e-16
3.2e-05	-1.2e-05	-1.43306e-14
3.2e-05	-8e-06	-1.85309e-14
3.2e-05	-4e-06	-9.97803e-15
3.2e-05	0	6.17409e-15
3.2e-05	4e-06	1.74614e-14
3.2e-05	8e-06	1.48005e-14
3.2e-05	1.2e-05	8.26854e-16
3.2e-05	1.6e-05	-2.3991e-16
3.2e-05	2e-05	2.2901e-16
3.2e-05	2.4e-05	-1.67958e-16
3.2e-05	2.8e-05	2.88744e-16
3.2e-05	3.2e-05	-1.88563e-16
3.2e-05	3.6e-05	3.78581e-16
3.2e-05	4e-05	-1.01482e-16
3.2e-05	4.4e-05	3.49383e-16
3.2e-05	4.8e-05	-4.78454e-17
3.2e-05	5.2e-05	3.67274e-16
3.2e-05	5.6e-05	4.9224e-17
3.2e-05	6e-05	3.42517e-16
3.2e-05	6.4e-05	2.93212e-17
3.2e-05	6.8e-05	3.58149e-16
3.2e-05	7.2e-05	5.20273e-17
3.2e-05	7.6e-05	3.49317e-16
3.6e-05	-8e-05	8.83035e-17
3.6e-05	-7.6e-05	4.19781e-16
3.6e-05	-7.2e-05	8.08738e-17
3.6e-05	-6.8e-05	3.40565e-16
3.6e-05	-6.4e-05	6.1044e-17
3.6e-05	-6e-05	4.71054e-16
3.6e-05	-5.6e-05	2.86833e-17
3.6e-05	-5.2e-05	3.75805e-16
3.6e-05	-4.8e-05	6.3429e-18
3.6e-05	-4.4e-05	4.43765e-16
3.6e-05	-4e-05	-7.62869e-17
3.6e-05	-3.6e-05	3.58016e-16
3.6e-05	-3.2e-05	-2.66423e-16
3.6e-05	-2.8e-05	1.86034e-16
3.6e-05	-2.4e-05	-3.03787e-16
3.6e-05	-2e-05	1.61066e-16
3.6e-05	-1.6e-05	-2.60309e-16
3.6e-05	-1.2e-05	6.64514e-17
3.6e-05	-8e-06	-2.42693e-16
3.6e-05	-4e-06	1.34463e-16
3.6e-05	0	1.48113e-16
3.6e-05	4e-06	2.54267e-16
3.6e-05	8e-06	2.27085e-16
3.6e-05	1.2e-05	-4.18633e-17
3.6e-05	1.6e-05	2.03961e-16
3.6e-05	2e-05	-1.26021e-16
3.6e-05	2.4e-05	2.35868e-16
3.6e-05	2.8e-05	-2.25742e-16
3.6e-05	3.2e-05	2.68921e-16
3.6e-05	3.6e-05	-1.85824e-16
3.6e-05	4e-05	3.44366e-16
3.6e-05	4.4e-05	-2.27021e-16
3.6e-05	4.8e-05	4.01626e-16
3.6e-05	5.2e-05	-1.81838e-16
3.6e-05	5.6e-05	4.03238e-16
3.6e-05	6e-05	-9.99593e-17
3.6e-05	6.4e-05	3.91061e-16
3.6e-05	6.8e-05	-4.62485e-17
3.6e-05	7.2e-05	3.94364e-16
3.6e-05	7.6e-05	-4.30562e-17
4e-05	-8e-05	4.11412e-16
4e-05	-7.6e-05	-1.01181e-16
4e-05	-7.2e-05	4.02783e-16
4e-05	-6.8e-05	-5.77526e-17
4e-05	-6.4e-05	3.98714e-16
4e-05	-6e-05	-5.13684e-17
4e-05	-5.6e-05	3.9676e-16
4e-05	-5.2e-05	-1.74859e-16
4e-05	-4.8e-05	4.20554e-16
4e-05	-4.4e-05	-1.93082e-16
4e-05	-4e-05	2.68055e-16
4e-05	-3.6e-05	-1.95119e-16
4e-05	-3.2e-05	2.98394e-16
4e-05	-2.8e-05	-3.52704e-16
4e-05	-2.4e-05	3.23019e-16
4e-05	-2e-05	-1.9379e-16
4e-05	-1.6e-05	1.53499e-16
4e-05	-1.2e-05	-2.91147e-17
4e-05	-8e-06	1.55343e-16
4e-05	-4e-06	1.28042e-16
4e-05	0	6.3275e-17
4e-05	4e-06	1.14866e-16
4e-05	8e-06	3.00198e-17
4e-05	1.2e-05	1.76313e-16
4e-05	1.6e-05	4.6489e-17
4e-05	2e-05	2.5584e-16
4e-05	2.4e-05	-8.93809e-17
4e-05	2.8e-05	2.88566e-16
4e-05	3.2e-05	-1.04012e-16
4e-05	3.6e-05	3.27698e-16
4e-05	4e-05	-1.92085e-16
4e-05	4.4e-05	3.16298e-16
4e-05	4.8e-05	-1.99719e-16
4e-05	5.2e-05	3.48929e-16
4e-05	5.6e-05	-1.90621e-16
4e-05	6e-05	3.81146e-16
4e-05	6.4e-05	-1.13082e-16
4e-05	6.8e-05	3.77553e-16
4e-05	7.2e-05	-1.38254e-16
4e-05	7.6e-05	3.84541e-16
4.4e-05	-8e-05	-2.05049e-16
4.4e-05	-7.6e-05	3.08829e-16
4.4e-05	-7.2e-05	-2.0883e-16
4.4e-05	-6.8e-05	3.81739e-16
4.4e-05	-6.4e-05	-1.7471e-16
4.4e-05	-6e-05	3.59509e-16
4.4e-05	-5.6e-05	-2.08243e-16
4.4e-05	-5.2e-05	3.98931e-16
4.4e-05	-4.8e-05	-3.20146e-16
4.4e-05	-4.4e-05	3.75502e-16
4.4e-05	-4e-05	-1.85567e-16
4.4e-05	-3.6e-05	3.25904e-16
4.4e-05	-3.2e-05	-1.73355e-16
4.4e-05	-2.8e-05	3.85948e-16
4.4e-05	-2.4e-05	-1.28901e-16
4.4e-05	-2e-05	3.06251e-16
4.4e-05	-1.6e-05	1.28687e-17
4.4e-05	-1.2e-05	1.54938e-16
4.4e-05	-8e-06	3.05921e-17
4.4e-05	-4e-06	1.01436e-16
4.4e-05	0	2.88151e-17
4.4e-05	4e-06	5.20673e-17
4.4e-05	8e-06	3.86177e-17
4.4e-05	1.2e-05	4.60372e-17
4.4e-05	1.6e-05	7.51667e-17
4.4e-05	2e-05	-4.20267e-17
4.4e-05	2.4e-05	2.1876e-16
4.4e-05	2.8e-05	4.21805e-17
4.4e-05	3.2e-05	2.29511e-16
4.4e-05	3.6e-05	-4.40534e-17
4.4e-05	4e-05	2.59339e-16
4.4e-05	4.4e-05	-1.33688e-16
4.4e-05	4.8e-05	3.3688e-16
4.4e-05	5.2e-05	-1.85771e-16
4.4e-05	5.6e-05	3.60307e-16
4.4e-05	6e-05	-1.26288e-16
4.4e-05	6.4e-05	3.22461e-16
4.4e-05	6.8e-05	-1.15918e-16
4.4e-05	7.2e-05	3.99543e-16
4.4e-05	7.6e-05	-1.7845e-16
4.8e-05	-8e-05	3.55651e-16
4.8e-05	-7.6e-05	-2.13422e-16
4.8e-05	-7.2e-05	3.4976e-16
4.8e-05	-6.8e-05	-2.47239e-16
4.8e-05	-6.4e-05	3.83385e-16
4.8e-05	-6e-05	-2.84027e-16
4.8e-05	-5.6e-05	3.72838e-16
4.8e-05	-5.2e-05	-2.22289e-16
4.8e-05	-4.8e-05	2.88821e-16
4.8e-05	-4.4e-05	-2.00112e-16
4.8e-05	-4e-05	3.12494e-16
4.8e-05	-3.6e-05	5.22058e-17
4.8e-05	-3.2e-05	3.22822e-16
4.8e-05	-2.8e-05	-4.4462e-17
4.8e-05	-2.4e-05	1.75152e-16
4.8e-05	-2e-05	1.33681e-17
4.8e-05	-1.6e-05	2.41754e-16
4.8e-05	-1.2e-05	2.7183e-17
4.8e-05	-8e-06	1.18986e-16
4.8e-05	-4e-06	-8.43109e-18
4.8e-05	0	3.4725e-17
4.8e-05	4e-06	1.6333e-17
4.8e-05	8e-06	2.37724e-17
4.8e-05	1.2e-05	6.97505e-17
4.8e-05	1.6e-05	-8.46879e-18
4.8e-05	2e-05	9.61419e-17
4.8e-05	2.4e-05	1.65697e-17
4.8e-05	2.8e-05	1.5687e-16
4.8e-05	3.2e-05	4.86117e-18
4.8e-05	3.6e-05	2.31012e-16
4.8e-05	4e-05	-8.3923e-18
4.8e-05	4.4e-05	2.64904e-16
4.8e-05	4.8e-05	-3.24871e-17
4.8e-05	5.2e-05	2.95157e-16
4.8e-05	5.6e-05	-5.08004e-17
4.8e-05	6e-05	2.52104e-16
4.8e-05	6.4e-05	-9.65858e-17
4.8e-05	6.8e-05	3.13735e-16
4.8e-05	7.2e-05	-1.41486e-16
4.8e-05	7.6e-05	3.70108e-16
5.2e-05	-8e-05	-1.75824e-16
5.2e-05	-7.6e-05	3.52186e-16
5.2e-05	-7.2e-05	-4.98154e-17
5.2e-05	-6.8e-05	3.79439e-16
5.2e-05	-6.4e-05	-1.90035e-16
5.2e-05	-6e-05	3.01866e-16
5.2e-05	-5.6e-05	-2.5665e-17
5.2e-05	-5.2e-05	3.90086e-16
5.2e-05	-4.8e-05	3.99654e-17
5.2e-05	-4.4e-05	3.40012e-16
5.2e-05	-4e-05	1.72384e-18
5.2e-05	-3.6e-05	2.53109e-16
5.2e-05	-3.2e-05	1.63455e-17
5.2e-05	-2.8e-05	1.73888e-16
5.2e-05	-2.4e-05	-7.87324e-18
5.2e-05	-2e-05	1.32284e-16
5.2e-05	-1.6e-05	4.08819e-17
5.2e-05	-1.2e-05	6.90297e-17
5.2e-05	-8e-06	3.54073e-18
5.2e-05	-4e-06	3.17618e-17
5.2e-05	0	5.44425e-19
5.2e-05	4e-06	1.25778e-17
5.2e-05	8e-06	1.94487e-17
5.2e-05	1.2e-05	1.06854e-18
5.2e-05	1.6e-05	3.33202e-17
5.2e-05	2e-05	1.92982e-17
5.2e-05	2.4e-05	6.78807e-17
5.2e-05	2.8e-05	3.84342e-18
5.2e-05	3.2e-05	1.25353e-16
5.2e-05	3.6e-05	3.05886e-17
5.2e-05	4e-05	1.64197e-16
5.2e-05	4.4e-05	-9.79179e-18
5.2e-05	4.8e-05	3.03685e-16
5.2e-05	5.2e-05	-5.6808e-18
5.2e-05	5.6e-05	2.31607e-16
5.2e-05	6e-05	-1.06224e-17
5.2e-05	6.4e-05	2.9635e-16
5.2e-05	6.8e-05	-2.82983e-17
5.2e-05	7.2e-05	2.55743e-16
5.2e-05	7.6e-05	-6.87796e-17
5.6e-05	-8e-05	2.73546e-16
5.6e-05	-7.6e-05	-9.29655e-17
5.6e-05	-7.2e-05	3.04059e-16
5.6e-05	-6.8e-05	-3.7504e-17
5.6e-05	-6.4e-05	2.94736e-16
5.6e-05	-6e-05	-3.04424e-17
5.6e-05	-5.6e-05	2.89259e-16
5.6e-05	-5.2e-05	-6.9756e-17
5.6e-05	-4.8e-05	2.66772e-16
5.6e-05	-4.4e-05	-4.23429e-17
5.6e-05	-4e-05	2.02449e-16
5.6e-05	-3.6e-05	4.37824e-17
5.6e-05	-3.2e-05	1.40803e-16
5.6e-05	-2.8e-05	1.82979e-17
5.6e-05	-2.4e-05	9.68088e-17
5.6e-05	-2e-05	-8.56875e-18
5.6e-05	-1.6e-05	4.91992e-17
5.6e-05	-1.2e-05	8.22978e-18
5.6e-05	-8e-06	2.48211e-17
5.6e-05	-4e-06	3.73326e-18
5.6e-05	0	7.14934e-18
5.6e-05	4e-06	1.59265e-17
5.6e-05	8e-06	1.03385e-17
5.6e-05	1.2e-05	1.12379e-17
5.6e-05	1.6e-05	1.40486e-17
5.6e-05	2e-05	1.87216e-17
5.6e-05	2.4e-05	1.54622e-17
5.6e-05	2.8e-05	5.054e-17
5.6e-05	3.2e-05	1.64149e-17
5.6e-05	3.6e-05	7.40885e-17
5.6e-05	4e-05	-1.9345e-19
5.6e-05	4.4e-05	1.18977e-16
5.6e-05	4.8e-05	1.31256e-17
5.6e-05	5.2e-05	1.57415e-16
5.6e-05	5.6e-05	-1.43088e-17
5.6e-05	6e-05	2.15861e-16
5.6e-05	6.4e-05	-3.842e-17
5.6e-05	6.8e-05	1.69633e-16
5.6e-05	7.2e-05	3.64296e-18
5.6e-05	7.6e-05	1.99944e-16
6e-05	-8e-05	-1.37454e-17
6e-05	-7.6e-05	2.03381e-16
6e-05	-7.2e-05	-1.7712e-17
6e-05	-6.8e-05	2.18345e-16
6e-05	-6.4e-05	4.16465e-18
6e-05	-6e-05	1.86588e-16
6e-05	-5.6e-05	2.24298e-17
6e-05	-5.2e-05	1.83045e-16
6e-05	-4.8e-05	3.7785e-17
6e-05	-4.4e-05	1.43466e-16
6e-05	-4e-05	3.95962e-17
6e-05	-3.6e-05	8.94334e-17
6e-05	-3.2e-05	8.78114e-19
6e-05	-2.8e-05	7.76783e-17
6e-05	-2.4e-05	2.27638e-17
6e-05	-2e-05	3.47073e-17
6e-05	-1.6e-05	1.94313e-17
6e-05	-1.2e-05	3.26848e-18
6e-05	-8e-06	2.02257e-17
6e-05	-4e-06	-3.17936e-18
6e-05	0	1.26657e-17
6e-05	4e-06	2.82749e-18
6e-05	8e-06	1.14293e-18
6e-05	1.2e-05	8.82096e-18
6e-05	1.6e-05	8.22241e-19
6e-05	2e-05	1.30176e-17
6e-05	2.4e-05	9.92496e-18
6e-05	2.8e-05	1.81969e-17
6e-05	3.2e-05	1.98948e-17
6e-05	3.6e-05	2.34217e-18
6e-05	4e-05	4.35069e-17
6e-05	4.4e-05	1.29658e-17
6e-05	4.8e-05	7.1264e-17
6e-05	5.2e-05	7.29873e-18
6e-05	5.6e-05	7.65819e-17
6e-05	6e-05	6.15426e-18
6e-05	6.4e-05	1.17982e-16
6e-05	6.8e-05	3.53131e-18
6e-05	7.2e-05	1.26897e-16
6e-05	7.6e-05	9.96085e-18
6.4e-05	-8e-05	1.43072e-16
6.4e-05	-7.6e-05	2.60491e-17
6.4e-05	-7.2e-05	1.20907e-16
6.4e-05	-6.8e-05	9.35462e-18
6.4e-05	-6.4e-05	1.18626e-16
6.4e-05	-6e-05	1.97921e-17
6.4e-05	-5.6e-05	1.33485e-16
6.4e-05	-5.2e-05	2.05436e-17
6.4e-05	-4.8e-05	6.72459e-17
6.4e-05	-4.4e-05	1.57248e-17
6.4e-05	-4e-05	6.22385e-17
6.4e-05	-3.6e-05	2.8998e-17
6.4e-05	-3.2e-05	2.54118e-17
6.4e-05	-2.8e-05	2.11429e-17
6.4e-05	-2.4e-05	1.40811e-17
6.4e-05	-2e-05	2.23274e-17
6.4e-05	-1.6e-05	-1.56012e-18
6.4e-05	-1.2e-05	1.67398e-17
6.4e-05	-8e-06	-4.61487e-18
6.4e-05	-4e-06	6.78251e-18
6.4e-05	0	-1.09063e-18
6.4e-05	4e-06	1.86284e-18
6.4e-05	8e-06	5.08421e-18
6.4e-05	1.2e-05	-4.60203e-18
6.4e-05	1.6e-05	8.36767e-18
6.4e-05	2e-05	-1.39419e-18
6.4e-05	2.4e-05	1.75172e-17
6.4e-05	2.8e-05	-7.61165e-18
6.4e-05	3.2e-05	2.02067e-17
6.4e-05	3.6e-05	5.95995e-18
6.4e-05	4e-05	1.41384e-17
6.4e-05	4.4e-05	2.16333e-17
6.4e-05	4.8e-05	2.76951e-17
6.4e-05	5.2e-05	3.80501e-17
6.4e-05	5.6e-05	1.69592e-17
6.4e-05	6e-05	4.77442e-17
6.4e-05	6.4e-05	2.5419e-17
6.4e-05	6.8e-05	7.83244e-17
6.4e-05	7.2e-05	2.42693e-17
6.4e-05	7.6e-05	8.07362e-17
6.8e-05	-8e-05	1.30616e-17
6.8e-05	-7.6e-05	7.54521e-17
6.8e-05	-7.2e-05	2.7833e-17
6.8e-05	-6.8e-05	7.13367e-17
6.8e-05	-6.4e-05	1.5492e-17
6.8e-05	-6e-05	5.57908e-17
6.8e-05	-5.6e-05	2.31631e-17
6.8e-05	-5.2e-05	3.01481e-17
6.8e-05	-4.8e-05	2.40899e-17
6.8e-05	-4.4e-05	2.69921e-17
6.8e-05	-4e-05	1.65471e-17
6.8e-05	-3.6e-05	1.04719e-17
6.8e-05	-3.2e-05	2.57704e-17
6.8e-05	-2.8e-05	4.35046e-18
6.8e-05	-2.4e-05	1.75568e-17
6.8e-05	-2e-05	-3.19718e-18
6.8e-05	-1.6e-05	1.41587e-17
6.8e-05	-1.2e-05	-4.62389e-18
6.8e-05	-8e-06	6.6358e-18
6.8e-05	-4e-06	-1.21832e-18
6.8e-05	0	1.84683e-18
6.8e-05	4e-06	6.90827e-19
6.8e-05	8e-06	-9.5233e-19
6.8e-05	1.2e-05	3.94833e-18
6.8e-05	1.6e-05	-1.49259e-18
6.8e-05	2e-05	7.77395e-18
6.8e-05	2.4e-05	-2.87771e-18
6.8e-05	2.8e-05	9.06046e-18
6.8e-05	3.2e-05	-6.70039e-18
6.8e-05	3.6e-05	1.85759e-17
6.8e-05	4e-05	-7.24093e-20
6.8e-05	4.4e-05	1.4745e-17
6.8e-05	4.8e-05	2.49373e-18
6.8e-05	5.2e-05	2.07794e-17
6.8e-05	5.6e-05	1.14332e-17
6.8e-05	6e-05	1.67844e-17
6.8e-05	6.4e-05	1.536e-17
6.8e-05	6.8e-05	1.94686e-17
6.8e-05	7.2e-05	2.51403e-17
6.8e-05	7.6e-05	2.05124e-17
7.2e-05	-8e-05	2.47756e-17
7.2e-05	-7.6e-05	2.20191e-17
7.2e-05	-7.2e-05	3.25273e-17
7.2e-05	-6.8e-05	2.48853e-17
7.2e-05	-6.4e-05	2.70101e-17
7.2e-05	-6e-05	1.8648e-17
7.2e-05	-5.6e-05	1.76253e-17
7.2e-05	-5.2e-05	1.94421e-17
7.2e-05	-4.8e-05	7.5104e-18
7.2e-05	-4.4e-05	2.0802e-17
7.2e-05	-4e-05	3.02082e-18
7.2e-05	-3.6e-05	1.49479e-17
7.2e-05	-3.2e-05	-5.61226e-19
7.2e-05	-2.8e-05	1.50285e-17
7.2e-05	-2.4e-05	-6.78986e-18
7.2e-05	-2e-05	9.51655e-18
7.2e-05	-1.6e-05	-2.82878e-18
7.2e-05	-1.2e-05	4.45125e-18
7.2e-05	-8e-06	-1.55344e-18
7.2e-05	-4e-06	1.36351e-18
7.2e-05	0	4.05702e-20
7.2e-05	4e-06	5.30578e-20
7.2e-05	8e-06	6.89722e-19
7.2e-05	1.2e-05	-4.98226e-19
7.2e-05	1.6e-05	2.30859e-18
7.2e-05	2e-05	-1.61388e-18
7.2e-05	2.4e-05	4.45532e-18
7.2e-05	2.8e-05	-1.18147e-18
7.2e-05	3.2e-05	7.46479e-18
7.2e-05	3.6e-05	-2.00918e-18
7.2e-05	4e-05	8.85948e-18
7.2e-05	4.4e-05	2.86441e-18
7.2e-05	4.8e-05	9.18195e-18
7.2e-05	5.2e-05	3.0531e-20
7.2e-05	5.6e-05	1.62987e-17
7.2e-05	6e-05	2.07967e-18
7.2e-05	6.4e-05	1.62327e-17
7.2e-05	6.8e-05	6.33109e-18
7.2e-05	7.2e-05	1.63711e-17
7.2e-05	7.6e-05	9.78988e-18
7.6e-05	-8e-05	8.92765e-18
7.6e-05	-7.6e-05	8.27685e-18
7.6e-05	-7.2e-05	1.42272e-17
7.6e-05	-6.8e-05	7.6122e-18
7.6e-05	-6.4e-05	9.66133e-18
7.6e-05	-6e-05	2.50289e-18
7.6e-05	-5.6e-05	1.29659e-17
7.6e-05	-5.2e-05	1.29128e-18
7.6e-05	-4.8e-05	1.05721e-17
7.6e-05	-4.4e-05	-2.52425e-18
7.6e-05	-4e-05	9.98071e-18
7.6e-05	-3.6e-05	-3.64299e-18
7.6e-05	-3.2e-05	7.55934e-18
7.6e-05	-2.8e-05	-1.6274e-18
7.6e-05	-2.4e-05	3.82086e-18
7.6e-05	-2e-05	-3.04399e-18
7.6e-05	-1.6e-05	1.77506e-18
7.6e-05	-1.2e-05	-1.50305e-19
7.6e-05	-8e-06	8.46047e-19
7.6e-05	-4e-06	-1.03733e-19
7.6e-05	0	1.62654e-19
7.6e-05	4e-06	4.12672e-20
7.6e-05	8e-06	4.93228e-20
7.6e-05	1.2e-05	2.19208e-19
7.6e-05	1.6e-05	1.30683e-19
7.6e-05	2e-05	9.99943e-19
7.6e-05	2.4e-05	-5.89372e-19
7.6e-05	2.8e-05	2.0492e-18
7.6e-05	3.2e-05	-1.83363e-18
7.6e-05	3.6e-05	3.67282e-18
7.6e-05	4e-05	-1.86831e-18
7.6e-05	4.4e-05	4.22894e-18
7.6e-05	4.8e-05	-1.67893e-18
7.6e-05	5.2e-05	6.79449e-18
7.6e-05	5.6e-05	-1.10474e-18
7.6e-05	6e-05	7.68141e-18
7.6e-05	6.4e-05	-5.45677e-19
7.6e-05	6.8e-05	8.70194e-18
7.6e-05	7.2e-05	-1.17091e-19
7.6e-05	7.6e-05	7.65205e-18
