-8e-05	-8e-05	9.6304e-16
-8e-05	-7.6e-05	-3.52147e-16
-8e-05	-7.2e-05	2.16258e-16
-8e-05	-6.8e-05	1.04224e-15
-8e-05	-6.4e-05	1.16592e-15
-8e-05	-6e-05	2.20874e-16
-8e-05	-5.6e-05	2.34186e-16
-8e-05	-5.2e-05	-2.35221e-16
-8e-05	-4.8e-05	9.4461e-16
-8e-05	-4.4e-05	2.93336e-17
-8e-05	-4e-05	6.64683e-16
-8e-05	-3.6e-05	-1.3027e-16
-8e-05	-3.2e-05	-7.35613e-18
-8e-05	-2.8e-05	1.34068e-17
-8e-05	-2.4e-05	1.88606e-16
-8e-05	-2e-05	3.15031e-17
-8e-05	-1.6e-05	2.03218e-16
-8e-05	-1.2e-05	-1.14564e-17
-8e-05	-8e-06	8.43287e-17
-8e-05	-4e-06	5.7886e-17
-8e-05	0	6.65647e-17
-8e-05	4e-06	-6.4845e-17
-8e-05	8e-06	1.67311e-16
-8e-05	1.2e-05	9.3926e-17
-8e-05	1.6e-05	-5.52869e-17
-8e-05	2e-05	1.30513e-17
-8e-05	2.4e-05	-7.22696e-17
-8e-05	2.8e-05	3.25211e-17
-8e-05	3.2e-05	1.07245e-17
-8e-05	3.6e-05	-5.09348e-19
-8e-05	4e-05	5.20661e-17
-8e-05	4.4e-05	3.15242e-17
-8e-05	4.8e-05	-7.26422e-17
-8e-05	5.2e-05	-9.62569e-17
-8e-05	5.6e-05	-1.63337e-16
-8e-05	6e-05	-2.08742e-15
-8e-05	6.4e-05	-1.51704e-16
-8e-05	6.8e-05	4.23726e-17
-8e-05	7.2e-05	5.89016e-16
-8e-05	7.6e-05	-3.34139e-17
-7.6e-05	-8e-05	-2.31379e-17
-7.6e-05	-7.6e-05	-7.53807e-16
-7.6e-05	-7.2e-05	9.81522e-16
-7.6e-05	-6.8e-05	-1.18581e-15
-7.6e-05	-6.4e-05	2.93206e-16
-7.6e-05	-6e-05	-8.92363e-16
-7.6e-05	-5.6e-05	-1.25781e-16
-7.6e-05	-5.2e-05	-7.56296e-16
-7.6e-05	-4.8e-05	4.28467e-16
-7.6e-05	-4.4e-05	8.34776e-16
-7.6e-05	-4e-05	-1.34011e-16
-7.6e-05	-3.6e-05	-2.93351e-15
-7.6e-05	-3.2e-05	-3.94229e-16
-7.6e-05	-2.8e-05	-3.2623e-16
-7.6e-05	-2.4e-05	-4.28094e-16
-7.6e-05	-2e-05	7.2071e-16
-7.6e-05	-1.6e-05	-1.74898e-17
-7.6e-05	-1.2e-05	-2.05244e-15
-7.6e-05	-8e-06	1.35647e-15
-7.6e-05	-4e-06	8.68489e-16
-7.6e-05	0	1.0205e-15
-7.6e-05	4e-06	-3.12745e-16
-7.6e-05	8e-06	-2.23024e-16
-7.6e-05	1.2e-05	-9.1147e-16
-7.6e-05	1.6e-05	1.09164e-15
-7.6e-05	2e-05	8.73442e-16
-7.6e-05	2.4e-05	-7.87992e-15
-7.6e-05	2.8e-05	-4.86087e-16
-7.6e-05	3.2e-05	-1.94121e-15
-7.6e-05	3.6e-05	-1.10145e-16
-7.6e-05	4e-05	-1.80215e-16
-7.6e-05	4.4e-05	4.03875e-16
-7.6e-05	4.8e-05	-2.07825e-15
-7.6e-05	5.2e-05	-9.61645e-17
-7.6e-05	5.6e-05	-1.17589e-14
-7.6e-05	6e-05	-9.90052e-16
-7.6e-05	6.4e-05	-1.68947e-15
-7.6e-05	6.8e-05	-7.33559e-16
-7.6e-05	7.2e-05	-4.45113e-15
-7.6e-05	7.6e-05	1.76733e-15
-7.2e-05	-8e-05	-4.89155e-16
-7.2e-05	-7.6e-05	3.26556e-16
-7.2e-05	-7.2e-05	-8.30651e-16
-7.2e-05	-6.8e-05	-2.23876e-16
-7.2e-05	-6.4e-05	-5.29814e-17
-7.2e-05	-6e-05	1.8652e-16
-7.2e-05	-5.6e-05	-3.4487e-17
-7.2e-05	-5.2e-05	1.60813e-18
-7.2e-05	-4.8e-05	-4.24055e-17
-7.2e-05	-4.4e-05	-8.79944e-17
-7.2e-05	-4e-05	4.45915e-16
-7.2e-05	-3.6e-05	-2.11259e-16
-7.2e-05	-3.2e-05	-2.14762e-17
-7.2e-05	-2.8e-05	6.35116e-17
-7.2e-05	-2.4e-05	1.27926e-16
-7.2e-05	-2e-05	-1.41144e-17
-7.2e-05	-1.6e-05	-2.2231e-17
-7.2e-05	-1.2e-05	6.50301e-18
-7.2e-05	-8e-06	3.66254e-17
-7.2e-05	-4e-06	1.58709e-17
-7.2e-05	0	6.12184e-17
-7.2e-05	4e-06	3.43369e-17
-7.2e-05	8e-06	9.34995e-17
-7.2e-05	1.2e-05	-3.99818e-17
-7.2e-05	1.6e-05	1.90561e-16
-7.2e-05	2e-05	-1.00402e-16
-7.2e-05	2.4e-05	-3.6223e-17
-7.2e-05	2.8e-05	8.44996e-17
-7.2e-05	3.2e-05	6.23617e-17
-7.2e-05	3.6e-05	3.14593e-17
-7.2e-05	4e-05	-5.34249e-17
-7.2e-05	4.4e-05	1.79384e-16
-7.2e-05	4.8e-05	-3.99924e-17
-7.2e-05	5.2e-05	1.13845e-16
-7.2e-05	5.6e-05	-3.17518e-16
-7.2e-05	6e-05	5.8271e-17
-7.2e-05	6.4e-05	-2.28435e-16
-7.2e-05	6.8e-05	-5.60156e-17
-7.2e-05	7.2e-05	2.44066e-17
-7.2e-05	7.6e-05	-4.26893e-16
-6.8e-05	-8e-05	6.25445e-16
-6.8e-05	-7.6e-05	-5.662e-16
-6.8e-05	-7.2e-05	1.69873e-16
-6.8e-05	-6.8e-05	-1.42548e-16
-6.8e-05	-6.4e-05	-1.95103e-16
-6.8e-05	-6e-05	8.87442e-17
-6.8e-05	-5.6e-05	-6.24279e-16
-6.8e-05	-5.2e-05	4.28131e-17
-6.8e-05	-4.8e-05	3.96119e-17
-6.8e-05	-4.4e-05	4.58355e-16
-6.8e-05	-4e-05	-2.78472e-16
-6.8e-05	-3.6e-05	1.44148e-16
-6.8e-05	-3.2e-05	6.89887e-17
-6.8e-05	-2.8e-05	7.78845e-17
-6.8e-05	-2.4e-05	-9.37111e-17
-6.8e-05	-2e-05	1.50245e-17
-6.8e-05	-1.6e-05	1.2424e-16
-6.8e-05	-1.2e-05	-2.01956e-16
-6.8e-05	-8e-06	1.51533e-16
-6.8e-05	-4e-06	1.94365e-17
-6.8e-05	0	-1.30711e-16
-6.8e-05	4e-06	-1.09675e-16
-6.8e-05	8e-06	7.09415e-17
-6.8e-05	1.2e-05	1.87977e-17
-6.8e-05	1.6e-05	-5.72595e-17
-6.8e-05	2e-05	7.09233e-17
-6.8e-05	2.4e-05	-1.82234e-17
-6.8e-05	2.8e-05	4.15947e-17
-6.8e-05	3.2e-05	1.31369e-16
-6.8e-05	3.6e-05	4.76788e-17
-6.8e-05	4e-05	1.13805e-16
-6.8e-05	4.4e-05	-1.15371e-16
-6.8e-05	4.8e-05	3.02235e-16
-6.8e-05	5.2e-05	-2.81992e-17
-6.8e-05	5.6e-05	1.17975e-16
-6.8e-05	6e-05	-2.74483e-16
-6.8e-05	6.4e-05	8.43198e-17
-6.8e-05	6.8e-05	-2.15664e-16
-6.8e-05	7.2e-05	1.74858e-17
-6.8e-05	7.6e-05	-7.09044e-17
-6.4e-05	-8e-05	-8.86362e-17
-6.4e-05	-7.6e-05	-1.13366e-18
-6.4e-05	-7.2e-05	2.96257e-17
-6.4e-05	-6.8e-05	-1.85512e-16
-6.4e-05	-6.4e-05	1.14257e-16
-6.4e-05	-6e-05	-4.76667e-16
-6.4e-05	-5.6e-05	-1.06818e-18
-6.4e-05	-5.2e-05	3.37748e-18
-6.4e-05	-4.8e-05	2.71779e-16
-6.4e-05	-4.4e-05	-4.00737e-16
-6.4e-05	-4e-05	5.92108e-16
-6.4e-05	-3.6e-05	-1.66584e-16
-6.4e-05	-3.2e-05	-1.20014e-16
-6.4e-05	-2.8e-05	2.02021e-16
-6.4e-05	-2.4e-05	1.56175e-16
-6.4e-05	-2e-05	1.24783e-16
-6.4e-05	-1.6e-05	-1.54893e-16
-6.4e-05	-1.2e-05	9.19938e-17
-6.4e-05	-8e-06	4.88518e-17
-6.4e-05	-4e-06	1.74233e-17
-6.4e-05	0	-1.15768e-16
-6.4e-05	4e-06	7.12246e-17
-6.4e-05	8e-06	-9.94436e-18
-6.4e-05	1.2e-05	-5.94569e-18
-6.4e-05	1.6e-05	-4.787e-18
-6.4e-05	2e-05	-2.1259e-16
-6.4e-05	2.4e-05	-1.58325e-17
-6.4e-05	2.8e-05	1.01087e-16
-6.4e-05	3.2e-05	2.10379e-16
-6.4e-05	3.6e-05	5.58677e-17
-6.4e-05	4e-05	2.27862e-17
-6.4e-05	4.4e-05	3.39024e-16
-6.4e-05	4.8e-05	-5.85943e-17
-6.4e-05	5.2e-05	3.01386e-16
-6.4e-05	5.6e-05	-1.75993e-16
-6.4e-05	6e-05	6.7006e-17
-6.4e-05	6.4e-05	-4.27354e-16
-6.4e-05	6.8e-05	2.84199e-17
-6.4e-05	7.2e-05	-3.06028e-16
-6.4e-05	7.6e-05	7.59625e-17
-6e-05	-8e-05	-2.97824e-16
-6e-05	-7.6e-05	9.17799e-17
-6e-05	-7.2e-05	-3.43754e-16
-6e-05	-6.8e-05	3.32896e-17
-6e-05	-6.4e-05	-6.16662e-16
-6e-05	-6e-05	-2.36591e-17
-6e-05	-5.6e-05	-4.65076e-16
-6e-05	-5.2e-05	2.58144e-16
-6e-05	-4.8e-05	-1.33691e-16
-6e-05	-4.4e-05	8.86226e-16
-6e-05	-4e-05	-2.13758e-16
-6e-05	-3.6e-05	-6.41673e-17
-6e-05	-3.2e-05	3.22389e-16
-6e-05	-2.8e-05	1.75146e-16
-6e-05	-2.4e-05	-1.05448e-16
-6e-05	-2e-05	-5.5551e-17
-6e-05	-1.6e-05	1.04483e-16
-6e-05	-1.2e-05	-7.92505e-17
-6e-05	-8e-06	1.67517e-16
-6e-05	-4e-06	1.24792e-16
-6e-05	0	-1.57903e-16
-6e-05	4e-06	-6.67251e-17
-6e-05	8e-06	7.82972e-17
-6e-05	1.2e-05	5.84425e-18
-6e-05	1.6e-05	-5.23249e-17
-6e-05	2e-05	1.15825e-16
-6e-05	2.4e-05	-2.19057e-16
-6e-05	2.8e-05	-5.46776e-17
-6e-05	3.2e-05	3.58226e-17
-6e-05	3.6e-05	1.39813e-16
-6e-05	4e-05	-8.30038e-17
-6e-05	4.4e-05	-1.94241e-16
-6e-05	4.8e-05	4.26266e-16
-6e-05	5.2e-05	4.35943e-17
-6e-05	5.6e-05	3.20742e-16
-6e-05	6e-05	-2.20653e-16
-6e-05	6.4e-05	1.04434e-16
-6e-05	6.8e-05	-5.29773e-16
-6e-05	7.2e-05	5.14082e-17
-6e-05	7.6e-05	-6.6506e-16
-5.6e-05	-8e-05	1.26234e-16
-5.6e-05	-7.6e-05	-7.37235e-16
-5.6e-05	-7.2e-05	8.4032e-17
-5.6e-05	-6.8e-05	-7.3197e-16
-5.6e-05	-6.4e-05	4.12466e-17
-5.6e-05	-6e-05	-2.78546e-16
-5.6e-05	-5.6e-05	3.267e-16
-5.6e-05	-5.2e-05	3.27181e-16
-5.6e-05	-4.8e-05	8.04822e-16
-5.6e-05	-4.4e-05	-5.61704e-16
-5.6e-05	-4e-05	1.12061e-16
-5.6e-05	-3.6e-05	1.22711e-16
-5.6e-05	-3.2e-05	3.36489e-17
-5.6e-05	-2.8e-05	-7.77968e-17
-5.6e-05	-2.4e-05	1.28012e-16
-5.6e-05	-2e-05	1.28881e-16
-5.6e-05	-1.6e-05	-1.78834e-16
-5.6e-05	-1.2e-05	1.22919e-16
-5.6e-05	-8e-06	3.67316e-16
-5.6e-05	-4e-06	-1.92033e-16
-5.6e-05	0	7.40649e-17
-5.6e-05	4e-06	6.47605e-17
-5.6e-05	8e-06	1.1577e-16
-5.6e-05	1.2e-05	1.99438e-16
-5.6e-05	1.6e-05	-1.70146e-17
-5.6e-05	2e-05	-1.13545e-16
-5.6e-05	2.4e-05	-7.21713e-17
-5.6e-05	2.8e-05	2.48418e-16
-5.6e-05	3.2e-05	2.79276e-16
-5.6e-05	3.6e-05	-2.19145e-18
-5.6e-05	4e-05	1.50534e-16
-5.6e-05	4.4e-05	1.92461e-16
-5.6e-05	4.8e-05	-3.45172e-16
-5.6e-05	5.2e-05	5.63408e-16
-5.6e-05	5.6e-05	-8.8964e-17
-5.6e-05	6e-05	3.86092e-16
-5.6e-05	6.4e-05	9.19172e-17
-5.6e-05	6.8e-05	1.30888e-16
-5.6e-05	7.2e-05	-5.97185e-17
-5.6e-05	7.6e-05	8.1687e-17
-5.2e-05	-8e-05	-1.70513e-16
-5.2e-05	-7.6e-05	2.9954e-17
-5.2e-05	-7.2e-05	-9.69492e-17
-5.2e-05	-6.8e-05	3.93521e-17
-5.2e-05	-6.4e-05	1.76328e-16
-5.2e-05	-6e-05	3.28256e-16
-5.2e-05	-5.6e-05	5.83374e-17
-5.2e-05	-5.2e-05	7.92101e-16
-5.2e-05	-4.8e-05	-1.08449e-15
-5.2e-05	-4.4e-05	5.27466e-16
-5.2e-05	-4e-05	3.25415e-16
-5.2e-05	-3.6e-05	-2.27527e-16
-5.2e-05	-3.2e-05	1.83855e-16
-5.2e-05	-2.8e-05	3.04414e-16
-5.2e-05	-2.4e-05	-1.14778e-16
-5.2e-05	-2e-05	-1.62439e-16
-5.2e-05	-1.6e-05	1.84003e-16
-5.2e-05	-1.2e-05	1.32666e-16
-5.2e-05	-8e-06	1.14779e-16
-5.2e-05	-4e-06	2.04975e-16
-5.2e-05	0	-1.10869e-16
-5.2e-05	4e-06	1.75298e-16
-5.2e-05	8e-06	1.59088e-16
-5.2e-05	1.2e-05	4.19708e-16
-5.2e-05	1.6e-05	-2.25508e-17
-5.2e-05	2e-05	2.21546e-16
-5.2e-05	2.4e-05	-3.03305e-18
-5.2e-05	2.8e-05	-9.77119e-17
-5.2e-05	3.2e-05	1.26101e-16
-5.2e-05	3.6e-05	1.03196e-17
-5.2e-05	4e-05	-3.9238e-16
-5.2e-05	4.4e-05	2.9825e-16
-5.2e-05	4.8e-05	3.62779e-16
-5.2e-05	5.2e-05	-3.84477e-16
-5.2e-05	5.6e-05	7.30279e-16
-5.2e-05	6e-05	-3.32985e-16
-5.2e-05	6.4e-05	5.38689e-16
-5.2e-05	6.8e-05	-5.81904e-17
-5.2e-05	7.2e-05	3.80083e-16
-5.2e-05	7.6e-05	-5.35728e-17
-4.8e-05	-8e-05	2.83397e-16
-4.8e-05	-7.6e-05	4.14997e-17
-4.8e-05	-7.2e-05	3.88987e-16
-4.8e-05	-6.8e-05	-6.07777e-17
-4.8e-05	-6.4e-05	6.67161e-16
-4.8e-05	-6e-05	-4.92303e-16
-4.8e-05	-5.6e-05	9.73411e-16
-4.8e-05	-5.2e-05	-9.5378e-16
-4.8e-05	-4.8e-05	6.15658e-16
-4.8e-05	-4.4e-05	4.56182e-16
-4.8e-05	-4e-05	-4.45378e-16
-4.8e-05	-3.6e-05	2.1222e-17
-4.8e-05	-3.2e-05	5.43651e-16
-4.8e-05	-2.8e-05	-3.06593e-16
-4.8e-05	-2.4e-05	-2.65295e-17
-4.8e-05	-2e-05	3.76314e-16
-4.8e-05	-1.6e-05	-1.67028e-16
-4.8e-05	-1.2e-05	2.02374e-16
-4.8e-05	-8e-06	2.70247e-16
-4.8e-05	-4e-06	-3.1264e-16
-4.8e-05	0	9.00579e-17
-4.8e-05	4e-06	2.18495e-16
-4.8e-05	8e-06	9.6192e-17
-4.8e-05	1.2e-05	1.02868e-16
-4.8e-05	1.6e-05	2.99602e-16
-4.8e-05	2e-05	-2.24431e-16
-4.8e-05	2.4e-05	3.99832e-16
-4.8e-05	2.8e-05	-3.32746e-17
-4.8e-05	3.2e-05	1.49704e-16
-4.8e-05	3.6e-05	5.50389e-17
-4.8e-05	4e-05	5.85843e-17
-4.8e-05	4.4e-05	-3.20329e-16
-4.8e-05	4.8e-05	4.09467e-16
-4.8e-05	5.2e-05	1.51649e-16
-4.8e-05	5.6e-05	-2.87578e-16
-4.8e-05	6e-05	6.50389e-16
-4.8e-05	6.4e-05	-3.22557e-16
-4.8e-05	6.8e-05	8.25859e-16
-4.8e-05	7.2e-05	-2.90526e-16
-4.8e-05	7.6e-05	9.09061e-16
-4.4e-05	-8e-05	-3.11797e-16
-4.4e-05	-7.6e-05	9.74306e-16
-4.4e-05	-7.2e-05	-4.0294e-16
-4.4e-05	-6.8e-05	1.09674e-15
-4.4e-05	-6.4e-05	-5.81898e-16
-4.4e-05	-6e-05	9.70332e-16
-4.4e-05	-5.6e-05	-4.17033e-16
-4.4e-05	-5.2e-05	3.18772e-16
-4.4e-05	-4.8e-05	4.06719e-16
-4.4e-05	-4.4e-05	-4.30598e-16
-4.4e-05	-4e-05	-6.29957e-17
-4.4e-05	-3.6e-05	6.06336e-16
-4.4e-05	-3.2e-05	-1.61636e-16
-4.4e-05	-2.8e-05	1.50953e-18
-4.4e-05	-2.4e-05	3.80795e-16
-4.4e-05	-2e-05	-2.79775e-16
-4.4e-05	-1.6e-05	1.79538e-16
-4.4e-05	-1.2e-05	4.3403e-16
-4.4e-05	-8e-06	-1.7907e-16
-4.4e-05	-4e-06	7.61596e-17
-4.4e-05	0	-6.62075e-17
-4.4e-05	4e-06	1.95078e-16
-4.4e-05	8e-06	1.62202e-16
-4.4e-05	1.2e-05	1.40217e-16
-4.4e-05	1.6e-05	2.51792e-16
-4.4e-05	2e-05	3.39347e-16
-4.4e-05	2.4e-05	-1.06139e-16
-4.4e-05	2.8e-05	3.20313e-16
-4.4e-05	3.2e-05	-1.63206e-16
-4.4e-05	3.6e-05	-2.54029e-16
-4.4e-05	4e-05	2.25521e-16
-4.4e-05	4.4e-05	1.381e-16
-4.4e-05	4.8e-05	-5.71461e-17
-4.4e-05	5.2e-05	1.06068e-16
-4.4e-05	5.6e-05	-4.64901e-17
-4.4e-05	6e-05	-1.21897e-17
-4.4e-05	6.4e-05	3.1249e-16
-4.4e-05	6.8e-05	-1.7162e-16
-4.4e-05	7.2e-05	6.6165e-16
-4.4e-05	7.6e-05	-3.18221e-16
-4e-05	-8e-05	7.87365e-16
-4e-05	-7.6e-05	-4.14864e-16
-4e-05	-7.2e-05	6.82829e-16
-4e-05	-6.8e-05	-2.78416e-16
-4e-05	-6.4e-05	4.21248e-16
-4e-05	-6e-05	-2.4971e-17
-4e-05	-5.6e-05	-1.39581e-16
-4e-05	-5.2e-05	2.7578e-16
-4e-05	-4.8e-05	-2.39809e-16
-4e-05	-4.4e-05	7.84688e-17
-4e-05	-4e-05	7.16908e-16
-4e-05	-3.6e-05	6.0207e-17
-4e-05	-3.2e-05	-1.00237e-16
-4e-05	-2.8e-05	6.59312e-17
-4e-05	-2.4e-05	-3.62777e-16
-4e-05	-2e-05	4.88021e-16
-4e-05	-1.6e-05	3.26542e-16
-4e-05	-1.2e-05	2.11619e-16
-4e-05	-8e-06	9.40388e-17
-4e-05	-4e-06	-1.63787e-17
-4e-05	0	3.93376e-16
-4e-05	4e-06	3.5074e-16
-4e-05	8e-06	-7.6583e-17
-4e-05	1.2e-05	-3.59245e-17
-4e-05	1.6e-05	1.52429e-17
-4e-05	2e-05	4.47268e-16
-4e-05	2.4e-05	3.71869e-16
-4e-05	2.8e-05	-1.28416e-16
-4e-05	3.2e-05	2.34921e-16
-4e-05	3.6e-05	8.93772e-17
-4e-05	4e-05	-2.3206e-17
-4e-05	4.4e-05	3.5975e-16
-4e-05	4.8e-05	2.46829e-16
-4e-05	5.2e-05	1.33289e-16
-4e-05	5.6e-05	1.81125e-16
-4e-05	6e-05	-8.1587e-17
-4e-05	6.4e-05	2.41498e-16
-4e-05	6.8e-05	6.93264e-17
-4e-05	7.2e-05	6.50018e-17
-4e-05	7.6e-05	2.26273e-16
-3.6e-05	-8e-05	2.54846e-18
-3.6e-05	-7.6e-05	1.44972e-16
-3.6e-05	-7.2e-05	-6.94572e-18
-3.6e-05	-6.8e-05	5.36694e-17
-3.6e-05	-6.4e-05	1.57173e-16
-3.6e-05	-6e-05	-1.61728e-16
-3.6e-05	-5.6e-05	4.22156e-16
-3.6e-05	-5.2e-05	1.4933e-16
-3.6e-05	-4.8e-05	2.74448e-16
-3.6e-05	-4.4e-05	5.83275e-16
-3.6e-05	-4e-05	-1.08268e-16
-3.6e-05	-3.6e-05	-3.14281e-17
-3.6e-05	-3.2e-05	-1.16503e-16
-3.6e-05	-2.8e-05	-3.94179e-16
-3.6e-05	-2.4e-05	6.18681e-16
-3.6e-05	-2e-05	2.09885e-16
-3.6e-05	-1.6e-05	4.82549e-16
-3.6e-05	-1.2e-05	1.05341e-14
-3.6e-05	-8e-06	1.83812e-14
-3.6e-05	-4e-06	2.34897e-14
-3.6e-05	0	2.48166e-14
-3.6e-05	4e-06	2.01069e-14
-3.6e-05	8e-06	1.12748e-14
-3.6e-05	1.2e-05	5.52511e-16
-3.6e-05	1.6e-05	-1.62367e-16
-3.6e-05	2e-05	-5.21246e-16
-3.6e-05	2.4e-05	4.77583e-16
-3.6e-05	2.8e-05	3.85687e-16
-3.6e-05	3.2e-05	-3.3541e-16
-3.6e-05	3.6e-05	1.9239e-16
-3.6e-05	4e-05	-7.96412e-17
-3.6e-05	4.4e-05	4.79242e-17
-3.6e-05	4.8e-05	5.99242e-17
-3.6e-05	5.2e-05	3.62514e-17
-3.6e-05	5.6e-05	1.34563e-16
-3.6e-05	6e-05	3.54378e-16
-3.6e-05	6.4e-05	4.23319e-17
-3.6e-05	6.8e-05	4.79307e-16
-3.6e-05	7.2e-05	1.48027e-16
-3.6e-05	7.6e-05	4.47783e-16
-3.2e-05	-8e-05	7.62769e-17
-3.2e-05	-7.6e-05	5.06287e-16
-3.2e-05	-7.2e-05	1.22304e-17
-3.2e-05	-6.8e-05	3.81588e-16
-3.2e-05	-6.4e-05	1.12106e-16
-3.2e-05	-6e-05	4.8824e-16
-3.2e-05	-5.6e-05	2.72671e-16
-3.2e-05	-5.2e-05	4.8336e-17
-3.2e-05	-4.8e-05	4.83252e-16
-3.2e-05	-4.4e-05	-4.21506e-16
-3.2e-05	-4e-05	-1.9651e-17
-3.2e-05	-3.6e-05	-1.1257e-16
-3.2e-05	-3.2e-05	-3.90808e-16
-3.2e-05	-2.8e-05	7.27909e-16
-3.2e-05	-2.4e-05	1.583e-16
-3.2e-05	-2e-05	1.09915e-15
-3.2e-05	-1.6e-05	6.01802e-14
-3.2e-05	-1.2e-05	1.55593e-12
-3.2e-05	-8e-06	2.78181e-12
-3.2e-05	-4e-06	3.52424e-12
-3.2e-05	0	3.61289e-12
-3.2e-05	4e-06	2.95273e-12
-3.2e-05	8e-06	1.643e-12
-3.2e-05	1.2e-05	6.34659e-14
-3.2e-05	1.6e-05	1.74804e-15
-3.2e-05	2e-05	3.26984e-17
-3.2e-05	2.4e-05	3.70708e-18
-3.2e-05	2.8e-05	1.38335e-16
-3.2e-05	3.2e-05	3.56627e-16
-3.2e-05	3.6e-05	-1.40453e-16
-3.2e-05	4e-05	2.06396e-16
-3.2e-05	4.4e-05	-6.90309e-17
-3.2e-05	4.8e-05	-1.1804e-16
-3.2e-05	5.2e-05	7.46374e-17
-3.2e-05	5.6e-05	-1.84695e-16
-3.2e-05	6e-05	1.14831e-16
-3.2e-05	6.4e-05	6.23831e-17
-3.2e-05	6.8e-05	2.83617e-16
-3.2e-05	7.2e-05	1.6823e-16
-3.2e-05	7.6e-05	1.67201e-16
-2.8e-05	-8e-05	1.94625e-16
-2.8e-05	-7.6e-05	2.05613e-16
-2.8e-05	-7.2e-05	7.90113e-17
-2.8e-05	-6.8e-05	2.39541e-16
-2.8e-05	-6.4e-05	7.26268e-17
-2.8e-05	-6e-05	2.97978e-16
-2.8e-05	-5.6e-05	-2.05554e-16
-2.8e-05	-5.2e-05	1.6766e-16
-2.8e-05	-4.8e-05	-1.94343e-16
-2.8e-05	-4.4e-05	-1.92811e-16
-2.8e-05	-4e-05	1.29216e-16
-2.8e-05	-3.6e-05	-3.24696e-16
-2.8e-05	-3.2e-05	7.26614e-16
-2.8e-05	-2.8e-05	1.60244e-17
-2.8e-05	-2.4e-05	2.03946e-15
-2.8e-05	-2e-05	1.48207e-13
-2.8e-05	-1.6e-05	7.50795e-12
-2.8e-05	-1.2e-05	2.32085e-10
-2.8e-05	-8e-06	4.14933e-10
-2.8e-05	-4e-06	5.25665e-10
-2.8e-05	0	5.38945e-10
-2.8e-05	4e-06	4.40522e-10
-2.8e-05	8e-06	2.45025e-10
-2.8e-05	1.2e-05	7.92898e-12
-2.8e-05	1.6e-05	1.56782e-13
-2.8e-05	2e-05	2.78311e-15
-2.8e-05	2.4e-05	1.93371e-16
-2.8e-05	2.8e-05	-4.9721e-17
-2.8e-05	3.2e-05	3.87361e-17
-2.8e-05	3.6e-05	3.68685e-16
-2.8e-05	4e-05	-8.46627e-17
-2.8e-05	4.4e-05	3.37572e-16
-2.8e-05	4.8e-05	-1.19073e-16
-2.8e-05	5.2e-05	1.49924e-16
-2.8e-05	5.6e-05	-2.7868e-16
-2.8e-05	6e-05	2.11916e-16
-2.8e-05	6.4e-05	1.00399e-16
-2.8e-05	6.8e-05	3.8325e-17
-2.8e-05	7.2e-05	3.97689e-17
-2.8e-05	7.6e-05	3.19858e-17
-2.4e-05	-8e-05	1.88815e-16
-2.4e-05	-7.6e-05	-3.1248e-17
-2.4e-05	-7.2e-05	1.85718e-16
-2.4e-05	-6.8e-05	1.55368e-17
-2.4e-05	-6.4e-05	1.18313e-16
-2.4e-05	-6e-05	6.59845e-17
-2.4e-05	-5.6e-05	-1.67217e-16
-2.4e-05	-5.2e-05	2.67295e-16
-2.4e-05	-4.8e-05	-4.03898e-16
-2.4e-05	-4.4e-05	5.38205e-16
-2.4e-05	-4e-05	-3.30482e-16
-2.4e-05	-3.6e-05	5.58412e-16
-2.4e-05	-3.2e-05	1.71424e-16
-2.4e-05	-2.8e-05	1.94217e-15
-2.4e-05	-2.4e-05	1.96286e-13
-2.4e-05	-2e-05	1.48428e-11
-2.4e-05	-1.6e-05	9.01264e-10
-2.4e-05	-1.2e-05	3.46175e-08
-2.4e-05	-8e-06	6.18884e-08
-2.4e-05	-4e-06	7.84105e-08
-2.4e-05	0	8.04032e-08
-2.4e-05	4e-06	6.57255e-08
-2.4e-05	8e-06	3.65452e-08
-2.4e-05	1.2e-05	9.51896e-10
-2.4e-05	1.6e-05	1.56836e-11
-2.4e-05	2e-05	2.07632e-13
-2.4e-05	2.4e-05	2.4976e-15
-2.4e-05	2.8e-05	3.46234e-16
-2.4e-05	3.2e-05	-6.30831e-17
-2.4e-05	3.6e-05	-5.49542e-17
-2.4e-05	4e-05	5.3936e-17
-2.4e-05	4.4e-05	2.27666e-17
-2.4e-05	4.8e-05	2.13546e-16
-2.4e-05	5.2e-05	-5.18463e-16
-2.4e-05	5.6e-05	4.37429e-16
-2.4e-05	6e-05	-4.55478e-16
-2.4e-05	6.4e-05	4.01787e-16
-2.4e-05	6.8e-05	-2.32668e-16
-2.4e-05	7.2e-05	4.18506e-16
-2.4e-05	7.6e-05	-1.91573e-16
-2e-05	-8e-05	3.65453e-16
-2e-05	-7.6e-05	-2.06188e-16
-2e-05	-7.2e-05	3.14898e-16
-2e-05	-6.8e-05	-2.76673e-16
-2e-05	-6.4e-05	3.62939e-16
-2e-05	-6e-05	-4.41272e-16
-2e-05	-5.6e-05	4.72056e-16
-2e-05	-5.2e-05	-5.13341e-16
-2e-05	-4.8e-05	3.9535e-16
-2e-05	-4.4e-05	-3.02911e-16
-2e-05	-4e-05	3.48085e-17
-2e-05	-3.6e-05	2.97511e-16
-2e-05	-3.2e-05	8.23167e-16
-2e-05	-2.8e-05	1.47094e-13
-2e-05	-2.4e-05	1.47704e-11
-2e-05	-2e-05	1.33944e-09
-2e-05	-1.6e-05	1.01438e-07
-2e-05	-1.2e-05	5.16372e-06
-2e-05	-8e-06	9.23082e-06
-2e-05	-4e-06	1.1696e-05
-2e-05	0	1.19951e-05
-2e-05	4e-06	9.80623e-06
-2e-05	8e-06	5.45088e-06
-2e-05	1.2e-05	1.07154e-07
-2e-05	1.6e-05	1.4157e-09
-2e-05	2e-05	1.56192e-11
-2e-05	2.4e-05	1.55027e-13
-2e-05	2.8e-05	1.46251e-15
-2e-05	3.2e-05	4.83302e-16
-2e-05	3.6e-05	3.0308e-16
-2e-05	4e-05	5.39153e-16
-2e-05	4.4e-05	-7.96555e-17
-2e-05	4.8e-05	7.69065e-17
-2e-05	5.2e-05	7.78377e-17
-2e-05	5.6e-05	-3.4935e-16
-2e-05	6e-05	3.19616e-16
-2e-05	6.4e-05	-2.93416e-16
-2e-05	6.8e-05	4.01966e-16
-2e-05	7.2e-05	-4.14744e-16
-2e-05	7.6e-05	3.01264e-16
-1.6e-05	-8e-05	-4.61698e-16
-1.6e-05	-7.6e-05	3.38441e-16
-1.6e-05	-7.2e-05	-4.02812e-16
-1.6e-05	-6.8e-05	3.69675e-16
-1.6e-05	-6.4e-05	-5.36697e-16
-1.6e-05	-6e-05	3.77142e-16
-1.6e-05	-5.6e-05	-4.01902e-16
-1.6e-05	-5.2e-05	2.83533e-16
-1.6e-05	-4.8e-05	-9.16094e-17
-1.6e-05	-4.4e-05	3.7385e-17
-1.6e-05	-4e-05	3.90289e-16
-1.6e-05	-3.6e-05	4.27434e-16
-1.6e-05	-3.2e-05	5.9e-14
-1.6e-05	-2.8e-05	7.37853e-12
-1.6e-05	-2.4e-05	8.90346e-10
-1.6e-05	-2e-05	1.00769e-07
-1.6e-05	-1.6e-05	1.01498e-05
-1.6e-05	-1.2e-05	0.000770282
-1.6e-05	-8e-06	0.0013768
-1.6e-05	-4e-06	0.00174463
-1.6e-05	0	0.0017895
-1.6e-05	4e-06	0.00146309
-1.6e-05	8e-06	0.000813055
-1.6e-05	1.2e-05	1.07255e-05
-1.6e-05	1.6e-05	1.06565e-07
-1.6e-05	2e-05	9.42185e-10
-1.6e-05	2.4e-05	7.81296e-12
-1.6e-05	2.8e-05	6.19993e-14
-1.6e-05	3.2e-05	4.58222e-16
-1.6e-05	3.6e-05	1.69496e-16
-1.6e-05	4e-05	3.19407e-17
-1.6e-05	4.4e-05	3.29808e-16
-1.6e-05	4.8e-05	-5.39603e-17
-1.6e-05	5.2e-05	5.86022e-17
-1.6e-05	5.6e-05	3.69724e-16
-1.6e-05	6e-05	5.65668e-18
-1.6e-05	6.4e-05	5.25891e-16
-1.6e-05	6.8e-05	-1.10487e-17
-1.6e-05	7.2e-05	5.44649e-16
-1.6e-05	7.6e-05	-1.63992e-16
-1.2e-05	-8e-05	4.75291e-16
-1.2e-05	-7.6e-05	-2.51664e-16
-1.2e-05	-7.2e-05	4.91326e-16
-1.2e-05	-6.8e-05	-2.23571e-16
-1.2e-05	-6.4e-05	4.96785e-16
-1.2e-05	-6e-05	8.02474e-17
-1.2e-05	-5.6e-05	4.41197e-16
-1.2e-05	-5.2e-05	2.69036e-16
-1.2e-05	-4.8e-05	1.85516e-16
-1.2e-05	-4.4e-05	3.77873e-16
-1.2e-05	-4e-05	-1.02132e-16
-1.2e-05	-3.6e-05	1.00452e-14
-1.2e-05	-3.2e-05	1.48486e-12
-1.2e-05	-2.8e-05	2.23514e-10
-1.2e-05	-2.4e-05	3.36383e-08
-1.2e-05	-2e-05	5.0627e-06
-1.2e-05	-1.6e-05	0.000761985
-1.2e-05	-1.2e-05	0.114691
-1.2e-05	-8e-06	0.205035
-1.2e-05	-4e-06	0.259877
-1.2e-05	0	0.266638
-1.2e-05	4e-06	0.218061
-1.2e-05	8e-06	0.121197
-1.2e-05	1.2e-05	0.000806124
-1.2e-05	1.6e-05	5.36204e-06
-1.2e-05	2e-05	3.56676e-08
-1.2e-05	2.4e-05	2.37266e-10
-1.2e-05	2.8e-05	1.57856e-12
-1.2e-05	3.2e-05	1.07369e-14
-1.2e-05	3.6e-05	2.66582e-16
-1.2e-05	4e-05	2.21563e-16
-1.2e-05	4.4e-05	-5.1704e-16
-1.2e-05	4.8e-05	1.06708e-16
-1.2e-05	5.2e-05	-2.82698e-17
-1.2e-05	5.6e-05	-1.08487e-16
-1.2e-05	6e-05	1.60407e-16
-1.2e-05	6.4e-05	2.19817e-16
-1.2e-05	6.8e-05	2.50773e-16
-1.2e-05	7.2e-05	1.86236e-16
-1.2e-05	7.6e-05	3.65886e-16
-8e-06	-8e-05	9.16764e-17
-8e-06	-7.6e-05	3.66292e-16
-8e-06	-7.2e-05	1.52249e-16
-8e-06	-6.8e-05	2.73574e-16
-8e-06	-6.4e-05	2.00003e-16
-8e-06	-6e-05	2.13026e-16
-8e-06	-5.6e-05	3.20357e-16
-8e-06	-5.2e-05	-1.67005e-17
-8e-06	-4.8e-05	1.05795e-16
-8e-06	-4.4e-05	-4.35181e-16
-8e-06	-4e-05	1.08974e-16
-8e-06	-3.6e-05	3.96444e-15
-8e-06	-3.2e-05	6.64679e-13
-8e-06	-2.8e-05	1.00176e-10
-8e-06	-2.4e-05	1.50977e-08
-8e-06	-2e-05	2.27542e-06
-8e-06	-1.6e-05	0.000342941
-8e-06	-1.2e-05	0.0516871
-8e-06	-8e-06	0.0972842
-8e-06	-4e-06	0.132463
-8e-06	0	0.146958
-8e-06	4e-06	0.128727
-8e-06	8e-06	0.0753481
-8e-06	1.2e-05	0.000500513
-8e-06	1.6e-05	3.32482e-06
-8e-06	2e-05	2.20867e-08
-8e-06	2.4e-05	1.46725e-10
-8e-06	2.8e-05	9.74986e-13
-8e-06	3.2e-05	7.04154e-15
-8e-06	3.6e-05	1.45164e-16
-8e-06	4e-05	3.26016e-17
-8e-06	4.4e-05	1.89402e-16
-8e-06	4.8e-05	-2.29488e-16
-8e-06	5.2e-05	-1.88304e-16
-8e-06	5.6e-05	6.50553e-18
-8e-06	6e-05	1.07284e-16
-8e-06	6.4e-05	-2.31913e-16
-8e-06	6.8e-05	2.91195e-19
-8e-06	7.2e-05	-7.40377e-17
-8e-06	7.6e-05	1.05421e-16
-4e-06	-8e-05	-8.96573e-17
-4e-06	-7.6e-05	3.54196e-17
-4e-06	-7.2e-05	-1.90427e-16
-4e-06	-6.8e-05	-2.0516e-17
-4e-06	-6.4e-05	-2.29012e-16
-4e-06	-6e-05	4.42647e-17
-4e-06	-5.6e-05	-3.62121e-16
-4e-06	-5.2e-05	-1.48454e-17
-4e-06	-4.8e-05	-2.19941e-16
-4e-06	-4.4e-05	-3.98179e-17
-4e-06	-4e-05	-7.67812e-17
-4e-06	-3.6e-05	-8.59078e-15
-4e-06	-3.2e-05	-1.30559e-12
-4e-06	-2.8e-05	-1.96711e-10
-4e-06	-2.4e-05	-2.96278e-08
-4e-06	-2e-05	-4.46241e-06
-4e-06	-1.6e-05	-0.00067211
-4e-06	-1.2e-05	-0.10123
-4e-06	-8e-06	-0.180099
-4e-06	-4e-06	-0.219426
-4e-06	0	-0.21198
-4e-06	4e-06	-0.163703
-4e-06	8e-06	-0.0884837
-4e-06	1.2e-05	-0.000587202
-4e-06	1.6e-05	-3.89683e-06
-4e-06	2e-05	-2.58603e-08
-4e-06	2.4e-05	-1.71615e-10
-4e-06	2.8e-05	-1.13873e-12
-4e-06	3.2e-05	-7.34943e-15
-4e-06	3.6e-05	2.36744e-16
-4e-06	4e-05	1.98834e-16
-4e-06	4.4e-05	1.23633e-16
-4e-06	4.8e-05	8.21036e-18
-4e-06	5.2e-05	3.53086e-16
-4e-06	5.6e-05	-4.14733e-17
-4e-06	6e-05	2.89588e-17
-4e-06	6.4e-05	-4.89717e-17
-4e-06	6.8e-05	-8.79629e-17
-4e-06	7.2e-05	-5.38475e-17
-4e-06	7.6e-05	2.30591e-17
0	-8e-05	-3.88721e-17
0	-7.6e-05	-4.0332e-17
0	-7.2e-05	-3.94199e-17
0	-6.8e-05	-2.64299e-17
0	-6.4e-05	-2.38013e-17
0	-6e-05	6.92101e-17
0	-5.6e-05	9.53268e-17
0	-5.2e-05	2.06135e-16
0	-4.8e-05	9.67889e-17
0	-4.4e-05	3.32784e-16
0	-4e-05	9.61883e-17
0	-3.6e-05	-6.99517e-15
0	-3.2e-05	-1.13868e-12
0	-2.8e-05	-1.71615e-10
0	-2.4e-05	-2.58603e-08
0	-2e-05	-3.89683e-06
0	-1.6e-05	-0.000587202
0	-1.2e-05	-0.0884837
0	-8e-06	-0.163703
0	-4e-06	-0.21198
0	0	-0.219426
0	4e-06	-0.180099
0	8e-06	-0.10123
0	1.2e-05	-0.00067211
0	1.6e-05	-4.46241e-06
0	2e-05	-2.96278e-08
0	2.4e-05	-1.96711e-10
0	2.8e-05	-1.30584e-12
0	3.2e-05	-8.52191e-15
0	3.6e-05	1.05108e-16
0	4e-05	5.37047e-17
0	4.4e-05	1.27729e-16
0	4.8e-05	5.05468e-16
0	5.2e-05	-1.17717e-18
0	5.6e-05	4.04517e-16
0	6e-05	1.30144e-16
0	6.4e-05	2.95812e-16
0	6.8e-05	4.70269e-17
0	7.2e-05	3.25183e-16
0	7.6e-05	2.594e-17
4e-06	-8e-05	2.60346e-16
4e-06	-7.6e-05	5.77163e-17
4e-06	-7.2e-05	1.83389e-16
4e-06	-6.8e-05	2.06815e-17
4e-06	-6.4e-05	2.36262e-16
4e-06	-6e-05	3.4966e-17
4e-06	-5.6e-05	3.15375e-16
4e-06	-5.2e-05	2.94903e-16
4e-06	-4.8e-05	4.28647e-16
4e-06	-4.4e-05	1.7467e-16
4e-06	-4e-05	3.20591e-16
4e-06	-3.6e-05	6.61046e-15
4e-06	-3.2e-05	9.74738e-13
4e-06	-2.8e-05	1.46724e-10
4e-06	-2.4e-05	2.20867e-08
4e-06	-2e-05	3.32482e-06
4e-06	-1.6e-05	0.000500513
4e-06	-1.2e-05	0.0753481
4e-06	-8e-06	0.128727
4e-06	-4e-06	0.146958
4e-06	0	0.132463
4e-06	4e-06	0.0972842
4e-06	8e-06	0.0516871
4e-06	1.2e-05	0.000342941
4e-06	1.6e-05	2.27542e-06
4e-06	2e-05	1.50977e-08
4e-06	2.4e-05	1.00176e-10
4e-06	2.8e-05	6.64835e-13
4e-06	3.2e-05	4.59232e-15
4e-06	3.6e-05	1.28942e-16
4e-06	4e-05	-5.51393e-17
4e-06	4.4e-05	3.53649e-16
4e-06	4.8e-05	-2.39223e-16
4e-06	5.2e-05	4.25804e-16
4e-06	5.6e-05	2.40737e-17
4e-06	6e-05	4.30764e-16
4e-06	6.4e-05	5.29878e-17
4e-06	6.8e-05	4.14598e-16
4e-06	7.2e-05	6.98964e-17
4e-06	7.6e-05	4.52237e-16
8e-06	-8e-05	5.781e-17
8e-06	-7.6e-05	4.00687e-16
8e-06	-7.2e-05	1.52465e-16
8e-06	-6.8e-05	3.68227e-16
8e-06	-6.4e-05	-9.18475e-17
8e-06	-6e-05	5.13027e-16
8e-06	-5.6e-05	1.12767e-16
8e-06	-5.2e-05	4.67859e-16
8e-06	-4.8e-05	9.69213e-17
8e-06	-4.4e-05	1.56466e-16
8e-06	-4e-05	1.42694e-17
8e-06	-3.6e-05	1.08501e-14
8e-06	-3.2e-05	1.57841e-12
8e-06	-2.8e-05	2.37265e-10
8e-06	-2.4e-05	3.56676e-08
8e-06	-2e-05	5.36204e-06
8e-06	-1.6e-05	0.000806124
8e-06	-1.2e-05	0.121197
8e-06	-8e-06	0.218061
8e-06	-4e-06	0.266638
8e-06	0	0.259877
8e-06	4e-06	0.205035
8e-06	8e-06	0.114691
8e-06	1.2e-05	0.000761985
8e-06	1.6e-05	5.0627e-06
8e-06	2e-05	3.36383e-08
8e-06	2.4e-05	2.23514e-10
8e-06	2.8e-05	1.48541e-12
8e-06	3.2e-05	9.73293e-15
8e-06	3.6e-05	1.75169e-16
8e-06	4e-05	1.40359e-16
8e-06	4.4e-05	-3.11321e-17
8e-06	4.8e-05	4.61712e-16
8e-06	5.2e-05	-2.4036e-18
8e-06	5.6e-05	4.31231e-16
8e-06	6e-05	1.27579e-16
8e-06	6.4e-05	4.99042e-16
8e-06	6.8e-05	-5.75835e-17
8e-06	7.2e-05	5.32647e-16
8e-06	7.6e-05	-3.35898e-18
1.2e-05	-8e-05	5.65312e-16
1.2e-05	-7.6e-05	-1.5977e-17
1.2e-05	-7.2e-05	4.85093e-16
1.2e-05	-6.8e-05	-8.45771e-17
1.2e-05	-6.4e-05	4.78756e-16
1.2e-05	-6e-05	-9.76667e-17
1.2e-05	-5.6e-05	4.41793e-16
1.2e-05	-5.2e-05	-3.56888e-17
1.2e-05	-4.8e-05	2.08707e-16
1.2e-05	-4.4e-05	-3.11398e-17
1.2e-05	-4e-05	-2.87183e-16
1.2e-05	-3.6e-05	6.67174e-16
1.2e-05	-3.2e-05	6.24854e-14
1.2e-05	-2.8e-05	7.81337e-12
1.2e-05	-2.4e-05	9.42185e-10
1.2e-05	-2e-05	1.06565e-07
1.2e-05	-1.6e-05	1.07255e-05
1.2e-05	-1.2e-05	0.000813055
1.2e-05	-8e-06	0.00146309
1.2e-05	-4e-06	0.0017895
1.2e-05	0	0.00174463
1.2e-05	4e-06	0.0013768
1.2e-05	8e-06	0.000770282
1.2e-05	1.2e-05	1.01498e-05
1.2e-05	1.6e-05	1.00769e-07
1.2e-05	2e-05	8.90346e-10
1.2e-05	2.4e-05	7.37884e-12
1.2e-05	2.8e-05	5.85316e-14
1.2e-05	3.2e-05	6.51994e-16
1.2e-05	3.6e-05	4.16036e-17
1.2e-05	4e-05	1.09112e-16
1.2e-05	4.4e-05	1.65826e-16
1.2e-05	4.8e-05	1.22773e-17
1.2e-05	5.2e-05	1.06709e-16
1.2e-05	5.6e-05	6.51378e-17
1.2e-05	6e-05	2.833e-16
1.2e-05	6.4e-05	-2.90016e-17
1.2e-05	6.8e-05	3.58572e-16
1.2e-05	7.2e-05	-5.2206e-18
1.2e-05	7.6e-05	3.30825e-16
1.6e-05	-8e-05	-9.92675e-17
1.6e-05	-7.6e-05	2.90987e-16
1.6e-05	-7.2e-05	1.26497e-17
1.6e-05	-6.8e-05	2.19283e-16
1.6e-05	-6.4e-05	-1.09509e-16
1.6e-05	-6e-05	1.87198e-16
1.6e-05	-5.6e-05	-6.96987e-17
1.6e-05	-5.2e-05	6.13991e-17
1.6e-05	-4.8e-05	2.73562e-16
1.6e-05	-4.4e-05	5.25197e-17
1.6e-05	-4e-05	5.88051e-17
1.6e-05	-3.6e-05	-3.2809e-16
1.6e-05	-3.2e-05	1.73812e-15
1.6e-05	-2.8e-05	1.55582e-13
1.6e-05	-2.4e-05	1.56193e-11
1.6e-05	-2e-05	1.4157e-09
1.6e-05	-1.6e-05	1.07154e-07
1.6e-05	-1.2e-05	5.45088e-06
1.6e-05	-8e-06	9.80623e-06
1.6e-05	-4e-06	1.19951e-05
1.6e-05	0	1.1696e-05
1.6e-05	4e-06	9.23082e-06
1.6e-05	8e-06	5.16372e-06
1.6e-05	1.2e-05	1.01438e-07
1.6e-05	1.6e-05	1.33944e-09
1.6e-05	2e-05	1.47706e-11
1.6e-05	2.4e-05	1.46616e-13
1.6e-05	2.8e-05	1.50934e-15
1.6e-05	3.2e-05	3.78612e-16
1.6e-05	3.6e-05	2.95727e-16
1.6e-05	4e-05	3.05827e-16
1.6e-05	4.4e-05	1.87027e-17
1.6e-05	4.8e-05	1.61975e-16
1.6e-05	5.2e-05	1.29359e-16
1.6e-05	5.6e-05	4.45611e-17
1.6e-05	6e-05	6.60924e-17
1.6e-05	6.4e-05	1.15841e-16
1.6e-05	6.8e-05	-1.99273e-18
1.6e-05	7.2e-05	1.55525e-16
1.6e-05	7.6e-05	-2.20259e-17
2e-05	-8e-05	1.64847e-16
2e-05	-7.6e-05	-1.15177e-17
2e-05	-7.2e-05	1.03634e-16
2e-05	-6.8e-05	4.17465e-17
2e-05	-6.4e-05	-1.8901e-17
2e-05	-6e-05	-5.17965e-17
2e-05	-5.6e-05	2.56056e-16
2e-05	-5.2e-05	1.18047e-17
2e-05	-4.8e-05	9.90072e-17
2e-05	-4.4e-05	2.21547e-16
2e-05	-4e-05	3.22789e-16
2e-05	-3.6e-05	1.66789e-16
2e-05	-3.2e-05	-8.53373e-17
2e-05	-2.8e-05	2.78187e-15
2e-05	-2.4e-05	2.07618e-13
2e-05	-2e-05	1.56837e-11
2e-05	-1.6e-05	9.51896e-10
2e-05	-1.2e-05	3.65452e-08
2e-05	-8e-06	6.57255e-08
2e-05	-4e-06	8.04032e-08
2e-05	0	7.84105e-08
2e-05	4e-06	6.18884e-08
2e-05	8e-06	3.46175e-08
2e-05	1.2e-05	9.01264e-10
2e-05	1.6e-05	1.48428e-11
2e-05	2e-05	1.95991e-13
2e-05	2.4e-05	2.25394e-15
2e-05	2.8e-05	1.89596e-16
2e-05	3.2e-05	5.2517e-17
2e-05	3.6e-05	1.91109e-16
2e-05	4e-05	1.24657e-16
2e-05	4.4e-05	2.56166e-16
2e-05	4.8e-05	2.36444e-16
2e-05	5.2e-05	1.84213e-16
2e-05	5.6e-05	1.99543e-16
2e-05	6e-05	3.33043e-16
2e-05	6.4e-05	1.53186e-16
2e-05	6.8e-05	3.99563e-16
2e-05	7.2e-05	3.01872e-17
2e-05	7.6e-05	3.12791e-16
2.4e-05	-8e-05	7.17229e-17
2.4e-05	-7.6e-05	3.17936e-16
2.4e-05	-7.2e-05	4.31483e-17
2.4e-05	-6.8e-05	2.5165e-16
2.4e-05	-6.4e-05	1.49944e-16
2.4e-05	-6e-05	2.20035e-16
2.4e-05	-5.6e-05	7.2299e-17
2.4e-05	-5.2e-05	3.78172e-16
2.4e-05	-4.8e-05	2.92035e-16
2.4e-05	-4.4e-05	3.08619e-16
2.4e-05	-4e-05	3.36762e-16
2.4e-05	-3.6e-05	4.4184e-16
2.4e-05	-3.2e-05	1.34437e-16
2.4e-05	-2.8e-05	-2.96131e-16
2.4e-05	-2.4e-05	2.40665e-15
2.4e-05	-2e-05	1.56176e-13
2.4e-05	-1.6e-05	7.92884e-12
2.4e-05	-1.2e-05	2.45025e-10
2.4e-05	-8e-06	4.40521e-10
2.4e-05	-4e-06	5.38945e-10
2.4e-05	0	5.25665e-10
2.4e-05	4e-06	4.14933e-10
2.4e-05	8e-06	2.32085e-10
2.4e-05	1.2e-05	7.50769e-12
2.4e-05	1.6e-05	1.48197e-13
2.4e-05	2e-05	2.13394e-15
2.4e-05	2.4e-05	1.6074e-16
2.4e-05	2.8e-05	-1.081e-17
2.4e-05	3.2e-05	5.70596e-17
2.4e-05	3.6e-05	5.34118e-17
2.4e-05	4e-05	1.19909e-16
2.4e-05	4.4e-05	6.95106e-17
2.4e-05	4.8e-05	1.51272e-16
2.4e-05	5.2e-05	2.18321e-16
2.4e-05	5.6e-05	2.17481e-16
2.4e-05	6e-05	1.63795e-16
2.4e-05	6.4e-05	3.57613e-16
2.4e-05	6.8e-05	2.15939e-16
2.4e-05	7.2e-05	3.05505e-16
2.4e-05	7.6e-05	2.35504e-16
2.8e-05	-8e-05	4.25004e-16
2.8e-05	-7.6e-05	2.44564e-16
2.8e-05	-7.2e-05	3.53598e-16
2.8e-05	-6.8e-05	2.29275e-16
2.8e-05	-6.4e-05	1.04905e-16
2.8e-05	-6e-05	1.71147e-16
2.8e-05	-5.6e-05	3.04303e-16
2.8e-05	-5.2e-05	1.23924e-16
2.8e-05	-4.8e-05	2.25509e-16
2.8e-05	-4.4e-05	1.28389e-16
2.8e-05	-4e-05	4.73741e-17
2.8e-05	-3.6e-05	3.34222e-16
2.8e-05	-3.2e-05	1.10147e-17
2.8e-05	-2.8e-05	-6.1535e-18
2.8e-05	-2.4e-05	-1.00203e-16
2.8e-05	-2e-05	1.27539e-15
2.8e-05	-1.6e-05	6.35486e-14
2.8e-05	-1.2e-05	1.64277e-12
2.8e-05	-8e-06	2.95288e-12
2.8e-05	-4e-06	3.61272e-12
2.8e-05	0	3.52422e-12
2.8e-05	4e-06	2.78195e-12
2.8e-05	8e-06	1.55599e-12
2.8e-05	1.2e-05	6.01288e-14
2.8e-05	1.6e-05	1.429e-15
2.8e-05	2e-05	1.50727e-16
2.8e-05	2.4e-05	-1.71961e-16
2.8e-05	2.8e-05	1.95383e-16
2.8e-05	3.2e-05	-9.17307e-17
2.8e-05	3.6e-05	2.4325e-16
2.8e-05	4e-05	-8.79507e-17
2.8e-05	4.4e-05	5.72236e-17
2.8e-05	4.8e-05	-2.72204e-17
2.8e-05	5.2e-05	6.97634e-17
2.8e-05	5.6e-05	-4.25917e-17
2.8e-05	6e-05	2.14931e-16
2.8e-05	6.4e-05	9.98717e-17
2.8e-05	6.8e-05	1.86484e-16
2.8e-05	7.2e-05	1.37619e-16
2.8e-05	7.6e-05	2.61256e-16
3.2e-05	-8e-05	9.63645e-17
3.2e-05	-7.6e-05	2.60613e-16
3.2e-05	-7.2e-05	8.87169e-17
3.2e-05	-6.8e-05	2.53274e-16
3.2e-05	-6.4e-05	1.5389e-16
3.2e-05	-6e-05	-6.33189e-17
3.2e-05	-5.6e-05	2.61008e-17
3.2e-05	-5.2e-05	6.27469e-17
3.2e-05	-4.8e-05	-1.85361e-16
3.2e-05	-4.4e-05	2.12596e-16
3.2e-05	-4e-05	-5.50154e-17
3.2e-05	-3.6e-05	-6.51075e-17
3.2e-05	-3.2e-05	4.14612e-17
3.2e-05	-2.8e-05	1.16579e-16
3.2e-05	-2.4e-05	-1.17239e-17
3.2e-05	-2e-05	2.87037e-16
3.2e-05	-1.6e-05	4.51388e-16
3.2e-05	-1.2e-05	1.12782e-14
3.2e-05	-8e-06	1.99887e-14
3.2e-05	-4e-06	2.42263e-14
3.2e-05	0	2.36572e-14
3.2e-05	4e-06	1.84342e-14
3.2e-05	8e-06	1.051e-14
3.2e-05	1.2e-05	4.28191e-16
3.2e-05	1.6e-05	2.53046e-16
3.2e-05	2e-05	-9.94653e-17
3.2e-05	2.4e-05	1.78787e-16
3.2e-05	2.8e-05	-9.79862e-17
3.2e-05	3.2e-05	2.99759e-16
3.2e-05	3.6e-05	-2.42268e-16
3.2e-05	4e-05	2.65447e-16
3.2e-05	4.4e-05	-1.47813e-16
3.2e-05	4.8e-05	1.00853e-16
3.2e-05	5.2e-05	-7.21461e-17
3.2e-05	5.6e-05	1.25146e-16
3.2e-05	6e-05	-7.99222e-17
3.2e-05	6.4e-05	1.64012e-16
3.2e-05	6.8e-05	-9.66761e-17
3.2e-05	7.2e-05	1.47554e-16
3.2e-05	7.6e-05	-5.94686e-17
3.6e-05	-8e-05	1.60901e-16
3.6e-05	-7.6e-05	-9.60679e-17
3.6e-05	-7.2e-05	1.41888e-16
3.6e-05	-6.8e-05	-1.02147e-16
3.6e-05	-6.4e-05	1.88149e-16
3.6e-05	-6e-05	-8.04857e-18
3.6e-05	-5.6e-05	-5.35474e-17
3.6e-05	-5.2e-05	-3.0646e-16
3.6e-05	-4.8e-05	1.02345e-16
3.6e-05	-4.4e-05	-4.05003e-16
3.6e-05	-4e-05	3.86011e-16
3.6e-05	-3.6e-05	-1.56559e-16
3.6e-05	-3.2e-05	2.70733e-16
3.6e-05	-2.8e-05	1.3687e-16
3.6e-05	-2.4e-05	2.29936e-16
3.6e-05	-2e-05	1.19234e-16
3.6e-05	-1.6e-05	1.23814e-16
3.6e-05	-1.2e-05	1.04187e-16
3.6e-05	-8e-06	3.5592e-16
3.6e-05	-4e-06	-4.26903e-17
3.6e-05	0	1.4221e-16
3.6e-05	4e-06	7.16286e-17
3.6e-05	8e-06	-2.59206e-17
3.6e-05	1.2e-05	2.1893e-16
3.6e-05	1.6e-05	-3.1045e-16
3.6e-05	2e-05	2.8396e-16
3.6e-05	2.4e-05	-7.13276e-17
3.6e-05	2.8e-05	3.51704e-16
3.6e-05	3.2e-05	-8.84786e-17
3.6e-05	3.6e-05	1.92639e-16
3.6e-05	4e-05	-1.06261e-16
3.6e-05	4.4e-05	1.87695e-16
3.6e-05	4.8e-05	-1.37538e-16
3.6e-05	5.2e-05	3.12753e-16
3.6e-05	5.6e-05	-1.28683e-16
3.6e-05	6e-05	2.38091e-16
3.6e-05	6.4e-05	-1.30921e-16
3.6e-05	6.8e-05	2.9411e-16
3.6e-05	7.2e-05	-1.36424e-16
3.6e-05	7.6e-05	2.69671e-16
4e-05	-8e-05	-1.26279e-16
4e-05	-7.6e-05	2.27642e-16
4e-05	-7.2e-05	-1.75153e-16
4e-05	-6.8e-05	3.04181e-16
4e-05	-6.4e-05	-1.85485e-16
4e-05	-6e-05	2.30249e-16
4e-05	-5.6e-05	-3.93233e-17
4e-05	-5.2e-05	-8.87445e-17
4e-05	-4.8e-05	-1.20278e-17
4e-05	-4.4e-05	3.06871e-16
4e-05	-4e-05	-1.23094e-16
4e-05	-3.6e-05	2.64156e-16
4e-05	-3.2e-05	-1.33499e-16
4e-05	-2.8e-05	4.39436e-16
4e-05	-2.4e-05	-9.52936e-17
4e-05	-2e-05	1.95765e-16
4e-05	-1.6e-05	-1.40144e-16
4e-05	-1.2e-05	2.59646e-16
4e-05	-8e-06	-1.98456e-16
4e-05	-4e-06	2.25594e-16
4e-05	0	-1.73531e-16
4e-05	4e-06	-2.7285e-17
4e-05	8e-06	1.09342e-16
4e-05	1.2e-05	-3.654e-16
4e-05	1.6e-05	1.74163e-16
4e-05	2e-05	-3.14674e-16
4e-05	2.4e-05	2.82952e-16
4e-05	2.8e-05	-2.32494e-16
4e-05	3.2e-05	1.38362e-16
4e-05	3.6e-05	-1.47127e-16
4e-05	4e-05	2.24042e-16
4e-05	4.4e-05	-4.4027e-17
4e-05	4.8e-05	2.70974e-16
4e-05	5.2e-05	-1.44151e-16
4e-05	5.6e-05	2.36806e-16
4e-05	6e-05	-1.54333e-16
4e-05	6.4e-05	1.36192e-16
4e-05	6.8e-05	-9.46956e-17
4e-05	7.2e-05	2.34458e-16
4e-05	7.6e-05	-1.02987e-16
4.4e-05	-8e-05	2.64642e-16
4.4e-05	-7.6e-05	-1.10598e-17
4.4e-05	-7.2e-05	2.7039e-16
4.4e-05	-6.8e-05	-1.16147e-16
4.4e-05	-6.4e-05	2.02346e-16
4.4e-05	-6e-05	-7.20444e-17
4.4e-05	-5.6e-05	2.41658e-16
4.4e-05	-5.2e-05	-6.50399e-17
4.4e-05	-4.8e-05	1.67446e-16
4.4e-05	-4.4e-05	-1.4168e-16
4.4e-05	-4e-05	1.56883e-16
4.4e-05	-3.6e-05	-2.89167e-16
4.4e-05	-3.2e-05	3.28355e-16
4.4e-05	-2.8e-05	-4.41047e-16
4.4e-05	-2.4e-05	4.57731e-16
4.4e-05	-2e-05	-4.57009e-16
4.4e-05	-1.6e-05	3.60087e-16
4.4e-05	-1.2e-05	-2.63736e-16
4.4e-05	-8e-06	1.65801e-16
4.4e-05	-4e-06	-2.15404e-16
4.4e-05	0	-4.45445e-18
4.4e-05	4e-06	3.91288e-17
4.4e-05	8e-06	-1.60517e-16
4.4e-05	1.2e-05	5.10784e-17
4.4e-05	1.6e-05	1.58201e-17
4.4e-05	2e-05	1.14125e-16
4.4e-05	2.4e-05	-2.17003e-16
4.4e-05	2.8e-05	6.42376e-17
4.4e-05	3.2e-05	-2.7361e-16
4.4e-05	3.6e-05	2.33217e-16
4.4e-05	4e-05	-1.74499e-16
4.4e-05	4.4e-05	3.59343e-16
4.4e-05	4.8e-05	-2.72595e-16
4.4e-05	5.2e-05	3.484e-16
4.4e-05	5.6e-05	-2.08876e-16
4.4e-05	6e-05	2.31374e-16
4.4e-05	6.4e-05	-1.21651e-16
4.4e-05	6.8e-05	1.93419e-16
4.4e-05	7.2e-05	-2.17056e-16
4.4e-05	7.6e-05	3.15074e-16
4.8e-05	-8e-05	-1.72245e-16
4.8e-05	-7.6e-05	2.53438e-16
4.8e-05	-7.2e-05	-1.12055e-16
4.8e-05	-6.8e-05	3.5532e-16
4.8e-05	-6.4e-05	-2.53735e-16
4.8e-05	-6e-05	4.4433e-16
4.8e-05	-5.6e-05	-2.5423e-16
4.8e-05	-5.2e-05	3.99235e-16
4.8e-05	-4.8e-05	-1.62786e-16
4.8e-05	-4.4e-05	3.19807e-16
4.8e-05	-4e-05	-3.13543e-16
4.8e-05	-3.6e-05	3.30043e-17
4.8e-05	-3.2e-05	-4.33369e-16
4.8e-05	-2.8e-05	3.15344e-16
4.8e-05	-2.4e-05	-2.63669e-16
4.8e-05	-2e-05	1.11797e-16
4.8e-05	-1.6e-05	-2.59589e-16
4.8e-05	-1.2e-05	-2.271e-17
4.8e-05	-8e-06	6.16357e-17
4.8e-05	-4e-06	-1.45772e-16
4.8e-05	0	1.32511e-16
4.8e-05	4e-06	8.26946e-18
4.8e-05	8e-06	6.72338e-17
4.8e-05	1.2e-05	1.76524e-16
4.8e-05	1.6e-05	-8.47308e-17
4.8e-05	2e-05	1.01258e-16
4.8e-05	2.4e-05	-3.85044e-17
4.8e-05	2.8e-05	-1.52067e-16
4.8e-05	3.2e-05	1.03077e-16
4.8e-05	3.6e-05	-3.02978e-16
4.8e-05	4e-05	2.18539e-16
4.8e-05	4.4e-05	-3.56617e-16
4.8e-05	4.8e-05	2.69558e-16
4.8e-05	5.2e-05	-3.35476e-16
4.8e-05	5.6e-05	3.2411e-16
4.8e-05	6e-05	-2.46381e-16
4.8e-05	6.4e-05	3.65829e-16
4.8e-05	6.8e-05	-2.94766e-16
4.8e-05	7.2e-05	3.89205e-16
4.8e-05	7.6e-05	-3.20168e-16
5.2e-05	-8e-05	4.17488e-16
5.2e-05	-7.6e-05	-3.40189e-16
5.2e-05	-7.2e-05	3.09819e-16
5.2e-05	-6.8e-05	-3.47928e-16
5.2e-05	-6.4e-05	4.60141e-16
5.2e-05	-6e-05	-2.98055e-16
5.2e-05	-5.6e-05	3.13213e-16
5.2e-05	-5.2e-05	-4.6877e-16
5.2e-05	-4.8e-05	1.96187e-16
5.2e-05	-4.4e-05	-4.34229e-16
5.2e-05	-4e-05	1.88097e-16
5.2e-05	-3.6e-05	-3.04865e-16
5.2e-05	-3.2e-05	4.63966e-17
5.2e-05	-2.8e-05	-2.08761e-16
5.2e-05	-2.4e-05	1.03128e-17
5.2e-05	-2e-05	-6.70134e-17
5.2e-05	-1.6e-05	-1.39823e-16
5.2e-05	-1.2e-05	1.38276e-16
5.2e-05	-8e-06	-1.19857e-16
5.2e-05	-4e-06	1.83942e-16
5.2e-05	0	-3.55802e-17
5.2e-05	4e-06	1.15442e-16
5.2e-05	8e-06	1.74762e-16
5.2e-05	1.2e-05	2.92227e-17
5.2e-05	1.6e-05	1.5153e-16
5.2e-05	2e-05	-4.56675e-18
5.2e-05	2.4e-05	-3.30555e-18
5.2e-05	2.8e-05	4.90906e-17
5.2e-05	3.2e-05	-2.48826e-17
5.2e-05	3.6e-05	1.76147e-17
5.2e-05	4e-05	-1.59062e-16
5.2e-05	4.4e-05	1.15933e-16
5.2e-05	4.8e-05	-3.17319e-16
5.2e-05	5.2e-05	1.28343e-16
5.2e-05	5.6e-05	-2.98188e-16
5.2e-05	6e-05	2.00742e-16
5.2e-05	6.4e-05	-3.69215e-16
5.2e-05	6.8e-05	2.18153e-16
5.2e-05	7.2e-05	-3.20158e-16
5.2e-05	7.6e-05	2.99062e-16
5.6e-05	-8e-05	-3.24563e-16
5.6e-05	-7.6e-05	3.05093e-16
5.6e-05	-7.2e-05	-3.82654e-16
5.6e-05	-6.8e-05	2.65672e-16
5.6e-05	-6.4e-05	-3.51105e-16
5.6e-05	-6e-05	2.59317e-16
5.6e-05	-5.6e-05	-3.60385e-16
5.6e-05	-5.2e-05	2.3732e-16
5.6e-05	-4.8e-05	-2.61188e-16
5.6e-05	-4.4e-05	1.48593e-16
5.6e-05	-4e-05	-1.81311e-16
5.6e-05	-3.6e-05	-3.63511e-17
5.6e-05	-3.2e-05	-5.04847e-17
5.6e-05	-2.8e-05	-8.70969e-17
5.6e-05	-2.4e-05	2.42496e-17
5.6e-05	-2e-05	-1.4531e-16
5.6e-05	-1.6e-05	8.57257e-17
5.6e-05	-1.2e-05	-2.56463e-17
5.6e-05	-8e-06	1.34078e-16
5.6e-05	-4e-06	2.58758e-17
5.6e-05	0	8.67138e-17
5.6e-05	4e-06	1.85825e-16
5.6e-05	8e-06	1.07102e-16
5.6e-05	1.2e-05	8.9909e-17
5.6e-05	1.6e-05	9.57272e-17
5.6e-05	2e-05	2.66487e-17
5.6e-05	2.4e-05	7.35623e-17
5.6e-05	2.8e-05	6.2036e-17
5.6e-05	3.2e-05	1.26235e-18
5.6e-05	3.6e-05	2.88319e-17
5.6e-05	4e-05	6.39749e-18
5.6e-05	4.4e-05	-7.07228e-17
5.6e-05	4.8e-05	2.44532e-17
5.6e-05	5.2e-05	-1.18919e-16
5.6e-05	5.6e-05	5.92272e-17
5.6e-05	6e-05	-1.90513e-16
5.6e-05	6.4e-05	9.63244e-17
5.6e-05	6.8e-05	-1.45892e-16
5.6e-05	7.2e-05	8.93669e-17
5.6e-05	7.6e-05	-1.82932e-16
6e-05	-8e-05	1.18856e-16
6e-05	-7.6e-05	-1.98758e-16
6e-05	-7.2e-05	1.03345e-16
6e-05	-6.8e-05	-1.92226e-16
6e-05	-6.4e-05	8.07502e-17
6e-05	-6e-05	-1.75663e-16
6e-05	-5.6e-05	1.6612e-17
6e-05	-5.2e-05	-1.11059e-16
6e-05	-4.8e-05	-5.69748e-18
6e-05	-4.4e-05	-8.96989e-17
6e-05	-4e-05	-6.67966e-21
6e-05	-3.6e-05	-2.16956e-17
6e-05	-3.2e-05	1.79168e-17
6e-05	-2.8e-05	1.07103e-16
6e-05	-2.4e-05	6.36521e-17
6e-05	-2e-05	7.78705e-17
6e-05	-1.6e-05	1.79331e-16
6e-05	-1.2e-05	2.77229e-17
6e-05	-8e-06	2.00583e-16
6e-05	-4e-06	-1.08254e-17
6e-05	0	1.50806e-16
6e-05	4e-06	4.01977e-17
6e-05	8e-06	2.29675e-17
6e-05	1.2e-05	9.09149e-17
6e-05	1.6e-05	6.68631e-18
6e-05	2e-05	1.21662e-16
6e-05	2.4e-05	3.85653e-17
6e-05	2.8e-05	1.36342e-16
6e-05	3.2e-05	5.47445e-17
6e-05	3.6e-05	5.96614e-17
6e-05	4e-05	6.59411e-17
6e-05	4.4e-05	6.53027e-17
6e-05	4.8e-05	-1.89085e-18
6e-05	5.2e-05	3.42088e-17
6e-05	5.6e-05	3.2771e-17
6e-05	6e-05	4.22284e-17
6e-05	6.4e-05	-1.37357e-17
6e-05	6.8e-05	1.85068e-17
6e-05	7.2e-05	-4.54982e-17
6e-05	7.6e-05	1.47823e-18
6.4e-05	-8e-05	-4.97285e-17
6.4e-05	-7.6e-05	1.97406e-17
6.4e-05	-7.2e-05	-1.39533e-19
6.4e-05	-6.8e-05	4.29555e-17
6.4e-05	-6.4e-05	-1.75576e-17
6.4e-05	-6e-05	2.16314e-17
6.4e-05	-5.6e-05	4.39506e-18
6.4e-05	-5.2e-05	1.69169e-17
6.4e-05	-4.8e-05	5.44828e-17
6.4e-05	-4.4e-05	5.34067e-17
6.4e-05	-4e-05	7.36168e-17
6.4e-05	-3.6e-05	1.42686e-16
6.4e-05	-3.2e-05	4.34731e-17
6.4e-05	-2.8e-05	1.74773e-16
6.4e-05	-2.4e-05	3.0822e-17
6.4e-05	-2e-05	2.0255e-16
6.4e-05	-1.6e-05	-2.90917e-17
6.4e-05	-1.2e-05	1.74739e-16
6.4e-05	-8e-06	-2.71935e-17
6.4e-05	-4e-06	7.51042e-17
6.4e-05	0	-1.2403e-18
6.4e-05	4e-06	2.05205e-17
6.4e-05	8e-06	5.6958e-17
6.4e-05	1.2e-05	-4.15657e-17
6.4e-05	1.6e-05	8.2641e-17
6.4e-05	2e-05	-6.08842e-18
6.4e-05	2.4e-05	1.68211e-16
6.4e-05	2.8e-05	-8.6994e-17
6.4e-05	3.2e-05	1.7282e-16
6.4e-05	3.6e-05	-2.03923e-18
6.4e-05	4e-05	9.85689e-17
6.4e-05	4.4e-05	3.76891e-17
6.4e-05	4.8e-05	1.63335e-16
6.4e-05	5.2e-05	2.39457e-17
6.4e-05	5.6e-05	7.26267e-17
6.4e-05	6e-05	-7.32488e-18
6.4e-05	6.4e-05	7.13661e-17
6.4e-05	6.8e-05	2.49665e-17
6.4e-05	7.2e-05	1.00446e-16
6.4e-05	7.6e-05	7.76369e-18
6.8e-05	-8e-05	6.74002e-17
6.8e-05	-7.6e-05	2.02975e-18
6.8e-05	-7.2e-05	8.51424e-17
6.8e-05	-6.8e-05	1.77929e-17
6.8e-05	-6.4e-05	8.99108e-17
6.8e-05	-6e-05	4.47404e-17
6.8e-05	-5.6e-05	1.23984e-16
6.8e-05	-5.2e-05	3.56422e-17
6.8e-05	-4.8e-05	1.31816e-16
6.8e-05	-4.4e-05	2.8407e-17
6.8e-05	-4e-05	1.3397e-16
6.8e-05	-3.6e-05	-1.36568e-17
6.8e-05	-3.2e-05	2.0903e-16
6.8e-05	-2.8e-05	3.52646e-17
6.8e-05	-2.4e-05	1.75981e-16
6.8e-05	-2e-05	-2.33337e-17
6.8e-05	-1.6e-05	1.4355e-16
6.8e-05	-1.2e-05	-3.4642e-17
6.8e-05	-8e-06	6.57609e-17
6.8e-05	-4e-06	-2.99585e-18
6.8e-05	0	2.06347e-17
6.8e-05	4e-06	1.12325e-17
6.8e-05	8e-06	-6.52891e-18
6.8e-05	1.2e-05	4.41386e-17
6.8e-05	1.6e-05	-4.28153e-18
6.8e-05	2e-05	8.08401e-17
6.8e-05	2.4e-05	-1.66903e-17
6.8e-05	2.8e-05	9.17494e-17
6.8e-05	3.2e-05	-6.99551e-17
6.8e-05	3.6e-05	1.67925e-16
6.8e-05	4e-05	-2.80043e-17
6.8e-05	4.4e-05	1.62034e-16
6.8e-05	4.8e-05	-5.98815e-17
6.8e-05	5.2e-05	1.5574e-16
6.8e-05	5.6e-05	-3.61574e-17
6.8e-05	6e-05	1.28236e-16
6.8e-05	6.4e-05	-5.13081e-18
6.8e-05	6.8e-05	1.57114e-16
6.8e-05	7.2e-05	-4.41126e-18
6.8e-05	7.6e-05	1.40887e-16
7.2e-05	-8e-05	-3.63648e-17
7.2e-05	-7.6e-05	1.26811e-16
7.2e-05	-7.2e-05	2.99366e-17
7.2e-05	-6.8e-05	1.29969e-16
7.2e-05	-6.4e-05	3.22581e-17
7.2e-05	-6e-05	1.15076e-16
7.2e-05	-5.6e-05	3.82332e-17
7.2e-05	-5.2e-05	1.69973e-16
7.2e-05	-4.8e-05	-2.04495e-17
7.2e-05	-4.4e-05	1.69892e-16
7.2e-05	-4e-05	-3.76351e-18
7.2e-05	-3.6e-05	1.51495e-16
7.2e-05	-3.2e-05	-5.16645e-18
7.2e-05	-2.8e-05	1.50532e-16
7.2e-05	-2.4e-05	-6.09728e-17
7.2e-05	-2e-05	1.0014e-16
7.2e-05	-1.6e-05	-1.89596e-17
7.2e-05	-1.2e-05	4.63034e-17
7.2e-05	-8e-06	-1.27796e-17
7.2e-05	-4e-06	1.51718e-17
7.2e-05	0	2.62945e-18
7.2e-05	4e-06	2.57997e-18
7.2e-05	8e-06	9.29146e-18
7.2e-05	1.2e-05	-2.95302e-18
7.2e-05	1.6e-05	2.77686e-17
7.2e-05	2e-05	-1.38547e-17
7.2e-05	2.4e-05	5.07179e-17
7.2e-05	2.8e-05	-5.96073e-18
7.2e-05	3.2e-05	7.63389e-17
7.2e-05	3.6e-05	-2.14994e-17
7.2e-05	4e-05	8.43678e-17
7.2e-05	4.4e-05	3.3782e-17
7.2e-05	4.8e-05	7.6349e-17
7.2e-05	5.2e-05	-2.15763e-17
7.2e-05	5.6e-05	1.48401e-16
7.2e-05	6e-05	-2.27429e-17
7.2e-05	6.4e-05	1.43425e-16
7.2e-05	6.8e-05	-5.26012e-18
7.2e-05	7.2e-05	1.41174e-16
7.2e-05	7.6e-05	6.61035e-18
7.6e-05	-8e-05	7.93649e-17
7.6e-05	-7.6e-05	-6.3551e-19
7.6e-05	-7.2e-05	1.06902e-16
7.6e-05	-6.8e-05	1.30816e-17
7.6e-05	-6.4e-05	9.1496e-17
7.6e-05	-6e-05	-6.34895e-18
7.6e-05	-5.6e-05	1.1551e-16
7.6e-05	-5.2e-05	-1.18648e-18
7.6e-05	-4.8e-05	9.97332e-17
7.6e-05	-4.4e-05	-2.63294e-17
7.6e-05	-4e-05	9.56893e-17
7.6e-05	-3.6e-05	-3.37392e-17
7.6e-05	-3.2e-05	7.55035e-17
7.6e-05	-2.8e-05	-1.26789e-17
7.6e-05	-2.4e-05	3.92686e-17
7.6e-05	-2e-05	-3.03601e-17
7.6e-05	-1.6e-05	1.65419e-17
7.6e-05	-1.2e-05	2.00035e-18
7.6e-05	-8e-06	1.11093e-17
7.6e-05	-4e-06	-1.35098e-19
7.6e-05	0	3.43614e-18
7.6e-05	4e-06	8.75372e-19
7.6e-05	8e-06	1.79056e-18
7.6e-05	1.2e-05	3.51384e-18
7.6e-05	1.6e-05	2.99733e-18
7.6e-05	2e-05	1.26472e-17
7.6e-05	2.4e-05	-4.0174e-18
7.6e-05	2.8e-05	2.25114e-17
7.6e-05	3.2e-05	-1.58746e-17
7.6e-05	3.6e-05	3.99966e-17
7.6e-05	4e-05	-1.46949e-17
7.6e-05	4.4e-05	3.9448e-17
7.6e-05	4.8e-05	-1.40013e-17
7.6e-05	5.2e-05	6.67355e-17
7.6e-05	5.6e-05	-1.29701e-17
7.6e-05	6e-05	7.20371e-17
7.6e-05	6.4e-05	-1.34986e-17
7.6e-05	6.8e-05	7.88449e-17
7.6e-05	7.2e-05	-1.29561e-17
7.6e-05	7.6e-05	7.22074e-17
