-8e-05	-8e-05	2.84802e-16
-8e-05	-7.6e-05	-1.03064e-16
-8e-05	-7.2e-05	2.2958e-15
-8e-05	-6.8e-05	2.54759e-16
-8e-05	-6.4e-05	2.08378e-16
-8e-05	-6e-05	-4.24254e-17
-8e-05	-5.6e-05	-1.94504e-16
-8e-05	-5.2e-05	4.15428e-17
-8e-05	-4.8e-05	1.90679e-17
-8e-05	-4.4e-05	-9.50691e-17
-8e-05	-4e-05	2.10547e-16
-8e-05	-3.6e-05	5.14633e-17
-8e-05	-3.2e-05	-1.59503e-16
-8e-05	-2.8e-05	-5.3771e-17
-8e-05	-2.4e-05	-1.84502e-16
-8e-05	-2e-05	-6.10457e-17
-8e-05	-1.6e-05	-1.45959e-16
-8e-05	-1.2e-05	-6.62102e-17
-8e-05	-8e-06	2.35995e-16
-8e-05	-4e-06	-5.91364e-17
-8e-05	0	1.4115e-16
-8e-05	4e-06	-1.16513e-16
-8e-05	8e-06	-3.48264e-16
-8e-05	1.2e-05	-1.29585e-16
-8e-05	1.6e-05	-2.75924e-18
-8e-05	2e-05	-1.80269e-16
-8e-05	2.4e-05	-1.04061e-16
-8e-05	2.8e-05	-2.93657e-16
-8e-05	3.2e-05	3.38332e-17
-8e-05	3.6e-05	3.12332e-17
-8e-05	4e-05	-1.78006e-17
-8e-05	4.4e-05	-8.1835e-17
-8e-05	4.8e-05	-1.13131e-16
-8e-05	5.2e-05	-9.03613e-17
-8e-05	5.6e-05	3.08902e-16
-8e-05	6e-05	4.10404e-16
-8e-05	6.4e-05	1.6611e-16
-8e-05	6.8e-05	1.42693e-15
-8e-05	7.2e-05	-5.80221e-16
-8e-05	7.6e-05	4.63027e-16
-7.6e-05	-8e-05	4.40091e-16
-7.6e-05	-7.6e-05	7.03853e-16
-7.6e-05	-7.2e-05	1.1359e-16
-7.6e-05	-6.8e-05	-2.16356e-15
-7.6e-05	-6.4e-05	-6.87001e-17
-7.6e-05	-6e-05	-3.05343e-16
-7.6e-05	-5.6e-05	-2.35598e-16
-7.6e-05	-5.2e-05	-1.14556e-15
-7.6e-05	-4.8e-05	-7.92349e-17
-7.6e-05	-4.4e-05	3.89994e-16
-7.6e-05	-4e-05	3.99888e-16
-7.6e-05	-3.6e-05	7.08793e-15
-7.6e-05	-3.2e-05	9.19378e-19
-7.6e-05	-2.8e-05	-5.03103e-15
-7.6e-05	-2.4e-05	1.06783e-16
-7.6e-05	-2e-05	2.5087e-16
-7.6e-05	-1.6e-05	3.96012e-16
-7.6e-05	-1.2e-05	7.09615e-16
-7.6e-05	-8e-06	-1.39584e-15
-7.6e-05	-4e-06	-1.41719e-15
-7.6e-05	0	-2.45887e-15
-7.6e-05	4e-06	-4.54687e-15
-7.6e-05	8e-06	1.04232e-15
-7.6e-05	1.2e-05	-1.77006e-15
-7.6e-05	1.6e-05	3.52708e-15
-7.6e-05	2e-05	-2.63478e-15
-7.6e-05	2.4e-05	1.14108e-15
-7.6e-05	2.8e-05	1.63464e-15
-7.6e-05	3.2e-05	2.33276e-16
-7.6e-05	3.6e-05	-5.94781e-16
-7.6e-05	4e-05	-1.07066e-15
-7.6e-05	4.4e-05	-5.24303e-17
-7.6e-05	4.8e-05	-9.08249e-17
-7.6e-05	5.2e-05	-4.21174e-17
-7.6e-05	5.6e-05	-3.12579e-16
-7.6e-05	6e-05	-3.06086e-18
-7.6e-05	6.4e-05	-2.29394e-16
-7.6e-05	6.8e-05	7.84454e-17
-7.6e-05	7.2e-05	-1.80548e-17
-7.6e-05	7.6e-05	1.76307e-16
-7.2e-05	-8e-05	1.16106e-15
-7.2e-05	-7.6e-05	2.94565e-16
-7.2e-05	-7.2e-05	-1.199e-16
-7.2e-05	-6.8e-05	1.30964e-16
-7.2e-05	-6.4e-05	-4.22017e-16
-7.2e-05	-6e-05	3.33854e-18
-7.2e-05	-5.6e-05	-3.1684e-16
-7.2e-05	-5.2e-05	2.26077e-17
-7.2e-05	-4.8e-05	2.47247e-17
-7.2e-05	-4.4e-05	-2.27406e-16
-7.2e-05	-4e-05	1.05647e-16
-7.2e-05	-3.6e-05	7.64407e-17
-7.2e-05	-3.2e-05	9.43968e-17
-7.2e-05	-2.8e-05	-5.35169e-18
-7.2e-05	-2.4e-05	-1.05551e-17
-7.2e-05	-2e-05	-9.79201e-17
-7.2e-05	-1.6e-05	4.63155e-17
-7.2e-05	-1.2e-05	1.65191e-17
-7.2e-05	-8e-06	-6.88925e-17
-7.2e-05	-4e-06	-3.19783e-17
-7.2e-05	0	8.35204e-18
-7.2e-05	4e-06	-3.84561e-17
-7.2e-05	8e-06	7.04613e-18
-7.2e-05	1.2e-05	-2.49958e-18
-7.2e-05	1.6e-05	8.36812e-18
-7.2e-05	2e-05	-4.04812e-17
-7.2e-05	2.4e-05	-4.68684e-17
-7.2e-05	2.8e-05	6.44546e-17
-7.2e-05	3.2e-05	-4.91749e-17
-7.2e-05	3.6e-05	6.85997e-17
-7.2e-05	4e-05	4.39695e-17
-7.2e-05	4.4e-05	1.85854e-17
-7.2e-05	4.8e-05	-1.26552e-16
-7.2e-05	5.2e-05	8.53381e-17
-7.2e-05	5.6e-05	-6.3845e-17
-7.2e-05	6e-05	-9.94874e-17
-7.2e-05	6.4e-05	-1.164e-16
-7.2e-05	6.8e-05	-3.95768e-16
-7.2e-05	7.2e-05	-3.43803e-17
-7.2e-05	7.6e-05	-4.84481e-16
-6.8e-05	-8e-05	1.25216e-16
-6.8e-05	-7.6e-05	-5.48456e-16
-6.8e-05	-7.2e-05	2.43058e-17
-6.8e-05	-6.8e-05	-7.15704e-16
-6.8e-05	-6.4e-05	-2.94566e-16
-6.8e-05	-6e-05	-1.79745e-16
-6.8e-05	-5.6e-05	-1.95673e-17
-6.8e-05	-5.2e-05	2.13784e-16
-6.8e-05	-4.8e-05	-2.92166e-16
-6.8e-05	-4.4e-05	-7.18009e-17
-6.8e-05	-4e-05	1.81466e-16
-6.8e-05	-3.6e-05	1.3464e-16
-6.8e-05	-3.2e-05	-1.44727e-16
-6.8e-05	-2.8e-05	1.2504e-16
-6.8e-05	-2.4e-05	4.43907e-17
-6.8e-05	-2e-05	-5.3801e-17
-6.8e-05	-1.6e-05	-7.0423e-17
-6.8e-05	-1.2e-05	3.47728e-17
-6.8e-05	-8e-06	-3.39267e-19
-6.8e-05	-4e-06	-2.47223e-18
-6.8e-05	0	-1.65563e-17
-6.8e-05	4e-06	-5.11808e-17
-6.8e-05	8e-06	4.60779e-17
-6.8e-05	1.2e-05	2.76518e-17
-6.8e-05	1.6e-05	-1.71431e-17
-6.8e-05	2e-05	-9.83193e-17
-6.8e-05	2.4e-05	1.51163e-17
-6.8e-05	2.8e-05	1.45599e-17
-6.8e-05	3.2e-05	3.39548e-17
-6.8e-05	3.6e-05	-1.10373e-16
-6.8e-05	4e-05	1.08949e-16
-6.8e-05	4.4e-05	-1.03192e-17
-6.8e-05	4.8e-05	-3.28152e-17
-6.8e-05	5.2e-05	-1.42482e-16
-6.8e-05	5.6e-05	-1.08642e-17
-6.8e-05	6e-05	3.72421e-17
-6.8e-05	6.4e-05	-2.38092e-17
-6.8e-05	6.8e-05	-1.01764e-16
-6.8e-05	7.2e-05	-2.47853e-16
-6.8e-05	7.6e-05	-1.11375e-16
-6.4e-05	-8e-05	-3.38753e-16
-6.4e-05	-7.6e-05	-1.26632e-16
-6.4e-05	-7.2e-05	-3.09995e-16
-6.4e-05	-6.8e-05	-1.5873e-16
-6.4e-05	-6.4e-05	-1.33443e-17
-6.4e-05	-6e-05	2.90398e-16
-6.4e-05	-5.6e-05	-1.9282e-16
-6.4e-05	-5.2e-05	-1.82849e-16
-6.4e-05	-4.8e-05	-5.61068e-17
-6.4e-05	-4.4e-05	-1.4544e-16
-6.4e-05	-4e-05	2.40487e-16
-6.4e-05	-3.6e-05	-7.14861e-17
-6.4e-05	-3.2e-05	1.34768e-16
-6.4e-05	-2.8e-05	9.37305e-17
-6.4e-05	-2.4e-05	-5.36109e-17
-6.4e-05	-2e-05	-1.78675e-16
-6.4e-05	-1.6e-05	1.30551e-16
-6.4e-05	-1.2e-05	2.62735e-17
-6.4e-05	-8e-06	-1.01184e-16
-6.4e-05	-4e-06	8.94347e-17
-6.4e-05	0	1.69108e-18
-6.4e-05	4e-06	5.18143e-17
-6.4e-05	8e-06	6.44183e-18
-6.4e-05	1.2e-05	-9.36957e-18
-6.4e-05	1.6e-05	-4.52869e-17
-6.4e-05	2e-05	7.90462e-18
-6.4e-05	2.4e-05	-9.83679e-17
-6.4e-05	2.8e-05	-1.14911e-17
-6.4e-05	3.2e-05	-6.21162e-17
-6.4e-05	3.6e-05	7.91756e-17
-6.4e-05	4e-05	6.75999e-17
-6.4e-05	4.4e-05	1.48599e-16
-6.4e-05	4.8e-05	-1.66486e-16
-6.4e-05	5.2e-05	1.12682e-16
-6.4e-05	5.6e-05	-2.63548e-16
-6.4e-05	6e-05	-1.01596e-16
-6.4e-05	6.4e-05	-2.8751e-18
-6.4e-05	6.8e-05	-2.62677e-16
-6.4e-05	7.2e-05	1.228e-17
-6.4e-05	7.6e-05	-4.18047e-16
-6e-05	-8e-05	-9.59227e-18
-6e-05	-7.6e-05	-4.56823e-16
-6e-05	-7.2e-05	3.5303e-17
-6e-05	-6.8e-05	-4.22181e-16
-6e-05	-6.4e-05	1.30069e-16
-6e-05	-6e-05	-4.41825e-16
-6e-05	-5.6e-05	-4.48844e-16
-6e-05	-5.2e-05	4.06155e-16
-6e-05	-4.8e-05	-4.01429e-16
-6e-05	-4.4e-05	1.53701e-16
-6e-05	-4e-05	3.44594e-16
-6e-05	-3.6e-05	1.08785e-16
-6e-05	-3.2e-05	-1.60027e-16
-6e-05	-2.8e-05	1.05484e-16
-6e-05	-2.4e-05	-5.7611e-17
-6e-05	-2e-05	3.86184e-17
-6e-05	-1.6e-05	2.29359e-17
-6e-05	-1.2e-05	-2.18387e-17
-6e-05	-8e-06	1.24609e-17
-6e-05	-4e-06	5.31625e-17
-6e-05	0	-5.14043e-17
-6e-05	4e-06	-8.35478e-17
-6e-05	8e-06	1.1639e-16
-6e-05	1.2e-05	1.10485e-16
-6e-05	1.6e-05	-7.77983e-17
-6e-05	2e-05	-1.21976e-16
-6e-05	2.4e-05	-2.33171e-17
-6e-05	2.8e-05	1.09653e-17
-6e-05	3.2e-05	7.79897e-18
-6e-05	3.6e-05	-1.27519e-16
-6e-05	4e-05	1.5769e-16
-6e-05	4.4e-05	1.35751e-16
-6e-05	4.8e-05	3.72758e-18
-6e-05	5.2e-05	-1.13325e-16
-6e-05	5.6e-05	3.40088e-16
-6e-05	6e-05	-2.429e-16
-6e-05	6.4e-05	1.14247e-16
-6e-05	6.8e-05	-1.32909e-16
-6e-05	7.2e-05	-9.01007e-17
-6e-05	7.6e-05	-5.27359e-17
-5.6e-05	-8e-05	-2.55535e-16
-5.6e-05	-7.6e-05	-5.26821e-17
-5.6e-05	-7.2e-05	-1.71849e-16
-5.6e-05	-6.8e-05	-9.8884e-17
-5.6e-05	-6.4e-05	1.64726e-16
-5.6e-05	-6e-05	-3.635e-16
-5.6e-05	-5.6e-05	6.5005e-16
-5.6e-05	-5.2e-05	-1.95818e-16
-5.6e-05	-4.8e-05	-4.03211e-16
-5.6e-05	-4.4e-05	3.42209e-16
-5.6e-05	-4e-05	3.00363e-16
-5.6e-05	-3.6e-05	-4.00908e-16
-5.6e-05	-3.2e-05	1.21034e-16
-5.6e-05	-2.8e-05	1.91366e-16
-5.6e-05	-2.4e-05	-1.2535e-16
-5.6e-05	-2e-05	-2.06693e-16
-5.6e-05	-1.6e-05	2.78123e-16
-5.6e-05	-1.2e-05	5.9558e-18
-5.6e-05	-8e-06	-2.6185e-16
-5.6e-05	-4e-06	6.33444e-17
-5.6e-05	0	8.45831e-18
-5.6e-05	4e-06	1.64218e-16
-5.6e-05	8e-06	4.70577e-17
-5.6e-05	1.2e-05	-1.36481e-16
-5.6e-05	1.6e-05	-9.03524e-17
-5.6e-05	2e-05	6.15203e-17
-5.6e-05	2.4e-05	-5.96126e-17
-5.6e-05	2.8e-05	-6.56036e-17
-5.6e-05	3.2e-05	5.33329e-17
-5.6e-05	3.6e-05	5.6286e-17
-5.6e-05	4e-05	-9.27976e-17
-5.6e-05	4.4e-05	3.27641e-16
-5.6e-05	4.8e-05	-4.15618e-17
-5.6e-05	5.2e-05	-9.58773e-17
-5.6e-05	5.6e-05	-1.43341e-16
-5.6e-05	6e-05	8.7862e-17
-5.6e-05	6.4e-05	-2.03577e-16
-5.6e-05	6.8e-05	2.17793e-16
-5.6e-05	7.2e-05	-1.40963e-16
-5.6e-05	7.6e-05	1.72729e-16
-5.2e-05	-8e-05	-9.16636e-17
-5.2e-05	-7.6e-05	2.2397e-16
-5.2e-05	-7.2e-05	-1.43413e-16
-5.2e-05	-6.8e-05	2.72655e-16
-5.2e-05	-6.4e-05	-3.08174e-16
-5.2e-05	-6e-05	1.03988e-16
-5.2e-05	-5.6e-05	-3.21432e-16
-5.2e-05	-5.2e-05	-5.72104e-16
-5.2e-05	-4.8e-05	-9.03129e-17
-5.2e-05	-4.4e-05	7.35195e-16
-5.2e-05	-4e-05	-1.46034e-16
-5.2e-05	-3.6e-05	8.59722e-17
-5.2e-05	-3.2e-05	2.44347e-16
-5.2e-05	-2.8e-05	-5.641e-17
-5.2e-05	-2.4e-05	-2.92059e-16
-5.2e-05	-2e-05	1.34418e-16
-5.2e-05	-1.6e-05	7.40957e-17
-5.2e-05	-1.2e-05	-1.69102e-16
-5.2e-05	-8e-06	3.80521e-17
-5.2e-05	-4e-06	2.52736e-16
-5.2e-05	0	-1.21046e-16
-5.2e-05	4e-06	-1.18112e-16
-5.2e-05	8e-06	1.00359e-18
-5.2e-05	1.2e-05	-8.68302e-17
-5.2e-05	1.6e-05	-4.70319e-17
-5.2e-05	2e-05	1.27728e-17
-5.2e-05	2.4e-05	1.08535e-16
-5.2e-05	2.8e-05	-1.11851e-16
-5.2e-05	3.2e-05	-4.99339e-17
-5.2e-05	3.6e-05	3.92173e-17
-5.2e-05	4e-05	5.47733e-17
-5.2e-05	4.4e-05	1.97842e-16
-5.2e-05	4.8e-05	3.89937e-16
-5.2e-05	5.2e-05	6.43582e-19
-5.2e-05	5.6e-05	9.38181e-17
-5.2e-05	6e-05	-2.14275e-16
-5.2e-05	6.4e-05	-3.75462e-17
-5.2e-05	6.8e-05	-4.00144e-16
-5.2e-05	7.2e-05	-6.46228e-17
-5.2e-05	7.6e-05	-4.88886e-16
-4.8e-05	-8e-05	-5.97908e-17
-4.8e-05	-7.6e-05	-5.38419e-16
-4.8e-05	-7.2e-05	-9.46997e-17
-4.8e-05	-6.8e-05	-6.02165e-16
-4.8e-05	-6.4e-05	-1.18281e-16
-4.8e-05	-6e-05	-3.70796e-16
-4.8e-05	-5.6e-05	-9.16674e-17
-4.8e-05	-5.2e-05	1.2868e-16
-4.8e-05	-4.8e-05	9.69234e-16
-4.8e-05	-4.4e-05	3.10622e-16
-4.8e-05	-4e-05	-2.82397e-16
-4.8e-05	-3.6e-05	-2.85406e-16
-4.8e-05	-3.2e-05	1.80654e-16
-4.8e-05	-2.8e-05	-7.05635e-17
-4.8e-05	-2.4e-05	1.2116e-16
-4.8e-05	-2e-05	7.87082e-17
-4.8e-05	-1.6e-05	2.44784e-16
-4.8e-05	-1.2e-05	6.5216e-17
-4.8e-05	-8e-06	2.7843e-17
-4.8e-05	-4e-06	1.72112e-16
-4.8e-05	0	-9.4132e-17
-4.8e-05	4e-06	1.37817e-16
-4.8e-05	8e-06	3.48803e-16
-4.8e-05	1.2e-05	-2.70189e-16
-4.8e-05	1.6e-05	-6.37952e-17
-4.8e-05	2e-05	-9.57386e-18
-4.8e-05	2.4e-05	-1.93838e-17
-4.8e-05	2.8e-05	-8.88521e-17
-4.8e-05	3.2e-05	-1.81139e-17
-4.8e-05	3.6e-05	5.79651e-17
-4.8e-05	4e-05	-5.90367e-17
-4.8e-05	4.4e-05	-1.11621e-16
-4.8e-05	4.8e-05	-3.77811e-17
-4.8e-05	5.2e-05	2.56221e-16
-4.8e-05	5.6e-05	2.08302e-16
-4.8e-05	6e-05	2.71989e-16
-4.8e-05	6.4e-05	1.68168e-16
-4.8e-05	6.8e-05	1.87501e-16
-4.8e-05	7.2e-05	-4.3391e-17
-4.8e-05	7.6e-05	1.33817e-16
-4.4e-05	-8e-05	-1.79797e-16
-4.4e-05	-7.6e-05	1.23522e-16
-4.4e-05	-7.2e-05	-3.08826e-17
-4.4e-05	-6.8e-05	1.7371e-16
-4.4e-05	-6.4e-05	1.71038e-16
-4.4e-05	-6e-05	3.82161e-16
-4.4e-05	-5.6e-05	4.7767e-16
-4.4e-05	-5.2e-05	5.57671e-16
-4.4e-05	-4.8e-05	2.084e-16
-4.4e-05	-4.4e-05	-2.91929e-16
-4.4e-05	-4e-05	-6.78558e-16
-4.4e-05	-3.6e-05	3.41402e-16
-4.4e-05	-3.2e-05	4.98292e-16
-4.4e-05	-2.8e-05	-1.77553e-16
-4.4e-05	-2.4e-05	-2.72089e-16
-4.4e-05	-2e-05	1.72949e-16
-4.4e-05	-1.6e-05	1.32896e-16
-4.4e-05	-1.2e-05	-3.75674e-16
-4.4e-05	-8e-06	2.02406e-16
-4.4e-05	-4e-06	2.72533e-16
-4.4e-05	0	3.51615e-18
-4.4e-05	4e-06	2.39613e-16
-4.4e-05	8e-06	1.76736e-16
-4.4e-05	1.2e-05	-4.46046e-17
-4.4e-05	1.6e-05	-3.25357e-16
-4.4e-05	2e-05	1.59271e-16
-4.4e-05	2.4e-05	-1.90974e-17
-4.4e-05	2.8e-05	-1.76806e-16
-4.4e-05	3.2e-05	-4.75575e-17
-4.4e-05	3.6e-05	3.12156e-16
-4.4e-05	4e-05	4.79881e-17
-4.4e-05	4.4e-05	-8.65615e-17
-4.4e-05	4.8e-05	-2.15646e-16
-4.4e-05	5.2e-05	-2.80553e-16
-4.4e-05	5.6e-05	3.09981e-17
-4.4e-05	6e-05	-5.79068e-17
-4.4e-05	6.4e-05	2.52e-16
-4.4e-05	6.8e-05	1.33872e-16
-4.4e-05	7.2e-05	3.14045e-16
-4.4e-05	7.6e-05	2.37908e-16
-4e-05	-8e-05	3.33939e-16
-4e-05	-7.6e-05	2.45562e-16
-4e-05	-7.2e-05	3.51306e-16
-4e-05	-6.8e-05	2.46929e-16
-4e-05	-6.4e-05	3.34456e-16
-4e-05	-6e-05	5.67831e-17
-4e-05	-5.6e-05	2.4083e-16
-4e-05	-5.2e-05	-3.9682e-16
-4e-05	-4.8e-05	-1.04476e-16
-4e-05	-4.4e-05	-5.31922e-16
-4e-05	-4e-05	4.79064e-16
-4e-05	-3.6e-05	9.31097e-16
-4e-05	-3.2e-05	-3.5847e-16
-4e-05	-2.8e-05	-7.55743e-16
-4e-05	-2.4e-05	1.46529e-16
-4e-05	-2e-05	3.10707e-16
-4e-05	-1.6e-05	-4.80573e-16
-4e-05	-1.2e-05	-2.17937e-16
-4e-05	-8e-06	1.04245e-16
-4e-05	-4e-06	2.2494e-17
-4e-05	0	-1.18522e-16
-4e-05	4e-06	-3.82717e-17
-4e-05	8e-06	4.08623e-16
-4e-05	1.2e-05	1.13493e-16
-4e-05	1.6e-05	2.41499e-16
-4e-05	2e-05	-8.07968e-16
-4e-05	2.4e-05	3.81395e-16
-4e-05	2.8e-05	2.45008e-16
-4e-05	3.2e-05	-3.19152e-16
-4e-05	3.6e-05	-6.50501e-17
-4e-05	4e-05	2.68718e-16
-4e-05	4.4e-05	2.12855e-17
-4e-05	4.8e-05	3.44273e-17
-4e-05	5.2e-05	-2.92954e-17
-4e-05	5.6e-05	-1.46087e-16
-4e-05	6e-05	1.52021e-16
-4e-05	6.4e-05	-2.00167e-16
-4e-05	6.8e-05	2.12076e-16
-4e-05	7.2e-05	-1.65812e-16
-4e-05	7.6e-05	2.145e-16
-3.6e-05	-8e-05	-1.61588e-16
-3.6e-05	-7.6e-05	2.37599e-16
-3.6e-05	-7.2e-05	-1.64347e-16
-3.6e-05	-6.8e-05	3.14474e-16
-3.6e-05	-6.4e-05	-1.68111e-16
-3.6e-05	-6e-05	2.44423e-16
-3.6e-05	-5.6e-05	-2.28219e-16
-3.6e-05	-5.2e-05	1.07212e-16
-3.6e-05	-4.8e-05	7.42135e-17
-3.6e-05	-4.4e-05	1.62343e-16
-3.6e-05	-4e-05	6.66966e-16
-3.6e-05	-3.6e-05	-4.3718e-16
-3.6e-05	-3.2e-05	-9.59585e-16
-3.6e-05	-2.8e-05	2.11557e-16
-3.6e-05	-2.4e-05	2.96659e-16
-3.6e-05	-2e-05	-3.45204e-16
-3.6e-05	-1.6e-05	-2.81105e-16
-3.6e-05	-1.2e-05	-7.79856e-15
-3.6e-05	-8e-06	1.56088e-14
-3.6e-05	-4e-06	-2.13247e-14
-3.6e-05	0	2.32579e-14
-3.6e-05	4e-06	-2.0144e-14
-3.6e-05	8e-06	1.17685e-14
-3.6e-05	1.2e-05	3.00225e-16
-3.6e-05	1.6e-05	7.5713e-16
-3.6e-05	2e-05	-4.50905e-16
-3.6e-05	2.4e-05	-4.5007e-16
-3.6e-05	2.8e-05	1.56081e-17
-3.6e-05	3.2e-05	3.96909e-16
-3.6e-05	3.6e-05	-2.40955e-16
-3.6e-05	4e-05	-9.58166e-17
-3.6e-05	4.4e-05	4.27096e-17
-3.6e-05	4.8e-05	-1.74028e-16
-3.6e-05	5.2e-05	8.4204e-17
-3.6e-05	5.6e-05	1.18118e-17
-3.6e-05	6e-05	1.25344e-16
-3.6e-05	6.4e-05	1.58337e-16
-3.6e-05	6.8e-05	-2.90753e-17
-3.6e-05	7.2e-05	2.39136e-16
-3.6e-05	7.6e-05	-8.89086e-17
-3.2e-05	-8e-05	2.09107e-16
-3.2e-05	-7.6e-05	-1.24033e-16
-3.2e-05	-7.2e-05	3.43151e-16
-3.2e-05	-6.8e-05	-3.13062e-17
-3.2e-05	-6.4e-05	1.87994e-16
-3.2e-05	-6e-05	1.19797e-16
-3.2e-05	-5.6e-05	7.98278e-17
-3.2e-05	-5.2e-05	3.30271e-16
-3.2e-05	-4.8e-05	8.83059e-17
-3.2e-05	-4.4e-05	7.58543e-17
-3.2e-05	-4e-05	-3.30847e-16
-3.2e-05	-3.6e-05	-8.04214e-16
-3.2e-05	-3.2e-05	2.38138e-16
-3.2e-05	-2.8e-05	6.68682e-16
-3.2e-05	-2.4e-05	-2.24865e-16
-3.2e-05	-2e-05	-1.18395e-15
-3.2e-05	-1.6e-05	-4.98132e-14
-3.2e-05	-1.2e-05	-1.17044e-12
-3.2e-05	-8e-06	2.28884e-12
-3.2e-05	-4e-06	-3.13128e-12
-3.2e-05	0	3.43455e-12
-3.2e-05	4e-06	-2.98737e-12
-3.2e-05	8e-06	1.76748e-12
-3.2e-05	1.2e-05	7.42953e-14
-3.2e-05	1.6e-05	1.46251e-15
-3.2e-05	2e-05	2.48506e-16
-3.2e-05	2.4e-05	-1.73305e-16
-3.2e-05	2.8e-05	-2.87751e-16
-3.2e-05	3.2e-05	4.98872e-16
-3.2e-05	3.6e-05	3.80221e-17
-3.2e-05	4e-05	-3.35237e-16
-3.2e-05	4.4e-05	-1.30535e-16
-3.2e-05	4.8e-05	-2.30957e-16
-3.2e-05	5.2e-05	-2.22151e-16
-3.2e-05	5.6e-05	1.96563e-17
-3.2e-05	6e-05	-1.43807e-16
-3.2e-05	6.4e-05	1.23569e-16
-3.2e-05	6.8e-05	1.95612e-17
-3.2e-05	7.2e-05	9.19976e-17
-3.2e-05	7.6e-05	1.14781e-16
-2.8e-05	-8e-05	2.10495e-16
-2.8e-05	-7.6e-05	7.74756e-17
-2.8e-05	-7.2e-05	1.37705e-16
-2.8e-05	-6.8e-05	3.1171e-17
-2.8e-05	-6.4e-05	1.94779e-16
-2.8e-05	-6e-05	-4.95815e-17
-2.8e-05	-5.6e-05	-4.90333e-17
-2.8e-05	-5.2e-05	-1.9076e-16
-2.8e-05	-4.8e-05	-3.26219e-16
-2.8e-05	-4.4e-05	-1.56764e-16
-2.8e-05	-4e-05	-4.98423e-16
-2.8e-05	-3.6e-05	1.95695e-16
-2.8e-05	-3.2e-05	6.50444e-16
-2.8e-05	-2.8e-05	-2.33652e-16
-2.8e-05	-2.4e-05	-2.0313e-15
-2.8e-05	-2e-05	-1.26398e-13
-2.8e-05	-1.6e-05	-6.07862e-12
-2.8e-05	-1.2e-05	-1.72793e-10
-2.8e-05	-8e-06	3.37809e-10
-2.8e-05	-4e-06	-4.62019e-10
-2.8e-05	0	5.0656e-10
-2.8e-05	4e-06	-4.40516e-10
-2.8e-05	8e-06	2.60463e-10
-2.8e-05	1.2e-05	9.13154e-12
-2.8e-05	1.6e-05	1.88975e-13
-2.8e-05	2e-05	2.87238e-15
-2.8e-05	2.4e-05	-4.53137e-17
-2.8e-05	2.8e-05	1.35111e-16
-2.8e-05	3.2e-05	-2.14856e-16
-2.8e-05	3.6e-05	3.2881e-16
-2.8e-05	4e-05	1.8028e-17
-2.8e-05	4.4e-05	-1.29914e-16
-2.8e-05	4.8e-05	-1.06174e-17
-2.8e-05	5.2e-05	-1.74603e-16
-2.8e-05	5.6e-05	-3.33326e-17
-2.8e-05	6e-05	-2.04486e-16
-2.8e-05	6.4e-05	-1.62379e-16
-2.8e-05	6.8e-05	-2.097e-16
-2.8e-05	7.2e-05	-1.55654e-16
-2.8e-05	7.6e-05	-1.01496e-16
-2.4e-05	-8e-05	-1.55112e-16
-2.4e-05	-7.6e-05	-1.3121e-16
-2.4e-05	-7.2e-05	-1.62697e-16
-2.4e-05	-6.8e-05	-1.90174e-16
-2.4e-05	-6.4e-05	-2.65396e-16
-2.4e-05	-6e-05	-2.6293e-16
-2.4e-05	-5.6e-05	-9.0716e-17
-2.4e-05	-5.2e-05	-3.41951e-16
-2.4e-05	-4.8e-05	2.22302e-17
-2.4e-05	-4.4e-05	-2.40269e-16
-2.4e-05	-4e-05	5.34686e-17
-2.4e-05	-3.6e-05	4.92827e-16
-2.4e-05	-3.2e-05	-3.823e-16
-2.4e-05	-2.8e-05	-1.99284e-15
-2.4e-05	-2.4e-05	-1.69226e-13
-2.4e-05	-2e-05	-1.2286e-11
-2.4e-05	-1.6e-05	-7.12822e-10
-2.4e-05	-1.2e-05	-2.551e-08
-2.4e-05	-8e-06	4.98581e-08
-2.4e-05	-4e-06	-6.81667e-08
-2.4e-05	0	7.47151e-08
-2.4e-05	4e-06	-6.49561e-08
-2.4e-05	8e-06	3.83843e-08
-2.4e-05	1.2e-05	1.06991e-09
-2.4e-05	1.6e-05	1.84261e-11
-2.4e-05	2e-05	2.52939e-13
-2.4e-05	2.4e-05	3.03411e-15
-2.4e-05	2.8e-05	1.07151e-16
-2.4e-05	3.2e-05	2.54406e-16
-2.4e-05	3.6e-05	-4.64801e-16
-2.4e-05	4e-05	9.78536e-18
-2.4e-05	4.4e-05	-2.08787e-16
-2.4e-05	4.8e-05	2.05368e-16
-2.4e-05	5.2e-05	4.84985e-17
-2.4e-05	5.6e-05	3.91638e-17
-2.4e-05	6e-05	9.14491e-17
-2.4e-05	6.4e-05	-4.15135e-17
-2.4e-05	6.8e-05	6.0795e-17
-2.4e-05	7.2e-05	-2.08694e-16
-2.4e-05	7.6e-05	2.19793e-17
-2e-05	-8e-05	-2.35325e-16
-2e-05	-7.6e-05	-4.22044e-18
-2e-05	-7.2e-05	-2.08886e-16
-2e-05	-6.8e-05	6.54551e-17
-2e-05	-6.4e-05	-2.01312e-16
-2e-05	-6e-05	1.13092e-16
-2e-05	-5.6e-05	-7.72795e-18
-2e-05	-5.2e-05	3.79405e-16
-2e-05	-4.8e-05	4.33815e-16
-2e-05	-4.4e-05	1.33362e-16
-2e-05	-4e-05	3.18249e-16
-2e-05	-3.6e-05	-5.34455e-16
-2e-05	-3.2e-05	-1.13583e-15
-2e-05	-2.8e-05	-1.26964e-13
-2e-05	-2.4e-05	-1.23173e-11
-2e-05	-2e-05	-1.0772e-09
-2e-05	-1.6e-05	-7.83442e-08
-2e-05	-1.2e-05	-3.76629e-06
-2e-05	-8e-06	7.35866e-06
-2e-05	-4e-06	-1.00574e-05
-2e-05	0	1.10201e-05
-2e-05	4e-06	-9.57807e-06
-2e-05	8e-06	5.65699e-06
-2e-05	1.2e-05	1.17496e-07
-2e-05	1.6e-05	1.61464e-09
-2e-05	2e-05	1.84565e-11
-2e-05	2.4e-05	1.89655e-13
-2e-05	2.8e-05	2.18603e-15
-2e-05	3.2e-05	-3.61796e-16
-2e-05	3.6e-05	1.62647e-16
-2e-05	4e-05	-2.99258e-16
-2e-05	4.4e-05	1.0897e-16
-2e-05	4.8e-05	-2.80664e-16
-2e-05	5.2e-05	2.05127e-16
-2e-05	5.6e-05	-1.48735e-16
-2e-05	6e-05	2.80643e-16
-2e-05	6.4e-05	-2.7014e-18
-2e-05	6.8e-05	1.82201e-16
-2e-05	7.2e-05	1.18338e-16
-2e-05	7.6e-05	1.0642e-16
-1.6e-05	-8e-05	1.17142e-16
-1.6e-05	-7.6e-05	6.44298e-17
-1.6e-05	-7.2e-05	1.44584e-16
-1.6e-05	-6.8e-05	7.0142e-17
-1.6e-05	-6.4e-05	8.74154e-17
-1.6e-05	-6e-05	2.42622e-16
-1.6e-05	-5.6e-05	-5.26521e-17
-1.6e-05	-5.2e-05	3.27869e-16
-1.6e-05	-4.8e-05	-4.32153e-16
-1.6e-05	-4.4e-05	1.21858e-16
-1.6e-05	-4e-05	-6.91732e-16
-1.6e-05	-3.6e-05	-5.60408e-16
-1.6e-05	-3.2e-05	-5.07797e-14
-1.6e-05	-2.8e-05	-6.13595e-12
-1.6e-05	-2.4e-05	-7.17389e-10
-1.6e-05	-2e-05	-7.86013e-08
-1.6e-05	-1.6e-05	-7.64824e-06
-1.6e-05	-1.2e-05	-0.00055608
-1.6e-05	-8e-06	0.00108608
-1.6e-05	-4e-06	-0.00148387
-1.6e-05	0	0.00162541
-1.6e-05	4e-06	-0.00141233
-1.6e-05	8e-06	0.00083376
-1.6e-05	1.2e-05	1.14618e-05
-1.6e-05	1.6e-05	1.17753e-07
-1.6e-05	2e-05	1.07439e-09
-1.6e-05	2.4e-05	9.18737e-12
-1.6e-05	2.8e-05	7.57737e-14
-1.6e-05	3.2e-05	1.08724e-15
-1.6e-05	3.6e-05	-9.20029e-17
-1.6e-05	4e-05	1.52437e-16
-1.6e-05	4.4e-05	-3.85731e-16
-1.6e-05	4.8e-05	-9.52852e-18
-1.6e-05	5.2e-05	-4.45926e-16
-1.6e-05	5.6e-05	1.59558e-16
-1.6e-05	6e-05	-4.32913e-16
-1.6e-05	6.4e-05	1.71186e-16
-1.6e-05	6.8e-05	-3.77343e-16
-1.6e-05	7.2e-05	1.36313e-16
-1.6e-05	7.6e-05	-3.08559e-16
-1.2e-05	-8e-05	1.90522e-16
-1.2e-05	-7.6e-05	-3.69118e-16
-1.2e-05	-7.2e-05	1.13999e-16
-1.2e-05	-6.8e-05	-3.26415e-16
-1.2e-05	-6.4e-05	1.71043e-16
-1.2e-05	-6e-05	-5.23187e-16
-1.2e-05	-5.6e-05	1.85913e-16
-1.2e-05	-5.2e-05	-5.09409e-16
-1.2e-05	-4.8e-05	1.86852e-16
-1.2e-05	-4.4e-05	-3.86433e-16
-1.2e-05	-4e-05	-7.52175e-17
-1.2e-05	-3.6e-05	-8.2518e-15
-1.2e-05	-3.2e-05	-1.20315e-12
-1.2e-05	-2.8e-05	-1.76614e-10
-1.2e-05	-2.4e-05	-2.59183e-08
-1.2e-05	-2e-05	-3.80376e-06
-1.2e-05	-1.6e-05	-0.000558267
-1.2e-05	-1.2e-05	-0.0819394
-1.2e-05	-8e-06	0.160034
-1.2e-05	-4e-06	-0.218615
-1.2e-05	0	0.239431
-1.2e-05	4e-06	-0.208026
-1.2e-05	8e-06	0.122807
-1.2e-05	1.2e-05	0.000836224
-1.2e-05	1.6e-05	5.69442e-06
-1.2e-05	2e-05	3.87797e-08
-1.2e-05	2.4e-05	2.64111e-10
-1.2e-05	2.8e-05	1.79924e-12
-1.2e-05	3.2e-05	1.2072e-14
-1.2e-05	3.6e-05	5.62299e-16
-1.2e-05	4e-05	-8.26472e-17
-1.2e-05	4.4e-05	-3.59838e-17
-1.2e-05	4.8e-05	-1.629e-16
-1.2e-05	5.2e-05	3.08643e-16
-1.2e-05	5.6e-05	-2.60436e-16
-1.2e-05	6e-05	2.43829e-16
-1.2e-05	6.4e-05	-3.08456e-16
-1.2e-05	6.8e-05	2.15969e-16
-1.2e-05	7.2e-05	-3.47047e-16
-1.2e-05	7.6e-05	1.82345e-16
-8e-06	-8e-05	-3.97552e-16
-8e-06	-7.6e-05	2.00007e-16
-8e-06	-7.2e-05	-4.04704e-16
-8e-06	-6.8e-05	2.22576e-16
-8e-06	-6.4e-05	-3.08522e-16
-8e-06	-6e-05	2.28556e-16
-8e-06	-5.6e-05	-2.84721e-16
-8e-06	-5.2e-05	2.89339e-16
-8e-06	-4.8e-05	-1.42754e-17
-8e-06	-4.4e-05	3.91708e-16
-8e-06	-4e-05	-2.8585e-18
-8e-06	-3.6e-05	9.06888e-15
-8e-06	-3.2e-05	1.29012e-12
-8e-06	-2.8e-05	1.89491e-10
-8e-06	-2.4e-05	2.78291e-08
-8e-06	-2e-05	4.087e-06
-8e-06	-1.6e-05	0.000600211
-8e-06	-1.2e-05	0.0881453
-8e-06	-8e-06	-0.174616
-8e-06	-4e-06	0.244741
-8e-06	0	-0.274493
-8e-06	4e-06	0.24189
-8e-06	8e-06	-0.142665
-8e-06	1.2e-05	-0.000969571
-8e-06	1.6e-05	-6.58928e-06
-8e-06	2e-05	-4.47809e-08
-8e-06	2.4e-05	-3.04328e-10
-8e-06	2.8e-05	-2.06847e-12
-8e-06	3.2e-05	-1.40003e-14
-8e-06	3.6e-05	-3.42504e-16
-8e-06	4e-05	2.24002e-16
-8e-06	4.4e-05	-1.86736e-16
-8e-06	4.8e-05	2.14046e-16
-8e-06	5.2e-05	-1.64702e-16
-8e-06	5.6e-05	2.09245e-16
-8e-06	6e-05	-1.38217e-16
-8e-06	6.4e-05	2.27268e-16
-8e-06	6.8e-05	-1.14424e-16
-8e-06	7.2e-05	2.98459e-16
-8e-06	7.6e-05	-1.58643e-16
-4e-06	-8e-05	2.58754e-16
-4e-06	-7.6e-05	-1.12758e-16
-4e-06	-7.2e-05	1.70053e-16
-4e-06	-6.8e-05	-6.66652e-17
-4e-06	-6.4e-05	2.11059e-16
-4e-06	-6e-05	-1.21784e-16
-4e-06	-5.6e-05	2.70773e-16
-4e-06	-5.2e-05	-3.55548e-17
-4e-06	-4.8e-05	2.09977e-16
-4e-06	-4.4e-05	-2.08286e-16
-4e-06	-4e-05	9.62963e-17
-4e-06	-3.6e-05	-2.34891e-15
-4e-06	-3.2e-05	-2.80954e-13
-4e-06	-2.8e-05	-4.10992e-11
-4e-06	-2.4e-05	-6.0061e-09
-4e-06	-2e-05	-8.77666e-07
-4e-06	-1.6e-05	-0.000128245
-4e-06	-1.2e-05	-0.018738
-4e-06	-8e-06	0.0512447
-4e-06	-4e-06	-0.0949779
-4e-06	0	0.129358
-4e-06	4e-06	-0.128634
-4e-06	8e-06	0.0808674
-4e-06	1.2e-05	0.000549202
-4e-06	1.6e-05	3.72986e-06
-4e-06	2e-05	2.53311e-08
-4e-06	2.4e-05	1.72036e-10
-4e-06	2.8e-05	1.1686e-12
-4e-06	3.2e-05	7.69755e-15
-4e-06	3.6e-05	4.54671e-16
-4e-06	4e-05	-2.61755e-16
-4e-06	4.4e-05	2.47794e-16
-4e-06	4.8e-05	-4.81793e-16
-4e-06	5.2e-05	2.79011e-16
-4e-06	5.6e-05	-3.58877e-16
-4e-06	6e-05	2.22033e-16
-4e-06	6.4e-05	-3.20058e-16
-4e-06	6.8e-05	1.45512e-16
-4e-06	7.2e-05	-3.24484e-16
-4e-06	7.6e-05	1.67142e-16
0	-8e-05	-2.93431e-16
0	-7.6e-05	2.14521e-16
0	-7.2e-05	-3.42831e-16
0	-6.8e-05	2.26951e-16
0	-6.4e-05	-3.75908e-16
0	-6e-05	2.38821e-16
0	-5.6e-05	-4.35781e-16
0	-5.2e-05	2.68464e-16
0	-4.8e-05	-3.34806e-16
0	-4.4e-05	4.26241e-16
0	-4e-05	-6.18597e-16
0	-3.6e-05	-7.57972e-15
0	-3.2e-05	-1.16826e-12
0	-2.8e-05	-1.72035e-10
0	-2.4e-05	-2.53311e-08
0	-2e-05	-3.72986e-06
0	-1.6e-05	-0.000549202
0	-1.2e-05	-0.0808674
0	-8e-06	0.128634
0	-4e-06	-0.129358
0	0	0.0949779
0	4e-06	-0.0512447
0	8e-06	0.018738
0	1.2e-05	0.000128245
0	1.6e-05	8.77666e-07
0	2e-05	6.0061e-09
0	2.4e-05	4.10988e-11
0	2.8e-05	2.80932e-13
0	3.2e-05	1.83453e-15
0	3.6e-05	8.28799e-17
0	4e-05	3.90009e-16
0	4.4e-05	-8.56922e-17
0	4.8e-05	3.43164e-16
0	5.2e-05	-1.54108e-16
0	5.6e-05	4.28027e-16
0	6e-05	-2.07426e-16
0	6.4e-05	3.59775e-16
0	6.8e-05	-3.34415e-16
0	7.2e-05	3.46038e-16
0	7.6e-05	-3.44762e-16
4e-06	-8e-05	3.73533e-16
4e-06	-7.6e-05	-3.90298e-16
4e-06	-7.2e-05	3.37977e-16
4e-06	-6.8e-05	-3.57041e-16
4e-06	-6.4e-05	4.58786e-16
4e-06	-6e-05	-2.24851e-16
4e-06	-5.6e-05	3.60427e-16
4e-06	-5.2e-05	-1.20267e-16
4e-06	-4.8e-05	3.93279e-16
4e-06	-4.4e-05	3.3533e-17
4e-06	-4e-05	4.31505e-16
4e-06	-3.6e-05	1.4128e-14
4e-06	-3.2e-05	2.06842e-12
4e-06	-2.8e-05	3.04329e-10
4e-06	-2.4e-05	4.47809e-08
4e-06	-2e-05	6.58928e-06
4e-06	-1.6e-05	0.000969571
4e-06	-1.2e-05	0.142665
4e-06	-8e-06	-0.24189
4e-06	-4e-06	0.274493
4e-06	0	-0.244741
4e-06	4e-06	0.174616
4e-06	8e-06	-0.0881453
4e-06	1.2e-05	-0.000600211
4e-06	1.6e-05	-4.087e-06
4e-06	2e-05	-2.78291e-08
4e-06	2.4e-05	-1.89492e-10
4e-06	2.8e-05	-1.29037e-12
4e-06	3.2e-05	-9.08046e-15
4e-06	3.6e-05	-1.10153e-16
4e-06	4e-05	-2.28913e-16
4e-06	4.4e-05	7.8901e-17
4e-06	4.8e-05	-1.26454e-16
4e-06	5.2e-05	2.42083e-16
4e-06	5.6e-05	1.57907e-17
4e-06	6e-05	3.13123e-16
4e-06	6.4e-05	2.37291e-17
4e-06	6.8e-05	3.22132e-16
4e-06	7.2e-05	-7.4684e-17
4e-06	7.6e-05	4.21124e-16
8e-06	-8e-05	1.16075e-19
8e-06	-7.6e-05	3.93356e-16
8e-06	-7.2e-05	-4.8619e-17
8e-06	-6.8e-05	4.05412e-16
8e-06	-6.4e-05	-6.36942e-17
8e-06	-6e-05	3.37994e-16
8e-06	-5.6e-05	-4.06837e-17
8e-06	-5.2e-05	2.4689e-16
8e-06	-4.8e-05	6.69805e-17
8e-06	-4.4e-05	7.5464e-17
8e-06	-4e-05	-2.50286e-16
8e-06	-3.6e-05	-1.25053e-14
8e-06	-3.2e-05	-1.79932e-12
8e-06	-2.8e-05	-2.64111e-10
8e-06	-2.4e-05	-3.87797e-08
8e-06	-2e-05	-5.69442e-06
8e-06	-1.6e-05	-0.000836224
8e-06	-1.2e-05	-0.122807
8e-06	-8e-06	0.208026
8e-06	-4e-06	-0.239431
8e-06	0	0.218615
8e-06	4e-06	-0.160034
8e-06	8e-06	0.0819394
8e-06	1.2e-05	0.000558267
8e-06	1.6e-05	3.80376e-06
8e-06	2e-05	2.59183e-08
8e-06	2.4e-05	1.76614e-10
8e-06	2.8e-05	1.20338e-12
8e-06	3.2e-05	8.44342e-15
8e-06	3.6e-05	-1.11103e-16
8e-06	4e-05	3.99993e-17
8e-06	4.4e-05	-3.6995e-16
8e-06	4.8e-05	1.10797e-17
8e-06	5.2e-05	-2.83428e-16
8e-06	5.6e-05	4.04101e-17
8e-06	6e-05	-2.49904e-16
8e-06	6.4e-05	6.63791e-17
8e-06	6.8e-05	-1.61095e-16
8e-06	7.2e-05	1.60245e-16
8e-06	7.6e-05	-1.24937e-16
1.2e-05	-8e-05	1.89471e-16
1.2e-05	-7.6e-05	-1.56641e-16
1.2e-05	-7.2e-05	1.36857e-16
1.2e-05	-6.8e-05	-1.50439e-16
1.2e-05	-6.4e-05	-5.00564e-18
1.2e-05	-6e-05	-2.48801e-16
1.2e-05	-5.6e-05	7.8897e-17
1.2e-05	-5.2e-05	-4.63489e-16
1.2e-05	-4.8e-05	-6.52938e-17
1.2e-05	-4.4e-05	-2.54296e-16
1.2e-05	-4e-05	1.77749e-16
1.2e-05	-3.6e-05	-1.19995e-15
1.2e-05	-3.2e-05	-7.5487e-14
1.2e-05	-2.8e-05	-9.18745e-12
1.2e-05	-2.4e-05	-1.07439e-09
1.2e-05	-2e-05	-1.17753e-07
1.2e-05	-1.6e-05	-1.14618e-05
1.2e-05	-1.2e-05	-0.00083376
1.2e-05	-8e-06	0.00141233
1.2e-05	-4e-06	-0.00162541
1.2e-05	0	0.00148387
1.2e-05	4e-06	-0.00108608
1.2e-05	8e-06	0.00055608
1.2e-05	1.2e-05	7.64824e-06
1.2e-05	1.6e-05	7.86013e-08
1.2e-05	2e-05	7.17389e-10
1.2e-05	2.4e-05	6.13618e-12
1.2e-05	2.8e-05	5.06766e-14
1.2e-05	3.2e-05	4.08284e-16
1.2e-05	3.6e-05	2.23762e-16
1.2e-05	4e-05	-1.67293e-16
1.2e-05	4.4e-05	2.86559e-16
1.2e-05	4.8e-05	-2.98195e-16
1.2e-05	5.2e-05	2.40185e-16
1.2e-05	5.6e-05	-4.01772e-16
1.2e-05	6e-05	7.08253e-17
1.2e-05	6.4e-05	-3.90391e-16
1.2e-05	6.8e-05	7.51619e-17
1.2e-05	7.2e-05	-3.20363e-16
1.2e-05	7.6e-05	5.96619e-17
1.6e-05	-8e-05	-3.70831e-16
1.6e-05	-7.6e-05	5.03856e-18
1.6e-05	-7.2e-05	-4.00576e-16
1.6e-05	-6.8e-05	6.1171e-17
1.6e-05	-6.4e-05	-3.56933e-16
1.6e-05	-6e-05	1.88959e-17
1.6e-05	-5.6e-05	-4.44369e-16
1.6e-05	-5.2e-05	2.14907e-16
1.6e-05	-4.8e-05	-3.9112e-16
1.6e-05	-4.4e-05	2.72234e-16
1.6e-05	-4e-05	8.29569e-17
1.6e-05	-3.6e-05	3.86637e-16
1.6e-05	-3.2e-05	-2.00366e-15
1.6e-05	-2.8e-05	-1.8964e-13
1.6e-05	-2.4e-05	-1.84564e-11
1.6e-05	-2e-05	-1.61464e-09
1.6e-05	-1.6e-05	-1.17496e-07
1.6e-05	-1.2e-05	-5.65699e-06
1.6e-05	-8e-06	9.57807e-06
1.6e-05	-4e-06	-1.10201e-05
1.6e-05	0	1.00574e-05
1.6e-05	4e-06	-7.35866e-06
1.6e-05	8e-06	3.76629e-06
1.6e-05	1.2e-05	7.83442e-08
1.6e-05	1.6e-05	1.0772e-09
1.6e-05	2e-05	1.2317e-11
1.6e-05	2.4e-05	1.26787e-13
1.6e-05	2.8e-05	1.17077e-15
1.6e-05	3.2e-05	-2.43243e-16
1.6e-05	3.6e-05	-4.85214e-17
1.6e-05	4e-05	1.14676e-16
1.6e-05	4.4e-05	-1.56857e-17
1.6e-05	4.8e-05	2.19162e-16
1.6e-05	5.2e-05	-1.27861e-16
1.6e-05	5.6e-05	2.32801e-16
1.6e-05	6e-05	-1.82417e-16
1.6e-05	6.4e-05	2.30224e-16
1.6e-05	6.8e-05	-1.7372e-16
1.6e-05	7.2e-05	2.32228e-16
1.6e-05	7.6e-05	-2.45871e-16
2e-05	-8e-05	2.06734e-16
2e-05	-7.6e-05	-2.34373e-16
2e-05	-7.2e-05	1.98464e-16
2e-05	-6.8e-05	-2.51183e-16
2e-05	-6.4e-05	2.4865e-16
2e-05	-6e-05	-1.37121e-16
2e-05	-5.6e-05	3.1601e-16
2e-05	-5.2e-05	-1.55057e-16
2e-05	-4.8e-05	2.39809e-16
2e-05	-4.4e-05	-7.78178e-17
2e-05	-4e-05	1.35106e-16
2e-05	-3.6e-05	3.53008e-16
2e-05	-3.2e-05	3.85776e-16
2e-05	-2.8e-05	-3.32831e-15
2e-05	-2.4e-05	-2.53409e-13
2e-05	-2e-05	-1.84265e-11
2e-05	-1.6e-05	-1.06991e-09
2e-05	-1.2e-05	-3.83843e-08
2e-05	-8e-06	6.49561e-08
2e-05	-4e-06	-7.47151e-08
2e-05	0	6.81667e-08
2e-05	4e-06	-4.98581e-08
2e-05	8e-06	2.551e-08
2e-05	1.2e-05	7.12822e-10
2e-05	1.6e-05	1.22861e-11
2e-05	2e-05	1.69082e-13
2e-05	2.4e-05	2.04303e-15
2e-05	2.8e-05	-4.49603e-19
2e-05	3.2e-05	-2.96711e-16
2e-05	3.6e-05	-3.87006e-17
2e-05	4e-05	-2.15716e-16
2e-05	4.4e-05	1.61821e-17
2e-05	4.8e-05	-1.79255e-16
2e-05	5.2e-05	4.56292e-17
2e-05	5.6e-05	-1.11278e-16
2e-05	6e-05	1.36435e-16
2e-05	6.4e-05	-3.15412e-17
2e-05	6.8e-05	9.70963e-17
2e-05	7.2e-05	-9.43463e-17
2e-05	7.6e-05	1.86807e-16
2.4e-05	-8e-05	-7.35741e-17
2.4e-05	-7.6e-05	1.39437e-16
2.4e-05	-7.2e-05	-1.01647e-16
2.4e-05	-6.8e-05	1.8005e-16
2.4e-05	-6.4e-05	-1.1784e-16
2.4e-05	-6e-05	1.85107e-16
2.4e-05	-5.6e-05	-7.10141e-17
2.4e-05	-5.2e-05	1.65235e-16
2.4e-05	-4.8e-05	-2.17818e-16
2.4e-05	-4.4e-05	1.55626e-17
2.4e-05	-4e-05	-3.64144e-16
2.4e-05	-3.6e-05	-1.83052e-16
2.4e-05	-3.2e-05	2.51265e-17
2.4e-05	-2.8e-05	2.69917e-16
2.4e-05	-2.4e-05	-3.26883e-15
2.4e-05	-2e-05	-1.8902e-13
2.4e-05	-1.6e-05	-9.13149e-12
2.4e-05	-1.2e-05	-2.60463e-10
2.4e-05	-8e-06	4.40516e-10
2.4e-05	-4e-06	-5.0656e-10
2.4e-05	0	4.62019e-10
2.4e-05	4e-06	-3.37809e-10
2.4e-05	8e-06	1.72793e-10
2.4e-05	1.2e-05	6.07887e-12
2.4e-05	1.6e-05	1.25904e-13
2.4e-05	2e-05	2.22431e-15
2.4e-05	2.4e-05	9.69571e-17
2.4e-05	2.8e-05	-4.8665e-18
2.4e-05	3.2e-05	4.13673e-18
2.4e-05	3.6e-05	-7.49752e-17
2.4e-05	4e-05	-3.65681e-17
2.4e-05	4.4e-05	-2.53988e-16
2.4e-05	4.8e-05	-3.36793e-17
2.4e-05	5.2e-05	-2.24605e-16
2.4e-05	5.6e-05	1.09346e-16
2.4e-05	6e-05	-2.89996e-16
2.4e-05	6.4e-05	-1.23366e-17
2.4e-05	6.8e-05	-1.77563e-16
2.4e-05	7.2e-05	6.01831e-18
2.4e-05	7.6e-05	-1.85007e-16
2.8e-05	-8e-05	2.33647e-17
2.8e-05	-7.6e-05	-1.76671e-16
2.8e-05	-7.2e-05	1.86838e-17
2.8e-05	-6.8e-05	-1.54757e-16
2.8e-05	-6.4e-05	1.08742e-17
2.8e-05	-6e-05	-3.13987e-16
2.8e-05	-5.6e-05	2.73137e-17
2.8e-05	-5.2e-05	-3.72176e-16
2.8e-05	-4.8e-05	5.48722e-17
2.8e-05	-4.4e-05	-1.9353e-16
2.8e-05	-4e-05	-6.96237e-17
2.8e-05	-3.6e-05	-2.71598e-16
2.8e-05	-3.2e-05	2.39892e-17
2.8e-05	-2.8e-05	4.23154e-16
2.8e-05	-2.4e-05	8.65528e-17
2.8e-05	-2e-05	-1.63839e-15
2.8e-05	-1.6e-05	-7.47755e-14
2.8e-05	-1.2e-05	-1.76715e-12
2.8e-05	-8e-06	2.98747e-12
2.8e-05	-4e-06	-3.43425e-12
2.8e-05	0	3.13125e-12
2.8e-05	4e-06	-2.28883e-12
2.8e-05	8e-06	1.17043e-12
2.8e-05	1.2e-05	4.95196e-14
2.8e-05	1.6e-05	1.12469e-15
2.8e-05	2e-05	-1.06883e-16
2.8e-05	2.4e-05	-3.46859e-17
2.8e-05	2.8e-05	-1.14381e-17
2.8e-05	3.2e-05	2.35295e-17
2.8e-05	3.6e-05	1.0157e-16
2.8e-05	4e-05	-8.52975e-18
2.8e-05	4.4e-05	7.52096e-17
2.8e-05	4.8e-05	-9.48468e-17
2.8e-05	5.2e-05	9.98074e-17
2.8e-05	5.6e-05	-1.65415e-16
2.8e-05	6e-05	1.37839e-16
2.8e-05	6.4e-05	-2.38486e-16
2.8e-05	6.8e-05	1.23958e-16
2.8e-05	7.2e-05	-2.60386e-16
2.8e-05	7.6e-05	9.4778e-17
3.2e-05	-8e-05	-2.32712e-16
3.2e-05	-7.6e-05	1.69226e-16
3.2e-05	-7.2e-05	-2.97226e-16
3.2e-05	-6.8e-05	1.41431e-16
3.2e-05	-6.4e-05	-2.68813e-16
3.2e-05	-6e-05	6.84661e-17
3.2e-05	-5.6e-05	-1.99331e-16
3.2e-05	-5.2e-05	7.45264e-17
3.2e-05	-4.8e-05	-1.6214e-16
3.2e-05	-4.4e-05	1.62018e-16
3.2e-05	-4e-05	-9.11142e-17
3.2e-05	-3.6e-05	6.79009e-17
3.2e-05	-3.2e-05	1.30937e-16
3.2e-05	-2.8e-05	-2.09193e-16
3.2e-05	-2.4e-05	2.21042e-16
3.2e-05	-2e-05	3.2087e-17
3.2e-05	-1.6e-05	-4.72119e-16
3.2e-05	-1.2e-05	-1.22467e-14
3.2e-05	-8e-06	2.00291e-14
3.2e-05	-4e-06	-2.32204e-14
3.2e-05	0	2.10838e-14
3.2e-05	4e-06	-1.56214e-14
3.2e-05	8e-06	7.96218e-15
3.2e-05	1.2e-05	8.31096e-17
3.2e-05	1.6e-05	-9.35064e-17
3.2e-05	2e-05	-6.46336e-17
3.2e-05	2.4e-05	-1.33737e-17
3.2e-05	2.8e-05	1.53451e-17
3.2e-05	3.2e-05	-1.37622e-16
3.2e-05	3.6e-05	4.13109e-17
3.2e-05	4e-05	-6.28127e-17
3.2e-05	4.4e-05	1.10507e-16
3.2e-05	4.8e-05	3.53979e-17
3.2e-05	5.2e-05	2.97765e-17
3.2e-05	5.6e-05	2.4528e-17
3.2e-05	6e-05	-8.63811e-17
3.2e-05	6.4e-05	1.2346e-16
3.2e-05	6.8e-05	1.30203e-17
3.2e-05	7.2e-05	1.38812e-16
3.2e-05	7.6e-05	-1.40172e-16
3.6e-05	-8e-05	1.60891e-16
3.6e-05	-7.6e-05	-9.03437e-17
3.6e-05	-7.2e-05	2.97521e-17
3.6e-05	-6.8e-05	-9.43205e-17
3.6e-05	-6.4e-05	1.12947e-16
3.6e-05	-6e-05	-1.25937e-16
3.6e-05	-5.6e-05	8.30772e-17
3.6e-05	-5.2e-05	5.39666e-17
3.6e-05	-4.8e-05	8.35592e-17
3.6e-05	-4.4e-05	3.13729e-17
3.6e-05	-4e-05	2.96924e-17
3.6e-05	-3.6e-05	4.81964e-17
3.6e-05	-3.2e-05	-8.36469e-17
3.6e-05	-2.8e-05	-3.65509e-17
3.6e-05	-2.4e-05	-2.47756e-16
3.6e-05	-2e-05	-1.67029e-16
3.6e-05	-1.6e-05	2.47649e-17
3.6e-05	-1.2e-05	-3.39555e-16
3.6e-05	-8e-06	1.5191e-16
3.6e-05	-4e-06	-2.3706e-16
3.6e-05	0	1.60141e-16
3.6e-05	4e-06	-5.11718e-17
3.6e-05	8e-06	1.83673e-17
3.6e-05	1.2e-05	-1.70534e-18
3.6e-05	1.6e-05	-1.63642e-16
3.6e-05	2e-05	6.85263e-18
3.6e-05	2.4e-05	-3.81276e-17
3.6e-05	2.8e-05	-7.63454e-17
3.6e-05	3.2e-05	-9.98577e-17
3.6e-05	3.6e-05	-1.8221e-16
3.6e-05	4e-05	2.55343e-17
3.6e-05	4.4e-05	-9.70145e-17
3.6e-05	4.8e-05	2.70094e-17
3.6e-05	5.2e-05	-1.1103e-17
3.6e-05	5.6e-05	8.275e-17
3.6e-05	6e-05	-1.05717e-17
3.6e-05	6.4e-05	5.84482e-17
3.6e-05	6.8e-05	-8.96777e-17
3.6e-05	7.2e-05	7.33123e-17
3.6e-05	7.6e-05	-6.33458e-17
4e-05	-8e-05	7.007e-17
4e-05	-7.6e-05	5.34839e-18
4e-05	-7.2e-05	9.89732e-17
4e-05	-6.8e-05	6.25211e-17
4e-05	-6.4e-05	3.30192e-17
4e-05	-6e-05	-4.21913e-17
4e-05	-5.6e-05	5.15714e-17
4e-05	-5.2e-05	-1.18401e-16
4e-05	-4.8e-05	5.79315e-17
4e-05	-4.4e-05	-1.92225e-16
4e-05	-4e-05	9.93673e-17
4e-05	-3.6e-05	-1.59118e-16
4e-05	-3.2e-05	-7.95089e-17
4e-05	-2.8e-05	-6.56419e-17
4e-05	-2.4e-05	-2.76324e-16
4e-05	-2e-05	5.4967e-17
4e-05	-1.6e-05	-1.08794e-16
4e-05	-1.2e-05	1.36315e-16
4e-05	-8e-06	4.37698e-17
4e-05	-4e-06	1.40336e-16
4e-05	0	3.75163e-17
4e-05	4e-06	-6.99771e-18
4e-05	8e-06	-3.50094e-17
4e-05	1.2e-05	6.239e-17
4e-05	1.6e-05	3.16815e-17
4e-05	2e-05	-1.41268e-16
4e-05	2.4e-05	1.02449e-16
4e-05	2.8e-05	-1.27446e-16
4e-05	3.2e-05	-1.79339e-16
4e-05	3.6e-05	-2.2892e-16
4e-05	4e-05	-2.3924e-17
4e-05	4.4e-05	-1.90658e-16
4e-05	4.8e-05	-1.48075e-16
4e-05	5.2e-05	-8.75203e-17
4e-05	5.6e-05	-7.7372e-17
4e-05	6e-05	-1.29914e-16
4e-05	6.4e-05	-4.12356e-17
4e-05	6.8e-05	3.43124e-17
4e-05	7.2e-05	-9.91065e-17
4e-05	7.6e-05	-4.73917e-17
4.4e-05	-8e-05	-1.36853e-16
4.4e-05	-7.6e-05	-6.73825e-17
4.4e-05	-7.2e-05	-1.27403e-16
4.4e-05	-6.8e-05	-2.77966e-17
4.4e-05	-6.4e-05	-1.14812e-16
4.4e-05	-6e-05	-1.89379e-17
4.4e-05	-5.6e-05	-1.58458e-16
4.4e-05	-5.2e-05	-9.98245e-17
4.4e-05	-4.8e-05	-1.08235e-16
4.4e-05	-4.4e-05	-1.80452e-16
4.4e-05	-4e-05	1.5578e-17
4.4e-05	-3.6e-05	-3.87479e-16
4.4e-05	-3.2e-05	-1.05446e-16
4.4e-05	-2.8e-05	-5.22462e-16
4.4e-05	-2.4e-05	-5.71727e-17
4.4e-05	-2e-05	7.94222e-17
4.4e-05	-1.6e-05	-1.04108e-16
4.4e-05	-1.2e-05	2.4438e-17
4.4e-05	-8e-06	-1.59776e-17
4.4e-05	-4e-06	-3.49695e-18
4.4e-05	0	7.34252e-18
4.4e-05	4e-06	3.72822e-18
4.4e-05	8e-06	4.40868e-17
4.4e-05	1.2e-05	1.26272e-17
4.4e-05	1.6e-05	-1.57685e-17
4.4e-05	2e-05	9.86333e-18
4.4e-05	2.4e-05	1.50357e-17
4.4e-05	2.8e-05	-4.92149e-17
4.4e-05	3.2e-05	-5.4286e-17
4.4e-05	3.6e-05	3.42407e-17
4.4e-05	4e-05	-1.6887e-16
4.4e-05	4.4e-05	-5.90447e-17
4.4e-05	4.8e-05	-1.20615e-16
4.4e-05	5.2e-05	6.60352e-17
4.4e-05	5.6e-05	-3.71654e-17
4.4e-05	6e-05	-1.06323e-16
4.4e-05	6.4e-05	-9.61992e-17
4.4e-05	6.8e-05	-4.1437e-18
4.4e-05	7.2e-05	-3.2626e-17
4.4e-05	7.6e-05	-1.02447e-16
4.8e-05	-8e-05	-5.04642e-17
4.8e-05	-7.6e-05	-6.73043e-17
4.8e-05	-7.2e-05	-9.90748e-17
4.8e-05	-6.8e-05	-4.75098e-17
4.8e-05	-6.4e-05	-1.80898e-16
4.8e-05	-6e-05	-1.32473e-16
4.8e-05	-5.6e-05	-1.44752e-16
4.8e-05	-5.2e-05	-2.71745e-17
4.8e-05	-4.8e-05	-1.30012e-16
4.8e-05	-4.4e-05	-2.35752e-16
4.8e-05	-4e-05	-1.29612e-16
4.8e-05	-3.6e-05	-2.30733e-18
4.8e-05	-3.2e-05	-2.91351e-17
4.8e-05	-2.8e-05	-1.41441e-17
4.8e-05	-2.4e-05	-1.30493e-16
4.8e-05	-2e-05	6.28075e-18
4.8e-05	-1.6e-05	-8.75013e-17
4.8e-05	-1.2e-05	2.96515e-17
4.8e-05	-8e-06	2.5876e-17
4.8e-05	-4e-06	-6.9097e-17
4.8e-05	0	1.17588e-17
4.8e-05	4e-06	1.07319e-18
4.8e-05	8e-06	-2.42741e-17
4.8e-05	1.2e-05	3.4848e-18
4.8e-05	1.6e-05	1.56496e-17
4.8e-05	2e-05	2.12398e-17
4.8e-05	2.4e-05	1.81849e-17
4.8e-05	2.8e-05	-5.6329e-17
4.8e-05	3.2e-05	-6.54241e-17
4.8e-05	3.6e-05	2.76836e-17
4.8e-05	4e-05	-1.4906e-16
4.8e-05	4.4e-05	-1.46439e-16
4.8e-05	4.8e-05	3.64777e-17
4.8e-05	5.2e-05	-2.71669e-17
4.8e-05	5.6e-05	3.53536e-17
4.8e-05	6e-05	-1.58714e-16
4.8e-05	6.4e-05	-5.77607e-17
4.8e-05	6.8e-05	-2.80276e-16
4.8e-05	7.2e-05	-1.46898e-16
4.8e-05	7.6e-05	-4.07268e-17
5.2e-05	-8e-05	-7.79435e-17
5.2e-05	-7.6e-05	-1.19605e-16
5.2e-05	-7.2e-05	-2.71198e-16
5.2e-05	-6.8e-05	-1.57273e-16
5.2e-05	-6.4e-05	-3.14722e-17
5.2e-05	-6e-05	-2.22186e-16
5.2e-05	-5.6e-05	-1.10734e-16
5.2e-05	-5.2e-05	-1.68836e-16
5.2e-05	-4.8e-05	-1.10402e-16
5.2e-05	-4.4e-05	5.91554e-17
5.2e-05	-4e-05	-7.07462e-17
5.2e-05	-3.6e-05	-1.51161e-16
5.2e-05	-3.2e-05	9.31737e-17
5.2e-05	-2.8e-05	7.60415e-17
5.2e-05	-2.4e-05	-7.32424e-17
5.2e-05	-2e-05	6.61757e-17
5.2e-05	-1.6e-05	-4.66006e-17
5.2e-05	-1.2e-05	5.05329e-17
5.2e-05	-8e-06	-2.9552e-17
5.2e-05	-4e-06	2.36818e-17
5.2e-05	0	-9.17069e-18
5.2e-05	4e-06	-3.03141e-18
5.2e-05	8e-06	2.58314e-18
5.2e-05	1.2e-05	-1.68923e-17
5.2e-05	1.6e-05	2.66456e-17
5.2e-05	2e-05	-7.62676e-18
5.2e-05	2.4e-05	1.02749e-17
5.2e-05	2.8e-05	-6.45691e-17
5.2e-05	3.2e-05	2.52696e-17
5.2e-05	3.6e-05	-2.3626e-17
5.2e-05	4e-05	-2.849e-17
5.2e-05	4.4e-05	-5.89124e-17
5.2e-05	4.8e-05	4.32532e-17
5.2e-05	5.2e-05	-4.57418e-17
5.2e-05	5.6e-05	-3.10035e-17
5.2e-05	6e-05	2.90684e-18
5.2e-05	6.4e-05	-4.87245e-17
5.2e-05	6.8e-05	-1.25881e-16
5.2e-05	7.2e-05	-4.46793e-17
5.2e-05	7.6e-05	-3.16346e-17
5.6e-05	-8e-05	-4.88305e-17
5.6e-05	-7.6e-05	-1.63559e-16
5.6e-05	-7.2e-05	1.10467e-16
5.6e-05	-6.8e-05	-1.85445e-16
5.6e-05	-6.4e-05	-1.13924e-16
5.6e-05	-6e-05	-2.27448e-17
5.6e-05	-5.6e-05	-6.83187e-17
5.6e-05	-5.2e-05	-1.70192e-17
5.6e-05	-4.8e-05	1.38771e-17
5.6e-05	-4.4e-05	-3.8971e-17
5.6e-05	-4e-05	-8.18545e-17
5.6e-05	-3.6e-05	-6.3325e-17
5.6e-05	-3.2e-05	4.76547e-17
5.6e-05	-2.8e-05	-6.18216e-17
5.6e-05	-2.4e-05	2.27902e-17
5.6e-05	-2e-05	-3.65614e-17
5.6e-05	-1.6e-05	9.61784e-18
5.6e-05	-1.2e-05	-2.16211e-17
5.6e-05	-8e-06	5.93093e-18
5.6e-05	-4e-06	-7.30613e-18
5.6e-05	0	8.97963e-20
5.6e-05	4e-06	-1.48901e-18
5.6e-05	8e-06	-3.86138e-18
5.6e-05	1.2e-05	4.53215e-18
5.6e-05	1.6e-05	-1.18549e-17
5.6e-05	2e-05	1.17594e-17
5.6e-05	2.4e-05	-1.09092e-17
5.6e-05	2.8e-05	5.55193e-18
5.6e-05	3.2e-05	-3.25929e-17
5.6e-05	3.6e-05	3.34798e-17
5.6e-05	4e-05	-3.4906e-17
5.6e-05	4.4e-05	-1.38505e-17
5.6e-05	4.8e-05	-2.2076e-17
5.6e-05	5.2e-05	-2.56092e-17
5.6e-05	5.6e-05	-5.08772e-17
5.6e-05	6e-05	-1.65115e-17
5.6e-05	6.4e-05	8.11875e-18
5.6e-05	6.8e-05	-5.94175e-17
5.6e-05	7.2e-05	-1.95244e-17
5.6e-05	7.6e-05	-8.47756e-17
6e-05	-8e-05	-3.52675e-17
6e-05	-7.6e-05	-1.01474e-17
6e-05	-7.2e-05	-5.72278e-17
6e-05	-6.8e-05	-9.52089e-17
6e-05	-6.4e-05	-2.44889e-17
6e-05	-6e-05	-3.18914e-17
6e-05	-5.6e-05	9.93202e-19
6e-05	-5.2e-05	-7.21202e-18
6e-05	-4.8e-05	-4.85909e-17
6e-05	-4.4e-05	8.04945e-17
6e-05	-4e-05	3.7332e-18
6e-05	-3.6e-05	-4.15466e-18
6e-05	-3.2e-05	-1.19041e-17
6e-05	-2.8e-05	2.46474e-17
6e-05	-2.4e-05	-1.73952e-17
6e-05	-2e-05	2.02085e-17
6e-05	-1.6e-05	-1.13215e-17
6e-05	-1.2e-05	5.30582e-18
6e-05	-8e-06	-5.17213e-18
6e-05	-4e-06	7.20936e-20
6e-05	0	-1.33438e-18
6e-05	4e-06	-1.19706e-18
6e-05	8e-06	-7.57333e-19
6e-05	1.2e-05	-3.05633e-18
6e-05	1.6e-05	2.14424e-18
6e-05	2e-05	-7.02051e-18
6e-05	2.4e-05	3.07107e-18
6e-05	2.8e-05	-1.42184e-17
6e-05	3.2e-05	5.80836e-18
6e-05	3.6e-05	-1.29915e-17
6e-05	4e-05	1.12062e-17
6e-05	4.4e-05	-1.27791e-17
6e-05	4.8e-05	4.4359e-18
6e-05	5.2e-05	-6.06544e-17
6e-05	5.6e-05	-6.33751e-18
6e-05	6e-05	1.21231e-18
6e-05	6.4e-05	3.27327e-17
6e-05	6.8e-05	-4.85678e-17
6e-05	7.2e-05	-2.2463e-17
6e-05	7.6e-05	-4.02621e-17
6.4e-05	-8e-05	8.22916e-18
6.4e-05	-7.6e-05	-3.79134e-17
6.4e-05	-7.2e-05	3.75843e-17
6.4e-05	-6.8e-05	-2.38919e-17
6.4e-05	-6.4e-05	2.40788e-17
6.4e-05	-6e-05	-6.40368e-17
6.4e-05	-5.6e-05	-8.98209e-18
6.4e-05	-5.2e-05	-2.32995e-17
6.4e-05	-4.8e-05	9.84663e-18
6.4e-05	-4.4e-05	-2.65227e-17
6.4e-05	-4e-05	1.59038e-17
6.4e-05	-3.6e-05	-2.91233e-17
6.4e-05	-3.2e-05	1.9848e-17
6.4e-05	-2.8e-05	-1.95896e-17
6.4e-05	-2.4e-05	3.64719e-18
6.4e-05	-2e-05	-9.00692e-18
6.4e-05	-1.6e-05	2.63458e-18
6.4e-05	-1.2e-05	-2.6518e-18
6.4e-05	-8e-06	-5.02717e-19
6.4e-05	-4e-06	-1.08009e-18
6.4e-05	0	-8.35909e-19
6.4e-05	4e-06	-4.24104e-19
6.4e-05	8e-06	-4.27347e-19
6.4e-05	1.2e-05	-3.94523e-19
6.4e-05	1.6e-05	-1.42788e-18
6.4e-05	2e-05	1.4516e-19
6.4e-05	2.4e-05	-3.34747e-18
6.4e-05	2.8e-05	3.00867e-18
6.4e-05	3.2e-05	-9.88123e-18
6.4e-05	3.6e-05	3.74288e-18
6.4e-05	4e-05	-1.04999e-17
6.4e-05	4.4e-05	1.88054e-17
6.4e-05	4.8e-05	-2.16066e-17
6.4e-05	5.2e-05	1.52334e-17
6.4e-05	5.6e-05	-2.18848e-17
6.4e-05	6e-05	6.04829e-18
6.4e-05	6.4e-05	-1.90037e-17
6.4e-05	6.8e-05	9.80466e-18
6.4e-05	7.2e-05	3.27217e-18
6.4e-05	7.6e-05	2.0618e-17
6.8e-05	-8e-05	-2.13805e-17
6.8e-05	-7.6e-05	-9.84877e-18
6.8e-05	-7.2e-05	-3.13377e-17
6.8e-05	-6.8e-05	2.24172e-17
6.8e-05	-6.4e-05	-2.00091e-17
6.8e-05	-6e-05	8.9893e-18
6.8e-05	-5.6e-05	-2.55557e-17
6.8e-05	-5.2e-05	1.44446e-17
6.8e-05	-4.8e-05	-2.0415e-17
6.8e-05	-4.4e-05	8.95256e-18
6.8e-05	-4e-05	-1.31117e-17
6.8e-05	-3.6e-05	2.01193e-18
6.8e-05	-3.2e-05	-1.2715e-17
6.8e-05	-2.8e-05	2.91529e-18
6.8e-05	-2.4e-05	-3.83385e-18
6.8e-05	-2e-05	6.30904e-19
6.8e-05	-1.6e-05	-1.87961e-18
6.8e-05	-1.2e-05	-2.21529e-19
6.8e-05	-8e-06	-5.97662e-19
6.8e-05	-4e-06	-3.69851e-19
6.8e-05	0	1.43386e-20
6.8e-05	4e-06	-2.31889e-21
6.8e-05	8e-06	-1.68424e-19
6.8e-05	1.2e-05	-1.29939e-19
6.8e-05	1.6e-05	-1.27993e-19
6.8e-05	2e-05	-8.22349e-19
6.8e-05	2.4e-05	1.47195e-20
6.8e-05	2.8e-05	-1.66503e-18
6.8e-05	3.2e-05	1.20691e-18
6.8e-05	3.6e-05	-4.52225e-18
6.8e-05	4e-05	3.88661e-18
6.8e-05	4.4e-05	-4.77941e-18
6.8e-05	4.8e-05	4.5885e-18
6.8e-05	5.2e-05	-1.14028e-17
6.8e-05	5.6e-05	5.63929e-18
6.8e-05	6e-05	-1.39972e-17
6.8e-05	6.4e-05	8.81068e-18
6.8e-05	6.8e-05	-2.43532e-17
6.8e-05	7.2e-05	9.17095e-18
6.8e-05	7.6e-05	-1.32935e-17
7.2e-05	-8e-05	8.25231e-18
7.2e-05	-7.6e-05	-1.33607e-17
7.2e-05	-7.2e-05	1.69327e-17
7.2e-05	-6.8e-05	-1.09398e-17
7.2e-05	-6.4e-05	1.05503e-17
7.2e-05	-6e-05	-9.44708e-18
7.2e-05	-5.6e-05	6.88498e-18
7.2e-05	-5.2e-05	-1.21036e-17
7.2e-05	-4.8e-05	5.07537e-18
7.2e-05	-4.4e-05	-7.58943e-18
7.2e-05	-4e-05	-6.3404e-20
7.2e-05	-3.6e-05	-5.22639e-18
7.2e-05	-3.2e-05	-8.87557e-21
7.2e-05	-2.8e-05	-2.50712e-18
7.2e-05	-2.4e-05	-2.26461e-19
7.2e-05	-2e-05	-9.9295e-19
7.2e-05	-1.6e-05	-2.56757e-19
7.2e-05	-1.2e-05	-6.03675e-19
7.2e-05	-8e-06	-1.15478e-19
7.2e-05	-4e-06	-1.27586e-20
7.2e-05	0	6.40958e-21
7.2e-05	4e-06	1.43578e-20
7.2e-05	8e-06	2.78278e-20
7.2e-05	1.2e-05	-8.12474e-20
7.2e-05	1.6e-05	-8.93526e-20
7.2e-05	2e-05	-1.19886e-19
7.2e-05	2.4e-05	-2.95377e-19
7.2e-05	2.8e-05	-2.14279e-19
7.2e-05	3.2e-05	-8.50875e-19
7.2e-05	3.6e-05	-2.70998e-19
7.2e-05	4e-05	-1.71273e-18
7.2e-05	4.4e-05	6.57e-19
7.2e-05	4.8e-05	-2.72193e-18
7.2e-05	5.2e-05	3.14635e-18
7.2e-05	5.6e-05	-5.12695e-18
7.2e-05	6e-05	3.70423e-18
7.2e-05	6.4e-05	-5.07905e-18
7.2e-05	6.8e-05	5.62164e-18
7.2e-05	7.2e-05	-5.80395e-18
7.2e-05	7.6e-05	4.4609e-18
7.6e-05	-8e-05	-9.17697e-18
7.6e-05	-7.6e-05	6.95938e-18
7.6e-05	-7.2e-05	-7.48764e-18
7.6e-05	-6.8e-05	3.54006e-18
7.6e-05	-6.4e-05	-7.59057e-18
7.6e-05	-6e-05	2.02837e-18
7.6e-05	-5.6e-05	-5.8521e-18
7.6e-05	-5.2e-05	2.32947e-18
7.6e-05	-4.8e-05	-3.96009e-18
7.6e-05	-4.4e-05	1.65776e-18
7.6e-05	-4e-05	-2.49279e-18
7.6e-05	-3.6e-05	4.45555e-19
7.6e-05	-3.2e-05	-1.19388e-18
7.6e-05	-2.8e-05	-1.84956e-19
7.6e-05	-2.4e-05	-3.36749e-19
7.6e-05	-2e-05	-3.81253e-19
7.6e-05	-1.6e-05	-3.91504e-20
7.6e-05	-1.2e-05	-2.32469e-20
7.6e-05	-8e-06	2.6332e-21
7.6e-05	-4e-06	-8.06758e-21
7.6e-05	0	4.9923e-21
7.6e-05	4e-06	6.5104e-21
7.6e-05	8e-06	-1.22199e-20
7.6e-05	1.2e-05	3.89066e-20
7.6e-05	1.6e-05	-4.27822e-20
7.6e-05	2e-05	5.59949e-20
7.6e-05	2.4e-05	-1.23417e-20
7.6e-05	2.8e-05	-2.02726e-19
7.6e-05	3.2e-05	7.5073e-20
7.6e-05	3.6e-05	-4.98667e-19
7.6e-05	4e-05	-2.30601e-19
7.6e-05	4.4e-05	-7.16487e-19
7.6e-05	4.8e-05	2.25458e-19
7.6e-05	5.2e-05	-1.60468e-18
7.6e-05	5.6e-05	4.32095e-19
7.6e-05	6e-05	-1.97454e-18
7.6e-05	6.4e-05	5.79667e-19
7.6e-05	6.8e-05	-2.43742e-18
7.6e-05	7.2e-05	1.25437e-18
7.6e-05	7.6e-05	-2.16298e-18
