-8e-05	-8e-05	-1.20969e-15
-8e-05	-7.6e-05	1.18975e-15
-8e-05	-7.2e-05	-2.89629e-15
-8e-05	-6.8e-05	-8.85481e-16
-8e-05	-6.4e-05	2.0728e-15
-8e-05	-6e-05	9.10364e-16
-8e-05	-5.6e-05	3.38508e-16
-8e-05	-5.2e-05	-1.1202e-16
-8e-05	-4.8e-05	3.13291e-16
-8e-05	-4.4e-05	-4.38283e-17
-8e-05	-4e-05	-4.54211e-16
-8e-05	-3.6e-05	-2.48697e-16
-8e-05	-3.2e-05	2.87111e-16
-8e-05	-2.8e-05	2.20756e-16
-8e-05	-2.4e-05	-2.51176e-16
-8e-05	-2e-05	-6.15639e-17
-8e-05	-1.6e-05	-2.10216e-16
-8e-05	-1.2e-05	1.03123e-17
-8e-05	-8e-06	4.12407e-18
-8e-05	-4e-06	-1.28438e-16
-8e-05	0	1.32002e-16
-8e-05	4e-06	1.61998e-17
-8e-05	8e-06	-1.56433e-16
-8e-05	1.2e-05	-9.29383e-17
-8e-05	1.6e-05	-7.24242e-17
-8e-05	2e-05	-7.8926e-17
-8e-05	2.4e-05	2.00199e-16
-8e-05	2.8e-05	-1.64768e-16
-8e-05	3.2e-05	-4.32784e-19
-8e-05	3.6e-05	-1.68945e-16
-8e-05	4e-05	-5.77229e-17
-8e-05	4.4e-05	-1.16755e-16
-8e-05	4.8e-05	-5.26422e-17
-8e-05	5.2e-05	-5.82519e-17
-8e-05	5.6e-05	5.08852e-16
-8e-05	6e-05	1.50826e-15
-8e-05	6.4e-05	2.23245e-16
-8e-05	6.8e-05	2.40091e-15
-8e-05	7.2e-05	6.76441e-16
-8e-05	7.6e-05	-9.68093e-16
-7.6e-05	-8e-05	3.24584e-16
-7.6e-05	-7.6e-05	-8.5575e-16
-7.6e-05	-7.2e-05	1.39987e-16
-7.6e-05	-6.8e-05	1.49233e-15
-7.6e-05	-6.4e-05	-1.75299e-16
-7.6e-05	-6e-05	-7.72656e-16
-7.6e-05	-5.6e-05	-9.11157e-17
-7.6e-05	-5.2e-05	2.42905e-15
-7.6e-05	-4.8e-05	-3.20255e-16
-7.6e-05	-4.4e-05	-7.83301e-16
-7.6e-05	-4e-05	-2.21009e-16
-7.6e-05	-3.6e-05	5.1634e-15
-7.6e-05	-3.2e-05	-4.92239e-17
-7.6e-05	-2.8e-05	4.23985e-16
-7.6e-05	-2.4e-05	-2.33201e-17
-7.6e-05	-2e-05	1.09253e-15
-7.6e-05	-1.6e-05	-7.96401e-16
-7.6e-05	-1.2e-05	-7.6778e-16
-7.6e-05	-8e-06	5.5899e-16
-7.6e-05	-4e-06	-4.08954e-16
-7.6e-05	0	-3.97786e-16
-7.6e-05	4e-06	-2.46243e-15
-7.6e-05	8e-06	6.61736e-16
-7.6e-05	1.2e-05	4.01311e-16
-7.6e-05	1.6e-05	1.83214e-16
-7.6e-05	2e-05	1.41757e-15
-7.6e-05	2.4e-05	-7.53881e-16
-7.6e-05	2.8e-05	-1.05578e-15
-7.6e-05	3.2e-05	-6.59252e-17
-7.6e-05	3.6e-05	-9.1346e-16
-7.6e-05	4e-05	-2.18313e-15
-7.6e-05	4.4e-05	-3.50374e-17
-7.6e-05	4.8e-05	-1.26884e-15
-7.6e-05	5.2e-05	-1.19993e-17
-7.6e-05	5.6e-05	-1.69711e-15
-7.6e-05	6e-05	-1.90645e-16
-7.6e-05	6.4e-05	9.43187e-16
-7.6e-05	6.8e-05	-6.20282e-17
-7.6e-05	7.2e-05	-4.95334e-15
-7.6e-05	7.6e-05	2.0625e-15
-7.2e-05	-8e-05	-5.23318e-16
-7.2e-05	-7.6e-05	3.38303e-16
-7.2e-05	-7.2e-05	-1.60097e-16
-7.2e-05	-6.8e-05	-1.12674e-15
-7.2e-05	-6.4e-05	-2.38481e-15
-7.2e-05	-6e-05	-1.10213e-15
-7.2e-05	-5.6e-05	-3.19659e-16
-7.2e-05	-5.2e-05	6.00632e-16
-7.2e-05	-4.8e-05	8.80176e-17
-7.2e-05	-4.4e-05	-2.65959e-16
-7.2e-05	-4e-05	-4.17863e-16
-7.2e-05	-3.6e-05	-3.95426e-16
-7.2e-05	-3.2e-05	5.30532e-16
-7.2e-05	-2.8e-05	3.96281e-16
-7.2e-05	-2.4e-05	-7.20761e-16
-7.2e-05	-2e-05	-1.77489e-16
-7.2e-05	-1.6e-05	-1.65956e-16
-7.2e-05	-1.2e-05	-5.14173e-16
-7.2e-05	-8e-06	4.79077e-16
-7.2e-05	-4e-06	5.1827e-16
-7.2e-05	0	4.54084e-16
-7.2e-05	4e-06	4.65542e-15
-7.2e-05	8e-06	-1.34767e-16
-7.2e-05	1.2e-05	3.3367e-15
-7.2e-05	1.6e-05	-6.07073e-16
-7.2e-05	2e-05	-4.312e-16
-7.2e-05	2.4e-05	-2.50915e-17
-7.2e-05	2.8e-05	-4.09547e-17
-7.2e-05	3.2e-05	9.50691e-17
-7.2e-05	3.6e-05	-9.80012e-17
-7.2e-05	4e-05	5.54169e-18
-7.2e-05	4.4e-05	-2.22705e-16
-7.2e-05	4.8e-05	-1.41219e-16
-7.2e-05	5.2e-05	-9.66255e-17
-7.2e-05	5.6e-05	-2.77322e-17
-7.2e-05	6e-05	1.02379e-16
-7.2e-05	6.4e-05	-2.34355e-17
-7.2e-05	6.8e-05	-6.49188e-17
-7.2e-05	7.2e-05	1.77296e-16
-7.2e-05	7.6e-05	5.44917e-16
-6.8e-05	-8e-05	2.85825e-16
-6.8e-05	-7.6e-05	7.44359e-16
-6.8e-05	-7.2e-05	4.03911e-16
-6.8e-05	-6.8e-05	-5.36923e-17
-6.8e-05	-6.4e-05	1.88555e-16
-6.8e-05	-6e-05	3.3288e-16
-6.8e-05	-5.6e-05	-3.79271e-16
-6.8e-05	-5.2e-05	-1.08237e-16
-6.8e-05	-4.8e-05	1.49782e-17
-6.8e-05	-4.4e-05	-1.13979e-16
-6.8e-05	-4e-05	-2.62412e-16
-6.8e-05	-3.6e-05	-3.13505e-16
-6.8e-05	-3.2e-05	1.60057e-16
-6.8e-05	-2.8e-05	1.84578e-17
-6.8e-05	-2.4e-05	3.77696e-19
-6.8e-05	-2e-05	-1.90862e-16
-6.8e-05	-1.6e-05	-2.61975e-17
-6.8e-05	-1.2e-05	-1.70012e-16
-6.8e-05	-8e-06	-2.17588e-17
-6.8e-05	-4e-06	-1.69855e-16
-6.8e-05	0	-5.91939e-17
-6.8e-05	4e-06	-1.34193e-16
-6.8e-05	8e-06	-1.92521e-16
-6.8e-05	1.2e-05	-7.48758e-17
-6.8e-05	1.6e-05	-2.9991e-16
-6.8e-05	2e-05	-4.07547e-17
-6.8e-05	2.4e-05	-2.73999e-16
-6.8e-05	2.8e-05	7.37548e-17
-6.8e-05	3.2e-05	-9.80067e-17
-6.8e-05	3.6e-05	-3.22586e-18
-6.8e-05	4e-05	-2.94997e-17
-6.8e-05	4.4e-05	-4.98628e-17
-6.8e-05	4.8e-05	-1.42402e-16
-6.8e-05	5.2e-05	-1.20745e-16
-6.8e-05	5.6e-05	-1.2791e-16
-6.8e-05	6e-05	-8.27256e-17
-6.8e-05	6.4e-05	1.34633e-16
-6.8e-05	6.8e-05	2.7306e-17
-6.8e-05	7.2e-05	1.02309e-16
-6.8e-05	7.6e-05	2.75078e-16
-6.4e-05	-8e-05	2.66808e-16
-6.4e-05	-7.6e-05	3.61726e-16
-6.4e-05	-7.2e-05	1.5958e-16
-6.4e-05	-6.8e-05	1.68479e-16
-6.4e-05	-6.4e-05	3.99748e-16
-6.4e-05	-6e-05	-3.38707e-16
-6.4e-05	-5.6e-05	-8.75172e-17
-6.4e-05	-5.2e-05	-5.90622e-17
-6.4e-05	-4.8e-05	1.12752e-16
-6.4e-05	-4.4e-05	-1.65921e-16
-6.4e-05	-4e-05	-6.46286e-16
-6.4e-05	-3.6e-05	-2.10645e-16
-6.4e-05	-3.2e-05	-4.20556e-18
-6.4e-05	-2.8e-05	3.52719e-16
-6.4e-05	-2.4e-05	-1.34506e-16
-6.4e-05	-2e-05	7.97619e-17
-6.4e-05	-1.6e-05	-2.50205e-16
-6.4e-05	-1.2e-05	-1.58807e-17
-6.4e-05	-8e-06	-1.46599e-16
-6.4e-05	-4e-06	4.99106e-17
-6.4e-05	0	-7.99476e-17
-6.4e-05	4e-06	-8.75421e-17
-6.4e-05	8e-06	4.03395e-17
-6.4e-05	1.2e-05	-1.64168e-16
-6.4e-05	1.6e-05	-2.71337e-17
-6.4e-05	2e-05	-2.48451e-16
-6.4e-05	2.4e-05	-8.09777e-17
-6.4e-05	2.8e-05	-2.27992e-16
-6.4e-05	3.2e-05	8.72333e-17
-6.4e-05	3.6e-05	6.54011e-17
-6.4e-05	4e-05	-1.51364e-16
-6.4e-05	4.4e-05	-2.37763e-16
-6.4e-05	4.8e-05	-1.0933e-16
-6.4e-05	5.2e-05	-2.34932e-16
-6.4e-05	5.6e-05	-6.33107e-17
-6.4e-05	6e-05	-1.21892e-16
-6.4e-05	6.4e-05	-2.32858e-16
-6.4e-05	6.8e-05	1.50446e-16
-6.4e-05	7.2e-05	-7.10348e-17
-6.4e-05	7.6e-05	3.37278e-16
-6e-05	-8e-05	5.02223e-17
-6e-05	-7.6e-05	3.46001e-16
-6e-05	-7.2e-05	-1.2866e-16
-6e-05	-6.8e-05	4.24605e-16
-6e-05	-6.4e-05	-3.85791e-16
-6e-05	-6e-05	-8.87319e-17
-6e-05	-5.6e-05	-2.73132e-16
-6e-05	-5.2e-05	6.69482e-17
-6e-05	-4.8e-05	-9.35249e-17
-6e-05	-4.4e-05	-6.6706e-16
-6e-05	-4e-05	-3.97669e-16
-6e-05	-3.6e-05	-5.24242e-17
-6e-05	-3.2e-05	6.13898e-16
-6e-05	-2.8e-05	-9.52738e-17
-6e-05	-2.4e-05	-5.29378e-17
-6e-05	-2e-05	-3.27143e-16
-6e-05	-1.6e-05	2.23684e-17
-6e-05	-1.2e-05	-1.36589e-16
-6e-05	-8e-06	3.44973e-17
-6e-05	-4e-06	-9.95855e-17
-6e-05	0	-6.91345e-18
-6e-05	4e-06	-8.83338e-17
-6e-05	8e-06	-1.46685e-16
-6e-05	1.2e-05	7.54194e-18
-6e-05	1.6e-05	-2.96256e-17
-6e-05	2e-05	-3.31716e-17
-6e-05	2.4e-05	-1.75937e-16
-6e-05	2.8e-05	-1.70797e-16
-6e-05	3.2e-05	-2.31105e-16
-6e-05	3.6e-05	2.92293e-17
-6e-05	4e-05	-2.32269e-16
-6e-05	4.4e-05	-1.24023e-16
-6e-05	4.8e-05	-3.4482e-16
-6e-05	5.2e-05	3.85967e-17
-6e-05	5.6e-05	-1.19095e-16
-6e-05	6e-05	-6.21925e-17
-6e-05	6.4e-05	-1.94442e-16
-6e-05	6.8e-05	-2.19223e-16
-6e-05	7.2e-05	-3.89775e-17
-6e-05	7.6e-05	-3.04523e-16
-5.6e-05	-8e-05	6.09694e-17
-5.6e-05	-7.6e-05	-3.14105e-16
-5.6e-05	-7.2e-05	8.46852e-17
-5.6e-05	-6.8e-05	-4.09549e-16
-5.6e-05	-6.4e-05	-1.26173e-16
-5.6e-05	-6e-05	-1.62468e-16
-5.6e-05	-5.6e-05	3.87359e-17
-5.6e-05	-5.2e-05	1.72472e-16
-5.6e-05	-4.8e-05	-3.10206e-16
-5.6e-05	-4.4e-05	-4.27702e-16
-5.6e-05	-4e-05	-4.25454e-16
-5.6e-05	-3.6e-05	2.76163e-16
-5.6e-05	-3.2e-05	-2.30975e-17
-5.6e-05	-2.8e-05	1.08134e-16
-5.6e-05	-2.4e-05	-2.64826e-16
-5.6e-05	-2e-05	2.15775e-17
-5.6e-05	-1.6e-05	-1.82678e-16
-5.6e-05	-1.2e-05	-6.14644e-17
-5.6e-05	-8e-06	-8.67543e-17
-5.6e-05	-4e-06	-2.31644e-17
-5.6e-05	0	-9.53197e-17
-5.6e-05	4e-06	-3.04382e-17
-5.6e-05	8e-06	-6.68383e-18
-5.6e-05	1.2e-05	-1.81547e-16
-5.6e-05	1.6e-05	-5.93578e-17
-5.6e-05	2e-05	-1.02003e-16
-5.6e-05	2.4e-05	-3.48514e-17
-5.6e-05	2.8e-05	-1.25535e-16
-5.6e-05	3.2e-05	1.49427e-16
-5.6e-05	3.6e-05	-1.55435e-16
-5.6e-05	4e-05	8.29039e-17
-5.6e-05	4.4e-05	-3.83258e-16
-5.6e-05	4.8e-05	-2.56656e-16
-5.6e-05	5.2e-05	-3.58129e-16
-5.6e-05	5.6e-05	-1.57085e-16
-5.6e-05	6e-05	-7.57961e-17
-5.6e-05	6.4e-05	1.44941e-17
-5.6e-05	6.8e-05	-4.15397e-17
-5.6e-05	7.2e-05	-3.08051e-17
-5.6e-05	7.6e-05	1.32484e-17
-5.2e-05	-8e-05	-1.26733e-16
-5.2e-05	-7.6e-05	6.66408e-17
-5.2e-05	-7.2e-05	-9.29551e-17
-5.2e-05	-6.8e-05	1.70716e-16
-5.2e-05	-6.4e-05	8.87871e-18
-5.2e-05	-6e-05	1.69063e-16
-5.2e-05	-5.6e-05	6.97489e-17
-5.2e-05	-5.2e-05	-2.81e-16
-5.2e-05	-4.8e-05	-6.36812e-16
-5.2e-05	-4.4e-05	-8.60342e-16
-5.2e-05	-4e-05	3.2566e-18
-5.2e-05	-3.6e-05	2.14263e-16
-5.2e-05	-3.2e-05	7.29648e-16
-5.2e-05	-2.8e-05	-1.62732e-16
-5.2e-05	-2.4e-05	-1.2144e-16
-5.2e-05	-2e-05	-2.29794e-16
-5.2e-05	-1.6e-05	1.03075e-16
-5.2e-05	-1.2e-05	-1.06608e-16
-5.2e-05	-8e-06	-2.41731e-17
-5.2e-05	-4e-06	-2.06458e-16
-5.2e-05	0	-6.1098e-17
-5.2e-05	4e-06	-5.03686e-17
-5.2e-05	8e-06	-9.9189e-17
-5.2e-05	1.2e-05	1.21279e-17
-5.2e-05	1.6e-05	-1.12574e-16
-5.2e-05	2e-05	8.99628e-17
-5.2e-05	2.4e-05	-4.97104e-17
-5.2e-05	2.8e-05	-2.41478e-16
-5.2e-05	3.2e-05	-2.31788e-16
-5.2e-05	3.6e-05	4.47667e-16
-5.2e-05	4e-05	-9.157e-17
-5.2e-05	4.4e-05	1.47054e-16
-5.2e-05	4.8e-05	-6.81895e-16
-5.2e-05	5.2e-05	-1.45029e-16
-5.2e-05	5.6e-05	-5.08651e-16
-5.2e-05	6e-05	-2.39798e-16
-5.2e-05	6.4e-05	-1.32938e-16
-5.2e-05	6.8e-05	-1.38014e-16
-5.2e-05	7.2e-05	7.20046e-17
-5.2e-05	7.6e-05	8.97566e-18
-4.8e-05	-8e-05	3.52482e-16
-4.8e-05	-7.6e-05	-5.07257e-17
-4.8e-05	-7.2e-05	3.46748e-16
-4.8e-05	-6.8e-05	-6.33145e-17
-4.8e-05	-6.4e-05	-4.25521e-18
-4.8e-05	-6e-05	-3.08502e-16
-4.8e-05	-5.6e-05	-7.11996e-16
-4.8e-05	-5.2e-05	-4.92399e-16
-4.8e-05	-4.8e-05	-9.60477e-16
-4.8e-05	-4.4e-05	1.6753e-16
-4.8e-05	-4e-05	4.73175e-16
-4.8e-05	-3.6e-05	8.8844e-16
-4.8e-05	-3.2e-05	-1.65729e-16
-4.8e-05	-2.8e-05	-2.89174e-16
-4.8e-05	-2.4e-05	-2.06886e-16
-4.8e-05	-2e-05	1.14338e-16
-4.8e-05	-1.6e-05	1.79225e-16
-4.8e-05	-1.2e-05	-2.28672e-17
-4.8e-05	-8e-06	-7.7378e-17
-4.8e-05	-4e-06	2.13957e-17
-4.8e-05	0	-2.90294e-17
-4.8e-05	4e-06	-1.49053e-16
-4.8e-05	8e-06	8.33913e-17
-4.8e-05	1.2e-05	-3.16588e-16
-4.8e-05	1.6e-05	-1.97439e-16
-4.8e-05	2e-05	-1.9605e-16
-4.8e-05	2.4e-05	-2.07939e-16
-4.8e-05	2.8e-05	-4.8163e-16
-4.8e-05	3.2e-05	3.31279e-18
-4.8e-05	3.6e-05	1.02142e-16
-4.8e-05	4e-05	3.9069e-16
-4.8e-05	4.4e-05	-1.71173e-16
-4.8e-05	4.8e-05	3.72552e-17
-4.8e-05	5.2e-05	-4.23226e-16
-4.8e-05	5.6e-05	-1.6009e-16
-4.8e-05	6e-05	-6.45174e-16
-4.8e-05	6.4e-05	-2.40414e-16
-4.8e-05	6.8e-05	-5.71066e-16
-4.8e-05	7.2e-05	-7.08246e-17
-4.8e-05	7.6e-05	-3.84444e-16
-4.4e-05	-8e-05	-1.11615e-16
-4.4e-05	-7.6e-05	-3.49854e-16
-4.4e-05	-7.2e-05	-2.51767e-16
-4.4e-05	-6.8e-05	-5.86128e-16
-4.4e-05	-6.4e-05	-3.45263e-16
-4.4e-05	-6e-05	-1.03431e-15
-4.4e-05	-5.6e-05	-3.49546e-16
-4.4e-05	-5.2e-05	-6.76172e-16
-4.4e-05	-4.8e-05	1.94926e-16
-4.4e-05	-4.4e-05	4.71864e-16
-4.4e-05	-4e-05	5.46494e-16
-4.4e-05	-3.6e-05	-2.15007e-16
-4.4e-05	-3.2e-05	7.00836e-18
-4.4e-05	-2.8e-05	-1.29086e-16
-4.4e-05	-2.4e-05	1.85639e-16
-4.4e-05	-2e-05	-1.19433e-16
-4.4e-05	-1.6e-05	-2.2209e-16
-4.4e-05	-1.2e-05	-9.8024e-17
-4.4e-05	-8e-06	-5.35631e-17
-4.4e-05	-4e-06	-3.8246e-17
-4.4e-05	0	-1.17647e-16
-4.4e-05	4e-06	1.70199e-16
-4.4e-05	8e-06	-1.46916e-16
-4.4e-05	1.2e-05	-3.60859e-17
-4.4e-05	1.6e-05	-2.21612e-16
-4.4e-05	2e-05	-1.72555e-16
-4.4e-05	2.4e-05	-3.2978e-16
-4.4e-05	2.8e-05	2.72209e-17
-4.4e-05	3.2e-05	-3.18823e-16
-4.4e-05	3.6e-05	1.35215e-16
-4.4e-05	4e-05	-7.10024e-17
-4.4e-05	4.4e-05	3.32279e-16
-4.4e-05	4.8e-05	3.08305e-18
-4.4e-05	5.2e-05	1.91935e-16
-4.4e-05	5.6e-05	-8.34569e-17
-4.4e-05	6e-05	-1.57251e-16
-4.4e-05	6.4e-05	-5.88787e-16
-4.4e-05	6.8e-05	-4.10703e-16
-4.4e-05	7.2e-05	-5.58528e-16
-4.4e-05	7.6e-05	-5.70861e-16
-4e-05	-8e-05	-6.27669e-16
-4e-05	-7.6e-05	-6.57394e-16
-4e-05	-7.2e-05	-6.61429e-16
-4e-05	-6.8e-05	-6.42437e-16
-4e-05	-6.4e-05	-5.6642e-16
-4e-05	-6e-05	-4.26478e-16
-4e-05	-5.6e-05	-9.66865e-17
-4e-05	-5.2e-05	2.28168e-16
-4e-05	-4.8e-05	4.67832e-16
-4e-05	-4.4e-05	7.75935e-16
-4e-05	-4e-05	-1.88094e-16
-4e-05	-3.6e-05	2.80104e-16
-4e-05	-3.2e-05	-4.10375e-17
-4e-05	-2.8e-05	-2.85846e-17
-4e-05	-2.4e-05	-2.25383e-16
-4e-05	-2e-05	-1.2096e-16
-4e-05	-1.6e-05	-1.35571e-16
-4e-05	-1.2e-05	-2.13233e-16
-4e-05	-8e-06	1.3191e-16
-4e-05	-4e-06	-3.3714e-17
-4e-05	0	-1.39916e-16
-4e-05	4e-06	-1.30434e-17
-4e-05	8e-06	2.30918e-16
-4e-05	1.2e-05	5.76344e-17
-4e-05	1.6e-05	1.56399e-16
-4e-05	2e-05	1.11684e-16
-4e-05	2.4e-05	-3.81087e-16
-4e-05	2.8e-05	-1.97877e-16
-4e-05	3.2e-05	8.68076e-18
-4e-05	3.6e-05	-2.07625e-16
-4e-05	4e-05	-3.68908e-17
-4e-05	4.4e-05	-2.79202e-16
-4e-05	4.8e-05	4.0465e-16
-4e-05	5.2e-05	9.66872e-17
-4e-05	5.6e-05	5.56219e-16
-4e-05	6e-05	-5.12659e-17
-4e-05	6.4e-05	2.53345e-16
-4e-05	6.8e-05	-8.10481e-17
-4e-05	7.2e-05	7.58033e-18
-4e-05	7.6e-05	-1.04372e-16
-3.6e-05	-8e-05	-1.13213e-16
-3.6e-05	-7.6e-05	-7.12437e-17
-3.6e-05	-7.2e-05	-4.61175e-17
-3.6e-05	-6.8e-05	-6.41167e-18
-3.6e-05	-6.4e-05	2.35009e-16
-3.6e-05	-6e-05	1.50173e-16
-3.6e-05	-5.6e-05	8.40924e-16
-3.6e-05	-5.2e-05	1.91682e-16
-3.6e-05	-4.8e-05	9.96272e-16
-3.6e-05	-4.4e-05	-3.56121e-16
-3.6e-05	-4e-05	1.11636e-16
-3.6e-05	-3.6e-05	-1.73659e-16
-3.6e-05	-3.2e-05	-4.54102e-16
-3.6e-05	-2.8e-05	-3.10355e-16
-3.6e-05	-2.4e-05	3.72381e-16
-3.6e-05	-2e-05	-1.09128e-16
-3.6e-05	-1.6e-05	-1.37382e-15
-3.6e-05	-1.2e-05	-2.5907e-14
-3.6e-05	-8e-06	2.65556e-14
-3.6e-05	-4e-06	3.01774e-15
-3.6e-05	0	-2.56132e-14
-3.6e-05	4e-06	9.87824e-15
-3.6e-05	8e-06	1.05506e-14
-3.6e-05	1.2e-05	6.76124e-16
-3.6e-05	1.6e-05	1.1345e-16
-3.6e-05	2e-05	-5.1119e-16
-3.6e-05	2.4e-05	-4.5057e-17
-3.6e-05	2.8e-05	2.09159e-16
-3.6e-05	3.2e-05	-1.57182e-16
-3.6e-05	3.6e-05	1.0824e-17
-3.6e-05	4e-05	-1.80052e-16
-3.6e-05	4.4e-05	-2.44536e-16
-3.6e-05	4.8e-05	-3.08679e-16
-3.6e-05	5.2e-05	2.13471e-16
-3.6e-05	5.6e-05	-2.14095e-16
-3.6e-05	6e-05	5.84878e-16
-3.6e-05	6.4e-05	-1.1519e-16
-3.6e-05	6.8e-05	7.02071e-16
-3.6e-05	7.2e-05	1.47722e-16
-3.6e-05	7.6e-05	7.00834e-16
-3.2e-05	-8e-05	2.58465e-16
-3.2e-05	-7.6e-05	5.41468e-16
-3.2e-05	-7.2e-05	3.21179e-16
-3.2e-05	-6.8e-05	8.71067e-16
-3.2e-05	-6.4e-05	1.31809e-16
-3.2e-05	-6e-05	9.61232e-16
-3.2e-05	-5.6e-05	8.01181e-18
-3.2e-05	-5.2e-05	5.27731e-16
-3.2e-05	-4.8e-05	-3.80217e-16
-3.2e-05	-4.4e-05	-2.84121e-16
-3.2e-05	-4e-05	-1.8117e-16
-3.2e-05	-3.6e-05	-4.38828e-16
-3.2e-05	-3.2e-05	-3.22957e-16
-3.2e-05	-2.8e-05	6.93282e-16
-3.2e-05	-2.4e-05	-1.41903e-16
-3.2e-05	-2e-05	-4.22799e-15
-3.2e-05	-1.6e-05	-1.58584e-13
-3.2e-05	-1.2e-05	-3.83893e-12
-3.2e-05	-8e-06	3.95896e-12
-3.2e-05	-4e-06	4.49755e-13
-3.2e-05	0	-3.76528e-12
-3.2e-05	4e-06	1.49372e-12
-3.2e-05	8e-06	1.57541e-12
-3.2e-05	1.2e-05	6.28032e-14
-3.2e-05	1.6e-05	1.43418e-15
-3.2e-05	2e-05	5.15013e-17
-3.2e-05	2.4e-05	-2.14828e-16
-3.2e-05	2.8e-05	-6.89829e-17
-3.2e-05	3.2e-05	2.56998e-16
-3.2e-05	3.6e-05	-1.69246e-16
-3.2e-05	4e-05	1.33865e-16
-3.2e-05	4.4e-05	-1.79578e-16
-3.2e-05	4.8e-05	-1.68906e-16
-3.2e-05	5.2e-05	-3.07038e-16
-3.2e-05	5.6e-05	-9.69979e-17
-3.2e-05	6e-05	-3.32493e-16
-3.2e-05	6.4e-05	2.35269e-16
-3.2e-05	6.8e-05	-1.14258e-17
-3.2e-05	7.2e-05	3.90854e-16
-3.2e-05	7.6e-05	8.68376e-17
-2.8e-05	-8e-05	2.40056e-16
-2.8e-05	-7.6e-05	1.7328e-16
-2.8e-05	-7.2e-05	3.44493e-16
-2.8e-05	-6.8e-05	1.25639e-16
-2.8e-05	-6.4e-05	4.68518e-16
-2.8e-05	-6e-05	-3.4033e-17
-2.8e-05	-5.6e-05	5.29368e-17
-2.8e-05	-5.2e-05	-3.46813e-16
-2.8e-05	-4.8e-05	-2.07187e-16
-2.8e-05	-4.4e-05	-1.59688e-16
-2.8e-05	-4e-05	1.21227e-16
-2.8e-05	-3.6e-05	-4.01831e-16
-2.8e-05	-3.2e-05	4.49523e-16
-2.8e-05	-2.8e-05	-1.3532e-16
-2.8e-05	-2.4e-05	-6.881e-15
-2.8e-05	-2e-05	-3.99412e-13
-2.8e-05	-1.6e-05	-1.95939e-11
-2.8e-05	-1.2e-05	-5.71651e-10
-2.8e-05	-8e-06	5.88971e-10
-2.8e-05	-4e-06	6.63639e-11
-2.8e-05	0	-5.58882e-10
-2.8e-05	4e-06	2.2316e-10
-2.8e-05	8e-06	2.31548e-10
-2.8e-05	1.2e-05	7.70238e-12
-2.8e-05	1.6e-05	1.55019e-13
-2.8e-05	2e-05	2.52269e-15
-2.8e-05	2.4e-05	-2.59999e-17
-2.8e-05	2.8e-05	-1.64997e-17
-2.8e-05	3.2e-05	9.55882e-17
-2.8e-05	3.6e-05	1.61736e-17
-2.8e-05	4e-05	-2.26587e-16
-2.8e-05	4.4e-05	4.29714e-17
-2.8e-05	4.8e-05	-2.63992e-16
-2.8e-05	5.2e-05	-7.9135e-17
-2.8e-05	5.6e-05	-6.44721e-16
-2.8e-05	6e-05	-5.72088e-17
-2.8e-05	6.4e-05	-3.33757e-16
-2.8e-05	6.8e-05	9.23396e-17
-2.8e-05	7.2e-05	-1.35933e-16
-2.8e-05	7.6e-05	1.18702e-16
-2.4e-05	-8e-05	1.37917e-16
-2.4e-05	-7.6e-05	1.48377e-16
-2.4e-05	-7.2e-05	-1.86378e-16
-2.4e-05	-6.8e-05	1.04382e-16
-2.4e-05	-6.4e-05	-1.84973e-16
-2.4e-05	-6e-05	1.3271e-16
-2.4e-05	-5.6e-05	-4.61383e-16
-2.4e-05	-5.2e-05	6.43167e-17
-2.4e-05	-4.8e-05	-3.04866e-16
-2.4e-05	-4.4e-05	3.54918e-16
-2.4e-05	-4e-05	-2.18087e-16
-2.4e-05	-3.6e-05	1.84681e-17
-2.4e-05	-3.2e-05	-6.21074e-17
-2.4e-05	-2.8e-05	-6.84901e-15
-2.4e-05	-2.4e-05	-5.34648e-13
-2.4e-05	-2e-05	-3.94608e-11
-2.4e-05	-1.6e-05	-2.32622e-09
-2.4e-05	-1.2e-05	-8.51256e-08
-2.4e-05	-8e-06	8.76232e-08
-2.4e-05	-4e-06	9.78635e-09
-2.4e-05	0	-8.2957e-08
-2.4e-05	4e-06	3.3336e-08
-2.4e-05	8e-06	3.40191e-08
-2.4e-05	1.2e-05	9.07659e-10
-2.4e-05	1.6e-05	1.52375e-11
-2.4e-05	2e-05	2.04944e-13
-2.4e-05	2.4e-05	2.7214e-15
-2.4e-05	2.8e-05	5.14911e-17
-2.4e-05	3.2e-05	-2.21937e-16
-2.4e-05	3.6e-05	-2.4996e-17
-2.4e-05	4e-05	-2.04006e-16
-2.4e-05	4.4e-05	4.394e-17
-2.4e-05	4.8e-05	-1.86541e-16
-2.4e-05	5.2e-05	-2.34598e-16
-2.4e-05	5.6e-05	-9.98071e-17
-2.4e-05	6e-05	-4.7277e-16
-2.4e-05	6.4e-05	1.46795e-16
-2.4e-05	6.8e-05	-2.84664e-16
-2.4e-05	7.2e-05	4.8475e-17
-2.4e-05	7.6e-05	-1.14082e-16
-2e-05	-8e-05	-5.97799e-17
-2e-05	-7.6e-05	-1.79775e-16
-2e-05	-7.2e-05	9.98963e-17
-2e-05	-6.8e-05	-1.96765e-16
-2e-05	-6.4e-05	2.27739e-16
-2e-05	-6e-05	-2.88976e-16
-2e-05	-5.6e-05	1.80879e-16
-2e-05	-5.2e-05	-3.35224e-16
-2e-05	-4.8e-05	1.28744e-16
-2e-05	-4.4e-05	7.70453e-17
-2e-05	-4e-05	-1.90681e-16
-2e-05	-3.6e-05	-1.3076e-16
-2e-05	-3.2e-05	-4.16763e-15
-2e-05	-2.8e-05	-4.02273e-13
-2e-05	-2.4e-05	-3.96131e-11
-2e-05	-2e-05	-3.51007e-09
-2e-05	-1.6e-05	-2.58915e-07
-2e-05	-1.2e-05	-1.26767e-05
-2e-05	-8e-06	1.30362e-05
-2e-05	-4e-06	1.44292e-06
-2e-05	0	-1.23138e-05
-2e-05	4e-06	4.97982e-06
-2e-05	8e-06	4.99775e-06
-2e-05	1.2e-05	1.00222e-07
-2e-05	1.6e-05	1.34607e-09
-2e-05	2e-05	1.50832e-11
-2e-05	2.4e-05	1.52315e-13
-2e-05	2.8e-05	1.69621e-15
-2e-05	3.2e-05	-4.01025e-17
-2e-05	3.6e-05	-2.84939e-16
-2e-05	4e-05	-2.5298e-16
-2e-05	4.4e-05	-1.9258e-16
-2e-05	4.8e-05	-5.03089e-17
-2e-05	5.2e-05	-1.22825e-16
-2e-05	5.6e-05	-4.14008e-16
-2e-05	6e-05	-1.18503e-16
-2e-05	6.4e-05	-1.29136e-16
-2e-05	6.8e-05	3.78759e-17
-2e-05	7.2e-05	-1.22362e-16
-2e-05	7.6e-05	1.16558e-16
-1.6e-05	-8e-05	1.63985e-17
-1.6e-05	-7.6e-05	-1.03424e-16
-1.6e-05	-7.2e-05	-9.17391e-17
-1.6e-05	-6.8e-05	-7.21915e-17
-1.6e-05	-6.4e-05	-1.14188e-16
-1.6e-05	-6e-05	6.3387e-17
-1.6e-05	-5.6e-05	-1.27387e-16
-1.6e-05	-5.2e-05	-1.59994e-17
-1.6e-05	-4.8e-05	-6.73739e-17
-1.6e-05	-4.4e-05	-7.50774e-17
-1.6e-05	-4e-05	-1.38561e-16
-1.6e-05	-3.6e-05	-1.4252e-15
-1.6e-05	-3.2e-05	-1.61649e-13
-1.6e-05	-2.8e-05	-1.9871e-11
-1.6e-05	-2.4e-05	-2.34873e-09
-1.6e-05	-2e-05	-2.60225e-07
-1.6e-05	-1.6e-05	-2.56168e-05
-1.6e-05	-1.2e-05	-0.00188786
-1.6e-05	-8e-06	0.00193949
-1.6e-05	-4e-06	0.000212712
-1.6e-05	0	-0.00182782
-1.6e-05	4e-06	0.000743904
-1.6e-05	8e-06	0.000734173
-1.6e-05	1.2e-05	9.82525e-06
-1.6e-05	1.6e-05	9.8863e-08
-1.6e-05	2e-05	8.84796e-10
-1.6e-05	2.4e-05	7.4257e-12
-1.6e-05	2.8e-05	6.00725e-14
-1.6e-05	3.2e-05	9.0795e-17
-1.6e-05	3.6e-05	-5.5369e-18
-1.6e-05	4e-05	-2.06913e-17
-1.6e-05	4.4e-05	-2.58221e-16
-1.6e-05	4.8e-05	-9.29997e-17
-1.6e-05	5.2e-05	-2.58153e-16
-1.6e-05	5.6e-05	-2.09547e-16
-1.6e-05	6e-05	-3.22015e-16
-1.6e-05	6.4e-05	-1.62402e-16
-1.6e-05	6.8e-05	-8.81986e-17
-1.6e-05	7.2e-05	-1.33072e-16
-1.6e-05	7.6e-05	6.94968e-17
-1.2e-05	-8e-05	-2.28177e-16
-1.2e-05	-7.6e-05	2.9997e-17
-1.2e-05	-7.2e-05	-1.20909e-16
-1.2e-05	-6.8e-05	-1.00661e-16
-1.2e-05	-6.4e-05	5.46609e-17
-1.2e-05	-6e-05	-4.90503e-17
-1.2e-05	-5.6e-05	3.74846e-18
-1.2e-05	-5.2e-05	-2.161e-16
-1.2e-05	-4.8e-05	-6.80802e-17
-1.2e-05	-4.4e-05	-5.11622e-17
-1.2e-05	-4e-05	-2.02868e-16
-1.2e-05	-3.6e-05	-2.72581e-14
-1.2e-05	-3.2e-05	-3.99593e-12
-1.2e-05	-2.8e-05	-5.90083e-10
-1.2e-05	-2.4e-05	-8.71454e-08
-1.2e-05	-2e-05	-1.28705e-05
-1.2e-05	-1.6e-05	-0.00190091
-1.2e-05	-1.2e-05	-0.280768
-1.2e-05	-8e-06	0.288379
-1.2e-05	-4e-06	0.0311446
-1.2e-05	0	-0.271059
-1.2e-05	4e-06	0.111127
-1.2e-05	8e-06	0.107769
-1.2e-05	1.2e-05	0.000719016
-1.2e-05	1.6e-05	4.79671e-06
-1.2e-05	2e-05	3.19969e-08
-1.2e-05	2.4e-05	2.13418e-10
-1.2e-05	2.8e-05	1.42312e-12
-1.2e-05	3.2e-05	9.59153e-15
-1.2e-05	3.6e-05	-2.36177e-16
-1.2e-05	4e-05	-3.85772e-17
-1.2e-05	4.4e-05	-6.84608e-17
-1.2e-05	4.8e-05	1.2639e-17
-1.2e-05	5.2e-05	-2.73059e-16
-1.2e-05	5.6e-05	-5.33621e-16
-1.2e-05	6e-05	-6.1276e-17
-1.2e-05	6.4e-05	-1.23279e-17
-1.2e-05	6.8e-05	-1.20836e-16
-1.2e-05	7.2e-05	-1.12263e-17
-1.2e-05	7.6e-05	-1.65423e-16
-8e-06	-8e-05	3.15579e-17
-8e-06	-7.6e-05	-2.16708e-16
-8e-06	-7.2e-05	-1.14522e-16
-8e-06	-6.8e-05	-8.99551e-17
-8e-06	-6.4e-05	4.32999e-17
-8e-06	-6e-05	6.37099e-17
-8e-06	-5.6e-05	-5.85691e-17
-8e-06	-5.2e-05	8.3485e-18
-8e-06	-4.8e-05	-9.86232e-17
-8e-06	-4.4e-05	-1.04265e-16
-8e-06	-4e-05	-5.67539e-17
-8e-06	-3.6e-05	-5.54522e-15
-8e-06	-3.2e-05	-7.92067e-13
-8e-06	-2.8e-05	-1.17267e-10
-8e-06	-2.4e-05	-1.73589e-08
-8e-06	-2e-05	-2.56989e-06
-8e-06	-1.6e-05	-0.000380499
-8e-06	-1.2e-05	-0.0563428
-8e-06	-8e-06	0.041988
-8e-06	-4e-06	-0.0721031
-8e-06	0	0.0765252
-8e-06	4e-06	0.0997737
-8e-06	8e-06	-0.211285
-8e-06	1.2e-05	-0.00142412
-8e-06	1.6e-05	-9.5992e-06
-8e-06	2e-05	-6.47038e-08
-8e-06	2.4e-05	-4.36147e-10
-8e-06	2.8e-05	-2.93993e-12
-8e-06	3.2e-05	-2.02514e-14
-8e-06	3.6e-05	-2.05708e-16
-8e-06	4e-05	-2.06867e-16
-8e-06	4.4e-05	-1.07145e-17
-8e-06	4.8e-05	-3.22618e-16
-8e-06	5.2e-05	-3.98318e-16
-8e-06	5.6e-05	-2.36741e-16
-8e-06	6e-05	-1.1666e-16
-8e-06	6.4e-05	-1.07184e-16
-8e-06	6.8e-05	-9.99001e-17
-8e-06	7.2e-05	-2.25676e-16
-8e-06	7.6e-05	1.23697e-16
-4e-06	-8e-05	-1.97021e-16
-4e-06	-7.6e-05	-9.73134e-17
-4e-06	-7.2e-05	-2.37376e-16
-4e-06	-6.8e-05	-5.65344e-17
-4e-06	-6.4e-05	-1.52085e-17
-4e-06	-6e-05	-5.46106e-17
-4e-06	-5.6e-05	-8.71692e-18
-4e-06	-5.2e-05	1.76819e-17
-4e-06	-4.8e-05	-1.78437e-16
-4e-06	-4.4e-05	2.36149e-16
-4e-06	-4e-05	-1.11637e-16
-4e-06	-3.6e-05	2.75579e-14
-4e-06	-3.2e-05	4.07341e-12
-4e-06	-2.8e-05	6.03495e-10
-4e-06	-2.4e-05	8.94062e-08
-4e-06	-2e-05	1.32455e-05
-4e-06	-1.6e-05	0.00196232
-4e-06	-1.2e-05	0.290723
-4e-06	-8e-06	-0.198374
-4e-06	-4e-06	-0.0837431
-4e-06	0	0.173475
-4e-06	4e-06	-0.067597
-4e-06	8e-06	-0.0129858
-4e-06	1.2e-05	-8.41483e-05
-4e-06	1.6e-05	-5.44206e-07
-4e-06	2e-05	-3.51192e-09
-4e-06	2.4e-05	-2.26097e-11
-4e-06	2.8e-05	-1.45633e-13
-4e-06	3.2e-05	-8.21706e-16
-4e-06	3.6e-05	-5.32977e-17
-4e-06	4e-05	3.04152e-16
-4e-06	4.4e-05	-1.53983e-16
-4e-06	4.8e-05	-1.78005e-16
-4e-06	5.2e-05	-2.39232e-16
-4e-06	5.6e-05	8.12421e-17
-4e-06	6e-05	-7.5822e-17
-4e-06	6.4e-05	-2.73875e-17
-4e-06	6.8e-05	-2.23831e-16
-4e-06	7.2e-05	-2.6917e-17
-4e-06	7.6e-05	-2.28093e-16
0	-8e-05	7.01919e-17
0	-7.6e-05	-3.02349e-16
0	-7.2e-05	-6.96642e-17
0	-6.8e-05	-2.52399e-16
0	-6.4e-05	1.05539e-16
0	-6e-05	-1.52473e-16
0	-5.6e-05	2.27239e-16
0	-5.2e-05	-1.18462e-16
0	-4.8e-05	1.36212e-16
0	-4.4e-05	-2.77036e-16
0	-4e-05	2.04882e-16
0	-3.6e-05	-1.27502e-15
0	-3.2e-05	-1.45066e-13
0	-2.8e-05	-2.26099e-11
0	-2.4e-05	-3.51192e-09
0	-2e-05	-5.44206e-07
0	-1.6e-05	-8.41483e-05
0	-1.2e-05	-0.0129858
0	-8e-06	-0.067597
0	-4e-06	0.173475
0	0	-0.0837431
0	4e-06	-0.198374
0	8e-06	0.290723
0	1.2e-05	0.00196232
0	1.6e-05	1.32455e-05
0	2e-05	8.94062e-08
0	2.4e-05	6.03495e-10
0	2.8e-05	4.07355e-12
0	3.2e-05	2.72638e-14
0	3.6e-05	3.24183e-16
0	4e-05	-3.03981e-16
0	4.4e-05	9.786e-17
0	4.8e-05	-3.27423e-16
0	5.2e-05	-1.0343e-16
0	5.6e-05	-2.43033e-16
0	6e-05	2.00475e-16
0	6.4e-05	-2.80109e-16
0	6.8e-05	3.59554e-16
0	7.2e-05	-3.56863e-16
0	7.6e-05	1.49163e-16
4e-06	-8e-05	-3.50922e-16
4e-06	-7.6e-05	1.49482e-16
4e-06	-7.2e-05	-2.76636e-16
4e-06	-6.8e-05	1.59471e-16
4e-06	-6.4e-05	-1.77003e-16
4e-06	-6e-05	4.05388e-16
4e-06	-5.6e-05	-2.08882e-16
4e-06	-5.2e-05	3.03179e-16
4e-06	-4.8e-05	-2.62834e-16
4e-06	-4.4e-05	2.30613e-16
4e-06	-4e-05	-4.29248e-16
4e-06	-3.6e-05	-1.9811e-14
4e-06	-3.2e-05	-2.94022e-12
4e-06	-2.8e-05	-4.36147e-10
4e-06	-2.4e-05	-6.47038e-08
4e-06	-2e-05	-9.5992e-06
4e-06	-1.6e-05	-0.00142412
4e-06	-1.2e-05	-0.211285
4e-06	-8e-06	0.0997737
4e-06	-4e-06	0.0765252
4e-06	0	-0.0721031
4e-06	4e-06	0.041988
4e-06	8e-06	-0.0563428
4e-06	1.2e-05	-0.000380499
4e-06	1.6e-05	-2.56989e-06
4e-06	2e-05	-1.73589e-08
4e-06	2.4e-05	-1.17267e-10
4e-06	2.8e-05	-7.92339e-13
4e-06	3.2e-05	-5.34047e-15
4e-06	3.6e-05	-3.74593e-17
4e-06	4e-05	2.28564e-17
4e-06	4.4e-05	-2.29849e-16
4e-06	4.8e-05	-1.43579e-16
4e-06	5.2e-05	-3.3174e-16
4e-06	5.6e-05	7.63271e-17
4e-06	6e-05	-2.87271e-16
4e-06	6.4e-05	2.21916e-16
4e-06	6.8e-05	-4.03218e-16
4e-06	7.2e-05	2.98295e-16
4e-06	7.6e-05	-3.9012e-16
8e-06	-8e-05	1.65688e-16
8e-06	-7.6e-05	-4.95868e-16
8e-06	-7.2e-05	1.77986e-16
8e-06	-6.8e-05	-4.72296e-16
8e-06	-6.4e-05	1.94112e-16
8e-06	-6e-05	-3.09021e-16
8e-06	-5.6e-05	2.43052e-16
8e-06	-5.2e-05	-2.76054e-16
8e-06	-4.8e-05	1.67961e-16
8e-06	-4.4e-05	-1.91574e-16
8e-06	-4e-05	2.5028e-16
8e-06	-3.6e-05	9.22172e-15
8e-06	-3.2e-05	1.42312e-12
8e-06	-2.8e-05	2.13418e-10
8e-06	-2.4e-05	3.19969e-08
8e-06	-2e-05	4.79671e-06
8e-06	-1.6e-05	0.000719016
8e-06	-1.2e-05	0.107769
8e-06	-8e-06	0.111127
8e-06	-4e-06	-0.271059
8e-06	0	0.0311446
8e-06	4e-06	0.288379
8e-06	8e-06	-0.280768
8e-06	1.2e-05	-0.00190091
8e-06	1.6e-05	-1.28705e-05
8e-06	2e-05	-8.71454e-08
8e-06	2.4e-05	-5.90083e-10
8e-06	2.8e-05	-3.99569e-12
8e-06	3.2e-05	-2.69159e-14
8e-06	3.6e-05	-1.98677e-16
8e-06	4e-05	-7.68612e-17
8e-06	4.4e-05	-1.17492e-16
8e-06	4.8e-05	-1.14382e-16
8e-06	5.2e-05	1.15027e-17
8e-06	5.6e-05	-2.21155e-16
8e-06	6e-05	6.88772e-17
8e-06	6.4e-05	-3.59391e-16
8e-06	6.8e-05	2.68807e-16
8e-06	7.2e-05	-3.64544e-16
8e-06	7.6e-05	2.09814e-16
1.2e-05	-8e-05	-4.35258e-16
1.2e-05	-7.6e-05	-1.87419e-17
1.2e-05	-7.2e-05	-4.09352e-16
1.2e-05	-6.8e-05	5.8767e-17
1.2e-05	-6.4e-05	-2.70891e-16
1.2e-05	-6e-05	1.50634e-16
1.2e-05	-5.6e-05	-1.29288e-16
1.2e-05	-5.2e-05	1.28548e-16
1.2e-05	-4.8e-05	-4.36063e-17
1.2e-05	-4.4e-05	7.78138e-17
1.2e-05	-4e-05	4.63649e-17
1.2e-05	-3.6e-05	6.8528e-16
1.2e-05	-3.2e-05	5.98093e-14
1.2e-05	-2.8e-05	7.42529e-12
1.2e-05	-2.4e-05	8.84796e-10
1.2e-05	-2e-05	9.8863e-08
1.2e-05	-1.6e-05	9.82525e-06
1.2e-05	-1.2e-05	0.000734173
1.2e-05	-8e-06	0.000743904
1.2e-05	-4e-06	-0.00182782
1.2e-05	0	0.000212712
1.2e-05	4e-06	0.00193949
1.2e-05	8e-06	-0.00188786
1.2e-05	1.2e-05	-2.56168e-05
1.2e-05	1.6e-05	-2.60225e-07
1.2e-05	2e-05	-2.34873e-09
1.2e-05	2.4e-05	-1.9871e-11
1.2e-05	2.8e-05	-1.61358e-13
1.2e-05	3.2e-05	-1.33248e-15
1.2e-05	3.6e-05	-5.81867e-17
1.2e-05	4e-05	-1.58787e-16
1.2e-05	4.4e-05	5.80585e-17
1.2e-05	4.8e-05	-6.38756e-18
1.2e-05	5.2e-05	5.88227e-17
1.2e-05	5.6e-05	3.1446e-17
1.2e-05	6e-05	-1.11335e-16
1.2e-05	6.4e-05	9.09837e-17
1.2e-05	6.8e-05	-2.17109e-16
1.2e-05	7.2e-05	2.55345e-16
1.2e-05	7.6e-05	-2.15625e-16
1.6e-05	-8e-05	1.23207e-16
1.6e-05	-7.6e-05	-2.14017e-16
1.6e-05	-7.2e-05	1.16945e-16
1.6e-05	-6.8e-05	-2.59829e-16
1.6e-05	-6.4e-05	1.15779e-16
1.6e-05	-6e-05	-1.8329e-17
1.6e-05	-5.6e-05	1.43101e-16
1.6e-05	-5.2e-05	-9.93163e-17
1.6e-05	-4.8e-05	7.29243e-17
1.6e-05	-4.4e-05	7.42374e-17
1.6e-05	-4e-05	3.07137e-16
1.6e-05	-3.6e-05	1.13263e-16
1.6e-05	-3.2e-05	1.48591e-15
1.6e-05	-2.8e-05	1.5203e-13
1.6e-05	-2.4e-05	1.50831e-11
1.6e-05	-2e-05	1.34607e-09
1.6e-05	-1.6e-05	1.00222e-07
1.6e-05	-1.2e-05	4.99775e-06
1.6e-05	-8e-06	4.97982e-06
1.6e-05	-4e-06	-1.23138e-05
1.6e-05	0	1.44292e-06
1.6e-05	4e-06	1.30362e-05
1.6e-05	8e-06	-1.26767e-05
1.6e-05	1.2e-05	-2.58915e-07
1.6e-05	1.6e-05	-3.51007e-09
1.6e-05	2e-05	-3.96134e-11
1.6e-05	2.4e-05	-4.02183e-13
1.6e-05	2.8e-05	-3.87457e-15
1.6e-05	3.2e-05	-9.42786e-17
1.6e-05	3.6e-05	-2.87545e-16
1.6e-05	4e-05	-3.82845e-17
1.6e-05	4.4e-05	-1.98547e-16
1.6e-05	4.8e-05	-6.92748e-18
1.6e-05	5.2e-05	-5.75859e-17
1.6e-05	5.6e-05	-1.86272e-16
1.6e-05	6e-05	-6.56163e-17
1.6e-05	6.4e-05	-1.35117e-16
1.6e-05	6.8e-05	9.1478e-17
1.6e-05	7.2e-05	-8.81546e-17
1.6e-05	7.6e-05	4.35957e-17
2e-05	-8e-05	-1.46799e-16
2e-05	-7.6e-05	4.67883e-18
2e-05	-7.2e-05	-1.25792e-16
2e-05	-6.8e-05	1.98344e-17
2e-05	-6.4e-05	-1.37746e-16
2e-05	-6e-05	-7.00415e-17
2e-05	-5.6e-05	8.02568e-17
2e-05	-5.2e-05	-3.09432e-17
2e-05	-4.8e-05	-9.5251e-19
2e-05	-4.4e-05	-2.89572e-16
2e-05	-4e-05	-1.21188e-16
2e-05	-3.6e-05	-4.12615e-18
2e-05	-3.2e-05	3.63745e-17
2e-05	-2.8e-05	2.4546e-15
2e-05	-2.4e-05	2.04999e-13
2e-05	-2e-05	1.5238e-11
2e-05	-1.6e-05	9.07659e-10
2e-05	-1.2e-05	3.40191e-08
2e-05	-8e-06	3.3336e-08
2e-05	-4e-06	-8.2957e-08
2e-05	0	9.78635e-09
2e-05	4e-06	8.76232e-08
2e-05	8e-06	-8.51256e-08
2e-05	1.2e-05	-2.32622e-09
2e-05	1.6e-05	-3.94612e-11
2e-05	2e-05	-5.34531e-13
2e-05	2.4e-05	-6.12729e-15
2e-05	2.8e-05	-5.25154e-17
2e-05	3.2e-05	4.30863e-17
2e-05	3.6e-05	5.72164e-17
2e-05	4e-05	-1.48819e-16
2e-05	4.4e-05	-2.05611e-17
2e-05	4.8e-05	-1.81471e-16
2e-05	5.2e-05	-1.07954e-16
2e-05	5.6e-05	-2.88066e-16
2e-05	6e-05	-2.0761e-16
2e-05	6.4e-05	-1.7551e-16
2e-05	6.8e-05	-2.03388e-17
2e-05	7.2e-05	-1.84926e-16
2e-05	7.6e-05	-9.17718e-17
2.4e-05	-8e-05	-2.30268e-16
2.4e-05	-7.6e-05	-8.04967e-17
2.4e-05	-7.2e-05	-1.81383e-16
2.4e-05	-6.8e-05	-2.50478e-16
2.4e-05	-6.4e-05	-3.32201e-16
2.4e-05	-6e-05	-1.2159e-16
2.4e-05	-5.6e-05	-2.6299e-16
2.4e-05	-5.2e-05	1.1182e-17
2.4e-05	-4.8e-05	-2.27798e-16
2.4e-05	-4.4e-05	-2.49837e-17
2.4e-05	-4e-05	-2.94494e-16
2.4e-05	-3.6e-05	3.03108e-17
2.4e-05	-3.2e-05	2.10582e-16
2.4e-05	-2.8e-05	1.57995e-16
2.4e-05	-2.4e-05	2.90485e-15
2.4e-05	-2e-05	1.5517e-13
2.4e-05	-1.6e-05	7.7033e-12
2.4e-05	-1.2e-05	2.31549e-10
2.4e-05	-8e-06	2.2316e-10
2.4e-05	-4e-06	-5.58882e-10
2.4e-05	0	6.63637e-11
2.4e-05	4e-06	5.88971e-10
2.4e-05	8e-06	-5.71651e-10
2.4e-05	1.2e-05	-1.95943e-11
2.4e-05	1.6e-05	-3.99216e-13
2.4e-05	2e-05	-6.28949e-15
2.4e-05	2.4e-05	4.51428e-17
2.4e-05	2.8e-05	1.06918e-16
2.4e-05	3.2e-05	1.59174e-16
2.4e-05	3.6e-05	2.56035e-16
2.4e-05	4e-05	7.13147e-17
2.4e-05	4.4e-05	1.17972e-16
2.4e-05	4.8e-05	-2.68097e-19
2.4e-05	5.2e-05	-3.32029e-17
2.4e-05	5.6e-05	-2.36698e-16
2.4e-05	6e-05	-1.54052e-16
2.4e-05	6.4e-05	-1.30298e-16
2.4e-05	6.8e-05	-1.51572e-16
2.4e-05	7.2e-05	-7.04193e-17
2.4e-05	7.6e-05	-1.14426e-16
2.8e-05	-8e-05	-1.32565e-16
2.8e-05	-7.6e-05	-1.50418e-16
2.8e-05	-7.2e-05	-1.57349e-16
2.8e-05	-6.8e-05	-2.38379e-16
2.8e-05	-6.4e-05	-2.44408e-16
2.8e-05	-6e-05	-3.15807e-16
2.8e-05	-5.6e-05	1.86896e-17
2.8e-05	-5.2e-05	-7.72383e-17
2.8e-05	-4.8e-05	-6.49177e-17
2.8e-05	-4.4e-05	3.52845e-16
2.8e-05	-4e-05	7.03041e-17
2.8e-05	-3.6e-05	2.0837e-16
2.8e-05	-3.2e-05	7.03408e-17
2.8e-05	-2.8e-05	5.2387e-16
2.8e-05	-2.4e-05	2.25711e-16
2.8e-05	-2e-05	1.69271e-15
2.8e-05	-1.6e-05	6.28196e-14
2.8e-05	-1.2e-05	1.57592e-12
2.8e-05	-8e-06	1.49398e-12
2.8e-05	-4e-06	-3.76545e-12
2.8e-05	0	4.4996e-13
2.8e-05	4e-06	3.9589e-12
2.8e-05	8e-06	-3.83906e-12
2.8e-05	1.2e-05	-1.58413e-13
2.8e-05	1.6e-05	-3.94659e-15
2.8e-05	2e-05	-3.54017e-17
2.8e-05	2.4e-05	-8.71471e-17
2.8e-05	2.8e-05	1.57986e-16
2.8e-05	3.2e-05	1.44567e-16
2.8e-05	3.6e-05	2.47225e-16
2.8e-05	4e-05	1.82943e-16
2.8e-05	4.4e-05	1.39714e-16
2.8e-05	4.8e-05	1.70819e-16
2.8e-05	5.2e-05	-7.61866e-17
2.8e-05	5.6e-05	1.66761e-16
2.8e-05	6e-05	-7.15352e-17
2.8e-05	6.4e-05	1.24263e-16
2.8e-05	6.8e-05	-7.95551e-17
2.8e-05	7.2e-05	9.1429e-17
2.8e-05	7.6e-05	-2.38915e-17
3.2e-05	-8e-05	7.44244e-17
3.2e-05	-7.6e-05	-1.0039e-16
3.2e-05	-7.2e-05	1.02213e-16
3.2e-05	-6.8e-05	-7.43683e-17
3.2e-05	-6.4e-05	-9.99975e-18
3.2e-05	-6e-05	-2.05177e-16
3.2e-05	-5.6e-05	1.31904e-16
3.2e-05	-5.2e-05	1.42091e-16
3.2e-05	-4.8e-05	2.0446e-16
3.2e-05	-4.4e-05	2.4554e-16
3.2e-05	-4e-05	3.96711e-16
3.2e-05	-3.6e-05	7.3987e-17
3.2e-05	-3.2e-05	9.56922e-17
3.2e-05	-2.8e-05	1.92453e-16
3.2e-05	-2.4e-05	-3.64203e-17
3.2e-05	-2e-05	1.0864e-16
3.2e-05	-1.6e-05	2.39608e-16
3.2e-05	-1.2e-05	1.07637e-14
3.2e-05	-8e-06	9.82828e-15
3.2e-05	-4e-06	-2.53973e-14
3.2e-05	0	3.1005e-15
3.2e-05	4e-06	2.6783e-14
3.2e-05	8e-06	-2.57764e-14
3.2e-05	1.2e-05	-1.32719e-15
3.2e-05	1.6e-05	-4.69104e-17
3.2e-05	2e-05	-1.71871e-16
3.2e-05	2.4e-05	8.9173e-17
3.2e-05	2.8e-05	-9.60764e-17
3.2e-05	3.2e-05	1.2403e-16
3.2e-05	3.6e-05	-6.39215e-17
3.2e-05	4e-05	1.62592e-16
3.2e-05	4.4e-05	8.98563e-17
3.2e-05	4.8e-05	1.14507e-18
3.2e-05	5.2e-05	1.09927e-16
3.2e-05	5.6e-05	1.15065e-16
3.2e-05	6e-05	1.96889e-16
3.2e-05	6.4e-05	7.37377e-17
3.2e-05	6.8e-05	7.57858e-17
3.2e-05	7.2e-05	1.22627e-16
3.2e-05	7.6e-05	1.76559e-16
3.6e-05	-8e-05	8.56036e-17
3.6e-05	-7.6e-05	1.85934e-16
3.6e-05	-7.2e-05	2.43816e-17
3.6e-05	-6.8e-05	1.87676e-16
3.6e-05	-6.4e-05	-1.75324e-17
3.6e-05	-6e-05	1.32491e-16
3.6e-05	-5.6e-05	3.30697e-17
3.6e-05	-5.2e-05	1.3277e-16
3.6e-05	-4.8e-05	3.35025e-16
3.6e-05	-4.4e-05	9.19934e-18
3.6e-05	-4e-05	1.329e-16
3.6e-05	-3.6e-05	5.46446e-17
3.6e-05	-3.2e-05	7.82736e-17
3.6e-05	-2.8e-05	-9.6629e-17
3.6e-05	-2.4e-05	-1.14771e-16
3.6e-05	-2e-05	-1.66296e-16
3.6e-05	-1.6e-05	-1.455e-16
3.6e-05	-1.2e-05	-8.47768e-17
3.6e-05	-8e-06	3.86089e-17
3.6e-05	-4e-06	-1.56135e-16
3.6e-05	0	5.23187e-17
3.6e-05	4e-06	2.544e-16
3.6e-05	8e-06	-1.55535e-16
3.6e-05	1.2e-05	2.07014e-17
3.6e-05	1.6e-05	-1.25854e-17
3.6e-05	2e-05	9.18976e-17
3.6e-05	2.4e-05	3.8167e-17
3.6e-05	2.8e-05	6.87677e-17
3.6e-05	3.2e-05	-1.95997e-16
3.6e-05	3.6e-05	-7.92748e-17
3.6e-05	4e-05	-1.33936e-16
3.6e-05	4.4e-05	-7.74886e-17
3.6e-05	4.8e-05	-1.10518e-16
3.6e-05	5.2e-05	1.12497e-16
3.6e-05	5.6e-05	-2.97328e-17
3.6e-05	6e-05	7.70152e-17
3.6e-05	6.4e-05	-1.67661e-17
3.6e-05	6.8e-05	1.73898e-16
3.6e-05	7.2e-05	-9.67348e-18
3.6e-05	7.6e-05	2.10098e-16
4e-05	-8e-05	-1.17951e-17
4e-05	-7.6e-05	8.52042e-17
4e-05	-7.2e-05	8.80703e-17
4e-05	-6.8e-05	2.68781e-17
4e-05	-6.4e-05	-6.97544e-17
4e-05	-6e-05	-2.88327e-17
4e-05	-5.6e-05	-1.69462e-16
4e-05	-5.2e-05	-1.81895e-16
4e-05	-4.8e-05	-1.53822e-16
4e-05	-4.4e-05	3.68158e-17
4e-05	-4e-05	-1.10797e-16
4e-05	-3.6e-05	8.2064e-17
4e-05	-3.2e-05	-1.53302e-16
4e-05	-2.8e-05	9.91656e-18
4e-05	-2.4e-05	-1.15897e-16
4e-05	-2e-05	-1.83582e-17
4e-05	-1.6e-05	8.69373e-17
4e-05	-1.2e-05	9.05171e-17
4e-05	-8e-06	-7.57352e-17
4e-05	-4e-06	3.50833e-17
4e-05	0	-7.58114e-17
4e-05	4e-06	3.96841e-17
4e-05	8e-06	-4.43464e-17
4e-05	1.2e-05	-3.21842e-17
4e-05	1.6e-05	9.78139e-17
4e-05	2e-05	4.87898e-17
4e-05	2.4e-05	1.12673e-16
4e-05	2.8e-05	4.27324e-17
4e-05	3.2e-05	-1.29454e-17
4e-05	3.6e-05	-1.163e-16
4e-05	4e-05	-8.50282e-17
4e-05	4.4e-05	-1.99979e-16
4e-05	4.8e-05	-9.50076e-18
4e-05	5.2e-05	-1.75408e-16
4e-05	5.6e-05	-3.27299e-17
4e-05	6e-05	-1.52871e-16
4e-05	6.4e-05	-4.55568e-17
4e-05	6.8e-05	-1.77334e-16
4e-05	7.2e-05	6.05174e-17
4e-05	7.6e-05	-9.01235e-17
4.4e-05	-8e-05	-1.83007e-18
4.4e-05	-7.6e-05	-1.62572e-16
4.4e-05	-7.2e-05	-1.09366e-16
4.4e-05	-6.8e-05	-1.43211e-16
4.4e-05	-6.4e-05	-6.23732e-17
4.4e-05	-6e-05	-1.40609e-16
4.4e-05	-5.6e-05	-1.08083e-16
4.4e-05	-5.2e-05	-2.57383e-16
4.4e-05	-4.8e-05	-3.46895e-16
4.4e-05	-4.4e-05	-2.37328e-16
4.4e-05	-4e-05	-1.12212e-16
4.4e-05	-3.6e-05	-2.17641e-16
4.4e-05	-3.2e-05	-2.6075e-18
4.4e-05	-2.8e-05	-1.07058e-16
4.4e-05	-2.4e-05	2.08579e-16
4.4e-05	-2e-05	6.66498e-17
4.4e-05	-1.6e-05	1.54887e-16
4.4e-05	-1.2e-05	5.64844e-17
4.4e-05	-8e-06	1.9798e-16
4.4e-05	-4e-06	-9.33942e-17
4.4e-05	0	-3.39268e-17
4.4e-05	4e-06	-1.31704e-16
4.4e-05	8e-06	-1.55467e-16
4.4e-05	1.2e-05	-7.98445e-17
4.4e-05	1.6e-05	3.03154e-17
4.4e-05	2e-05	-1.60614e-17
4.4e-05	2.4e-05	3.7429e-17
4.4e-05	2.8e-05	-6.80689e-18
4.4e-05	3.2e-05	-6.29608e-20
4.4e-05	3.6e-05	-2.58273e-17
4.4e-05	4e-05	-9.96612e-17
4.4e-05	4.4e-05	1.48706e-17
4.4e-05	4.8e-05	-5.96933e-17
4.4e-05	5.2e-05	3.03821e-17
4.4e-05	5.6e-05	-6.99922e-17
4.4e-05	6e-05	-6.08687e-17
4.4e-05	6.4e-05	-1.60086e-16
4.4e-05	6.8e-05	-8.44791e-17
4.4e-05	7.2e-05	-2.10566e-16
4.4e-05	7.6e-05	-6.11565e-17
4.8e-05	-8e-05	-9.64524e-17
4.8e-05	-7.6e-05	-8.04938e-17
4.8e-05	-7.2e-05	-2.08264e-16
4.8e-05	-6.8e-05	-1.37618e-16
4.8e-05	-6.4e-05	-2.27467e-16
4.8e-05	-6e-05	-1.15603e-16
4.8e-05	-5.6e-05	-2.88324e-16
4.8e-05	-5.2e-05	-1.2552e-16
4.8e-05	-4.8e-05	-2.33771e-16
4.8e-05	-4.4e-05	-2.02959e-16
4.8e-05	-4e-05	-1.40291e-16
4.8e-05	-3.6e-05	-9.90424e-17
4.8e-05	-3.2e-05	-5.45305e-17
4.8e-05	-2.8e-05	1.76591e-17
4.8e-05	-2.4e-05	2.18685e-18
4.8e-05	-2e-05	-6.64118e-17
4.8e-05	-1.6e-05	9.02372e-17
4.8e-05	-1.2e-05	-1.27882e-16
4.8e-05	-8e-06	3.27792e-17
4.8e-05	-4e-06	-8.01293e-17
4.8e-05	0	1.786e-17
4.8e-05	4e-06	-1.22035e-16
4.8e-05	8e-06	-1.22401e-16
4.8e-05	1.2e-05	2.45263e-17
4.8e-05	1.6e-05	-1.12976e-16
4.8e-05	2e-05	1.02126e-16
4.8e-05	2.4e-05	-1.39144e-16
4.8e-05	2.8e-05	2.05433e-17
4.8e-05	3.2e-05	-7.28573e-17
4.8e-05	3.6e-05	-8.13357e-18
4.8e-05	4e-05	6.56261e-17
4.8e-05	4.4e-05	1.37759e-17
4.8e-05	4.8e-05	4.5118e-17
4.8e-05	5.2e-05	-6.03714e-17
4.8e-05	5.6e-05	9.56004e-17
4.8e-05	6e-05	2.03625e-17
4.8e-05	6.4e-05	3.46127e-17
4.8e-05	6.8e-05	-1.00133e-16
4.8e-05	7.2e-05	1.83276e-17
4.8e-05	7.6e-05	-2.1524e-16
5.2e-05	-8e-05	3.34606e-17
5.2e-05	-7.6e-05	-1.01303e-16
5.2e-05	-7.2e-05	8.53388e-17
5.2e-05	-6.8e-05	-1.95614e-16
5.2e-05	-6.4e-05	-6.49445e-18
5.2e-05	-6e-05	-1.14874e-16
5.2e-05	-5.6e-05	-6.68533e-17
5.2e-05	-5.2e-05	-1.36914e-16
5.2e-05	-4.8e-05	-6.51486e-17
5.2e-05	-4.4e-05	-6.83339e-17
5.2e-05	-4e-05	-1.38969e-16
5.2e-05	-3.6e-05	4.04875e-17
5.2e-05	-3.2e-05	-2.33147e-16
5.2e-05	-2.8e-05	-9.19674e-17
5.2e-05	-2.4e-05	-2.63335e-16
5.2e-05	-2e-05	-8.06799e-17
5.2e-05	-1.6e-05	-2.89566e-16
5.2e-05	-1.2e-05	2.79941e-17
5.2e-05	-8e-06	-2.92436e-16
5.2e-05	-4e-06	9.67235e-17
5.2e-05	0	3.7471e-17
5.2e-05	4e-06	1.83712e-16
5.2e-05	8e-06	1.41839e-16
5.2e-05	1.2e-05	5.30676e-17
5.2e-05	1.6e-05	1.77462e-16
5.2e-05	2e-05	-1.07113e-16
5.2e-05	2.4e-05	3.40145e-17
5.2e-05	2.8e-05	-2.42061e-16
5.2e-05	3.2e-05	1.93518e-17
5.2e-05	3.6e-05	-2.06435e-16
5.2e-05	4e-05	4.94162e-17
5.2e-05	4.4e-05	-1.48086e-16
5.2e-05	4.8e-05	-1.41975e-16
5.2e-05	5.2e-05	-6.29683e-17
5.2e-05	5.6e-05	-6.58039e-17
5.2e-05	6e-05	-2.10534e-17
5.2e-05	6.4e-05	-6.56371e-17
5.2e-05	6.8e-05	-5.15425e-17
5.2e-05	7.2e-05	-1.3805e-16
5.2e-05	7.6e-05	-2.25849e-17
5.6e-05	-8e-05	-2.00808e-16
5.6e-05	-7.6e-05	1.83067e-17
5.6e-05	-7.2e-05	-2.06633e-16
5.6e-05	-6.8e-05	2.49101e-17
5.6e-05	-6.4e-05	-1.41238e-16
5.6e-05	-6e-05	-7.09099e-17
5.6e-05	-5.6e-05	-8.27783e-17
5.6e-05	-5.2e-05	-1.65137e-16
5.6e-05	-4.8e-05	-1.60563e-16
5.6e-05	-4.4e-05	-1.96422e-16
5.6e-05	-4e-05	-2.19492e-17
5.6e-05	-3.6e-05	-2.95783e-16
5.6e-05	-3.2e-05	-1.36189e-16
5.6e-05	-2.8e-05	-4.31888e-16
5.6e-05	-2.4e-05	-6.21188e-17
5.6e-05	-2e-05	-4.08092e-16
5.6e-05	-1.6e-05	1.9657e-17
5.6e-05	-1.2e-05	-2.04438e-16
5.6e-05	-8e-06	1.59498e-16
5.6e-05	-4e-06	-1.55557e-18
5.6e-05	0	2.73597e-16
5.6e-05	4e-06	2.71113e-16
5.6e-05	8e-06	2.83137e-16
5.6e-05	1.2e-05	2.39035e-16
5.6e-05	1.6e-05	6.11776e-17
5.6e-05	2e-05	1.76163e-16
5.6e-05	2.4e-05	-7.36351e-17
5.6e-05	2.8e-05	1.26131e-16
5.6e-05	3.2e-05	-1.88308e-16
5.6e-05	3.6e-05	2.90237e-17
5.6e-05	4e-05	-1.47096e-16
5.6e-05	4.4e-05	-2.87779e-17
5.6e-05	4.8e-05	-1.50109e-16
5.6e-05	5.2e-05	-8.9471e-17
5.6e-05	5.6e-05	-1.76532e-16
5.6e-05	6e-05	-1.13055e-16
5.6e-05	6.4e-05	-1.79114e-16
5.6e-05	6.8e-05	-9.0395e-17
5.6e-05	7.2e-05	-2.25815e-16
5.6e-05	7.6e-05	-1.70915e-16
6e-05	-8e-05	-7.29632e-17
6e-05	-7.6e-05	-1.78509e-16
6e-05	-7.2e-05	-7.13813e-17
6e-05	-6.8e-05	-6.25636e-17
6e-05	-6.4e-05	-1.14728e-16
6e-05	-6e-05	-9.55018e-17
6e-05	-5.6e-05	-2.49325e-16
6e-05	-5.2e-05	-1.75773e-16
6e-05	-4.8e-05	-2.42731e-16
6e-05	-4.4e-05	-1.20766e-16
6e-05	-4e-05	-3.35784e-16
6e-05	-3.6e-05	-3.35427e-17
6e-05	-3.2e-05	-3.3733e-16
6e-05	-2.8e-05	-1.9377e-17
6e-05	-2.4e-05	-1.65655e-16
6e-05	-2e-05	1.37426e-16
6e-05	-1.6e-05	2.66345e-17
6e-05	-1.2e-05	2.64768e-16
6e-05	-8e-06	5.83382e-17
6e-05	-4e-06	2.92397e-16
6e-05	0	1.43624e-16
6e-05	4e-06	2.75739e-16
6e-05	8e-06	1.73389e-16
6e-05	1.2e-05	1.21877e-16
6e-05	1.6e-05	2.40787e-16
6e-05	2e-05	1.04494e-16
6e-05	2.4e-05	1.86304e-16
6e-05	2.8e-05	3.59466e-17
6e-05	3.2e-05	1.37073e-16
6e-05	3.6e-05	-5.53618e-17
6e-05	4e-05	8.781e-18
6e-05	4.4e-05	-9.04718e-17
6e-05	4.8e-05	-3.12448e-17
6e-05	5.2e-05	-9.74393e-17
6e-05	5.6e-05	-4.32803e-17
6e-05	6e-05	-1.56698e-16
6e-05	6.4e-05	-1.48259e-16
6e-05	6.8e-05	-1.37626e-16
6e-05	7.2e-05	-1.34301e-16
6e-05	7.6e-05	-2.25143e-16
6.4e-05	-8e-05	-1.11682e-16
6.4e-05	-7.6e-05	-2.22107e-16
6.4e-05	-7.2e-05	-1.37335e-16
6.4e-05	-6.8e-05	-2.27527e-16
6.4e-05	-6.4e-05	-6.49026e-17
6.4e-05	-6e-05	-1.89419e-16
6.4e-05	-5.6e-05	-3.75457e-17
6.4e-05	-5.2e-05	-2.23258e-16
6.4e-05	-4.8e-05	-2.01509e-17
6.4e-05	-4.4e-05	-1.96815e-16
6.4e-05	-4e-05	3.42266e-17
6.4e-05	-3.6e-05	-1.56377e-16
6.4e-05	-3.2e-05	8.50009e-17
6.4e-05	-2.8e-05	-5.9933e-17
6.4e-05	-2.4e-05	1.70329e-16
6.4e-05	-2e-05	1.2157e-16
6.4e-05	-1.6e-05	2.06239e-16
6.4e-05	-1.2e-05	1.20502e-16
6.4e-05	-8e-06	1.82478e-16
6.4e-05	-4e-06	1.28573e-16
6.4e-05	0	1.1261e-16
6.4e-05	4e-06	7.33161e-17
6.4e-05	8e-06	1.31739e-16
6.4e-05	1.2e-05	6.10003e-17
6.4e-05	1.6e-05	1.80014e-16
6.4e-05	2e-05	1.25631e-16
6.4e-05	2.4e-05	2.07033e-16
6.4e-05	2.8e-05	1.28501e-16
6.4e-05	3.2e-05	1.53507e-16
6.4e-05	3.6e-05	8.00858e-17
6.4e-05	4e-05	8.85818e-17
6.4e-05	4.4e-05	8.49427e-17
6.4e-05	4.8e-05	5.83061e-17
6.4e-05	5.2e-05	5.54135e-17
6.4e-05	5.6e-05	6.02719e-19
6.4e-05	6e-05	1.47239e-17
6.4e-05	6.4e-05	-7.07648e-17
6.4e-05	6.8e-05	1.70957e-18
6.4e-05	7.2e-05	-1.28369e-16
6.4e-05	7.6e-05	2.41309e-17
6.8e-05	-8e-05	-1.8342e-16
6.8e-05	-7.6e-05	1.95155e-18
6.8e-05	-7.2e-05	-2.75319e-16
6.8e-05	-6.8e-05	-3.85918e-17
6.8e-05	-6.4e-05	-2.33372e-16
6.8e-05	-6e-05	5.521e-17
6.8e-05	-5.6e-05	-1.452e-16
6.8e-05	-5.2e-05	1.09847e-16
6.8e-05	-4.8e-05	-9.62277e-17
6.8e-05	-4.4e-05	1.40233e-16
6.8e-05	-4e-05	-3.75982e-17
6.8e-05	-3.6e-05	1.31343e-16
6.8e-05	-3.2e-05	1.17901e-16
6.8e-05	-2.8e-05	1.36697e-16
6.8e-05	-2.4e-05	1.24268e-16
6.8e-05	-2e-05	1.01717e-16
6.8e-05	-1.6e-05	1.31444e-16
6.8e-05	-1.2e-05	4.33255e-17
6.8e-05	-8e-06	1.57994e-16
6.8e-05	-4e-06	4.05444e-17
6.8e-05	0	1.19214e-16
6.8e-05	4e-06	1.00485e-16
6.8e-05	8e-06	6.34707e-17
6.8e-05	1.2e-05	1.5092e-16
6.8e-05	1.6e-05	3.78634e-17
6.8e-05	2e-05	2.22376e-16
6.8e-05	2.4e-05	3.22843e-17
6.8e-05	2.8e-05	2.01844e-16
6.8e-05	3.2e-05	6.41345e-17
6.8e-05	3.6e-05	2.16113e-16
6.8e-05	4e-05	5.95828e-17
6.8e-05	4.4e-05	1.74295e-16
6.8e-05	4.8e-05	1.1259e-16
6.8e-05	5.2e-05	9.00808e-17
6.8e-05	5.6e-05	8.4058e-17
6.8e-05	6e-05	1.01402e-16
6.8e-05	6.4e-05	9.56021e-17
6.8e-05	6.8e-05	2.35491e-17
6.8e-05	7.2e-05	8.60506e-17
6.8e-05	7.6e-05	-5.19343e-17
7.2e-05	-8e-05	6.25556e-17
7.2e-05	-7.6e-05	-1.61655e-16
7.2e-05	-7.2e-05	8.46128e-17
7.2e-05	-6.8e-05	-1.55534e-16
7.2e-05	-6.4e-05	1.08061e-16
7.2e-05	-6e-05	-1.16594e-16
7.2e-05	-5.6e-05	5.30194e-17
7.2e-05	-5.2e-05	-4.71623e-17
7.2e-05	-4.8e-05	1.18499e-16
7.2e-05	-4.4e-05	1.48541e-17
7.2e-05	-4e-05	1.36619e-16
7.2e-05	-3.6e-05	1.05159e-16
7.2e-05	-3.2e-05	1.43936e-16
7.2e-05	-2.8e-05	1.04942e-16
7.2e-05	-2.4e-05	7.29198e-17
7.2e-05	-2e-05	1.8346e-16
7.2e-05	-1.6e-05	6.0812e-17
7.2e-05	-1.2e-05	8.53103e-17
7.2e-05	-8e-06	-6.50724e-18
7.2e-05	-4e-06	1.54373e-16
7.2e-05	0	9.04242e-17
7.2e-05	4e-06	8.75017e-17
7.2e-05	8e-06	8.28766e-17
7.2e-05	1.2e-05	3.44336e-17
7.2e-05	1.6e-05	1.57535e-16
7.2e-05	2e-05	-1.63725e-17
7.2e-05	2.4e-05	1.67788e-16
7.2e-05	2.8e-05	-9.40545e-18
7.2e-05	3.2e-05	2.04222e-16
7.2e-05	3.6e-05	3.94502e-17
7.2e-05	4e-05	1.39049e-16
7.2e-05	4.4e-05	1.00572e-16
7.2e-05	4.8e-05	8.70943e-17
7.2e-05	5.2e-05	6.44483e-17
7.2e-05	5.6e-05	6.76236e-17
7.2e-05	6e-05	5.71637e-17
7.2e-05	6.4e-05	3.22102e-17
7.2e-05	6.8e-05	6.88772e-17
7.2e-05	7.2e-05	9.39509e-18
7.2e-05	7.6e-05	5.6493e-17
7.6e-05	-8e-05	-2.77262e-17
7.6e-05	-7.6e-05	3.81795e-17
7.6e-05	-7.2e-05	-7.46446e-17
7.6e-05	-6.8e-05	6.6418e-17
7.6e-05	-6.4e-05	-7.7286e-17
7.6e-05	-6e-05	2.64864e-17
7.6e-05	-5.6e-05	-2.3667e-17
7.6e-05	-5.2e-05	3.1817e-17
7.6e-05	-4.8e-05	-4.60293e-18
7.6e-05	-4.4e-05	5.37623e-17
7.6e-05	-4e-05	8.21711e-18
7.6e-05	-3.6e-05	9.75721e-17
7.6e-05	-3.2e-05	3.65726e-17
7.6e-05	-2.8e-05	4.82363e-17
7.6e-05	-2.4e-05	7.97052e-17
7.6e-05	-2e-05	2.45354e-17
7.6e-05	-1.6e-05	7.31655e-17
7.6e-05	-1.2e-05	2.89281e-19
7.6e-05	-8e-06	8.32313e-17
7.6e-05	-4e-06	4.67184e-17
7.6e-05	0	9.31561e-17
7.6e-05	4e-06	6.17475e-17
7.6e-05	8e-06	7.20357e-17
7.6e-05	1.2e-05	9.74548e-17
7.6e-05	1.6e-05	-1.58359e-18
7.6e-05	2e-05	1.01883e-16
7.6e-05	2.4e-05	-1.93858e-17
7.6e-05	2.8e-05	1.37708e-16
7.6e-05	3.2e-05	4.89699e-18
7.6e-05	3.6e-05	1.13858e-16
7.6e-05	4e-05	6.55096e-17
7.6e-05	4.4e-05	4.44543e-17
7.6e-05	4.8e-05	5.50738e-17
7.6e-05	5.2e-05	5.75424e-17
7.6e-05	5.6e-05	3.50056e-17
7.6e-05	6e-05	-6.92796e-18
7.6e-05	6.4e-05	5.22005e-17
7.6e-05	6.8e-05	1.20674e-18
7.6e-05	7.2e-05	3.06083e-17
7.6e-05	7.6e-05	-1.22749e-17
