-8e-05	-8e-05	4.74833e-17
-8e-05	-7.6e-05	-7.90802e-17
-8e-05	-7.2e-05	-1.4854e-15
-8e-05	-6.8e-05	2.99124e-16
-8e-05	-6.4e-05	9.52476e-16
-8e-05	-6e-05	-2.2086e-17
-8e-05	-5.6e-05	-1.55097e-16
-8e-05	-5.2e-05	1.17388e-16
-8e-05	-4.8e-05	1.64842e-16
-8e-05	-4.4e-05	3.04099e-17
-8e-05	-4e-05	1.50531e-16
-8e-05	-3.6e-05	2.17162e-17
-8e-05	-3.2e-05	-1.12951e-16
-8e-05	-2.8e-05	7.8693e-18
-8e-05	-2.4e-05	-2.67766e-16
-8e-05	-2e-05	1.47419e-17
-8e-05	-1.6e-05	-2.7664e-16
-8e-05	-1.2e-05	-1.76834e-17
-8e-05	-8e-06	-3.04178e-17
-8e-05	-4e-06	1.87332e-17
-8e-05	0	6.01594e-17
-8e-05	4e-06	-2.99604e-17
-8e-05	8e-06	-3.79597e-17
-8e-05	1.2e-05	-4.41018e-18
-8e-05	1.6e-05	9.25748e-17
-8e-05	2e-05	-1.0508e-17
-8e-05	2.4e-05	7.96767e-17
-8e-05	2.8e-05	-1.05283e-17
-8e-05	3.2e-05	7.79896e-17
-8e-05	3.6e-05	-4.79201e-18
-8e-05	4e-05	3.93272e-17
-8e-05	4.4e-05	2.17616e-17
-8e-05	4.8e-05	-3.89541e-17
-8e-05	5.2e-05	3.89943e-17
-8e-05	5.6e-05	2.88965e-16
-8e-05	6e-05	5.36773e-16
-8e-05	6.4e-05	-3.05576e-16
-8e-05	6.8e-05	-1.75355e-15
-8e-05	7.2e-05	-1.14012e-15
-8e-05	7.6e-05	-1.25341e-15
-7.6e-05	-8e-05	-1.19261e-15
-7.6e-05	-7.6e-05	6.07475e-16
-7.6e-05	-7.2e-05	4.20021e-16
-7.6e-05	-6.8e-05	-9.71445e-16
-7.6e-05	-6.4e-05	-1.79018e-16
-7.6e-05	-6e-05	-6.8435e-17
-7.6e-05	-5.6e-05	-1.77289e-16
-7.6e-05	-5.2e-05	-2.10573e-15
-7.6e-05	-4.8e-05	-5.97318e-17
-7.6e-05	-4.4e-05	2.0517e-16
-7.6e-05	-4e-05	2.1833e-16
-7.6e-05	-3.6e-05	6.35063e-15
-7.6e-05	-3.2e-05	-3.04761e-16
-7.6e-05	-2.8e-05	3.35908e-15
-7.6e-05	-2.4e-05	1.07763e-16
-7.6e-05	-2e-05	-2.53743e-16
-7.6e-05	-1.6e-05	2.5563e-16
-7.6e-05	-1.2e-05	-1.15956e-16
-7.6e-05	-8e-06	3.29487e-16
-7.6e-05	-4e-06	-1.48789e-16
-7.6e-05	0	-1.86944e-16
-7.6e-05	4e-06	2.9641e-17
-7.6e-05	8e-06	-4.96696e-17
-7.6e-05	1.2e-05	3.05985e-17
-7.6e-05	1.6e-05	-4.5516e-17
-7.6e-05	2e-05	-1.21389e-16
-7.6e-05	2.4e-05	2.18633e-17
-7.6e-05	2.8e-05	-1.68478e-16
-7.6e-05	3.2e-05	-3.67309e-17
-7.6e-05	3.6e-05	-9.37128e-17
-7.6e-05	4e-05	-1.64273e-16
-7.6e-05	4.4e-05	2.8868e-17
-7.6e-05	4.8e-05	2.22908e-17
-7.6e-05	5.2e-05	3.55394e-17
-7.6e-05	5.6e-05	-3.42975e-18
-7.6e-05	6e-05	1.0439e-16
-7.6e-05	6.4e-05	1.18755e-16
-7.6e-05	6.8e-05	-1.47651e-16
-7.6e-05	7.2e-05	-8.2035e-18
-7.6e-05	7.6e-05	1.21144e-16
-7.2e-05	-8e-05	-7.83007e-16
-7.2e-05	-7.6e-05	2.51116e-16
-7.2e-05	-7.2e-05	-1.68704e-16
-7.2e-05	-6.8e-05	-4.74426e-16
-7.2e-05	-6.4e-05	5.19467e-16
-7.2e-05	-6e-05	2.24633e-16
-7.2e-05	-5.6e-05	1.9315e-17
-7.2e-05	-5.2e-05	5.99279e-17
-7.2e-05	-4.8e-05	5.39554e-18
-7.2e-05	-4.4e-05	1.29652e-16
-7.2e-05	-4e-05	-5.16736e-17
-7.2e-05	-3.6e-05	-6.09889e-17
-7.2e-05	-3.2e-05	-2.58232e-17
-7.2e-05	-2.8e-05	5.8597e-17
-7.2e-05	-2.4e-05	-4.71886e-17
-7.2e-05	-2e-05	2.82084e-17
-7.2e-05	-1.6e-05	-3.62094e-17
-7.2e-05	-1.2e-05	-6.69364e-17
-7.2e-05	-8e-06	3.02125e-17
-7.2e-05	-4e-06	2.48096e-17
-7.2e-05	0	-7.92783e-17
-7.2e-05	4e-06	-4.472e-17
-7.2e-05	8e-06	-1.46601e-17
-7.2e-05	1.2e-05	1.04111e-17
-7.2e-05	1.6e-05	1.58705e-17
-7.2e-05	2e-05	-4.24016e-17
-7.2e-05	2.4e-05	-2.97503e-17
-7.2e-05	2.8e-05	-3.47679e-17
-7.2e-05	3.2e-05	1.17804e-17
-7.2e-05	3.6e-05	-3.59601e-17
-7.2e-05	4e-05	-2.80861e-17
-7.2e-05	4.4e-05	2.1008e-18
-7.2e-05	4.8e-05	3.8183e-17
-7.2e-05	5.2e-05	-3.71997e-17
-7.2e-05	5.6e-05	7.47316e-17
-7.2e-05	6e-05	-1.18097e-16
-7.2e-05	6.4e-05	1.54371e-16
-7.2e-05	6.8e-05	3.93679e-16
-7.2e-05	7.2e-05	-2.00569e-16
-7.2e-05	7.6e-05	4.67159e-16
-6.8e-05	-8e-05	-2.20237e-16
-6.8e-05	-7.6e-05	5.64452e-16
-6.8e-05	-7.2e-05	-4.20576e-16
-6.8e-05	-6.8e-05	9.39958e-16
-6.8e-05	-6.4e-05	2.4642e-16
-6.8e-05	-6e-05	-4.11288e-16
-6.8e-05	-5.6e-05	1.6721e-16
-6.8e-05	-5.2e-05	-1.30033e-16
-6.8e-05	-4.8e-05	7.77076e-17
-6.8e-05	-4.4e-05	1.80082e-16
-6.8e-05	-4e-05	-1.12609e-17
-6.8e-05	-3.6e-05	-1.42216e-16
-6.8e-05	-3.2e-05	1.17746e-17
-6.8e-05	-2.8e-05	-4.28295e-17
-6.8e-05	-2.4e-05	3.72994e-17
-6.8e-05	-2e-05	-3.6973e-17
-6.8e-05	-1.6e-05	-6.94389e-17
-6.8e-05	-1.2e-05	6.27301e-18
-6.8e-05	-8e-06	6.47954e-18
-6.8e-05	-4e-06	-4.37428e-17
-6.8e-05	0	-2.06183e-17
-6.8e-05	4e-06	-6.00065e-17
-6.8e-05	8e-06	-4.36141e-17
-6.8e-05	1.2e-05	4.6342e-17
-6.8e-05	1.6e-05	-1.28754e-17
-6.8e-05	2e-05	-1.58399e-17
-6.8e-05	2.4e-05	-5.93582e-17
-6.8e-05	2.8e-05	-3.3327e-17
-6.8e-05	3.2e-05	-1.40006e-17
-6.8e-05	3.6e-05	-3.04456e-17
-6.8e-05	4e-05	-1.1061e-16
-6.8e-05	4.4e-05	1.03227e-17
-6.8e-05	4.8e-05	4.99174e-17
-6.8e-05	5.2e-05	4.90613e-17
-6.8e-05	5.6e-05	7.35905e-17
-6.8e-05	6e-05	1.40241e-16
-6.8e-05	6.4e-05	-3.09256e-16
-6.8e-05	6.8e-05	2.25177e-16
-6.8e-05	7.2e-05	6.44824e-17
-6.8e-05	7.6e-05	3.10156e-18
-6.4e-05	-8e-05	2.57046e-16
-6.4e-05	-7.6e-05	-3.92663e-17
-6.4e-05	-7.2e-05	1.70087e-16
-6.4e-05	-6.8e-05	3.15889e-16
-6.4e-05	-6.4e-05	-7.29552e-16
-6.4e-05	-6e-05	2.82408e-16
-6.4e-05	-5.6e-05	2.83907e-16
-6.4e-05	-5.2e-05	6.33189e-17
-6.4e-05	-4.8e-05	1.92981e-16
-6.4e-05	-4.4e-05	1.61261e-16
-6.4e-05	-4e-05	-2.50982e-16
-6.4e-05	-3.6e-05	-1.7651e-16
-6.4e-05	-3.2e-05	-1.3112e-17
-6.4e-05	-2.8e-05	9.10226e-17
-6.4e-05	-2.4e-05	-5.58626e-17
-6.4e-05	-2e-05	-5.01407e-18
-6.4e-05	-1.6e-05	-4.31615e-17
-6.4e-05	-1.2e-05	-7.87096e-17
-6.4e-05	-8e-06	4.20496e-17
-6.4e-05	-4e-06	7.44556e-17
-6.4e-05	0	-1.45244e-16
-6.4e-05	4e-06	-9.81117e-17
-6.4e-05	8e-06	3.07217e-17
-6.4e-05	1.2e-05	1.87125e-17
-6.4e-05	1.6e-05	1.96411e-17
-6.4e-05	2e-05	-5.58776e-17
-6.4e-05	2.4e-05	-6.57451e-17
-6.4e-05	2.8e-05	-5.93035e-17
-6.4e-05	3.2e-05	4.47705e-17
-6.4e-05	3.6e-05	-3.36879e-17
-6.4e-05	4e-05	-5.32558e-17
-6.4e-05	4.4e-05	-1.07726e-16
-6.4e-05	4.8e-05	4.10292e-17
-6.4e-05	5.2e-05	-7.16557e-17
-6.4e-05	5.6e-05	4.44572e-17
-6.4e-05	6e-05	2.08983e-16
-6.4e-05	6.4e-05	1.65682e-16
-6.4e-05	6.8e-05	-5.74744e-17
-6.4e-05	7.2e-05	2.80738e-16
-6.4e-05	7.6e-05	-3.98058e-17
-6e-05	-8e-05	2.74644e-16
-6e-05	-7.6e-05	-3.42185e-17
-6e-05	-7.2e-05	3.56093e-16
-6e-05	-6.8e-05	-1.43928e-16
-6e-05	-6.4e-05	2.63403e-16
-6e-05	-6e-05	5.21891e-16
-6e-05	-5.6e-05	2.85423e-17
-6e-05	-5.2e-05	-2.7688e-16
-6e-05	-4.8e-05	1.93791e-16
-6e-05	-4.4e-05	-1.65543e-17
-6e-05	-4e-05	-2.08117e-16
-6e-05	-3.6e-05	-9.84244e-17
-6e-05	-3.2e-05	1.26303e-16
-6e-05	-2.8e-05	-8.52098e-17
-6e-05	-2.4e-05	1.41626e-17
-6e-05	-2e-05	-4.52421e-17
-6e-05	-1.6e-05	-1.60498e-16
-6e-05	-1.2e-05	1.37412e-17
-6e-05	-8e-06	7.85658e-17
-6e-05	-4e-06	-8.37946e-17
-6e-05	0	-3.9682e-17
-6e-05	4e-06	-6.3859e-17
-6e-05	8e-06	-3.86512e-17
-6e-05	1.2e-05	9.79591e-17
-6e-05	1.6e-05	-2.96807e-17
-6e-05	2e-05	-8.38659e-17
-6e-05	2.4e-05	-5.90097e-17
-6e-05	2.8e-05	-3.36389e-17
-6e-05	3.2e-05	-2.133e-17
-6e-05	3.6e-05	3.51292e-17
-6e-05	4e-05	-1.37485e-16
-6e-05	4.4e-05	-6.58206e-17
-6e-05	4.8e-05	5.29778e-17
-6e-05	5.2e-05	7.04865e-17
-6e-05	5.6e-05	-1.74013e-16
-6e-05	6e-05	6.35058e-17
-6e-05	6.4e-05	-1.41054e-17
-6e-05	6.8e-05	1.4545e-16
-6e-05	7.2e-05	-1.56623e-17
-6e-05	7.6e-05	2.34897e-16
-5.6e-05	-8e-05	-9.53415e-18
-5.6e-05	-7.6e-05	2.57711e-16
-5.6e-05	-7.2e-05	-1.76444e-17
-5.6e-05	-6.8e-05	1.84963e-16
-5.6e-05	-6.4e-05	1.25035e-17
-5.6e-05	-6e-05	6.62617e-17
-5.6e-05	-5.6e-05	-4.78587e-16
-5.6e-05	-5.2e-05	2.25846e-16
-5.6e-05	-4.8e-05	4.78517e-16
-5.6e-05	-4.4e-05	-8.44877e-17
-5.6e-05	-4e-05	-3.9675e-16
-5.6e-05	-3.6e-05	-3.45668e-17
-5.6e-05	-3.2e-05	-6.72926e-18
-5.6e-05	-2.8e-05	5.60608e-17
-5.6e-05	-2.4e-05	-3.38599e-17
-5.6e-05	-2e-05	-7.5768e-17
-5.6e-05	-1.6e-05	-7.37636e-17
-5.6e-05	-1.2e-05	-8.6591e-17
-5.6e-05	-8e-06	4.52052e-19
-5.6e-05	-4e-06	1.11441e-16
-5.6e-05	0	-1.65254e-16
-5.6e-05	4e-06	-1.39377e-16
-5.6e-05	8e-06	1.04385e-16
-5.6e-05	1.2e-05	7.58668e-19
-5.6e-05	1.6e-05	-7.99372e-18
-5.6e-05	2e-05	-1.1077e-16
-5.6e-05	2.4e-05	-1.35041e-16
-5.6e-05	2.8e-05	-2.4989e-17
-5.6e-05	3.2e-05	2.85059e-17
-5.6e-05	3.6e-05	2.26136e-17
-5.6e-05	4e-05	-2.47571e-17
-5.6e-05	4.4e-05	-3.18034e-16
-5.6e-05	4.8e-05	-6.38759e-17
-5.6e-05	5.2e-05	1.59534e-16
-5.6e-05	5.6e-05	8.3725e-17
-5.6e-05	6e-05	1.42055e-17
-5.6e-05	6.4e-05	9.95514e-17
-5.6e-05	6.8e-05	-6.5571e-17
-5.6e-05	7.2e-05	1.15433e-16
-5.6e-05	7.6e-05	-1.3464e-16
-5.2e-05	-8e-05	1.40439e-16
-5.2e-05	-7.6e-05	-1.59153e-16
-5.2e-05	-7.2e-05	1.28994e-16
-5.2e-05	-6.8e-05	-1.09591e-16
-5.2e-05	-6.4e-05	1.26151e-16
-5.2e-05	-6e-05	1.42968e-17
-5.2e-05	-5.6e-05	2.18e-16
-5.2e-05	-5.2e-05	6.22511e-16
-5.2e-05	-4.8e-05	-6.05848e-17
-5.2e-05	-4.4e-05	-7.7624e-16
-5.2e-05	-4e-05	-2.48271e-16
-5.2e-05	-3.6e-05	1.5936e-16
-5.2e-05	-3.2e-05	2.24914e-16
-5.2e-05	-2.8e-05	-1.1679e-16
-5.2e-05	-2.4e-05	-4.48508e-17
-5.2e-05	-2e-05	-5.06953e-17
-5.2e-05	-1.6e-05	-2.33882e-16
-5.2e-05	-1.2e-05	2.77825e-17
-5.2e-05	-8e-06	1.58988e-16
-5.2e-05	-4e-06	-1.98991e-16
-5.2e-05	0	-4.44954e-17
-5.2e-05	4e-06	-3.46462e-17
-5.2e-05	8e-06	-5.74149e-17
-5.2e-05	1.2e-05	1.50379e-16
-5.2e-05	1.6e-05	-1.15777e-16
-5.2e-05	2e-05	-1.46345e-16
-5.2e-05	2.4e-05	-7.36014e-17
-5.2e-05	2.8e-05	-1.00216e-16
-5.2e-05	3.2e-05	-4.64772e-17
-5.2e-05	3.6e-05	1.18705e-16
-5.2e-05	4e-05	5.72201e-17
-5.2e-05	4.4e-05	-7.13879e-17
-5.2e-05	4.8e-05	-4.21069e-16
-5.2e-05	5.2e-05	-7.99179e-17
-5.2e-05	5.6e-05	-1.57431e-17
-5.2e-05	6e-05	8.80348e-17
-5.2e-05	6.4e-05	1.81239e-16
-5.2e-05	6.8e-05	1.52047e-16
-5.2e-05	7.2e-05	1.93354e-16
-5.2e-05	7.6e-05	1.80819e-16
-4.8e-05	-8e-05	2.0004e-16
-4.8e-05	-7.6e-05	2.02457e-16
-4.8e-05	-7.2e-05	2.6648e-16
-4.8e-05	-6.8e-05	2.11683e-16
-4.8e-05	-6.4e-05	3.39094e-16
-4.8e-05	-6e-05	1.99138e-16
-4.8e-05	-5.6e-05	1.80748e-16
-4.8e-05	-5.2e-05	-8.79663e-17
-4.8e-05	-4.8e-05	-9.03931e-16
-4.8e-05	-4.4e-05	-2.79116e-16
-4.8e-05	-4e-05	2.75424e-16
-4.8e-05	-3.6e-05	3.1446e-16
-4.8e-05	-3.2e-05	-2.16609e-16
-4.8e-05	-2.8e-05	-9.84113e-17
-4.8e-05	-2.4e-05	5.5543e-17
-4.8e-05	-2e-05	-2.68046e-16
-4.8e-05	-1.6e-05	-1.76515e-17
-4.8e-05	-1.2e-05	1.21017e-17
-4.8e-05	-8e-06	-1.05299e-16
-4.8e-05	-4e-06	1.16225e-16
-4.8e-05	0	-1.38059e-16
-4.8e-05	4e-06	-7.5214e-17
-4.8e-05	8e-06	1.80205e-16
-4.8e-05	1.2e-05	-1.20299e-17
-4.8e-05	1.6e-05	-4.31367e-17
-4.8e-05	2e-05	-1.26502e-16
-4.8e-05	2.4e-05	-1.79573e-16
-4.8e-05	2.8e-05	4.50984e-17
-4.8e-05	3.2e-05	-5.43121e-17
-4.8e-05	3.6e-05	-1.1523e-16
-4.8e-05	4e-05	1.02674e-16
-4.8e-05	4.4e-05	8.09801e-17
-4.8e-05	4.8e-05	-1.0146e-16
-4.8e-05	5.2e-05	-3.6221e-16
-4.8e-05	5.6e-05	-1.42785e-16
-4.8e-05	6e-05	-2.81061e-16
-4.8e-05	6.4e-05	6.83965e-18
-4.8e-05	6.8e-05	-7.76617e-17
-4.8e-05	7.2e-05	1.29144e-16
-4.8e-05	7.6e-05	4.80127e-17
-4.4e-05	-8e-05	1.98904e-16
-4.4e-05	-7.6e-05	6.79186e-17
-4.4e-05	-7.2e-05	1.74129e-16
-4.4e-05	-6.8e-05	-3.47907e-17
-4.4e-05	-6.4e-05	5.44527e-17
-4.4e-05	-6e-05	-3.42381e-16
-4.4e-05	-5.6e-05	-2.13473e-16
-4.4e-05	-5.2e-05	-6.77994e-16
-4.4e-05	-4.8e-05	-2.77679e-16
-4.4e-05	-4.4e-05	3.24793e-16
-4.4e-05	-4e-05	2.67062e-16
-4.4e-05	-3.6e-05	-2.91179e-16
-4.4e-05	-3.2e-05	-7.44305e-17
-4.4e-05	-2.8e-05	6.61937e-17
-4.4e-05	-2.4e-05	-1.43019e-16
-4.4e-05	-2e-05	-3.64437e-17
-4.4e-05	-1.6e-05	-1.93338e-16
-4.4e-05	-1.2e-05	2.00889e-17
-4.4e-05	-8e-06	1.59107e-16
-4.4e-05	-4e-06	-2.62736e-16
-4.4e-05	0	-1.84372e-17
-4.4e-05	4e-06	1.18371e-16
-4.4e-05	8e-06	-1.52062e-17
-4.4e-05	1.2e-05	1.44904e-16
-4.4e-05	1.6e-05	-1.09343e-16
-4.4e-05	2e-05	-1.47357e-16
-4.4e-05	2.4e-05	-7.86101e-18
-4.4e-05	2.8e-05	-9.05773e-17
-4.4e-05	3.2e-05	6.38056e-17
-4.4e-05	3.6e-05	-4.5272e-17
-4.4e-05	4e-05	-1.49288e-16
-4.4e-05	4.4e-05	1.2661e-16
-4.4e-05	4.8e-05	4.16059e-17
-4.4e-05	5.2e-05	-5.35981e-17
-4.4e-05	5.6e-05	-1.81292e-16
-4.4e-05	6e-05	-2.06574e-16
-4.4e-05	6.4e-05	-3.17526e-16
-4.4e-05	6.8e-05	-2.10503e-16
-4.4e-05	7.2e-05	-3.13633e-16
-4.4e-05	7.6e-05	-1.55437e-16
-4e-05	-8e-05	-3.00713e-16
-4e-05	-7.6e-05	-1.77109e-16
-4e-05	-7.2e-05	-3.49603e-16
-4e-05	-6.8e-05	-2.54665e-16
-4e-05	-6.4e-05	-4.06512e-16
-4e-05	-6e-05	-3.2721e-16
-4e-05	-5.6e-05	-2.8242e-16
-4e-05	-5.2e-05	-1.53549e-16
-4e-05	-4.8e-05	2.08585e-16
-4e-05	-4.4e-05	3.09067e-16
-4e-05	-4e-05	-3.29467e-16
-4e-05	-3.6e-05	1.7901e-17
-4e-05	-3.2e-05	3.08859e-17
-4e-05	-2.8e-05	-1.3796e-16
-4e-05	-2.4e-05	4.27678e-17
-4e-05	-2e-05	-2.74161e-16
-4e-05	-1.6e-05	5.5177e-18
-4e-05	-1.2e-05	1.39305e-16
-4e-05	-8e-06	-3.61396e-16
-4e-05	-4e-06	-9.51588e-17
-4e-05	0	2.66162e-17
-4e-05	4e-06	7.01269e-17
-4e-05	8e-06	1.1586e-16
-4e-05	1.2e-05	-1.85067e-16
-4e-05	1.6e-05	-6.4068e-18
-4e-05	2e-05	-5.72874e-17
-4e-05	2.4e-05	-8.42172e-17
-4e-05	2.8e-05	4.40985e-17
-4e-05	3.2e-05	-1.54906e-16
-4e-05	3.6e-05	1.29089e-17
-4e-05	4e-05	-7.87377e-17
-4e-05	4.4e-05	-1.61062e-16
-4e-05	4.8e-05	1.49211e-16
-4e-05	5.2e-05	-3.65819e-17
-4e-05	5.6e-05	9.12496e-17
-4e-05	6e-05	-7.99168e-17
-4e-05	6.4e-05	-4.41967e-17
-4e-05	6.8e-05	-1.4587e-16
-4e-05	7.2e-05	-1.42766e-16
-4e-05	7.6e-05	-2.12154e-16
-3.6e-05	-8e-05	-1.7861e-16
-3.6e-05	-7.6e-05	-2.17298e-16
-3.6e-05	-7.2e-05	-1.85253e-16
-3.6e-05	-6.8e-05	-1.90216e-16
-3.6e-05	-6.4e-05	-9.37669e-17
-3.6e-05	-6e-05	-7.8097e-17
-3.6e-05	-5.6e-05	1.36714e-16
-3.6e-05	-5.2e-05	6.22058e-18
-3.6e-05	-4.8e-05	3.20838e-16
-3.6e-05	-4.4e-05	-2.9921e-16
-3.6e-05	-4e-05	-2.63103e-17
-3.6e-05	-3.6e-05	1.18756e-17
-3.6e-05	-3.2e-05	-2.73538e-16
-3.6e-05	-2.8e-05	5.06674e-17
-3.6e-05	-2.4e-05	-1.9765e-16
-3.6e-05	-2e-05	-1.34439e-17
-3.6e-05	-1.6e-05	-2.82169e-16
-3.6e-05	-1.2e-05	-8.16739e-15
-3.6e-05	-8e-06	-1.24127e-14
-3.6e-05	-4e-06	-1.17408e-14
-3.6e-05	0	-7.23919e-15
-3.6e-05	4e-06	-2.47192e-15
-3.6e-05	8e-06	-1.64642e-16
-3.6e-05	1.2e-05	-5.01492e-17
-3.6e-05	1.6e-05	-2.68129e-16
-3.6e-05	2e-05	-5.47446e-17
-3.6e-05	2.4e-05	4.02894e-17
-3.6e-05	2.8e-05	-5.1357e-17
-3.6e-05	3.2e-05	4.11661e-17
-3.6e-05	3.6e-05	-1.50339e-16
-3.6e-05	4e-05	2.27419e-18
-3.6e-05	4.4e-05	-1.42137e-16
-3.6e-05	4.8e-05	-1.34045e-16
-3.6e-05	5.2e-05	4.59611e-17
-3.6e-05	5.6e-05	-1.26408e-16
-3.6e-05	6e-05	1.23272e-16
-3.6e-05	6.4e-05	-1.35491e-16
-3.6e-05	6.8e-05	1.05788e-16
-3.6e-05	7.2e-05	-1.39988e-16
-3.6e-05	7.6e-05	6.56453e-17
-3.2e-05	-8e-05	-1.37178e-16
-3.2e-05	-7.6e-05	7.93869e-17
-3.2e-05	-7.2e-05	-1.42794e-16
-3.2e-05	-6.8e-05	1.1858e-16
-3.2e-05	-6.4e-05	-1.39241e-16
-3.2e-05	-6e-05	2.02119e-16
-3.2e-05	-5.6e-05	-1.87979e-16
-3.2e-05	-5.2e-05	1.44965e-16
-3.2e-05	-4.8e-05	-2.46025e-16
-3.2e-05	-4.4e-05	-1.43297e-16
-3.2e-05	-4e-05	1.83146e-17
-3.2e-05	-3.6e-05	-2.50507e-16
-3.2e-05	-3.2e-05	2.56796e-17
-3.2e-05	-2.8e-05	-8.65403e-17
-3.2e-05	-2.4e-05	-3.96964e-18
-3.2e-05	-2e-05	-1.07257e-15
-3.2e-05	-1.6e-05	-4.60412e-14
-3.2e-05	-1.2e-05	-1.19118e-12
-3.2e-05	-8e-06	-1.85539e-12
-3.2e-05	-4e-06	-1.74996e-12
-3.2e-05	0	-1.09944e-12
-3.2e-05	4e-06	-3.99207e-13
-3.2e-05	8e-06	-3.18403e-14
-3.2e-05	1.2e-05	-1.21443e-15
-3.2e-05	1.6e-05	-7.78983e-17
-3.2e-05	2e-05	-4.43019e-17
-3.2e-05	2.4e-05	-1.76528e-17
-3.2e-05	2.8e-05	-1.58681e-17
-3.2e-05	3.2e-05	-8.9554e-17
-3.2e-05	3.6e-05	1.83885e-19
-3.2e-05	4e-05	-1.47037e-16
-3.2e-05	4.4e-05	3.07641e-17
-3.2e-05	4.8e-05	-1.34397e-16
-3.2e-05	5.2e-05	-5.93043e-17
-3.2e-05	5.6e-05	-3.21112e-17
-3.2e-05	6e-05	-1.27672e-16
-3.2e-05	6.4e-05	3.78148e-17
-3.2e-05	6.8e-05	-1.71543e-16
-3.2e-05	7.2e-05	7.5493e-17
-3.2e-05	7.6e-05	-1.74405e-16
-2.8e-05	-8e-05	9.13198e-17
-2.8e-05	-7.6e-05	-1.9657e-16
-2.8e-05	-7.2e-05	1.00084e-16
-2.8e-05	-6.8e-05	-1.89527e-16
-2.8e-05	-6.4e-05	8.76158e-17
-2.8e-05	-6e-05	-1.61817e-16
-2.8e-05	-5.6e-05	1.50979e-17
-2.8e-05	-5.2e-05	-1.30053e-16
-2.8e-05	-4.8e-05	-1.08192e-16
-2.8e-05	-4.4e-05	6.05941e-17
-2.8e-05	-4e-05	-1.69908e-16
-2.8e-05	-3.6e-05	-6.82043e-19
-2.8e-05	-3.2e-05	-1.74936e-16
-2.8e-05	-2.8e-05	-8.51237e-17
-2.8e-05	-2.4e-05	-1.8666e-15
-2.8e-05	-2e-05	-1.13731e-13
-2.8e-05	-1.6e-05	-5.78547e-12
-2.8e-05	-1.2e-05	-1.79e-10
-2.8e-05	-8e-06	-2.78809e-10
-2.8e-05	-4e-06	-2.62804e-10
-2.8e-05	0	-1.64879e-10
-2.8e-05	4e-06	-5.95452e-11
-2.8e-05	8e-06	-4.443e-12
-2.8e-05	1.2e-05	-1.18673e-13
-2.8e-05	1.6e-05	-2.22496e-15
-2.8e-05	2e-05	1.60072e-17
-2.8e-05	2.4e-05	6.6575e-17
-2.8e-05	2.8e-05	3.87289e-17
-2.8e-05	3.2e-05	-2.91807e-17
-2.8e-05	3.6e-05	-1.54791e-16
-2.8e-05	4e-05	-2.24526e-17
-2.8e-05	4.4e-05	-1.81012e-16
-2.8e-05	4.8e-05	2.44348e-17
-2.8e-05	5.2e-05	-1.39232e-16
-2.8e-05	5.6e-05	-1.92186e-17
-2.8e-05	6e-05	-6.62438e-17
-2.8e-05	6.4e-05	-5.75846e-17
-2.8e-05	6.8e-05	6.24178e-18
-2.8e-05	7.2e-05	-8.9327e-17
-2.8e-05	7.6e-05	4.83643e-17
-2.4e-05	-8e-05	-9.71585e-17
-2.4e-05	-7.6e-05	3.84024e-17
-2.4e-05	-7.2e-05	-9.86451e-17
-2.4e-05	-6.8e-05	3.26889e-17
-2.4e-05	-6.4e-05	-7.09877e-17
-2.4e-05	-6e-05	-2.51539e-17
-2.4e-05	-5.6e-05	-1.61669e-17
-2.4e-05	-5.2e-05	-1.3418e-16
-2.4e-05	-4.8e-05	8.17934e-18
-2.4e-05	-4.4e-05	-2.29937e-16
-2.4e-05	-4e-05	-1.88574e-17
-2.4e-05	-3.6e-05	-2.63209e-16
-2.4e-05	-3.2e-05	-6.79131e-17
-2.4e-05	-2.8e-05	-1.83951e-15
-2.4e-05	-2.4e-05	-1.51351e-13
-2.4e-05	-2e-05	-1.14874e-11
-2.4e-05	-1.6e-05	-6.99579e-10
-2.4e-05	-1.2e-05	-2.69015e-08
-2.4e-05	-8e-06	-4.19034e-08
-2.4e-05	-4e-06	-3.94716e-08
-2.4e-05	0	-2.4721e-08
-2.4e-05	4e-06	-8.87628e-09
-2.4e-05	8e-06	-6.16467e-10
-2.4e-05	1.2e-05	-1.35818e-11
-2.4e-05	1.6e-05	-2.0524e-13
-2.4e-05	2e-05	-2.49588e-15
-2.4e-05	2.4e-05	9.65646e-17
-2.4e-05	2.8e-05	-4.09513e-17
-2.4e-05	3.2e-05	4.94207e-17
-2.4e-05	3.6e-05	-3.33829e-17
-2.4e-05	4e-05	-1.24422e-16
-2.4e-05	4.4e-05	-7.30906e-18
-2.4e-05	4.8e-05	-2.28512e-16
-2.4e-05	5.2e-05	-2.24167e-17
-2.4e-05	5.6e-05	-2.33967e-16
-2.4e-05	6e-05	-4.07625e-17
-2.4e-05	6.4e-05	-1.74544e-16
-2.4e-05	6.8e-05	-4.77873e-17
-2.4e-05	7.2e-05	-1.33552e-16
-2.4e-05	7.6e-05	-7.27351e-17
-2e-05	-8e-05	-9.53711e-17
-2e-05	-7.6e-05	-6.10695e-17
-2e-05	-7.2e-05	-1.30421e-16
-2e-05	-6.8e-05	-6.46157e-17
-2e-05	-6.4e-05	-1.88554e-16
-2e-05	-6e-05	-4.76501e-17
-2e-05	-5.6e-05	-2.8253e-16
-2e-05	-5.2e-05	-2.5845e-17
-2e-05	-4.8e-05	-3.52982e-16
-2e-05	-4.4e-05	-1.13047e-17
-2e-05	-4e-05	-2.31554e-16
-2e-05	-3.6e-05	2.4476e-17
-2e-05	-3.2e-05	-9.53598e-16
-2e-05	-2.8e-05	-1.13879e-13
-2e-05	-2.4e-05	-1.14891e-11
-2e-05	-2e-05	-1.04496e-09
-2e-05	-1.6e-05	-7.93364e-08
-2e-05	-1.2e-05	-4.04314e-06
-2e-05	-8e-06	-6.29788e-06
-2e-05	-4e-06	-5.9284e-06
-2e-05	0	-3.70649e-06
-2e-05	4e-06	-1.32307e-06
-2e-05	8e-06	-8.49393e-08
-2e-05	1.2e-05	-1.45133e-09
-2e-05	1.6e-05	-1.76285e-11
-2e-05	2e-05	-1.81376e-13
-2e-05	2.4e-05	-1.71111e-15
-2e-05	2.8e-05	2.10055e-18
-2e-05	3.2e-05	-1.18945e-16
-2e-05	3.6e-05	1.07247e-16
-2e-05	4e-05	-3.73625e-17
-2e-05	4.4e-05	-1.47891e-17
-2e-05	4.8e-05	9.78836e-18
-2e-05	5.2e-05	-1.78287e-16
-2e-05	5.6e-05	1.71045e-17
-2e-05	6e-05	-2.70573e-16
-2e-05	6.4e-05	-1.72376e-17
-2e-05	6.8e-05	-3.06834e-16
-2e-05	7.2e-05	-3.5282e-17
-2e-05	7.6e-05	-3.19321e-16
-1.6e-05	-8e-05	-5.34178e-17
-1.6e-05	-7.6e-05	-3.2224e-16
-1.6e-05	-7.2e-05	-5.56681e-17
-1.6e-05	-6.8e-05	-3.44476e-16
-1.6e-05	-6.4e-05	-2.74964e-17
-1.6e-05	-6e-05	-3.47788e-16
-1.6e-05	-5.6e-05	3.65548e-17
-1.6e-05	-5.2e-05	-2.62013e-16
-1.6e-05	-4.8e-05	5.93349e-17
-1.6e-05	-4.4e-05	-4.5072e-17
-1.6e-05	-4e-05	2.00289e-17
-1.6e-05	-3.6e-05	-1.39899e-16
-1.6e-05	-3.2e-05	-4.62137e-14
-1.6e-05	-2.8e-05	-5.78829e-12
-1.6e-05	-2.4e-05	-6.99834e-10
-1.6e-05	-2e-05	-7.93538e-08
-1.6e-05	-1.6e-05	-8.00508e-06
-1.6e-05	-1.2e-05	-0.000607687
-1.6e-05	-8e-06	-0.000946545
-1.6e-05	-4e-06	-0.000890412
-1.6e-05	0	-0.000555723
-1.6e-05	4e-06	-0.000197199
-1.6e-05	8e-06	-1.16062e-05
-1.6e-05	1.2e-05	-1.36059e-07
-1.6e-05	1.6e-05	-1.23366e-09
-1.6e-05	2e-05	-9.97844e-12
-1.6e-05	2.4e-05	-7.55761e-14
-1.6e-05	2.8e-05	-6.07814e-16
-1.6e-05	3.2e-05	-8.59551e-17
-1.6e-05	3.6e-05	-1.43028e-16
-1.6e-05	4e-05	7.64037e-17
-1.6e-05	4.4e-05	-1.1854e-16
-1.6e-05	4.8e-05	7.09325e-17
-1.6e-05	5.2e-05	-1.73185e-17
-1.6e-05	5.6e-05	-1.36773e-17
-1.6e-05	6e-05	5.42216e-17
-1.6e-05	6.4e-05	-1.28685e-16
-1.6e-05	6.8e-05	6.98307e-17
-1.6e-05	7.2e-05	-2.16706e-16
-1.6e-05	7.6e-05	6.39929e-17
-1.2e-05	-8e-05	-2.53014e-16
-1.2e-05	-7.6e-05	8.25847e-17
-1.2e-05	-7.2e-05	-2.26224e-16
-1.2e-05	-6.8e-05	8.66824e-17
-1.2e-05	-6.4e-05	-1.58964e-16
-1.2e-05	-6e-05	9.46216e-17
-1.2e-05	-5.6e-05	-2.35034e-17
-1.2e-05	-5.2e-05	5.77764e-17
-1.2e-05	-4.8e-05	1.30567e-16
-1.2e-05	-4.4e-05	-1.07318e-16
-1.2e-05	-4e-05	1.20386e-16
-1.2e-05	-3.6e-05	-8.27485e-15
-1.2e-05	-3.2e-05	-1.1925e-12
-1.2e-05	-2.8e-05	-1.79166e-10
-1.2e-05	-2.4e-05	-2.69228e-08
-1.2e-05	-2e-05	-4.0458e-06
-1.2e-05	-1.6e-05	-0.000608002
-1.2e-05	-1.2e-05	-0.0913741
-1.2e-05	-8e-06	-0.142257
-1.2e-05	-4e-06	-0.133701
-1.2e-05	0	-0.083284
-1.2e-05	4e-06	-0.0293707
-1.2e-05	8e-06	-0.00156877
-1.2e-05	1.2e-05	-9.11647e-06
-1.2e-05	1.6e-05	-5.18829e-08
-1.2e-05	2e-05	-2.86943e-10
-1.2e-05	2.4e-05	-1.52208e-12
-1.2e-05	2.8e-05	-7.66757e-15
-1.2e-05	3.2e-05	1.37935e-18
-1.2e-05	3.6e-05	-1.3601e-16
-1.2e-05	4e-05	-1.92961e-16
-1.2e-05	4.4e-05	-1.8281e-17
-1.2e-05	4.8e-05	-2.03908e-16
-1.2e-05	5.2e-05	5.89502e-17
-1.2e-05	5.6e-05	-1.44526e-16
-1.2e-05	6e-05	9.12838e-17
-1.2e-05	6.4e-05	-5.13709e-17
-1.2e-05	6.8e-05	6.93458e-17
-1.2e-05	7.2e-05	2.93153e-18
-1.2e-05	7.6e-05	3.33402e-17
-8e-06	-8e-05	-8.72574e-19
-8e-06	-7.6e-05	3.58292e-17
-8e-06	-7.2e-05	5.98315e-18
-8e-06	-6.8e-05	5.91707e-17
-8e-06	-6.4e-05	-3.72443e-17
-8e-06	-6e-05	9.21578e-17
-8e-06	-5.6e-05	-1.56536e-16
-8e-06	-5.2e-05	1.11049e-16
-8e-06	-4.8e-05	-2.82422e-16
-8e-06	-4.4e-05	3.49209e-17
-8e-06	-4e-05	-4.21034e-16
-8e-06	-3.6e-05	-1.26718e-14
-8e-06	-3.2e-05	-1.88061e-12
-8e-06	-2.8e-05	-2.82648e-10
-8e-06	-2.4e-05	-4.24844e-08
-8e-06	-2e-05	-6.38582e-06
-8e-06	-1.6e-05	-0.000959857
-8e-06	-1.2e-05	-0.144278
-8e-06	-8e-06	-0.212933
-8e-06	-4e-06	-0.180764
-8e-06	0	-0.0860061
-8e-06	4e-06	-9.25184e-13
-8e-06	8e-06	0.0267555
-8e-06	1.2e-05	0.000179748
-8e-06	1.6e-05	1.20746e-06
-8e-06	2e-05	8.11044e-09
-8e-06	2.4e-05	5.44724e-11
-8e-06	2.8e-05	3.66071e-13
-8e-06	3.2e-05	2.37158e-15
-8e-06	3.6e-05	1.45349e-16
-8e-06	4e-05	-1.53282e-16
-8e-06	4.4e-05	-8.47162e-17
-8e-06	4.8e-05	-1.37038e-16
-8e-06	5.2e-05	-2.18701e-16
-8e-06	5.6e-05	-3.34978e-17
-8e-06	6e-05	-2.47846e-16
-8e-06	6.4e-05	3.52767e-17
-8e-06	6.8e-05	-2.30605e-16
-8e-06	7.2e-05	5.96823e-17
-8e-06	7.6e-05	-2.22934e-16
-4e-06	-8e-05	6.5596e-17
-4e-06	-7.6e-05	-2.33324e-16
-4e-06	-7.2e-05	7.68193e-17
-4e-06	-6.8e-05	-2.56179e-16
-4e-06	-6.4e-05	5.43373e-17
-4e-06	-6e-05	-3.26823e-16
-4e-06	-5.6e-05	-3.42078e-17
-4e-06	-5.2e-05	-3.32513e-16
-4e-06	-4.8e-05	-1.27345e-16
-4e-06	-4.4e-05	-1.90907e-16
-4e-06	-4e-05	-2.89428e-16
-4e-06	-3.6e-05	-1.16178e-14
-4e-06	-3.2e-05	-1.75775e-12
-4e-06	-2.8e-05	-2.63966e-10
-4e-06	-2.4e-05	-3.96447e-08
-4e-06	-2e-05	-5.95418e-06
-4e-06	-1.6e-05	-0.000894252
-4e-06	-1.2e-05	-0.134307
-4e-06	-8e-06	-0.18172
-4e-06	-4e-06	-0.118925
-4e-06	0	0.000637717
-4e-06	4e-06	0.0871189
-4e-06	8e-06	0.0819119
-4e-06	1.2e-05	0.00054644
-4e-06	1.6e-05	3.64532e-06
-4e-06	2e-05	2.43179e-08
-4e-06	2.4e-05	1.62224e-10
-4e-06	2.8e-05	1.08218e-12
-4e-06	3.2e-05	7.47869e-15
-4e-06	3.6e-05	3.04576e-17
-4e-06	4e-05	2.45508e-16
-4e-06	4.4e-05	-9.58853e-17
-4e-06	4.8e-05	9.26399e-17
-4e-06	5.2e-05	-1.39431e-16
-4e-06	5.6e-05	-8.45185e-17
-4e-06	6e-05	-1.2695e-16
-4e-06	6.4e-05	-1.65985e-16
-4e-06	6.8e-05	-1.11621e-16
-4e-06	7.2e-05	-2.54239e-16
-4e-06	7.6e-05	-8.60111e-17
0	-8e-05	-2.55351e-16
0	-7.6e-05	-1.04881e-16
0	-7.2e-05	-2.63665e-16
0	-6.8e-05	-1.53279e-16
0	-6.4e-05	-2.26096e-16
0	-6e-05	-1.56005e-16
0	-5.6e-05	-1.55541e-16
0	-5.2e-05	-1.94193e-16
0	-4.8e-05	4.31245e-17
0	-4.4e-05	-1.33977e-16
0	-4e-05	2.32703e-16
0	-3.6e-05	-7.23655e-15
0	-3.2e-05	-1.08185e-12
0	-2.8e-05	-1.62224e-10
0	-2.4e-05	-2.43179e-08
0	-2e-05	-3.64532e-06
0	-1.6e-05	-0.00054644
0	-1.2e-05	-0.0819119
0	-8e-06	-0.0871189
0	-4e-06	-0.000637717
0	0	0.118925
0	4e-06	0.18172
0	8e-06	0.134307
0	1.2e-05	0.000894252
0	1.6e-05	5.95418e-06
0	2e-05	3.96447e-08
0	2.4e-05	2.63967e-10
0	2.8e-05	1.75762e-12
0	3.2e-05	1.16652e-14
0	3.6e-05	2.85893e-16
0	4e-05	1.4216e-18
0	4.4e-05	2.64939e-16
0	4.8e-05	-3.36898e-17
0	5.2e-05	2.16747e-16
0	5.6e-05	-6.96289e-17
0	6e-05	1.18453e-16
0	6.4e-05	-1.08667e-16
0	6.8e-05	3.53258e-17
0	7.2e-05	-1.32305e-16
0	7.6e-05	-2.08329e-17
4e-06	-8e-05	-1.37145e-16
4e-06	-7.6e-05	-2.08417e-17
4e-06	-7.2e-05	-1.52626e-16
4e-06	-6.8e-05	8.6769e-18
4e-06	-6.4e-05	-1.30761e-16
4e-06	-6e-05	1.05791e-16
4e-06	-5.6e-05	-9.51412e-17
4e-06	-5.2e-05	2.44733e-16
4e-06	-4.8e-05	-3.54805e-17
4e-06	-4.4e-05	3.52486e-16
4e-06	-4e-05	3.03861e-17
4e-06	-3.6e-05	-2.11497e-15
4e-06	-3.2e-05	-3.65803e-13
4e-06	-2.8e-05	-5.44724e-11
4e-06	-2.4e-05	-8.11044e-09
4e-06	-2e-05	-1.20746e-06
4e-06	-1.6e-05	-0.000179748
4e-06	-1.2e-05	-0.0267555
4e-06	-8e-06	0
4e-06	-4e-06	0.0860061
4e-06	0	0.180764
4e-06	4e-06	0.212933
4e-06	8e-06	0.144278
4e-06	1.2e-05	0.000959857
4e-06	1.6e-05	6.38582e-06
4e-06	2e-05	4.24844e-08
4e-06	2.4e-05	2.82648e-10
4e-06	2.8e-05	1.88032e-12
4e-06	3.2e-05	1.25124e-14
4e-06	3.6e-05	-3.53757e-17
4e-06	4e-05	1.51534e-16
4e-06	4.4e-05	-3.56783e-17
4e-06	4.8e-05	2.31359e-16
4e-06	5.2e-05	-5.79362e-18
4e-06	5.6e-05	2.78967e-16
4e-06	6e-05	1.72602e-18
4e-06	6.4e-05	2.60998e-16
4e-06	6.8e-05	-1.91078e-17
4e-06	7.2e-05	2.33134e-16
4e-06	7.6e-05	-2.44939e-17
8e-06	-8e-05	2.33159e-16
8e-06	-7.6e-05	-1.97959e-17
8e-06	-7.2e-05	2.58594e-16
8e-06	-6.8e-05	-4.38503e-18
8e-06	-6.4e-05	2.78509e-16
8e-06	-6e-05	-1.36729e-17
8e-06	-5.6e-05	3.30955e-16
8e-06	-5.2e-05	1.5836e-17
8e-06	-4.8e-05	3.3827e-16
8e-06	-4.4e-05	-2.34472e-17
8e-06	-4e-05	2.36689e-16
8e-06	-3.6e-05	-6.85037e-17
8e-06	-3.2e-05	7.60367e-15
8e-06	-2.8e-05	1.52206e-12
8e-06	-2.4e-05	2.86943e-10
8e-06	-2e-05	5.18829e-08
8e-06	-1.6e-05	9.11647e-06
8e-06	-1.2e-05	0.00156877
8e-06	-8e-06	0.0293707
8e-06	-4e-06	0.083284
8e-06	0	0.133701
8e-06	4e-06	0.142257
8e-06	8e-06	0.0913741
8e-06	1.2e-05	0.000608002
8e-06	1.6e-05	4.0458e-06
8e-06	2e-05	2.69228e-08
8e-06	2.4e-05	1.79166e-10
8e-06	2.8e-05	1.19225e-12
8e-06	3.2e-05	7.78492e-15
8e-06	3.6e-05	-3.10205e-17
8e-06	4e-05	-1.72997e-16
8e-06	4.4e-05	2.8276e-17
8e-06	4.8e-05	-1.19061e-16
8e-06	5.2e-05	1.56983e-16
8e-06	5.6e-05	-8.39819e-17
8e-06	6e-05	2.4137e-16
8e-06	6.4e-05	-3.9105e-17
8e-06	6.8e-05	2.77987e-16
8e-06	7.2e-05	-1.03495e-17
8e-06	7.6e-05	3.07624e-16
1.2e-05	-8e-05	-7.80103e-18
1.2e-05	-7.6e-05	3.04511e-16
1.2e-05	-7.2e-05	-1.48678e-17
1.2e-05	-6.8e-05	3.06598e-16
1.2e-05	-6.4e-05	-2.91641e-17
1.2e-05	-6e-05	2.59846e-16
1.2e-05	-5.6e-05	-3.61769e-17
1.2e-05	-5.2e-05	2.10916e-16
1.2e-05	-4.8e-05	-1.4257e-16
1.2e-05	-4.4e-05	7.74078e-17
1.2e-05	-4e-05	-2.2475e-16
1.2e-05	-3.6e-05	-4.34955e-17
1.2e-05	-3.2e-05	3.23432e-16
1.2e-05	-2.8e-05	7.52688e-14
1.2e-05	-2.4e-05	9.97863e-12
1.2e-05	-2e-05	1.23366e-09
1.2e-05	-1.6e-05	1.36059e-07
1.2e-05	-1.2e-05	1.16062e-05
1.2e-05	-8e-06	0.000197199
1.2e-05	-4e-06	0.000555723
1.2e-05	0	0.000890412
1.2e-05	4e-06	0.000946545
1.2e-05	8e-06	0.000607687
1.2e-05	1.2e-05	8.00508e-06
1.2e-05	1.6e-05	7.93538e-08
1.2e-05	2e-05	6.99834e-10
1.2e-05	2.4e-05	5.78835e-12
1.2e-05	2.8e-05	4.60109e-14
1.2e-05	3.2e-05	2.64605e-16
1.2e-05	3.6e-05	-7.64026e-17
1.2e-05	4e-05	-1.13764e-16
1.2e-05	4.4e-05	-1.77165e-16
1.2e-05	4.8e-05	-6.13247e-17
1.2e-05	5.2e-05	-1.86826e-16
1.2e-05	5.6e-05	2.65351e-17
1.2e-05	6e-05	-1.65671e-16
1.2e-05	6.4e-05	8.11477e-17
1.2e-05	6.8e-05	-1.53014e-16
1.2e-05	7.2e-05	1.21171e-16
1.2e-05	7.6e-05	-1.50833e-16
1.6e-05	-8e-05	1.53333e-16
1.6e-05	-7.6e-05	-1.55523e-16
1.6e-05	-7.2e-05	1.26102e-16
1.6e-05	-6.8e-05	-1.68031e-16
1.6e-05	-6.4e-05	1.04461e-16
1.6e-05	-6e-05	-1.823e-16
1.6e-05	-5.6e-05	3.47188e-17
1.6e-05	-5.2e-05	-2.52778e-16
1.6e-05	-4.8e-05	-8.12194e-17
1.6e-05	-4.4e-05	-2.38512e-16
1.6e-05	-4e-05	-1.37895e-16
1.6e-05	-3.6e-05	-1.60885e-16
1.6e-05	-3.2e-05	-9.03121e-17
1.6e-05	-2.8e-05	1.74202e-15
1.6e-05	-2.4e-05	1.81213e-13
1.6e-05	-2e-05	1.76289e-11
1.6e-05	-1.6e-05	1.45133e-09
1.6e-05	-1.2e-05	8.49393e-08
1.6e-05	-8e-06	1.32307e-06
1.6e-05	-4e-06	3.70649e-06
1.6e-05	0	5.9284e-06
1.6e-05	4e-06	6.29788e-06
1.6e-05	8e-06	4.04314e-06
1.6e-05	1.2e-05	7.93364e-08
1.6e-05	1.6e-05	1.04496e-09
1.6e-05	2e-05	1.14895e-11
1.6e-05	2.4e-05	1.13895e-13
1.6e-05	2.8e-05	1.07447e-15
1.6e-05	3.2e-05	8.91351e-17
1.6e-05	3.6e-05	-4.55591e-17
1.6e-05	4e-05	1.12728e-17
1.6e-05	4.4e-05	-9.93311e-17
1.6e-05	4.8e-05	-8.36985e-17
1.6e-05	5.2e-05	-9.83678e-17
1.6e-05	5.6e-05	-1.59866e-16
1.6e-05	6e-05	-6.90817e-17
1.6e-05	6.4e-05	-1.73484e-16
1.6e-05	6.8e-05	-7.6494e-17
1.6e-05	7.2e-05	-2.14171e-16
1.6e-05	7.6e-05	-6.72974e-17
2e-05	-8e-05	-2.05009e-16
2e-05	-7.6e-05	-5.40401e-17
2e-05	-7.2e-05	-2.10002e-16
2e-05	-6.8e-05	-7.73011e-17
2e-05	-6.4e-05	-2.30002e-16
2e-05	-6e-05	-9.35245e-17
2e-05	-5.6e-05	-2.04423e-16
2e-05	-5.2e-05	-1.3948e-16
2e-05	-4.8e-05	-1.08192e-16
2e-05	-4.4e-05	-1.29599e-16
2e-05	-4e-05	-2.77765e-17
2e-05	-3.6e-05	-8.73655e-17
2e-05	-3.2e-05	1.02108e-16
2e-05	-2.8e-05	7.61956e-17
2e-05	-2.4e-05	2.70941e-15
2e-05	-2e-05	2.05044e-13
2e-05	-1.6e-05	1.35819e-11
2e-05	-1.2e-05	6.16467e-10
2e-05	-8e-06	8.87628e-09
2e-05	-4e-06	2.4721e-08
2e-05	0	3.94716e-08
2e-05	4e-06	4.19034e-08
2e-05	8e-06	2.69015e-08
2e-05	1.2e-05	6.99579e-10
2e-05	1.6e-05	1.14877e-11
2e-05	2e-05	1.51328e-13
2e-05	2.4e-05	1.80194e-15
2e-05	2.8e-05	8.48487e-17
2e-05	3.2e-05	4.81488e-17
2e-05	3.6e-05	9.82414e-17
2e-05	4e-05	1.82732e-17
2e-05	4.4e-05	8.35006e-17
2e-05	4.8e-05	-2.8355e-17
2e-05	5.2e-05	1.35409e-17
2e-05	5.6e-05	-7.83733e-17
2e-05	6e-05	-2.08367e-17
2e-05	6.4e-05	-9.28198e-17
2e-05	6.8e-05	-8.28538e-17
2e-05	7.2e-05	-1.15462e-16
2e-05	7.6e-05	-1.16083e-16
2.4e-05	-8e-05	-1.133e-16
2.4e-05	-7.6e-05	-8.47516e-17
2.4e-05	-7.2e-05	-1.31794e-16
2.4e-05	-6.8e-05	-1.06665e-16
2.4e-05	-6.4e-05	-1.23587e-16
2.4e-05	-6e-05	-4.38283e-17
2.4e-05	-5.6e-05	-9.70677e-17
2.4e-05	-5.2e-05	-2.85434e-19
2.4e-05	-4.8e-05	-6.35715e-17
2.4e-05	-4.4e-05	9.59122e-17
2.4e-05	-4e-05	1.95908e-19
2.4e-05	-3.6e-05	1.41477e-16
2.4e-05	-3.2e-05	5.45105e-17
2.4e-05	-2.8e-05	1.44011e-16
2.4e-05	-2.4e-05	1.26976e-16
2.4e-05	-2e-05	2.19006e-15
2.4e-05	-1.6e-05	1.18465e-13
2.4e-05	-1.2e-05	4.44296e-12
2.4e-05	-8e-06	5.95452e-11
2.4e-05	-4e-06	1.64879e-10
2.4e-05	0	2.62805e-10
2.4e-05	4e-06	2.78809e-10
2.4e-05	8e-06	1.79e-10
2.4e-05	1.2e-05	5.78555e-12
2.4e-05	1.6e-05	1.13732e-13
2.4e-05	2e-05	1.74655e-15
2.4e-05	2.4e-05	2.50603e-17
2.4e-05	2.8e-05	2.81539e-17
2.4e-05	3.2e-05	5.39944e-17
2.4e-05	3.6e-05	4.91969e-17
2.4e-05	4e-05	8.66424e-17
2.4e-05	4.4e-05	3.4763e-17
2.4e-05	4.8e-05	1.02935e-16
2.4e-05	5.2e-05	4.54729e-18
2.4e-05	5.6e-05	8.35953e-17
2.4e-05	6e-05	-1.29519e-17
2.4e-05	6.4e-05	6.52275e-17
2.4e-05	6.8e-05	-2.50983e-17
2.4e-05	7.2e-05	4.61484e-17
2.4e-05	7.6e-05	-4.3478e-17
2.8e-05	-8e-05	3.14886e-17
2.8e-05	-7.6e-05	-4.27851e-17
2.8e-05	-7.2e-05	6.10965e-17
2.8e-05	-6.8e-05	-2.5197e-17
2.8e-05	-6.4e-05	5.95754e-17
2.8e-05	-6e-05	-1.15214e-17
2.8e-05	-5.6e-05	9.92428e-17
2.8e-05	-5.2e-05	3.53268e-17
2.8e-05	-4.8e-05	1.30932e-16
2.8e-05	-4.4e-05	7.70742e-17
2.8e-05	-4e-05	1.1911e-16
2.8e-05	-3.6e-05	8.43266e-17
2.8e-05	-3.2e-05	5.34614e-17
2.8e-05	-2.8e-05	6.2032e-17
2.8e-05	-2.4e-05	-1.34171e-17
2.8e-05	-2e-05	2.71041e-17
2.8e-05	-1.6e-05	9.55761e-16
2.8e-05	-1.2e-05	3.18117e-14
2.8e-05	-8e-06	3.99406e-13
2.8e-05	-4e-06	1.09967e-12
2.8e-05	0	1.74978e-12
2.8e-05	4e-06	1.8551e-12
2.8e-05	8e-06	1.19109e-12
2.8e-05	1.2e-05	4.5933e-14
2.8e-05	1.6e-05	1.03917e-15
2.8e-05	2e-05	4.90284e-18
2.8e-05	2.4e-05	-1.11912e-17
2.8e-05	2.8e-05	-8.30086e-18
2.8e-05	3.2e-05	1.3292e-17
2.8e-05	3.6e-05	2.16023e-18
2.8e-05	4e-05	3.2578e-17
2.8e-05	4.4e-05	5.39689e-17
2.8e-05	4.8e-05	5.14976e-17
2.8e-05	5.2e-05	7.32696e-17
2.8e-05	5.6e-05	5.48091e-17
2.8e-05	6e-05	9.04996e-17
2.8e-05	6.4e-05	2.26293e-17
2.8e-05	6.8e-05	8.63536e-17
2.8e-05	7.2e-05	3.23426e-17
2.8e-05	7.6e-05	9.83571e-17
3.2e-05	-8e-05	2.75413e-17
3.2e-05	-7.6e-05	1.02993e-16
3.2e-05	-7.2e-05	3.22197e-17
3.2e-05	-6.8e-05	1.03034e-16
3.2e-05	-6.4e-05	3.68623e-17
3.2e-05	-6e-05	1.05927e-16
3.2e-05	-5.6e-05	5.37281e-17
3.2e-05	-5.2e-05	7.97439e-17
3.2e-05	-4.8e-05	4.68551e-17
3.2e-05	-4.4e-05	6.58738e-17
3.2e-05	-4e-05	4.42355e-17
3.2e-05	-3.6e-05	1.41083e-17
3.2e-05	-3.2e-05	2.61817e-17
3.2e-05	-2.8e-05	-8.31945e-18
3.2e-05	-2.4e-05	-1.04965e-17
3.2e-05	-2e-05	-2.17328e-17
3.2e-05	-1.6e-05	-7.63936e-18
3.2e-05	-1.2e-05	2.16362e-16
3.2e-05	-8e-06	2.6759e-15
3.2e-05	-4e-06	7.34022e-15
3.2e-05	0	1.16465e-14
3.2e-05	4e-06	1.23409e-14
3.2e-05	8e-06	7.92692e-15
3.2e-05	1.2e-05	3.55258e-16
3.2e-05	1.6e-05	1.91728e-18
3.2e-05	2e-05	-8.35122e-18
3.2e-05	2.4e-05	-5.05239e-20
3.2e-05	2.8e-05	-8.8079e-18
3.2e-05	3.2e-05	-1.75885e-17
3.2e-05	3.6e-05	6.05326e-18
3.2e-05	4e-05	-9.67243e-18
3.2e-05	4.4e-05	2.44554e-17
3.2e-05	4.8e-05	2.14831e-17
3.2e-05	5.2e-05	2.11395e-17
3.2e-05	5.6e-05	2.90416e-17
3.2e-05	6e-05	2.82203e-17
3.2e-05	6.4e-05	5.0864e-17
3.2e-05	6.8e-05	6.03424e-17
3.2e-05	7.2e-05	6.49046e-17
3.2e-05	7.6e-05	4.6202e-17
3.6e-05	-8e-05	8.20656e-17
3.6e-05	-7.6e-05	5.46593e-17
3.6e-05	-7.2e-05	5.62933e-17
3.6e-05	-6.8e-05	5.9482e-17
3.6e-05	-6.4e-05	5.43099e-17
3.6e-05	-6e-05	2.71189e-17
3.6e-05	-5.6e-05	4.64527e-17
3.6e-05	-5.2e-05	2.97951e-17
3.6e-05	-4.8e-05	2.13204e-17
3.6e-05	-4.4e-05	2.14749e-17
3.6e-05	-4e-05	-1.27932e-17
3.6e-05	-3.6e-05	-9.95128e-18
3.6e-05	-3.2e-05	-2.51597e-17
3.6e-05	-2.8e-05	-1.836e-17
3.6e-05	-2.4e-05	-1.24114e-17
3.6e-05	-2e-05	-8.48317e-18
3.6e-05	-1.6e-05	-1.17865e-17
3.6e-05	-1.2e-05	7.92234e-19
3.6e-05	-8e-06	2.36712e-17
3.6e-05	-4e-06	5.82968e-17
3.6e-05	0	8.03255e-17
3.6e-05	4e-06	7.82029e-17
3.6e-05	8e-06	5.49669e-17
3.6e-05	1.2e-05	1.96403e-19
3.6e-05	1.6e-05	-4.07332e-18
3.6e-05	2e-05	-9.76116e-20
3.6e-05	2.4e-05	-4.83086e-18
3.6e-05	2.8e-05	-1.15601e-17
3.6e-05	3.2e-05	-6.49522e-18
3.6e-05	3.6e-05	-1.46431e-17
3.6e-05	4e-05	-8.96574e-18
3.6e-05	4.4e-05	-2.31263e-18
3.6e-05	4.8e-05	2.82418e-18
3.6e-05	5.2e-05	6.78038e-18
3.6e-05	5.6e-05	1.91016e-17
3.6e-05	6e-05	7.05674e-18
3.6e-05	6.4e-05	1.55772e-17
3.6e-05	6.8e-05	1.40758e-17
3.6e-05	7.2e-05	1.35217e-17
3.6e-05	7.6e-05	2.88009e-17
4e-05	-8e-05	1.58695e-17
4e-05	-7.6e-05	2.57646e-17
4e-05	-7.2e-05	3.74157e-17
4e-05	-6.8e-05	9.0947e-18
4e-05	-6.4e-05	1.92497e-17
4e-05	-6e-05	1.11137e-17
4e-05	-5.6e-05	1.68048e-17
4e-05	-5.2e-05	-1.14988e-17
4e-05	-4.8e-05	3.61655e-19
4e-05	-4.4e-05	-1.35282e-17
4e-05	-4e-05	-1.12301e-17
4e-05	-3.6e-05	-1.12359e-17
4e-05	-3.2e-05	-1.10144e-17
4e-05	-2.8e-05	-7.67295e-18
4e-05	-2.4e-05	-9.78295e-18
4e-05	-2e-05	-6.85633e-19
4e-05	-1.6e-05	-5.05881e-18
4e-05	-1.2e-05	-3.33561e-18
4e-05	-8e-06	8.95985e-18
4e-05	-4e-06	-2.75897e-18
4e-05	0	5.1543e-18
4e-05	4e-06	2.64944e-18
4e-05	8e-06	-5.71284e-19
4e-05	1.2e-05	4.61585e-18
4e-05	1.6e-05	6.9109e-18
4e-05	2e-05	9.11218e-19
4e-05	2.4e-05	3.55376e-18
4e-05	2.8e-05	-4.55141e-19
4e-05	3.2e-05	-4.33329e-18
4e-05	3.6e-05	-1.68805e-18
4e-05	4e-05	1.83957e-18
4e-05	4.4e-05	-1.55786e-18
4e-05	4.8e-05	-1.24095e-17
4e-05	5.2e-05	-3.0713e-18
4e-05	5.6e-05	-5.6974e-18
4e-05	6e-05	-3.33471e-18
4e-05	6.4e-05	-3.42449e-18
4e-05	6.8e-05	-1.4092e-18
4e-05	7.2e-05	-3.90372e-18
4e-05	7.6e-05	1.86331e-18
4.4e-05	-8e-05	-1.56788e-17
4.4e-05	-7.6e-05	-1.19159e-17
4.4e-05	-7.2e-05	-5.01635e-19
4.4e-05	-6.8e-05	-1.43746e-17
4.4e-05	-6.4e-05	-1.54127e-17
4.4e-05	-6e-05	1.30672e-18
4.4e-05	-5.6e-05	-6.9499e-18
4.4e-05	-5.2e-05	-1.0361e-17
4.4e-05	-4.8e-05	-1.34651e-17
4.4e-05	-4.4e-05	-4.02582e-18
4.4e-05	-4e-05	-1.3177e-17
4.4e-05	-3.6e-05	-2.93368e-18
4.4e-05	-3.2e-05	-5.49044e-18
4.4e-05	-2.8e-05	3.65069e-18
4.4e-05	-2.4e-05	6.22188e-19
4.4e-05	-2e-05	8.54014e-18
4.4e-05	-1.6e-05	-1.6335e-18
4.4e-05	-1.2e-05	3.58936e-18
4.4e-05	-8e-06	4.51662e-18
4.4e-05	-4e-06	-8.48962e-19
4.4e-05	0	8.54985e-19
4.4e-05	4e-06	1.39529e-18
4.4e-05	8e-06	2.52737e-18
4.4e-05	1.2e-05	-1.09772e-18
4.4e-05	1.6e-05	-1.76265e-19
4.4e-05	2e-05	-6.50018e-18
4.4e-05	2.4e-05	3.4904e-18
4.4e-05	2.8e-05	3.2855e-18
4.4e-05	3.2e-05	-9.61897e-20
4.4e-05	3.6e-05	-3.74361e-18
4.4e-05	4e-05	1.29494e-18
4.4e-05	4.4e-05	-3.64268e-18
4.4e-05	4.8e-05	-4.34669e-19
4.4e-05	5.2e-05	6.39375e-18
4.4e-05	5.6e-05	-7.96068e-18
4.4e-05	6e-05	-1.44401e-17
4.4e-05	6.4e-05	-4.03584e-18
4.4e-05	6.8e-05	1.16282e-18
4.4e-05	7.2e-05	-1.17544e-17
4.4e-05	7.6e-05	-1.01986e-17
4.8e-05	-8e-05	-6.23865e-18
4.8e-05	-7.6e-05	-5.75423e-18
4.8e-05	-7.2e-05	-1.08502e-17
4.8e-05	-6.8e-05	-3.2784e-18
4.8e-05	-6.4e-05	-1.63811e-18
4.8e-05	-6e-05	-4.58873e-18
4.8e-05	-5.6e-05	-6.04147e-18
4.8e-05	-5.2e-05	-6.79282e-18
4.8e-05	-4.8e-05	2.96826e-19
4.8e-05	-4.4e-05	4.98461e-18
4.8e-05	-4e-05	-1.09777e-18
4.8e-05	-3.6e-05	-3.94852e-18
4.8e-05	-3.2e-05	3.5417e-18
4.8e-05	-2.8e-05	1.34335e-18
4.8e-05	-2.4e-05	2.96242e-18
4.8e-05	-2e-05	4.4603e-20
4.8e-05	-1.6e-05	-4.52503e-18
4.8e-05	-1.2e-05	2.7758e-18
4.8e-05	-8e-06	-7.01592e-19
4.8e-05	-4e-06	3.78259e-18
4.8e-05	0	-6.67074e-19
4.8e-05	4e-06	7.24375e-19
4.8e-05	8e-06	1.64292e-18
4.8e-05	1.2e-05	-1.21635e-18
4.8e-05	1.6e-05	-2.75719e-18
4.8e-05	2e-05	8.68412e-19
4.8e-05	2.4e-05	2.35186e-19
4.8e-05	2.8e-05	-9.64398e-19
4.8e-05	3.2e-05	1.17366e-18
4.8e-05	3.6e-05	4.9536e-18
4.8e-05	4e-05	5.60671e-18
4.8e-05	4.4e-05	1.4317e-18
4.8e-05	4.8e-05	-2.50729e-18
4.8e-05	5.2e-05	2.42854e-18
4.8e-05	5.6e-05	-7.44065e-18
4.8e-05	6e-05	-6.45544e-18
4.8e-05	6.4e-05	-1.64697e-18
4.8e-05	6.8e-05	-4.95953e-18
4.8e-05	7.2e-05	-7.76948e-18
4.8e-05	7.6e-05	8.5891e-19
5.2e-05	-8e-05	-2.09567e-18
5.2e-05	-7.6e-05	-6.01871e-18
5.2e-05	-7.2e-05	-1.07904e-17
5.2e-05	-6.8e-05	3.419e-19
5.2e-05	-6.4e-05	-6.94106e-18
5.2e-05	-6e-05	3.01246e-19
5.2e-05	-5.6e-05	-6.07306e-19
5.2e-05	-5.2e-05	-1.27304e-18
5.2e-05	-4.8e-05	3.79514e-18
5.2e-05	-4.4e-05	4.03295e-18
5.2e-05	-4e-05	-1.17571e-18
5.2e-05	-3.6e-05	-1.92391e-18
5.2e-05	-3.2e-05	-7.85297e-18
5.2e-05	-2.8e-05	5.37391e-18
5.2e-05	-2.4e-05	7.93573e-18
5.2e-05	-2e-05	3.70568e-18
5.2e-05	-1.6e-05	1.29277e-18
5.2e-05	-1.2e-05	2.74469e-18
5.2e-05	-8e-06	2.1025e-18
5.2e-05	-4e-06	-1.60044e-19
5.2e-05	0	5.11669e-19
5.2e-05	4e-06	9.10727e-20
5.2e-05	8e-06	-2.81151e-19
5.2e-05	1.2e-05	1.40395e-18
5.2e-05	1.6e-05	2.87389e-19
5.2e-05	2e-05	1.15756e-18
5.2e-05	2.4e-05	-2.03568e-18
5.2e-05	2.8e-05	4.28994e-18
5.2e-05	3.2e-05	1.63602e-18
5.2e-05	3.6e-05	1.13823e-18
5.2e-05	4e-05	2.25826e-18
5.2e-05	4.4e-05	5.24363e-19
5.2e-05	4.8e-05	5.34393e-18
5.2e-05	5.2e-05	4.83111e-18
5.2e-05	5.6e-05	4.55225e-19
5.2e-05	6e-05	-2.70368e-18
5.2e-05	6.4e-05	3.62408e-18
5.2e-05	6.8e-05	2.35742e-18
5.2e-05	7.2e-05	3.74594e-18
5.2e-05	7.6e-05	-6.78365e-18
5.6e-05	-8e-05	4.1202e-18
5.6e-05	-7.6e-05	2.02592e-18
5.6e-05	-7.2e-05	1.22621e-17
5.6e-05	-6.8e-05	3.78633e-18
5.6e-05	-6.4e-05	1.79964e-18
5.6e-05	-6e-05	9.83191e-19
5.6e-05	-5.6e-05	1.27674e-18
5.6e-05	-5.2e-05	1.2303e-18
5.6e-05	-4.8e-05	4.63749e-18
5.6e-05	-4.4e-05	-2.39291e-20
5.6e-05	-4e-05	-1.50421e-18
5.6e-05	-3.6e-05	7.41689e-18
5.6e-05	-3.2e-05	2.31645e-18
5.6e-05	-2.8e-05	6.00656e-18
5.6e-05	-2.4e-05	-1.52345e-18
5.6e-05	-2e-05	5.02506e-19
5.6e-05	-1.6e-05	-7.60491e-19
5.6e-05	-1.2e-05	1.80803e-18
5.6e-05	-8e-06	-1.33433e-18
5.6e-05	-4e-06	6.17142e-19
5.6e-05	0	-2.16219e-19
5.6e-05	4e-06	-3.26909e-20
5.6e-05	8e-06	2.82295e-19
5.6e-05	1.2e-05	-1.65637e-19
5.6e-05	1.6e-05	7.94715e-19
5.6e-05	2e-05	-1.46605e-19
5.6e-05	2.4e-05	-9.51664e-20
5.6e-05	2.8e-05	-1.31542e-18
5.6e-05	3.2e-05	1.38793e-18
5.6e-05	3.6e-05	2.00609e-18
5.6e-05	4e-05	2.89669e-18
5.6e-05	4.4e-05	-5.72011e-19
5.6e-05	4.8e-05	3.73447e-18
5.6e-05	5.2e-05	1.5103e-18
5.6e-05	5.6e-05	7.93219e-19
5.6e-05	6e-05	1.89226e-18
5.6e-05	6.4e-05	-2.56608e-18
5.6e-05	6.8e-05	1.79444e-18
5.6e-05	7.2e-05	4.75497e-18
5.6e-05	7.6e-05	-1.82419e-18
6e-05	-8e-05	5.65213e-18
6e-05	-7.6e-05	6.72314e-19
6e-05	-7.2e-05	6.0752e-18
6e-05	-6.8e-05	6.50547e-19
6e-05	-6.4e-05	3.98923e-18
6e-05	-6e-05	4.37361e-19
6e-05	-5.6e-05	1.11766e-18
6e-05	-5.2e-05	1.04047e-18
6e-05	-4.8e-05	3.2112e-18
6e-05	-4.4e-05	4.70455e-18
6e-05	-4e-05	-1.46108e-19
6e-05	-3.6e-05	7.06996e-19
6e-05	-3.2e-05	1.46767e-19
6e-05	-2.8e-05	-2.74605e-19
6e-05	-2.4e-05	4.77123e-19
6e-05	-2e-05	-1.42496e-19
6e-05	-1.6e-05	3.96324e-19
6e-05	-1.2e-05	-5.08268e-19
6e-05	-8e-06	2.39553e-19
6e-05	-4e-06	-7.0174e-20
6e-05	0	1.80021e-20
6e-05	4e-06	6.13761e-21
6e-05	8e-06	-2.02531e-20
6e-05	1.2e-05	8.29025e-20
6e-05	1.6e-05	-6.51498e-20
6e-05	2e-05	2.00966e-19
6e-05	2.4e-05	-3.49237e-19
6e-05	2.8e-05	7.84294e-19
6e-05	3.2e-05	-8.4695e-19
6e-05	3.6e-05	1.45896e-19
6e-05	4e-05	-1.30841e-18
6e-05	4.4e-05	1.33044e-18
6e-05	4.8e-05	-1.79381e-20
6e-05	5.2e-05	5.18661e-18
6e-05	5.6e-05	4.15071e-19
6e-05	6e-05	-2.02539e-19
6e-05	6.4e-05	2.64178e-18
6e-05	6.8e-05	3.34844e-18
6e-05	7.2e-05	-1.49897e-18
6e-05	7.6e-05	1.75299e-18
6.4e-05	-8e-05	8.98027e-19
6.4e-05	-7.6e-05	3.60593e-18
6.4e-05	-7.2e-05	2.53291e-18
6.4e-05	-6.8e-05	2.20746e-18
6.4e-05	-6.4e-05	1.168e-18
6.4e-05	-6e-05	3.07085e-18
6.4e-05	-5.6e-05	-4.53143e-19
6.4e-05	-5.2e-05	2.65218e-18
6.4e-05	-4.8e-05	-1.0052e-18
6.4e-05	-4.4e-05	1.65173e-18
6.4e-05	-4e-05	-1.11004e-19
6.4e-05	-3.6e-05	2.00829e-18
6.4e-05	-3.2e-05	3.84696e-20
6.4e-05	-2.8e-05	1.92929e-18
6.4e-05	-2.4e-05	-7.63745e-19
6.4e-05	-2e-05	6.47543e-19
6.4e-05	-1.6e-05	-2.091e-19
6.4e-05	-1.2e-05	1.49986e-19
6.4e-05	-8e-06	1.63092e-21
6.4e-05	-4e-06	-4.10925e-20
6.4e-05	0	4.16158e-20
6.4e-05	4e-06	-5.26007e-21
6.4e-05	8e-06	-1.35085e-20
6.4e-05	1.2e-05	2.13685e-20
6.4e-05	1.6e-05	-4.50418e-21
6.4e-05	2e-05	2.9413e-21
6.4e-05	2.4e-05	2.19029e-19
6.4e-05	2.8e-05	-1.21907e-19
6.4e-05	3.2e-05	4.27871e-19
6.4e-05	3.6e-05	-3.79068e-19
6.4e-05	4e-05	1.22417e-18
6.4e-05	4.4e-05	6.59095e-19
6.4e-05	4.8e-05	1.51386e-18
6.4e-05	5.2e-05	-4.06906e-19
6.4e-05	5.6e-05	1.1312e-18
6.4e-05	6e-05	1.05213e-19
6.4e-05	6.4e-05	1.46475e-18
6.4e-05	6.8e-05	-5.88182e-19
6.4e-05	7.2e-05	-7.20221e-20
6.4e-05	7.6e-05	2.69493e-19
6.8e-05	-8e-05	2.19957e-18
6.8e-05	-7.6e-05	-8.07653e-19
6.8e-05	-7.2e-05	1.75366e-18
6.8e-05	-6.8e-05	5.12208e-19
6.8e-05	-6.4e-05	1.51349e-18
6.8e-05	-6e-05	-1.111e-18
6.8e-05	-5.6e-05	1.83227e-18
6.8e-05	-5.2e-05	-6.0056e-19
6.8e-05	-4.8e-05	1.27528e-18
6.8e-05	-4.4e-05	-4.6371e-19
6.8e-05	-4e-05	1.2351e-18
6.8e-05	-3.6e-05	-1.26211e-19
6.8e-05	-3.2e-05	9.40814e-19
6.8e-05	-2.8e-05	-1.09245e-19
6.8e-05	-2.4e-05	2.23193e-19
6.8e-05	-2e-05	-2.43779e-20
6.8e-05	-1.6e-05	3.46873e-20
6.8e-05	-1.2e-05	1.50205e-20
6.8e-05	-8e-06	-4.24263e-20
6.8e-05	-4e-06	3.53432e-20
6.8e-05	0	-1.29433e-20
6.8e-05	4e-06	7.70046e-22
6.8e-05	8e-06	1.57382e-20
6.8e-05	1.2e-05	-1.60347e-20
6.8e-05	1.6e-05	1.89434e-20
6.8e-05	2e-05	-1.51337e-20
6.8e-05	2.4e-05	2.71015e-21
6.8e-05	2.8e-05	4.79021e-20
6.8e-05	3.2e-05	-9.40379e-20
6.8e-05	3.6e-05	2.20397e-19
6.8e-05	4e-05	-8.63106e-20
6.8e-05	4.4e-05	2.42246e-19
6.8e-05	4.8e-05	-1.64776e-19
6.8e-05	5.2e-05	8.38945e-19
6.8e-05	5.6e-05	-1.96498e-19
6.8e-05	6e-05	1.07691e-18
6.8e-05	6.4e-05	-1.57599e-19
6.8e-05	6.8e-05	1.32438e-18
6.8e-05	7.2e-05	-1.49353e-19
6.8e-05	7.6e-05	8.82067e-19
7.2e-05	-8e-05	-5.27897e-19
7.2e-05	-7.6e-05	9.2863e-19
7.2e-05	-7.2e-05	3.18915e-19
7.2e-05	-6.8e-05	7.11152e-19
7.2e-05	-6.4e-05	-6.71361e-19
7.2e-05	-6e-05	6.50647e-19
7.2e-05	-5.6e-05	-2.47857e-19
7.2e-05	-5.2e-05	7.83269e-19
7.2e-05	-4.8e-05	-2.45661e-19
7.2e-05	-4.4e-05	2.81826e-19
7.2e-05	-4e-05	-3.33035e-19
7.2e-05	-3.6e-05	1.92323e-19
7.2e-05	-3.2e-05	-2.93077e-20
7.2e-05	-2.8e-05	7.18431e-20
7.2e-05	-2.4e-05	-2.01573e-20
7.2e-05	-2e-05	-7.68718e-21
7.2e-05	-1.6e-05	2.03287e-20
7.2e-05	-1.2e-05	-4.47291e-20
7.2e-05	-8e-06	2.36037e-20
7.2e-05	-4e-06	-8.6799e-21
7.2e-05	0	5.12805e-21
7.2e-05	4e-06	1.20506e-21
7.2e-05	8e-06	-4.10562e-21
7.2e-05	1.2e-05	9.45953e-21
7.2e-05	1.6e-05	-1.18935e-20
7.2e-05	2e-05	1.42861e-20
7.2e-05	2.4e-05	-9.1142e-21
7.2e-05	2.8e-05	1.84548e-20
7.2e-05	3.2e-05	1.00082e-20
7.2e-05	3.6e-05	-1.69e-20
7.2e-05	4e-05	1.02088e-19
7.2e-05	4.4e-05	-5.40871e-20
7.2e-05	4.8e-05	1.98432e-19
7.2e-05	5.2e-05	-1.63389e-20
7.2e-05	5.6e-05	2.66168e-19
7.2e-05	6e-05	-8.23592e-20
7.2e-05	6.4e-05	2.273e-19
7.2e-05	6.8e-05	-1.14276e-19
7.2e-05	7.2e-05	4.31835e-19
7.2e-05	7.6e-05	-2.66652e-19
7.6e-05	-8e-05	4.64085e-19
7.6e-05	-7.6e-05	6.3849e-20
7.6e-05	-7.2e-05	5.20428e-19
7.6e-05	-6.8e-05	-1.4172e-19
7.6e-05	-6.4e-05	4.09866e-19
7.6e-05	-6e-05	-2.88029e-19
7.6e-05	-5.6e-05	3.2818e-19
7.6e-05	-5.2e-05	-4.00713e-20
7.6e-05	-4.8e-05	1.54277e-19
7.6e-05	-4.4e-05	-5.42625e-20
7.6e-05	-4e-05	1.43981e-19
7.6e-05	-3.6e-05	-9.48663e-21
7.6e-05	-3.2e-05	5.50609e-21
7.6e-05	-2.8e-05	9.32912e-21
7.6e-05	-2.4e-05	-1.66365e-20
7.6e-05	-2e-05	2.28989e-20
7.6e-05	-1.6e-05	-1.93893e-20
7.6e-05	-1.2e-05	1.04311e-20
7.6e-05	-8e-06	-7.72656e-21
7.6e-05	-4e-06	4.67997e-21
7.6e-05	0	-1.11399e-21
7.6e-05	4e-06	9.28631e-23
7.6e-05	8e-06	1.74184e-21
7.6e-05	1.2e-05	-1.49499e-21
7.6e-05	1.6e-05	5.75548e-21
7.6e-05	2e-05	-5.85624e-21
7.6e-05	2.4e-05	1.06125e-20
7.6e-05	2.8e-05	-1.09805e-20
7.6e-05	3.2e-05	1.03955e-20
7.6e-05	3.6e-05	-7.66744e-21
7.6e-05	4e-05	1.20641e-20
7.6e-05	4.4e-05	2.10767e-20
7.6e-05	4.8e-05	-1.457e-20
7.6e-05	5.2e-05	7.07751e-20
7.6e-05	5.6e-05	-1.417e-20
7.6e-05	6e-05	8.70776e-20
7.6e-05	6.4e-05	-2.82209e-20
7.6e-05	6.8e-05	6.88836e-20
7.6e-05	7.2e-05	-8.41385e-20
7.6e-05	7.6e-05	1.53255e-19
