-8e-05	-8e-05	-2.69482e-16
-8e-05	-7.6e-05	2.03235e-16
-8e-05	-7.2e-05	2.68715e-16
-8e-05	-6.8e-05	9.31585e-17
-8e-05	-6.4e-05	-3.43185e-16
-8e-05	-6e-05	7.01943e-18
-8e-05	-5.6e-05	2.22102e-16
-8e-05	-5.2e-05	-1.87376e-17
-8e-05	-4.8e-05	-4.95252e-17
-8e-05	-4.4e-05	-4.3242e-17
-8e-05	-4e-05	-2.56737e-17
-8e-05	-3.6e-05	8.18483e-18
-8e-05	-3.2e-05	7.81223e-17
-8e-05	-2.8e-05	-4.5516e-17
-8e-05	-2.4e-05	-2.76638e-17
-8e-05	-2e-05	4.843e-17
-8e-05	-1.6e-05	-5.10405e-17
-8e-05	-1.2e-05	-3.45906e-18
-8e-05	-8e-06	2.20475e-17
-8e-05	-4e-06	-1.55891e-18
-8e-05	0	1.91304e-17
-8e-05	4e-06	2.00822e-17
-8e-05	8e-06	-1.90489e-17
-8e-05	1.2e-05	1.49219e-17
-8e-05	1.6e-05	1.80671e-17
-8e-05	2e-05	-5.40292e-18
-8e-05	2.4e-05	-2.7926e-17
-8e-05	2.8e-05	1.04396e-17
-8e-05	3.2e-05	1.10094e-17
-8e-05	3.6e-05	-2.22221e-17
-8e-05	4e-05	-3.01139e-17
-8e-05	4.4e-05	1.42018e-17
-8e-05	4.8e-05	-1.64756e-18
-8e-05	5.2e-05	7.27349e-17
-8e-05	5.6e-05	2.94866e-16
-8e-05	6e-05	2.35672e-15
-8e-05	6.4e-05	3.3286e-16
-8e-05	6.8e-05	3.5656e-16
-8e-05	7.2e-05	-3.51028e-17
-8e-05	7.6e-05	-3.02361e-17
-7.6e-05	-8e-05	3.3007e-16
-7.6e-05	-7.6e-05	-6.67078e-17
-7.6e-05	-7.2e-05	4.63735e-17
-7.6e-05	-6.8e-05	4.69435e-16
-7.6e-05	-6.4e-05	-5.26469e-17
-7.6e-05	-6e-05	-5.84011e-16
-7.6e-05	-5.6e-05	1.84119e-16
-7.6e-05	-5.2e-05	1.81677e-16
-7.6e-05	-4.8e-05	1.21073e-17
-7.6e-05	-4.4e-05	-8.31088e-16
-7.6e-05	-4e-05	3.10105e-17
-7.6e-05	-3.6e-05	6.23482e-16
-7.6e-05	-3.2e-05	-1.84478e-19
-7.6e-05	-2.8e-05	4.41784e-17
-7.6e-05	-2.4e-05	1.73147e-16
-7.6e-05	-2e-05	8.40172e-16
-7.6e-05	-1.6e-05	-8.8554e-17
-7.6e-05	-1.2e-05	9.17239e-17
-7.6e-05	-8e-06	-5.48082e-17
-7.6e-05	-4e-06	-9.71242e-17
-7.6e-05	0	2.556e-16
-7.6e-05	4e-06	-7.19404e-16
-7.6e-05	8e-06	1.9983e-16
-7.6e-05	1.2e-05	3.40185e-16
-7.6e-05	1.6e-05	6.39097e-17
-7.6e-05	2e-05	-1.01671e-16
-7.6e-05	2.4e-05	-6.15326e-16
-7.6e-05	2.8e-05	-6.58364e-17
-7.6e-05	3.2e-05	-1.30801e-16
-7.6e-05	3.6e-05	-4.1318e-16
-7.6e-05	4e-05	-8.54175e-16
-7.6e-05	4.4e-05	-1.85105e-16
-7.6e-05	4.8e-05	2.40954e-16
-7.6e-05	5.2e-05	-5.99721e-17
-7.6e-05	5.6e-05	-9.66828e-17
-7.6e-05	6e-05	-2.06445e-17
-7.6e-05	6.4e-05	-1.19158e-16
-7.6e-05	6.8e-05	-1.36343e-16
-7.6e-05	7.2e-05	1.43226e-17
-7.6e-05	7.6e-05	3.33046e-16
-7.2e-05	-8e-05	7.29086e-17
-7.2e-05	-7.6e-05	-3.09377e-17
-7.2e-05	-7.2e-05	1.81395e-16
-7.2e-05	-6.8e-05	3.51169e-16
-7.2e-05	-6.4e-05	1.39261e-16
-7.2e-05	-6e-05	3.44637e-16
-7.2e-05	-5.6e-05	1.6577e-16
-7.2e-05	-5.2e-05	2.44613e-17
-7.2e-05	-4.8e-05	1.15403e-16
-7.2e-05	-4.4e-05	3.13681e-16
-7.2e-05	-4e-05	6.55917e-17
-7.2e-05	-3.6e-05	-2.86696e-18
-7.2e-05	-3.2e-05	-4.14105e-17
-7.2e-05	-2.8e-05	-2.33156e-17
-7.2e-05	-2.4e-05	-4.15684e-16
-7.2e-05	-2e-05	-8.40894e-17
-7.2e-05	-1.6e-05	5.31878e-17
-7.2e-05	-1.2e-05	-4.06888e-16
-7.2e-05	-8e-06	-4.73014e-16
-7.2e-05	-4e-06	1.50514e-16
-7.2e-05	0	2.75204e-17
-7.2e-05	4e-06	5.5735e-18
-7.2e-05	8e-06	4.05177e-17
-7.2e-05	1.2e-05	-5.93708e-18
-7.2e-05	1.6e-05	-2.72094e-17
-7.2e-05	2e-05	-1.42466e-17
-7.2e-05	2.4e-05	1.0773e-17
-7.2e-05	2.8e-05	-5.10615e-17
-7.2e-05	3.2e-05	2.4346e-17
-7.2e-05	3.6e-05	-1.6349e-17
-7.2e-05	4e-05	2.61993e-17
-7.2e-05	4.4e-05	5.10264e-17
-7.2e-05	4.8e-05	-3.02365e-17
-7.2e-05	5.2e-05	5.07217e-17
-7.2e-05	5.6e-05	2.10255e-17
-7.2e-05	6e-05	9.77436e-17
-7.2e-05	6.4e-05	6.42563e-17
-7.2e-05	6.8e-05	1.29654e-16
-7.2e-05	7.2e-05	1.12255e-16
-7.2e-05	7.6e-05	4.64149e-17
-6.8e-05	-8e-05	1.67281e-16
-6.8e-05	-7.6e-05	2.52965e-17
-6.8e-05	-7.2e-05	1.95194e-16
-6.8e-05	-6.8e-05	1.46051e-16
-6.8e-05	-6.4e-05	1.14011e-16
-6.8e-05	-6e-05	2.34483e-16
-6.8e-05	-5.6e-05	1.19473e-16
-6.8e-05	-5.2e-05	4.39942e-17
-6.8e-05	-4.8e-05	-9.6121e-17
-6.8e-05	-4.4e-05	7.67034e-17
-6.8e-05	-4e-05	1.54379e-17
-6.8e-05	-3.6e-05	4.41166e-17
-6.8e-05	-3.2e-05	5.75624e-17
-6.8e-05	-2.8e-05	-1.12637e-16
-6.8e-05	-2.4e-05	-8.24652e-18
-6.8e-05	-2e-05	-7.7119e-18
-6.8e-05	-1.6e-05	3.83654e-19
-6.8e-05	-1.2e-05	-1.12594e-18
-6.8e-05	-8e-06	-4.95687e-18
-6.8e-05	-4e-06	2.15025e-17
-6.8e-05	0	-2.98485e-17
-6.8e-05	4e-06	-1.78606e-17
-6.8e-05	8e-06	1.15205e-17
-6.8e-05	1.2e-05	1.27362e-17
-6.8e-05	1.6e-05	-4.18547e-19
-6.8e-05	2e-05	3.72869e-18
-6.8e-05	2.4e-05	-1.0416e-17
-6.8e-05	2.8e-05	-1.95332e-17
-6.8e-05	3.2e-05	-5.203e-17
-6.8e-05	3.6e-05	1.39502e-17
-6.8e-05	4e-05	-1.31599e-17
-6.8e-05	4.4e-05	3.27544e-17
-6.8e-05	4.8e-05	1.08244e-16
-6.8e-05	5.2e-05	-7.94255e-17
-6.8e-05	5.6e-05	1.97673e-17
-6.8e-05	6e-05	6.62679e-17
-6.8e-05	6.4e-05	1.88182e-16
-6.8e-05	6.8e-05	6.89289e-17
-6.8e-05	7.2e-05	2.24767e-16
-6.8e-05	7.6e-05	1.30429e-16
-6.4e-05	-8e-05	2.13616e-16
-6.4e-05	-7.6e-05	1.58087e-16
-6.4e-05	-7.2e-05	2.84842e-16
-6.4e-05	-6.8e-05	1.31586e-16
-6.4e-05	-6.4e-05	3.19587e-16
-6.4e-05	-6e-05	1.74353e-16
-6.4e-05	-5.6e-05	-5.27762e-17
-6.4e-05	-5.2e-05	-1.17275e-16
-6.4e-05	-4.8e-05	2.40149e-16
-6.4e-05	-4.4e-05	4.03452e-17
-6.4e-05	-4e-05	4.92807e-18
-6.4e-05	-3.6e-05	2.68086e-17
-6.4e-05	-3.2e-05	-1.1797e-16
-6.4e-05	-2.8e-05	-1.02163e-17
-6.4e-05	-2.4e-05	-1.85542e-17
-6.4e-05	-2e-05	-3.40885e-18
-6.4e-05	-1.6e-05	-5.95844e-17
-6.4e-05	-1.2e-05	1.21637e-17
-6.4e-05	-8e-06	3.01079e-17
-6.4e-05	-4e-06	-3.08029e-17
-6.4e-05	0	-1.78805e-17
-6.4e-05	4e-06	-1.26443e-17
-6.4e-05	8e-06	-2.10809e-18
-6.4e-05	1.2e-05	2.25613e-17
-6.4e-05	1.6e-05	1.7294e-17
-6.4e-05	2e-05	7.62647e-18
-6.4e-05	2.4e-05	5.77256e-18
-6.4e-05	2.8e-05	-8.53759e-17
-6.4e-05	3.2e-05	-2.27608e-17
-6.4e-05	3.6e-05	-1.22379e-18
-6.4e-05	4e-05	1.72621e-17
-6.4e-05	4.4e-05	-8.31228e-17
-6.4e-05	4.8e-05	3.40892e-17
-6.4e-05	5.2e-05	1.47801e-16
-6.4e-05	5.6e-05	-8.97003e-17
-6.4e-05	6e-05	2.47327e-17
-6.4e-05	6.4e-05	5.27978e-17
-6.4e-05	6.8e-05	1.48643e-16
-6.4e-05	7.2e-05	9.65671e-17
-6.4e-05	7.6e-05	2.4809e-16
-6e-05	-8e-05	1.92136e-16
-6e-05	-7.6e-05	2.85472e-16
-6e-05	-7.2e-05	1.88225e-16
-6e-05	-6.8e-05	2.01912e-16
-6e-05	-6.4e-05	1.60768e-16
-6e-05	-6e-05	-5.56824e-17
-6e-05	-5.6e-05	-1.18111e-16
-6e-05	-5.2e-05	3.28687e-16
-6e-05	-4.8e-05	-3.36355e-17
-6e-05	-4.4e-05	-4.54117e-17
-6e-05	-4e-05	-1.01489e-17
-6e-05	-3.6e-05	-3.60094e-17
-6e-05	-3.2e-05	6.22741e-17
-6e-05	-2.8e-05	-1.31509e-16
-6e-05	-2.4e-05	-1.5534e-18
-6e-05	-2e-05	-7.6373e-17
-6e-05	-1.6e-05	5.2067e-18
-6e-05	-1.2e-05	8.69627e-18
-6e-05	-8e-06	7.35666e-18
-6e-05	-4e-06	-1.16584e-17
-6e-05	0	-5.54428e-18
-6e-05	4e-06	-6.14387e-17
-6e-05	8e-06	3.35995e-17
-6e-05	1.2e-05	2.29539e-17
-6e-05	1.6e-05	3.67071e-18
-6e-05	2e-05	-1.2914e-18
-6e-05	2.4e-05	-3.2818e-17
-6e-05	2.8e-05	-2.48062e-17
-6e-05	3.2e-05	-1.52237e-16
-6e-05	3.6e-05	4.72936e-17
-6e-05	4e-05	5.24534e-18
-6e-05	4.4e-05	-4.20774e-18
-6e-05	4.8e-05	-2.69066e-17
-6e-05	5.2e-05	-8.88561e-18
-6e-05	5.6e-05	2.10849e-16
-6e-05	6e-05	-9.79939e-17
-6e-05	6.4e-05	8.29069e-17
-6e-05	6.8e-05	8.6705e-18
-6e-05	7.2e-05	7.61391e-17
-6e-05	7.6e-05	9.89573e-17
-5.6e-05	-8e-05	9.67397e-17
-5.6e-05	-7.6e-05	1.46998e-16
-5.6e-05	-7.2e-05	6.43205e-17
-5.6e-05	-6.8e-05	6.16663e-17
-5.6e-05	-6.4e-05	3.88523e-17
-5.6e-05	-6e-05	-1.25056e-16
-5.6e-05	-5.6e-05	3.43454e-16
-5.6e-05	-5.2e-05	-8.88525e-17
-5.6e-05	-4.8e-05	7.08159e-18
-5.6e-05	-4.4e-05	5.61402e-17
-5.6e-05	-4e-05	3.46028e-17
-5.6e-05	-3.6e-05	4.44654e-17
-5.6e-05	-3.2e-05	-2.21946e-16
-5.6e-05	-2.8e-05	-2.79243e-17
-5.6e-05	-2.4e-05	4.04005e-18
-5.6e-05	-2e-05	1.36938e-17
-5.6e-05	-1.6e-05	-5.8248e-17
-5.6e-05	-1.2e-05	-3.46424e-18
-5.6e-05	-8e-06	6.61342e-17
-5.6e-05	-4e-06	-2.46637e-17
-5.6e-05	0	-1.00522e-18
-5.6e-05	4e-06	-6.40145e-18
-5.6e-05	8e-06	-4.00848e-18
-5.6e-05	1.2e-05	5.2105e-17
-5.6e-05	1.6e-05	1.58817e-17
-5.6e-05	2e-05	-1.09318e-17
-5.6e-05	2.4e-05	-1.41645e-19
-5.6e-05	2.8e-05	-3.90719e-17
-5.6e-05	3.2e-05	-4.74693e-17
-5.6e-05	3.6e-05	-1.46729e-16
-5.6e-05	4e-05	1.99036e-17
-5.6e-05	4.4e-05	-2.94491e-17
-5.6e-05	4.8e-05	2.81099e-18
-5.6e-05	5.2e-05	-5.30361e-18
-5.6e-05	5.6e-05	-2.91098e-17
-5.6e-05	6e-05	2.26123e-16
-5.6e-05	6.4e-05	-1.2103e-16
-5.6e-05	6.8e-05	1.8468e-16
-5.6e-05	7.2e-05	-8.33466e-17
-5.6e-05	7.6e-05	1.69156e-16
-5.2e-05	-8e-05	-4.37557e-17
-5.2e-05	-7.6e-05	1.84582e-16
-5.2e-05	-7.2e-05	-8.03067e-17
-5.2e-05	-6.8e-05	2.24433e-16
-5.2e-05	-6.4e-05	-1.68218e-16
-5.2e-05	-6e-05	3.62584e-16
-5.2e-05	-5.6e-05	-8.06274e-17
-5.2e-05	-5.2e-05	4.53392e-17
-5.2e-05	-4.8e-05	7.38587e-17
-5.2e-05	-4.4e-05	-7.95255e-17
-5.2e-05	-4e-05	-8.87922e-19
-5.2e-05	-3.6e-05	-2.06924e-16
-5.2e-05	-3.2e-05	2.39503e-17
-5.2e-05	-2.8e-05	-4.57679e-17
-5.2e-05	-2.4e-05	2.77245e-17
-5.2e-05	-2e-05	-1.12391e-16
-5.2e-05	-1.6e-05	-1.15829e-18
-5.2e-05	-1.2e-05	7.10883e-17
-5.2e-05	-8e-06	1.64725e-17
-5.2e-05	-4e-06	-2.91901e-18
-5.2e-05	0	6.97222e-19
-5.2e-05	4e-06	-1.75593e-17
-5.2e-05	8e-06	7.80026e-18
-5.2e-05	1.2e-05	2.30563e-17
-5.2e-05	1.6e-05	1.78337e-17
-5.2e-05	2e-05	-1.19112e-17
-5.2e-05	2.4e-05	-5.53789e-17
-5.2e-05	2.8e-05	-5.13326e-18
-5.2e-05	3.2e-05	-5.52577e-17
-5.2e-05	3.6e-05	4.27546e-17
-5.2e-05	4e-05	-1.41188e-16
-5.2e-05	4.4e-05	-4.53858e-18
-5.2e-05	4.8e-05	-7.84834e-17
-5.2e-05	5.2e-05	1.3444e-17
-5.2e-05	5.6e-05	-4.61117e-17
-5.2e-05	6e-05	-2.29268e-18
-5.2e-05	6.4e-05	1.33005e-16
-5.2e-05	6.8e-05	-9.20562e-17
-5.2e-05	7.2e-05	2.23528e-16
-5.2e-05	7.6e-05	-6.99135e-17
-4.8e-05	-8e-05	2.69974e-16
-4.8e-05	-7.6e-05	-9.15158e-17
-4.8e-05	-7.2e-05	2.57854e-16
-4.8e-05	-6.8e-05	-9.91105e-17
-4.8e-05	-6.4e-05	2.17473e-16
-4.8e-05	-6e-05	-8.06212e-18
-4.8e-05	-5.6e-05	-3.03427e-17
-4.8e-05	-5.2e-05	8.21346e-17
-4.8e-05	-4.8e-05	-9.60906e-17
-4.8e-05	-4.4e-05	-2.10325e-17
-4.8e-05	-4e-05	-1.26189e-16
-4.8e-05	-3.6e-05	8.6464e-17
-4.8e-05	-3.2e-05	-1.46766e-16
-4.8e-05	-2.8e-05	3.44436e-18
-4.8e-05	-2.4e-05	-6.64201e-17
-4.8e-05	-2e-05	1.73336e-18
-4.8e-05	-1.6e-05	-1.85321e-17
-4.8e-05	-1.2e-05	4.10378e-17
-4.8e-05	-8e-06	2.11836e-17
-4.8e-05	-4e-06	5.81981e-18
-4.8e-05	0	4.87489e-17
-4.8e-05	4e-06	8.9766e-17
-4.8e-05	8e-06	5.50788e-17
-4.8e-05	1.2e-05	7.30882e-17
-4.8e-05	1.6e-05	-1.13684e-17
-4.8e-05	2e-05	2.39392e-17
-4.8e-05	2.4e-05	-3.06604e-17
-4.8e-05	2.8e-05	-7.44538e-17
-4.8e-05	3.2e-05	-2.44551e-17
-4.8e-05	3.6e-05	-1.09161e-16
-4.8e-05	4e-05	4.74081e-17
-4.8e-05	4.4e-05	-1.22691e-16
-4.8e-05	4.8e-05	-2.66586e-17
-4.8e-05	5.2e-05	-7.10524e-17
-4.8e-05	5.6e-05	1.19796e-17
-4.8e-05	6e-05	-9.93854e-18
-4.8e-05	6.4e-05	9.20913e-18
-4.8e-05	6.8e-05	3.04909e-17
-4.8e-05	7.2e-05	-2.5643e-17
-4.8e-05	7.6e-05	8.42769e-17
-4.4e-05	-8e-05	-3.16576e-17
-4.4e-05	-7.6e-05	7.37847e-17
-4.4e-05	-7.2e-05	-1.16448e-18
-4.4e-05	-6.8e-05	3.22725e-17
-4.4e-05	-6.4e-05	2.38979e-17
-4.4e-05	-6e-05	-2.84969e-17
-4.4e-05	-5.6e-05	3.28534e-17
-4.4e-05	-5.2e-05	-1.55773e-17
-4.4e-05	-4.8e-05	-1.86179e-17
-4.4e-05	-4.4e-05	-7.92718e-17
-4.4e-05	-4e-05	8.19195e-17
-4.4e-05	-3.6e-05	-2.89305e-16
-4.4e-05	-3.2e-05	-4.34757e-17
-4.4e-05	-2.8e-05	5.42021e-17
-4.4e-05	-2.4e-05	1.1061e-16
-4.4e-05	-2e-05	-1.36824e-16
-4.4e-05	-1.6e-05	-2.08892e-17
-4.4e-05	-1.2e-05	4.85916e-17
-4.4e-05	-8e-06	2.3286e-17
-4.4e-05	-4e-06	-1.36254e-17
-4.4e-05	0	3.64721e-17
-4.4e-05	4e-06	2.95486e-17
-4.4e-05	8e-06	8.42433e-17
-4.4e-05	1.2e-05	5.3731e-17
-4.4e-05	1.6e-05	5.08317e-17
-4.4e-05	2e-05	-5.47063e-17
-4.4e-05	2.4e-05	-4.65959e-17
-4.4e-05	2.8e-05	5.24304e-17
-4.4e-05	3.2e-05	3.52717e-17
-4.4e-05	3.6e-05	-2.6212e-17
-4.4e-05	4e-05	-1.63018e-16
-4.4e-05	4.4e-05	5.07132e-17
-4.4e-05	4.8e-05	-1.15663e-16
-4.4e-05	5.2e-05	1.88689e-18
-4.4e-05	5.6e-05	-7.18569e-17
-4.4e-05	6e-05	3.9739e-17
-4.4e-05	6.4e-05	-5.01554e-18
-4.4e-05	6.8e-05	-6.01288e-18
-4.4e-05	7.2e-05	2.55718e-19
-4.4e-05	7.6e-05	-7.20464e-18
-4e-05	-8e-05	2.64438e-17
-4e-05	-7.6e-05	-1.24017e-17
-4e-05	-7.2e-05	5.47181e-18
-4e-05	-6.8e-05	1.0213e-17
-4e-05	-6.4e-05	2.9122e-17
-4e-05	-6e-05	1.95515e-17
-4e-05	-5.6e-05	-2.72576e-17
-4e-05	-5.2e-05	4.92297e-17
-4e-05	-4.8e-05	-1.83446e-16
-4e-05	-4.4e-05	8.16103e-17
-4e-05	-4e-05	-3.32384e-16
-4e-05	-3.6e-05	-3.08858e-17
-4e-05	-3.2e-05	9.17356e-17
-4e-05	-2.8e-05	1.16474e-16
-4e-05	-2.4e-05	-1.90919e-16
-4e-05	-2e-05	-3.33831e-17
-4e-05	-1.6e-05	8.86498e-17
-4e-05	-1.2e-05	5.94023e-17
-4e-05	-8e-06	-2.68196e-17
-4e-05	-4e-06	9.4327e-19
-4e-05	0	-2.53225e-17
-4e-05	4e-06	1.08732e-16
-4e-05	8e-06	1.36399e-16
-4e-05	1.2e-05	7.63052e-17
-4e-05	1.6e-05	-8.22874e-18
-4e-05	2e-05	1.91392e-17
-4e-05	2.4e-05	-6.9554e-17
-4e-05	2.8e-05	-3.34441e-17
-4e-05	3.2e-05	1.06398e-16
-4e-05	3.6e-05	5.6789e-17
-4e-05	4e-05	-2.73628e-17
-4e-05	4.4e-05	-1.79502e-16
-4e-05	4.8e-05	1.06227e-19
-4e-05	5.2e-05	-2.14497e-16
-4e-05	5.6e-05	4.10409e-17
-4e-05	6e-05	-1.71887e-16
-4e-05	6.4e-05	6.48574e-17
-4e-05	6.8e-05	-1.03926e-16
-4e-05	7.2e-05	7.43045e-17
-4e-05	7.6e-05	-6.44623e-17
-3.6e-05	-8e-05	9.13038e-17
-3.6e-05	-7.6e-05	-7.17452e-17
-3.6e-05	-7.2e-05	7.15611e-17
-3.6e-05	-6.8e-05	-8.62414e-17
-3.6e-05	-6.4e-05	1.01381e-16
-3.6e-05	-6e-05	-1.76968e-16
-3.6e-05	-5.6e-05	1.09758e-16
-3.6e-05	-5.2e-05	-3.05344e-16
-3.6e-05	-4.8e-05	5.28304e-17
-3.6e-05	-4.4e-05	-2.45511e-16
-3.6e-05	-4e-05	-2.55067e-17
-3.6e-05	-3.6e-05	1.07453e-16
-3.6e-05	-3.2e-05	4.79836e-17
-3.6e-05	-2.8e-05	-2.04807e-16
-3.6e-05	-2.4e-05	-4.03641e-17
-3.6e-05	-2e-05	6.61424e-17
-3.6e-05	-1.6e-05	5.50797e-16
-3.6e-05	-1.2e-05	1.12948e-14
-3.6e-05	-8e-06	7.02918e-15
-3.6e-05	-4e-06	-5.03093e-15
-3.6e-05	0	-7.00962e-15
-3.6e-05	4e-06	-8.61371e-17
-3.6e-05	8e-06	3.25467e-15
-3.6e-05	1.2e-05	1.28617e-16
-3.6e-05	1.6e-05	1.64124e-16
-3.6e-05	2e-05	5.62659e-17
-3.6e-05	2.4e-05	-2.03363e-17
-3.6e-05	2.8e-05	-3.44866e-17
-3.6e-05	3.2e-05	-3.56716e-17
-3.6e-05	3.6e-05	5.46653e-17
-3.6e-05	4e-05	-3.04398e-18
-3.6e-05	4.4e-05	-4.70279e-17
-3.6e-05	4.8e-05	-8.06023e-17
-3.6e-05	5.2e-05	-4.16598e-17
-3.6e-05	5.6e-05	-2.05192e-16
-3.6e-05	6e-05	8.69236e-18
-3.6e-05	6.4e-05	-2.37371e-16
-3.6e-05	6.8e-05	4.18039e-17
-3.6e-05	7.2e-05	-2.65111e-16
-3.6e-05	7.6e-05	8.8507e-17
-3.2e-05	-8e-05	-2.67957e-16
-3.2e-05	-7.6e-05	6.15195e-17
-3.2e-05	-7.2e-05	-2.94824e-16
-3.2e-05	-6.8e-05	6.09585e-17
-3.2e-05	-6.4e-05	-3.06984e-16
-3.2e-05	-6e-05	2.22344e-17
-3.2e-05	-5.6e-05	-2.66196e-16
-3.2e-05	-5.2e-05	-5.20652e-17
-3.2e-05	-4.8e-05	-1.01675e-16
-3.2e-05	-4.4e-05	-7.00486e-17
-3.2e-05	-4e-05	6.76097e-17
-3.2e-05	-3.6e-05	6.74413e-17
-3.2e-05	-3.2e-05	-2.10698e-16
-3.2e-05	-2.8e-05	2.77444e-17
-3.2e-05	-2.4e-05	7.02593e-17
-3.2e-05	-2e-05	1.59445e-15
-3.2e-05	-1.6e-05	6.72987e-14
-3.2e-05	-1.2e-05	1.6949e-12
-3.2e-05	-8e-06	1.04607e-12
-3.2e-05	-4e-06	-7.55685e-13
-3.2e-05	0	-1.05747e-12
-3.2e-05	4e-06	-2.10664e-14
-3.2e-05	8e-06	4.82601e-13
-3.2e-05	1.2e-05	1.93035e-14
-3.2e-05	1.6e-05	3.55737e-16
-3.2e-05	2e-05	7.05983e-17
-3.2e-05	2.4e-05	-7.41126e-18
-3.2e-05	2.8e-05	5.83981e-17
-3.2e-05	3.2e-05	1.78657e-18
-3.2e-05	3.6e-05	-9.06658e-17
-3.2e-05	4e-05	1.82126e-17
-3.2e-05	4.4e-05	-4.8988e-17
-3.2e-05	4.8e-05	-5.74817e-19
-3.2e-05	5.2e-05	-3.35989e-18
-3.2e-05	5.6e-05	-4.66136e-17
-3.2e-05	6e-05	-1.06338e-16
-3.2e-05	6.4e-05	-2.61517e-17
-3.2e-05	6.8e-05	-1.65257e-16
-3.2e-05	7.2e-05	1.27832e-17
-3.2e-05	7.6e-05	-2.36909e-16
-2.8e-05	-8e-05	1.45048e-17
-2.8e-05	-7.6e-05	-2.3962e-16
-2.8e-05	-7.2e-05	1.80585e-17
-2.8e-05	-6.8e-05	-1.91394e-16
-2.8e-05	-6.4e-05	1.60083e-17
-2.8e-05	-6e-05	-1.06168e-16
-2.8e-05	-5.6e-05	-3.51944e-17
-2.8e-05	-5.2e-05	1.62437e-17
-2.8e-05	-4.8e-05	7.80278e-18
-2.8e-05	-4.4e-05	-6.73885e-18
-2.8e-05	-4e-05	7.44266e-17
-2.8e-05	-3.6e-05	-2.22246e-16
-2.8e-05	-3.2e-05	-9.23718e-18
-2.8e-05	-2.8e-05	4.23362e-17
-2.8e-05	-2.4e-05	2.5576e-15
-2.8e-05	-2e-05	1.67564e-13
-2.8e-05	-1.6e-05	8.37326e-12
-2.8e-05	-1.2e-05	2.52526e-10
-2.8e-05	-8e-06	1.55565e-10
-2.8e-05	-4e-06	-1.13136e-10
-2.8e-05	0	-1.57461e-10
-2.8e-05	4e-06	-2.52085e-12
-2.8e-05	8e-06	7.22617e-11
-2.8e-05	1.2e-05	2.41745e-12
-2.8e-05	1.6e-05	4.83512e-14
-2.8e-05	2e-05	7.45563e-16
-2.8e-05	2.4e-05	4.84995e-17
-2.8e-05	2.8e-05	2.43903e-17
-2.8e-05	3.2e-05	6.45892e-17
-2.8e-05	3.6e-05	-2.60347e-17
-2.8e-05	4e-05	-9.87694e-17
-2.8e-05	4.4e-05	-4.31224e-17
-2.8e-05	4.8e-05	-8.79403e-17
-2.8e-05	5.2e-05	-3.06501e-18
-2.8e-05	5.6e-05	-5.3034e-17
-2.8e-05	6e-05	-7.51731e-18
-2.8e-05	6.4e-05	-4.9761e-17
-2.8e-05	6.8e-05	1.6769e-17
-2.8e-05	7.2e-05	-6.28181e-17
-2.8e-05	7.6e-05	2.2712e-17
-2.4e-05	-8e-05	-1.13757e-16
-2.4e-05	-7.6e-05	-2.32408e-18
-2.4e-05	-7.2e-05	-9.27954e-17
-2.4e-05	-6.8e-05	1.78887e-17
-2.4e-05	-6.4e-05	-5.51796e-17
-2.4e-05	-6e-05	3.21596e-17
-2.4e-05	-5.6e-05	-5.74776e-17
-2.4e-05	-5.2e-05	4.22252e-17
-2.4e-05	-4.8e-05	-1.20085e-16
-2.4e-05	-4.4e-05	1.79136e-17
-2.4e-05	-4e-05	-1.82197e-16
-2.4e-05	-3.6e-05	-6.64233e-17
-2.4e-05	-3.2e-05	8.02852e-17
-2.4e-05	-2.8e-05	2.57001e-15
-2.4e-05	-2.4e-05	2.23078e-13
-2.4e-05	-2e-05	1.66894e-11
-2.4e-05	-1.6e-05	1.0003e-09
-2.4e-05	-1.2e-05	3.76246e-08
-2.4e-05	-8e-06	2.31341e-08
-2.4e-05	-4e-06	-1.69358e-08
-2.4e-05	0	-2.34458e-08
-2.4e-05	4e-06	-2.81571e-10
-2.4e-05	8e-06	1.08221e-08
-2.4e-05	1.2e-05	2.89722e-10
-2.4e-05	1.6e-05	4.84643e-12
-2.4e-05	2e-05	6.47505e-14
-2.4e-05	2.4e-05	8.01505e-16
-2.4e-05	2.8e-05	7.40078e-17
-2.4e-05	3.2e-05	1.60599e-17
-2.4e-05	3.6e-05	4.42359e-17
-2.4e-05	4e-05	-5.48382e-17
-2.4e-05	4.4e-05	-2.67479e-17
-2.4e-05	4.8e-05	-5.4436e-17
-2.4e-05	5.2e-05	-9.716e-17
-2.4e-05	5.6e-05	-5.33905e-17
-2.4e-05	6e-05	-1.04667e-16
-2.4e-05	6.4e-05	1.16791e-17
-2.4e-05	6.8e-05	-1.3697e-16
-2.4e-05	7.2e-05	2.37541e-17
-2.4e-05	7.6e-05	-1.52327e-16
-2e-05	-8e-05	-2.02508e-17
-2e-05	-7.6e-05	-2.12548e-16
-2e-05	-7.2e-05	9.78096e-18
-2e-05	-6.8e-05	-1.60211e-16
-2e-05	-6.4e-05	2.21077e-17
-2e-05	-6e-05	-1.56503e-16
-2e-05	-5.6e-05	-8.93785e-18
-2e-05	-5.2e-05	-1.10602e-16
-2e-05	-4.8e-05	-6.43577e-18
-2e-05	-4.4e-05	-2.59281e-17
-2e-05	-4e-05	-8.97713e-18
-2e-05	-3.6e-05	1.17136e-16
-2e-05	-3.2e-05	1.57015e-15
-2e-05	-2.8e-05	1.67237e-13
-2e-05	-2.4e-05	1.66755e-11
-2e-05	-2e-05	1.49686e-09
-2e-05	-1.6e-05	1.12045e-07
-2e-05	-1.2e-05	5.60611e-06
-2e-05	-8e-06	3.44033e-06
-2e-05	-4e-06	-2.53514e-06
-2e-05	0	-3.49106e-06
-2e-05	4e-06	-2.79552e-08
-2e-05	8e-06	1.62072e-06
-2e-05	1.2e-05	3.2561e-08
-2e-05	1.6e-05	4.35991e-10
-2e-05	2e-05	4.86447e-12
-2e-05	2.4e-05	4.88532e-14
-2e-05	2.8e-05	5.24671e-16
-2e-05	3.2e-05	-2.8357e-17
-2e-05	3.6e-05	-2.58961e-18
-2e-05	4e-05	7.3881e-17
-2e-05	4.4e-05	-2.31169e-17
-2e-05	4.8e-05	8.37223e-17
-2e-05	5.2e-05	-7.11809e-17
-2e-05	5.6e-05	5.87295e-17
-2e-05	6e-05	-6.73416e-17
-2e-05	6.4e-05	-2.73701e-17
-2e-05	6.8e-05	2.58073e-17
-2e-05	7.2e-05	-9.14436e-17
-2e-05	7.6e-05	7.34188e-18
-1.6e-05	-8e-05	-1.87544e-16
-1.6e-05	-7.6e-05	-2.22747e-17
-1.6e-05	-7.2e-05	-1.45378e-16
-1.6e-05	-6.8e-05	1.7427e-17
-1.6e-05	-6.4e-05	-7.14112e-17
-1.6e-05	-6e-05	-8.69749e-18
-1.6e-05	-5.6e-05	2.2914e-17
-1.6e-05	-5.2e-05	-3.37068e-17
-1.6e-05	-4.8e-05	1.20748e-16
-1.6e-05	-4.4e-05	-2.31374e-17
-1.6e-05	-4e-05	1.13368e-16
-1.6e-05	-3.6e-05	4.80325e-16
-1.6e-05	-3.2e-05	6.6889e-14
-1.6e-05	-2.8e-05	8.34756e-12
-1.6e-05	-2.4e-05	9.98225e-10
-1.6e-05	-2e-05	1.11926e-07
-1.6e-05	-1.6e-05	1.11588e-05
-1.6e-05	-1.2e-05	0.00083536
-1.6e-05	-8e-06	0.000511625
-1.6e-05	-4e-06	-0.000379484
-1.6e-05	0	-0.000519818
-1.6e-05	4e-06	-2.08161e-06
-1.6e-05	8e-06	0.000242714
-1.6e-05	1.2e-05	3.25505e-06
-1.6e-05	1.6e-05	3.27252e-08
-1.6e-05	2e-05	2.92423e-10
-1.6e-05	2.4e-05	2.4497e-12
-1.6e-05	2.8e-05	1.97117e-14
-1.6e-05	3.2e-05	1.89899e-16
-1.6e-05	3.6e-05	-1.13444e-16
-1.6e-05	4e-05	-9.57197e-17
-1.6e-05	4.4e-05	7.03268e-18
-1.6e-05	4.8e-05	-1.92875e-17
-1.6e-05	5.2e-05	3.95284e-17
-1.6e-05	5.6e-05	-7.81089e-17
-1.6e-05	6e-05	5.19135e-17
-1.6e-05	6.4e-05	3.95197e-18
-1.6e-05	6.8e-05	5.43866e-17
-1.6e-05	7.2e-05	7.03668e-20
-1.6e-05	7.6e-05	-7.26493e-18
-1.2e-05	-8e-05	-2.55485e-17
-1.2e-05	-7.6e-05	-2.12549e-17
-1.2e-05	-7.2e-05	-2.35606e-17
-1.2e-05	-6.8e-05	4.36761e-17
-1.2e-05	-6.4e-05	-3.24119e-17
-1.2e-05	-6e-05	8.62689e-17
-1.2e-05	-5.6e-05	-6.51196e-17
-1.2e-05	-5.2e-05	9.9449e-17
-1.2e-05	-4.8e-05	-2.85161e-17
-1.2e-05	-4.4e-05	3.03647e-17
-1.2e-05	-4e-05	6.87528e-18
-1.2e-05	-3.6e-05	1.11437e-14
-1.2e-05	-3.2e-05	1.67981e-12
-1.2e-05	-2.8e-05	2.50757e-10
-1.2e-05	-2.4e-05	3.74333e-08
-1.2e-05	-2e-05	5.58839e-06
-1.2e-05	-1.6e-05	0.000834328
-1.2e-05	-1.2e-05	0.124483
-1.2e-05	-8e-06	0.0760868
-1.2e-05	-4e-06	-0.056804
-1.2e-05	0	-0.0774009
-1.2e-05	4e-06	2.22898e-13
-1.2e-05	8e-06	0.0363472
-1.2e-05	1.2e-05	0.000244711
-1.2e-05	1.6e-05	1.64527e-06
-1.2e-05	2e-05	1.10617e-08
-1.2e-05	2.4e-05	7.4371e-11
-1.2e-05	2.8e-05	5.00141e-13
-1.2e-05	3.2e-05	3.32557e-15
-1.2e-05	3.6e-05	6.99877e-17
-1.2e-05	4e-05	-2.1303e-17
-1.2e-05	4.4e-05	-5.92581e-17
-1.2e-05	4.8e-05	-2.86749e-17
-1.2e-05	5.2e-05	-8.29159e-17
-1.2e-05	5.6e-05	2.3882e-17
-1.2e-05	6e-05	-5.7811e-17
-1.2e-05	6.4e-05	4.76527e-17
-1.2e-05	6.8e-05	-4.82624e-18
-1.2e-05	7.2e-05	2.05005e-17
-1.2e-05	7.6e-05	-3.26885e-17
-8e-06	-8e-05	-2.19051e-17
-8e-06	-7.6e-05	-5.43906e-17
-8e-06	-7.2e-05	-1.91813e-17
-8e-06	-6.8e-05	-5.91092e-17
-8e-06	-6.4e-05	4.79416e-17
-8e-06	-6e-05	-2.28243e-17
-8e-06	-5.6e-05	2.25026e-17
-8e-06	-5.2e-05	-8.10054e-17
-8e-06	-4.8e-05	-2.82084e-17
-8e-06	-4.4e-05	-3.68085e-17
-8e-06	-4e-05	-5.43771e-17
-8e-06	-3.6e-05	3.71028e-15
-8e-06	-3.2e-05	5.54475e-13
-8e-06	-2.8e-05	8.24754e-11
-8e-06	-2.4e-05	1.22661e-08
-8e-06	-2e-05	1.82427e-06
-8e-06	-1.6e-05	0.000271315
-8e-06	-1.2e-05	0.0402387
-8e-06	-8e-06	-0.00905621
-8e-06	-4e-06	-0.0482459
-8e-06	0	-0.00492586
-8e-06	4e-06	0.0461669
-8e-06	8e-06	0.0369512
-8e-06	1.2e-05	0.000246481
-8e-06	1.6e-05	1.64442e-06
-8e-06	2e-05	1.09707e-08
-8e-06	2.4e-05	7.319e-11
-8e-06	2.8e-05	4.88337e-13
-8e-06	3.2e-05	3.32835e-15
-8e-06	3.6e-05	5.81302e-17
-8e-06	4e-05	2.1681e-17
-8e-06	4.4e-05	4.1989e-17
-8e-06	4.8e-05	-2.83492e-17
-8e-06	5.2e-05	2.06525e-17
-8e-06	5.6e-05	-1.14356e-16
-8e-06	6e-05	-3.69406e-18
-8e-06	6.4e-05	-3.39721e-17
-8e-06	6.8e-05	1.93022e-17
-8e-06	7.2e-05	-4.57398e-17
-8e-06	7.6e-05	-3.17474e-17
-4e-06	-8e-05	-6.69081e-17
-4e-06	-7.6e-05	-6.1273e-17
-4e-06	-7.2e-05	-7.30935e-17
-4e-06	-6.8e-05	-2.46669e-17
-4e-06	-6.4e-05	-3.17589e-17
-4e-06	-6e-05	-8.10434e-18
-4e-06	-5.6e-05	-9.65994e-17
-4e-06	-5.2e-05	-2.31437e-17
-4e-06	-4.8e-05	-3.19467e-17
-4e-06	-4.4e-05	1.70815e-18
-4e-06	-4e-05	-3.27204e-17
-4e-06	-3.6e-05	-7.54925e-15
-4e-06	-3.2e-05	-1.12992e-12
-4e-06	-2.8e-05	-1.68994e-10
-4e-06	-2.4e-05	-2.52733e-08
-4e-06	-2e-05	-3.77966e-06
-4e-06	-1.6e-05	-0.000565256
-4e-06	-1.2e-05	-0.0845055
-4e-06	-8e-06	-0.0738662
-4e-06	-4e-06	0.030694
-4e-06	0	0.0746865
-4e-06	4e-06	0.00466854
-4e-06	8e-06	-0.0467263
-4e-06	1.2e-05	-0.000314793
-4e-06	1.6e-05	-2.11664e-06
-4e-06	2e-05	-1.42318e-08
-4e-06	2.4e-05	-9.56886e-11
-4e-06	2.8e-05	-6.43307e-13
-4e-06	3.2e-05	-4.28863e-15
-4e-06	3.6e-05	4.24255e-18
-4e-06	4e-05	5.84227e-17
-4e-06	4.4e-05	2.96664e-17
-4e-06	4.8e-05	3.5281e-17
-4e-06	5.2e-05	-1.32745e-17
-4e-06	5.6e-05	-1.60223e-17
-4e-06	6e-05	-3.11254e-17
-4e-06	6.4e-05	-1.14185e-17
-4e-06	6.8e-05	-2.64764e-17
-4e-06	7.2e-05	-3.87934e-17
-4e-06	7.6e-05	-4.33849e-17
0	-8e-05	-7.57228e-17
0	-7.6e-05	-7.08986e-17
0	-7.2e-05	-7.78365e-17
0	-6.8e-05	-6.73645e-17
0	-6.4e-05	-2.96846e-17
0	-6e-05	-3.12475e-17
0	-5.6e-05	-2.111e-17
0	-5.2e-05	-1.24642e-17
0	-4.8e-05	-5.56751e-18
0	-4.4e-05	9.05037e-17
0	-4e-05	-1.31096e-17
0	-3.6e-05	-4.22819e-15
0	-3.2e-05	-6.43335e-13
0	-2.8e-05	-9.56886e-11
0	-2.4e-05	-1.42318e-08
0	-2e-05	-2.11664e-06
0	-1.6e-05	-0.000314793
0	-1.2e-05	-0.0467263
0	-8e-06	0.00466854
0	-4e-06	0.0746865
0	0	0.030694
0	4e-06	-0.0738662
0	8e-06	-0.0845055
0	1.2e-05	-0.000565256
0	1.6e-05	-3.77966e-06
0	2e-05	-2.52733e-08
0	2.4e-05	-1.68994e-10
0	2.8e-05	-1.12997e-12
0	3.2e-05	-7.52433e-15
0	3.6e-05	8.7377e-17
0	4e-05	7.03366e-17
0	4.4e-05	9.25224e-17
0	4.8e-05	4.82266e-17
0	5.2e-05	6.61054e-17
0	5.6e-05	1.95354e-17
0	6e-05	-1.16544e-18
0	6.4e-05	6.11265e-17
0	6.8e-05	-4.96839e-18
0	7.2e-05	1.4957e-17
0	7.6e-05	-6.20678e-17
4e-06	-8e-05	4.27741e-17
4e-06	-7.6e-05	-5.85089e-17
4e-06	-7.2e-05	1.82264e-17
4e-06	-6.8e-05	-4.27092e-17
4e-06	-6.4e-05	2.99418e-17
4e-06	-6e-05	-8.85489e-18
4e-06	-5.6e-05	6.15371e-17
4e-06	-5.2e-05	5.1532e-17
4e-06	-4.8e-05	8.0707e-17
4e-06	-4.4e-05	1.35826e-16
4e-06	-4e-05	1.44641e-16
4e-06	-3.6e-05	3.37404e-15
4e-06	-3.2e-05	4.8835e-13
4e-06	-2.8e-05	7.31899e-11
4e-06	-2.4e-05	1.09707e-08
4e-06	-2e-05	1.64442e-06
4e-06	-1.6e-05	0.000246481
4e-06	-1.2e-05	0.0369512
4e-06	-8e-06	0.0461669
4e-06	-4e-06	-0.00492586
4e-06	0	-0.0482459
4e-06	4e-06	-0.00905621
4e-06	8e-06	0.0402387
4e-06	1.2e-05	0.000271315
4e-06	1.6e-05	1.82427e-06
4e-06	2e-05	1.22661e-08
4e-06	2.4e-05	8.24753e-11
4e-06	2.8e-05	5.54521e-13
4e-06	3.2e-05	3.77011e-15
4e-06	3.6e-05	2.58733e-17
4e-06	4e-05	1.02944e-16
4e-06	4.4e-05	1.93732e-17
4e-06	4.8e-05	1.31632e-16
4e-06	5.2e-05	3.20973e-17
4e-06	5.6e-05	1.2401e-16
4e-06	6e-05	8.49692e-17
4e-06	6.4e-05	1.09467e-16
4e-06	6.8e-05	6.46355e-17
4e-06	7.2e-05	6.2526e-17
4e-06	7.6e-05	5.5256e-17
8e-06	-8e-05	5.44819e-17
8e-06	-7.6e-05	5.71313e-17
8e-06	-7.2e-05	5.67309e-17
8e-06	-6.8e-05	7.91208e-17
8e-06	-6.4e-05	9.5916e-17
8e-06	-6e-05	6.38488e-17
8e-06	-5.6e-05	9.43916e-17
8e-06	-5.2e-05	6.69576e-17
8e-06	-4.8e-05	1.77445e-16
8e-06	-4.4e-05	5.82051e-17
8e-06	-4e-05	1.50299e-16
8e-06	-3.6e-05	3.40064e-15
8e-06	-3.2e-05	5.00064e-13
8e-06	-2.8e-05	7.43709e-11
8e-06	-2.4e-05	1.10617e-08
8e-06	-2e-05	1.64527e-06
8e-06	-1.6e-05	0.000244711
8e-06	-1.2e-05	0.0363472
8e-06	-8e-06	0
8e-06	-4e-06	-0.0774009
8e-06	0	-0.056804
8e-06	4e-06	0.0760868
8e-06	8e-06	0.124483
8e-06	1.2e-05	0.000834328
8e-06	1.6e-05	5.58839e-06
8e-06	2e-05	3.74333e-08
8e-06	2.4e-05	2.50757e-10
8e-06	2.8e-05	1.67982e-12
8e-06	3.2e-05	1.12498e-14
8e-06	3.6e-05	1.03412e-16
8e-06	4e-05	-8.75479e-19
8e-06	4.4e-05	3.21684e-17
8e-06	4.8e-05	1.79115e-18
8e-06	5.2e-05	8.25052e-17
8e-06	5.6e-05	1.61322e-17
8e-06	6e-05	1.05536e-16
8e-06	6.4e-05	2.99833e-17
8e-06	6.8e-05	1.04115e-16
8e-06	7.2e-05	4.89561e-17
8e-06	7.6e-05	1.21362e-16
1.2e-05	-8e-05	9.71099e-17
1.2e-05	-7.6e-05	1.20097e-16
1.2e-05	-7.2e-05	6.6826e-17
1.2e-05	-6.8e-05	1.12301e-16
1.2e-05	-6.4e-05	4.37901e-17
1.2e-05	-6e-05	1.46054e-16
1.2e-05	-5.6e-05	3.71707e-17
1.2e-05	-5.2e-05	9.90626e-17
1.2e-05	-4.8e-05	3.1665e-17
1.2e-05	-4.4e-05	6.95947e-17
1.2e-05	-4e-05	7.84855e-17
1.2e-05	-3.6e-05	1.45673e-16
1.2e-05	-3.2e-05	1.96346e-14
1.2e-05	-2.8e-05	2.44959e-12
1.2e-05	-2.4e-05	2.92423e-10
1.2e-05	-2e-05	3.27252e-08
1.2e-05	-1.6e-05	3.25505e-06
1.2e-05	-1.2e-05	0.000242714
1.2e-05	-8e-06	-2.08161e-06
1.2e-05	-4e-06	-0.000519818
1.2e-05	0	-0.000379484
1.2e-05	4e-06	0.000511625
1.2e-05	8e-06	0.00083536
1.2e-05	1.2e-05	1.11588e-05
1.2e-05	1.6e-05	1.11926e-07
1.2e-05	2e-05	9.98225e-10
1.2e-05	2.4e-05	8.34762e-12
1.2e-05	2.8e-05	6.7002e-14
1.2e-05	3.2e-05	5.34936e-16
1.2e-05	3.6e-05	-7.74136e-17
1.2e-05	4e-05	8.80189e-18
1.2e-05	4.4e-05	-3.73845e-17
1.2e-05	4.8e-05	2.38562e-17
1.2e-05	5.2e-05	-3.37583e-17
1.2e-05	5.6e-05	4.02288e-17
1.2e-05	6e-05	-3.5074e-19
1.2e-05	6.4e-05	5.2133e-17
1.2e-05	6.8e-05	1.10675e-17
1.2e-05	7.2e-05	5.90064e-17
1.2e-05	7.6e-05	4.16881e-17
1.6e-05	-8e-05	7.97567e-17
1.6e-05	-7.6e-05	6.20795e-17
1.6e-05	-7.2e-05	6.80855e-17
1.6e-05	-6.8e-05	4.90712e-17
1.6e-05	-6.4e-05	8.11232e-17
1.6e-05	-6e-05	-9.41882e-18
1.6e-05	-5.6e-05	6.86091e-17
1.6e-05	-5.2e-05	-9.4631e-18
1.6e-05	-4.8e-05	2.67156e-17
1.6e-05	-4.4e-05	-4.31e-17
1.6e-05	-4e-05	1.27206e-17
1.6e-05	-3.6e-05	3.64204e-17
1.6e-05	-3.2e-05	3.79381e-16
1.6e-05	-2.8e-05	4.87627e-14
1.6e-05	-2.4e-05	4.86451e-12
1.6e-05	-2e-05	4.35991e-10
1.6e-05	-1.6e-05	3.2561e-08
1.6e-05	-1.2e-05	1.62072e-06
1.6e-05	-8e-06	-2.79552e-08
1.6e-05	-4e-06	-3.49106e-06
1.6e-05	0	-2.53514e-06
1.6e-05	4e-06	3.44033e-06
1.6e-05	8e-06	5.60611e-06
1.6e-05	1.2e-05	1.12045e-07
1.6e-05	1.6e-05	1.49686e-09
1.6e-05	2e-05	1.66755e-11
1.6e-05	2.4e-05	1.67229e-13
1.6e-05	2.8e-05	1.61882e-15
1.6e-05	3.2e-05	-8.29504e-17
1.6e-05	3.6e-05	1.17443e-17
1.6e-05	4e-05	-7.01585e-17
1.6e-05	4.4e-05	1.3983e-17
1.6e-05	4.8e-05	-7.74225e-17
1.6e-05	5.2e-05	-8.26197e-19
1.6e-05	5.6e-05	-3.56711e-17
1.6e-05	6e-05	1.9332e-17
1.6e-05	6.4e-05	-3.82223e-17
1.6e-05	6.8e-05	-8.88345e-18
1.6e-05	7.2e-05	-1.22706e-17
1.6e-05	7.6e-05	2.78827e-17
2e-05	-8e-05	1.35154e-17
2e-05	-7.6e-05	1.72773e-17
2e-05	-7.2e-05	1.50922e-17
2e-05	-6.8e-05	8.56336e-18
2e-05	-6.4e-05	-4.97736e-17
2e-05	-6e-05	1.39059e-17
2e-05	-5.6e-05	-4.81218e-17
2e-05	-5.2e-05	-9.54427e-18
2e-05	-4.8e-05	-4.60838e-17
2e-05	-4.4e-05	-2.25618e-18
2e-05	-4e-05	-1.355e-16
2e-05	-3.6e-05	6.56882e-17
2e-05	-3.2e-05	3.64537e-17
2e-05	-2.8e-05	7.50852e-16
2e-05	-2.4e-05	6.48046e-14
2e-05	-2e-05	4.84643e-12
2e-05	-1.6e-05	2.89722e-10
2e-05	-1.2e-05	1.08221e-08
2e-05	-8e-06	-2.81571e-10
2e-05	-4e-06	-2.34458e-08
2e-05	0	-1.69358e-08
2e-05	4e-06	2.31341e-08
2e-05	8e-06	3.76246e-08
2e-05	1.2e-05	1.0003e-09
2e-05	1.6e-05	1.66894e-11
2e-05	2e-05	2.23021e-13
2e-05	2.4e-05	2.68219e-15
2e-05	2.8e-05	-4.59859e-18
2e-05	3.2e-05	4.05918e-17
2e-05	3.6e-05	-4.69772e-17
2e-05	4e-05	5.08015e-17
2e-05	4.4e-05	-9.3115e-17
2e-05	4.8e-05	6.28286e-18
2e-05	5.2e-05	-8.27244e-17
2e-05	5.6e-05	1.1639e-17
2e-05	6e-05	-8.69317e-17
2e-05	6.4e-05	-3.19e-17
2e-05	6.8e-05	-5.39471e-17
2e-05	7.2e-05	2.60494e-17
2e-05	7.6e-05	-6.28712e-17
2.4e-05	-8e-05	8.31539e-18
2.4e-05	-7.6e-05	-2.88452e-17
2.4e-05	-7.2e-05	-2.21424e-18
2.4e-05	-6.8e-05	-6.84859e-17
2.4e-05	-6.4e-05	7.58344e-19
2.4e-05	-6e-05	-9.70119e-17
2.4e-05	-5.6e-05	-1.41289e-17
2.4e-05	-5.2e-05	-9.52194e-17
2.4e-05	-4.8e-05	1.00017e-17
2.4e-05	-4.4e-05	-7.16857e-17
2.4e-05	-4e-05	-6.98874e-17
2.4e-05	-3.6e-05	-5.88721e-17
2.4e-05	-3.2e-05	7.88222e-17
2.4e-05	-2.8e-05	4.64716e-17
2.4e-05	-2.4e-05	8.27382e-16
2.4e-05	-2e-05	4.85772e-14
2.4e-05	-1.6e-05	2.41752e-12
2.4e-05	-1.2e-05	7.22617e-11
2.4e-05	-8e-06	-2.52086e-12
2.4e-05	-4e-06	-1.57461e-10
2.4e-05	0	-1.13136e-10
2.4e-05	4e-06	1.55565e-10
2.4e-05	8e-06	2.52526e-10
2.4e-05	1.2e-05	8.37334e-12
2.4e-05	1.6e-05	1.67469e-13
2.4e-05	2e-05	2.66826e-15
2.4e-05	2.4e-05	4.10011e-19
2.4e-05	2.8e-05	6.93341e-17
2.4e-05	3.2e-05	-2.37106e-17
2.4e-05	3.6e-05	8.7482e-17
2.4e-05	4e-05	-4.98214e-17
2.4e-05	4.4e-05	5.6458e-17
2.4e-05	4.8e-05	-4.58732e-17
2.4e-05	5.2e-05	5.77577e-17
2.4e-05	5.6e-05	-9.47612e-17
2.4e-05	6e-05	9.9503e-18
2.4e-05	6.4e-05	-1.0433e-16
2.4e-05	6.8e-05	4.41436e-18
2.4e-05	7.2e-05	-8.28847e-17
2.4e-05	7.6e-05	2.36652e-17
2.8e-05	-8e-05	-6.82137e-17
2.8e-05	-7.6e-05	2.38828e-17
2.8e-05	-7.2e-05	-1.04181e-16
2.8e-05	-6.8e-05	1.2543e-17
2.8e-05	-6.4e-05	-9.30575e-17
2.8e-05	-6e-05	3.53436e-17
2.8e-05	-5.6e-05	-9.17273e-17
2.8e-05	-5.2e-05	4.14399e-17
2.8e-05	-4.8e-05	-7.71844e-17
2.8e-05	-4.4e-05	9.48089e-17
2.8e-05	-4e-05	-2.56416e-17
2.8e-05	-3.6e-05	6.35989e-17
2.8e-05	-3.2e-05	-1.46677e-17
2.8e-05	-2.8e-05	5.94037e-17
2.8e-05	-2.4e-05	5.36515e-17
2.8e-05	-2e-05	5.62637e-16
2.8e-05	-1.6e-05	1.9365e-14
2.8e-05	-1.2e-05	4.82546e-13
2.8e-05	-8e-06	-2.12107e-14
2.8e-05	-4e-06	-1.05751e-12
2.8e-05	0	-7.55829e-13
2.8e-05	4e-06	1.04606e-12
2.8e-05	8e-06	1.69498e-12
2.8e-05	1.2e-05	6.72296e-14
2.8e-05	1.6e-05	1.57803e-15
2.8e-05	2e-05	-6.06501e-17
2.8e-05	2.4e-05	4.43424e-17
2.8e-05	2.8e-05	-6.1193e-17
2.8e-05	3.2e-05	6.55427e-17
2.8e-05	3.6e-05	-2.94808e-17
2.8e-05	4e-05	7.11851e-17
2.8e-05	4.4e-05	-1.52445e-17
2.8e-05	4.8e-05	8.26625e-17
2.8e-05	5.2e-05	-2.36607e-17
2.8e-05	5.6e-05	5.98076e-17
2.8e-05	6e-05	-4.53229e-17
2.8e-05	6.4e-05	6.37416e-17
2.8e-05	6.8e-05	-3.83874e-17
2.8e-05	7.2e-05	5.44339e-17
2.8e-05	7.6e-05	-5.22181e-17
3.2e-05	-8e-05	6.28219e-17
3.2e-05	-7.6e-05	-2.98472e-17
3.2e-05	-7.2e-05	9.186e-17
3.2e-05	-6.8e-05	-5.57114e-17
3.2e-05	-6.4e-05	7.48331e-17
3.2e-05	-6e-05	-5.73506e-17
3.2e-05	-5.6e-05	8.61344e-17
3.2e-05	-5.2e-05	-1.02544e-17
3.2e-05	-4.8e-05	9.55353e-17
3.2e-05	-4.4e-05	-2.97713e-18
3.2e-05	-4e-05	1.44634e-16
3.2e-05	-3.6e-05	-2.16241e-17
3.2e-05	-3.2e-05	8.86366e-17
3.2e-05	-2.8e-05	-3.83004e-17
3.2e-05	-2.4e-05	3.56243e-17
3.2e-05	-2e-05	-7.02732e-17
3.2e-05	-1.6e-05	1.64017e-16
3.2e-05	-1.2e-05	3.13406e-15
3.2e-05	-8e-06	-1.60718e-16
3.2e-05	-4e-06	-7.13447e-15
3.2e-05	0	-5.04698e-15
3.2e-05	4e-06	7.02293e-15
3.2e-05	8e-06	1.1371e-14
3.2e-05	1.2e-05	5.41457e-16
3.2e-05	1.6e-05	-3.93542e-17
3.2e-05	2e-05	6.70535e-18
3.2e-05	2.4e-05	-8.37085e-17
3.2e-05	2.8e-05	2.43013e-17
3.2e-05	3.2e-05	-5.70172e-17
3.2e-05	3.6e-05	6.7386e-17
3.2e-05	4e-05	-4.99155e-17
3.2e-05	4.4e-05	6.97548e-17
3.2e-05	4.8e-05	-5.27821e-17
3.2e-05	5.2e-05	6.76354e-17
3.2e-05	5.6e-05	-3.95209e-17
3.2e-05	6e-05	8.72797e-17
3.2e-05	6.4e-05	-2.3534e-17
3.2e-05	6.8e-05	1.03468e-16
3.2e-05	7.2e-05	-3.62749e-17
3.2e-05	7.6e-05	9.31692e-17
3.6e-05	-8e-05	-3.23309e-17
3.6e-05	-7.6e-05	1.20825e-16
3.6e-05	-7.2e-05	-3.40991e-17
3.6e-05	-6.8e-05	9.99924e-17
3.6e-05	-6.4e-05	-1.72127e-18
3.6e-05	-6e-05	7.54032e-17
3.6e-05	-5.6e-05	-2.94233e-17
3.6e-05	-5.2e-05	8.84506e-17
3.6e-05	-4.8e-05	-2.66334e-17
3.6e-05	-4.4e-05	5.57194e-17
3.6e-05	-4e-05	-3.5435e-17
3.6e-05	-3.6e-05	6.88422e-17
3.6e-05	-3.2e-05	-8.48714e-17
3.6e-05	-2.8e-05	4.02371e-17
3.6e-05	-2.4e-05	-9.62142e-17
3.6e-05	-2e-05	2.54187e-17
3.6e-05	-1.6e-05	-7.96402e-17
3.6e-05	-1.2e-05	-6.48891e-18
3.6e-05	-8e-06	-1.00696e-17
3.6e-05	-4e-06	-5.31331e-17
3.6e-05	0	-1.19209e-17
3.6e-05	4e-06	5.0647e-17
3.6e-05	8e-06	7.9766e-17
3.6e-05	1.2e-05	-2.05351e-17
3.6e-05	1.6e-05	-2.36616e-17
3.6e-05	2e-05	-1.85307e-17
3.6e-05	2.4e-05	4.95543e-18
3.6e-05	2.8e-05	-6.37632e-17
3.6e-05	3.2e-05	5.9613e-18
3.6e-05	3.6e-05	-9.54515e-17
3.6e-05	4e-05	5.39165e-17
3.6e-05	4.4e-05	-1.05544e-16
3.6e-05	4.8e-05	5.77884e-17
3.6e-05	5.2e-05	-7.24844e-17
3.6e-05	5.6e-05	7.14885e-17
3.6e-05	6e-05	-6.54402e-17
3.6e-05	6.4e-05	1.14719e-16
3.6e-05	6.8e-05	-6.72359e-17
3.6e-05	7.2e-05	8.77265e-17
3.6e-05	7.6e-05	-8.79145e-17
4e-05	-8e-05	9.36987e-17
4e-05	-7.6e-05	-5.90034e-17
4e-05	-7.2e-05	1.26129e-16
4e-05	-6.8e-05	-7.21767e-17
4e-05	-6.4e-05	7.25373e-17
4e-05	-6e-05	-5.95069e-17
4e-05	-5.6e-05	8.03775e-17
4e-05	-5.2e-05	-1.09757e-16
4e-05	-4.8e-05	9.51893e-17
4e-05	-4.4e-05	-1.11776e-16
4e-05	-4e-05	3.42354e-17
4e-05	-3.6e-05	-1.00638e-16
4e-05	-3.2e-05	3.10362e-17
4e-05	-2.8e-05	-9.85817e-17
4e-05	-2.4e-05	-9.40993e-18
4e-05	-2e-05	-3.35497e-17
4e-05	-1.6e-05	4.83972e-17
4e-05	-1.2e-05	-1.50322e-17
4e-05	-8e-06	-4.84505e-19
4e-05	-4e-06	1.58163e-17
4e-05	0	-2.37303e-17
4e-05	4e-06	1.10948e-17
4e-05	8e-06	1.69217e-17
4e-05	1.2e-05	-2.66788e-18
4e-05	1.6e-05	-1.15033e-17
4e-05	2e-05	-1.14009e-17
4e-05	2.4e-05	-2.94958e-17
4e-05	2.8e-05	9.3626e-19
4e-05	3.2e-05	-3.63907e-17
4e-05	3.6e-05	6.17427e-18
4e-05	4e-05	-6.07192e-17
4e-05	4.4e-05	1.14397e-17
4e-05	4.8e-05	-8.12699e-17
4e-05	5.2e-05	4.34473e-17
4e-05	5.6e-05	-1.11449e-16
4e-05	6e-05	9.35969e-17
4e-05	6.4e-05	-1.07999e-16
4e-05	6.8e-05	6.49762e-17
4e-05	7.2e-05	-9.47456e-17
4e-05	7.6e-05	8.25351e-17
4.4e-05	-8e-05	-1.51109e-16
4.4e-05	-7.6e-05	6.10006e-17
4.4e-05	-7.2e-05	-6.47124e-17
4.4e-05	-6.8e-05	1.18534e-16
4.4e-05	-6.4e-05	-9.72415e-17
4.4e-05	-6e-05	3.72295e-17
4.4e-05	-5.6e-05	-8.41295e-17
4.4e-05	-5.2e-05	2.79806e-17
4.4e-05	-4.8e-05	-1.25507e-16
4.4e-05	-4.4e-05	5.202e-17
4.4e-05	-4e-05	-1.12012e-16
4.4e-05	-3.6e-05	7.14396e-18
4.4e-05	-3.2e-05	-7.37052e-17
4.4e-05	-2.8e-05	-4.4819e-17
4.4e-05	-2.4e-05	-2.55042e-17
4.4e-05	-2e-05	-2.37311e-17
4.4e-05	-1.6e-05	-1.52843e-17
4.4e-05	-1.2e-05	-7.54271e-18
4.4e-05	-8e-06	-2.22017e-17
4.4e-05	-4e-06	1.72788e-17
4.4e-05	0	-1.45247e-17
4.4e-05	4e-06	1.98473e-17
4.4e-05	8e-06	2.13204e-17
4.4e-05	1.2e-05	-1.26788e-17
4.4e-05	1.6e-05	1.90243e-17
4.4e-05	2e-05	-2.42151e-17
4.4e-05	2.4e-05	-1.90911e-18
4.4e-05	2.8e-05	-9.96682e-18
4.4e-05	3.2e-05	-1.10469e-17
4.4e-05	3.6e-05	-4.81617e-17
4.4e-05	4e-05	-5.45847e-17
4.4e-05	4.4e-05	-5.02898e-17
4.4e-05	4.8e-05	2.32535e-17
4.4e-05	5.2e-05	-6.45093e-17
4.4e-05	5.6e-05	4.8986e-17
4.4e-05	6e-05	-8.49176e-17
4.4e-05	6.4e-05	2.29672e-17
4.4e-05	6.8e-05	-1.18936e-16
4.4e-05	7.2e-05	6.41607e-17
4.4e-05	7.6e-05	-1.17839e-16
4.8e-05	-8e-05	4.88611e-17
4.8e-05	-7.6e-05	-1.36438e-16
4.8e-05	-7.2e-05	1.91704e-17
4.8e-05	-6.8e-05	-9.10994e-17
4.8e-05	-6.4e-05	9.25982e-17
4.8e-05	-6e-05	-1.1922e-16
4.8e-05	-5.6e-05	-7.30292e-18
4.8e-05	-5.2e-05	-9.14838e-17
4.8e-05	-4.8e-05	-5.4107e-19
4.8e-05	-4.4e-05	-6.35727e-17
4.8e-05	-4e-05	-7.86396e-19
4.8e-05	-3.6e-05	-3.63414e-17
4.8e-05	-3.2e-05	5.9115e-18
4.8e-05	-2.8e-05	-5.6859e-17
4.8e-05	-2.4e-05	1.08673e-17
4.8e-05	-2e-05	-2.90619e-17
4.8e-05	-1.6e-05	4.819e-17
4.8e-05	-1.2e-05	-2.48138e-18
4.8e-05	-8e-06	4.75725e-17
4.8e-05	-4e-06	9.36778e-19
4.8e-05	0	1.17207e-17
4.8e-05	4e-06	-6.76748e-18
4.8e-05	8e-06	-3.78979e-18
4.8e-05	1.2e-05	2.11742e-17
4.8e-05	1.6e-05	-1.4899e-18
4.8e-05	2e-05	-4.97488e-18
4.8e-05	2.4e-05	2.94398e-18
4.8e-05	2.8e-05	-2.1107e-18
4.8e-05	3.2e-05	-1.52389e-17
4.8e-05	3.6e-05	1.83163e-17
4.8e-05	4e-05	-4.57431e-17
4.8e-05	4.4e-05	1.57402e-17
4.8e-05	4.8e-05	-6.77615e-17
4.8e-05	5.2e-05	5.70704e-17
4.8e-05	5.6e-05	-6.8005e-17
4.8e-05	6e-05	1.51079e-17
4.8e-05	6.4e-05	-1.04743e-16
4.8e-05	6.8e-05	2.92436e-17
4.8e-05	7.2e-05	-9.97905e-17
4.8e-05	7.6e-05	3.26771e-17
5.2e-05	-8e-05	-1.06342e-16
5.2e-05	-7.6e-05	2.24964e-17
5.2e-05	-7.2e-05	-1.19395e-16
5.2e-05	-6.8e-05	-4.57634e-17
5.2e-05	-6.4e-05	-6.95524e-17
5.2e-05	-6e-05	4.01601e-17
5.2e-05	-5.6e-05	-7.12942e-17
5.2e-05	-5.2e-05	2.92159e-17
5.2e-05	-4.8e-05	-6.62765e-17
5.2e-05	-4.4e-05	-5.12395e-18
5.2e-05	-4e-05	-3.89675e-17
5.2e-05	-3.6e-05	-5.91815e-18
5.2e-05	-3.2e-05	-2.79849e-17
5.2e-05	-2.8e-05	3.59938e-19
5.2e-05	-2.4e-05	-2.78322e-17
5.2e-05	-2e-05	8.28975e-18
5.2e-05	-1.6e-05	-4.91188e-18
5.2e-05	-1.2e-05	8.34579e-18
5.2e-05	-8e-06	3.89286e-17
5.2e-05	-4e-06	-2.49458e-17
5.2e-05	0	1.97686e-17
5.2e-05	4e-06	-2.94456e-17
5.2e-05	8e-06	-5.2725e-18
5.2e-05	1.2e-05	-1.04011e-17
5.2e-05	1.6e-05	-1.86719e-17
5.2e-05	2e-05	9.48232e-18
5.2e-05	2.4e-05	-6.9084e-18
5.2e-05	2.8e-05	-8.12857e-18
5.2e-05	3.2e-05	1.23682e-18
5.2e-05	3.6e-05	-2.54347e-17
5.2e-05	4e-05	3.8714e-17
5.2e-05	4.4e-05	-2.78402e-17
5.2e-05	4.8e-05	4.83463e-17
5.2e-05	5.2e-05	-3.07856e-17
5.2e-05	5.6e-05	2.81894e-17
5.2e-05	6e-05	-6.74315e-17
5.2e-05	6.4e-05	4.66144e-17
5.2e-05	6.8e-05	-8.97326e-17
5.2e-05	7.2e-05	1.4189e-17
5.2e-05	7.6e-05	-6.01458e-17
5.6e-05	-8e-05	-8.29802e-18
5.6e-05	-7.6e-05	-1.35071e-16
5.6e-05	-7.2e-05	1.74261e-17
5.6e-05	-6.8e-05	-7.38617e-17
5.6e-05	-6.4e-05	-2.33984e-17
5.6e-05	-6e-05	-2.92427e-17
5.6e-05	-5.6e-05	3.41668e-17
5.6e-05	-5.2e-05	-6.10824e-18
5.6e-05	-4.8e-05	-1.31191e-18
5.6e-05	-4.4e-05	-2.71922e-17
5.6e-05	-4e-05	2.91368e-18
5.6e-05	-3.6e-05	-2.92717e-17
5.6e-05	-3.2e-05	-2.13198e-17
5.6e-05	-2.8e-05	-1.25925e-17
5.6e-05	-2.4e-05	-5.99164e-17
5.6e-05	-2e-05	-2.99277e-17
5.6e-05	-1.6e-05	-4.55396e-17
5.6e-05	-1.2e-05	1.55196e-17
5.6e-05	-8e-06	-2.84564e-17
5.6e-05	-4e-06	8.57689e-18
5.6e-05	0	4.93412e-18
5.6e-05	4e-06	1.94699e-17
5.6e-05	8e-06	1.9891e-17
5.6e-05	1.2e-05	1.44268e-17
5.6e-05	1.6e-05	7.41128e-18
5.6e-05	2e-05	5.43182e-18
5.6e-05	2.4e-05	-2.23218e-17
5.6e-05	2.8e-05	-1.0634e-17
5.6e-05	3.2e-05	-9.37428e-18
5.6e-05	3.6e-05	-6.83011e-18
5.6e-05	4e-05	-1.87797e-17
5.6e-05	4.4e-05	1.7666e-17
5.6e-05	4.8e-05	-1.92861e-17
5.6e-05	5.2e-05	1.03081e-18
5.6e-05	5.6e-05	-4.96012e-17
5.6e-05	6e-05	1.38809e-17
5.6e-05	6.4e-05	-4.1594e-17
5.6e-05	6.8e-05	1.21414e-17
5.6e-05	7.2e-05	-4.72472e-17
5.6e-05	7.6e-05	1.10337e-18
6e-05	-8e-05	-3.73574e-17
6e-05	-7.6e-05	-5.33804e-18
6e-05	-7.2e-05	-1.75252e-17
6e-05	-6.8e-05	7.90828e-18
6e-05	-6.4e-05	-3.43387e-17
6e-05	-6e-05	-3.96211e-17
6e-05	-5.6e-05	1.19872e-17
6e-05	-5.2e-05	-1.31272e-18
6e-05	-4.8e-05	2.82985e-17
6e-05	-4.4e-05	2.79288e-17
6e-05	-4e-05	1.02326e-17
6e-05	-3.6e-05	-1.94589e-17
6e-05	-3.2e-05	2.26534e-17
6e-05	-2.8e-05	-3.47109e-17
6e-05	-2.4e-05	-1.12273e-17
6e-05	-2e-05	-4.13172e-17
6e-05	-1.6e-05	-2.27608e-17
6e-05	-1.2e-05	-2.38058e-17
6e-05	-8e-06	-2.11084e-17
6e-05	-4e-06	1.92314e-17
6e-05	0	1.55772e-17
6e-05	4e-06	3.25082e-17
6e-05	8e-06	3.59402e-17
6e-05	1.2e-05	1.1423e-17
6e-05	1.6e-05	2.48234e-17
6e-05	2e-05	-1.86924e-17
6e-05	2.4e-05	1.04002e-17
6e-05	2.8e-05	-1.593e-17
6e-05	3.2e-05	-2.79814e-18
6e-05	3.6e-05	-1.37003e-17
6e-05	4e-05	1.42145e-17
6e-05	4.4e-05	-1.91158e-17
6e-05	4.8e-05	-5.54739e-18
6e-05	5.2e-05	-4.10047e-17
6e-05	5.6e-05	-4.39234e-18
6e-05	6e-05	-4.82206e-17
6e-05	6.4e-05	-3.00982e-17
6e-05	6.8e-05	-2.36501e-17
6e-05	7.2e-05	-3.29661e-18
6e-05	7.6e-05	-2.83377e-17
6.4e-05	-8e-05	-1.16419e-17
6.4e-05	-7.6e-05	-1.25182e-18
6.4e-05	-7.2e-05	-2.3032e-17
6.4e-05	-6.8e-05	1.00329e-17
6.4e-05	-6.4e-05	-2.23455e-17
6.4e-05	-6e-05	1.57972e-18
6.4e-05	-5.6e-05	-4.01867e-17
6.4e-05	-5.2e-05	4.04801e-19
6.4e-05	-4.8e-05	-3.08139e-17
6.4e-05	-4.4e-05	2.49985e-17
6.4e-05	-4e-05	-1.46395e-17
6.4e-05	-3.6e-05	2.02261e-17
6.4e-05	-3.2e-05	-2.79257e-17
6.4e-05	-2.8e-05	2.96351e-17
6.4e-05	-2.4e-05	-1.78909e-17
6.4e-05	-2e-05	2.41228e-17
6.4e-05	-1.6e-05	-1.27385e-17
6.4e-05	-1.2e-05	1.85832e-17
6.4e-05	-8e-06	-1.05093e-17
6.4e-05	-4e-06	1.01324e-17
6.4e-05	0	-1.80682e-17
6.4e-05	4e-06	3.20519e-18
6.4e-05	8e-06	-2.07645e-17
6.4e-05	1.2e-05	-7.35889e-18
6.4e-05	1.6e-05	-3.10229e-17
6.4e-05	2e-05	-8.56009e-18
6.4e-05	2.4e-05	-1.02613e-18
6.4e-05	2.8e-05	1.83383e-17
6.4e-05	3.2e-05	-2.83244e-18
6.4e-05	3.6e-05	9.35499e-18
6.4e-05	4e-05	-1.73333e-17
6.4e-05	4.4e-05	5.16285e-19
6.4e-05	4.8e-05	-2.65718e-17
6.4e-05	5.2e-05	-5.8073e-18
6.4e-05	5.6e-05	-2.61516e-17
6.4e-05	6e-05	-7.20818e-18
6.4e-05	6.4e-05	-1.47923e-17
6.4e-05	6.8e-05	-6.64096e-18
6.4e-05	7.2e-05	-1.91491e-18
6.4e-05	7.6e-05	1.00276e-18
6.8e-05	-8e-05	-4.98964e-18
6.8e-05	-7.6e-05	3.7549e-18
6.8e-05	-7.2e-05	8.0803e-18
6.8e-05	-6.8e-05	-1.19063e-17
6.8e-05	-6.4e-05	1.81495e-17
6.8e-05	-6e-05	-7.68643e-18
6.8e-05	-5.6e-05	1.87081e-17
6.8e-05	-5.2e-05	-4.46482e-18
6.8e-05	-4.8e-05	1.94905e-17
6.8e-05	-4.4e-05	-8.7861e-18
6.8e-05	-4e-05	4.34152e-17
6.8e-05	-3.6e-05	-4.43742e-18
6.8e-05	-3.2e-05	4.83262e-17
6.8e-05	-2.8e-05	2.03244e-17
6.8e-05	-2.4e-05	4.22514e-17
6.8e-05	-2e-05	-5.51951e-18
6.8e-05	-1.6e-05	5.3001e-17
6.8e-05	-1.2e-05	-2.43419e-17
6.8e-05	-8e-06	2.34356e-17
6.8e-05	-4e-06	-7.18609e-17
6.8e-05	0	-1.74595e-17
6.8e-05	4e-06	-6.29681e-17
6.8e-05	8e-06	-5.13562e-17
6.8e-05	1.2e-05	-5.08377e-17
6.8e-05	1.6e-05	-4.74772e-17
6.8e-05	2e-05	-1.61336e-17
6.8e-05	2.4e-05	-8.44595e-18
6.8e-05	2.8e-05	1.35883e-18
6.8e-05	3.2e-05	1.72355e-17
6.8e-05	3.6e-05	4.22362e-18
6.8e-05	4e-05	1.34027e-17
6.8e-05	4.4e-05	3.51935e-18
6.8e-05	4.8e-05	2.49319e-17
6.8e-05	5.2e-05	1.39349e-18
6.8e-05	5.6e-05	2.05385e-17
6.8e-05	6e-05	5.51221e-18
6.8e-05	6.4e-05	1.41266e-17
6.8e-05	6.8e-05	2.15264e-17
6.8e-05	7.2e-05	2.38023e-17
6.8e-05	7.6e-05	1.75722e-17
7.2e-05	-8e-05	2.25475e-17
7.2e-05	-7.6e-05	1.51531e-17
7.2e-05	-7.2e-05	1.7405e-17
7.2e-05	-6.8e-05	3.47475e-17
7.2e-05	-6.4e-05	1.63947e-17
7.2e-05	-6e-05	4.41483e-17
7.2e-05	-5.6e-05	2.22334e-17
7.2e-05	-5.2e-05	4.4807e-17
7.2e-05	-4.8e-05	1.11269e-17
7.2e-05	-4.4e-05	4.22891e-17
7.2e-05	-4e-05	1.21549e-17
7.2e-05	-3.6e-05	5.51683e-17
7.2e-05	-3.2e-05	1.50088e-17
7.2e-05	-2.8e-05	4.79956e-17
7.2e-05	-2.4e-05	2.01397e-18
7.2e-05	-2e-05	4.36126e-17
7.2e-05	-1.6e-05	-1.74751e-17
7.2e-05	-1.2e-05	1.56665e-17
7.2e-05	-8e-06	-4.36417e-17
7.2e-05	-4e-06	-2.2451e-17
7.2e-05	0	-6.44215e-17
7.2e-05	4e-06	-4.97147e-17
7.2e-05	8e-06	-5.20887e-17
7.2e-05	1.2e-05	-4.97743e-17
7.2e-05	1.6e-05	-2.79306e-17
7.2e-05	2e-05	-3.28805e-17
7.2e-05	2.4e-05	-1.55704e-17
7.2e-05	2.8e-05	-1.99955e-17
7.2e-05	3.2e-05	-1.70216e-18
7.2e-05	3.6e-05	-1.48844e-18
7.2e-05	4e-05	5.23549e-18
7.2e-05	4.4e-05	1.83153e-17
7.2e-05	4.8e-05	6.70675e-18
7.2e-05	5.2e-05	2.41614e-17
7.2e-05	5.6e-05	1.66849e-17
7.2e-05	6e-05	3.12115e-17
7.2e-05	6.4e-05	3.41065e-17
7.2e-05	6.8e-05	3.85015e-17
7.2e-05	7.2e-05	3.82744e-17
7.2e-05	7.6e-05	3.01094e-17
7.6e-05	-8e-05	2.79221e-17
7.6e-05	-7.6e-05	1.68918e-17
7.6e-05	-7.2e-05	2.68788e-17
7.6e-05	-6.8e-05	2.17117e-17
7.6e-05	-6.4e-05	3.35224e-17
7.6e-05	-6e-05	1.37057e-17
7.6e-05	-5.6e-05	4.49779e-17
7.6e-05	-5.2e-05	1.18094e-17
7.6e-05	-4.8e-05	4.31851e-17
7.6e-05	-4.4e-05	2.27659e-17
7.6e-05	-4e-05	4.26574e-17
7.6e-05	-3.6e-05	1.59074e-17
7.6e-05	-3.2e-05	3.15424e-17
7.6e-05	-2.8e-05	1.68421e-18
7.6e-05	-2.4e-05	3.01252e-17
7.6e-05	-2e-05	-1.16626e-17
7.6e-05	-1.6e-05	3.85535e-18
7.6e-05	-1.2e-05	-3.45055e-17
7.6e-05	-8e-06	-1.01053e-17
7.6e-05	-4e-06	-2.66438e-17
7.6e-05	0	-4.36984e-17
7.6e-05	4e-06	-3.83801e-17
7.6e-05	8e-06	-2.55351e-17
7.6e-05	1.2e-05	-3.00701e-17
7.6e-05	1.6e-05	-1.93362e-17
7.6e-05	2e-05	-2.07358e-17
7.6e-05	2.4e-05	-1.64508e-17
7.6e-05	2.8e-05	-1.1244e-17
7.6e-05	3.2e-05	-1.42141e-17
7.6e-05	3.6e-05	2.93565e-18
7.6e-05	4e-05	4.06111e-18
7.6e-05	4.4e-05	-8.66245e-19
7.6e-05	4.8e-05	1.55906e-17
7.6e-05	5.2e-05	1.63266e-17
7.6e-05	5.6e-05	1.64794e-17
7.6e-05	6e-05	2.06305e-17
7.6e-05	6.4e-05	2.62938e-17
7.6e-05	6.8e-05	3.14601e-17
7.6e-05	7.2e-05	2.26453e-17
7.6e-05	7.6e-05	2.04605e-17
