-8e-05	-8e-05	7.54376e-16
-8e-05	-7.6e-05	-2.51146e-16
-8e-05	-7.2e-05	7.67355e-15
-8e-05	-6.8e-05	7.01477e-16
-8e-05	-6.4e-05	3.26188e-16
-8e-05	-6e-05	-1.29979e-16
-8e-05	-5.6e-05	1.01347e-16
-8e-05	-5.2e-05	1.2067e-16
-8e-05	-4.8e-05	-7.90169e-16
-8e-05	-4.4e-05	-1.52208e-17
-8e-05	-4e-05	-1.73069e-16
-8e-05	-3.6e-05	-2.43152e-17
-8e-05	-3.2e-05	-6.67354e-16
-8e-05	-2.8e-05	-3.13153e-17
-8e-05	-2.4e-05	8.02723e-17
-8e-05	-2e-05	4.78417e-18
-8e-05	-1.6e-05	1.99752e-16
-8e-05	-1.2e-05	4.9292e-18
-8e-05	-8e-06	-2.24358e-17
-8e-05	-4e-06	1.9239e-17
-8e-05	0	-1.63326e-16
-8e-05	4e-06	3.60474e-18
-8e-05	8e-06	1.68776e-16
-8e-05	1.2e-05	1.22118e-17
-8e-05	1.6e-05	-1.89261e-16
-8e-05	2e-05	-2.36989e-17
-8e-05	2.4e-05	-1.56351e-16
-8e-05	2.8e-05	2.43971e-17
-8e-05	3.2e-05	-1.07198e-16
-8e-05	3.6e-05	-2.06861e-17
-8e-05	4e-05	-7.3922e-17
-8e-05	4.4e-05	-2.88232e-17
-8e-05	4.8e-05	9.08111e-18
-8e-05	5.2e-05	-4.47668e-17
-8e-05	5.6e-05	8.56367e-17
-8e-05	6e-05	6.97029e-16
-8e-05	6.4e-05	4.58975e-17
-8e-05	6.8e-05	1.6942e-15
-8e-05	7.2e-05	6.08982e-16
-8e-05	7.6e-05	2.73192e-15
-7.6e-05	-8e-05	-2.65999e-16
-7.6e-05	-7.6e-05	-4.4354e-15
-7.6e-05	-7.2e-05	2.20537e-16
-7.6e-05	-6.8e-05	-2.75155e-15
-7.6e-05	-6.4e-05	4.5359e-16
-7.6e-05	-6e-05	3.08932e-16
-7.6e-05	-5.6e-05	2.5113e-16
-7.6e-05	-5.2e-05	3.70722e-15
-7.6e-05	-4.8e-05	2.00797e-16
-7.6e-05	-4.4e-05	8.5768e-15
-7.6e-05	-4e-05	1.90375e-16
-7.6e-05	-3.6e-05	-1.39798e-15
-7.6e-05	-3.2e-05	4.59426e-16
-7.6e-05	-2.8e-05	5.53977e-16
-7.6e-05	-2.4e-05	-3.60635e-16
-7.6e-05	-2e-05	7.72174e-16
-7.6e-05	-1.6e-05	3.74755e-17
-7.6e-05	-1.2e-05	5.01051e-16
-7.6e-05	-8e-06	1.23127e-16
-7.6e-05	-4e-06	-2.30512e-16
-7.6e-05	0	-4.72922e-17
-7.6e-05	4e-06	-7.8074e-17
-7.6e-05	8e-06	6.36658e-17
-7.6e-05	1.2e-05	1.55837e-17
-7.6e-05	1.6e-05	-3.62757e-17
-7.6e-05	2e-05	4.89118e-17
-7.6e-05	2.4e-05	4.71908e-17
-7.6e-05	2.8e-05	-2.92019e-17
-7.6e-05	3.2e-05	-2.49948e-17
-7.6e-05	3.6e-05	-2.56239e-17
-7.6e-05	4e-05	4.64171e-18
-7.6e-05	4.4e-05	-8.14112e-17
-7.6e-05	4.8e-05	-8.94156e-17
-7.6e-05	5.2e-05	7.7908e-17
-7.6e-05	5.6e-05	-1.41301e-16
-7.6e-05	6e-05	-5.8419e-18
-7.6e-05	6.4e-05	-1.03921e-16
-7.6e-05	6.8e-05	3.02179e-16
-7.6e-05	7.2e-05	4.27166e-16
-7.6e-05	7.6e-05	7.82492e-16
-7.2e-05	-8e-05	2.9762e-15
-7.2e-05	-7.6e-05	1.00366e-15
-7.2e-05	-7.2e-05	8.97371e-16
-7.2e-05	-6.8e-05	7.88182e-16
-7.2e-05	-6.4e-05	6.10247e-17
-7.2e-05	-6e-05	-2.05132e-16
-7.2e-05	-5.6e-05	-2.9506e-16
-7.2e-05	-5.2e-05	3.56404e-16
-7.2e-05	-4.8e-05	-2.91105e-16
-7.2e-05	-4.4e-05	-8.95295e-17
-7.2e-05	-4e-05	4.39499e-17
-7.2e-05	-3.6e-05	-1.02963e-16
-7.2e-05	-3.2e-05	-7.18397e-17
-7.2e-05	-2.8e-05	-4.61421e-17
-7.2e-05	-2.4e-05	8.30616e-17
-7.2e-05	-2e-05	5.96316e-17
-7.2e-05	-1.6e-05	-1.55395e-17
-7.2e-05	-1.2e-05	-1.823e-18
-7.2e-05	-8e-06	3.92102e-17
-7.2e-05	-4e-06	3.0407e-17
-7.2e-05	0	-7.21612e-17
-7.2e-05	4e-06	-6.0215e-17
-7.2e-05	8e-06	4.19133e-17
-7.2e-05	1.2e-05	2.50761e-17
-7.2e-05	1.6e-05	2.04431e-18
-7.2e-05	2e-05	-8.10349e-18
-7.2e-05	2.4e-05	3.41163e-17
-7.2e-05	2.8e-05	5.65397e-17
-7.2e-05	3.2e-05	7.16071e-18
-7.2e-05	3.6e-05	-1.56473e-17
-7.2e-05	4e-05	-6.36186e-17
-7.2e-05	4.4e-05	-1.9557e-17
-7.2e-05	4.8e-05	-7.55213e-17
-7.2e-05	5.2e-05	-1.60474e-16
-7.2e-05	5.6e-05	1.02049e-16
-7.2e-05	6e-05	-3.12352e-16
-7.2e-05	6.4e-05	-1.18945e-16
-7.2e-05	6.8e-05	-5.57348e-17
-7.2e-05	7.2e-05	3.84567e-16
-7.2e-05	7.6e-05	5.77703e-16
-6.8e-05	-8e-05	8.64214e-16
-6.8e-05	-7.6e-05	8.05206e-16
-6.8e-05	-7.2e-05	7.00521e-16
-6.8e-05	-6.8e-05	1.81101e-16
-6.8e-05	-6.4e-05	-3.86544e-16
-6.8e-05	-6e-05	-6.35072e-16
-6.8e-05	-5.6e-05	1.97536e-16
-6.8e-05	-5.2e-05	-3.16221e-16
-6.8e-05	-4.8e-05	8.1035e-17
-6.8e-05	-4.4e-05	-1.00609e-16
-6.8e-05	-4e-05	-2.29571e-16
-6.8e-05	-3.6e-05	-2.82758e-17
-6.8e-05	-3.2e-05	7.77938e-17
-6.8e-05	-2.8e-05	4.71254e-17
-6.8e-05	-2.4e-05	-9.30802e-17
-6.8e-05	-2e-05	4.32424e-17
-6.8e-05	-1.6e-05	8.53836e-17
-6.8e-05	-1.2e-05	8.19979e-18
-6.8e-05	-8e-06	1.18824e-17
-6.8e-05	-4e-06	-1.50368e-17
-6.8e-05	0	-2.87745e-17
-6.8e-05	4e-06	-1.0495e-18
-6.8e-05	8e-06	1.79855e-17
-6.8e-05	1.2e-05	2.81744e-17
-6.8e-05	1.6e-05	-6.1801e-18
-6.8e-05	2e-05	4.57106e-17
-6.8e-05	2.4e-05	5.54668e-17
-6.8e-05	2.8e-05	-3.00715e-18
-6.8e-05	3.2e-05	3.4758e-17
-6.8e-05	3.6e-05	-1.99544e-17
-6.8e-05	4e-05	1.34928e-18
-6.8e-05	4.4e-05	-1.56514e-16
-6.8e-05	4.8e-05	-9.37949e-17
-6.8e-05	5.2e-05	5.2418e-17
-6.8e-05	5.6e-05	-1.92472e-16
-6.8e-05	6e-05	1.59189e-16
-6.8e-05	6.4e-05	-4.96897e-16
-6.8e-05	6.8e-05	-1.34799e-16
-6.8e-05	7.2e-05	-3.05008e-16
-6.8e-05	7.6e-05	1.0105e-16
-6.4e-05	-8e-05	-5.5281e-18
-6.4e-05	-7.6e-05	1.32e-16
-6.4e-05	-7.2e-05	-2.85279e-16
-6.4e-05	-6.8e-05	-3.39928e-16
-6.4e-05	-6.4e-05	-8.44312e-16
-6.4e-05	-6e-05	2.23872e-16
-6.4e-05	-5.6e-05	-2.27552e-16
-6.4e-05	-5.2e-05	4.51138e-16
-6.4e-05	-4.8e-05	-3.41013e-16
-6.4e-05	-4.4e-05	-4.17105e-16
-6.4e-05	-4e-05	1.06672e-16
-6.4e-05	-3.6e-05	-7.28197e-18
-6.4e-05	-3.2e-05	-1.08074e-16
-6.4e-05	-2.8e-05	-1.54101e-16
-6.4e-05	-2.4e-05	1.44726e-16
-6.4e-05	-2e-05	1.71158e-16
-6.4e-05	-1.6e-05	-5.81363e-17
-6.4e-05	-1.2e-05	-5.18301e-17
-6.4e-05	-8e-06	5.60882e-17
-6.4e-05	-4e-06	5.67101e-17
-6.4e-05	0	-8.40499e-17
-6.4e-05	4e-06	-7.13534e-17
-6.4e-05	8e-06	9.78215e-17
-6.4e-05	1.2e-05	6.42959e-17
-6.4e-05	1.6e-05	-3.14839e-17
-6.4e-05	2e-05	-3.54539e-17
-6.4e-05	2.4e-05	9.02416e-17
-6.4e-05	2.8e-05	9.64428e-17
-6.4e-05	3.2e-05	-1.41066e-17
-6.4e-05	3.6e-05	-4.63093e-17
-6.4e-05	4e-05	-4.38459e-17
-6.4e-05	4.4e-05	3.2826e-17
-6.4e-05	4.8e-05	-2.60922e-16
-6.4e-05	5.2e-05	-2.11515e-16
-6.4e-05	5.6e-05	9.59898e-17
-6.4e-05	6e-05	-2.16234e-16
-6.4e-05	6.4e-05	1.83717e-16
-6.4e-05	6.8e-05	-4.89487e-16
-6.4e-05	7.2e-05	-6.09014e-17
-6.4e-05	7.6e-05	-5.40372e-16
-6e-05	-8e-05	-1.085e-16
-6e-05	-7.6e-05	-5.69427e-16
-6e-05	-7.2e-05	-1.46508e-16
-6e-05	-6.8e-05	-6.58332e-16
-6e-05	-6.4e-05	2.58999e-16
-6e-05	-6e-05	-2.2259e-16
-6e-05	-5.6e-05	4.60189e-16
-6e-05	-5.2e-05	-5.5621e-16
-6e-05	-4.8e-05	-5.02546e-16
-6e-05	-4.4e-05	1.2612e-16
-6e-05	-4e-05	-9.01851e-17
-6e-05	-3.6e-05	-1.59092e-16
-6e-05	-3.2e-05	1.81771e-18
-6e-05	-2.8e-05	1.58832e-16
-6e-05	-2.4e-05	1.07624e-17
-6e-05	-2e-05	1.31685e-17
-6e-05	-1.6e-05	3.02221e-17
-6e-05	-1.2e-05	6.72373e-18
-6e-05	-8e-06	3.18295e-17
-6e-05	-4e-06	-5.32669e-17
-6e-05	0	-5.42909e-17
-6e-05	4e-06	5.11527e-17
-6e-05	8e-06	4.24716e-17
-6e-05	1.2e-05	1.89598e-17
-6e-05	1.6e-05	-2.08798e-17
-6e-05	2e-05	4.35483e-17
-6e-05	2.4e-05	4.98352e-17
-6e-05	2.8e-05	1.60116e-18
-6e-05	3.2e-05	7.50355e-17
-6e-05	3.6e-05	-2.78785e-17
-6e-05	4e-05	-4.02828e-17
-6e-05	4.4e-05	-8.72866e-17
-6e-05	4.8e-05	4.8289e-17
-6e-05	5.2e-05	-2.37639e-16
-6e-05	5.6e-05	-2.98009e-16
-6e-05	6e-05	1.66438e-16
-6e-05	6.4e-05	-3.35949e-16
-6e-05	6.8e-05	3.09994e-16
-6e-05	7.2e-05	-4.64214e-16
-6e-05	7.6e-05	2.18498e-16
-5.6e-05	-8e-05	-5.1519e-16
-5.6e-05	-7.6e-05	2.36497e-16
-5.6e-05	-7.2e-05	-5.11985e-16
-5.6e-05	-6.8e-05	4.64176e-16
-5.6e-05	-6.4e-05	-4.27355e-16
-5.6e-05	-6e-05	5.00509e-16
-5.6e-05	-5.6e-05	-6.27575e-16
-5.6e-05	-5.2e-05	-3.08826e-16
-5.6e-05	-4.8e-05	1.17414e-16
-5.6e-05	-4.4e-05	-2.51996e-16
-5.6e-05	-4e-05	-5.7004e-17
-5.6e-05	-3.6e-05	5.54897e-17
-5.6e-05	-3.2e-05	-7.94371e-18
-5.6e-05	-2.8e-05	-2.53336e-16
-5.6e-05	-2.4e-05	1.49138e-16
-5.6e-05	-2e-05	2.70454e-16
-5.6e-05	-1.6e-05	-4.36193e-17
-5.6e-05	-1.2e-05	-9.80242e-17
-5.6e-05	-8e-06	1.22965e-17
-5.6e-05	-4e-06	6.53032e-17
-5.6e-05	0	-4.23134e-17
-5.6e-05	4e-06	-5.81154e-18
-5.6e-05	8e-06	1.14353e-16
-5.6e-05	1.2e-05	7.8819e-17
-5.6e-05	1.6e-05	-8.49961e-17
-5.6e-05	2e-05	-1.37378e-17
-5.6e-05	2.4e-05	1.54874e-16
-5.6e-05	2.8e-05	9.93334e-17
-5.6e-05	3.2e-05	-4.44781e-17
-5.6e-05	3.6e-05	-9.97612e-18
-5.6e-05	4e-05	-2.57045e-17
-5.6e-05	4.4e-05	-2.54259e-17
-5.6e-05	4.8e-05	-2.32036e-16
-5.6e-05	5.2e-05	5.73447e-17
-5.6e-05	5.6e-05	-3.427e-16
-5.6e-05	6e-05	-2.81561e-16
-5.6e-05	6.4e-05	7.46072e-17
-5.6e-05	6.8e-05	-4.62945e-16
-5.6e-05	7.2e-05	3.78335e-16
-5.6e-05	7.6e-05	-5.57316e-16
-5.2e-05	-8e-05	4.928e-16
-5.2e-05	-7.6e-05	-6.07481e-16
-5.2e-05	-7.2e-05	5.24546e-16
-5.2e-05	-6.8e-05	-5.94979e-16
-5.2e-05	-6.4e-05	2.80968e-16
-5.2e-05	-6e-05	-5.43843e-16
-5.2e-05	-5.6e-05	-4.84469e-16
-5.2e-05	-5.2e-05	1.24283e-16
-5.2e-05	-4.8e-05	-5.85156e-16
-5.2e-05	-4.4e-05	2.93516e-17
-5.2e-05	-4e-05	1.10448e-16
-5.2e-05	-3.6e-05	-1.52911e-16
-5.2e-05	-3.2e-05	-1.88072e-16
-5.2e-05	-2.8e-05	2.42471e-16
-5.2e-05	-2.4e-05	2.96093e-16
-5.2e-05	-2e-05	-6.08748e-17
-5.2e-05	-1.6e-05	-1.09447e-16
-5.2e-05	-1.2e-05	2.92143e-17
-5.2e-05	-8e-06	3.89418e-17
-5.2e-05	-4e-06	-5.81805e-17
-5.2e-05	0	-1.75148e-17
-5.2e-05	4e-06	1.32151e-16
-5.2e-05	8e-06	1.19059e-16
-5.2e-05	1.2e-05	-1.66132e-17
-5.2e-05	1.6e-05	-3.88941e-17
-5.2e-05	2e-05	2.68957e-17
-5.2e-05	2.4e-05	2.96402e-17
-5.2e-05	2.8e-05	8.3959e-17
-5.2e-05	3.2e-05	1.1582e-16
-5.2e-05	3.6e-05	-7.23703e-17
-5.2e-05	4e-05	-4.89689e-17
-5.2e-05	4.4e-05	9.7537e-17
-5.2e-05	4.8e-05	-1.34592e-17
-5.2e-05	5.2e-05	-2.18231e-16
-5.2e-05	5.6e-05	6.47383e-17
-5.2e-05	6e-05	-4.7307e-16
-5.2e-05	6.4e-05	-1.76662e-16
-5.2e-05	6.8e-05	-3.02957e-16
-5.2e-05	7.2e-05	-3.89873e-16
-5.2e-05	7.6e-05	-1.10549e-16
-4.8e-05	-8e-05	-4.99372e-16
-4.8e-05	-7.6e-05	-9.46084e-17
-4.8e-05	-7.2e-05	-4.7332e-16
-4.8e-05	-6.8e-05	-3.11955e-16
-4.8e-05	-6.4e-05	-2.72808e-16
-4.8e-05	-6e-05	-6.96783e-16
-4.8e-05	-5.6e-05	1.46647e-16
-4.8e-05	-5.2e-05	-4.62914e-16
-4.8e-05	-4.8e-05	3.3841e-17
-4.8e-05	-4.4e-05	3.45003e-16
-4.8e-05	-4e-05	-2.17012e-16
-4.8e-05	-3.6e-05	-1.85999e-16
-4.8e-05	-3.2e-05	2.85748e-16
-4.8e-05	-2.8e-05	-7.45915e-17
-4.8e-05	-2.4e-05	-8.51945e-17
-4.8e-05	-2e-05	1.49807e-16
-4.8e-05	-1.6e-05	3.39266e-17
-4.8e-05	-1.2e-05	-4.27024e-17
-4.8e-05	-8e-06	-1.72547e-17
-4.8e-05	-4e-06	-2.85566e-18
-4.8e-05	0	1.12924e-16
-4.8e-05	4e-06	6.49677e-17
-4.8e-05	8e-06	1.04072e-16
-4.8e-05	1.2e-05	4.48467e-17
-4.8e-05	1.6e-05	-1.24718e-16
-4.8e-05	2e-05	1.99483e-17
-4.8e-05	2.4e-05	1.81612e-16
-4.8e-05	2.8e-05	1.96183e-17
-4.8e-05	3.2e-05	-1.78736e-17
-4.8e-05	3.6e-05	1.247e-16
-4.8e-05	4e-05	-1.92695e-16
-4.8e-05	4.4e-05	-5.83197e-17
-4.8e-05	4.8e-05	7.58907e-17
-4.8e-05	5.2e-05	-3.78965e-17
-4.8e-05	5.6e-05	-8.37966e-17
-4.8e-05	6e-05	8.85511e-17
-4.8e-05	6.4e-05	-3.51256e-16
-4.8e-05	6.8e-05	1.15455e-17
-4.8e-05	7.2e-05	-4.21417e-16
-4.8e-05	7.6e-05	-9.54112e-17
-4.4e-05	-8e-05	-4.21161e-16
-4.4e-05	-7.6e-05	-1.04704e-16
-4.4e-05	-7.2e-05	-4.78756e-16
-4.4e-05	-6.8e-05	1.24069e-17
-4.4e-05	-6.4e-05	-4.84606e-16
-4.4e-05	-6e-05	1.53727e-16
-4.4e-05	-5.6e-05	-1.57841e-16
-4.4e-05	-5.2e-05	-3.78348e-17
-4.4e-05	-4.8e-05	2.47494e-16
-4.4e-05	-4.4e-05	-2.21115e-16
-4.4e-05	-4e-05	-3.80996e-16
-4.4e-05	-3.6e-05	2.59036e-16
-4.4e-05	-3.2e-05	-1.48419e-16
-4.4e-05	-2.8e-05	-1.32518e-17
-4.4e-05	-2.4e-05	4.15853e-16
-4.4e-05	-2e-05	-3.93777e-17
-4.4e-05	-1.6e-05	-1.81723e-16
-4.4e-05	-1.2e-05	2.59508e-17
-4.4e-05	-8e-06	2.08686e-17
-4.4e-05	-4e-06	5.38191e-17
-4.4e-05	0	5.48458e-17
-4.4e-05	4e-06	2.24443e-16
-4.4e-05	8e-06	1.4007e-16
-4.4e-05	1.2e-05	-2.5312e-17
-4.4e-05	1.6e-05	1.41395e-17
-4.4e-05	2e-05	-6.09691e-17
-4.4e-05	2.4e-05	8.62539e-17
-4.4e-05	2.8e-05	1.11996e-16
-4.4e-05	3.2e-05	-8.59608e-18
-4.4e-05	3.6e-05	3.38082e-17
-4.4e-05	4e-05	1.17353e-16
-4.4e-05	4.4e-05	-1.56922e-16
-4.4e-05	4.8e-05	-5.19402e-17
-4.4e-05	5.2e-05	-3.24277e-17
-4.4e-05	5.6e-05	-9.08812e-17
-4.4e-05	6e-05	-7.85377e-17
-4.4e-05	6.4e-05	-4.19412e-18
-4.4e-05	6.8e-05	-2.41429e-16
-4.4e-05	7.2e-05	4.02021e-17
-4.4e-05	7.6e-05	-3.43685e-16
-4e-05	-8e-05	4.63096e-17
-4e-05	-7.6e-05	-3.69337e-16
-4e-05	-7.2e-05	6.26755e-17
-4e-05	-6.8e-05	-3.07647e-16
-4e-05	-6.4e-05	7.89115e-18
-4e-05	-6e-05	-8.97531e-17
-4e-05	-5.6e-05	-1.6801e-16
-4e-05	-5.2e-05	2.84147e-17
-4e-05	-4.8e-05	-1.85796e-16
-4e-05	-4.4e-05	-3.08701e-16
-4e-05	-4e-05	2.6025e-16
-4e-05	-3.6e-05	3.07546e-17
-4e-05	-3.2e-05	8.82914e-17
-4e-05	-2.8e-05	3.29434e-16
-4e-05	-2.4e-05	-1.23869e-16
-4e-05	-2e-05	-3.18615e-16
-4e-05	-1.6e-05	1.09964e-16
-4e-05	-1.2e-05	1.85911e-16
-4e-05	-8e-06	-1.34318e-16
-4e-05	-4e-06	-5.51651e-17
-4e-05	0	2.62108e-16
-4e-05	4e-06	3.31615e-16
-4e-05	8e-06	-8.0918e-17
-4e-05	1.2e-05	-3.71436e-17
-4e-05	1.6e-05	2.95088e-17
-4e-05	2e-05	1.19148e-16
-4e-05	2.4e-05	-3.08317e-17
-4e-05	2.8e-05	-7.53251e-17
-4e-05	3.2e-05	9.48202e-18
-4e-05	3.6e-05	1.49488e-17
-4e-05	4e-05	1.46658e-17
-4e-05	4.4e-05	1.61508e-16
-4e-05	4.8e-05	-1.03243e-16
-4e-05	5.2e-05	2.53918e-17
-4e-05	5.6e-05	-2.88977e-17
-4e-05	6e-05	-1.14809e-16
-4e-05	6.4e-05	2.95863e-17
-4e-05	6.8e-05	-1.37903e-16
-4e-05	7.2e-05	-1.73507e-17
-4e-05	7.6e-05	-1.31531e-16
-3.6e-05	-8e-05	-4.66133e-17
-3.6e-05	-7.6e-05	-1.43536e-16
-3.6e-05	-7.2e-05	-3.26727e-17
-3.6e-05	-6.8e-05	-1.94758e-16
-3.6e-05	-6.4e-05	6.41629e-17
-3.6e-05	-6e-05	-2.07475e-16
-3.6e-05	-5.6e-05	3.08832e-17
-3.6e-05	-5.2e-05	-3.09771e-17
-3.6e-05	-4.8e-05	-1.876e-16
-3.6e-05	-4.4e-05	3.31233e-16
-3.6e-05	-4e-05	-3.09854e-17
-3.6e-05	-3.6e-05	1.1783e-16
-3.6e-05	-3.2e-05	6.93885e-17
-3.6e-05	-2.8e-05	-2.74733e-16
-3.6e-05	-2.4e-05	-1.44355e-16
-3.6e-05	-2e-05	1.71888e-16
-3.6e-05	-1.6e-05	4.12564e-16
-3.6e-05	-1.2e-05	6.12326e-15
-3.6e-05	-8e-06	-9.80491e-15
-3.6e-05	-4e-06	1.19275e-14
-3.6e-05	0	-1.13602e-14
-3.6e-05	4e-06	9.69477e-15
-3.6e-05	8e-06	-5.51589e-15
-3.6e-05	1.2e-05	-3.35208e-16
-3.6e-05	1.6e-05	1.16164e-16
-3.6e-05	2e-05	4.95448e-17
-3.6e-05	2.4e-05	1.40881e-16
-3.6e-05	2.8e-05	-4.5368e-17
-3.6e-05	3.2e-05	-1.38215e-16
-3.6e-05	3.6e-05	5.51926e-17
-3.6e-05	4e-05	-2.5395e-17
-3.6e-05	4.4e-05	-3.74801e-17
-3.6e-05	4.8e-05	1.82376e-16
-3.6e-05	5.2e-05	-1.81844e-16
-3.6e-05	5.6e-05	1.53316e-16
-3.6e-05	6e-05	-1.726e-16
-3.6e-05	6.4e-05	2.92865e-17
-3.6e-05	6.8e-05	-8.94892e-17
-3.6e-05	7.2e-05	-4.40931e-17
-3.6e-05	7.6e-05	-4.9698e-17
-3.2e-05	-8e-05	-8.77238e-17
-3.2e-05	-7.6e-05	-4.22971e-17
-3.2e-05	-7.2e-05	-7.59112e-17
-3.2e-05	-6.8e-05	-9.64271e-17
-3.2e-05	-6.4e-05	1.23043e-17
-3.2e-05	-6e-05	-2.13107e-16
-3.2e-05	-5.6e-05	2.06206e-16
-3.2e-05	-5.2e-05	-3.52991e-16
-3.2e-05	-4.8e-05	3.44251e-16
-3.2e-05	-4.4e-05	-1.49656e-16
-3.2e-05	-4e-05	1.99985e-17
-3.2e-05	-3.6e-05	2.0501e-16
-3.2e-05	-3.2e-05	-2.85065e-16
-3.2e-05	-2.8e-05	1.75213e-16
-3.2e-05	-2.4e-05	1.39604e-16
-3.2e-05	-2e-05	6.4766e-16
-3.2e-05	-1.6e-05	3.84694e-14
-3.2e-05	-1.2e-05	9.08126e-13
-3.2e-05	-8e-06	-1.42639e-12
-3.2e-05	-4e-06	1.71591e-12
-3.2e-05	0	-1.70602e-12
-3.2e-05	4e-06	1.39417e-12
-3.2e-05	8e-06	-8.28247e-13
-3.2e-05	1.2e-05	-3.51051e-14
-3.2e-05	1.6e-05	-6.39938e-16
-3.2e-05	2e-05	1.15593e-16
-3.2e-05	2.4e-05	-2.22327e-16
-3.2e-05	2.8e-05	1.27465e-17
-3.2e-05	3.2e-05	-1.27677e-16
-3.2e-05	3.6e-05	-1.23376e-16
-3.2e-05	4e-05	1.81572e-16
-3.2e-05	4.4e-05	-8.16407e-17
-3.2e-05	4.8e-05	1.18506e-16
-3.2e-05	5.2e-05	1.05364e-16
-3.2e-05	5.6e-05	-1.13083e-16
-3.2e-05	6e-05	2.09694e-16
-3.2e-05	6.4e-05	-2.47802e-16
-3.2e-05	6.8e-05	1.9035e-16
-3.2e-05	7.2e-05	-3.05883e-16
-3.2e-05	7.6e-05	1.61766e-16
-2.8e-05	-8e-05	-3.31473e-16
-2.8e-05	-7.6e-05	1.73401e-16
-2.8e-05	-7.2e-05	-3.60214e-16
-2.8e-05	-6.8e-05	2.46531e-16
-2.8e-05	-6.4e-05	-3.52394e-16
-2.8e-05	-6e-05	2.87807e-16
-2.8e-05	-5.6e-05	-2.05803e-16
-2.8e-05	-5.2e-05	2.12204e-16
-2.8e-05	-4.8e-05	1.62056e-16
-2.8e-05	-4.4e-05	-1.05589e-16
-2.8e-05	-4e-05	4.19703e-16
-2.8e-05	-3.6e-05	-2.61603e-16
-2.8e-05	-3.2e-05	3.59675e-17
-2.8e-05	-2.8e-05	1.37359e-16
-2.8e-05	-2.4e-05	9.09306e-16
-2.8e-05	-2e-05	9.70179e-14
-2.8e-05	-1.6e-05	4.67821e-12
-2.8e-05	-1.2e-05	1.33244e-10
-2.8e-05	-8e-06	-2.09752e-10
-2.8e-05	-4e-06	2.52289e-10
-2.8e-05	0	-2.50897e-10
-2.8e-05	4e-06	2.04913e-10
-2.8e-05	8e-06	-1.21616e-10
-2.8e-05	1.2e-05	-4.27683e-12
-2.8e-05	1.6e-05	-8.86228e-14
-2.8e-05	2e-05	-1.19183e-15
-2.8e-05	2.4e-05	5.6856e-18
-2.8e-05	2.8e-05	-2.51089e-16
-2.8e-05	3.2e-05	3.63113e-17
-2.8e-05	3.6e-05	-2.29612e-16
-2.8e-05	4e-05	-7.51481e-17
-2.8e-05	4.4e-05	8.23036e-17
-2.8e-05	4.8e-05	-1.06579e-16
-2.8e-05	5.2e-05	2.38035e-16
-2.8e-05	5.6e-05	-1.81575e-17
-2.8e-05	6e-05	1.66617e-16
-2.8e-05	6.4e-05	8.97729e-17
-2.8e-05	6.8e-05	4.48759e-17
-2.8e-05	7.2e-05	1.58482e-16
-2.8e-05	7.6e-05	-2.83067e-17
-2.4e-05	-8e-05	1.88217e-16
-2.4e-05	-7.6e-05	-3.78865e-17
-2.4e-05	-7.2e-05	1.80366e-16
-2.4e-05	-6.8e-05	4.6149e-17
-2.4e-05	-6.4e-05	1.37089e-16
-2.4e-05	-6e-05	2.18058e-16
-2.4e-05	-5.6e-05	6.25296e-18
-2.4e-05	-5.2e-05	3.83843e-16
-2.4e-05	-4.8e-05	-1.69197e-16
-2.4e-05	-4.4e-05	2.3527e-16
-2.4e-05	-4e-05	-1.13178e-16
-2.4e-05	-3.6e-05	-3.34764e-16
-2.4e-05	-3.2e-05	1.54919e-16
-2.4e-05	-2.8e-05	1.01401e-15
-2.4e-05	-2.4e-05	1.29628e-13
-2.4e-05	-2e-05	9.4237e-12
-2.4e-05	-1.6e-05	5.45921e-10
-2.4e-05	-1.2e-05	1.95527e-08
-2.4e-05	-8e-06	-3.08424e-08
-2.4e-05	-4e-06	3.7094e-08
-2.4e-05	0	-3.68886e-08
-2.4e-05	4e-06	3.01267e-08
-2.4e-05	8e-06	-1.78599e-08
-2.4e-05	1.2e-05	-4.99312e-10
-2.4e-05	1.6e-05	-8.62248e-12
-2.4e-05	2e-05	-1.18623e-13
-2.4e-05	2.4e-05	-1.35433e-15
-2.4e-05	2.8e-05	-5.64153e-17
-2.4e-05	3.2e-05	-8.75097e-17
-2.4e-05	3.6e-05	1.63109e-17
-2.4e-05	4e-05	-2.68279e-16
-2.4e-05	4.4e-05	-2.09555e-17
-2.4e-05	4.8e-05	-1.4575e-16
-2.4e-05	5.2e-05	-1.03626e-16
-2.4e-05	5.6e-05	5.29846e-17
-2.4e-05	6e-05	-9.91785e-17
-2.4e-05	6.4e-05	1.82494e-16
-2.4e-05	6.8e-05	-5.15589e-17
-2.4e-05	7.2e-05	2.19089e-16
-2.4e-05	7.6e-05	-1.25511e-17
-2e-05	-8e-05	2.467e-16
-2e-05	-7.6e-05	-1.69736e-17
-2e-05	-7.2e-05	2.66964e-16
-2e-05	-6.8e-05	-7.28599e-17
-2e-05	-6.4e-05	2.34181e-16
-2e-05	-6e-05	-1.2703e-16
-2e-05	-5.6e-05	1.50764e-16
-2e-05	-5.2e-05	-1.56438e-16
-2e-05	-4.8e-05	-1.4964e-16
-2e-05	-4.4e-05	-4.62552e-17
-2e-05	-4e-05	-4.33782e-16
-2e-05	-3.6e-05	6.69771e-17
-2e-05	-3.2e-05	8.26407e-16
-2e-05	-2.8e-05	9.69003e-14
-2e-05	-2.4e-05	9.41888e-12
-2e-05	-2e-05	8.22222e-10
-2e-05	-1.6e-05	5.97071e-08
-2e-05	-1.2e-05	2.86943e-06
-2e-05	-8e-06	-4.5351e-06
-2e-05	-4e-06	5.45395e-06
-2e-05	0	-5.42361e-06
-2e-05	4e-06	4.42929e-06
-2e-05	8e-06	-2.62296e-06
-2e-05	1.2e-05	-5.46331e-08
-2e-05	1.6e-05	-7.52563e-10
-2e-05	2e-05	-8.62151e-12
-2e-05	2.4e-05	-8.88153e-14
-2e-05	2.8e-05	-8.86758e-16
-2e-05	3.2e-05	-2.22576e-17
-2e-05	3.6e-05	1.55486e-17
-2e-05	4e-05	3.68541e-17
-2e-05	4.4e-05	-1.6298e-16
-2e-05	4.8e-05	2.76064e-17
-2e-05	5.2e-05	-2.12617e-16
-2e-05	5.6e-05	-1.93215e-17
-2e-05	6e-05	-1.57701e-16
-2e-05	6.4e-05	-8.31405e-17
-2e-05	6.8e-05	-8.10663e-17
-2e-05	7.2e-05	-9.33725e-17
-2e-05	7.6e-05	-2.62223e-17
-1.6e-05	-8e-05	-1.05975e-16
-1.6e-05	-7.6e-05	-1.01014e-17
-1.6e-05	-7.2e-05	-1.00399e-16
-1.6e-05	-6.8e-05	-6.81965e-17
-1.6e-05	-6.4e-05	-8.92646e-17
-1.6e-05	-6e-05	-1.67651e-16
-1.6e-05	-5.6e-05	-4.52741e-17
-1.6e-05	-5.2e-05	-2.59337e-16
-1.6e-05	-4.8e-05	2.91993e-17
-1.6e-05	-4.4e-05	-2.45465e-16
-1.6e-05	-4e-05	2.80384e-17
-1.6e-05	-3.6e-05	3.85973e-16
-1.6e-05	-3.2e-05	3.82963e-14
-1.6e-05	-2.8e-05	4.6692e-12
-1.6e-05	-2.4e-05	5.45236e-10
-1.6e-05	-2e-05	5.96699e-08
-1.6e-05	-1.6e-05	5.79935e-06
-1.6e-05	-1.2e-05	0.00042113
-1.6e-05	-8e-06	-0.000666841
-1.6e-05	-4e-06	0.000801897
-1.6e-05	0	-0.000797416
-1.6e-05	4e-06	0.000651199
-1.6e-05	8e-06	-0.00038524
-1.6e-05	1.2e-05	-5.30912e-06
-1.6e-05	1.6e-05	-5.46304e-08
-1.6e-05	2e-05	-4.99143e-10
-1.6e-05	2.4e-05	-4.27388e-12
-1.6e-05	2.8e-05	-3.49883e-14
-1.6e-05	3.2e-05	-3.59546e-16
-1.6e-05	3.6e-05	-1.55897e-18
-1.6e-05	4e-05	-2.80578e-17
-1.6e-05	4.4e-05	-2.45502e-17
-1.6e-05	4.8e-05	-6.55846e-17
-1.6e-05	5.2e-05	1.62938e-17
-1.6e-05	5.6e-05	-1.26213e-16
-1.6e-05	6e-05	2.97986e-17
-1.6e-05	6.4e-05	-1.61706e-16
-1.6e-05	6.8e-05	8.97592e-18
-1.6e-05	7.2e-05	-1.55154e-16
-1.6e-05	7.6e-05	2.15926e-18
-1.2e-05	-8e-05	-1.67296e-16
-1.2e-05	-7.6e-05	1.51136e-18
-1.2e-05	-7.2e-05	-1.73284e-16
-1.2e-05	-6.8e-05	2.15789e-17
-1.2e-05	-6.4e-05	-1.61389e-16
-1.2e-05	-6e-05	1.92422e-17
-1.2e-05	-5.6e-05	-1.48975e-16
-1.2e-05	-5.2e-05	-3.2498e-18
-1.2e-05	-4.8e-05	-5.42731e-17
-1.2e-05	-4.4e-05	-5.63934e-17
-1.2e-05	-4e-05	5.0033e-17
-1.2e-05	-3.6e-05	6.05749e-15
-1.2e-05	-3.2e-05	9.02601e-13
-1.2e-05	-2.8e-05	1.32644e-10
-1.2e-05	-2.4e-05	1.94904e-08
-1.2e-05	-2e-05	2.86404e-06
-1.2e-05	-1.6e-05	0.000420881
-1.2e-05	-1.2e-05	0.061811
-1.2e-05	-8e-06	-0.0980513
-1.2e-05	-4e-06	0.117903
-1.2e-05	0	-0.117241
-1.2e-05	4e-06	0.0957396
-1.2e-05	8e-06	-0.0565845
-1.2e-05	1.2e-05	-0.000385594
-1.2e-05	1.6e-05	-2.62257e-06
-1.2e-05	2e-05	-1.7838e-08
-1.2e-05	2.4e-05	-1.21334e-10
-1.2e-05	2.8e-05	-8.25321e-13
-1.2e-05	3.2e-05	-5.40016e-15
-1.2e-05	3.6e-05	-1.4481e-16
-1.2e-05	4e-05	4.96429e-17
-1.2e-05	4.4e-05	-1.12085e-16
-1.2e-05	4.8e-05	-4.21578e-17
-1.2e-05	5.2e-05	-6.8522e-17
-1.2e-05	5.6e-05	-6.03757e-17
-1.2e-05	6e-05	-9.97044e-17
-1.2e-05	6.4e-05	-4.36901e-17
-1.2e-05	6.8e-05	-7.34762e-17
-1.2e-05	7.2e-05	-3.13103e-17
-1.2e-05	7.6e-05	-9.83157e-17
-8e-06	-8e-05	-1.21392e-17
-8e-06	-7.6e-05	-7.75981e-17
-8e-06	-7.2e-05	-1.17253e-17
-8e-06	-6.8e-05	-8.28642e-17
-8e-06	-6.4e-05	-4.97065e-17
-8e-06	-6e-05	-7.91313e-17
-8e-06	-5.6e-05	-9.3191e-17
-8e-06	-5.2e-05	-8.47392e-17
-8e-06	-4.8e-05	-1.36433e-16
-8e-06	-4.4e-05	-1.43316e-16
-8e-06	-4e-05	-1.22407e-16
-8e-06	-3.6e-05	-1.10718e-14
-8e-06	-3.2e-05	-1.59584e-12
-8e-06	-2.8e-05	-2.34623e-10
-8e-06	-2.4e-05	-3.44891e-08
-8e-06	-2e-05	-5.06982e-06
-8e-06	-1.6e-05	-0.000745252
-8e-06	-1.2e-05	-0.109431
-8e-06	-8e-06	0.176412
-8e-06	-4e-06	-0.212937
-8e-06	0	0.212183
-8e-06	4e-06	-0.173904
-8e-06	8e-06	0.10444
-8e-06	1.2e-05	0.000711528
-8e-06	1.6e-05	4.83985e-06
-8e-06	2e-05	3.29209e-08
-8e-06	2.4e-05	2.2393e-10
-8e-06	2.8e-05	1.52346e-12
-8e-06	3.2e-05	1.04681e-14
-8e-06	3.6e-05	3.64306e-16
-8e-06	4e-05	-6.38765e-17
-8e-06	4.4e-05	1.76602e-16
-8e-06	4.8e-05	-1.48651e-16
-8e-06	5.2e-05	4.26799e-17
-8e-06	5.6e-05	-1.63471e-16
-8e-06	6e-05	-6.13892e-17
-8e-06	6.4e-05	-1.65259e-16
-8e-06	6.8e-05	-9.72017e-17
-8e-06	7.2e-05	-1.31901e-16
-8e-06	7.6e-05	-1.18496e-16
-4e-06	-8e-05	-1.42075e-16
-4e-06	-7.6e-05	-1.40544e-16
-4e-06	-7.2e-05	-1.33773e-16
-4e-06	-6.8e-05	-1.39956e-16
-4e-06	-6.4e-05	-1.71347e-16
-4e-06	-6e-05	-1.19628e-16
-4e-06	-5.6e-05	-2.01401e-16
-4e-06	-5.2e-05	-3.72782e-17
-4e-06	-4.8e-05	-2.16825e-16
-4e-06	-4.4e-05	1.39126e-16
-4e-06	-4e-05	-6.31249e-17
-4e-06	-3.6e-05	1.37371e-14
-4e-06	-3.2e-05	1.96039e-12
-4e-06	-2.8e-05	2.88169e-10
-4e-06	-2.4e-05	4.2362e-08
-4e-06	-2e-05	6.22738e-06
-4e-06	-1.6e-05	0.000915451
-4e-06	-1.2e-05	0.134406
-4e-06	-8e-06	-0.219116
-4e-06	-4e-06	0.265448
-4e-06	0	-0.26513
-4e-06	4e-06	0.218081
-4e-06	8e-06	-0.132446
-4e-06	1.2e-05	-0.000902206
-4e-06	1.6e-05	-6.13713e-06
-4e-06	2e-05	-4.1747e-08
-4e-06	2.4e-05	-2.83978e-10
-4e-06	2.8e-05	-1.93157e-12
-4e-06	3.2e-05	-1.29542e-14
-4e-06	3.6e-05	6.38654e-17
-4e-06	4e-05	3.34265e-16
-4e-06	4.4e-05	4.50822e-17
-4e-06	4.8e-05	3.08352e-16
-4e-06	5.2e-05	-6.51014e-17
-4e-06	5.6e-05	2.21729e-16
-4e-06	6e-05	-1.46046e-16
-4e-06	6.4e-05	1.15027e-16
-4e-06	6.8e-05	-2.00902e-16
-4e-06	7.2e-05	4.37277e-17
-4e-06	7.6e-05	-2.33791e-16
0	-8e-05	1.90514e-17
0	-7.6e-05	-2.26852e-16
0	-7.2e-05	3.45153e-17
0	-6.8e-05	-2.25842e-16
0	-6.4e-05	9.96619e-17
0	-6e-05	-2.03616e-16
0	-5.6e-05	1.95218e-16
0	-5.2e-05	-1.18138e-16
0	-4.8e-05	3.36616e-16
0	-4.4e-05	2.64802e-17
0	-4e-05	3.36287e-16
0	-3.6e-05	-1.2908e-14
0	-3.2e-05	-1.93136e-12
0	-2.8e-05	-2.83978e-10
0	-2.4e-05	-4.1747e-08
0	-2e-05	-6.13713e-06
0	-1.6e-05	-0.000902206
0	-1.2e-05	-0.132446
0	-8e-06	0.218081
0	-4e-06	-0.26513
0	0	0.265448
0	4e-06	-0.219116
0	8e-06	0.134406
0	1.2e-05	0.000915451
0	1.6e-05	6.22738e-06
0	2e-05	4.2362e-08
0	2.4e-05	2.88169e-10
0	2.8e-05	1.96027e-12
0	3.2e-05	1.34089e-14
0	3.6e-05	1.86041e-16
0	4e-05	1.58948e-16
0	4.4e-05	2.40951e-16
0	4.8e-05	1.42908e-16
0	5.2e-05	3.49184e-16
0	5.6e-05	8.06583e-17
0	6e-05	3.59623e-16
0	6.4e-05	1.20119e-17
0	6.8e-05	3.38447e-16
0	7.2e-05	-1.85006e-17
0	7.6e-05	3.15833e-16
4e-06	-8e-05	-5.15388e-17
4e-06	-7.6e-05	3.2645e-16
4e-06	-7.2e-05	-4.24619e-17
4e-06	-6.8e-05	3.5063e-16
4e-06	-6.4e-05	-7.64338e-18
4e-06	-6e-05	4.07712e-16
4e-06	-5.6e-05	6.48272e-17
4e-06	-5.2e-05	4.23089e-16
4e-06	-4.8e-05	1.81661e-16
4e-06	-4.4e-05	3.26678e-16
4e-06	-4e-05	2.81459e-16
4e-06	-3.6e-05	1.04827e-14
4e-06	-3.2e-05	1.52334e-12
4e-06	-2.8e-05	2.2393e-10
4e-06	-2.4e-05	3.29209e-08
4e-06	-2e-05	4.83985e-06
4e-06	-1.6e-05	0.000711528
4e-06	-1.2e-05	0.10444
4e-06	-8e-06	-0.173904
4e-06	-4e-06	0.212183
4e-06	0	-0.212937
4e-06	4e-06	0.176412
4e-06	8e-06	-0.109431
4e-06	1.2e-05	-0.000745252
4e-06	1.6e-05	-5.06982e-06
4e-06	2e-05	-3.44891e-08
4e-06	2.4e-05	-2.34623e-10
4e-06	2.8e-05	-1.59609e-12
4e-06	3.2e-05	-1.08178e-14
4e-06	3.6e-05	-4.8612e-17
4e-06	4e-05	3.41329e-17
4e-06	4.4e-05	7.84664e-17
4e-06	4.8e-05	1.26819e-16
4e-06	5.2e-05	1.34245e-16
4e-06	5.6e-05	2.29315e-16
4e-06	6e-05	1.75882e-16
4e-06	6.4e-05	2.93532e-16
4e-06	6.8e-05	1.59052e-16
4e-06	7.2e-05	3.25536e-16
4e-06	7.6e-05	1.47547e-16
8e-06	-8e-05	3.47526e-16
8e-06	-7.6e-05	1.30844e-16
8e-06	-7.2e-05	3.3945e-16
8e-06	-6.8e-05	1.48359e-16
8e-06	-6.4e-05	3.37164e-16
8e-06	-6e-05	1.86083e-16
8e-06	-5.6e-05	2.43047e-16
8e-06	-5.2e-05	1.56897e-16
8e-06	-4.8e-05	1.57903e-16
8e-06	-4.4e-05	1.14609e-16
8e-06	-4e-05	-4.59535e-17
8e-06	-3.6e-05	-5.63518e-15
8e-06	-3.2e-05	-8.25361e-13
8e-06	-2.8e-05	-1.21334e-10
8e-06	-2.4e-05	-1.7838e-08
8e-06	-2e-05	-2.62257e-06
8e-06	-1.6e-05	-0.000385594
8e-06	-1.2e-05	-0.0565845
8e-06	-8e-06	0.0957396
8e-06	-4e-06	-0.117241
8e-06	0	0.117903
8e-06	4e-06	-0.0980513
8e-06	8e-06	0.061811
8e-06	1.2e-05	0.000420881
8e-06	1.6e-05	2.86404e-06
8e-06	2e-05	1.94904e-08
8e-06	2.4e-05	1.32644e-10
8e-06	2.8e-05	9.02968e-13
8e-06	3.2e-05	6.23145e-15
8e-06	3.6e-05	1.709e-16
8e-06	4e-05	5.88311e-18
8e-06	4.4e-05	6.41663e-17
8e-06	4.8e-05	9.03186e-18
8e-06	5.2e-05	6.28722e-17
8e-06	5.6e-05	4.96136e-17
8e-06	6e-05	7.83693e-17
8e-06	6.4e-05	6.64111e-17
8e-06	6.8e-05	1.12116e-16
8e-06	7.2e-05	8.42473e-17
8e-06	7.6e-05	1.44973e-16
1.2e-05	-8e-05	8.61389e-17
1.2e-05	-7.6e-05	1.41452e-16
1.2e-05	-7.2e-05	8.86795e-17
1.2e-05	-6.8e-05	1.1391e-16
1.2e-05	-6.4e-05	8.79472e-17
1.2e-05	-6e-05	6.9616e-17
1.2e-05	-5.6e-05	3.50761e-17
1.2e-05	-5.2e-05	4.02454e-17
1.2e-05	-4.8e-05	-1.25265e-18
1.2e-05	-4.4e-05	6.89971e-18
1.2e-05	-4e-05	-1.79869e-17
1.2e-05	-3.6e-05	-1.6423e-16
1.2e-05	-3.2e-05	-3.50761e-14
1.2e-05	-2.8e-05	-4.2735e-12
1.2e-05	-2.4e-05	-4.99143e-10
1.2e-05	-2e-05	-5.46304e-08
1.2e-05	-1.6e-05	-5.30912e-06
1.2e-05	-1.2e-05	-0.00038524
1.2e-05	-8e-06	0.000651199
1.2e-05	-4e-06	-0.000797416
1.2e-05	0	0.000801897
1.2e-05	4e-06	-0.000666841
1.2e-05	8e-06	0.00042113
1.2e-05	1.2e-05	5.79935e-06
1.2e-05	1.6e-05	5.96699e-08
1.2e-05	2e-05	5.45236e-10
1.2e-05	2.4e-05	4.66926e-12
1.2e-05	2.8e-05	3.85326e-14
1.2e-05	3.2e-05	5.078e-16
1.2e-05	3.6e-05	1.44158e-16
1.2e-05	4e-05	1.82312e-16
1.2e-05	4.4e-05	9.408e-17
1.2e-05	4.8e-05	1.41019e-16
1.2e-05	5.2e-05	4.37164e-17
1.2e-05	5.6e-05	9.81673e-17
1.2e-05	6e-05	1.96518e-17
1.2e-05	6.4e-05	6.42089e-17
1.2e-05	6.8e-05	6.57369e-18
1.2e-05	7.2e-05	7.28945e-17
1.2e-05	7.6e-05	3.96075e-18
1.6e-05	-8e-05	6.45033e-17
1.6e-05	-7.6e-05	9.04963e-18
1.6e-05	-7.2e-05	7.05296e-17
1.6e-05	-6.8e-05	1.70412e-17
1.6e-05	-6.4e-05	8.73028e-17
1.6e-05	-6e-05	3.92881e-18
1.6e-05	-5.6e-05	9.32711e-17
1.6e-05	-5.2e-05	3.19464e-17
1.6e-05	-4.8e-05	1.581e-16
1.6e-05	-4.4e-05	8.99977e-17
1.6e-05	-4e-05	2.20722e-16
1.6e-05	-3.6e-05	1.44642e-16
1.6e-05	-3.2e-05	-5.79274e-16
1.6e-05	-2.8e-05	-8.86085e-14
1.6e-05	-2.4e-05	-8.62115e-12
1.6e-05	-2e-05	-7.52563e-10
1.6e-05	-1.6e-05	-5.46331e-08
1.6e-05	-1.2e-05	-2.62296e-06
1.6e-05	-8e-06	4.42929e-06
1.6e-05	-4e-06	-5.42361e-06
1.6e-05	0	5.45395e-06
1.6e-05	4e-06	-4.5351e-06
1.6e-05	8e-06	2.86943e-06
1.6e-05	1.2e-05	5.97071e-08
1.6e-05	1.6e-05	8.22222e-10
1.6e-05	2e-05	9.41854e-12
1.6e-05	2.4e-05	9.70397e-14
1.6e-05	2.8e-05	9.6953e-16
1.6e-05	3.2e-05	1.11696e-16
1.6e-05	3.6e-05	1.30515e-16
1.6e-05	4e-05	1.59583e-16
1.6e-05	4.4e-05	2.08897e-16
1.6e-05	4.8e-05	1.52718e-16
1.6e-05	5.2e-05	2.05964e-16
1.6e-05	5.6e-05	1.32645e-16
1.6e-05	6e-05	2.15739e-16
1.6e-05	6.4e-05	1.05978e-16
1.6e-05	6.8e-05	1.83042e-16
1.6e-05	7.2e-05	9.39734e-17
1.6e-05	7.6e-05	1.66385e-16
2e-05	-8e-05	7.84973e-17
2e-05	-7.6e-05	1.94824e-16
2e-05	-7.2e-05	8.53244e-17
2e-05	-6.8e-05	1.76052e-16
2e-05	-6.4e-05	7.1916e-17
2e-05	-6e-05	2.17761e-16
2e-05	-5.6e-05	1.37967e-16
2e-05	-5.2e-05	2.40526e-16
2e-05	-4.8e-05	1.88134e-16
2e-05	-4.4e-05	2.74004e-16
2e-05	-4e-05	1.89265e-16
2e-05	-3.6e-05	1.80511e-16
2e-05	-3.2e-05	1.57348e-16
2e-05	-2.8e-05	-1.36581e-15
2e-05	-2.4e-05	-1.18744e-13
2e-05	-2e-05	-8.62254e-12
2e-05	-1.6e-05	-4.99313e-10
2e-05	-1.2e-05	-1.78599e-08
2e-05	-8e-06	3.01267e-08
2e-05	-4e-06	-3.68886e-08
2e-05	0	3.7094e-08
2e-05	4e-06	-3.08424e-08
2e-05	8e-06	1.95527e-08
2e-05	1.2e-05	5.45921e-10
2e-05	1.6e-05	9.42328e-12
2e-05	2e-05	1.29729e-13
2e-05	2.4e-05	1.52507e-15
2e-05	2.8e-05	-2.58843e-17
2e-05	3.2e-05	-2.41436e-18
2e-05	3.6e-05	2.94086e-17
2e-05	4e-05	5.77804e-17
2e-05	4.4e-05	9.53453e-17
2e-05	4.8e-05	1.45928e-16
2e-05	5.2e-05	1.47454e-16
2e-05	5.6e-05	2.0253e-16
2e-05	6e-05	1.53182e-16
2e-05	6.4e-05	2.07004e-16
2e-05	6.8e-05	1.54368e-16
2e-05	7.2e-05	2.30854e-16
2e-05	7.6e-05	1.70396e-16
2.4e-05	-8e-05	2.22754e-16
2.4e-05	-7.6e-05	1.68279e-16
2.4e-05	-7.2e-05	2.10994e-16
2.4e-05	-6.8e-05	2.00095e-16
2.4e-05	-6.4e-05	2.41444e-16
2.4e-05	-6e-05	1.76077e-16
2.4e-05	-5.6e-05	2.2216e-16
2.4e-05	-5.2e-05	1.77488e-16
2.4e-05	-4.8e-05	1.8566e-16
2.4e-05	-4.4e-05	1.30952e-16
2.4e-05	-4e-05	1.14736e-16
2.4e-05	-3.6e-05	7.97853e-17
2.4e-05	-3.2e-05	-7.5012e-18
2.4e-05	-2.8e-05	-5.6472e-17
2.4e-05	-2.4e-05	-1.47895e-15
2.4e-05	-2e-05	-8.89219e-14
2.4e-05	-1.6e-05	-4.27695e-12
2.4e-05	-1.2e-05	-1.21616e-10
2.4e-05	-8e-06	2.04913e-10
2.4e-05	-4e-06	-2.50897e-10
2.4e-05	0	2.52288e-10
2.4e-05	4e-06	-2.09752e-10
2.4e-05	8e-06	1.33244e-10
2.4e-05	1.2e-05	4.67802e-12
2.4e-05	1.6e-05	9.71149e-14
2.4e-05	2e-05	1.54803e-15
2.4e-05	2.4e-05	-1.18734e-17
2.4e-05	2.8e-05	-3.2995e-17
2.4e-05	3.2e-05	-4.91962e-17
2.4e-05	3.6e-05	-3.63709e-17
2.4e-05	4e-05	-1.17817e-17
2.4e-05	4.4e-05	2.05968e-17
2.4e-05	4.8e-05	3.06281e-17
2.4e-05	5.2e-05	5.47685e-17
2.4e-05	5.6e-05	9.19075e-17
2.4e-05	6e-05	9.15013e-17
2.4e-05	6.4e-05	1.2384e-16
2.4e-05	6.8e-05	1.35884e-16
2.4e-05	7.2e-05	1.22443e-16
2.4e-05	7.6e-05	1.45268e-16
2.8e-05	-8e-05	1.02058e-16
2.8e-05	-7.6e-05	1.37981e-16
2.8e-05	-7.2e-05	1.16428e-16
2.8e-05	-6.8e-05	1.66851e-16
2.8e-05	-6.4e-05	1.16282e-16
2.8e-05	-6e-05	1.07167e-16
2.8e-05	-5.6e-05	9.06633e-17
2.8e-05	-5.2e-05	7.94615e-17
2.8e-05	-4.8e-05	4.97052e-17
2.8e-05	-4.4e-05	1.78603e-17
2.8e-05	-4e-05	-1.38167e-17
2.8e-05	-3.6e-05	-2.73248e-17
2.8e-05	-3.2e-05	-5.90387e-17
2.8e-05	-2.8e-05	-4.4452e-17
2.8e-05	-2.4e-05	-7.016e-17
2.8e-05	-2e-05	-8.77644e-16
2.8e-05	-1.6e-05	-3.51742e-14
2.8e-05	-1.2e-05	-8.28187e-13
2.8e-05	-8e-06	1.39374e-12
2.8e-05	-4e-06	-1.70646e-12
2.8e-05	0	1.71589e-12
2.8e-05	4e-06	-1.42646e-12
2.8e-05	8e-06	9.08079e-13
2.8e-05	1.2e-05	3.8473e-14
2.8e-05	1.6e-05	9.4264e-16
2.8e-05	2e-05	1.29524e-17
2.8e-05	2.4e-05	-2.4373e-18
2.8e-05	2.8e-05	-3.38461e-17
2.8e-05	3.2e-05	-2.05663e-17
2.8e-05	3.6e-05	-4.79869e-17
2.8e-05	4e-05	-2.81701e-17
2.8e-05	4.4e-05	-3.91746e-17
2.8e-05	4.8e-05	-9.63332e-18
2.8e-05	5.2e-05	-2.02889e-18
2.8e-05	5.6e-05	6.54149e-18
2.8e-05	6e-05	6.01539e-18
2.8e-05	6.4e-05	8.70001e-18
2.8e-05	6.8e-05	5.13339e-17
2.8e-05	7.2e-05	3.29932e-17
2.8e-05	7.6e-05	5.03965e-17
3.2e-05	-8e-05	2.10071e-17
3.2e-05	-7.6e-05	5.86094e-17
3.2e-05	-7.2e-05	3.98547e-17
3.2e-05	-6.8e-05	3.32326e-17
3.2e-05	-6.4e-05	2.1059e-17
3.2e-05	-6e-05	1.28545e-17
3.2e-05	-5.6e-05	-4.1265e-18
3.2e-05	-5.2e-05	-1.27109e-17
3.2e-05	-4.8e-05	-2.96217e-17
3.2e-05	-4.4e-05	-3.8397e-17
3.2e-05	-4e-05	-4.97684e-17
3.2e-05	-3.6e-05	-5.87327e-17
3.2e-05	-3.2e-05	-4.112e-17
3.2e-05	-2.8e-05	-4.85216e-17
3.2e-05	-2.4e-05	2.88521e-18
3.2e-05	-2e-05	-1.41685e-17
3.2e-05	-1.6e-05	-2.66084e-16
3.2e-05	-1.2e-05	-5.63967e-15
3.2e-05	-8e-06	9.48768e-15
3.2e-05	-4e-06	-1.16061e-14
3.2e-05	0	1.16705e-14
3.2e-05	4e-06	-9.69981e-15
3.2e-05	8e-06	6.18766e-15
3.2e-05	1.2e-05	3.04428e-16
3.2e-05	1.6e-05	8.84988e-18
3.2e-05	2e-05	7.33208e-18
3.2e-05	2.4e-05	-1.14496e-19
3.2e-05	2.8e-05	6.27863e-18
3.2e-05	3.2e-05	-2.19215e-17
3.2e-05	3.6e-05	-7.00813e-18
3.2e-05	4e-05	-3.08276e-17
3.2e-05	4.4e-05	-1.87649e-17
3.2e-05	4.8e-05	-3.48341e-17
3.2e-05	5.2e-05	-2.62922e-17
3.2e-05	5.6e-05	-3.55626e-17
3.2e-05	6e-05	-3.34291e-17
3.2e-05	6.4e-05	-4.07809e-17
3.2e-05	6.8e-05	-1.44625e-17
3.2e-05	7.2e-05	-1.12008e-17
3.2e-05	7.6e-05	-1.4668e-17
3.6e-05	-8e-05	-3.49224e-17
3.6e-05	-7.6e-05	-2.05224e-17
3.6e-05	-7.2e-05	-2.20473e-17
3.6e-05	-6.8e-05	-1.56777e-17
3.6e-05	-6.4e-05	-3.22372e-17
3.6e-05	-6e-05	-3.98904e-17
3.6e-05	-5.6e-05	-4.3246e-17
3.6e-05	-5.2e-05	-6.08554e-18
3.6e-05	-4.8e-05	-4.88052e-17
3.6e-05	-4.4e-05	-3.71464e-17
3.6e-05	-4e-05	-3.66662e-17
3.6e-05	-3.6e-05	-6.49878e-18
3.6e-05	-3.2e-05	-2.96862e-17
3.6e-05	-2.8e-05	6.50362e-18
3.6e-05	-2.4e-05	-1.45082e-17
3.6e-05	-2e-05	1.09292e-17
3.6e-05	-1.6e-05	-9.41816e-18
3.6e-05	-1.2e-05	-2.94766e-17
3.6e-05	-8e-06	6.60986e-17
3.6e-05	-4e-06	-8.36726e-17
3.6e-05	0	7.9327e-17
3.6e-05	4e-06	-6.52832e-17
3.6e-05	8e-06	3.97303e-17
3.6e-05	1.2e-05	3.49018e-18
3.6e-05	1.6e-05	-5.13873e-19
3.6e-05	2e-05	3.14917e-18
3.6e-05	2.4e-05	1.10681e-18
3.6e-05	2.8e-05	-2.55075e-18
3.6e-05	3.2e-05	5.04269e-18
3.6e-05	3.6e-05	-1.07242e-17
3.6e-05	4e-05	3.59264e-19
3.6e-05	4.4e-05	-1.71267e-17
3.6e-05	4.8e-05	-6.31037e-18
3.6e-05	5.2e-05	-3.45964e-17
3.6e-05	5.6e-05	-1.07447e-17
3.6e-05	6e-05	-2.40885e-17
3.6e-05	6.4e-05	-1.91237e-17
3.6e-05	6.8e-05	-3.71184e-17
3.6e-05	7.2e-05	-9.40076e-18
3.6e-05	7.6e-05	-4.59333e-17
4e-05	-8e-05	-1.76399e-17
4e-05	-7.6e-05	-3.75487e-17
4e-05	-7.2e-05	-2.00204e-17
4e-05	-6.8e-05	-3.07902e-17
4e-05	-6.4e-05	-1.93258e-17
4e-05	-6e-05	-4.17251e-17
4e-05	-5.6e-05	-1.21556e-17
4e-05	-5.2e-05	-3.54863e-17
4e-05	-4.8e-05	-1.59815e-18
4e-05	-4.4e-05	-2.50388e-17
4e-05	-4e-05	4.1889e-18
4e-05	-3.6e-05	-1.66297e-17
4e-05	-3.2e-05	1.05385e-17
4e-05	-2.8e-05	-7.91027e-18
4e-05	-2.4e-05	7.07542e-18
4e-05	-2e-05	1.80228e-18
4e-05	-1.6e-05	-5.89188e-19
4e-05	-1.2e-05	-5.25168e-20
4e-05	-8e-06	-3.0292e-18
4e-05	-4e-06	1.57442e-18
4e-05	0	-1.00031e-18
4e-05	4e-06	-1.01023e-18
4e-05	8e-06	1.47118e-18
4e-05	1.2e-05	-2.77611e-18
4e-05	1.6e-05	9.91004e-19
4e-05	2e-05	-2.47603e-18
4e-05	2.4e-05	-2.03897e-18
4e-05	2.8e-05	-4.23116e-19
4e-05	3.2e-05	5.36404e-19
4e-05	3.6e-05	2.98964e-18
4e-05	4e-05	-2.44597e-18
4e-05	4.4e-05	2.97835e-18
4e-05	4.8e-05	-1.23384e-17
4e-05	5.2e-05	1.48092e-18
4e-05	5.6e-05	-1.36886e-17
4e-05	6e-05	2.11186e-19
4e-05	6.4e-05	-1.58117e-17
4e-05	6.8e-05	-4.95551e-18
4e-05	7.2e-05	-2.37987e-17
4e-05	7.6e-05	-1.12221e-19
4.4e-05	-8e-05	-2.77368e-17
4.4e-05	-7.6e-05	6.22582e-19
4.4e-05	-7.2e-05	-1.45385e-17
4.4e-05	-6.8e-05	-3.68299e-18
4.4e-05	-6.4e-05	-1.80085e-17
4.4e-05	-6e-05	-1.02302e-18
4.4e-05	-5.6e-05	-1.67001e-17
4.4e-05	-5.2e-05	4.27141e-18
4.4e-05	-4.8e-05	-1.61074e-17
4.4e-05	-4.4e-05	2.53247e-18
4.4e-05	-4e-05	-1.0476e-17
4.4e-05	-3.6e-05	1.91369e-18
4.4e-05	-3.2e-05	-6.64258e-18
4.4e-05	-2.8e-05	3.25562e-18
4.4e-05	-2.4e-05	1.54673e-19
4.4e-05	-2e-05	-3.75142e-18
4.4e-05	-1.6e-05	-2.08098e-19
4.4e-05	-1.2e-05	-3.19245e-18
4.4e-05	-8e-06	5.7287e-19
4.4e-05	-4e-06	-9.43772e-19
4.4e-05	0	-1.83558e-19
4.4e-05	4e-06	4.78813e-19
4.4e-05	8e-06	-2.54597e-20
4.4e-05	1.2e-05	1.73823e-19
4.4e-05	1.6e-05	-8.34728e-19
4.4e-05	2e-05	4.22701e-19
4.4e-05	2.4e-05	-1.10983e-18
4.4e-05	2.8e-05	-2.16435e-18
4.4e-05	3.2e-05	-1.87686e-18
4.4e-05	3.6e-05	8.6182e-19
4.4e-05	4e-05	1.44178e-18
4.4e-05	4.4e-05	-2.39679e-18
4.4e-05	4.8e-05	1.80006e-18
4.4e-05	5.2e-05	-8.39087e-18
4.4e-05	5.6e-05	3.0638e-18
4.4e-05	6e-05	-7.87174e-18
4.4e-05	6.4e-05	4.87796e-18
4.4e-05	6.8e-05	-9.31329e-18
4.4e-05	7.2e-05	6.09789e-18
4.4e-05	7.6e-05	-1.75623e-17
4.8e-05	-8e-05	7.38201e-18
4.8e-05	-7.6e-05	-1.52824e-17
4.8e-05	-7.2e-05	3.69355e-18
4.8e-05	-6.8e-05	-1.37464e-17
4.8e-05	-6.4e-05	-7.29759e-18
4.8e-05	-6e-05	-8.15717e-18
4.8e-05	-5.6e-05	1.48586e-18
4.8e-05	-5.2e-05	-5.09173e-18
4.8e-05	-4.8e-05	1.68396e-18
4.8e-05	-4.4e-05	-4.96936e-18
4.8e-05	-4e-05	1.42021e-18
4.8e-05	-3.6e-05	-3.45953e-18
4.8e-05	-3.2e-05	2.56957e-18
4.8e-05	-2.8e-05	4.69834e-18
4.8e-05	-2.4e-05	-4.55278e-19
4.8e-05	-2e-05	4.04556e-19
4.8e-05	-1.6e-05	-2.30164e-18
4.8e-05	-1.2e-05	-6.29566e-19
4.8e-05	-8e-06	-3.58722e-19
4.8e-05	-4e-06	-3.01166e-19
4.8e-05	0	3.71192e-19
4.8e-05	4e-06	1.29385e-19
4.8e-05	8e-06	-1.2835e-19
4.8e-05	1.2e-05	2.37793e-19
4.8e-05	1.6e-05	-8.91171e-20
4.8e-05	2e-05	-5.94246e-19
4.8e-05	2.4e-05	-5.59065e-20
4.8e-05	2.8e-05	-1.85786e-18
4.8e-05	3.2e-05	1.36082e-18
4.8e-05	3.6e-05	-1.56756e-18
4.8e-05	4e-05	-2.79092e-19
4.8e-05	4.4e-05	-1.02591e-18
4.8e-05	4.8e-05	6.42524e-19
4.8e-05	5.2e-05	-5.94418e-19
4.8e-05	5.6e-05	-7.62293e-18
4.8e-05	6e-05	-1.20727e-18
4.8e-05	6.4e-05	-1.19072e-20
4.8e-05	6.8e-05	-1.00568e-18
4.8e-05	7.2e-05	6.20266e-19
4.8e-05	7.6e-05	1.08738e-18
5.2e-05	-8e-05	-1.96715e-18
5.2e-05	-7.6e-05	5.03325e-18
5.2e-05	-7.2e-05	-2.57633e-19
5.2e-05	-6.8e-05	2.40903e-18
5.2e-05	-6.4e-05	-4.37546e-18
5.2e-05	-6e-05	-3.51421e-18
5.2e-05	-5.6e-05	-2.8368e-18
5.2e-05	-5.2e-05	-4.31724e-18
5.2e-05	-4.8e-05	1.58689e-19
5.2e-05	-4.4e-05	2.90679e-20
5.2e-05	-4e-05	-1.39738e-19
5.2e-05	-3.6e-05	-2.6626e-18
5.2e-05	-3.2e-05	-7.8246e-19
5.2e-05	-2.8e-05	-1.19806e-18
5.2e-05	-2.4e-05	1.30664e-19
5.2e-05	-2e-05	-2.12789e-19
5.2e-05	-1.6e-05	3.81621e-19
5.2e-05	-1.2e-05	4.77806e-19
5.2e-05	-8e-06	-1.94555e-19
5.2e-05	-4e-06	3.24941e-19
5.2e-05	0	-4.85271e-20
5.2e-05	4e-06	-2.84115e-20
5.2e-05	8e-06	1.17101e-19
5.2e-05	1.2e-05	-1.88605e-19
5.2e-05	1.6e-05	1.85824e-19
5.2e-05	2e-05	3.4371e-20
5.2e-05	2.4e-05	1.53507e-19
5.2e-05	2.8e-05	-9.83913e-20
5.2e-05	3.2e-05	-1.57811e-19
5.2e-05	3.6e-05	5.1132e-19
5.2e-05	4e-05	-1.1618e-18
5.2e-05	4.4e-05	2.11805e-19
5.2e-05	4.8e-05	-7.58657e-19
5.2e-05	5.2e-05	-6.5825e-19
5.2e-05	5.6e-05	1.43428e-18
5.2e-05	6e-05	8.28532e-19
5.2e-05	6.4e-05	-3.86433e-19
5.2e-05	6.8e-05	-7.78949e-19
5.2e-05	7.2e-05	9.22651e-20
5.2e-05	7.6e-05	-1.40926e-18
5.6e-05	-8e-05	-1.43766e-18
5.6e-05	-7.6e-05	-4.81111e-19
5.6e-05	-7.2e-05	1.15806e-18
5.6e-05	-6.8e-05	-3.47552e-19
5.6e-05	-6.4e-05	5.8854e-21
5.6e-05	-6e-05	-9.19042e-21
5.6e-05	-5.6e-05	4.20293e-19
5.6e-05	-5.2e-05	-1.37905e-18
5.6e-05	-4.8e-05	8.97789e-19
5.6e-05	-4.4e-05	3.28543e-21
5.6e-05	-4e-05	-8.31457e-19
5.6e-05	-3.6e-05	5.29078e-19
5.6e-05	-3.2e-05	-1.70868e-19
5.6e-05	-2.8e-05	-5.73579e-19
5.6e-05	-2.4e-05	-1.56195e-19
5.6e-05	-2e-05	-9.92311e-20
5.6e-05	-1.6e-05	1.97222e-19
5.6e-05	-1.2e-05	-1.85699e-19
5.6e-05	-8e-06	1.24725e-19
5.6e-05	-4e-06	-4.95929e-20
5.6e-05	0	1.90476e-21
5.6e-05	4e-06	-4.67582e-22
5.6e-05	8e-06	-1.94156e-20
5.6e-05	1.2e-05	6.2635e-20
5.6e-05	1.6e-05	-6.62868e-20
5.6e-05	2e-05	1.276e-19
5.6e-05	2.4e-05	-2.31039e-19
5.6e-05	2.8e-05	1.88654e-19
5.6e-05	3.2e-05	-1.05611e-19
5.6e-05	3.6e-05	-2.74056e-19
5.6e-05	4e-05	4.13353e-20
5.6e-05	4.4e-05	-1.6214e-19
5.6e-05	4.8e-05	-1.57124e-19
5.6e-05	5.2e-05	-4.94739e-19
5.6e-05	5.6e-05	-5.36977e-19
5.6e-05	6e-05	-6.6552e-19
5.6e-05	6.4e-05	-6.8972e-19
5.6e-05	6.8e-05	-1.61113e-19
5.6e-05	7.2e-05	4.76736e-19
5.6e-05	7.6e-05	-1.8082e-18
6e-05	-8e-05	4.51914e-19
6e-05	-7.6e-05	-1.61731e-18
6e-05	-7.2e-05	-1.32353e-18
6e-05	-6.8e-05	-4.14485e-19
6e-05	-6.4e-05	1.02638e-18
6e-05	-6e-05	-3.50963e-19
6e-05	-5.6e-05	6.61623e-19
6e-05	-5.2e-05	-1.2198e-18
6e-05	-4.8e-05	-7.12342e-20
6e-05	-4.4e-05	-3.99058e-19
6e-05	-4e-05	-1.33745e-19
6e-05	-3.6e-05	2.60002e-19
6e-05	-3.2e-05	-7.32515e-20
6e-05	-2.8e-05	3.49278e-19
6e-05	-2.4e-05	-8.11252e-20
6e-05	-2e-05	2.07815e-19
6e-05	-1.6e-05	-1.02597e-19
6e-05	-1.2e-05	6.84164e-20
6e-05	-8e-06	-1.47319e-20
6e-05	-4e-06	5.17907e-22
6e-05	0	4.03413e-21
6e-05	4e-06	6.37285e-22
6e-05	8e-06	2.86259e-21
6e-05	1.2e-05	-8.21565e-21
6e-05	1.6e-05	1.60992e-20
6e-05	2e-05	-2.66812e-20
6e-05	2.4e-05	8.97194e-20
6e-05	2.8e-05	-1.21922e-19
6e-05	3.2e-05	1.49205e-19
6e-05	3.6e-05	-2.5315e-19
6e-05	4e-05	1.24697e-19
6e-05	4.4e-05	-9.35277e-20
6e-05	4.8e-05	-5.07724e-22
6e-05	5.2e-05	2.05457e-19
6e-05	5.6e-05	-2.32447e-19
6e-05	6e-05	2.17014e-19
6e-05	6.4e-05	1.34216e-19
6e-05	6.8e-05	1.98577e-19
6e-05	7.2e-05	-8.86932e-20
6e-05	7.6e-05	-5.97452e-19
6.4e-05	-8e-05	-2.47696e-19
6.4e-05	-7.6e-05	-1.54493e-19
6.4e-05	-7.2e-05	-1.00858e-18
6.4e-05	-6.8e-05	5.50803e-20
6.4e-05	-6.4e-05	-1.7516e-19
6.4e-05	-6e-05	4.1891e-19
6.4e-05	-5.6e-05	-1.95854e-19
6.4e-05	-5.2e-05	-7.22897e-20
6.4e-05	-4.8e-05	1.18952e-20
6.4e-05	-4.4e-05	2.74376e-20
6.4e-05	-4e-05	2.34528e-19
6.4e-05	-3.6e-05	-1.08132e-19
6.4e-05	-3.2e-05	1.25592e-19
6.4e-05	-2.8e-05	-1.00279e-19
6.4e-05	-2.4e-05	1.48478e-19
6.4e-05	-2e-05	-4.04358e-20
6.4e-05	-1.6e-05	1.18968e-20
6.4e-05	-1.2e-05	-5.2846e-21
6.4e-05	-8e-06	-4.23873e-21
6.4e-05	-4e-06	7.52699e-21
6.4e-05	0	-2.16633e-21
6.4e-05	4e-06	1.26901e-21
6.4e-05	8e-06	2.05074e-21
6.4e-05	1.2e-05	-3.65044e-21
6.4e-05	1.6e-05	8.47645e-22
6.4e-05	2e-05	7.35837e-21
6.4e-05	2.4e-05	-6.33494e-21
6.4e-05	2.8e-05	5.10528e-20
6.4e-05	3.2e-05	-5.19426e-20
6.4e-05	3.6e-05	6.15671e-20
6.4e-05	4e-05	-2.93681e-20
6.4e-05	4.4e-05	1.2325e-19
6.4e-05	4.8e-05	-1.36889e-19
6.4e-05	5.2e-05	3.31204e-20
6.4e-05	5.6e-05	-2.37682e-19
6.4e-05	6e-05	-1.5127e-20
6.4e-05	6.4e-05	6.63982e-21
6.4e-05	6.8e-05	-4.93695e-20
6.4e-05	7.2e-05	-9.45469e-20
6.4e-05	7.6e-05	-9.84728e-20
6.8e-05	-8e-05	-1.40012e-19
6.8e-05	-7.6e-05	-3.54567e-20
6.8e-05	-7.2e-05	-3.56484e-19
6.8e-05	-6.8e-05	-1.94268e-20
6.8e-05	-6.4e-05	-2.81063e-19
6.8e-05	-6e-05	2.64694e-20
6.8e-05	-5.6e-05	-1.31562e-19
6.8e-05	-5.2e-05	9.01795e-20
6.8e-05	-4.8e-05	-1.2527e-19
6.8e-05	-4.4e-05	1.10696e-19
6.8e-05	-4e-05	-1.55897e-19
6.8e-05	-3.6e-05	5.89046e-20
6.8e-05	-3.2e-05	-3.86798e-20
6.8e-05	-2.8e-05	7.84016e-20
6.8e-05	-2.4e-05	-2.02409e-20
6.8e-05	-2e-05	1.3403e-20
6.8e-05	-1.6e-05	2.6906e-21
6.8e-05	-1.2e-05	-3.87327e-21
6.8e-05	-8e-06	7.34708e-21
6.8e-05	-4e-06	-3.12619e-21
6.8e-05	0	2.39822e-21
6.8e-05	4e-06	-1.29204e-22
6.8e-05	8e-06	-1.51097e-21
6.8e-05	1.2e-05	3.01885e-21
6.8e-05	1.6e-05	-4.55589e-21
6.8e-05	2e-05	2.83386e-21
6.8e-05	2.4e-05	7.50011e-22
6.8e-05	2.8e-05	-4.81886e-21
6.8e-05	3.2e-05	8.06991e-21
6.8e-05	3.6e-05	-2.46792e-20
6.8e-05	4e-05	3.73813e-20
6.8e-05	4.4e-05	-3.54465e-20
6.8e-05	4.8e-05	6.64875e-20
6.8e-05	5.2e-05	-5.3176e-20
6.8e-05	5.6e-05	8.58016e-20
6.8e-05	6e-05	-8.1045e-20
6.8e-05	6.4e-05	8.04454e-20
6.8e-05	6.8e-05	-3.47017e-20
6.8e-05	7.2e-05	1.01248e-19
6.8e-05	7.6e-05	-4.15215e-20
7.2e-05	-8e-05	1.20502e-19
7.2e-05	-7.6e-05	-1.06413e-19
7.2e-05	-7.2e-05	2.6864e-20
7.2e-05	-6.8e-05	-4.06679e-20
7.2e-05	-6.4e-05	1.32689e-19
7.2e-05	-6e-05	-6.09231e-20
7.2e-05	-5.6e-05	1.25438e-19
7.2e-05	-5.2e-05	-8.48421e-20
7.2e-05	-4.8e-05	6.38069e-20
7.2e-05	-4.4e-05	-2.76523e-20
7.2e-05	-4e-05	4.95089e-20
7.2e-05	-3.6e-05	-2.33741e-20
7.2e-05	-3.2e-05	1.61713e-20
7.2e-05	-2.8e-05	-5.6039e-21
7.2e-05	-2.4e-05	2.87e-22
7.2e-05	-2e-05	5.00461e-21
7.2e-05	-1.6e-05	-5.56886e-21
7.2e-05	-1.2e-05	4.26923e-21
7.2e-05	-8e-06	-2.14648e-21
7.2e-05	-4e-06	1.75471e-21
7.2e-05	0	-7.08299e-22
7.2e-05	4e-06	-1.17418e-22
7.2e-05	8e-06	6.09877e-22
7.2e-05	1.2e-05	-1.06411e-21
7.2e-05	1.6e-05	1.96682e-21
7.2e-05	2e-05	-2.41388e-21
7.2e-05	2.4e-05	3.13743e-21
7.2e-05	2.8e-05	-1.39608e-21
7.2e-05	3.2e-05	3.2286e-22
7.2e-05	3.6e-05	4.25933e-21
7.2e-05	4e-05	-4.00001e-21
7.2e-05	4.4e-05	1.12539e-20
7.2e-05	4.8e-05	-5.25447e-21
7.2e-05	5.2e-05	2.05874e-20
7.2e-05	5.6e-05	-2.48088e-20
7.2e-05	6e-05	3.97872e-20
7.2e-05	6.4e-05	-4.32609e-20
7.2e-05	6.8e-05	4.74917e-20
7.2e-05	7.2e-05	-5.85681e-20
7.2e-05	7.6e-05	4.94897e-20
7.6e-05	-8e-05	-2.2296e-20
7.6e-05	-7.6e-05	2.70533e-20
7.6e-05	-7.2e-05	-2.45884e-20
7.6e-05	-6.8e-05	5.11048e-20
7.6e-05	-6.4e-05	-3.32989e-20
7.6e-05	-6e-05	4.3384e-20
7.6e-05	-5.6e-05	-2.69559e-20
7.6e-05	-5.2e-05	2.94137e-20
7.6e-05	-4.8e-05	-2.73904e-20
7.6e-05	-4.4e-05	2.07966e-20
7.6e-05	-4e-05	-4.5004e-21
7.6e-05	-3.6e-05	6.44285e-21
7.6e-05	-3.2e-05	6.80248e-22
7.6e-05	-2.8e-05	-1.02935e-21
7.6e-05	-2.4e-05	2.23542e-21
7.6e-05	-2e-05	-2.88659e-21
7.6e-05	-1.6e-05	2.77558e-21
7.6e-05	-1.2e-05	-1.55013e-21
7.6e-05	-8e-06	9.73627e-22
7.6e-05	-4e-06	-4.29844e-22
7.6e-05	0	9.96678e-23
7.6e-05	4e-06	1.98842e-23
7.6e-05	8e-06	-1.18535e-22
7.6e-05	1.2e-05	2.96521e-22
7.6e-05	1.6e-05	-6.21056e-22
7.6e-05	2e-05	9.16202e-22
7.6e-05	2.4e-05	-9.97059e-22
7.6e-05	2.8e-05	1.47595e-21
7.6e-05	3.2e-05	-1.75411e-21
7.6e-05	3.6e-05	1.49623e-21
7.6e-05	4e-05	6.41407e-22
7.6e-05	4.4e-05	-9.37402e-22
7.6e-05	4.8e-05	4.09906e-21
7.6e-05	5.2e-05	-4.36053e-21
7.6e-05	5.6e-05	6.545e-21
7.6e-05	6e-05	-7.29796e-21
7.6e-05	6.4e-05	9.57178e-21
7.6e-05	6.8e-05	-1.17754e-20
7.6e-05	7.2e-05	1.23554e-20
7.6e-05	7.6e-05	-1.09072e-20
