-8e-05	-8e-05	2.11279e-15
-8e-05	-7.6e-05	9.06528e-16
-8e-05	-7.2e-05	-3.4031e-15
-8e-05	-6.8e-05	1.77002e-15
-8e-05	-6.4e-05	1.89189e-16
-8e-05	-6e-05	-4.51998e-17
-8e-05	-5.6e-05	-5.29352e-16
-8e-05	-5.2e-05	7.69827e-16
-8e-05	-4.8e-05	1.58559e-16
-8e-05	-4.4e-05	1.53111e-16
-8e-05	-4e-05	-1.37395e-16
-8e-05	-3.6e-05	1.2109e-16
-8e-05	-3.2e-05	5.95663e-17
-8e-05	-2.8e-05	-2.13645e-16
-8e-05	-2.4e-05	1.07163e-16
-8e-05	-2e-05	-1.16063e-16
-8e-05	-1.6e-05	6.48694e-17
-8e-05	-1.2e-05	-1.54003e-16
-8e-05	-8e-06	2.69128e-16
-8e-05	-4e-06	-9.7205e-17
-8e-05	0	-3.82913e-16
-8e-05	4e-06	-6.19698e-17
-8e-05	8e-06	-1.02743e-17
-8e-05	1.2e-05	2.46586e-17
-8e-05	1.6e-05	-6.88483e-17
-8e-05	2e-05	-1.72748e-16
-8e-05	2.4e-05	2.23953e-16
-8e-05	2.8e-05	5.2855e-18
-8e-05	3.2e-05	2.08237e-16
-8e-05	3.6e-05	1.23818e-16
-8e-05	4e-05	4.02732e-17
-8e-05	4.4e-05	-1.80493e-16
-8e-05	4.8e-05	-2.45517e-16
-8e-05	5.2e-05	-1.03652e-16
-8e-05	5.6e-05	2.8965e-16
-8e-05	6e-05	1.36964e-15
-8e-05	6.4e-05	3.32923e-16
-8e-05	6.8e-05	-1.71445e-15
-8e-05	7.2e-05	7.65147e-17
-8e-05	7.6e-05	-1.19083e-15
-7.6e-05	-8e-05	1.49062e-15
-7.6e-05	-7.6e-05	-6.86078e-16
-7.6e-05	-7.2e-05	1.02902e-15
-7.6e-05	-6.8e-05	6.44427e-16
-7.6e-05	-6.4e-05	-2.11139e-16
-7.6e-05	-6e-05	4.0455e-16
-7.6e-05	-5.6e-05	1.88689e-16
-7.6e-05	-5.2e-05	1.3195e-15
-7.6e-05	-4.8e-05	1.10441e-16
-7.6e-05	-4.4e-05	-1.50877e-15
-7.6e-05	-4e-05	1.60666e-16
-7.6e-05	-3.6e-05	5.45017e-16
-7.6e-05	-3.2e-05	-3.9795e-16
-7.6e-05	-2.8e-05	1.10617e-15
-7.6e-05	-2.4e-05	7.90626e-17
-7.6e-05	-2e-05	7.8327e-16
-7.6e-05	-1.6e-05	-3.10551e-16
-7.6e-05	-1.2e-05	2.81161e-15
-7.6e-05	-8e-06	4.57125e-16
-7.6e-05	-4e-06	-4.00988e-16
-7.6e-05	0	-6.35902e-16
-7.6e-05	4e-06	1.66012e-15
-7.6e-05	8e-06	-1.25557e-15
-7.6e-05	1.2e-05	2.24551e-17
-7.6e-05	1.6e-05	6.68477e-16
-7.6e-05	2e-05	5.71203e-16
-7.6e-05	2.4e-05	1.09449e-15
-7.6e-05	2.8e-05	-3.91218e-16
-7.6e-05	3.2e-05	-6.43911e-16
-7.6e-05	3.6e-05	2.56491e-16
-7.6e-05	4e-05	-3.16704e-16
-7.6e-05	4.4e-05	-6.517e-16
-7.6e-05	4.8e-05	1.82255e-15
-7.6e-05	5.2e-05	1.0274e-16
-7.6e-05	5.6e-05	-1.59958e-15
-7.6e-05	6e-05	7.18285e-16
-7.6e-05	6.4e-05	5.58266e-16
-7.6e-05	6.8e-05	-4.23142e-16
-7.6e-05	7.2e-05	-3.0535e-15
-7.6e-05	7.6e-05	-1.00538e-15
-7.2e-05	-8e-05	6.81555e-16
-7.2e-05	-7.6e-05	-1.46736e-15
-7.2e-05	-7.2e-05	3.05488e-16
-7.2e-05	-6.8e-05	-6.1361e-16
-7.2e-05	-6.4e-05	1.68972e-16
-7.2e-05	-6e-05	-2.28131e-15
-7.2e-05	-5.6e-05	-2.75558e-16
-7.2e-05	-5.2e-05	-3.31272e-15
-7.2e-05	-4.8e-05	-4.80793e-16
-7.2e-05	-4.4e-05	-7.50035e-16
-7.2e-05	-4e-05	7.44086e-16
-7.2e-05	-3.6e-05	7.21417e-16
-7.2e-05	-3.2e-05	-2.74309e-15
-7.2e-05	-2.8e-05	7.80485e-16
-7.2e-05	-2.4e-05	2.37437e-15
-7.2e-05	-2e-05	-1.51783e-16
-7.2e-05	-1.6e-05	1.26008e-15
-7.2e-05	-1.2e-05	-1.14333e-15
-7.2e-05	-8e-06	5.46846e-16
-7.2e-05	-4e-06	-4.1494e-15
-7.2e-05	0	-6.56316e-16
-7.2e-05	4e-06	8.57272e-16
-7.2e-05	8e-06	1.38952e-16
-7.2e-05	1.2e-05	2.28921e-16
-7.2e-05	1.6e-05	4.78989e-17
-7.2e-05	2e-05	-1.83825e-16
-7.2e-05	2.4e-05	5.08713e-17
-7.2e-05	2.8e-05	-5.46078e-17
-7.2e-05	3.2e-05	-2.85179e-16
-7.2e-05	3.6e-05	-9.20686e-17
-7.2e-05	4e-05	-9.07551e-17
-7.2e-05	4.4e-05	3.8769e-17
-7.2e-05	4.8e-05	1.19322e-16
-7.2e-05	5.2e-05	-1.65744e-16
-7.2e-05	5.6e-05	3.80537e-17
-7.2e-05	6e-05	2.33926e-17
-7.2e-05	6.4e-05	2.53598e-16
-7.2e-05	6.8e-05	-4.84761e-16
-7.2e-05	7.2e-05	-3.98963e-16
-7.2e-05	7.6e-05	-4.09434e-16
-6.8e-05	-8e-05	-2.12877e-16
-6.8e-05	-7.6e-05	-3.77584e-16
-6.8e-05	-7.2e-05	-5.9699e-16
-6.8e-05	-6.8e-05	-1.06249e-15
-6.8e-05	-6.4e-05	1.79381e-16
-6.8e-05	-6e-05	7.81319e-17
-6.8e-05	-5.6e-05	2.92719e-16
-6.8e-05	-5.2e-05	9.67557e-17
-6.8e-05	-4.8e-05	-1.93063e-16
-6.8e-05	-4.4e-05	-3.02677e-16
-6.8e-05	-4e-05	-1.18055e-16
-6.8e-05	-3.6e-05	1.88091e-17
-6.8e-05	-3.2e-05	-2.4367e-16
-6.8e-05	-2.8e-05	2.02288e-16
-6.8e-05	-2.4e-05	2.48686e-16
-6.8e-05	-2e-05	3.10661e-17
-6.8e-05	-1.6e-05	-1.74125e-16
-6.8e-05	-1.2e-05	-3.68491e-17
-6.8e-05	-8e-06	-1.03622e-16
-6.8e-05	-4e-06	-1.83041e-16
-6.8e-05	0	-1.78073e-16
-6.8e-05	4e-06	-5.95008e-17
-6.8e-05	8e-06	-2.22403e-16
-6.8e-05	1.2e-05	6.58935e-17
-6.8e-05	1.6e-05	-1.85483e-16
-6.8e-05	2e-05	-1.09991e-16
-6.8e-05	2.4e-05	-9.4934e-17
-6.8e-05	2.8e-05	-4.727e-19
-6.8e-05	3.2e-05	9.17598e-17
-6.8e-05	3.6e-05	-1.43905e-16
-6.8e-05	4e-05	-1.42942e-16
-6.8e-05	4.4e-05	-2.54114e-16
-6.8e-05	4.8e-05	-3.26645e-17
-6.8e-05	5.2e-05	3.08398e-16
-6.8e-05	5.6e-05	-5.32216e-17
-6.8e-05	6e-05	-3.61687e-17
-6.8e-05	6.4e-05	2.52647e-17
-6.8e-05	6.8e-05	1.42959e-16
-6.8e-05	7.2e-05	-4.1422e-16
-6.8e-05	7.6e-05	-2.32622e-16
-6.4e-05	-8e-05	-4.37332e-16
-6.4e-05	-7.6e-05	-2.03147e-16
-6.4e-05	-7.2e-05	-6.22924e-16
-6.4e-05	-6.8e-05	3.82579e-17
-6.4e-05	-6.4e-05	2.34205e-16
-6.4e-05	-6e-05	-4.98782e-17
-6.4e-05	-5.6e-05	5.16844e-17
-6.4e-05	-5.2e-05	2.89249e-16
-6.4e-05	-4.8e-05	-4.21512e-16
-6.4e-05	-4.4e-05	-4.04289e-16
-6.4e-05	-4e-05	-1.88542e-16
-6.4e-05	-3.6e-05	-1.97186e-16
-6.4e-05	-3.2e-05	1.82115e-16
-6.4e-05	-2.8e-05	3.62787e-16
-6.4e-05	-2.4e-05	-2.50623e-17
-6.4e-05	-2e-05	-1.28487e-16
-6.4e-05	-1.6e-05	6.42064e-17
-6.4e-05	-1.2e-05	-4.99027e-17
-6.4e-05	-8e-06	-3.66689e-17
-6.4e-05	-4e-06	2.67672e-16
-6.4e-05	0	-1.01831e-16
-6.4e-05	4e-06	-9.0815e-17
-6.4e-05	8e-06	1.31217e-17
-6.4e-05	1.2e-05	-8.70679e-17
-6.4e-05	1.6e-05	-1.9018e-16
-6.4e-05	2e-05	-1.34512e-16
-6.4e-05	2.4e-05	-1.15699e-16
-6.4e-05	2.8e-05	-3.59865e-16
-6.4e-05	3.2e-05	2.092e-16
-6.4e-05	3.6e-05	2.9719e-16
-6.4e-05	4e-05	1.93837e-17
-6.4e-05	4.4e-05	-4.00452e-16
-6.4e-05	4.8e-05	-5.09003e-16
-6.4e-05	5.2e-05	-2.19786e-17
-6.4e-05	5.6e-05	3.56167e-16
-6.4e-05	6e-05	-2.38955e-16
-6.4e-05	6.4e-05	1.6413e-16
-6.4e-05	6.8e-05	5.5636e-17
-6.4e-05	7.2e-05	-4.04172e-17
-6.4e-05	7.6e-05	-1.13122e-16
-6e-05	-8e-05	-1.94348e-16
-6e-05	-7.6e-05	-8.06887e-17
-6e-05	-7.2e-05	-7.29837e-18
-6e-05	-6.8e-05	9.48872e-17
-6e-05	-6.4e-05	2.227e-16
-6e-05	-6e-05	-1.1186e-17
-6e-05	-5.6e-05	5.83543e-16
-6e-05	-5.2e-05	-1.7133e-16
-6e-05	-4.8e-05	-9.07542e-16
-6e-05	-4.4e-05	-4.07404e-16
-6e-05	-4e-05	8.16354e-17
-6e-05	-3.6e-05	2.74412e-16
-6e-05	-3.2e-05	3.10487e-16
-6e-05	-2.8e-05	1.20203e-16
-6e-05	-2.4e-05	2.49467e-16
-6e-05	-2e-05	-1.58653e-17
-6e-05	-1.6e-05	-1.66964e-16
-6e-05	-1.2e-05	-7.02157e-18
-6e-05	-8e-06	1.30434e-16
-6e-05	-4e-06	-1.41786e-16
-6e-05	0	6.8831e-18
-6e-05	4e-06	9.61608e-17
-6e-05	8e-06	7.8926e-17
-6e-05	1.2e-05	1.45748e-16
-6e-05	1.6e-05	1.90606e-16
-6e-05	2e-05	-2.1249e-16
-6e-05	2.4e-05	-1.12979e-16
-6e-05	2.8e-05	-4.54736e-17
-6e-05	3.2e-05	-2.67684e-16
-6e-05	3.6e-05	3.50802e-16
-6e-05	4e-05	3.84727e-16
-6e-05	4.4e-05	-4.36608e-17
-6e-05	4.8e-05	-5.78014e-16
-6e-05	5.2e-05	-6.54357e-16
-6e-05	5.6e-05	-6.63143e-17
-6e-05	6e-05	2.75203e-16
-6e-05	6.4e-05	-1.78719e-16
-6e-05	6.8e-05	5.08801e-16
-6e-05	7.2e-05	5.85731e-17
-6e-05	7.6e-05	4.58712e-16
-5.6e-05	-8e-05	9.54856e-17
-5.6e-05	-7.6e-05	5.93446e-16
-5.6e-05	-7.2e-05	1.83998e-16
-5.6e-05	-6.8e-05	7.74175e-16
-5.6e-05	-6.4e-05	7.29149e-17
-5.6e-05	-6e-05	4.43681e-16
-5.6e-05	-5.6e-05	-1.03059e-16
-5.6e-05	-5.2e-05	-1.08096e-15
-5.6e-05	-4.8e-05	-7.90213e-16
-5.6e-05	-4.4e-05	3.18965e-16
-5.6e-05	-4e-05	2.48569e-16
-5.6e-05	-3.6e-05	-2.93243e-18
-5.6e-05	-3.2e-05	1.26076e-16
-5.6e-05	-2.8e-05	4.27107e-16
-5.6e-05	-2.4e-05	-1.97635e-16
-5.6e-05	-2e-05	-3.91768e-16
-5.6e-05	-1.6e-05	-4.66487e-17
-5.6e-05	-1.2e-05	-4.90943e-17
-5.6e-05	-8e-06	-1.33487e-16
-5.6e-05	-4e-06	2.32312e-16
-5.6e-05	0	-1.3996e-16
-5.6e-05	4e-06	-1.00888e-16
-5.6e-05	8e-06	1.73406e-16
-5.6e-05	1.2e-05	1.10538e-16
-5.6e-05	1.6e-05	4.19777e-17
-5.6e-05	2e-05	8.87634e-17
-5.6e-05	2.4e-05	-1.63486e-17
-5.6e-05	2.8e-05	2.09441e-16
-5.6e-05	3.2e-05	7.06342e-17
-5.6e-05	3.6e-05	-2.04583e-16
-5.6e-05	4e-05	5.0537e-17
-5.6e-05	4.4e-05	4.4647e-16
-5.6e-05	4.8e-05	6.85803e-17
-5.6e-05	5.2e-05	-5.46213e-16
-5.6e-05	5.6e-05	-4.73488e-16
-5.6e-05	6e-05	-3.23511e-16
-5.6e-05	6.4e-05	-1.23264e-16
-5.6e-05	6.8e-05	-2.49487e-16
-5.6e-05	7.2e-05	2.73408e-16
-5.6e-05	7.6e-05	4.9718e-17
-5.2e-05	-8e-05	4.69918e-16
-5.2e-05	-7.6e-05	2.17311e-16
-5.2e-05	-7.2e-05	2.96451e-16
-5.2e-05	-6.8e-05	-8.56894e-17
-5.2e-05	-6.4e-05	-2.88062e-16
-5.2e-05	-6e-05	-5.67033e-16
-5.2e-05	-5.6e-05	-1.06048e-15
-5.2e-05	-5.2e-05	-8.7786e-16
-5.2e-05	-4.8e-05	3.00685e-16
-5.2e-05	-4.4e-05	2.28711e-16
-5.2e-05	-4e-05	-2.75545e-16
-5.2e-05	-3.6e-05	-1.42503e-16
-5.2e-05	-3.2e-05	5.7057e-16
-5.2e-05	-2.8e-05	-2.28537e-17
-5.2e-05	-2.4e-05	-1.41107e-16
-5.2e-05	-2e-05	1.13053e-16
-5.2e-05	-1.6e-05	9.85915e-17
-5.2e-05	-1.2e-05	-1.01956e-16
-5.2e-05	-8e-06	9.81556e-17
-5.2e-05	-4e-06	-7.63858e-17
-5.2e-05	0	-9.16663e-17
-5.2e-05	4e-06	2.09403e-17
-5.2e-05	8e-06	-1.3649e-17
-5.2e-05	1.2e-05	-7.44215e-17
-5.2e-05	1.6e-05	-7.04258e-17
-5.2e-05	2e-05	-1.95599e-16
-5.2e-05	2.4e-05	-6.90021e-17
-5.2e-05	2.8e-05	1.8973e-16
-5.2e-05	3.2e-05	7.86356e-16
-5.2e-05	3.6e-05	2.77944e-17
-5.2e-05	4e-05	-3.02819e-16
-5.2e-05	4.4e-05	4.44458e-16
-5.2e-05	4.8e-05	2.3174e-16
-5.2e-05	5.2e-05	2.30409e-16
-5.2e-05	5.6e-05	-3.72382e-16
-5.2e-05	6e-05	-2.49551e-16
-5.2e-05	6.4e-05	-7.16542e-16
-5.2e-05	6.8e-05	-3.45682e-16
-5.2e-05	7.2e-05	-6.52176e-16
-5.2e-05	7.6e-05	-3.95586e-16
-4.8e-05	-8e-05	-5.45482e-16
-4.8e-05	-7.6e-05	-3.28925e-16
-4.8e-05	-7.2e-05	-4.81312e-16
-4.8e-05	-6.8e-05	-6.43048e-16
-4.8e-05	-6.4e-05	-8.78467e-16
-4.8e-05	-6e-05	-6.54809e-16
-4.8e-05	-5.6e-05	-6.87582e-16
-4.8e-05	-5.2e-05	3.18601e-16
-4.8e-05	-4.8e-05	4.10104e-16
-4.8e-05	-4.4e-05	-2.37848e-17
-4.8e-05	-4e-05	-1.43607e-16
-4.8e-05	-3.6e-05	6.81356e-16
-4.8e-05	-3.2e-05	3.84369e-16
-4.8e-05	-2.8e-05	1.66584e-16
-4.8e-05	-2.4e-05	8.48115e-17
-4.8e-05	-2e-05	-1.00953e-16
-4.8e-05	-1.6e-05	-2.14377e-17
-4.8e-05	-1.2e-05	1.26522e-16
-4.8e-05	-8e-06	-3.08649e-17
-4.8e-05	-4e-06	6.50678e-17
-4.8e-05	0	6.72169e-17
-4.8e-05	4e-06	4.70216e-17
-4.8e-05	8e-06	1.16736e-16
-4.8e-05	1.2e-05	1.59764e-17
-4.8e-05	1.6e-05	-1.45074e-16
-4.8e-05	2e-05	-1.26709e-16
-4.8e-05	2.4e-05	-3.2987e-16
-4.8e-05	2.8e-05	-3.25626e-16
-4.8e-05	3.2e-05	3.07519e-16
-4.8e-05	3.6e-05	6.2069e-16
-4.8e-05	4e-05	1.06339e-16
-4.8e-05	4.4e-05	-1.80343e-16
-4.8e-05	4.8e-05	8.66005e-19
-4.8e-05	5.2e-05	2.25673e-16
-4.8e-05	5.6e-05	-9.06736e-17
-4.8e-05	6e-05	-1.78184e-16
-4.8e-05	6.4e-05	1.37735e-16
-4.8e-05	6.8e-05	-5.92422e-16
-4.8e-05	7.2e-05	-2.21569e-16
-4.8e-05	7.6e-05	-4.71414e-16
-4.4e-05	-8e-05	-2.73671e-16
-4.4e-05	-7.6e-05	-5.5339e-16
-4.4e-05	-7.2e-05	-2.92314e-16
-4.4e-05	-6.8e-05	-4.55762e-16
-4.4e-05	-6.4e-05	-1.73983e-16
-4.4e-05	-6e-05	-1.92927e-16
-4.4e-05	-5.6e-05	6.52063e-17
-4.4e-05	-5.2e-05	2.0601e-16
-4.4e-05	-4.8e-05	-6.3219e-17
-4.4e-05	-4.4e-05	-4.63868e-17
-4.4e-05	-4e-05	2.78065e-16
-4.4e-05	-3.6e-05	5.11191e-16
-4.4e-05	-3.2e-05	4.27565e-16
-4.4e-05	-2.8e-05	-2.36968e-16
-4.4e-05	-2.4e-05	-5.79868e-16
-4.4e-05	-2e-05	1.62417e-16
-4.4e-05	-1.6e-05	1.58607e-16
-4.4e-05	-1.2e-05	-1.44701e-16
-4.4e-05	-8e-06	1.39294e-16
-4.4e-05	-4e-06	-6.77348e-17
-4.4e-05	0	-1.53685e-16
-4.4e-05	4e-06	8.52925e-17
-4.4e-05	8e-06	1.98247e-16
-4.4e-05	1.2e-05	5.5473e-17
-4.4e-05	1.6e-05	-3.85974e-16
-4.4e-05	2e-05	9.46687e-17
-4.4e-05	2.4e-05	4.83914e-16
-4.4e-05	2.8e-05	-4.76927e-17
-4.4e-05	3.2e-05	-2.92891e-16
-4.4e-05	3.6e-05	8.07672e-16
-4.4e-05	4e-05	4.07272e-16
-4.4e-05	4.4e-05	8.57116e-17
-4.4e-05	4.8e-05	-4.45722e-17
-4.4e-05	5.2e-05	2.96855e-16
-4.4e-05	5.6e-05	1.10862e-16
-4.4e-05	6e-05	-1.44198e-16
-4.4e-05	6.4e-05	-3.54212e-17
-4.4e-05	6.8e-05	-7.73564e-18
-4.4e-05	7.2e-05	-2.03963e-16
-4.4e-05	7.6e-05	-8.47504e-17
-4e-05	-8e-05	-2.56517e-16
-4e-05	-7.6e-05	-3.64176e-16
-4e-05	-7.2e-05	-1.57779e-16
-4e-05	-6.8e-05	-2.06497e-16
-4e-05	-6.4e-05	-1.33808e-16
-4e-05	-6e-05	-1.02183e-16
-4e-05	-5.6e-05	1.14838e-16
-4e-05	-5.2e-05	-1.50016e-16
-4e-05	-4.8e-05	5.09651e-17
-4e-05	-4.4e-05	5.795e-16
-4e-05	-4e-05	3.69845e-16
-4e-05	-3.6e-05	6.91005e-16
-4e-05	-3.2e-05	-8.19109e-17
-4e-05	-2.8e-05	-7.05512e-16
-4e-05	-2.4e-05	5.32167e-16
-4e-05	-2e-05	3.24453e-16
-4e-05	-1.6e-05	-3.35401e-16
-4e-05	-1.2e-05	1.08532e-16
-4e-05	-8e-06	-2.95622e-16
-4e-05	-4e-06	-2.45375e-16
-4e-05	0	4.66695e-16
-4e-05	4e-06	3.31548e-16
-4e-05	8e-06	-1.75253e-16
-4e-05	1.2e-05	1.39256e-16
-4e-05	1.6e-05	-6.6826e-19
-4e-05	2e-05	-2.48708e-16
-4e-05	2.4e-05	3.31964e-16
-4e-05	2.8e-05	1.5509e-16
-4e-05	3.2e-05	-4.26947e-16
-4e-05	3.6e-05	2.0823e-16
-4e-05	4e-05	1.78996e-16
-4e-05	4.4e-05	-2.70614e-17
-4e-05	4.8e-05	6.91497e-16
-4e-05	5.2e-05	2.33778e-16
-4e-05	5.6e-05	2.05949e-16
-4e-05	6e-05	1.86405e-16
-4e-05	6.4e-05	1.53334e-16
-4e-05	6.8e-05	8.24326e-17
-4e-05	7.2e-05	-8.77909e-17
-4e-05	7.6e-05	8.72094e-17
-3.6e-05	-8e-05	-2.54881e-16
-3.6e-05	-7.6e-05	2.1118e-16
-3.6e-05	-7.2e-05	-3.46947e-16
-3.6e-05	-6.8e-05	1.93075e-16
-3.6e-05	-6.4e-05	-9.80499e-17
-3.6e-05	-6e-05	3.58055e-16
-3.6e-05	-5.6e-05	2.0066e-16
-3.6e-05	-5.2e-05	3.16575e-16
-3.6e-05	-4.8e-05	8.63934e-16
-3.6e-05	-4.4e-05	3.58485e-16
-3.6e-05	-4e-05	5.32459e-16
-3.6e-05	-3.6e-05	6.93308e-18
-3.6e-05	-3.2e-05	-9.25128e-16
-3.6e-05	-2.8e-05	2.74203e-16
-3.6e-05	-2.4e-05	-7.41825e-17
-3.6e-05	-2e-05	-1.5287e-16
-3.6e-05	-1.6e-05	5.58528e-16
-3.6e-05	-1.2e-05	9.40797e-15
-3.6e-05	-8e-06	-1.99188e-14
-3.6e-05	-4e-06	-6.45622e-16
-3.6e-05	0	2.74199e-14
-3.6e-05	4e-06	-5.25667e-15
-3.6e-05	8e-06	-2.7064e-14
-3.6e-05	1.2e-05	-1.39208e-15
-3.6e-05	1.6e-05	2.24361e-16
-3.6e-05	2e-05	4.9186e-16
-3.6e-05	2.4e-05	1.99541e-16
-3.6e-05	2.8e-05	1.73408e-16
-3.6e-05	3.2e-05	8.81394e-17
-3.6e-05	3.6e-05	-1.87704e-16
-3.6e-05	4e-05	-2.05585e-17
-3.6e-05	4.4e-05	-2.48118e-16
-3.6e-05	4.8e-05	-5.64434e-17
-3.6e-05	5.2e-05	4.85686e-16
-3.6e-05	5.6e-05	9.33798e-17
-3.6e-05	6e-05	2.76312e-16
-3.6e-05	6.4e-05	3.63146e-16
-3.6e-05	6.8e-05	4.00931e-16
-3.6e-05	7.2e-05	4.95003e-16
-3.6e-05	7.6e-05	2.9531e-16
-3.2e-05	-8e-05	6.13791e-16
-3.2e-05	-7.6e-05	2.43912e-16
-3.2e-05	-7.2e-05	6.99426e-16
-3.2e-05	-6.8e-05	1.15565e-16
-3.2e-05	-6.4e-05	7.42684e-16
-3.2e-05	-6e-05	5.53793e-16
-3.2e-05	-5.6e-05	3.9876e-16
-3.2e-05	-5.2e-05	6.86193e-16
-3.2e-05	-4.8e-05	1.79324e-16
-3.2e-05	-4.4e-05	6.93167e-17
-3.2e-05	-4e-05	-1.83398e-16
-3.2e-05	-3.6e-05	-8.28752e-16
-3.2e-05	-3.2e-05	1.55118e-16
-3.2e-05	-2.8e-05	7.77396e-17
-3.2e-05	-2.4e-05	1.5886e-17
-3.2e-05	-2e-05	1.97646e-15
-3.2e-05	-1.6e-05	5.97271e-14
-3.2e-05	-1.2e-05	1.42328e-12
-3.2e-05	-8e-06	-2.94012e-12
-3.2e-05	-4e-06	-1.45578e-13
-3.2e-05	0	4.07391e-12
-3.2e-05	4e-06	-7.91967e-13
-3.2e-05	8e-06	-3.9959e-12
-3.2e-05	1.2e-05	-1.61841e-13
-3.2e-05	1.6e-05	-4.01376e-15
-3.2e-05	2e-05	1.54073e-16
-3.2e-05	2.4e-05	3.59958e-16
-3.2e-05	2.8e-05	7.26084e-17
-3.2e-05	3.2e-05	1.68792e-17
-3.2e-05	3.6e-05	1.05538e-16
-3.2e-05	4e-05	-3.18349e-16
-3.2e-05	4.4e-05	-1.27278e-16
-3.2e-05	4.8e-05	-1.29193e-16
-3.2e-05	5.2e-05	-8.3008e-17
-3.2e-05	5.6e-05	2.01906e-16
-3.2e-05	6e-05	-6.36502e-17
-3.2e-05	6.4e-05	4.84462e-16
-3.2e-05	6.8e-05	3.68238e-16
-3.2e-05	7.2e-05	4.79088e-16
-3.2e-05	7.6e-05	3.37438e-16
-2.8e-05	-8e-05	6.95404e-16
-2.8e-05	-7.6e-05	3.4006e-16
-2.8e-05	-7.2e-05	6.46712e-16
-2.8e-05	-6.8e-05	3.8494e-16
-2.8e-05	-6.4e-05	4.59739e-16
-2.8e-05	-6e-05	2.81674e-16
-2.8e-05	-5.6e-05	3.56181e-16
-2.8e-05	-5.2e-05	-1.33748e-16
-2.8e-05	-4.8e-05	-1.74831e-16
-2.8e-05	-4.4e-05	-5.23245e-17
-2.8e-05	-4e-05	-6.41318e-16
-2.8e-05	-3.6e-05	3.04259e-16
-2.8e-05	-3.2e-05	7.46236e-17
-2.8e-05	-2.8e-05	1.0611e-16
-2.8e-05	-2.4e-05	2.55536e-15
-2.8e-05	-2e-05	1.5192e-13
-2.8e-05	-1.6e-05	7.42548e-12
-2.8e-05	-1.2e-05	2.13418e-10
-2.8e-05	-8e-06	-4.36148e-10
-2.8e-05	-4e-06	-2.26096e-11
-2.8e-05	0	6.03495e-10
-2.8e-05	4e-06	-1.17267e-10
-2.8e-05	8e-06	-5.90083e-10
-2.8e-05	1.2e-05	-1.98711e-11
-2.8e-05	1.6e-05	-4.02405e-13
-2.8e-05	2e-05	-6.21331e-15
-2.8e-05	2.4e-05	-1.49171e-16
-2.8e-05	2.8e-05	1.41596e-16
-2.8e-05	3.2e-05	5.3135e-17
-2.8e-05	3.6e-05	-9.36359e-18
-2.8e-05	4e-05	6.43824e-17
-2.8e-05	4.4e-05	-2.25159e-16
-2.8e-05	4.8e-05	7.4705e-17
-2.8e-05	5.2e-05	-4.29911e-16
-2.8e-05	5.6e-05	-2.70653e-16
-2.8e-05	6e-05	-1.16243e-16
-2.8e-05	6.4e-05	8.73055e-17
-2.8e-05	6.8e-05	-1.68732e-16
-2.8e-05	7.2e-05	3.0512e-16
-2.8e-05	7.6e-05	2.165e-16
-2.4e-05	-8e-05	1.61845e-16
-2.4e-05	-7.6e-05	6.55153e-17
-2.4e-05	-7.2e-05	2.5833e-16
-2.4e-05	-6.8e-05	5.02946e-18
-2.4e-05	-6.4e-05	2.00778e-16
-2.4e-05	-6e-05	-4.11894e-16
-2.4e-05	-5.6e-05	1.41482e-16
-2.4e-05	-5.2e-05	-6.46682e-16
-2.4e-05	-4.8e-05	1.6448e-16
-2.4e-05	-4.4e-05	-4.9161e-16
-2.4e-05	-4e-05	3.67949e-16
-2.4e-05	-3.6e-05	3.1871e-17
-2.4e-05	-3.2e-05	-1.16386e-16
-2.4e-05	-2.8e-05	2.65542e-15
-2.4e-05	-2.4e-05	2.04569e-13
-2.4e-05	-2e-05	1.50836e-11
-2.4e-05	-1.6e-05	8.84796e-10
-2.4e-05	-1.2e-05	3.19969e-08
-2.4e-05	-8e-06	-6.47038e-08
-2.4e-05	-4e-06	-3.51192e-09
-2.4e-05	0	8.94062e-08
-2.4e-05	4e-06	-1.73589e-08
-2.4e-05	8e-06	-8.71454e-08
-2.4e-05	1.2e-05	-2.34873e-09
-2.4e-05	1.6e-05	-3.96133e-11
-2.4e-05	2e-05	-5.34376e-13
-2.4e-05	2.4e-05	-6.574e-15
-2.4e-05	2.8e-05	-4.30645e-17
-2.4e-05	3.2e-05	3.30209e-16
-2.4e-05	3.6e-05	-3.04495e-16
-2.4e-05	4e-05	1.28309e-16
-2.4e-05	4.4e-05	1.15319e-16
-2.4e-05	4.8e-05	3.18392e-17
-2.4e-05	5.2e-05	-1.30506e-16
-2.4e-05	5.6e-05	-4.10278e-16
-2.4e-05	6e-05	-8.25923e-17
-2.4e-05	6.4e-05	-4.52232e-16
-2.4e-05	6.8e-05	4.48406e-16
-2.4e-05	7.2e-05	-2.36086e-16
-2.4e-05	7.6e-05	1.91696e-16
-2e-05	-8e-05	-3.37121e-16
-2e-05	-7.6e-05	1.31286e-16
-2e-05	-7.2e-05	-5.27626e-16
-2e-05	-6.8e-05	4.43684e-16
-2e-05	-6.4e-05	-4.55632e-16
-2e-05	-6e-05	4.75253e-16
-2e-05	-5.6e-05	-4.58158e-16
-2e-05	-5.2e-05	-4.71066e-17
-2e-05	-4.8e-05	-1.38255e-16
-2e-05	-4.4e-05	6.39931e-17
-2e-05	-4e-05	4.02452e-16
-2e-05	-3.6e-05	-4.42634e-16
-2e-05	-3.2e-05	1.80307e-15
-2e-05	-2.8e-05	1.54789e-13
-2e-05	-2.4e-05	1.5238e-11
-2e-05	-2e-05	1.34607e-09
-2e-05	-1.6e-05	9.8863e-08
-2e-05	-1.2e-05	4.79671e-06
-2e-05	-8e-06	-9.5992e-06
-2e-05	-4e-06	-5.44206e-07
-2e-05	0	1.32455e-05
-2e-05	4e-06	-2.56989e-06
-2e-05	8e-06	-1.28705e-05
-2e-05	1.2e-05	-2.60225e-07
-2e-05	1.6e-05	-3.51007e-09
-2e-05	2e-05	-3.94613e-11
-2e-05	2.4e-05	-3.99181e-13
-2e-05	2.8e-05	-3.83644e-15
-2e-05	3.2e-05	4.62784e-16
-2e-05	3.6e-05	-8.15477e-17
-2e-05	4e-05	-2.19357e-16
-2e-05	4.4e-05	4.45042e-16
-2e-05	4.8e-05	-1.34855e-16
-2e-05	5.2e-05	-3.80645e-17
-2e-05	5.6e-05	-3.04532e-16
-2e-05	6e-05	-1.77448e-16
-2e-05	6.4e-05	2.48821e-16
-2e-05	6.8e-05	-5.67934e-16
-2e-05	7.2e-05	3.92907e-16
-2e-05	7.6e-05	-2.54521e-16
-1.6e-05	-8e-05	1.52625e-16
-1.6e-05	-7.6e-05	-4.34323e-16
-1.6e-05	-7.2e-05	2.08986e-16
-1.6e-05	-6.8e-05	-3.0122e-16
-1.6e-05	-6.4e-05	2.19205e-16
-1.6e-05	-6e-05	-2.5997e-16
-1.6e-05	-5.6e-05	-1.44168e-16
-1.6e-05	-5.2e-05	1.39958e-16
-1.6e-05	-4.8e-05	-2.28344e-16
-1.6e-05	-4.4e-05	2.56279e-16
-1.6e-05	-4e-05	-1.55936e-16
-1.6e-05	-3.6e-05	5.05729e-16
-1.6e-05	-3.2e-05	6.24955e-14
-1.6e-05	-2.8e-05	7.70252e-12
-1.6e-05	-2.4e-05	9.07659e-10
-1.6e-05	-2e-05	1.00222e-07
-1.6e-05	-1.6e-05	9.82525e-06
-1.6e-05	-1.2e-05	0.000719016
-1.6e-05	-8e-06	-0.00142412
-1.6e-05	-4e-06	-8.41483e-05
-1.6e-05	0	0.00196232
-1.6e-05	4e-06	-0.000380499
-1.6e-05	8e-06	-0.00190091
-1.6e-05	1.2e-05	-2.56168e-05
-1.6e-05	1.6e-05	-2.58915e-07
-1.6e-05	2e-05	-2.32622e-09
-1.6e-05	2.4e-05	-1.95945e-11
-1.6e-05	2.8e-05	-1.58105e-13
-1.6e-05	3.2e-05	-1.17807e-15
-1.6e-05	3.6e-05	-1.77729e-16
-1.6e-05	4e-05	2.55148e-16
-1.6e-05	4.4e-05	1.21663e-16
-1.6e-05	4.8e-05	9.78894e-17
-1.6e-05	5.2e-05	-3.15584e-16
-1.6e-05	5.6e-05	2.70982e-16
-1.6e-05	6e-05	-6.3327e-17
-1.6e-05	6.4e-05	-1.67944e-16
-1.6e-05	6.8e-05	2.52711e-16
-1.6e-05	7.2e-05	-2.54743e-16
-1.6e-05	7.6e-05	1.67642e-16
-1.2e-05	-8e-05	-2.59286e-16
-1.2e-05	-7.6e-05	1.02843e-17
-1.2e-05	-7.2e-05	-1.93298e-16
-1.2e-05	-6.8e-05	6.49299e-17
-1.2e-05	-6.4e-05	-1.5951e-16
-1.2e-05	-6e-05	2.82983e-16
-1.2e-05	-5.6e-05	4.49335e-17
-1.2e-05	-5.2e-05	-2.31189e-16
-1.2e-05	-4.8e-05	1.86305e-16
-1.2e-05	-4.4e-05	-3.29041e-16
-1.2e-05	-4e-05	4.42891e-16
-1.2e-05	-3.6e-05	1.06135e-14
-1.2e-05	-3.2e-05	1.57587e-12
-1.2e-05	-2.8e-05	2.31549e-10
-1.2e-05	-2.4e-05	3.40191e-08
-1.2e-05	-2e-05	4.99775e-06
-1.2e-05	-1.6e-05	0.000734173
-1.2e-05	-1.2e-05	0.107769
-1.2e-05	-8e-06	-0.211285
-1.2e-05	-4e-06	-0.0129858
-1.2e-05	0	0.290723
-1.2e-05	4e-06	-0.0563428
-1.2e-05	8e-06	-0.280768
-1.2e-05	1.2e-05	-0.00188786
-1.2e-05	1.6e-05	-1.26767e-05
-1.2e-05	2e-05	-8.51256e-08
-1.2e-05	2.4e-05	-5.71651e-10
-1.2e-05	2.8e-05	-3.83908e-12
-1.2e-05	3.2e-05	-2.53121e-14
-1.2e-05	3.6e-05	-5.14701e-16
-1.2e-05	4e-05	1.26262e-16
-1.2e-05	4.4e-05	3.95745e-16
-1.2e-05	4.8e-05	-2.2483e-16
-1.2e-05	5.2e-05	1.37735e-16
-1.2e-05	5.6e-05	-1.90099e-16
-1.2e-05	6e-05	1.37831e-16
-1.2e-05	6.4e-05	5.02488e-17
-1.2e-05	6.8e-05	-5.41687e-17
-1.2e-05	7.2e-05	2.34146e-16
-1.2e-05	7.6e-05	3.6748e-16
-8e-06	-8e-05	-2.11216e-16
-8e-06	-7.6e-05	2.98062e-16
-8e-06	-7.2e-05	-7.32883e-17
-8e-06	-6.8e-05	2.45285e-16
-8e-06	-6.4e-05	2.35686e-17
-8e-06	-6e-05	1.90057e-16
-8e-06	-5.6e-05	-1.59726e-16
-8e-06	-5.2e-05	3.47541e-16
-8e-06	-4.8e-05	-2.62772e-16
-8e-06	-4.4e-05	6.49791e-17
-8e-06	-4e-05	-3.45563e-17
-8e-06	-3.6e-05	9.7591e-15
-8e-06	-3.2e-05	1.49401e-12
-8e-06	-2.8e-05	2.23159e-10
-8e-06	-2.4e-05	3.3336e-08
-8e-06	-2e-05	4.97982e-06
-8e-06	-1.6e-05	0.000743904
-8e-06	-1.2e-05	0.111127
-8e-06	-8e-06	0.0997737
-8e-06	-4e-06	-0.067597
-8e-06	0	-0.198374
-8e-06	4e-06	0.041988
-8e-06	8e-06	0.288379
-8e-06	1.2e-05	0.00193949
-8e-06	1.6e-05	1.30362e-05
-8e-06	2e-05	8.76232e-08
-8e-06	2.4e-05	5.88971e-10
-8e-06	2.8e-05	3.95918e-12
-8e-06	3.2e-05	2.64139e-14
-8e-06	3.6e-05	7.45092e-17
-8e-06	4e-05	7.28223e-17
-8e-06	4.4e-05	3.35677e-16
-8e-06	4.8e-05	-5.01828e-16
-8e-06	5.2e-05	-4.79359e-16
-8e-06	5.6e-05	4.00724e-17
-8e-06	6e-05	-9.91958e-17
-8e-06	6.4e-05	-3.69857e-16
-8e-06	6.8e-05	2.82194e-17
-8e-06	7.2e-05	-1.01648e-18
-8e-06	7.6e-05	-3.176e-16
-4e-06	-8e-05	1.67341e-16
-4e-06	-7.6e-05	-3.55768e-16
-4e-06	-7.2e-05	2.12569e-16
-4e-06	-6.8e-05	-1.44427e-16
-4e-06	-6.4e-05	-2.95872e-17
-4e-06	-6e-05	8.50952e-17
-4e-06	-5.6e-05	-7.83032e-17
-4e-06	-5.2e-05	-1.20354e-16
-4e-06	-4.8e-05	-3.00278e-16
-4e-06	-4.4e-05	-6.43217e-18
-4e-06	-4e-05	-5.84102e-16
-4e-06	-3.6e-05	-2.49282e-14
-4e-06	-3.2e-05	-3.76552e-12
-4e-06	-2.8e-05	-5.58882e-10
-4e-06	-2.4e-05	-8.2957e-08
-4e-06	-2e-05	-1.23138e-05
-4e-06	-1.6e-05	-0.00182782
-4e-06	-1.2e-05	-0.271059
-4e-06	-8e-06	0.0765252
-4e-06	-4e-06	0.173475
-4e-06	0	-0.0837431
-4e-06	4e-06	-0.0721031
-4e-06	8e-06	0.0311446
-4e-06	1.2e-05	0.000212712
-4e-06	1.6e-05	1.44292e-06
-4e-06	2e-05	9.78635e-09
-4e-06	2.4e-05	6.63637e-11
-4e-06	2.8e-05	4.50118e-13
-4e-06	3.2e-05	2.86335e-15
-4e-06	3.6e-05	9.7941e-17
-4e-06	4e-05	5.48802e-16
-4e-06	4.4e-05	-1.38729e-16
-4e-06	4.8e-05	7.6153e-17
-4e-06	5.2e-05	3.83921e-18
-4e-06	5.6e-05	2.26169e-16
-4e-06	6e-05	-5.13798e-16
-4e-06	6.4e-05	3.71514e-16
-4e-06	6.8e-05	-2.75967e-16
-4e-06	7.2e-05	-8.90709e-17
-4e-06	7.6e-05	-3.16619e-17
0	-8e-05	-1.97502e-16
0	-7.6e-05	-1.70044e-16
0	-7.2e-05	1.01858e-16
0	-6.8e-05	-2.95652e-16
0	-6.4e-05	2.58437e-16
0	-6e-05	-2.62703e-16
0	-5.6e-05	3.3606e-16
0	-5.2e-05	-2.59071e-16
0	-4.8e-05	3.44831e-16
0	-4.4e-05	-2.65837e-16
0	-4e-05	3.283e-16
0	-3.6e-05	3.18394e-15
0	-3.2e-05	4.49928e-13
0	-2.8e-05	6.6364e-11
0	-2.4e-05	9.78635e-09
0	-2e-05	1.44292e-06
0	-1.6e-05	0.000212712
0	-1.2e-05	0.0311446
0	-8e-06	-0.0721031
0	-4e-06	-0.0837431
0	0	0.173475
0	4e-06	0.0765252
0	8e-06	-0.271059
0	1.2e-05	-0.00182782
0	1.6e-05	-1.23138e-05
0	2e-05	-8.2957e-08
0	2.4e-05	-5.58882e-10
0	2.8e-05	-3.76535e-12
0	3.2e-05	-2.54749e-14
0	3.6e-05	-2.74907e-16
0	4e-05	5.39877e-16
0	4.4e-05	4.61612e-17
0	4.8e-05	7.11339e-17
0	5.2e-05	2.51998e-16
0	5.6e-05	-2.72469e-16
0	6e-05	4.03503e-16
0	6.4e-05	-2.78588e-16
0	6.8e-05	2.8574e-16
0	7.2e-05	-1.11467e-16
0	7.6e-05	6.26931e-17
4e-06	-8e-05	-2.0746e-16
4e-06	-7.6e-05	2.37213e-16
4e-06	-7.2e-05	-2.21672e-16
4e-06	-6.8e-05	3.86256e-16
4e-06	-6.4e-05	-1.33125e-16
4e-06	-6e-05	4.49988e-16
4e-06	-5.6e-05	-1.89477e-16
4e-06	-5.2e-05	4.1797e-16
4e-06	-4.8e-05	2.45728e-16
4e-06	-4.4e-05	9.8118e-17
4e-06	-4e-05	3.88838e-16
4e-06	-3.6e-05	2.67751e-14
4e-06	-3.2e-05	3.95911e-12
4e-06	-2.8e-05	5.88971e-10
4e-06	-2.4e-05	8.76232e-08
4e-06	-2e-05	1.30362e-05
4e-06	-1.6e-05	0.00193949
4e-06	-1.2e-05	0.288379
4e-06	-8e-06	0.041988
4e-06	-4e-06	-0.198374
4e-06	0	-0.067597
4e-06	4e-06	0.0997737
4e-06	8e-06	0.111127
4e-06	1.2e-05	0.000743904
4e-06	1.6e-05	4.97982e-06
4e-06	2e-05	3.3336e-08
4e-06	2.4e-05	2.2316e-10
4e-06	2.8e-05	1.49356e-12
4e-06	3.2e-05	9.73474e-15
4e-06	3.6e-05	1.31163e-16
4e-06	4e-05	1.96661e-16
4e-06	4.4e-05	-1.58865e-16
4e-06	4.8e-05	-2.04856e-16
4e-06	5.2e-05	1.42451e-16
4e-06	5.6e-05	3.77598e-16
4e-06	6e-05	-1.79074e-16
4e-06	6.4e-05	4.5083e-16
4e-06	6.8e-05	1.51074e-16
4e-06	7.2e-05	6.16512e-17
4e-06	7.6e-05	9.402e-17
8e-06	-8e-05	1.99222e-16
8e-06	-7.6e-05	2.36584e-17
8e-06	-7.2e-05	3.45894e-16
8e-06	-6.8e-05	-8.47248e-17
8e-06	-6.4e-05	2.45473e-16
8e-06	-6e-05	1.9542e-16
8e-06	-5.6e-05	2.74873e-16
8e-06	-5.2e-05	1.21901e-16
8e-06	-4.8e-05	2.14121e-16
8e-06	-4.4e-05	4.6113e-17
8e-06	-4e-05	-2.62217e-16
8e-06	-3.6e-05	-2.59291e-14
8e-06	-3.2e-05	-3.83914e-12
8e-06	-2.8e-05	-5.71651e-10
8e-06	-2.4e-05	-8.51256e-08
8e-06	-2e-05	-1.26767e-05
8e-06	-1.6e-05	-0.00188786
8e-06	-1.2e-05	-0.280768
8e-06	-8e-06	-0.0563428
8e-06	-4e-06	0.290723
8e-06	0	-0.0129858
8e-06	4e-06	-0.211285
8e-06	8e-06	0.107769
8e-06	1.2e-05	0.000734173
8e-06	1.6e-05	4.99775e-06
8e-06	2e-05	3.40191e-08
8e-06	2.4e-05	2.31548e-10
8e-06	2.8e-05	1.57585e-12
8e-06	3.2e-05	1.08309e-14
8e-06	3.6e-05	8.34376e-17
8e-06	4e-05	-1.04935e-16
8e-06	4.4e-05	-5.3091e-16
8e-06	4.8e-05	2.34368e-16
8e-06	5.2e-05	9.98345e-17
8e-06	5.6e-05	-2.47411e-16
8e-06	6e-05	1.87428e-16
8e-06	6.4e-05	3.69692e-17
8e-06	6.8e-05	3.68421e-17
8e-06	7.2e-05	2.33926e-16
8e-06	7.6e-05	5.70779e-17
1.2e-05	-8e-05	3.06631e-16
1.2e-05	-7.6e-05	1.69681e-16
1.2e-05	-7.2e-05	1.52121e-17
1.2e-05	-6.8e-05	1.29659e-16
1.2e-05	-6.4e-05	1.05612e-16
1.2e-05	-6e-05	1.35205e-16
1.2e-05	-5.6e-05	1.79039e-16
1.2e-05	-5.2e-05	-1.53476e-16
1.2e-05	-4.8e-05	-8.21995e-17
1.2e-05	-4.4e-05	-1.26647e-16
1.2e-05	-4e-05	9.27233e-18
1.2e-05	-3.6e-05	-1.48898e-15
1.2e-05	-3.2e-05	-1.59014e-13
1.2e-05	-2.8e-05	-1.95941e-11
1.2e-05	-2.4e-05	-2.32622e-09
1.2e-05	-2e-05	-2.58915e-07
1.2e-05	-1.6e-05	-2.56168e-05
1.2e-05	-1.2e-05	-0.00190091
1.2e-05	-8e-06	-0.000380499
1.2e-05	-4e-06	0.00196232
1.2e-05	0	-8.41483e-05
1.2e-05	4e-06	-0.00142412
1.2e-05	8e-06	0.000719016
1.2e-05	1.2e-05	9.82525e-06
1.2e-05	1.6e-05	1.00222e-07
1.2e-05	2e-05	9.07659e-10
1.2e-05	2.4e-05	7.703e-12
1.2e-05	2.8e-05	6.3039e-14
1.2e-05	3.2e-05	6.79986e-16
1.2e-05	3.6e-05	-1.78951e-16
1.2e-05	4e-05	-2.98564e-16
1.2e-05	4.4e-05	-1.73135e-16
1.2e-05	4.8e-05	-3.90773e-17
1.2e-05	5.2e-05	-1.74767e-16
1.2e-05	5.6e-05	-1.15646e-16
1.2e-05	6e-05	-2.41095e-16
1.2e-05	6.4e-05	-1.55944e-16
1.2e-05	6.8e-05	-6.57973e-17
1.2e-05	7.2e-05	-5.35964e-16
1.2e-05	7.6e-05	1.38308e-16
1.6e-05	-8e-05	-2.69843e-16
1.6e-05	-7.6e-05	-9.78375e-17
1.6e-05	-7.2e-05	-1.14084e-16
1.6e-05	-6.8e-05	-2.7965e-16
1.6e-05	-6.4e-05	-4.26057e-16
1.6e-05	-6e-05	-8.06334e-17
1.6e-05	-5.6e-05	-1.44661e-16
1.6e-05	-5.2e-05	-2.3109e-16
1.6e-05	-4.8e-05	-2.99296e-16
1.6e-05	-4.4e-05	-2.85607e-16
1.6e-05	-4e-05	-7.98396e-17
1.6e-05	-3.6e-05	4.11305e-17
1.6e-05	-3.2e-05	-3.6029e-15
1.6e-05	-2.8e-05	-3.99428e-13
1.6e-05	-2.4e-05	-3.94607e-11
1.6e-05	-2e-05	-3.51007e-09
1.6e-05	-1.6e-05	-2.60225e-07
1.6e-05	-1.2e-05	-1.28705e-05
1.6e-05	-8e-06	-2.56989e-06
1.6e-05	-4e-06	1.32455e-05
1.6e-05	0	-5.44206e-07
1.6e-05	4e-06	-9.5992e-06
1.6e-05	8e-06	4.79671e-06
1.6e-05	1.2e-05	9.8863e-08
1.6e-05	1.6e-05	1.34607e-09
1.6e-05	2e-05	1.52382e-11
1.6e-05	2.4e-05	1.55329e-13
1.6e-05	2.8e-05	1.78167e-15
1.6e-05	3.2e-05	7.13346e-17
1.6e-05	3.6e-05	1.70422e-16
1.6e-05	4e-05	4.1289e-17
1.6e-05	4.4e-05	3.14392e-16
1.6e-05	4.8e-05	9.91755e-17
1.6e-05	5.2e-05	2.24605e-16
1.6e-05	5.6e-05	-4.5868e-16
1.6e-05	6e-05	3.27529e-16
1.6e-05	6.4e-05	-9.07001e-17
1.6e-05	6.8e-05	-3.01041e-16
1.6e-05	7.2e-05	-1.12273e-16
1.6e-05	7.6e-05	-3.25066e-16
2e-05	-8e-05	-3.41443e-17
2e-05	-7.6e-05	-1.79356e-16
2e-05	-7.2e-05	-3.34911e-16
2e-05	-6.8e-05	-9.7043e-17
2e-05	-6.4e-05	-2.83104e-16
2e-05	-6e-05	-1.67483e-16
2e-05	-5.6e-05	-3.24114e-18
2e-05	-5.2e-05	1.36125e-16
2e-05	-4.8e-05	-2.51013e-17
2e-05	-4.4e-05	1.91199e-16
2e-05	-4e-05	1.06352e-17
2e-05	-3.6e-05	6.0168e-16
2e-05	-3.2e-05	1.0712e-16
2e-05	-2.8e-05	-6.01259e-15
2e-05	-2.4e-05	-5.3442e-13
2e-05	-2e-05	-3.96136e-11
2e-05	-1.6e-05	-2.34873e-09
2e-05	-1.2e-05	-8.71454e-08
2e-05	-8e-06	-1.73589e-08
2e-05	-4e-06	8.94062e-08
2e-05	0	-3.51192e-09
2e-05	4e-06	-6.47038e-08
2e-05	8e-06	3.19969e-08
2e-05	1.2e-05	8.84796e-10
2e-05	1.6e-05	1.50835e-11
2e-05	2e-05	2.0505e-13
2e-05	2.4e-05	2.48638e-15
2e-05	2.8e-05	1.53552e-16
2e-05	3.2e-05	-7.68534e-17
2e-05	3.6e-05	1.75563e-16
2e-05	4e-05	2.09712e-16
2e-05	4.4e-05	2.61111e-16
2e-05	4.8e-05	5.33864e-16
2e-05	5.2e-05	-1.38263e-16
2e-05	5.6e-05	4.56403e-16
2e-05	6e-05	1.08744e-16
2e-05	6.4e-05	6.97745e-17
2e-05	6.8e-05	2.75792e-17
2e-05	7.2e-05	4.29498e-17
2e-05	7.6e-05	2.63334e-16
2.4e-05	-8e-05	1.68097e-16
2.4e-05	-7.6e-05	1.83932e-17
2.4e-05	-7.2e-05	1.96588e-16
2.4e-05	-6.8e-05	-8.48406e-17
2.4e-05	-6.4e-05	1.5596e-16
2.4e-05	-6e-05	-5.07242e-17
2.4e-05	-5.6e-05	3.37046e-16
2.4e-05	-5.2e-05	1.73979e-16
2.4e-05	-4.8e-05	2.11089e-16
2.4e-05	-4.4e-05	3.30642e-16
2.4e-05	-4e-05	1.10119e-16
2.4e-05	-3.6e-05	2.30419e-16
2.4e-05	-3.2e-05	2.01998e-16
2.4e-05	-2.8e-05	-3.88905e-18
2.4e-05	-2.4e-05	-6.50017e-15
2.4e-05	-2e-05	-4.02162e-13
2.4e-05	-1.6e-05	-1.98712e-11
2.4e-05	-1.2e-05	-5.90083e-10
2.4e-05	-8e-06	-1.17267e-10
2.4e-05	-4e-06	6.03495e-10
2.4e-05	0	-2.26096e-11
2.4e-05	4e-06	-4.36147e-10
2.4e-05	8e-06	2.13418e-10
2.4e-05	1.2e-05	7.42567e-12
2.4e-05	1.6e-05	1.52392e-13
2.4e-05	2e-05	2.52899e-15
2.4e-05	2.4e-05	2.18411e-16
2.4e-05	2.8e-05	-1.7221e-17
2.4e-05	3.2e-05	9.0837e-17
2.4e-05	3.6e-05	5.50685e-17
2.4e-05	4e-05	1.36628e-16
2.4e-05	4.4e-05	3.78158e-16
2.4e-05	4.8e-05	-1.58536e-16
2.4e-05	5.2e-05	4.93405e-17
2.4e-05	5.6e-05	-3.28347e-18
2.4e-05	6e-05	1.32617e-16
2.4e-05	6.4e-05	-4.60266e-17
2.4e-05	6.8e-05	-5.12021e-17
2.4e-05	7.2e-05	2.2069e-16
2.4e-05	7.6e-05	-8.10274e-18
2.8e-05	-8e-05	1.06703e-16
2.8e-05	-7.6e-05	1.03718e-16
2.8e-05	-7.2e-05	-4.37311e-17
2.8e-05	-6.8e-05	2.10997e-16
2.8e-05	-6.4e-05	-1.53078e-16
2.8e-05	-6e-05	-3.42372e-17
2.8e-05	-5.6e-05	1.06394e-16
2.8e-05	-5.2e-05	2.4545e-16
2.8e-05	-4.8e-05	-1.77391e-17
2.8e-05	-4.4e-05	-1.82974e-16
2.8e-05	-4e-05	9.57847e-17
2.8e-05	-3.6e-05	-2.18789e-17
2.8e-05	-3.2e-05	2.90814e-16
2.8e-05	-2.8e-05	1.9333e-16
2.8e-05	-2.4e-05	3.23574e-16
2.8e-05	-2e-05	-3.66586e-15
2.8e-05	-1.6e-05	-1.61045e-13
2.8e-05	-1.2e-05	-3.9955e-12
2.8e-05	-8e-06	-7.92008e-13
2.8e-05	-4e-06	4.07361e-12
2.8e-05	0	-1.45339e-13
2.8e-05	4e-06	-2.94021e-12
2.8e-05	8e-06	1.42314e-12
2.8e-05	1.2e-05	5.97615e-14
2.8e-05	1.6e-05	1.26059e-15
2.8e-05	2e-05	-1.07087e-17
2.8e-05	2.4e-05	-5.93188e-17
2.8e-05	2.8e-05	1.36718e-16
2.8e-05	3.2e-05	1.61564e-16
2.8e-05	3.6e-05	3.48443e-16
2.8e-05	4e-05	2.6933e-16
2.8e-05	4.4e-05	1.67658e-16
2.8e-05	4.8e-05	3.39631e-17
2.8e-05	5.2e-05	-1.20281e-18
2.8e-05	5.6e-05	1.58078e-16
2.8e-05	6e-05	1.36072e-16
2.8e-05	6.4e-05	-1.16819e-16
2.8e-05	6.8e-05	2.13715e-16
2.8e-05	7.2e-05	3.52676e-17
2.8e-05	7.6e-05	1.59822e-16
3.2e-05	-8e-05	3.70453e-17
3.2e-05	-7.6e-05	1.18066e-16
3.2e-05	-7.2e-05	-2.95471e-17
3.2e-05	-6.8e-05	7.64646e-17
3.2e-05	-6.4e-05	3.66576e-16
3.2e-05	-6e-05	-5.27428e-16
3.2e-05	-5.6e-05	-1.03522e-16
3.2e-05	-5.2e-05	4.11128e-16
3.2e-05	-4.8e-05	2.91615e-16
3.2e-05	-4.4e-05	3.69948e-16
3.2e-05	-4e-05	9.12483e-17
3.2e-05	-3.6e-05	1.52161e-16
3.2e-05	-3.2e-05	4.36615e-17
3.2e-05	-2.8e-05	2.87195e-16
3.2e-05	-2.4e-05	9.6716e-17
3.2e-05	-2e-05	3.75497e-18
3.2e-05	-1.6e-05	-1.35467e-15
3.2e-05	-1.2e-05	-2.71911e-14
3.2e-05	-8e-06	-5.65425e-15
3.2e-05	-4e-06	2.73935e-14
3.2e-05	0	-9.59648e-16
3.2e-05	4e-06	-1.96629e-14
3.2e-05	8e-06	9.59189e-15
3.2e-05	1.2e-05	5.42504e-16
3.2e-05	1.6e-05	-2.63047e-16
3.2e-05	2e-05	-1.66185e-16
3.2e-05	2.4e-05	-6.29876e-17
3.2e-05	2.8e-05	-3.18649e-17
3.2e-05	3.2e-05	-4.91181e-17
3.2e-05	3.6e-05	1.92985e-16
3.2e-05	4e-05	7.20022e-17
3.2e-05	4.4e-05	-7.1862e-17
3.2e-05	4.8e-05	2.32919e-16
3.2e-05	5.2e-05	1.44793e-16
3.2e-05	5.6e-05	3.50922e-16
3.2e-05	6e-05	-7.81083e-17
3.2e-05	6.4e-05	3.49719e-16
3.2e-05	6.8e-05	1.174e-16
3.2e-05	7.2e-05	5.0641e-16
3.2e-05	7.6e-05	6.59733e-17
3.6e-05	-8e-05	4.43163e-16
3.6e-05	-7.6e-05	2.18903e-16
3.6e-05	-7.2e-05	3.6592e-16
3.6e-05	-6.8e-05	9.79986e-17
3.6e-05	-6.4e-05	4.39201e-16
3.6e-05	-6e-05	3.11111e-16
3.6e-05	-5.6e-05	6.77742e-17
3.6e-05	-5.2e-05	-1.23137e-16
3.6e-05	-4.8e-05	4.18268e-16
3.6e-05	-4.4e-05	3.33031e-16
3.6e-05	-4e-05	5.03377e-16
3.6e-05	-3.6e-05	7.19897e-17
3.6e-05	-3.2e-05	1.06532e-16
3.6e-05	-2.8e-05	-2.40986e-16
3.6e-05	-2.4e-05	-2.40587e-16
3.6e-05	-2e-05	-2.71654e-16
3.6e-05	-1.6e-05	-3.08863e-16
3.6e-05	-1.2e-05	-5.80333e-16
3.6e-05	-8e-06	-3.30252e-16
3.6e-05	-4e-06	3.28703e-16
3.6e-05	0	1.29474e-16
3.6e-05	4e-06	1.35493e-16
3.6e-05	8e-06	3.49007e-16
3.6e-05	1.2e-05	8.57756e-17
3.6e-05	1.6e-05	1.71146e-16
3.6e-05	2e-05	5.04773e-17
3.6e-05	2.4e-05	2.84541e-16
3.6e-05	2.8e-05	-5.77809e-17
3.6e-05	3.2e-05	-4.80472e-17
3.6e-05	3.6e-05	-2.16056e-16
3.6e-05	4e-05	-3.23251e-16
3.6e-05	4.4e-05	-1.26292e-16
3.6e-05	4.8e-05	-6.09405e-17
3.6e-05	5.2e-05	1.76839e-16
3.6e-05	5.6e-05	-3.06376e-16
3.6e-05	6e-05	1.65372e-16
3.6e-05	6.4e-05	-6.76858e-17
3.6e-05	6.8e-05	4.50564e-16
3.6e-05	7.2e-05	-1.88554e-16
3.6e-05	7.6e-05	2.81178e-16
4e-05	-8e-05	-1.59034e-16
4e-05	-7.6e-05	3.96092e-16
4e-05	-7.2e-05	-1.35992e-16
4e-05	-6.8e-05	5.05729e-17
4e-05	-6.4e-05	-1.95453e-16
4e-05	-6e-05	2.91834e-16
4e-05	-5.6e-05	1.0735e-16
4e-05	-5.2e-05	-2.77487e-16
4e-05	-4.8e-05	-4.29546e-16
4e-05	-4.4e-05	-1.14094e-16
4e-05	-4e-05	-1.43625e-16
4e-05	-3.6e-05	9.1496e-17
4e-05	-3.2e-05	-2.55818e-18
4e-05	-2.8e-05	-7.02074e-17
4e-05	-2.4e-05	1.39879e-16
4e-05	-2e-05	6.8808e-17
4e-05	-1.6e-05	4.37012e-16
4e-05	-1.2e-05	1.47294e-16
4e-05	-8e-06	3.84276e-16
4e-05	-4e-06	1.11524e-16
4e-05	0	-6.27278e-17
4e-05	4e-06	-2.31537e-16
4e-05	8e-06	-2.96469e-16
4e-05	1.2e-05	-2.37148e-16
4e-05	1.6e-05	-3.37679e-17
4e-05	2e-05	3.111e-16
4e-05	2.4e-05	1.89228e-18
4e-05	2.8e-05	2.10399e-16
4e-05	3.2e-05	-8.74999e-17
4e-05	3.6e-05	3.48363e-17
4e-05	4e-05	-5.43537e-17
4e-05	4.4e-05	1.84e-16
4e-05	4.8e-05	8.09891e-17
4e-05	5.2e-05	-2.50203e-16
4e-05	5.6e-05	-8.49542e-17
4e-05	6e-05	-2.73035e-16
4e-05	6.4e-05	2.53447e-16
4e-05	6.8e-05	-2.30848e-16
4e-05	7.2e-05	3.93919e-17
4e-05	7.6e-05	-3.39988e-16
4.4e-05	-8e-05	3.67954e-18
4.4e-05	-7.6e-05	-2.8185e-16
4.4e-05	-7.2e-05	1.84672e-16
4.4e-05	-6.8e-05	-2.87774e-16
4.4e-05	-6.4e-05	-1.66469e-16
4.4e-05	-6e-05	-2.2905e-16
4.4e-05	-5.6e-05	6.19373e-17
4.4e-05	-5.2e-05	1.58861e-16
4.4e-05	-4.8e-05	-2.56262e-16
4.4e-05	-4.4e-05	-1.5678e-16
4.4e-05	-4e-05	-2.54315e-16
4.4e-05	-3.6e-05	-8.12486e-17
4.4e-05	-3.2e-05	1.23417e-16
4.4e-05	-2.8e-05	2.02924e-16
4.4e-05	-2.4e-05	2.86621e-16
4.4e-05	-2e-05	3.74095e-16
4.4e-05	-1.6e-05	1.01478e-16
4.4e-05	-1.2e-05	2.57501e-16
4.4e-05	-8e-06	4.04519e-17
4.4e-05	-4e-06	-2.52626e-16
4.4e-05	0	-3.23581e-16
4.4e-05	4e-06	-3.52039e-16
4.4e-05	8e-06	-4.99649e-16
4.4e-05	1.2e-05	-1.63155e-16
4.4e-05	1.6e-05	6.50056e-17
4.4e-05	2e-05	-1.89882e-16
4.4e-05	2.4e-05	1.00912e-16
4.4e-05	2.8e-05	-1.93237e-16
4.4e-05	3.2e-05	1.36363e-16
4.4e-05	3.6e-05	7.57588e-17
4.4e-05	4e-05	1.64135e-16
4.4e-05	4.4e-05	1.92616e-16
4.4e-05	4.8e-05	-5.54309e-18
4.4e-05	5.2e-05	8.09904e-17
4.4e-05	5.6e-05	-7.06211e-17
4.4e-05	6e-05	3.5325e-16
4.4e-05	6.4e-05	2.80624e-17
4.4e-05	6.8e-05	1.24366e-16
4.4e-05	7.2e-05	-7.61806e-17
4.4e-05	7.6e-05	9.84593e-17
4.8e-05	-8e-05	-8.34891e-17
4.8e-05	-7.6e-05	6.28505e-17
4.8e-05	-7.2e-05	-1.66583e-17
4.8e-05	-6.8e-05	3.55076e-16
4.8e-05	-6.4e-05	-1.10866e-16
4.8e-05	-6e-05	-1.20181e-16
4.8e-05	-5.6e-05	3.54069e-17
4.8e-05	-5.2e-05	5.26582e-17
4.8e-05	-4.8e-05	4.84903e-16
4.8e-05	-4.4e-05	4.99779e-17
4.8e-05	-4e-05	2.42932e-16
4.8e-05	-3.6e-05	-9.32982e-18
4.8e-05	-3.2e-05	3.62156e-17
4.8e-05	-2.8e-05	4.80138e-17
4.8e-05	-2.4e-05	-1.95897e-17
4.8e-05	-2e-05	-2.48682e-16
4.8e-05	-1.6e-05	-1.32785e-16
4.8e-05	-1.2e-05	-3.2842e-16
4.8e-05	-8e-06	8.53431e-18
4.8e-05	-4e-06	-3.59548e-16
4.8e-05	0	3.71771e-17
4.8e-05	4e-06	6.03881e-17
4.8e-05	8e-06	8.2393e-17
4.8e-05	1.2e-05	1.35619e-16
4.8e-05	1.6e-05	-1.18684e-16
4.8e-05	2e-05	1.02678e-16
4.8e-05	2.4e-05	-3.36045e-16
4.8e-05	2.8e-05	-2.86596e-17
4.8e-05	3.2e-05	-4.6582e-17
4.8e-05	3.6e-05	-1.2518e-16
4.8e-05	4e-05	2.45862e-17
4.8e-05	4.4e-05	-2.43086e-16
4.8e-05	4.8e-05	1.25255e-16
4.8e-05	5.2e-05	-1.06267e-16
4.8e-05	5.6e-05	2.46704e-16
4.8e-05	6e-05	2.60801e-18
4.8e-05	6.4e-05	3.76148e-17
4.8e-05	6.8e-05	1.31047e-17
4.8e-05	7.2e-05	1.70586e-16
4.8e-05	7.6e-05	1.04299e-16
5.2e-05	-8e-05	2.39523e-16
5.2e-05	-7.6e-05	-1.16798e-16
5.2e-05	-7.2e-05	7.70406e-17
5.2e-05	-6.8e-05	1.18343e-16
5.2e-05	-6.4e-05	4.08453e-16
5.2e-05	-6e-05	-5.50887e-17
5.2e-05	-5.6e-05	4.44995e-17
5.2e-05	-5.2e-05	-4.20025e-17
5.2e-05	-4.8e-05	-3.04344e-17
5.2e-05	-4.4e-05	1.43478e-16
5.2e-05	-4e-05	-8.08486e-17
5.2e-05	-3.6e-05	7.18391e-17
5.2e-05	-3.2e-05	-2.28366e-16
5.2e-05	-2.8e-05	-2.36792e-17
5.2e-05	-2.4e-05	-3.33246e-16
5.2e-05	-2e-05	1.39519e-17
5.2e-05	-1.6e-05	-4.21388e-16
5.2e-05	-1.2e-05	1.76831e-16
5.2e-05	-8e-06	-3.54063e-16
5.2e-05	-4e-06	4.52087e-16
5.2e-05	0	-1.33016e-16
5.2e-05	4e-06	2.95866e-16
5.2e-05	8e-06	1.73119e-16
5.2e-05	1.2e-05	-5.2357e-17
5.2e-05	1.6e-05	-3.11693e-17
5.2e-05	2e-05	-7.31609e-17
5.2e-05	2.4e-05	4.59785e-17
5.2e-05	2.8e-05	-4.59777e-17
5.2e-05	3.2e-05	-1.64275e-16
5.2e-05	3.6e-05	-1.06229e-16
5.2e-05	4e-05	-2.40221e-16
5.2e-05	4.4e-05	1.5599e-17
5.2e-05	4.8e-05	-1.21295e-16
5.2e-05	5.2e-05	1.71823e-16
5.2e-05	5.6e-05	-1.59567e-16
5.2e-05	6e-05	-1.94983e-17
5.2e-05	6.4e-05	-1.46876e-16
5.2e-05	6.8e-05	1.399e-16
5.2e-05	7.2e-05	-2.03779e-16
5.2e-05	7.6e-05	7.69224e-17
5.6e-05	-8e-05	-1.66048e-16
5.6e-05	-7.6e-05	5.38556e-17
5.6e-05	-7.2e-05	-3.41105e-16
5.6e-05	-6.8e-05	-7.38282e-17
5.6e-05	-6.4e-05	-1.21428e-16
5.6e-05	-6e-05	1.86242e-16
5.6e-05	-5.6e-05	-2.58841e-16
5.6e-05	-5.2e-05	1.66073e-17
5.6e-05	-4.8e-05	-2.34778e-16
5.6e-05	-4.4e-05	-1.33117e-16
5.6e-05	-4e-05	-1.34465e-16
5.6e-05	-3.6e-05	-2.99342e-16
5.6e-05	-3.2e-05	7.66927e-17
5.6e-05	-2.8e-05	-3.68002e-16
5.6e-05	-2.4e-05	6.17396e-18
5.6e-05	-2e-05	-1.89057e-16
5.6e-05	-1.6e-05	2.99551e-16
5.6e-05	-1.2e-05	-3.64609e-17
5.6e-05	-8e-06	3.07528e-16
5.6e-05	-4e-06	-6.43761e-17
5.6e-05	0	1.66029e-16
5.6e-05	4e-06	-6.96839e-17
5.6e-05	8e-06	6.36485e-17
5.6e-05	1.2e-05	-5.26805e-17
5.6e-05	1.6e-05	1.32789e-16
5.6e-05	2e-05	-5.35848e-17
5.6e-05	2.4e-05	3.11339e-16
5.6e-05	2.8e-05	-1.00267e-16
5.6e-05	3.2e-05	7.58785e-17
5.6e-05	3.6e-05	-1.20676e-16
5.6e-05	4e-05	8.16659e-17
5.6e-05	4.4e-05	-3.88908e-17
5.6e-05	4.8e-05	-5.41411e-17
5.6e-05	5.2e-05	-9.22966e-17
5.6e-05	5.6e-05	-8.1277e-17
5.6e-05	6e-05	-1.8399e-16
5.6e-05	6.4e-05	4.81383e-17
5.6e-05	6.8e-05	-9.27792e-17
5.6e-05	7.2e-05	-5.01988e-17
5.6e-05	7.6e-05	-1.91785e-16
6e-05	-8e-05	-5.5103e-17
6e-05	-7.6e-05	-1.43239e-16
6e-05	-7.2e-05	-3.59405e-18
6e-05	-6.8e-05	-3.23984e-16
6e-05	-6.4e-05	-8.32028e-17
6e-05	-6e-05	-1.36838e-16
6e-05	-5.6e-05	-2.55054e-17
6e-05	-5.2e-05	-1.34655e-16
6e-05	-4.8e-05	-1.07551e-16
6e-05	-4.4e-05	-1.50752e-16
6e-05	-4e-05	-1.54983e-16
6e-05	-3.6e-05	-1.2325e-16
6e-05	-3.2e-05	-1.61245e-16
6e-05	-2.8e-05	-8.43441e-17
6e-05	-2.4e-05	-8.16833e-17
6e-05	-2e-05	-2.54622e-16
6e-05	-1.6e-05	1.3253e-16
6e-05	-1.2e-05	-1.96308e-16
6e-05	-8e-06	2.90142e-16
6e-05	-4e-06	-1.93765e-16
6e-05	0	3.08525e-16
6e-05	4e-06	1.18747e-16
6e-05	8e-06	9.66008e-17
6e-05	1.2e-05	4.33392e-16
6e-05	1.6e-05	-1.14773e-16
6e-05	2e-05	4.61083e-16
6e-05	2.4e-05	-3.36914e-16
6e-05	2.8e-05	3.68604e-16
6e-05	3.2e-05	-2.69154e-16
6e-05	3.6e-05	2.86128e-16
6e-05	4e-05	-1.22928e-16
6e-05	4.4e-05	1.54277e-16
6e-05	4.8e-05	-1.62048e-16
6e-05	5.2e-05	-4.50058e-18
6e-05	5.6e-05	-2.18401e-16
6e-05	6e-05	-2.17036e-17
6e-05	6.4e-05	-7.33586e-17
6e-05	6.8e-05	-6.37532e-17
6e-05	7.2e-05	-1.53674e-16
6e-05	7.6e-05	-4.92641e-17
6.4e-05	-8e-05	-1.24967e-16
6.4e-05	-7.6e-05	-4.15905e-17
6.4e-05	-7.2e-05	-8.14114e-17
6.4e-05	-6.8e-05	-1.48406e-17
6.4e-05	-6.4e-05	-2.68449e-16
6.4e-05	-6e-05	-4.33236e-17
6.4e-05	-5.6e-05	-2.05265e-16
6.4e-05	-5.2e-05	1.85857e-17
6.4e-05	-4.8e-05	-1.2222e-16
6.4e-05	-4.4e-05	1.23868e-16
6.4e-05	-4e-05	-2.06707e-16
6.4e-05	-3.6e-05	1.31539e-16
6.4e-05	-3.2e-05	-2.48766e-16
6.4e-05	-2.8e-05	3.29222e-16
6.4e-05	-2.4e-05	-3.91223e-16
6.4e-05	-2e-05	4.17e-16
6.4e-05	-1.6e-05	-4.0414e-16
6.4e-05	-1.2e-05	4.37387e-16
6.4e-05	-8e-06	-3.66442e-16
6.4e-05	-4e-06	5.70383e-16
6.4e-05	0	5.57783e-17
6.4e-05	4e-06	2.82975e-16
6.4e-05	8e-06	3.30579e-16
6.4e-05	1.2e-05	-7.01467e-17
6.4e-05	1.6e-05	4.39128e-16
6.4e-05	2e-05	-3.07025e-16
6.4e-05	2.4e-05	4.24464e-16
6.4e-05	2.8e-05	-2.16399e-16
6.4e-05	3.2e-05	4.34005e-16
6.4e-05	3.6e-05	-2.6954e-16
6.4e-05	4e-05	3.17882e-16
6.4e-05	4.4e-05	-3.36965e-16
6.4e-05	4.8e-05	1.85851e-16
6.4e-05	5.2e-05	-2.81917e-16
6.4e-05	5.6e-05	1.92694e-16
6.4e-05	6e-05	-2.71907e-16
6.4e-05	6.4e-05	1.21942e-16
6.4e-05	6.8e-05	-2.8502e-16
6.4e-05	7.2e-05	8.44431e-17
6.4e-05	7.6e-05	-2.42065e-16
6.8e-05	-8e-05	1.42757e-16
6.8e-05	-7.6e-05	-2.03337e-16
6.8e-05	-7.2e-05	1.3516e-16
6.8e-05	-6.8e-05	-2.1716e-16
6.8e-05	-6.4e-05	1.7698e-16
6.8e-05	-6e-05	-3.38787e-16
6.8e-05	-5.6e-05	1.85665e-16
6.8e-05	-5.2e-05	-4.63416e-16
6.8e-05	-4.8e-05	3.60787e-16
6.8e-05	-4.4e-05	-5.06922e-16
6.8e-05	-4e-05	3.95296e-16
6.8e-05	-3.6e-05	-4.94326e-16
6.8e-05	-3.2e-05	5.8097e-16
6.8e-05	-2.8e-05	-4.64275e-16
6.8e-05	-2.4e-05	6.32395e-16
6.8e-05	-2e-05	-4.3661e-16
6.8e-05	-1.6e-05	5.68408e-16
6.8e-05	-1.2e-05	-3.0733e-16
6.8e-05	-8e-06	4.45907e-16
6.8e-05	-4e-06	-1.29185e-16
6.8e-05	0	2.18105e-16
6.8e-05	4e-06	7.954e-17
6.8e-05	8e-06	-5.87235e-17
6.8e-05	1.2e-05	1.94885e-16
6.8e-05	1.6e-05	-1.72356e-16
6.8e-05	2e-05	2.8426e-16
6.8e-05	2.4e-05	-2.03881e-16
6.8e-05	2.8e-05	4.94313e-16
6.8e-05	3.2e-05	-2.30011e-16
6.8e-05	3.6e-05	4.72691e-16
6.8e-05	4e-05	-2.91269e-16
6.8e-05	4.4e-05	4.76253e-16
6.8e-05	4.8e-05	-3.73744e-16
6.8e-05	5.2e-05	5.84491e-16
6.8e-05	5.6e-05	-3.76962e-16
6.8e-05	6e-05	4.4165e-16
6.8e-05	6.4e-05	-4.39001e-16
6.8e-05	6.8e-05	3.21143e-16
6.8e-05	7.2e-05	-3.45114e-16
6.8e-05	7.6e-05	3.58547e-16
7.2e-05	-8e-05	-3.02762e-16
7.2e-05	-7.6e-05	2.9238e-16
7.2e-05	-7.2e-05	-2.79008e-16
7.2e-05	-6.8e-05	3.32416e-16
7.2e-05	-6.4e-05	-1.92275e-16
7.2e-05	-6e-05	3.69656e-16
7.2e-05	-5.6e-05	-3.30776e-16
7.2e-05	-5.2e-05	4.29412e-16
7.2e-05	-4.8e-05	-4.16977e-16
7.2e-05	-4.4e-05	5.76684e-16
7.2e-05	-4e-05	-4.65287e-16
7.2e-05	-3.6e-05	5.81135e-16
7.2e-05	-3.2e-05	-4.63021e-16
7.2e-05	-2.8e-05	5.76899e-16
7.2e-05	-2.4e-05	-3.79655e-16
7.2e-05	-2e-05	5.51545e-16
7.2e-05	-1.6e-05	-1.94656e-16
7.2e-05	-1.2e-05	4.45707e-16
7.2e-05	-8e-06	-1.78339e-16
7.2e-05	-4e-06	1.42387e-16
7.2e-05	0	-1.85922e-16
7.2e-05	4e-06	-1.83721e-16
7.2e-05	8e-06	-1.69625e-16
7.2e-05	1.2e-05	-1.24839e-16
7.2e-05	1.6e-05	4.71263e-17
7.2e-05	2e-05	-9.26712e-17
7.2e-05	2.4e-05	2.40121e-16
7.2e-05	2.8e-05	-7.70023e-17
7.2e-05	3.2e-05	2.58762e-16
7.2e-05	3.6e-05	-2.03101e-16
7.2e-05	4e-05	3.79136e-16
7.2e-05	4.4e-05	-3.28828e-16
7.2e-05	4.8e-05	5.82737e-16
7.2e-05	5.2e-05	-3.55057e-16
7.2e-05	5.6e-05	5.54272e-16
7.2e-05	6e-05	-4.10848e-16
7.2e-05	6.4e-05	5.7473e-16
7.2e-05	6.8e-05	-3.34624e-16
7.2e-05	7.2e-05	5.29949e-16
7.2e-05	7.6e-05	-2.7848e-16
7.6e-05	-8e-05	3.46318e-16
7.6e-05	-7.6e-05	-1.43854e-16
7.6e-05	-7.2e-05	2.71543e-16
7.6e-05	-6.8e-05	-1.68579e-16
7.6e-05	-6.4e-05	2.81488e-16
7.6e-05	-6e-05	-1.09656e-16
7.6e-05	-5.6e-05	3.40801e-16
7.6e-05	-5.2e-05	-1.55715e-16
7.6e-05	-4.8e-05	3.69647e-16
7.6e-05	-4.4e-05	-1.89805e-16
7.6e-05	-4e-05	4.72859e-16
7.6e-05	-3.6e-05	-2.3818e-16
7.6e-05	-3.2e-05	4.39726e-16
7.6e-05	-2.8e-05	-1.46167e-16
7.6e-05	-2.4e-05	2.97648e-16
7.6e-05	-2e-05	-1.87923e-16
7.6e-05	-1.6e-05	2.11919e-16
7.6e-05	-1.2e-05	-1.79755e-16
7.6e-05	-8e-06	6.80292e-17
7.6e-05	-4e-06	-1.71642e-16
7.6e-05	0	-8.39612e-17
7.6e-05	4e-06	-1.15907e-16
7.6e-05	8e-06	-9.91064e-17
7.6e-05	1.2e-05	-1.26996e-17
7.6e-05	1.6e-05	-3.69609e-17
7.6e-05	2e-05	1.04385e-16
7.6e-05	2.4e-05	-7.7788e-17
7.6e-05	2.8e-05	8.43938e-17
7.6e-05	3.2e-05	-1.10016e-16
7.6e-05	3.6e-05	1.64252e-16
7.6e-05	4e-05	-1.69697e-16
7.6e-05	4.4e-05	3.05051e-16
7.6e-05	4.8e-05	-1.83593e-16
7.6e-05	5.2e-05	3.46873e-16
7.6e-05	5.6e-05	-1.33369e-16
7.6e-05	6e-05	3.97532e-16
7.6e-05	6.4e-05	-1.85382e-16
7.6e-05	6.8e-05	3.84878e-16
7.6e-05	7.2e-05	-1.44214e-16
7.6e-05	7.6e-05	2.57438e-16
