-8e-05	-8e-05	7.8914e-16
-8e-05	-7.6e-05	-4.54249e-16
-8e-05	-7.2e-05	-6.41e-16
-8e-05	-6.8e-05	6.66906e-16
-8e-05	-6.4e-05	-1.39642e-15
-8e-05	-6e-05	1.38258e-15
-8e-05	-5.6e-05	8.68461e-16
-8e-05	-5.2e-05	-1.82888e-15
-8e-05	-4.8e-05	-3.74582e-16
-8e-05	-4.4e-05	4.07158e-16
-8e-05	-4e-05	3.85907e-16
-8e-05	-3.6e-05	2.11074e-16
-8e-05	-3.2e-05	5.62191e-17
-8e-05	-2.8e-05	-2.03842e-16
-8e-05	-2.4e-05	8.25586e-17
-8e-05	-2e-05	3.84757e-17
-8e-05	-1.6e-05	-1.48549e-16
-8e-05	-1.2e-05	-2.44526e-16
-8e-05	-8e-06	-2.68049e-18
-8e-05	-4e-06	-4.74285e-17
-8e-05	0	-2.16124e-17
-8e-05	4e-06	-1.07894e-16
-8e-05	8e-06	-1.52407e-16
-8e-05	1.2e-05	1.49244e-17
-8e-05	1.6e-05	-2.10967e-16
-8e-05	2e-05	2.9452e-20
-8e-05	2.4e-05	5.74685e-17
-8e-05	2.8e-05	1.56559e-18
-8e-05	3.2e-05	-7.09718e-18
-8e-05	3.6e-05	-3.69939e-17
-8e-05	4e-05	1.17986e-16
-8e-05	4.4e-05	3.32341e-17
-8e-05	4.8e-05	1.73106e-17
-8e-05	5.2e-05	1.36149e-16
-8e-05	5.6e-05	9.12496e-17
-8e-05	6e-05	1.12411e-15
-8e-05	6.4e-05	1.44446e-17
-8e-05	6.8e-05	-1.95487e-15
-8e-05	7.2e-05	4.42075e-16
-8e-05	7.6e-05	2.29095e-16
-7.6e-05	-8e-05	1.57473e-16
-7.6e-05	-7.6e-05	-2.63286e-15
-7.6e-05	-7.2e-05	5.40589e-16
-7.6e-05	-6.8e-05	3.08965e-16
-7.6e-05	-6.4e-05	4.11843e-16
-7.6e-05	-6e-05	1.05848e-17
-7.6e-05	-5.6e-05	-2.69644e-17
-7.6e-05	-5.2e-05	-1.2586e-15
-7.6e-05	-4.8e-05	4.02226e-16
-7.6e-05	-4.4e-05	-1.91194e-15
-7.6e-05	-4e-05	-6.19023e-16
-7.6e-05	-3.6e-05	-7.46541e-16
-7.6e-05	-3.2e-05	5.51673e-16
-7.6e-05	-2.8e-05	4.51243e-16
-7.6e-05	-2.4e-05	-5.1253e-16
-7.6e-05	-2e-05	-2.27092e-16
-7.6e-05	-1.6e-05	-2.00363e-16
-7.6e-05	-1.2e-05	6.37937e-15
-7.6e-05	-8e-06	1.52043e-15
-7.6e-05	-4e-06	3.54735e-15
-7.6e-05	0	4.44714e-16
-7.6e-05	4e-06	-2.01274e-15
-7.6e-05	8e-06	2.14921e-15
-7.6e-05	1.2e-05	1.50046e-16
-7.6e-05	1.6e-05	4.82329e-16
-7.6e-05	2e-05	-2.32759e-16
-7.6e-05	2.4e-05	-5.38231e-16
-7.6e-05	2.8e-05	-1.18717e-15
-7.6e-05	3.2e-05	-1.15226e-15
-7.6e-05	3.6e-05	8.71581e-16
-7.6e-05	4e-05	-3.13181e-16
-7.6e-05	4.4e-05	4.19079e-17
-7.6e-05	4.8e-05	-3.1415e-16
-7.6e-05	5.2e-05	2.12242e-16
-7.6e-05	5.6e-05	-2.57351e-16
-7.6e-05	6e-05	-3.97268e-17
-7.6e-05	6.4e-05	-2.46508e-16
-7.6e-05	6.8e-05	1.40818e-16
-7.6e-05	7.2e-05	7.69069e-17
-7.6e-05	7.6e-05	6.16309e-16
-7.2e-05	-8e-05	3.10445e-16
-7.2e-05	-7.6e-05	-8.28005e-16
-7.2e-05	-7.2e-05	-7.75432e-16
-7.2e-05	-6.8e-05	-2.73973e-15
-7.2e-05	-6.4e-05	-9.57882e-16
-7.2e-05	-6e-05	3.97036e-15
-7.2e-05	-5.6e-05	-5.5562e-16
-7.2e-05	-5.2e-05	-1.03319e-15
-7.2e-05	-4.8e-05	2.83659e-16
-7.2e-05	-4.4e-05	-1.59148e-16
-7.2e-05	-4e-05	-1.10714e-16
-7.2e-05	-3.6e-05	1.20458e-16
-7.2e-05	-3.2e-05	2.89477e-16
-7.2e-05	-2.8e-05	-5.3513e-17
-7.2e-05	-2.4e-05	-9.68215e-17
-7.2e-05	-2e-05	-8.83839e-17
-7.2e-05	-1.6e-05	9.64624e-17
-7.2e-05	-1.2e-05	-4.39203e-17
-7.2e-05	-8e-06	4.25388e-17
-7.2e-05	-4e-06	-1.19522e-16
-7.2e-05	0	7.26118e-17
-7.2e-05	4e-06	1.57312e-17
-7.2e-05	8e-06	-4.37462e-17
-7.2e-05	1.2e-05	1.10876e-17
-7.2e-05	1.6e-05	1.36157e-16
-7.2e-05	2e-05	-4.54958e-17
-7.2e-05	2.4e-05	-2.23665e-16
-7.2e-05	2.8e-05	-3.00704e-16
-7.2e-05	3.2e-05	5.42597e-17
-7.2e-05	3.6e-05	1.40101e-16
-7.2e-05	4e-05	7.39826e-17
-7.2e-05	4.4e-05	1.0871e-16
-7.2e-05	4.8e-05	9.87524e-17
-7.2e-05	5.2e-05	1.72832e-16
-7.2e-05	5.6e-05	-1.19136e-16
-7.2e-05	6e-05	-2.90451e-16
-7.2e-05	6.4e-05	-8.56716e-17
-7.2e-05	6.8e-05	2.70794e-16
-7.2e-05	7.2e-05	1.77731e-16
-7.2e-05	7.6e-05	-1.69389e-16
-6.8e-05	-8e-05	3.68875e-16
-6.8e-05	-7.6e-05	-2.9592e-16
-6.8e-05	-7.2e-05	3.0761e-16
-6.8e-05	-6.8e-05	8.01588e-16
-6.8e-05	-6.4e-05	1.38481e-17
-6.8e-05	-6e-05	-1.039e-15
-6.8e-05	-5.6e-05	-2.60145e-16
-6.8e-05	-5.2e-05	2.62059e-16
-6.8e-05	-4.8e-05	-1.67194e-16
-6.8e-05	-4.4e-05	3.76535e-16
-6.8e-05	-4e-05	2.85242e-16
-6.8e-05	-3.6e-05	2.82079e-16
-6.8e-05	-3.2e-05	1.09947e-16
-6.8e-05	-2.8e-05	-7.85673e-17
-6.8e-05	-2.4e-05	-1.56942e-16
-6.8e-05	-2e-05	-2.2005e-16
-6.8e-05	-1.6e-05	-1.29223e-17
-6.8e-05	-1.2e-05	1.75976e-17
-6.8e-05	-8e-06	-1.67602e-16
-6.8e-05	-4e-06	-2.92656e-17
-6.8e-05	0	-4.12931e-17
-6.8e-05	4e-06	-6.71028e-17
-6.8e-05	8e-06	4.23565e-17
-6.8e-05	1.2e-05	-5.98151e-17
-6.8e-05	1.6e-05	1.43921e-16
-6.8e-05	2e-05	1.34896e-17
-6.8e-05	2.4e-05	6.21966e-17
-6.8e-05	2.8e-05	-3.26182e-16
-6.8e-05	3.2e-05	-2.57102e-16
-6.8e-05	3.6e-05	-5.5189e-17
-6.8e-05	4e-05	1.27654e-16
-6.8e-05	4.4e-05	7.27737e-17
-6.8e-05	4.8e-05	3.10561e-16
-6.8e-05	5.2e-05	6.99491e-17
-6.8e-05	5.6e-05	2.25352e-16
-6.8e-05	6e-05	-2.43956e-16
-6.8e-05	6.4e-05	-5.42538e-16
-6.8e-05	6.8e-05	-1.23583e-16
-6.8e-05	7.2e-05	-1.87635e-16
-6.8e-05	7.6e-05	5.99589e-17
-6.4e-05	-8e-05	-1.48233e-16
-6.4e-05	-7.6e-05	9.24225e-17
-6.4e-05	-7.2e-05	-2.32921e-16
-6.4e-05	-6.8e-05	-1.93949e-16
-6.4e-05	-6.4e-05	-1.35249e-15
-6.4e-05	-6e-05	-5.67149e-16
-6.4e-05	-5.6e-05	4.2141e-16
-6.4e-05	-5.2e-05	5.56579e-17
-6.4e-05	-4.8e-05	6.978e-16
-6.4e-05	-4.4e-05	1.17486e-16
-6.4e-05	-4e-05	6.18171e-17
-6.4e-05	-3.6e-05	2.3033e-16
-6.4e-05	-3.2e-05	-7.10183e-17
-6.4e-05	-2.8e-05	-1.38403e-16
-6.4e-05	-2.4e-05	-2.9753e-16
-6.4e-05	-2e-05	-6.40794e-17
-6.4e-05	-1.6e-05	2.39991e-17
-6.4e-05	-1.2e-05	-1.71885e-16
-6.4e-05	-8e-06	-1.51288e-16
-6.4e-05	-4e-06	-3.05917e-16
-6.4e-05	0	-3.57265e-17
-6.4e-05	4e-06	-8.44462e-17
-6.4e-05	8e-06	-2.83238e-16
-6.4e-05	1.2e-05	8.02313e-17
-6.4e-05	1.6e-05	-1.49919e-16
-6.4e-05	2e-05	2.3934e-16
-6.4e-05	2.4e-05	-1.61895e-17
-6.4e-05	2.8e-05	4.67491e-17
-6.4e-05	3.2e-05	2.94524e-17
-6.4e-05	3.6e-05	1.29832e-18
-6.4e-05	4e-05	-1.20281e-16
-6.4e-05	4.4e-05	2.63775e-16
-6.4e-05	4.8e-05	1.29716e-16
-6.4e-05	5.2e-05	3.30059e-16
-6.4e-05	5.6e-05	3.89303e-17
-6.4e-05	6e-05	4.15342e-16
-6.4e-05	6.4e-05	-1.13497e-16
-6.4e-05	6.8e-05	-3.30216e-16
-6.4e-05	7.2e-05	-3.13083e-16
-6.4e-05	7.6e-05	-4.7739e-16
-6e-05	-8e-05	-3.9498e-16
-6e-05	-7.6e-05	-5.46252e-16
-6e-05	-7.2e-05	-4.22234e-16
-6e-05	-6.8e-05	-7.67499e-16
-6e-05	-6.4e-05	-4.71522e-16
-6e-05	-6e-05	6.87129e-16
-6e-05	-5.6e-05	2.71636e-16
-6e-05	-5.2e-05	5.33701e-16
-6e-05	-4.8e-05	-2.43645e-16
-6e-05	-4.4e-05	-6.85215e-17
-6e-05	-4e-05	4.20957e-16
-6e-05	-3.6e-05	2.98921e-16
-6e-05	-3.2e-05	1.399e-17
-6e-05	-2.8e-05	-2.99472e-16
-6e-05	-2.4e-05	-9.98619e-17
-6e-05	-2e-05	-1.96892e-17
-6e-05	-1.6e-05	-1.24287e-17
-6e-05	-1.2e-05	1.66066e-16
-6e-05	-8e-06	-2.7687e-16
-6e-05	-4e-06	-1.25395e-17
-6e-05	0	-1.21628e-16
-6e-05	4e-06	-2.30847e-16
-6e-05	8e-06	-1.32858e-16
-6e-05	1.2e-05	-3.05758e-16
-6e-05	1.6e-05	-2.04972e-16
-6e-05	2e-05	-3.01302e-16
-6e-05	2.4e-05	1.00135e-16
-6e-05	2.8e-05	-2.65653e-17
-6e-05	3.2e-05	1.75944e-16
-6e-05	3.6e-05	2.07565e-16
-6e-05	4e-05	-1.43549e-16
-6e-05	4.4e-05	3.25312e-16
-6e-05	4.8e-05	3.30803e-16
-6e-05	5.2e-05	-1.5803e-16
-6e-05	5.6e-05	2.36847e-16
-6e-05	6e-05	1.51115e-16
-6e-05	6.4e-05	4.42111e-16
-6e-05	6.8e-05	4.02933e-17
-6e-05	7.2e-05	-1.76841e-17
-6e-05	7.6e-05	-1.14551e-16
-5.6e-05	-8e-05	-1.39156e-16
-5.6e-05	-7.6e-05	-1.26222e-16
-5.6e-05	-7.2e-05	-8.80804e-17
-5.6e-05	-6.8e-05	-5.42479e-17
-5.6e-05	-6.4e-05	5.64551e-16
-5.6e-05	-6e-05	3.25554e-16
-5.6e-05	-5.6e-05	4.9032e-16
-5.6e-05	-5.2e-05	-6.06019e-16
-5.6e-05	-4.8e-05	3.30182e-16
-5.6e-05	-4.4e-05	4.25741e-16
-5.6e-05	-4e-05	1.31799e-16
-5.6e-05	-3.6e-05	1.8677e-16
-5.6e-05	-3.2e-05	-4.24211e-17
-5.6e-05	-2.8e-05	-8.5583e-17
-5.6e-05	-2.4e-05	-4.35298e-17
-5.6e-05	-2e-05	1.63764e-16
-5.6e-05	-1.6e-05	3.8415e-16
-5.6e-05	-1.2e-05	-1.56103e-16
-5.6e-05	-8e-06	2.33822e-17
-5.6e-05	-4e-06	-7.9064e-17
-5.6e-05	0	2.31063e-16
-5.6e-05	4e-06	1.1076e-16
-5.6e-05	8e-06	-1.57083e-16
-5.6e-05	1.2e-05	-9.60734e-17
-5.6e-05	1.6e-05	-3.99351e-16
-5.6e-05	2e-05	-7.36501e-17
-5.6e-05	2.4e-05	-4.7885e-16
-5.6e-05	2.8e-05	-3.13468e-16
-5.6e-05	3.2e-05	-8.61317e-17
-5.6e-05	3.6e-05	2.18204e-16
-5.6e-05	4e-05	3.78826e-16
-5.6e-05	4.4e-05	-1.51093e-16
-5.6e-05	4.8e-05	3.29041e-16
-5.6e-05	5.2e-05	4.79807e-16
-5.6e-05	5.6e-05	-2.31894e-16
-5.6e-05	6e-05	5.71403e-16
-5.6e-05	6.4e-05	1.56215e-16
-5.6e-05	6.8e-05	6.85907e-16
-5.6e-05	7.2e-05	4.18055e-18
-5.6e-05	7.6e-05	6.53813e-16
-5.2e-05	-8e-05	5.62778e-17
-5.2e-05	-7.6e-05	6.05103e-16
-5.2e-05	-7.2e-05	-1.68476e-17
-5.2e-05	-6.8e-05	7.94423e-16
-5.2e-05	-6.4e-05	-2.68592e-17
-5.2e-05	-6e-05	9.17241e-16
-5.2e-05	-5.6e-05	-4.2362e-16
-5.2e-05	-5.2e-05	3.83734e-16
-5.2e-05	-4.8e-05	5.14231e-16
-5.2e-05	-4.4e-05	-3.31623e-16
-5.2e-05	-4e-05	4.19331e-16
-5.2e-05	-3.6e-05	3.63611e-16
-5.2e-05	-3.2e-05	1.96414e-17
-5.2e-05	-2.8e-05	-9.49913e-17
-5.2e-05	-2.4e-05	-3.70114e-17
-5.2e-05	-2e-05	2.72288e-16
-5.2e-05	-1.6e-05	-1.8921e-16
-5.2e-05	-1.2e-05	1.54276e-16
-5.2e-05	-8e-06	-3.39204e-16
-5.2e-05	-4e-06	4.2203e-16
-5.2e-05	0	1.33184e-16
-5.2e-05	4e-06	1.49502e-16
-5.2e-05	8e-06	3.31885e-16
-5.2e-05	1.2e-05	1.56016e-16
-5.2e-05	1.6e-05	3.92242e-16
-5.2e-05	2e-05	-2.6647e-16
-5.2e-05	2.4e-05	6.11708e-17
-5.2e-05	2.8e-05	-4.57027e-16
-5.2e-05	3.2e-05	-4.7046e-16
-5.2e-05	3.6e-05	-1.99018e-16
-5.2e-05	4e-05	4.74783e-16
-5.2e-05	4.4e-05	3.84928e-16
-5.2e-05	4.8e-05	-9.05102e-17
-5.2e-05	5.2e-05	9.67437e-17
-5.2e-05	5.6e-05	9.57386e-17
-5.2e-05	6e-05	3.43919e-17
-5.2e-05	6.4e-05	6.3133e-16
-5.2e-05	6.8e-05	4.08018e-17
-5.2e-05	7.2e-05	7.28284e-16
-5.2e-05	7.6e-05	-7.22678e-17
-4.8e-05	-8e-05	9.71418e-16
-4.8e-05	-7.6e-05	-9.55939e-17
-4.8e-05	-7.2e-05	9.55278e-16
-4.8e-05	-6.8e-05	-1.27821e-16
-4.8e-05	-6.4e-05	7.75602e-16
-4.8e-05	-6e-05	-1.21092e-17
-4.8e-05	-5.6e-05	1.81491e-16
-4.8e-05	-5.2e-05	5.3308e-16
-4.8e-05	-4.8e-05	-5.261e-16
-4.8e-05	-4.4e-05	3.68071e-16
-4.8e-05	-4e-05	9.74878e-16
-4.8e-05	-3.6e-05	-1.47373e-16
-4.8e-05	-3.2e-05	-4.40627e-16
-4.8e-05	-2.8e-05	-1.00586e-16
-4.8e-05	-2.4e-05	3.12015e-17
-4.8e-05	-2e-05	1.31646e-16
-4.8e-05	-1.6e-05	2.9786e-16
-4.8e-05	-1.2e-05	-2.5446e-16
-4.8e-05	-8e-06	6.8425e-17
-4.8e-05	-4e-06	1.37669e-16
-4.8e-05	0	1.42734e-16
-4.8e-05	4e-06	1.85397e-16
-4.8e-05	8e-06	2.95565e-16
-4.8e-05	1.2e-05	2.49113e-16
-4.8e-05	1.6e-05	3.75626e-17
-4.8e-05	2e-05	4.60307e-16
-4.8e-05	2.4e-05	5.21867e-17
-4.8e-05	2.8e-05	3.76429e-16
-4.8e-05	3.2e-05	-3.32468e-16
-4.8e-05	3.6e-05	-7.12704e-16
-4.8e-05	4e-05	8.18795e-17
-4.8e-05	4.4e-05	5.7799e-16
-4.8e-05	4.8e-05	1.68672e-16
-4.8e-05	5.2e-05	1.29747e-16
-4.8e-05	5.6e-05	3.44227e-16
-4.8e-05	6e-05	1.31053e-16
-4.8e-05	6.4e-05	4.15741e-16
-4.8e-05	6.8e-05	2.17765e-16
-4.8e-05	7.2e-05	2.82174e-16
-4.8e-05	7.6e-05	4.52645e-16
-4.4e-05	-8e-05	1.83927e-16
-4.4e-05	-7.6e-05	5.03867e-16
-4.4e-05	-7.2e-05	1.53359e-16
-4.4e-05	-6.8e-05	3.26477e-16
-4.4e-05	-6.4e-05	4.85631e-16
-4.4e-05	-6e-05	8.05246e-17
-4.4e-05	-5.6e-05	6.11144e-16
-4.4e-05	-5.2e-05	8.45035e-17
-4.4e-05	-4.8e-05	3.6098e-16
-4.4e-05	-4.4e-05	9.66685e-16
-4.4e-05	-4e-05	-4.23895e-17
-4.4e-05	-3.6e-05	-7.93991e-16
-4.4e-05	-3.2e-05	-9.57094e-17
-4.4e-05	-2.8e-05	1.9125e-16
-4.4e-05	-2.4e-05	1.30031e-16
-4.4e-05	-2e-05	1.6674e-16
-4.4e-05	-1.6e-05	-3.13259e-16
-4.4e-05	-1.2e-05	-9.14578e-17
-4.4e-05	-8e-06	5.66893e-17
-4.4e-05	-4e-06	3.60903e-16
-4.4e-05	0	1.78367e-16
-4.4e-05	4e-06	-1.51118e-16
-4.4e-05	8e-06	4.49137e-16
-4.4e-05	1.2e-05	3.11279e-16
-4.4e-05	1.6e-05	2.89217e-16
-4.4e-05	2e-05	7.45273e-17
-4.4e-05	2.4e-05	2.96584e-16
-4.4e-05	2.8e-05	-5.08523e-17
-4.4e-05	3.2e-05	4.35353e-16
-4.4e-05	3.6e-05	-3.96216e-16
-4.4e-05	4e-05	-4.43384e-16
-4.4e-05	4.4e-05	1.49646e-16
-4.4e-05	4.8e-05	2.01597e-16
-4.4e-05	5.2e-05	-7.86057e-17
-4.4e-05	5.6e-05	2.64155e-16
-4.4e-05	6e-05	3.57153e-16
-4.4e-05	6.4e-05	4.595e-16
-4.4e-05	6.8e-05	6.80196e-16
-4.4e-05	7.2e-05	4.33816e-16
-4.4e-05	7.6e-05	5.25441e-16
-4e-05	-8e-05	5.23114e-16
-4e-05	-7.6e-05	7.24643e-16
-4e-05	-7.2e-05	5.6532e-16
-4e-05	-6.8e-05	7.64208e-16
-4e-05	-6.4e-05	4.44516e-16
-4e-05	-6e-05	5.71853e-16
-4e-05	-5.6e-05	6.50899e-16
-4e-05	-5.2e-05	1.63528e-16
-4e-05	-4.8e-05	3.92505e-16
-4e-05	-4.4e-05	-8.43306e-17
-4e-05	-4e-05	-7.52709e-16
-4e-05	-3.6e-05	-5.32889e-17
-4e-05	-3.2e-05	3.65835e-16
-4e-05	-2.8e-05	9.89174e-18
-4e-05	-2.4e-05	2.37568e-16
-4e-05	-2e-05	1.00162e-17
-4e-05	-1.6e-05	1.10145e-16
-4e-05	-1.2e-05	-2.43118e-16
-4e-05	-8e-06	4.40668e-16
-4e-05	-4e-06	8.78636e-17
-4e-05	0	-2.38925e-16
-4e-05	4e-06	-1.00215e-16
-4e-05	8e-06	3.86758e-17
-4e-05	1.2e-05	1.41345e-16
-4e-05	1.6e-05	-4.13423e-16
-4e-05	2e-05	5.03191e-16
-4e-05	2.4e-05	3.79474e-16
-4e-05	2.8e-05	2.88592e-16
-4e-05	3.2e-05	4.11914e-17
-4e-05	3.6e-05	1.41852e-16
-4e-05	4e-05	-1.54934e-16
-4e-05	4.4e-05	5.71944e-17
-4e-05	4.8e-05	2.22844e-17
-4e-05	5.2e-05	-3.3209e-16
-4e-05	5.6e-05	-2.64613e-16
-4e-05	6e-05	3.81621e-16
-4e-05	6.4e-05	2.88557e-16
-4e-05	6.8e-05	4.38474e-16
-4e-05	7.2e-05	3.85758e-16
-4e-05	7.6e-05	4.92759e-16
-3.6e-05	-8e-05	4.53185e-16
-3.6e-05	-7.6e-05	5.85279e-16
-3.6e-05	-7.2e-05	3.48151e-16
-3.6e-05	-6.8e-05	6.30217e-16
-3.6e-05	-6.4e-05	3.39382e-16
-3.6e-05	-6e-05	3.42809e-16
-3.6e-05	-5.6e-05	7.99807e-17
-3.6e-05	-5.2e-05	-5.51006e-17
-3.6e-05	-4.8e-05	-1.9676e-16
-3.6e-05	-4.4e-05	-5.23457e-16
-3.6e-05	-4e-05	-2.00081e-16
-3.6e-05	-3.6e-05	2.68682e-16
-3.6e-05	-3.2e-05	2.53177e-17
-3.6e-05	-2.8e-05	2.3536e-16
-3.6e-05	-2.4e-05	1.64569e-16
-3.6e-05	-2e-05	3.90189e-16
-3.6e-05	-1.6e-05	1.02378e-16
-3.6e-05	-1.2e-05	7.8936e-15
-3.6e-05	-8e-06	4.44917e-17
-3.6e-05	-4e-06	-1.27041e-14
-3.6e-05	0	-1.14641e-14
-3.6e-05	4e-06	2.96653e-15
-3.6e-05	8e-06	9.32476e-15
-3.6e-05	1.2e-05	3.27585e-17
-3.6e-05	1.6e-05	1.65198e-16
-3.6e-05	2e-05	-3.90872e-16
-3.6e-05	2.4e-05	3.721e-16
-3.6e-05	2.8e-05	3.27885e-16
-3.6e-05	3.2e-05	4.53311e-16
-3.6e-05	3.6e-05	7.01315e-17
-3.6e-05	4e-05	1.61467e-16
-3.6e-05	4.4e-05	8.77772e-17
-3.6e-05	4.8e-05	-1.52983e-16
-3.6e-05	5.2e-05	-4.40586e-16
-3.6e-05	5.6e-05	-2.05093e-16
-3.6e-05	6e-05	-5.10915e-17
-3.6e-05	6.4e-05	1.46219e-16
-3.6e-05	6.8e-05	3.7162e-17
-3.6e-05	7.2e-05	2.50733e-16
-3.6e-05	7.6e-05	4.89322e-16
-3.2e-05	-8e-05	3.71752e-16
-3.2e-05	-7.6e-05	2.1028e-16
-3.2e-05	-7.2e-05	4.12047e-16
-3.2e-05	-6.8e-05	1.89412e-16
-3.2e-05	-6.4e-05	8.7286e-18
-3.2e-05	-6e-05	-1.18845e-16
-3.2e-05	-5.6e-05	-1.58252e-16
-3.2e-05	-5.2e-05	-3.53969e-17
-3.2e-05	-4.8e-05	-2.46597e-16
-3.2e-05	-4.4e-05	-4.75943e-17
-3.2e-05	-4e-05	3.11603e-16
-3.2e-05	-3.6e-05	-9.97134e-18
-3.2e-05	-3.2e-05	3.05898e-16
-3.2e-05	-2.8e-05	1.16506e-16
-3.2e-05	-2.4e-05	4.7125e-16
-3.2e-05	-2e-05	7.79053e-16
-3.2e-05	-1.6e-05	4.69425e-14
-3.2e-05	-1.2e-05	1.18616e-12
-3.2e-05	-8e-06	8.34016e-15
-3.2e-05	-4e-06	-1.9195e-12
-3.2e-05	0	-1.69516e-12
-3.2e-05	4e-06	4.52818e-13
-3.2e-05	8e-06	1.3987e-12
-3.2e-05	1.2e-05	5.53022e-14
-3.2e-05	1.6e-05	1.04978e-15
-3.2e-05	2e-05	1.94536e-16
-3.2e-05	2.4e-05	-2.14753e-16
-3.2e-05	2.8e-05	1.95191e-16
-3.2e-05	3.2e-05	2.10073e-16
-3.2e-05	3.6e-05	4.48094e-16
-3.2e-05	4e-05	8.21322e-17
-3.2e-05	4.4e-05	2.50219e-16
-3.2e-05	4.8e-05	-3.31409e-16
-3.2e-05	5.2e-05	-1.9803e-16
-3.2e-05	5.6e-05	-1.37628e-16
-3.2e-05	6e-05	1.06478e-16
-3.2e-05	6.4e-05	-4.92458e-17
-3.2e-05	6.8e-05	-3.14849e-17
-3.2e-05	7.2e-05	-1.47391e-16
-3.2e-05	7.6e-05	9.30128e-17
-2.8e-05	-8e-05	1.00722e-16
-2.8e-05	-7.6e-05	1.9475e-16
-2.8e-05	-7.2e-05	-4.46749e-17
-2.8e-05	-6.8e-05	-4.06623e-18
-2.8e-05	-6.4e-05	-3.07565e-16
-2.8e-05	-6e-05	-1.99705e-16
-2.8e-05	-5.6e-05	1.19215e-17
-2.8e-05	-5.2e-05	1.17872e-16
-2.8e-05	-4.8e-05	-1.53626e-16
-2.8e-05	-4.4e-05	1.42505e-16
-2.8e-05	-4e-05	-5.06771e-17
-2.8e-05	-3.6e-05	3.09504e-16
-2.8e-05	-3.2e-05	1.23422e-16
-2.8e-05	-2.8e-05	4.63929e-16
-2.8e-05	-2.4e-05	1.57655e-15
-2.8e-05	-2e-05	1.18164e-13
-2.8e-05	-1.6e-05	5.94575e-12
-2.8e-05	-1.2e-05	1.79161e-10
-2.8e-05	-8e-06	1.95527e-12
-2.8e-05	-4e-06	-2.88325e-10
-2.8e-05	0	-2.54598e-10
-2.8e-05	4e-06	6.87131e-11
-2.8e-05	8e-06	2.10762e-10
-2.8e-05	1.2e-05	6.96261e-12
-2.8e-05	1.6e-05	1.38517e-13
-2.8e-05	2e-05	1.86878e-15
-2.8e-05	2.4e-05	-8.53869e-17
-2.8e-05	2.8e-05	-2.53051e-17
-2.8e-05	3.2e-05	2.23741e-16
-2.8e-05	3.6e-05	3.13265e-16
-2.8e-05	4e-05	4.81222e-16
-2.8e-05	4.4e-05	-1.53129e-16
-2.8e-05	4.8e-05	3.38199e-17
-2.8e-05	5.2e-05	-2.4834e-16
-2.8e-05	5.6e-05	1.48269e-16
-2.8e-05	6e-05	2.84977e-16
-2.8e-05	6.4e-05	1.16825e-16
-2.8e-05	6.8e-05	-1.557e-16
-2.8e-05	7.2e-05	-1.30264e-16
-2.8e-05	7.6e-05	-1.16636e-18
-2.4e-05	-8e-05	1.38583e-16
-2.4e-05	-7.6e-05	-1.70339e-16
-2.4e-05	-7.2e-05	-5.60611e-17
-2.4e-05	-6.8e-05	-9.91453e-18
-2.4e-05	-6.4e-05	-9.18839e-17
-2.4e-05	-6e-05	-2.28776e-17
-2.4e-05	-5.6e-05	2.81309e-16
-2.4e-05	-5.2e-05	2.77198e-16
-2.4e-05	-4.8e-05	2.72438e-16
-2.4e-05	-4.4e-05	-3.79259e-17
-2.4e-05	-4e-05	3.36063e-16
-2.4e-05	-3.6e-05	-4.81115e-17
-2.4e-05	-3.2e-05	4.65695e-16
-2.4e-05	-2.8e-05	1.65733e-15
-2.4e-05	-2.4e-05	1.58539e-13
-2.4e-05	-2e-05	1.19406e-11
-2.4e-05	-1.6e-05	7.18974e-10
-2.4e-05	-1.2e-05	2.7059e-08
-2.4e-05	-8e-06	4.04554e-10
-2.4e-05	-4e-06	-4.33063e-08
-2.4e-05	0	-3.82441e-08
-2.4e-05	4e-06	1.04247e-08
-2.4e-05	8e-06	3.17655e-08
-2.4e-05	1.2e-05	8.40987e-10
-2.4e-05	1.6e-05	1.39479e-11
-2.4e-05	2e-05	1.85164e-13
-2.4e-05	2.4e-05	1.93276e-15
-2.4e-05	2.8e-05	8.96208e-17
-2.4e-05	3.2e-05	3.35136e-17
-2.4e-05	3.6e-05	4.31009e-16
-2.4e-05	4e-05	3.20406e-17
-2.4e-05	4.4e-05	1.11233e-16
-2.4e-05	4.8e-05	-5.56674e-16
-2.4e-05	5.2e-05	3.93573e-16
-2.4e-05	5.6e-05	5.99739e-17
-2.4e-05	6e-05	2.57087e-16
-2.4e-05	6.4e-05	-6.63162e-17
-2.4e-05	6.8e-05	3.62892e-16
-2.4e-05	7.2e-05	1.20532e-16
-2.4e-05	7.6e-05	2.66669e-16
-2e-05	-8e-05	1.11557e-16
-2e-05	-7.6e-05	3.79689e-16
-2e-05	-7.2e-05	1.4901e-16
-2e-05	-6.8e-05	3.63767e-16
-2e-05	-6.4e-05	4.40937e-17
-2e-05	-6e-05	4.88931e-16
-2e-05	-5.6e-05	2.5751e-16
-2e-05	-5.2e-05	9.23698e-16
-2e-05	-4.8e-05	-4.99042e-17
-2e-05	-4.4e-05	3.33728e-16
-2e-05	-4e-05	-6.70782e-16
-2e-05	-3.6e-05	2.2629e-16
-2e-05	-3.2e-05	8.33751e-16
-2e-05	-2.8e-05	1.19739e-13
-2e-05	-2.4e-05	1.20257e-11
-2e-05	-2e-05	1.0848e-09
-2e-05	-1.6e-05	8.1548e-08
-2e-05	-1.2e-05	4.08686e-06
-2e-05	-8e-06	7.73667e-08
-2e-05	-4e-06	-6.50473e-06
-2e-05	0	-5.7449e-06
-2e-05	4e-06	1.58141e-06
-2e-05	8e-06	4.78775e-06
-2e-05	1.2e-05	9.52726e-08
-2e-05	1.6e-05	1.26595e-09
-2e-05	2e-05	1.40243e-11
-2e-05	2.4e-05	1.40112e-13
-2e-05	2.8e-05	1.448e-15
-2e-05	3.2e-05	4.82113e-17
-2e-05	3.6e-05	4.47327e-16
-2e-05	4e-05	6.56836e-17
-2e-05	4.4e-05	-7.13578e-16
-2e-05	4.8e-05	-4.50922e-17
-2e-05	5.2e-05	-3.88211e-16
-2e-05	5.6e-05	5.00918e-16
-2e-05	6e-05	4.59588e-17
-2e-05	6.4e-05	6.22035e-16
-2e-05	6.8e-05	-2.19411e-16
-2e-05	7.2e-05	7.68871e-16
-2e-05	7.6e-05	2.36918e-16
-1.6e-05	-8e-05	6.77402e-16
-1.6e-05	-7.6e-05	1.02325e-16
-1.6e-05	-7.2e-05	7.58821e-16
-1.6e-05	-6.8e-05	2.84462e-17
-1.6e-05	-6.4e-05	6.45188e-16
-1.6e-05	-6e-05	-8.34346e-17
-1.6e-05	-5.6e-05	5.73573e-16
-1.6e-05	-5.2e-05	-1.37373e-17
-1.6e-05	-4.8e-05	3.93091e-16
-1.6e-05	-4.4e-05	-6.14366e-16
-1.6e-05	-4e-05	-2.64738e-16
-1.6e-05	-3.6e-05	-9.42212e-17
-1.6e-05	-3.2e-05	4.86931e-14
-1.6e-05	-2.8e-05	6.09915e-12
-1.6e-05	-2.4e-05	7.31802e-10
-1.6e-05	-2e-05	8.23234e-08
-1.6e-05	-1.6e-05	8.23186e-06
-1.6e-05	-1.2e-05	0.000617269
-1.6e-05	-8e-06	1.41063e-05
-1.6e-05	-4e-06	-0.000977044
-1.6e-05	0	-0.000862996
-1.6e-05	4e-06	0.000239871
-1.6e-05	8e-06	0.00072164
-1.6e-05	1.2e-05	9.60423e-06
-1.6e-05	1.6e-05	9.59628e-08
-1.6e-05	2e-05	8.52533e-10
-1.6e-05	2.4e-05	7.10141e-12
-1.6e-05	2.8e-05	5.71895e-14
-1.6e-05	3.2e-05	8.96487e-16
-1.6e-05	3.6e-05	5.34894e-16
-1.6e-05	4e-05	-2.4763e-16
-1.6e-05	4.4e-05	-3.78947e-16
-1.6e-05	4.8e-05	-7.24436e-16
-1.6e-05	5.2e-05	1.43762e-16
-1.6e-05	5.6e-05	-6.55223e-17
-1.6e-05	6e-05	8.45847e-17
-1.6e-05	6.4e-05	-3.11256e-16
-1.6e-05	6.8e-05	4.57398e-16
-1.6e-05	7.2e-05	-2.9847e-16
-1.6e-05	7.6e-05	5.22412e-16
-1.2e-05	-8e-05	-2.95769e-16
-1.2e-05	-7.6e-05	4.46965e-16
-1.2e-05	-7.2e-05	-1.84583e-16
-1.2e-05	-6.8e-05	2.95405e-16
-1.2e-05	-6.4e-05	-4.65124e-16
-1.2e-05	-6e-05	1.04322e-16
-1.2e-05	-5.6e-05	-2.53601e-16
-1.2e-05	-5.2e-05	1.99362e-16
-1.2e-05	-4.8e-05	-3.33225e-16
-1.2e-05	-4.4e-05	-1.88826e-16
-1.2e-05	-4e-05	-5.08807e-16
-1.2e-05	-3.6e-05	8.79291e-15
-1.2e-05	-3.2e-05	1.27195e-12
-1.2e-05	-2.8e-05	1.89454e-10
-1.2e-05	-2.4e-05	2.82213e-08
-1.2e-05	-2e-05	4.204e-06
-1.2e-05	-1.6e-05	0.000626263
-1.2e-05	-1.2e-05	0.0932325
-1.2e-05	-8e-06	0.00249092
-1.2e-05	-4e-06	-0.14676
-1.2e-05	0	-0.129641
-1.2e-05	4e-06	0.0363803
-1.2e-05	8e-06	0.108773
-1.2e-05	1.2e-05	0.000729207
-1.2e-05	1.6e-05	4.892e-06
-1.2e-05	2e-05	3.28196e-08
-1.2e-05	2.4e-05	2.20186e-10
-1.2e-05	2.8e-05	1.47781e-12
-1.2e-05	3.2e-05	1.01932e-14
-1.2e-05	3.6e-05	4.59139e-16
-1.2e-05	4e-05	9.27959e-17
-1.2e-05	4.4e-05	-5.77017e-16
-1.2e-05	4.8e-05	2.18561e-16
-1.2e-05	5.2e-05	-4.50093e-17
-1.2e-05	5.6e-05	4.43147e-17
-1.2e-05	6e-05	-2.45361e-16
-1.2e-05	6.4e-05	2.20336e-16
-1.2e-05	6.8e-05	-5.68774e-16
-1.2e-05	7.2e-05	2.70255e-16
-1.2e-05	7.6e-05	-4.3461e-16
-8e-06	-8e-05	1.627e-16
-8e-06	-7.6e-05	-5.18704e-16
-8e-06	-7.2e-05	2.21351e-16
-8e-06	-6.8e-05	-4.91659e-16
-8e-06	-6.4e-05	1.31342e-16
-8e-06	-6e-05	-5.46524e-16
-8e-06	-5.6e-05	3.43981e-16
-8e-06	-5.2e-05	-6.35428e-17
-8e-06	-4.8e-05	5.06337e-16
-8e-06	-4.4e-05	-3.74625e-18
-8e-06	-4e-05	3.21433e-16
-8e-06	-3.6e-05	1.78595e-14
-8e-06	-3.2e-05	2.64432e-12
-8e-06	-2.8e-05	3.94489e-10
-8e-06	-2.4e-05	5.88517e-08
-8e-06	-2e-05	8.77972e-06
-8e-06	-1.6e-05	0.00130979
-8e-06	-1.2e-05	0.195328
-8e-06	-8e-06	0.059109
-8e-06	-4e-06	-0.201587
-8e-06	0	-0.180014
-8e-06	4e-06	0.102361
-8e-06	8e-06	0.217546
-8e-06	1.2e-05	0.00145722
-8e-06	1.6e-05	9.76316e-06
-8e-06	2e-05	6.54119e-08
-8e-06	2.4e-05	4.38251e-10
-8e-06	2.8e-05	2.93608e-12
-8e-06	3.2e-05	2.01138e-14
-8e-06	3.6e-05	2.92008e-16
-8e-06	4e-05	-3.61372e-16
-8e-06	4.4e-05	-1.06895e-16
-8e-06	4.8e-05	1.33388e-17
-8e-06	5.2e-05	6.10307e-16
-8e-06	5.6e-05	1.26721e-16
-8e-06	6e-05	3.32027e-16
-8e-06	6.4e-05	-3.96375e-16
-8e-06	6.8e-05	7.52663e-16
-8e-06	7.2e-05	-7.93847e-17
-8e-06	7.6e-05	5.45597e-16
-4e-06	-8e-05	-1.86984e-16
-4e-06	-7.6e-05	4.72932e-16
-4e-06	-7.2e-05	-1.79564e-16
-4e-06	-6.8e-05	5.1902e-16
-4e-06	-6.4e-05	-2.23864e-16
-4e-06	-6e-05	4.94165e-16
-4e-06	-5.6e-05	1.36947e-16
-4e-06	-5.2e-05	6.61709e-16
-4e-06	-4.8e-05	3.33521e-16
-4e-06	-4.4e-05	2.72089e-16
-4e-06	-4e-05	1.72052e-16
-4e-06	-3.6e-05	2.4818e-14
-4e-06	-3.2e-05	3.72913e-12
-4e-06	-2.8e-05	5.5687e-10
-4e-06	-2.4e-05	8.31582e-08
-4e-06	-2e-05	1.24182e-05
-4e-06	-1.6e-05	0.00185444
-4e-06	-1.2e-05	0.276873
-4e-06	-8e-06	0.136565
-4e-06	-4e-06	-0.185227
-4e-06	0	-0.175558
-4e-06	4e-06	0.156055
-4e-06	8e-06	0.287231
-4e-06	1.2e-05	0.00192319
-4e-06	1.6e-05	1.28768e-05
-4e-06	2e-05	8.62169e-08
-4e-06	2.4e-05	5.77271e-10
-4e-06	2.8e-05	3.86548e-12
-4e-06	3.2e-05	2.59248e-14
-4e-06	3.6e-05	2.23334e-16
-4e-06	4e-05	-3.57732e-16
-4e-06	4.4e-05	-2.78008e-16
-4e-06	4.8e-05	1.50445e-16
-4e-06	5.2e-05	3.78052e-16
-4e-06	5.6e-05	-6.52243e-17
-4e-06	6e-05	-7.74455e-17
-4e-06	6.4e-05	4.3599e-16
-4e-06	6.8e-05	-4.80553e-17
-4e-06	7.2e-05	4.14173e-16
-4e-06	7.6e-05	-6.07555e-17
0	-8e-05	3.53682e-16
0	-7.6e-05	-4.87179e-17
0	-7.2e-05	3.97624e-16
0	-6.8e-05	-7.61956e-17
0	-6.4e-05	2.68562e-16
0	-6e-05	-1.33998e-16
0	-5.6e-05	1.48868e-16
0	-5.2e-05	1.33017e-16
0	-4.8e-05	5.03217e-17
0	-4.4e-05	1.89946e-16
0	-4e-05	-1.25472e-16
0	-3.6e-05	2.57926e-14
0	-3.2e-05	3.86498e-12
0	-2.8e-05	5.77271e-10
0	-2.4e-05	8.62169e-08
0	-2e-05	1.28768e-05
0	-1.6e-05	0.00192319
0	-1.2e-05	0.287231
0	-8e-06	0.156055
0	-4e-06	-0.175558
0	0	-0.185227
0	4e-06	0.136565
0	8e-06	0.276873
0	1.2e-05	0.00185444
0	1.6e-05	1.24182e-05
0	2e-05	8.31582e-08
0	2.4e-05	5.5687e-10
0	2.8e-05	3.72909e-12
0	3.2e-05	2.51018e-14
0	3.6e-05	2.27287e-16
0	4e-05	-2.16117e-16
0	4.4e-05	1.6716e-16
0	4.8e-05	4.04859e-16
0	5.2e-05	-1.36156e-16
0	5.6e-05	1.05616e-16
0	6e-05	8.87517e-17
0	6.4e-05	-6.41644e-17
0	6.8e-05	2.24654e-16
0	7.2e-05	1.61863e-16
0	7.6e-05	-5.12531e-17
4e-06	-8e-05	-6.33806e-17
4e-06	-7.6e-05	-1.1749e-17
4e-06	-7.2e-05	-1.22504e-17
4e-06	-6.8e-05	-9.00865e-17
4e-06	-6.4e-05	-4.99996e-17
4e-06	-6e-05	-5.62832e-17
4e-06	-5.6e-05	8.58778e-17
4e-06	-5.2e-05	9.39567e-17
4e-06	-4.8e-05	2.65267e-16
4e-06	-4.4e-05	1.12585e-16
4e-06	-4e-05	2.44534e-16
4e-06	-3.6e-05	1.97792e-14
4e-06	-3.2e-05	2.93639e-12
4e-06	-2.8e-05	4.38251e-10
4e-06	-2.4e-05	6.54119e-08
4e-06	-2e-05	9.76316e-06
4e-06	-1.6e-05	0.00145722
4e-06	-1.2e-05	0.217546
4e-06	-8e-06	0.102361
4e-06	-4e-06	-0.180014
4e-06	0	-0.201587
4e-06	4e-06	0.059109
4e-06	8e-06	0.195328
4e-06	1.2e-05	0.00130979
4e-06	1.6e-05	8.77972e-06
4e-06	2e-05	5.88517e-08
4e-06	2.4e-05	3.94489e-10
4e-06	2.8e-05	2.64427e-12
4e-06	3.2e-05	1.76248e-14
4e-06	3.6e-05	-1.09034e-16
4e-06	4e-05	-2.61876e-17
4e-06	4.4e-05	2.29851e-16
4e-06	4.8e-05	4.36254e-16
4e-06	5.2e-05	3.12895e-17
4e-06	5.6e-05	-2.92339e-17
4e-06	6e-05	1.47786e-16
4e-06	6.4e-05	3.89329e-16
4e-06	6.8e-05	6.27386e-17
4e-06	7.2e-05	1.28619e-16
4e-06	7.6e-05	1.52978e-16
8e-06	-8e-05	1.13589e-16
8e-06	-7.6e-05	9.25042e-18
8e-06	-7.2e-05	1.91576e-16
8e-06	-6.8e-05	2.72227e-16
8e-06	-6.4e-05	9.54604e-17
8e-06	-6e-05	1.4572e-17
8e-06	-5.6e-05	2.4039e-16
8e-06	-5.2e-05	2.20022e-16
8e-06	-4.8e-05	3.61203e-16
8e-06	-4.4e-05	2.37222e-16
8e-06	-4e-05	2.06219e-16
8e-06	-3.6e-05	1.00962e-14
8e-06	-3.2e-05	1.47717e-12
8e-06	-2.8e-05	2.20186e-10
8e-06	-2.4e-05	3.28196e-08
8e-06	-2e-05	4.892e-06
8e-06	-1.6e-05	0.000729207
8e-06	-1.2e-05	0.108773
8e-06	-8e-06	0.0363803
8e-06	-4e-06	-0.129641
8e-06	0	-0.14676
8e-06	4e-06	0.00249092
8e-06	8e-06	0.0932325
8e-06	1.2e-05	0.000626263
8e-06	1.6e-05	4.204e-06
8e-06	2e-05	2.82213e-08
8e-06	2.4e-05	1.89453e-10
8e-06	2.8e-05	1.27155e-12
8e-06	3.2e-05	8.50895e-15
8e-06	3.6e-05	-1.62982e-16
8e-06	4e-05	2.14241e-16
8e-06	4.4e-05	1.45618e-16
8e-06	4.8e-05	1.49933e-16
8e-06	5.2e-05	-1.38637e-16
8e-06	5.6e-05	-6.25205e-17
8e-06	6e-05	3.0146e-16
8e-06	6.4e-05	1.00494e-16
8e-06	6.8e-05	2.74438e-16
8e-06	7.2e-05	1.34314e-16
8e-06	7.6e-05	2.47261e-16
1.2e-05	-8e-05	3.63098e-17
1.2e-05	-7.6e-05	1.98856e-16
1.2e-05	-7.2e-05	-3.40962e-17
1.2e-05	-6.8e-05	1.91655e-16
1.2e-05	-6.4e-05	1.63499e-17
1.2e-05	-6e-05	3.28479e-17
1.2e-05	-5.6e-05	8.47041e-17
1.2e-05	-5.2e-05	2.87948e-16
1.2e-05	-4.8e-05	9.93323e-17
1.2e-05	-4.4e-05	-1.02119e-18
1.2e-05	-4e-05	2.36269e-16
1.2e-05	-3.6e-05	1.03148e-16
1.2e-05	-3.2e-05	5.67486e-14
1.2e-05	-2.8e-05	7.10121e-12
1.2e-05	-2.4e-05	8.52534e-10
1.2e-05	-2e-05	9.59628e-08
1.2e-05	-1.6e-05	9.60423e-06
1.2e-05	-1.2e-05	0.00072164
1.2e-05	-8e-06	0.000239871
1.2e-05	-4e-06	-0.000862996
1.2e-05	0	-0.000977044
1.2e-05	4e-06	1.41063e-05
1.2e-05	8e-06	0.000617269
1.2e-05	1.2e-05	8.23186e-06
1.2e-05	1.6e-05	8.23234e-08
1.2e-05	2e-05	7.31801e-10
1.2e-05	2.4e-05	6.09873e-12
1.2e-05	2.8e-05	4.859e-14
1.2e-05	3.2e-05	4.86765e-16
1.2e-05	3.6e-05	1.49971e-16
1.2e-05	4e-05	1.58974e-16
1.2e-05	4.4e-05	2.70961e-16
1.2e-05	4.8e-05	-4.00794e-16
1.2e-05	5.2e-05	-3.99998e-17
1.2e-05	5.6e-05	-1.17011e-17
1.2e-05	6e-05	1.20943e-16
1.2e-05	6.4e-05	-2.87529e-17
1.2e-05	6.8e-05	1.71029e-16
1.2e-05	7.2e-05	-5.57988e-17
1.2e-05	7.6e-05	1.25232e-16
1.6e-05	-8e-05	-2.87787e-17
1.6e-05	-7.6e-05	3.71899e-17
1.6e-05	-7.2e-05	4.21286e-18
1.6e-05	-6.8e-05	1.16676e-16
1.6e-05	-6.4e-05	-2.15379e-16
1.6e-05	-6e-05	1.10964e-17
1.6e-05	-5.6e-05	-2.90721e-16
1.6e-05	-5.2e-05	3.34139e-16
1.6e-05	-4.8e-05	3.07465e-18
1.6e-05	-4.4e-05	3.57616e-16
1.6e-05	-4e-05	-4.66413e-17
1.6e-05	-3.6e-05	4.76635e-16
1.6e-05	-3.2e-05	9.11647e-16
1.6e-05	-2.8e-05	1.3957e-13
1.6e-05	-2.4e-05	1.40242e-11
1.6e-05	-2e-05	1.26595e-09
1.6e-05	-1.6e-05	9.52726e-08
1.6e-05	-1.2e-05	4.78775e-06
1.6e-05	-8e-06	1.58141e-06
1.6e-05	-4e-06	-5.7449e-06
1.6e-05	0	-6.50473e-06
1.6e-05	4e-06	7.73667e-08
1.6e-05	8e-06	4.08686e-06
1.6e-05	1.2e-05	8.1548e-08
1.6e-05	1.6e-05	1.0848e-09
1.6e-05	2e-05	1.20256e-11
1.6e-05	2.4e-05	1.19896e-13
1.6e-05	2.8e-05	1.37116e-15
1.6e-05	3.2e-05	-1.84473e-17
1.6e-05	3.6e-05	4.47783e-16
1.6e-05	4e-05	3.91532e-17
1.6e-05	4.4e-05	-1.78024e-17
1.6e-05	4.8e-05	-1.80229e-16
1.6e-05	5.2e-05	-1.62146e-16
1.6e-05	5.6e-05	4.66979e-17
1.6e-05	6e-05	7.73156e-18
1.6e-05	6.4e-05	1.78587e-16
1.6e-05	6.8e-05	-1.83269e-16
1.6e-05	7.2e-05	1.98051e-16
1.6e-05	7.6e-05	-2.00778e-16
2e-05	-8e-05	2.01724e-16
2e-05	-7.6e-05	-1.9183e-16
2e-05	-7.2e-05	1.00164e-16
2e-05	-6.8e-05	-1.56984e-16
2e-05	-6.4e-05	2.44358e-16
2e-05	-6e-05	-3.63761e-16
2e-05	-5.6e-05	-5.76125e-17
2e-05	-5.2e-05	-1.79665e-16
2e-05	-4.8e-05	5.32744e-17
2e-05	-4.4e-05	3.74272e-16
2e-05	-4e-05	6.39465e-17
2e-05	-3.6e-05	2.17953e-17
2e-05	-3.2e-05	-4.47189e-17
2e-05	-2.8e-05	2.14395e-15
2e-05	-2.4e-05	1.84823e-13
2e-05	-2e-05	1.39478e-11
2e-05	-1.6e-05	8.40987e-10
2e-05	-1.2e-05	3.17655e-08
2e-05	-8e-06	1.04247e-08
2e-05	-4e-06	-3.82441e-08
2e-05	0	-4.33063e-08
2e-05	4e-06	4.04554e-10
2e-05	8e-06	2.7059e-08
2e-05	1.2e-05	7.18974e-10
2e-05	1.6e-05	1.19409e-11
2e-05	2e-05	1.58865e-13
2e-05	2.4e-05	2.04355e-15
2e-05	2.8e-05	9.89288e-17
2e-05	3.2e-05	4.46275e-16
2e-05	3.6e-05	-1.63578e-17
2e-05	4e-05	1.51894e-16
2e-05	4.4e-05	-4.29521e-16
2e-05	4.8e-05	-4.47614e-17
2e-05	5.2e-05	-1.83676e-16
2e-05	5.6e-05	3.7213e-16
2e-05	6e-05	-9.62705e-17
2e-05	6.4e-05	-1.16034e-16
2e-05	6.8e-05	-7.58596e-17
2e-05	7.2e-05	2.5041e-18
2e-05	7.6e-05	-1.20448e-16
2.4e-05	-8e-05	-5.57798e-17
2.4e-05	-7.6e-05	-1.3066e-16
2.4e-05	-7.2e-05	-7.17995e-17
2.4e-05	-6.8e-05	-2.0254e-16
2.4e-05	-6.4e-05	-9.6258e-18
2.4e-05	-6e-05	-2.18209e-16
2.4e-05	-5.6e-05	-1.75532e-16
2.4e-05	-5.2e-05	-2.70212e-16
2.4e-05	-4.8e-05	2.64152e-16
2.4e-05	-4.4e-05	-2.2502e-16
2.4e-05	-4e-05	4.89835e-16
2.4e-05	-3.6e-05	-5.34809e-17
2.4e-05	-3.2e-05	1.65675e-16
2.4e-05	-2.8e-05	2.53664e-16
2.4e-05	-2.4e-05	1.97155e-15
2.4e-05	-2e-05	1.38852e-13
2.4e-05	-1.6e-05	6.96261e-12
2.4e-05	-1.2e-05	2.10762e-10
2.4e-05	-8e-06	6.8713e-11
2.4e-05	-4e-06	-2.54598e-10
2.4e-05	0	-2.88324e-10
2.4e-05	4e-06	1.95537e-12
2.4e-05	8e-06	1.7916e-10
2.4e-05	1.2e-05	5.94597e-12
2.4e-05	1.6e-05	1.18369e-13
2.4e-05	2e-05	2.2557e-15
2.4e-05	2.4e-05	2.02619e-16
2.4e-05	2.8e-05	4.08942e-16
2.4e-05	3.2e-05	1.47579e-16
2.4e-05	3.6e-05	8.08312e-17
2.4e-05	4e-05	-1.70201e-16
2.4e-05	4.4e-05	-5.29863e-17
2.4e-05	4.8e-05	-2.36248e-16
2.4e-05	5.2e-05	4.98571e-16
2.4e-05	5.6e-05	-4.6793e-17
2.4e-05	6e-05	1.63554e-16
2.4e-05	6.4e-05	-2.04042e-16
2.4e-05	6.8e-05	2.3169e-16
2.4e-05	7.2e-05	-1.0596e-16
2.4e-05	7.6e-05	1.79209e-16
2.8e-05	-8e-05	-1.39563e-16
2.8e-05	-7.6e-05	8.69917e-17
2.8e-05	-7.2e-05	-1.97036e-16
2.8e-05	-6.8e-05	2.22644e-16
2.8e-05	-6.4e-05	-7.63561e-17
2.8e-05	-6e-05	2.27739e-16
2.8e-05	-5.6e-05	-2.93868e-16
2.8e-05	-5.2e-05	-9.37771e-17
2.8e-05	-4.8e-05	3.00827e-17
2.8e-05	-4.4e-05	3.06278e-16
2.8e-05	-4e-05	2.3458e-16
2.8e-05	-3.6e-05	4.646e-16
2.8e-05	-3.2e-05	2.09795e-17
2.8e-05	-2.8e-05	3.61857e-16
2.8e-05	-2.4e-05	1.04505e-16
2.8e-05	-2e-05	1.49092e-15
2.8e-05	-1.6e-05	5.53393e-14
2.8e-05	-1.2e-05	1.39878e-12
2.8e-05	-8e-06	4.52716e-13
2.8e-05	-4e-06	-1.69473e-12
2.8e-05	0	-1.91974e-12
2.8e-05	4e-06	8.06222e-15
2.8e-05	8e-06	1.18646e-12
2.8e-05	1.2e-05	4.71501e-14
2.8e-05	1.6e-05	1.42741e-15
2.8e-05	2e-05	1.85348e-16
2.8e-05	2.4e-05	4.70775e-16
2.8e-05	2.8e-05	1.07356e-16
2.8e-05	3.2e-05	1.87453e-16
2.8e-05	3.6e-05	-2.03242e-16
2.8e-05	4e-05	-3.11559e-17
2.8e-05	4.4e-05	-2.16515e-16
2.8e-05	4.8e-05	2.57398e-16
2.8e-05	5.2e-05	5.45103e-17
2.8e-05	5.6e-05	9.93596e-17
2.8e-05	6e-05	-1.47484e-16
2.8e-05	6.4e-05	1.05042e-16
2.8e-05	6.8e-05	-9.99968e-17
2.8e-05	7.2e-05	1.5215e-16
2.8e-05	7.6e-05	-8.42949e-17
3.2e-05	-8e-05	1.35681e-16
3.2e-05	-7.6e-05	-4.51481e-17
3.2e-05	-7.2e-05	7.3757e-17
3.2e-05	-6.8e-05	-3.24088e-16
3.2e-05	-6.4e-05	1.27398e-16
3.2e-05	-6e-05	-4.48524e-17
3.2e-05	-5.6e-05	1.45882e-16
3.2e-05	-5.2e-05	-3.5711e-16
3.2e-05	-4.8e-05	-1.98545e-16
3.2e-05	-4.4e-05	-1.4815e-16
3.2e-05	-4e-05	1.35474e-16
3.2e-05	-3.6e-05	2.08095e-16
3.2e-05	-3.2e-05	5.62818e-16
3.2e-05	-2.8e-05	1.06248e-16
3.2e-05	-2.4e-05	6.41358e-16
3.2e-05	-2e-05	1.49398e-16
3.2e-05	-1.6e-05	1.20992e-15
3.2e-05	-1.2e-05	9.56654e-15
3.2e-05	-8e-06	3.22399e-15
3.2e-05	-4e-06	-1.13711e-14
3.2e-05	0	-1.31168e-14
3.2e-05	4e-06	-3.55435e-16
3.2e-05	8e-06	7.51861e-15
3.2e-05	1.2e-05	8.07847e-17
3.2e-05	1.6e-05	5.64633e-17
3.2e-05	2e-05	2.7883e-16
3.2e-05	2.4e-05	6.37588e-17
3.2e-05	2.8e-05	2.50442e-16
3.2e-05	3.2e-05	-2.23569e-16
3.2e-05	3.6e-05	2.64509e-16
3.2e-05	4e-05	-8.57074e-17
3.2e-05	4.4e-05	3.92935e-16
3.2e-05	4.8e-05	1.16347e-16
3.2e-05	5.2e-05	1.67399e-16
3.2e-05	5.6e-05	-3.73365e-16
3.2e-05	6e-05	1.92376e-16
3.2e-05	6.4e-05	-1.35679e-16
3.2e-05	6.8e-05	2.38178e-16
3.2e-05	7.2e-05	-1.97952e-16
3.2e-05	7.6e-05	1.82215e-16
3.6e-05	-8e-05	-1.73848e-16
3.6e-05	-7.6e-05	1.10337e-16
3.6e-05	-7.2e-05	-9.34377e-17
3.6e-05	-6.8e-05	4.52355e-17
3.6e-05	-6.4e-05	-3.9318e-16
3.6e-05	-6e-05	1.71131e-16
3.6e-05	-5.6e-05	6.26774e-17
3.6e-05	-5.2e-05	1.90765e-16
3.6e-05	-4.8e-05	-4.2137e-16
3.6e-05	-4.4e-05	-8.58852e-18
3.6e-05	-4e-05	-3.5748e-16
3.6e-05	-3.6e-05	3.5749e-16
3.6e-05	-3.2e-05	2.05596e-16
3.6e-05	-2.8e-05	6.94478e-16
3.6e-05	-2.4e-05	4.1082e-16
3.6e-05	-2e-05	5.39318e-16
3.6e-05	-1.6e-05	5.6464e-16
3.6e-05	-1.2e-05	4.32625e-16
3.6e-05	-8e-06	8.83824e-17
3.6e-05	-4e-06	-4.12743e-16
3.6e-05	0	-4.70126e-16
3.6e-05	4e-06	-5.72012e-16
3.6e-05	8e-06	-4.9769e-16
3.6e-05	1.2e-05	-3.48187e-16
3.6e-05	1.6e-05	-3.16444e-16
3.6e-05	2e-05	-3.58681e-16
3.6e-05	2.4e-05	-2.71888e-16
3.6e-05	2.8e-05	-2.60701e-16
3.6e-05	3.2e-05	1.60647e-16
3.6e-05	3.6e-05	6.07267e-18
3.6e-05	4e-05	5.39488e-16
3.6e-05	4.4e-05	3.08663e-16
3.6e-05	4.8e-05	4.66531e-16
3.6e-05	5.2e-05	1.78441e-17
3.6e-05	5.6e-05	4.65738e-16
3.6e-05	6e-05	7.65939e-17
3.6e-05	6.4e-05	4.63605e-16
3.6e-05	6.8e-05	-4.37485e-17
3.6e-05	7.2e-05	4.2644e-16
3.6e-05	7.6e-05	-2.55848e-17
4e-05	-8e-05	4.06651e-16
4e-05	-7.6e-05	-2.18469e-17
4e-05	-7.2e-05	3.79297e-16
4e-05	-6.8e-05	4.73585e-17
4e-05	-6.4e-05	4.25182e-16
4e-05	-6e-05	-2.08693e-16
4e-05	-5.6e-05	5.54343e-16
4e-05	-5.2e-05	4.46794e-16
4e-05	-4.8e-05	6.13982e-16
4e-05	-4.4e-05	3.2534e-17
4e-05	-4e-05	2.99751e-16
4e-05	-3.6e-05	-8.29278e-17
4e-05	-3.2e-05	2.08718e-16
4e-05	-2.8e-05	-7.95565e-17
4e-05	-2.4e-05	-4.20378e-17
4e-05	-2e-05	-4.06197e-16
4e-05	-1.6e-05	-4.71416e-16
4e-05	-1.2e-05	-3.81446e-16
4e-05	-8e-06	-3.8302e-16
4e-05	-4e-06	-2.61087e-16
4e-05	0	-7.67219e-17
4e-05	4e-06	-9.26729e-18
4e-05	8e-06	4.64042e-17
4e-05	1.2e-05	-7.00849e-17
4e-05	1.6e-05	-1.39271e-16
4e-05	2e-05	-5.3343e-16
4e-05	2.4e-05	-4.81318e-16
4e-05	2.8e-05	-2.38228e-16
4e-05	3.2e-05	-2.04463e-16
4e-05	3.6e-05	3.82165e-17
4e-05	4e-05	-6.92721e-17
4e-05	4.4e-05	3.36342e-16
4e-05	4.8e-05	-1.55701e-16
4e-05	5.2e-05	3.26557e-16
4e-05	5.6e-05	-2.68315e-17
4e-05	6e-05	5.31373e-16
4e-05	6.4e-05	1.83195e-16
4e-05	6.8e-05	5.66588e-16
4e-05	7.2e-05	5.44673e-17
4e-05	7.6e-05	5.84844e-16
4.4e-05	-8e-05	1.81125e-16
4.4e-05	-7.6e-05	6.47287e-16
4.4e-05	-7.2e-05	1.77796e-16
4.4e-05	-6.8e-05	5.6334e-16
4.4e-05	-6.4e-05	1.79135e-16
4.4e-05	-6e-05	5.99426e-16
4.4e-05	-5.6e-05	-1.62005e-16
4.4e-05	-5.2e-05	7.06872e-16
4.4e-05	-4.8e-05	2.38935e-16
4.4e-05	-4.4e-05	2.13879e-16
4.4e-05	-4e-05	5.78241e-17
4.4e-05	-3.6e-05	-1.86139e-16
4.4e-05	-3.2e-05	-3.37225e-16
4.4e-05	-2.8e-05	-4.00619e-16
4.4e-05	-2.4e-05	-6.07025e-16
4.4e-05	-2e-05	-7.11289e-16
4.4e-05	-1.6e-05	-6.67941e-16
4.4e-05	-1.2e-05	-6.52534e-16
4.4e-05	-8e-06	-1.76377e-16
4.4e-05	-4e-06	-6.28677e-17
4.4e-05	0	5.44318e-16
4.4e-05	4e-06	5.26066e-16
4.4e-05	8e-06	6.39037e-16
4.4e-05	1.2e-05	3.4521e-16
4.4e-05	1.6e-05	-1.53731e-18
4.4e-05	2e-05	-1.66942e-16
4.4e-05	2.4e-05	-1.47881e-16
4.4e-05	2.8e-05	-2.43075e-16
4.4e-05	3.2e-05	-3.07457e-16
4.4e-05	3.6e-05	-4.26826e-16
4.4e-05	4e-05	-3.7402e-16
4.4e-05	4.4e-05	-4.41083e-16
4.4e-05	4.8e-05	-2.22403e-16
4.4e-05	5.2e-05	-2.174e-16
4.4e-05	5.6e-05	7.00793e-17
4.4e-05	6e-05	-1.94367e-16
4.4e-05	6.4e-05	1.79652e-16
4.4e-05	6.8e-05	-1.37174e-16
4.4e-05	7.2e-05	2.65817e-16
4.4e-05	7.6e-05	-1.38523e-16
4.8e-05	-8e-05	3.49946e-16
4.8e-05	-7.6e-05	4.96318e-17
4.8e-05	-7.2e-05	3.9475e-16
4.8e-05	-6.8e-05	-1.0493e-16
4.8e-05	-6.4e-05	2.19323e-17
4.8e-05	-6e-05	-2.02578e-16
4.8e-05	-5.6e-05	-1.09751e-16
4.8e-05	-5.2e-05	-6.3746e-16
4.8e-05	-4.8e-05	-1.58797e-16
4.8e-05	-4.4e-05	-4.45608e-16
4.8e-05	-4e-05	-2.9673e-16
4.8e-05	-3.6e-05	-4.05202e-16
4.8e-05	-3.2e-05	-4.86559e-16
4.8e-05	-2.8e-05	-4.63342e-16
4.8e-05	-2.4e-05	-4.95944e-16
4.8e-05	-2e-05	-3.37301e-16
4.8e-05	-1.6e-05	-2.05097e-18
4.8e-05	-1.2e-05	3.27903e-17
4.8e-05	-8e-06	2.72176e-16
4.8e-05	-4e-06	4.13518e-16
4.8e-05	0	3.94819e-16
4.8e-05	4e-06	4.54166e-16
4.8e-05	8e-06	3.47164e-16
4.8e-05	1.2e-05	1.68746e-16
4.8e-05	1.6e-05	6.28417e-17
4.8e-05	2e-05	3.54684e-16
4.8e-05	2.4e-05	1.24499e-16
4.8e-05	2.8e-05	1.06764e-16
4.8e-05	3.2e-05	-6.46113e-17
4.8e-05	3.6e-05	-2.47866e-16
4.8e-05	4e-05	-4.01767e-16
4.8e-05	4.4e-05	-3.97074e-16
4.8e-05	4.8e-05	-3.54993e-16
4.8e-05	5.2e-05	-3.9529e-16
4.8e-05	5.6e-05	-3.07659e-16
4.8e-05	6e-05	-3.16298e-16
4.8e-05	6.4e-05	-4.72002e-16
4.8e-05	6.8e-05	-2.89489e-16
4.8e-05	7.2e-05	-5.09e-16
4.8e-05	7.6e-05	-1.78552e-16
5.2e-05	-8e-05	-4.16988e-16
5.2e-05	-7.6e-05	-1.84788e-16
5.2e-05	-7.2e-05	-4.2475e-16
5.2e-05	-6.8e-05	-3.15382e-16
5.2e-05	-6.4e-05	-4.95184e-16
5.2e-05	-6e-05	-4.93869e-16
5.2e-05	-5.6e-05	-4.37385e-16
5.2e-05	-5.2e-05	-6.70043e-16
5.2e-05	-4.8e-05	-6.55691e-16
5.2e-05	-4.4e-05	-4.38494e-16
5.2e-05	-4e-05	-5.10428e-16
5.2e-05	-3.6e-05	-3.16017e-16
5.2e-05	-3.2e-05	-1.48266e-16
5.2e-05	-2.8e-05	-7.78473e-17
5.2e-05	-2.4e-05	1.94978e-16
5.2e-05	-2e-05	3.59541e-16
5.2e-05	-1.6e-05	3.87086e-16
5.2e-05	-1.2e-05	7.28757e-16
5.2e-05	-8e-06	1.65147e-16
5.2e-05	-4e-06	4.64153e-16
5.2e-05	0	-1.14735e-16
5.2e-05	4e-06	2.80411e-17
5.2e-05	8e-06	-5.90438e-17
5.2e-05	1.2e-05	-6.06482e-17
5.2e-05	1.6e-05	4.54904e-16
5.2e-05	2e-05	1.22213e-16
5.2e-05	2.4e-05	4.91995e-16
5.2e-05	2.8e-05	1.88434e-16
5.2e-05	3.2e-05	2.15762e-16
5.2e-05	3.6e-05	7.06399e-17
5.2e-05	4e-05	6.08629e-17
5.2e-05	4.4e-05	8.7386e-17
5.2e-05	4.8e-05	-9.0785e-17
5.2e-05	5.2e-05	-1.29921e-16
5.2e-05	5.6e-05	-1.55706e-16
5.2e-05	6e-05	-2.58315e-16
5.2e-05	6.4e-05	-2.0039e-16
5.2e-05	6.8e-05	-3.21985e-16
5.2e-05	7.2e-05	-3.52577e-16
5.2e-05	7.6e-05	-3.1006e-16
5.6e-05	-8e-05	-3.20957e-16
5.6e-05	-7.6e-05	-3.66306e-16
5.6e-05	-7.2e-05	-3.0805e-16
5.6e-05	-6.8e-05	-3.23847e-16
5.6e-05	-6.4e-05	-3.03972e-16
5.6e-05	-6e-05	-2.2242e-16
5.6e-05	-5.6e-05	-2.91834e-16
5.6e-05	-5.2e-05	-1.07023e-16
5.6e-05	-4.8e-05	-2.34735e-16
5.6e-05	-4.4e-05	-1.17777e-16
5.6e-05	-4e-05	2.21719e-17
5.6e-05	-3.6e-05	1.28681e-17
5.6e-05	-3.2e-05	3.15745e-16
5.6e-05	-2.8e-05	1.19238e-16
5.6e-05	-2.4e-05	4.21893e-16
5.6e-05	-2e-05	2.23184e-16
5.6e-05	-1.6e-05	5.68935e-16
5.6e-05	-1.2e-05	9.9518e-17
5.6e-05	-8e-06	3.27751e-16
5.6e-05	-4e-06	-1.45309e-16
5.6e-05	0	-4.23247e-18
5.6e-05	4e-06	-1.33255e-16
5.6e-05	8e-06	-1.00354e-16
5.6e-05	1.2e-05	9.47987e-17
5.6e-05	1.6e-05	6.10221e-17
5.6e-05	2e-05	2.10143e-16
5.6e-05	2.4e-05	1.17221e-16
5.6e-05	2.8e-05	2.59614e-16
5.6e-05	3.2e-05	1.19241e-16
5.6e-05	3.6e-05	3.44087e-16
5.6e-05	4e-05	1.54925e-16
5.6e-05	4.4e-05	3.21261e-16
5.6e-05	4.8e-05	1.32785e-16
5.6e-05	5.2e-05	2.6087e-16
5.6e-05	5.6e-05	6.35223e-17
5.6e-05	6e-05	1.76184e-16
5.6e-05	6.4e-05	1.13923e-16
5.6e-05	6.8e-05	6.57315e-17
5.6e-05	7.2e-05	-4.34814e-17
5.6e-05	7.6e-05	6.97688e-17
6e-05	-8e-05	-9.65366e-17
6e-05	-7.6e-05	3.06997e-17
6e-05	-7.2e-05	3.9297e-17
6e-05	-6.8e-05	6.35233e-17
6e-05	-6.4e-05	1.53009e-17
6e-05	-6e-05	1.02223e-16
6e-05	-5.6e-05	2.60355e-17
6e-05	-5.2e-05	2.29509e-16
6e-05	-4.8e-05	1.47497e-16
6e-05	-4.4e-05	2.85324e-16
6e-05	-4e-05	9.82479e-17
6e-05	-3.6e-05	3.70837e-16
6e-05	-3.2e-05	6.85554e-18
6e-05	-2.8e-05	3.39214e-16
6e-05	-2.4e-05	-3.14682e-17
6e-05	-2e-05	2.26335e-16
6e-05	-1.6e-05	-7.2156e-18
6e-05	-1.2e-05	3.31831e-17
6e-05	-8e-06	4.85944e-17
6e-05	-4e-06	-2.9012e-17
6e-05	0	1.76938e-16
6e-05	4e-06	1.28093e-16
6e-05	8e-06	2.08712e-16
6e-05	1.2e-05	2.61019e-16
6e-05	1.6e-05	4.48804e-17
6e-05	2e-05	2.31069e-16
6e-05	2.4e-05	-1.09983e-17
6e-05	2.8e-05	6.66767e-17
6e-05	3.2e-05	1.67555e-16
6e-05	3.6e-05	4.85737e-17
6e-05	4e-05	3.10279e-16
6e-05	4.4e-05	6.91118e-17
6e-05	4.8e-05	3.42065e-16
6e-05	5.2e-05	8.26151e-17
6e-05	5.6e-05	3.87078e-16
6e-05	6e-05	9.15285e-17
6e-05	6.4e-05	3.1509e-16
6e-05	6.8e-05	1.03523e-16
6e-05	7.2e-05	3.10403e-16
6e-05	7.6e-05	7.91908e-17
6.4e-05	-8e-05	3.28994e-16
6.4e-05	-7.6e-05	7.25887e-17
6.4e-05	-7.2e-05	3.41233e-16
6.4e-05	-6.8e-05	8.08178e-17
6.4e-05	-6.4e-05	3.19319e-16
6.4e-05	-6e-05	1.13418e-16
6.4e-05	-5.6e-05	3.60747e-16
6.4e-05	-5.2e-05	1.01506e-16
6.4e-05	-4.8e-05	3.37301e-16
6.4e-05	-4.4e-05	1.06928e-16
6.4e-05	-4e-05	2.54002e-16
6.4e-05	-3.6e-05	2.2608e-17
6.4e-05	-3.2e-05	1.81602e-16
6.4e-05	-2.8e-05	-1.39739e-17
6.4e-05	-2.4e-05	6.56295e-17
6.4e-05	-2e-05	5.13105e-17
6.4e-05	-1.6e-05	-1.1914e-16
6.4e-05	-1.2e-05	1.82918e-16
6.4e-05	-8e-06	-8.28307e-17
6.4e-05	-4e-06	3.09607e-16
6.4e-05	0	8.7549e-17
6.4e-05	4e-06	3.17386e-16
6.4e-05	8e-06	3.17501e-16
6.4e-05	1.2e-05	1.1807e-16
6.4e-05	1.6e-05	2.69315e-16
6.4e-05	2e-05	-2.74546e-17
6.4e-05	2.4e-05	1.51692e-16
6.4e-05	2.8e-05	1.26624e-16
6.4e-05	3.2e-05	9.54124e-17
6.4e-05	3.6e-05	9.18722e-17
6.4e-05	4e-05	1.21487e-16
6.4e-05	4.4e-05	1.62703e-16
6.4e-05	4.8e-05	8.18758e-17
6.4e-05	5.2e-05	2.20446e-16
6.4e-05	5.6e-05	6.74802e-17
6.4e-05	6e-05	2.54959e-16
6.4e-05	6.4e-05	5.10774e-17
6.4e-05	6.8e-05	2.65094e-16
6.4e-05	7.2e-05	8.27515e-17
6.4e-05	7.6e-05	2.7044e-16
6.8e-05	-8e-05	3.07858e-17
6.8e-05	-7.6e-05	2.09536e-16
6.8e-05	-7.2e-05	1.56149e-17
6.8e-05	-6.8e-05	2.11492e-16
6.8e-05	-6.4e-05	3.59116e-17
6.8e-05	-6e-05	2.09696e-16
6.8e-05	-5.6e-05	3.54163e-17
6.8e-05	-5.2e-05	1.4131e-16
6.8e-05	-4.8e-05	1.3558e-17
6.8e-05	-4.4e-05	5.87111e-17
6.8e-05	-4e-05	8.38436e-17
6.8e-05	-3.6e-05	-1.76208e-17
6.8e-05	-3.2e-05	1.31063e-16
6.8e-05	-2.8e-05	-9.78092e-17
6.8e-05	-2.4e-05	1.56977e-16
6.8e-05	-2e-05	-1.00658e-16
6.8e-05	-1.6e-05	2.21908e-16
6.8e-05	-1.2e-05	6.41614e-17
6.8e-05	-8e-06	3.11973e-16
6.8e-05	-4e-06	9.98243e-17
6.8e-05	0	2.56842e-16
6.8e-05	4e-06	2.02361e-16
6.8e-05	8e-06	1.61967e-16
6.8e-05	1.2e-05	2.03385e-16
6.8e-05	1.6e-05	7.11203e-17
6.8e-05	2e-05	2.12355e-16
6.8e-05	2.4e-05	1.00397e-16
6.8e-05	2.8e-05	2.02846e-16
6.8e-05	3.2e-05	-2.65213e-17
6.8e-05	3.6e-05	1.74446e-16
6.8e-05	4e-05	3.25543e-17
6.8e-05	4.4e-05	1.84321e-16
6.8e-05	4.8e-05	5.39448e-17
6.8e-05	5.2e-05	9.07017e-17
6.8e-05	5.6e-05	5.58189e-17
6.8e-05	6e-05	1.19377e-16
6.8e-05	6.4e-05	6.24651e-17
6.8e-05	6.8e-05	1.21527e-16
6.8e-05	7.2e-05	5.38692e-17
6.8e-05	7.6e-05	4.76496e-17
7.2e-05	-8e-05	-1.24756e-17
7.2e-05	-7.6e-05	1.45957e-17
7.2e-05	-7.2e-05	2.0025e-17
7.2e-05	-6.8e-05	6.13036e-17
7.2e-05	-6.4e-05	-6.10695e-17
7.2e-05	-6e-05	2.27692e-17
7.2e-05	-5.6e-05	3.15023e-18
7.2e-05	-5.2e-05	7.70395e-17
7.2e-05	-4.8e-05	-5.402e-17
7.2e-05	-4.4e-05	9.88509e-17
7.2e-05	-4e-05	-8.2357e-17
7.2e-05	-3.6e-05	2.13845e-16
7.2e-05	-3.2e-05	-7.61482e-17
7.2e-05	-2.8e-05	2.6058e-16
7.2e-05	-2.4e-05	-4.79628e-18
7.2e-05	-2e-05	2.36116e-16
7.2e-05	-1.6e-05	1.00501e-16
7.2e-05	-1.2e-05	1.54798e-16
7.2e-05	-8e-06	1.34384e-16
7.2e-05	-4e-06	1.07102e-16
7.2e-05	0	1.27128e-16
7.2e-05	4e-06	7.67674e-17
7.2e-05	8e-06	7.56744e-17
7.2e-05	1.2e-05	9.28956e-17
7.2e-05	1.6e-05	6.20647e-17
7.2e-05	2e-05	1.56619e-16
7.2e-05	2.4e-05	7.55922e-17
7.2e-05	2.8e-05	1.32594e-16
7.2e-05	3.2e-05	1.56798e-16
7.2e-05	3.6e-05	7.05039e-17
7.2e-05	4e-05	1.06706e-16
7.2e-05	4.4e-05	-3.34754e-17
7.2e-05	4.8e-05	1.9649e-16
7.2e-05	5.2e-05	-3.14401e-17
7.2e-05	5.6e-05	1.72551e-16
7.2e-05	6e-05	-5.50549e-17
7.2e-05	6.4e-05	1.97077e-16
7.2e-05	6.8e-05	-3.99657e-17
7.2e-05	7.2e-05	1.23762e-16
7.2e-05	7.6e-05	-7.90785e-17
7.6e-05	-8e-05	4.31464e-17
7.6e-05	-7.6e-05	-1.06881e-16
7.6e-05	-7.2e-05	3.62965e-17
7.6e-05	-6.8e-05	-7.72504e-17
7.6e-05	-6.4e-05	6.75136e-17
7.6e-05	-6e-05	-1.24174e-16
7.6e-05	-5.6e-05	7.06895e-17
7.6e-05	-5.2e-05	-7.81986e-17
7.6e-05	-4.8e-05	1.33794e-16
7.6e-05	-4.4e-05	-7.49721e-17
7.6e-05	-4e-05	1.31847e-16
7.6e-05	-3.6e-05	-4.5206e-17
7.6e-05	-3.2e-05	1.83552e-16
7.6e-05	-2.8e-05	1.01678e-18
7.6e-05	-2.4e-05	1.43741e-16
7.6e-05	-2e-05	1.2133e-16
7.6e-05	-1.6e-05	8.20846e-17
7.6e-05	-1.2e-05	1.20639e-16
7.6e-05	-8e-06	3.60967e-17
7.6e-05	-4e-06	1.0822e-16
7.6e-05	0	-1.25512e-19
7.6e-05	4e-06	3.85662e-17
7.6e-05	8e-06	4.33191e-17
7.6e-05	1.2e-05	4.59277e-18
7.6e-05	1.6e-05	7.95317e-17
7.6e-05	2e-05	2.02701e-17
7.6e-05	2.4e-05	1.09234e-16
7.6e-05	2.8e-05	2.85168e-17
7.6e-05	3.2e-05	8.90152e-17
7.6e-05	3.6e-05	1.01877e-16
7.6e-05	4e-05	3.70596e-17
7.6e-05	4.4e-05	1.12339e-16
7.6e-05	4.8e-05	2.49866e-17
7.6e-05	5.2e-05	1.21969e-16
7.6e-05	5.6e-05	-1.89945e-17
7.6e-05	6e-05	1.45326e-16
7.6e-05	6.4e-05	-3.26958e-17
7.6e-05	6.8e-05	1.17703e-16
7.6e-05	7.2e-05	-6.09977e-17
7.6e-05	7.6e-05	6.8467e-17
