-5.6e-06	-5.6e-06	-0.0033198
-5.32e-06	-5.6e-06	0.0037491
-5.04e-06	-5.6e-06	-0.00298314
-4.76e-06	-5.6e-06	0.00160215
-4.48e-06	-5.6e-06	0.000125111
-4.2e-06	-5.6e-06	-0.00202293
-3.92e-06	-5.6e-06	0.00394699
-3.64e-06	-5.6e-06	-0.00576813
-3.36e-06	-5.6e-06	0.00737036
-3.08e-06	-5.6e-06	-0.0086535
-2.8e-06	-5.6e-06	0.00953699
-2.52e-06	-5.6e-06	-0.0099635
-2.24e-06	-5.6e-06	0.00990168
-1.96e-06	-5.6e-06	-0.00934769
-1.68e-06	-5.6e-06	0.00832528
-1.4e-06	-5.6e-06	-0.00688442
-1.12e-06	-5.6e-06	0.00509857
-8.4e-07	-5.6e-06	-0.00306054
-5.6e-07	-5.6e-06	0.000877434
-2.8e-07	-5.6e-06	0.00133531
0	-5.6e-06	-0.00346026
2.8e-07	-5.6e-06	0.00538451
5.6e-07	-5.6e-06	-0.00700592
8.4e-07	-5.6e-06	0.00823874
1.12e-06	-5.6e-06	-0.00901844
1.4e-06	-5.6e-06	0.00930523
1.68e-06	-5.6e-06	-0.00908636
1.96e-06	-5.6e-06	0.00837678
2.24e-06	-5.6e-06	-0.00721842
2.52e-06	-5.6e-06	0.00567784
2.8e-06	-5.6e-06	-0.00384257
3.08e-06	-5.6e-06	0.00181629
3.36e-06	-5.6e-06	0.000287034
3.64e-06	-5.6e-06	-0.00234958
3.92e-06	-5.6e-06	0.00425664
4.2e-06	-5.6e-06	-0.00590403
4.48e-06	-5.6e-06	0.00720639
4.76e-06	-5.6e-06	-0.00810904
5.04e-06	-5.6e-06	0.00861213
5.32e-06	-5.6e-06	-0.0088401
-5.6e-06	-5.32e-06	0.00928375
-5.32e-06	-5.32e-06	-0.00841524
-5.04e-06	-5.32e-06	0.00635992
-4.76e-06	-5.32e-06	-0.00343167
-4.48e-06	-5.32e-06	-7.03729e-05
-4.2e-06	-5.32e-06	0.0038695
-3.92e-06	-5.32e-06	-0.00770401
-3.64e-06	-5.32e-06	0.0113271
-3.36e-06	-5.32e-06	-0.0145129
-3.08e-06	-5.32e-06	0.0170645
-2.8e-06	-5.32e-06	-0.0188232
-2.52e-06	-5.32e-06	0.0196759
-2.24e-06	-5.32e-06	-0.0195607
-1.96e-06	-5.32e-06	0.0184701
-1.68e-06	-5.32e-06	-0.0164512
-1.4e-06	-5.32e-06	0.0136029
-1.12e-06	-5.32e-06	-0.0100709
-8.4e-07	-5.32e-06	0.00603904
-5.6e-07	-5.32e-06	-0.00171939
-2.8e-07	-5.32e-06	-0.00265931
0	-5.32e-06	0.00686443
2.8e-07	-5.32e-06	-0.0106723
5.6e-07	-5.32e-06	0.0138805
8.4e-07	-5.32e-06	-0.0163192
1.12e-06	-5.32e-06	0.0178605
1.4e-06	-5.32e-06	-0.0184256
1.68e-06	-5.32e-06	0.0179891
1.96e-06	-5.32e-06	-0.0165807
2.24e-06	-5.32e-06	0.0142834
2.52e-06	-5.32e-06	-0.011229
2.8e-06	-5.32e-06	0.007591
3.08e-06	-5.32e-06	-0.00357482
3.36e-06	-5.32e-06	-0.000593546
3.64e-06	-5.32e-06	0.00468027
3.92e-06	-5.32e-06	-0.00845708
4.2e-06	-5.32e-06	0.0117149
4.48e-06	-5.32e-06	-0.0142777
4.76e-06	-5.32e-06	0.0160159
5.04e-06	-5.32e-06	-0.0168603
5.32e-06	-5.32e-06	0.0168085
-5.6e-06	-5.04e-06	-0.0158709
-5.32e-06	-5.04e-06	0.0136437
-5.04e-06	-5.04e-06	-0.0101376
-4.76e-06	-5.04e-06	0.00558031
-4.48e-06	-5.04e-06	-0.000286679
-4.2e-06	-5.04e-06	-0.00539354
-3.92e-06	-5.04e-06	0.0111007
-3.64e-06	-5.04e-06	-0.0164829
-3.36e-06	-5.04e-06	0.0212124
-3.08e-06	-5.04e-06	-0.025002
-2.8e-06	-5.04e-06	0.0276186
-2.52e-06	-5.04e-06	-0.0288961
-2.24e-06	-5.04e-06	0.0287436
-1.96e-06	-5.04e-06	-0.0271502
-1.68e-06	-5.04e-06	0.0241855
-1.4e-06	-5.04e-06	-0.0199958
-1.12e-06	-5.04e-06	0.0147958
-8.4e-07	-5.04e-06	-0.00885713
-5.6e-07	-5.04e-06	0.00249279
-2.8e-07	-5.04e-06	0.00395954
0	-5.04e-06	-0.0101565
2.8e-07	-5.04e-06	0.0157677
5.6e-07	-5.04e-06	-0.0204945
8.4e-07	-5.04e-06	0.024086
1.12e-06	-5.04e-06	-0.0263534
1.4e-06	-5.04e-06	0.0271801
1.68e-06	-5.04e-06	-0.0265288
1.96e-06	-5.04e-06	0.0244431
2.24e-06	-5.04e-06	-0.0210454
2.52e-06	-5.04e-06	0.0165305
2.8e-06	-5.04e-06	-0.0111543
3.08e-06	-5.04e-06	0.00522026
3.36e-06	-5.04e-06	0.000937657
3.64e-06	-5.04e-06	-0.00697354
3.92e-06	-5.04e-06	0.0125489
4.2e-06	-5.04e-06	-0.0173516
4.48e-06	-5.04e-06	0.021114
4.76e-06	-5.04e-06	-0.0236279
5.04e-06	-5.04e-06	0.0247534
5.32e-06	-5.04e-06	-0.0244153
-5.6e-06	-4.76e-06	0.0225699
-5.32e-06	-4.76e-06	-0.0191385
-5.04e-06	-4.76e-06	0.0142143
-4.76e-06	-4.76e-06	-0.00805112
-4.48e-06	-4.76e-06	0.00100905
-4.2e-06	-4.76e-06	0.00649039
-3.92e-06	-4.76e-06	-0.0139986
-3.64e-06	-4.76e-06	0.021068
-3.36e-06	-4.76e-06	-0.0272779
-3.08e-06	-4.76e-06	0.0322569
-2.8e-06	-4.76e-06	-0.0357035
-2.52e-06	-4.76e-06	0.0374019
-2.24e-06	-4.76e-06	-0.0372343
-1.96e-06	-4.76e-06	0.0351866
-1.68e-06	-4.76e-06	-0.03135
-1.4e-06	-4.76e-06	0.025915
-1.12e-06	-4.76e-06	-0.0191615
-8.4e-07	-4.76e-06	0.0114435
-5.6e-07	-4.76e-06	-0.00316921
-2.8e-07	-4.76e-06	-0.00522135
0	-4.76e-06	0.0132804
2.8e-07	-4.76e-06	-0.0205775
5.6e-07	-4.76e-06	0.0267229
8.4e-07	-4.76e-06	-0.0313896
1.12e-06	-4.76e-06	0.0343311
1.4e-06	-4.76e-06	-0.0353957
1.68e-06	-4.76e-06	0.0345342
1.96e-06	-4.76e-06	-0.0318034
2.24e-06	-4.76e-06	0.027363
2.52e-06	-4.76e-06	-0.0214664
2.8e-06	-4.76e-06	0.0144476
3.08e-06	-4.76e-06	-0.00670219
3.36e-06	-4.76e-06	-0.00133421
3.64e-06	-4.76e-06	0.00920988
3.92e-06	-4.76e-06	-0.016482
4.2e-06	-4.76e-06	0.0227408
4.48e-06	-4.76e-06	-0.0276321
4.76e-06	-4.76e-06	0.0308748
5.04e-06	-4.76e-06	-0.032273
5.32e-06	-4.76e-06	0.0317178
-5.6e-06	-4.48e-06	-0.0291798
-5.32e-06	-4.48e-06	0.0247059
-5.04e-06	-4.48e-06	-0.0184752
-4.76e-06	-4.48e-06	0.0108033
-4.48e-06	-4.48e-06	-0.0021139
-4.2e-06	-4.48e-06	-0.00709686
-3.92e-06	-4.48e-06	0.0162963
-3.64e-06	-4.48e-06	-0.0249493
-3.36e-06	-4.48e-06	0.0325499
-3.08e-06	-4.48e-06	-0.0386506
-2.8e-06	-4.48e-06	0.0428869
-2.52e-06	-4.48e-06	-0.0449982
-2.24e-06	-4.48e-06	0.0448417
-1.96e-06	-4.48e-06	-0.042401
-1.68e-06	-4.48e-06	0.0377864
-1.4e-06	-4.48e-06	-0.0312294
-1.12e-06	-4.48e-06	0.0230698
-8.4e-07	-4.48e-06	-0.013737
-5.6e-07	-4.48e-06	0.00372666
-2.8e-07	-4.48e-06	0.00642714
0	-4.48e-06	-0.0161809
2.8e-07	-4.48e-06	0.0250118
5.6e-07	-4.48e-06	-0.0324468
8.4e-07	-4.48e-06	0.0380887
1.12e-06	-4.48e-06	-0.0416382
1.4e-06	-4.48e-06	0.0429106
1.68e-06	-4.48e-06	-0.041846
1.96e-06	-4.48e-06	0.0385134
2.24e-06	-4.48e-06	-0.033106
2.52e-06	-4.48e-06	0.0259316
2.8e-06	-4.48e-06	-0.0173954
3.08e-06	-4.48e-06	0.0079777
3.36e-06	-4.48e-06	0.00179249
3.64e-06	-4.48e-06	-0.0113663
3.92e-06	-4.48e-06	0.0202052
4.2e-06	-4.48e-06	-0.0278101
4.48e-06	-4.48e-06	0.0337482
4.76e-06	-4.48e-06	-0.0376751
5.04e-06	-4.48e-06	0.0393509
5.32e-06	-4.48e-06	-0.0386491
-5.6e-06	-4.2e-06	0.0355603
-5.32e-06	-4.2e-06	-0.0301964
-5.04e-06	-4.2e-06	0.0228063
-4.76e-06	-4.2e-06	-0.0137713
-4.48e-06	-4.2e-06	0.00358322
-4.2e-06	-4.2e-06	0.00718798
-3.92e-06	-4.2e-06	-0.0179311
-3.64e-06	-4.2e-06	0.0280313
-3.36e-06	-4.2e-06	-0.0369064
-3.08e-06	-4.2e-06	0.0440403
-2.8e-06	-4.2e-06	-0.0490128
-2.52e-06	-4.2e-06	0.0515228
-2.24e-06	-4.2e-06	-0.0514057
-1.96e-06	-4.2e-06	0.0486425
-1.68e-06	-4.2e-06	-0.043361
-1.4e-06	-4.2e-06	0.0358288
-1.12e-06	-4.2e-06	-0.0264391
-8.4e-07	-4.2e-06	0.0156888
-5.6e-07	-4.2e-06	-0.00415099
-2.8e-07	-4.2e-06	-0.00755604
0	-4.2e-06	0.0188034
2.8e-07	-4.2e-06	-0.0289859
5.6e-07	-4.2e-06	0.037556
8.4e-07	-4.2e-06	-0.0440538
1.12e-06	-4.2e-06	0.0481324
1.4e-06	-4.2e-06	-0.0495779
1.68e-06	-4.2e-06	0.0483206
1.96e-06	-4.2e-06	-0.0444399
2.24e-06	-4.2e-06	0.0381591
2.52e-06	-4.2e-06	-0.0298343
2.8e-06	-4.2e-06	0.0199339
3.08e-06	-4.2e-06	-0.00901364
3.36e-06	-4.2e-06	-0.00231413
3.64e-06	-4.2e-06	0.0134142
3.92e-06	-4.2e-06	-0.0236629
4.2e-06	-4.2e-06	0.0324823
4.48e-06	-4.2e-06	-0.039371
4.76e-06	-4.2e-06	0.0439306
5.04e-06	-4.2e-06	-0.0458862
5.32e-06	-4.2e-06	0.0450995
-5.6e-06	-3.92e-06	-0.0415767
-5.32e-06	-3.92e-06	0.0354724
-5.04e-06	-3.92e-06	-0.0270899
-4.76e-06	-3.92e-06	0.0168703
-4.48e-06	-3.92e-06	-0.00536976
-4.2e-06	-3.92e-06	-0.00677372
-3.92e-06	-3.92e-06	0.0188782
-3.64e-06	-3.92e-06	-0.0302584
-3.36e-06	-3.92e-06	0.0402651
-3.08e-06	-3.92e-06	-0.0483232
-2.8e-06	-3.92e-06	0.0539638
-2.52e-06	-3.92e-06	-0.056851
-2.24e-06	-3.92e-06	0.0568011
-1.96e-06	-3.92e-06	-0.0537927
-1.68e-06	-3.92e-06	0.0479683
-1.4e-06	-3.92e-06	-0.0396269
-1.12e-06	-3.92e-06	0.0292071
-8.4e-07	-3.92e-06	-0.0172636
-5.6e-07	-3.92e-06	0.00443652
-2.8e-07	-3.92e-06	0.00858391
0	-3.92e-06	-0.0210952
2.8e-07	-3.92e-06	0.0324214
5.6e-07	-3.92e-06	-0.0419506
8.4e-07	-3.92e-06	0.0491686
1.12e-06	-3.92e-06	-0.0536878
1.4e-06	-3.92e-06	0.0552686
1.68e-06	-3.92e-06	-0.0538329
1.96e-06	-3.92e-06	0.0494685
2.24e-06	-3.92e-06	-0.0424246
2.52e-06	-3.92e-06	0.0330984
2.8e-06	-3.92e-06	-0.0220128
3.08e-06	-3.92e-06	0.00978823
3.36e-06	-3.92e-06	0.00289177
3.64e-06	-3.92e-06	-0.0153179
3.92e-06	-3.92e-06	0.0267939
4.2e-06	-3.92e-06	-0.0366747
4.48e-06	-3.92e-06	0.0444011
4.76e-06	-3.92e-06	-0.0495301
5.04e-06	-3.92e-06	0.0517585
5.32e-06	-3.92e-06	-0.0509389
-5.6e-06	-3.64e-06	0.0470893
-5.32e-06	-3.64e-06	-0.0403943
-5.04e-06	-3.64e-06	0.0312001
-4.76e-06	-3.64e-06	-0.0199983
-4.48e-06	-3.64e-06	0.00740074
-4.2e-06	-3.64e-06	0.00589574
-3.92e-06	-3.64e-06	-0.0191487
-3.64e-06	-3.64e-06	0.0316133
-3.36e-06	-3.64e-06	-0.0425844
-3.08e-06	-3.64e-06	0.0514375
-2.8e-06	-3.64e-06	-0.0576634
-2.52e-06	-3.64e-06	0.0608974
-2.24e-06	-3.64e-06	-0.0609396
-1.96e-06	-3.64e-06	0.0577667
-1.68e-06	-3.64e-06	-0.051533
-1.4e-06	-3.64e-06	0.0425626
-1.12e-06	-3.64e-06	-0.0313313
-8.4e-07	-3.64e-06	0.018441
-5.6e-07	-3.64e-06	-0.00458615
-2.8e-07	-3.64e-06	-0.00948393
0	-3.64e-06	0.0230066
2.8e-07	-3.64e-06	-0.0352479
5.6e-07	-3.64e-06	0.0455431
8.4e-07	-3.64e-06	-0.0533334
1.12e-06	-3.64e-06	0.0581975
1.4e-06	-3.64e-06	-0.0598745
1.68e-06	-3.64e-06	0.0582788
1.96e-06	-3.64e-06	-0.0535054
2.24e-06	-3.64e-06	0.0458241
2.52e-06	-3.64e-06	-0.0356656
2.8e-06	-3.64e-06	0.0235972
3.08e-06	-3.64e-06	-0.0102918
3.36e-06	-3.64e-06	-0.00350869
3.64e-06	-3.64e-06	0.0170349
3.92e-06	-3.64e-06	-0.0295318
4.2e-06	-3.64e-06	0.0402998
4.48e-06	-3.64e-06	-0.0487335
4.76e-06	-3.64e-06	0.0543546
5.04e-06	-3.64e-06	-0.0568376
5.32e-06	-3.64e-06	0.0560283
-5.6e-06	-3.36e-06	-0.0519527
-5.32e-06	-3.36e-06	0.0448177
-5.04e-06	-3.36e-06	-0.0350023
-4.76e-06	-3.36e-06	0.0230382
-4.48e-06	-3.36e-06	-0.00958139
-4.2e-06	-3.36e-06	-0.00462371
-3.92e-06	-3.36e-06	0.0187867
-3.64e-06	-3.36e-06	-0.0321155
-3.36e-06	-3.36e-06	0.0438616
-3.08e-06	-3.36e-06	-0.0533618
-2.8e-06	-3.36e-06	0.0600758
-2.52e-06	-3.36e-06	-0.0636163
-2.24e-06	-3.36e-06	0.063771
-1.96e-06	-3.36e-06	-0.0605146
-1.68e-06	-3.36e-06	0.0540102
-1.4e-06	-3.36e-06	-0.0446005
-1.12e-06	-3.36e-06	0.0327895
-8.4e-07	-3.36e-06	-0.0192143
-5.6e-07	-3.36e-06	0.00461068
-2.8e-07	-3.36e-06	0.0102275
0	-3.36e-06	-0.0244921
2.8e-07	-3.36e-06	0.0374048
5.6e-07	-3.36e-06	-0.0482605
8.4e-07	-3.36e-06	0.0564666
1.12e-06	-3.36e-06	-0.0615754
1.4e-06	-3.36e-06	0.0633096
1.68e-06	-3.36e-06	-0.0615777
1.96e-06	-3.36e-06	0.0564794
2.24e-06	-3.36e-06	-0.0483003
2.52e-06	-3.36e-06	0.037496
2.8e-06	-3.36e-06	-0.0246673
3.08e-06	-3.36e-06	0.0105269
3.36e-06	-3.36e-06	0.00413954
3.64e-06	-3.36e-06	-0.0185173
3.92e-06	-3.36e-06	0.0318069
4.2e-06	-3.36e-06	-0.0432684
4.48e-06	-3.36e-06	0.0522621
4.76e-06	-3.36e-06	-0.0582835
5.04e-06	-3.36e-06	0.0609912
5.32e-06	-3.36e-06	-0.060226
-5.6e-06	-3.08e-06	0.0560199
-5.32e-06	-3.08e-06	-0.0485957
-5.04e-06	-3.08e-06	0.0383559
-4.76e-06	-3.08e-06	-0.0258609
-4.48e-06	-3.08e-06	0.0117993
-4.2e-06	-3.08e-06	0.0030507
-3.92e-06	-3.08e-06	-0.0178645
-3.64e-06	-3.08e-06	0.0318172
-3.36e-06	-3.08e-06	-0.0441297
-3.08e-06	-3.08e-06	0.0541123
-2.8e-06	-3.08e-06	-0.0612033
-2.52e-06	-3.08e-06	0.0649999
-2.24e-06	-3.08e-06	-0.065281
-1.96e-06	-3.08e-06	0.0620197
-1.68e-06	-3.08e-06	-0.0553844
-1.4e-06	-3.08e-06	0.04573
-1.12e-06	-3.08e-06	-0.0335785
-8.4e-07	-3.08e-06	0.0195901
-5.6e-07	-3.08e-06	-0.00452766
-2.8e-07	-3.08e-06	-0.0107858
0	-3.08e-06	0.0255118
2.8e-07	-3.08e-06	-0.0388427
5.6e-07	-3.08e-06	0.0500463
8.4e-07	-3.08e-06	-0.0585067
1.12e-06	-3.08e-06	0.0637583
1.4e-06	-3.08e-06	-0.0655125
1.68e-06	-3.08e-06	0.0636732
1.96e-06	-3.08e-06	-0.0583429
2.24e-06	-3.08e-06	0.0498172
2.52e-06	-3.08e-06	-0.0385681
2.8e-06	-3.08e-06	0.0252184
3.08e-06	-3.08e-06	-0.0105069
3.36e-06	-3.08e-06	-0.00475192
3.64e-06	-3.08e-06	0.0197135
3.92e-06	-3.08e-06	-0.0335496
4.2e-06	-3.08e-06	0.0454939
4.48e-06	-3.08e-06	-0.0548846
4.76e-06	-3.08e-06	0.0612008
5.04e-06	-3.08e-06	-0.0640916
5.32e-06	-3.08e-06	0.0633951
-5.6e-06	-2.8e-06	-0.0591479
-5.32e-06	-2.8e-06	0.0515831
-5.04e-06	-2.8e-06	-0.0411181
-4.76e-06	-2.8e-06	0.0283311
-4.48e-06	-2.8e-06	-0.01393
-4.2e-06	-2.8e-06	-0.00128752
-3.92e-06	-2.8e-06	0.0164777
-3.64e-06	-2.8e-06	-0.0307979
-3.36e-06	-2.8e-06	0.0434527
-3.08e-06	-2.8e-06	-0.0537388
-2.8e-06	-2.8e-06	0.0610832
-2.52e-06	-2.8e-06	-0.0650752
-2.24e-06	-2.8e-06	0.065489
-1.96e-06	-2.8e-06	-0.0622963
-1.68e-06	-2.8e-06	0.0556676
-1.4e-06	-2.8e-06	-0.045963
-1.12e-06	-2.8e-06	0.0337123
-8.4e-07	-2.8e-06	-0.0195863
-5.6e-07	-2.8e-06	0.00435963
-2.8e-07	-2.8e-06	0.0111311
0	-2.8e-06	-0.0260334
2.8e-07	-2.8e-06	0.0395254
5.6e-07	-2.8e-06	-0.0508614
8.4e-07	-2.8e-06	0.0594136
1.12e-06	-2.8e-06	-0.0647073
1.4e-06	-2.8e-06	0.0664471
1.68e-06	-2.8e-06	-0.0645343
1.96e-06	-2.8e-06	0.0590723
2.24e-06	-2.8e-06	-0.0503606
2.52e-06	-2.8e-06	0.0388788
2.8e-06	-2.8e-06	-0.0252598
3.08e-06	-2.8e-06	0.0102546
3.36e-06	-2.8e-06	0.00530889
3.64e-06	-2.8e-06	-0.0205724
3.92e-06	-2.8e-06	0.0346944
4.2e-06	-2.8e-06	-0.0468968
4.48e-06	-2.8e-06	0.0565084
4.76e-06	-2.8e-06	-0.0630019
5.04e-06	-2.8e-06	0.066023
5.32e-06	-2.8e-06	-0.0654103
-5.6e-06	-2.52e-06	0.061204
-5.32e-06	-2.52e-06	-0.0536428
-5.04e-06	-2.52e-06	0.0431508
-4.76e-06	-2.52e-06	-0.0303131
-4.48e-06	-2.52e-06	0.0158434
-4.2e-06	-2.52e-06	-0.000543918
-3.92e-06	-2.52e-06	-0.0147382
-3.64e-06	-2.52e-06	0.0291583
-3.36e-06	-2.52e-06	-0.0419199
-3.08e-06	-2.52e-06	0.0523191
-2.8e-06	-2.52e-06	-0.0597825
-2.52e-06	-2.52e-06	0.0638994
-2.24e-06	-2.52e-06	-0.0644436
-1.96e-06	-2.52e-06	0.0613859
-1.68e-06	-2.52e-06	-0.0548956
-1.4e-06	-2.52e-06	0.0453311
-1.12e-06	-2.52e-06	-0.0332198
-8.4e-07	-2.52e-06	0.0192296
-5.6e-07	-2.52e-06	-0.00413217
-2.8e-07	-2.52e-06	-0.0112389
0	-2.52e-06	0.0260334
2.8e-07	-2.52e-06	-0.0394308
5.6e-07	-2.52e-06	0.0506858
8.4e-07	-2.52e-06	-0.0591701
1.12e-06	-2.52e-06	0.064408
1.4e-06	-2.52e-06	-0.0661032
1.68e-06	-2.52e-06	0.0641557
1.96e-06	-2.52e-06	-0.0586675
2.24e-06	-2.52e-06	0.0499367
2.52e-06	-2.52e-06	-0.0384414
2.8e-06	-2.52e-06	0.0248127
3.08e-06	-2.52e-06	-0.00979975
3.36e-06	-2.52e-06	-0.00577189
3.64e-06	-2.52e-06	0.0210462
3.92e-06	-2.52e-06	-0.0351841
4.2e-06	-2.52e-06	0.0474104
4.48e-06	-2.52e-06	-0.057057
4.76e-06	-2.52e-06	0.0635998
5.04e-06	-2.52e-06	-0.0666885
5.32e-06	-2.52e-06	0.0661651
-5.6e-06	-2.24e-06	-0.0620729
-5.32e-06	-2.24e-06	0.0546524
-5.04e-06	-2.24e-06	-0.0443269
-4.76e-06	-2.24e-06	0.0316776
-4.48e-06	-2.24e-06	-0.0174106
-4.2e-06	-2.24e-06	0.00231772
-3.92e-06	-2.24e-06	0.0127671
-3.64e-06	-2.24e-06	-0.0270133
-3.36e-06	-2.24e-06	0.0396387
-3.08e-06	-2.24e-06	-0.0499523
-2.8e-06	-2.24e-06	0.0573919
-2.52e-06	-2.24e-06	-0.0615544
-2.24e-06	-2.24e-06	0.0622176
-1.96e-06	-2.24e-06	-0.0593525
-1.68e-06	-2.24e-06	0.053124
-1.4e-06	-2.24e-06	-0.0438818
-1.12e-06	-2.24e-06	0.0321409
-8.4e-07	-2.24e-06	-0.0185531
-5.6e-07	-2.24e-06	0.00387171
-2.8e-07	-2.24e-06	0.0110893
0	-2.24e-06	-0.0254985
2.8e-07	-2.24e-06	0.0385524
5.6e-07	-2.24e-06	-0.0495194
8.4e-07	-2.24e-06	0.0577819
1.12e-06	-2.24e-06	-0.0628717
1.4e-06	-2.24e-06	0.0644965
1.68e-06	-2.24e-06	-0.0625568
1.96e-06	-2.24e-06	0.0571514
2.24e-06	-2.24e-06	-0.0485715
2.52e-06	-2.24e-06	0.0372847
2.8e-06	-2.24e-06	-0.0239085
3.08e-06	-2.24e-06	0.0091763
3.36e-06	-2.24e-06	0.00610394
3.64e-06	-2.24e-06	-0.0210944
3.92e-06	-2.24e-06	0.0349742
4.2e-06	-2.24e-06	-0.0469853
4.48e-06	-2.24e-06	0.056475
4.76e-06	-2.24e-06	-0.0629323
5.04e-06	-2.24e-06	0.066017
5.32e-06	-2.24e-06	-0.0655787
-5.6e-06	-1.96e-06	0.0616637
-5.32e-06	-1.96e-06	-0.0545113
-5.04e-06	-1.96e-06	0.0445373
-4.76e-06	-1.96e-06	-0.032309
-4.48e-06	-1.96e-06	0.0185117
-4.2e-06	-1.96e-06	-0.00391146
-3.92e-06	-1.96e-06	-0.0106872
-3.64e-06	-1.96e-06	0.0244844
-3.36e-06	-1.96e-06	-0.0367276
-3.08e-06	-1.96e-06	0.0467527
-2.8e-06	-1.96e-06	-0.0540194
-2.52e-06	-1.96e-06	0.0581405
-2.24e-06	-1.96e-06	-0.0589028
-1.96e-06	-1.96e-06	0.0562779
-1.68e-06	-1.96e-06	-0.0504237
-1.4e-06	-1.96e-06	0.0416748
-1.12e-06	-1.96e-06	-0.0305237
-8.4e-07	-1.96e-06	0.0175934
-5.6e-07	-1.96e-06	-0.00360348
-2.8e-07	-1.96e-06	-0.0106684
0	-1.96e-06	0.0244268
2.8e-07	-1.96e-06	-0.0368998
5.6e-07	-1.96e-06	0.0473825
8.4e-07	-1.96e-06	-0.0552785
1.12e-06	-1.96e-06	0.0601346
1.4e-06	-1.96e-06	-0.061668
1.68e-06	-1.96e-06	0.0597813
1.96e-06	-1.96e-06	-0.0545686
2.24e-06	-1.96e-06	0.0463087
2.52e-06	-1.96e-06	-0.0354503
2.8e-06	-1.96e-06	0.0225861
3.08e-06	-1.96e-06	-0.00841991
3.36e-06	-1.96e-06	-0.00627279
3.64e-06	-1.96e-06	0.0206879
3.92e-06	-1.96e-06	-0.0340376
4.2e-06	-1.96e-06	0.045595
4.48e-06	-1.96e-06	-0.0547343
4.76e-06	-1.96e-06	0.0609669
5.04e-06	-1.96e-06	-0.0639695
5.32e-06	-1.96e-06	0.0636022
-5.6e-06	-1.68e-06	-0.0599157
-5.32e-06	-1.68e-06	0.0531463
-5.04e-06	-1.68e-06	-0.043697
-4.76e-06	-1.68e-06	0.0321116
-4.48e-06	-1.68e-06	-0.0190421
-4.2e-06	-1.68e-06	0.00521336
-3.92e-06	-1.68e-06	0.0086158
-3.64e-06	-1.68e-06	-0.0216924
-3.36e-06	-1.68e-06	0.033309
-3.08e-06	-1.68e-06	-0.0428418
-2.8e-06	-1.68e-06	0.0497836
-2.52e-06	-1.68e-06	-0.0537709
-2.24e-06	-1.68e-06	0.0546039
-1.96e-06	-1.68e-06	-0.0522562
-1.68e-06	-1.68e-06	0.0468761
-1.4e-06	-1.68e-06	-0.0387772
-1.12e-06	-1.68e-06	0.0284205
-8.4e-07	-1.68e-06	-0.0163878
-5.6e-07	-1.68e-06	0.00334981
-2.8e-07	-1.68e-06	0.00996949
0	-1.68e-06	-0.0228276
2.8e-07	-1.68e-06	0.0344991
5.6e-07	-1.68e-06	-0.0443163
8.4e-07	-1.68e-06	0.0517126
1.12e-06	-1.68e-06	-0.0562577
1.4e-06	-1.68e-06	0.0576829
1.68e-06	-1.68e-06	-0.0558956
1.96e-06	-1.68e-06	0.0509832
2.24e-06	-1.68e-06	-0.0432079
2.52e-06	-1.68e-06	0.032991
2.8e-06	-1.68e-06	-0.0208897
3.08e-06	-1.68e-06	0.00756514
3.36e-06	-1.68e-06	0.00625374
3.64e-06	-1.68e-06	-0.0198114
3.92e-06	-1.68e-06	0.0323676
4.2e-06	-1.68e-06	-0.0432391
4.48e-06	-1.68e-06	0.0518383
4.76e-06	-1.68e-06	-0.0577073
5.04e-06	-1.68e-06	0.0605448
5.32e-06	-1.68e-06	-0.0602248
-5.6e-06	-1.4e-06	0.0568045
-5.32e-06	-1.4e-06	-0.0505171
-5.04e-06	-1.4e-06	0.04175
-4.76e-06	-1.4e-06	-0.0310152
-4.48e-06	-1.4e-06	0.0189186
-4.2e-06	-1.4e-06	-0.00612878
-3.92e-06	-1.4e-06	-0.00665758
-3.64e-06	-1.4e-06	0.0187504
-3.36e-06	-1.4e-06	-0.0295024
-3.08e-06	-1.4e-06	0.0383427
-2.8e-06	-1.4e-06	-0.0448077
-2.52e-06	-1.4e-06	0.0485653
-2.24e-06	-1.4e-06	-0.0494335
-1.96e-06	-1.4e-06	0.0473891
-1.68e-06	-1.4e-06	-0.0425686
-1.4e-06	-1.4e-06	0.0352598
-1.12e-06	-1.4e-06	-0.0258842
-8.4e-07	-1.4e-06	0.0149714
-5.6e-07	-1.4e-06	-0.00312879
-2.8e-07	-1.4e-06	-0.00899184
0	-1.4e-06	0.0207211
2.8e-07	-1.4e-06	-0.0313925
5.6e-07	-1.4e-06	0.0403822
8.4e-07	-1.4e-06	-0.0471602
1.12e-06	-1.4e-06	0.0513257
1.4e-06	-1.4e-06	-0.0526298
1.68e-06	-1.4e-06	0.0509869
1.96e-06	-1.4e-06	-0.0464774
2.24e-06	-1.4e-06	0.0393421
2.52e-06	-1.4e-06	-0.029968
2.8e-06	-1.4e-06	0.0188661
3.08e-06	-1.4e-06	-0.00664332
3.36e-06	-1.4e-06	-0.00603185
3.64e-06	-1.4e-06	0.0184661
3.92e-06	-1.4e-06	-0.0299801
4.2e-06	-1.4e-06	0.0399466
4.48e-06	-1.4e-06	-0.0478256
4.76e-06	-1.4e-06	0.0531967
5.04e-06	-1.4e-06	-0.0557844
5.32e-06	-1.4e-06	0.0554785
-5.6e-06	-1.12e-06	-0.0523447
-5.32e-06	-1.12e-06	0.0466188
-5.04e-06	-1.12e-06	-0.0386725
-4.76e-06	-1.12e-06	0.0289788
-4.48e-06	-1.12e-06	-0.0180846
-4.2e-06	-1.12e-06	0.00658586
-3.92e-06	-1.12e-06	0.00489879
-3.64e-06	-1.12e-06	-0.0157579
-3.36e-06	-1.12e-06	0.0254181
-3.08e-06	-1.12e-06	-0.0333736
-2.8e-06	-1.12e-06	0.0392138
-2.52e-06	-1.12e-06	-0.0426452
-2.24e-06	-1.12e-06	0.0435072
-1.96e-06	-1.12e-06	-0.0417811
-1.68e-06	-1.12e-06	0.0375903
-1.4e-06	-1.12e-06	-0.0311927
-1.12e-06	-1.12e-06	0.022964
-8.4e-07	-1.12e-06	-0.0133739
-5.6e-07	-1.12e-06	0.00295356
-2.8e-07	-1.12e-06	0.00773824
0	-1.12e-06	-0.0181348
2.8e-07	-1.12e-06	0.0276379
5.6e-07	-1.12e-06	-0.0356631
8.4e-07	-1.12e-06	0.0417204
1.12e-06	-1.12e-06	-0.0454462
1.4e-06	-1.12e-06	0.0466181
1.68e-06	-1.12e-06	-0.0451609
1.96e-06	-1.12e-06	0.0411481
2.24e-06	-1.12e-06	-0.0347955
2.52e-06	-1.12e-06	0.0264486
2.8e-06	-1.12e-06	-0.0165635
3.08e-06	-1.12e-06	0.00568086
3.36e-06	-1.12e-06	0.00560325
3.64e-06	-1.12e-06	-0.0166707
3.92e-06	-1.12e-06	0.0269155
4.2e-06	-1.12e-06	-0.035777
4.48e-06	-1.12e-06	0.0427718
4.76e-06	-1.12e-06	-0.0475216
5.04e-06	-1.12e-06	0.0497777
5.32e-06	-1.12e-06	-0.0494429
-5.6e-06	-8.4e-07	0.0465926
-5.32e-06	-8.4e-07	-0.0414812
-5.04e-06	-8.4e-07	0.0344725
-4.76e-06	-8.4e-07	-0.0259925
-4.48e-06	-8.4e-07	0.0165129
-4.2e-06	-8.4e-07	-0.00654013
-3.92e-06	-8.4e-07	-0.00340195
-3.64e-06	-8.4e-07	0.0127951
-3.36e-06	-8.4e-07	-0.0211521
-3.08e-06	-8.4e-07	0.0280431
-2.8e-06	-8.4e-07	-0.0331187
-2.52e-06	-8.4e-07	0.0361296
-2.24e-06	-8.4e-07	-0.0369403
-1.96e-06	-8.4e-07	0.0355373
-1.68e-06	-8.4e-07	-0.0320293
-1.4e-06	-8.4e-07	0.0266416
-1.12e-06	-8.4e-07	-0.0197012
-8.4e-07	-8.4e-07	0.0116142
-5.6e-07	-8.4e-07	-0.00283057
-2.8e-07	-8.4e-07	-0.00620564
0	-8.4e-07	0.0150961
2.8e-07	-8.4e-07	-0.02331
5.6e-07	-8.4e-07	0.0302655
8.4e-07	-8.4e-07	-0.035516
1.12e-06	-8.4e-07	0.0387482
1.4e-06	-8.4e-07	-0.0397758
1.68e-06	-8.4e-07	0.0385392
1.96e-06	-8.4e-07	-0.0351051
2.24e-06	-8.4e-07	0.0296609
2.52e-06	-8.4e-07	-0.0225049
2.8e-06	-8.4e-07	0.0140291
3.08e-06	-8.4e-07	-0.0046983
3.36e-06	-8.4e-07	-0.00497545
3.64e-06	-8.4e-07	0.0144609
3.92e-06	-8.4e-07	-0.0232366
4.2e-06	-8.4e-07	0.030819
4.48e-06	-8.4e-07	-0.0367889
4.76e-06	-8.4e-07	0.0408138
5.04e-06	-8.4e-07	-0.0426679
5.32e-06	-8.4e-07	0.0422537
-5.6e-06	-5.6e-07	-0.0396439
-5.32e-06	-5.6e-07	0.0351626
-5.04e-06	-5.6e-07	-0.0291857
-4.76e-06	-5.6e-07	0.0220767
-4.48e-06	-5.6e-07	-0.0142089
-4.2e-06	-5.6e-07	0.00597842
-3.92e-06	-5.6e-07	0.00220164
-3.64e-06	-5.6e-07	-0.00991868
-3.36e-06	-5.6e-07	0.0167824
-3.08e-06	-5.6e-07	-0.0224469
-2.8e-06	-5.6e-07	0.0266306
-2.52e-06	-5.6e-07	-0.0291329
-2.24e-06	-5.6e-07	0.0298458
-1.96e-06	-5.6e-07	-0.028761
-1.68e-06	-5.6e-07	0.0259713
-1.4e-06	-5.6e-07	-0.0216662
-1.12e-06	-5.6e-07	0.016123
-8.4e-07	-5.6e-07	-0.00968908
-5.6e-07	-5.6e-07	0.00275015
-2.8e-07	-5.6e-07	0.00435823
0	-5.6e-07	-0.0116139
2.8e-07	-5.6e-07	0.0185107
5.6e-07	-5.6e-07	-0.0243267
8.4e-07	-5.6e-07	0.0286942
1.12e-06	-5.6e-07	-0.0313792
1.4e-06	-5.6e-07	0.0322458
1.68e-06	-5.6e-07	-0.0312551
1.96e-06	-5.6e-07	0.0284669
2.24e-06	-5.6e-07	-0.0240372
2.52e-06	-5.6e-07	0.0182108
2.8e-06	-5.6e-07	-0.0113086
3.08e-06	-5.6e-07	0.00371006
3.36e-06	-5.6e-07	0.00416669
3.64e-06	-5.6e-07	-0.0118878
3.92e-06	-5.6e-07	0.0190266
4.2e-06	-5.6e-07	-0.0251865
4.48e-06	-5.6e-07	0.0300208
4.76e-06	-5.6e-07	-0.0332479
5.04e-06	-5.6e-07	0.03466
5.32e-06	-5.6e-07	-0.0341245
-5.6e-06	-2.8e-07	0.0316246
-5.32e-06	-2.8e-07	-0.0277302
-5.04e-06	-2.8e-07	0.022865
-4.76e-06	-2.8e-07	-0.0172815
-4.48e-06	-2.8e-07	0.0112131
-4.2e-06	-2.8e-07	-0.00492262
-3.92e-06	-2.8e-07	-0.00130096
-3.64e-06	-2.8e-07	0.00715956
-3.36e-06	-2.8e-07	-0.0123665
-3.08e-06	-2.8e-07	0.0166657
-2.8e-06	-2.8e-07	-0.0198477
-2.52e-06	-2.8e-07	0.0217637
-2.24e-06	-2.8e-07	-0.0223342
-1.96e-06	-2.8e-07	0.0215554
-1.68e-06	-2.8e-07	-0.0195011
-1.4e-06	-2.8e-07	0.0163212
-1.12e-06	-2.8e-07	-0.0122389
-8.4e-07	-2.8e-07	0.00754997
-5.6e-07	-2.8e-07	-0.00263508
-2.8e-07	-2.8e-07	-0.00204015
0	-2.8e-07	0.0076285
2.8e-07	-2.8e-07	-0.0134185
5.6e-07	-2.8e-07	0.0180312
8.4e-07	-2.8e-07	-0.0214254
1.12e-06	-2.8e-07	0.0234999
1.4e-06	-2.8e-07	-0.0241802
1.68e-06	-2.8e-07	0.0234491
1.96e-06	-2.8e-07	-0.0213576
2.24e-06	-2.8e-07	0.0180262
2.52e-06	-2.8e-07	-0.0136411
2.8e-06	-2.8e-07	0.00844508
3.08e-06	-2.8e-07	-0.00272472
3.36e-06	-2.8e-07	-0.00320439
3.64e-06	-2.8e-07	0.00901462
3.92e-06	-2.8e-07	-0.0143835
4.2e-06	-2.8e-07	0.0190107
4.48e-06	-2.8e-07	-0.0226319
4.76e-06	-2.8e-07	0.0250296
5.04e-06	-2.8e-07	-0.0260275
5.32e-06	-2.8e-07	0.0254274
-5.6e-06	0	-0.0226529
-5.32e-06	0	0.0192107
-5.04e-06	0	-0.0155658
-4.76e-06	0	0.0116885
-4.48e-06	0	-0.00760744
-4.2e-06	0	0.00343458
-3.92e-06	0	0.000668723
-3.64e-06	0	-0.00452076
-3.36e-06	0	0.00794073
-3.08e-06	0	-0.0107647
-2.8e-06	0	0.0128581
-2.52e-06	0	-0.0141248
-2.24e-06	0	0.0145143
-1.96e-06	0	-0.0140256
-1.68e-06	0	0.0127093
-1.4e-06	0	-0.0106673
-1.12e-06	0	0.00805328
-8.4e-07	0	-0.00507652
-5.6e-07	0	0.00202087
-2.8e-07	0	0.00102292
0	0	-0.00457292
2.8e-07	0	0.00850786
5.6e-07	0	-0.011616
8.4e-07	0	0.0138865
1.12e-06	0	-0.0152708
1.4e-06	0	0.0157316
1.68e-06	0	-0.0152635
1.96e-06	0	0.0139031
2.24e-06	0	-0.0117312
2.52e-06	0	0.00887014
2.8e-06	0	-0.00547919
3.08e-06	0	0.00174595
3.36e-06	0	0.00212317
3.64e-06	0	-0.00591379
3.92e-06	0	0.00941489
4.2e-06	0	-0.0124298
4.48e-06	0	0.0147872
4.76e-06	0	-0.0163536
5.04e-06	0	0.0170613
5.32e-06	0	-0.0170179
-5.6e-06	2.8e-07	0.0126677
-5.32e-06	2.8e-07	-0.00946813
-5.04e-06	2.8e-07	0.00734405
-4.76e-06	2.8e-07	-0.00543189
-4.48e-06	2.8e-07	0.00352899
-4.2e-06	2.8e-07	-0.00162208
-3.92e-06	2.8e-07	-0.00023812
-3.64e-06	2.8e-07	0.00197853
-3.36e-06	2.8e-07	-0.00352163
-3.08e-06	2.8e-07	0.00479558
-2.8e-06	2.8e-07	-0.00574084
-2.52e-06	2.8e-07	0.00631489
-2.24e-06	2.8e-07	-0.0064955
-1.96e-06	2.8e-07	0.00628277
-1.68e-06	2.8e-07	-0.00569999
-1.4e-06	2.8e-07	0.00479372
-1.12e-06	2.8e-07	-0.00363279
-8.4e-07	2.8e-07	0.00230521
-5.6e-07	2.8e-07	-0.000903615
-2.8e-07	2.8e-07	-0.000549099
0	2.8e-07	0.002143
2.8e-07	2.8e-07	-0.00379263
5.6e-07	2.8e-07	0.00517652
8.4e-07	2.8e-07	-0.00620301
1.12e-06	2.8e-07	0.00683214
1.4e-06	2.8e-07	-0.00704425
1.68e-06	2.8e-07	0.00683735
1.96e-06	2.8e-07	-0.00622855
2.24e-06	2.8e-07	0.00525458
2.52e-06	2.8e-07	-0.00397084
2.8e-06	2.8e-07	0.00244899
3.08e-06	2.8e-07	-0.000773471
3.36e-06	2.8e-07	-0.000962886
3.64e-06	2.8e-07	0.00266363
3.92e-06	2.8e-07	-0.00423369
4.2e-06	2.8e-07	0.00558413
4.48e-06	2.8e-07	-0.00663613
4.76e-06	2.8e-07	0.00732269
5.04e-06	2.8e-07	-0.00758021
5.32e-06	2.8e-07	0.00728567
-5.6e-06	5.6e-07	-0.00588046
-5.32e-06	5.6e-07	0.00453416
-5.04e-06	5.6e-07	-0.00347442
-4.76e-06	5.6e-07	0.00254172
-4.48e-06	5.6e-07	-0.00164767
-4.2e-06	5.6e-07	0.000770966
-3.92e-06	5.6e-07	7.52988e-05
-3.64e-06	5.6e-07	-0.000863183
-3.36e-06	5.6e-07	0.00156025
-3.08e-06	5.6e-07	-0.00213541
-2.8e-06	5.6e-07	0.00256253
-2.52e-06	5.6e-07	-0.0028229
-2.24e-06	5.6e-07	0.00290677
-1.96e-06	5.6e-07	-0.00281444
-1.68e-06	5.6e-07	0.00255654
-1.4e-06	5.6e-07	-0.00215394
-1.12e-06	5.6e-07	0.00163661
-8.4e-07	5.6e-07	-0.00104051
-5.6e-07	5.6e-07	0.000399046
-2.8e-07	5.6e-07	0.000275339
0	5.6e-07	-0.000989134
2.8e-07	5.6e-07	0.00170013
5.6e-07	5.6e-07	-0.00231145
8.4e-07	5.6e-07	0.00277189
1.12e-06	5.6e-07	-0.00305642
1.4e-06	5.6e-07	0.00315371
1.68e-06	5.6e-07	-0.00306231
1.96e-06	5.6e-07	0.00278996
2.24e-06	5.6e-07	-0.0023533
2.52e-06	5.6e-07	0.00177736
2.8e-06	5.6e-07	-0.00109443
3.08e-06	5.6e-07	0.000342513
3.36e-06	5.6e-07	0.000436614
3.64e-06	5.6e-07	-0.0011995
3.92e-06	5.6e-07	0.0019032
4.2e-06	5.6e-07	-0.00250719
4.48e-06	5.6e-07	0.0029746
4.76e-06	5.6e-07	-0.00327161
5.04e-06	5.6e-07	0.00336197
5.32e-06	5.6e-07	-0.0031919
-5.6e-06	8.4e-07	0.00268876
-5.32e-06	8.4e-07	-0.00213144
-5.04e-06	8.4e-07	0.00163697
-4.76e-06	8.4e-07	-0.00119247
-4.48e-06	8.4e-07	0.000772974
-4.2e-06	8.4e-07	-0.000368537
-3.92e-06	8.4e-07	-1.76528e-05
-3.64e-06	8.4e-07	0.000375091
-3.36e-06	8.4e-07	-0.000690425
-3.08e-06	8.4e-07	0.000950355
-2.8e-06	8.4e-07	-0.00114352
-2.52e-06	8.4e-07	0.00126171
-2.24e-06	8.4e-07	-0.00130072
-1.96e-06	8.4e-07	0.00126074
-1.68e-06	8.4e-07	-0.00114659
-1.4e-06	8.4e-07	0.000967482
-1.12e-06	8.4e-07	-0.000736291
-8.4e-07	8.4e-07	0.000467814
-5.6e-07	8.4e-07	-0.00017539
-2.8e-07	8.4e-07	-0.00013328
0	8.4e-07	0.000452783
2.8e-07	8.4e-07	-0.000763863
5.6e-07	8.4e-07	0.00103376
8.4e-07	8.4e-07	-0.00123931
1.12e-06	8.4e-07	0.00136738
1.4e-06	8.4e-07	-0.00141176
1.68e-06	8.4e-07	0.00137135
1.96e-06	8.4e-07	-0.00124953
2.24e-06	8.4e-07	0.0010538
2.52e-06	8.4e-07	-0.000795447
2.8e-06	8.4e-07	0.000489016
3.08e-06	8.4e-07	-0.00015162
3.36e-06	8.4e-07	-0.000197921
3.64e-06	8.4e-07	0.000540011
3.92e-06	8.4e-07	-0.000855197
4.2e-06	8.4e-07	0.00112495
4.48e-06	8.4e-07	-0.00133206
4.76e-06	8.4e-07	0.00146037
5.04e-06	8.4e-07	-0.00149351
5.32e-06	8.4e-07	0.00141485
-5.6e-06	1.12e-06	-0.00122219
-5.32e-06	1.12e-06	0.000990488
-5.04e-06	1.12e-06	-0.000766882
-4.76e-06	1.12e-06	0.000559303
-4.48e-06	1.12e-06	-0.000363596
-4.2e-06	1.12e-06	0.000176891
-3.92e-06	1.12e-06	-2.71709e-07
-3.64e-06	1.12e-06	-0.000162209
-3.36e-06	1.12e-06	0.000305074
-3.08e-06	1.12e-06	-0.00042268
-2.8e-06	1.12e-06	0.000510121
-2.52e-06	1.12e-06	-0.000563832
-2.24e-06	1.12e-06	0.000581986
-1.96e-06	1.12e-06	-0.000564714
-1.68e-06	1.12e-06	0.000514162
-1.4e-06	1.12e-06	-0.000434364
-1.12e-06	1.12e-06	0.000330836
-8.4e-07	1.12e-06	-0.000209794
-5.6e-07	1.12e-06	7.69782e-05
-2.8e-07	1.12e-06	6.32161e-05
0	1.12e-06	-0.000206242
2.8e-07	1.12e-06	0.000343496
5.6e-07	1.12e-06	-0.000462847
8.4e-07	1.12e-06	0.000554391
1.12e-06	1.12e-06	-0.000611822
1.4e-06	1.12e-06	0.00063194
1.68e-06	1.12e-06	-0.000614039
1.96e-06	1.12e-06	0.000559549
2.24e-06	1.12e-06	-0.000471826
2.52e-06	1.12e-06	0.000355948
2.8e-06	1.12e-06	-0.000218471
3.08e-06	1.12e-06	6.71e-05
3.36e-06	1.12e-06	8.9681e-05
3.64e-06	1.12e-06	-0.000243022
3.92e-06	1.12e-06	0.000384102
4.2e-06	1.12e-06	-0.000504456
4.48e-06	1.12e-06	0.000596164
4.76e-06	1.12e-06	-0.000651883
5.04e-06	1.12e-06	0.000664984
5.32e-06	1.12e-06	-0.000631094
-5.6e-06	1.4e-06	0.000554227
-5.32e-06	1.4e-06	-0.000456986
-5.04e-06	1.4e-06	0.000357354
-4.76e-06	1.4e-06	-0.000261848
-4.48e-06	1.4e-06	0.000171177
-4.2e-06	1.4e-06	-8.50916e-05
-3.92e-06	1.4e-06	4.22671e-06
-3.64e-06	1.4e-06	6.97517e-05
-3.36e-06	1.4e-06	-0.000134573
-3.08e-06	1.4e-06	0.00018785
-2.8e-06	1.4e-06	-0.000227477
-2.52e-06	1.4e-06	0.000251911
-2.24e-06	1.4e-06	-0.000260367
-1.96e-06	1.4e-06	0.000252918
-1.68e-06	1.4e-06	-0.000230515
-1.4e-06	1.4e-06	0.000194917
-1.12e-06	1.4e-06	-0.000148498
-8.4e-07	1.4e-06	9.39273e-05
-5.6e-07	1.4e-06	-3.37842e-05
-2.8e-07	1.4e-06	-2.96072e-05
0	1.4e-06	9.36454e-05
2.8e-07	1.4e-06	-0.000154501
5.6e-07	1.4e-06	0.000207388
8.4e-07	1.4e-06	-0.000248119
1.12e-06	1.4e-06	0.000273803
1.4e-06	1.4e-06	-0.000282873
1.68e-06	1.4e-06	0.00027492
1.96e-06	1.4e-06	-0.000250541
2.24e-06	1.4e-06	0.000211227
2.52e-06	1.4e-06	-0.00015926
2.8e-06	1.4e-06	9.759e-05
3.08e-06	1.4e-06	-2.96901e-05
3.36e-06	1.4e-06	-4.06142e-05
3.64e-06	1.4e-06	0.000109324
3.92e-06	1.4e-06	-0.00017244
4.2e-06	1.4e-06	0.000226111
4.48e-06	1.4e-06	-0.000266747
4.76e-06	1.4e-06	0.000291133
5.04e-06	1.4e-06	-0.000296716
5.32e-06	1.4e-06	0.000282515
-5.6e-06	1.68e-06	-0.000251068
-5.32e-06	1.68e-06	0.000209875
-5.04e-06	1.68e-06	-0.000165781
-4.76e-06	1.68e-06	0.000122287
-4.48e-06	1.68e-06	-8.05545e-05
-4.2e-06	1.68e-06	4.09528e-05
-3.92e-06	1.68e-06	-3.92188e-06
-3.64e-06	1.68e-06	-2.9799e-05
-3.36e-06	1.68e-06	5.9249e-05
-3.08e-06	1.68e-06	-8.34142e-05
-2.8e-06	1.68e-06	0.000101392
-2.52e-06	1.68e-06	-0.00011252
-2.24e-06	1.68e-06	0.000116462
-1.96e-06	1.68e-06	-0.000113255
-1.68e-06	1.68e-06	0.00010332
-1.4e-06	1.68e-06	-8.74237e-05
-1.12e-06	1.68e-06	6.65963e-05
-8.4e-07	1.68e-06	-4.20061e-05
-5.6e-07	1.68e-06	1.48343e-05
-2.8e-07	1.68e-06	1.37515e-05
0	1.68e-06	-4.24286e-05
2.8e-07	1.68e-06	6.94915e-05
5.6e-07	1.68e-06	-9.2971e-05
8.4e-07	1.68e-06	0.00011109
1.12e-06	1.68e-06	-0.000122555
1.4e-06	1.68e-06	0.000126626
1.68e-06	1.68e-06	-0.000123082
1.96e-06	1.68e-06	0.00011217
2.24e-06	1.68e-06	-9.45509e-05
2.52e-06	1.68e-06	7.12478e-05
2.8e-06	1.68e-06	-4.35879e-05
3.08e-06	1.68e-06	1.3136e-05
3.36e-06	1.68e-06	1.83823e-05
3.64e-06	1.68e-06	-4.91598e-05
3.92e-06	1.68e-06	7.73866e-05
4.2e-06	1.68e-06	-0.000101321
4.48e-06	1.68e-06	0.000119356
4.76e-06	1.68e-06	-0.000130114
5.04e-06	1.68e-06	0.000132633
5.32e-06	1.68e-06	-0.000126753
-5.6e-06	1.96e-06	0.000113683
-5.32e-06	1.96e-06	-9.60953e-05
-5.04e-06	1.96e-06	7.66352e-05
-4.76e-06	1.96e-06	-5.69636e-05
-4.48e-06	1.96e-06	3.78621e-05
-4.2e-06	1.96e-06	-1.96937e-05
-3.92e-06	1.96e-06	2.74437e-06
-3.64e-06	1.96e-06	1.26364e-05
-3.36e-06	1.96e-06	-2.60306e-05
-3.08e-06	1.96e-06	3.70041e-05
-2.8e-06	1.96e-06	-4.517e-05
-2.52e-06	1.96e-06	5.02437e-05
-2.24e-06	1.96e-06	-5.20819e-05
-1.96e-06	1.96e-06	5.07041e-05
-1.68e-06	1.96e-06	-4.62958e-05
-1.4e-06	1.96e-06	3.91925e-05
-1.12e-06	1.96e-06	-2.9845e-05
-8.4e-07	1.96e-06	1.87717e-05
-5.6e-07	1.96e-06	-6.51756e-06
-2.8e-07	1.96e-06	-6.3505e-06
0	1.96e-06	1.9194e-05
2.8e-07	1.96e-06	-3.1252e-05
5.6e-07	1.96e-06	4.16919e-05
8.4e-07	1.96e-06	-4.97542e-05
1.12e-06	1.96e-06	5.48662e-05
1.4e-06	1.96e-06	-5.66859e-05
1.68e-06	1.96e-06	5.51019e-05
1.96e-06	1.96e-06	-5.02157e-05
2.24e-06	1.96e-06	4.23192e-05
2.52e-06	1.96e-06	-3.18705e-05
2.8e-06	1.96e-06	1.94664e-05
3.08e-06	1.96e-06	-5.81172e-06
3.36e-06	1.96e-06	-8.31501e-06
3.64e-06	1.96e-06	2.20979e-05
3.92e-06	1.96e-06	-3.47193e-05
4.2e-06	1.96e-06	4.53959e-05
4.48e-06	1.96e-06	-5.34165e-05
4.76e-06	1.96e-06	5.81969e-05
5.04e-06	1.96e-06	-5.93738e-05
5.32e-06	1.96e-06	5.69535e-05
-5.6e-06	2.24e-06	-5.14642e-05
-5.32e-06	2.24e-06	4.39081e-05
-5.04e-06	2.24e-06	-3.53271e-05
-4.76e-06	2.24e-06	2.64701e-05
-4.48e-06	2.24e-06	-1.77668e-05
-4.2e-06	2.24e-06	9.45434e-06
-3.92e-06	2.24e-06	-1.70382e-06
-3.64e-06	2.24e-06	-5.31323e-06
-3.36e-06	2.24e-06	1.141e-05
-3.08e-06	2.24e-06	-1.63983e-05
-2.8e-06	2.24e-06	2.01114e-05
-2.52e-06	2.24e-06	-2.24273e-05
-2.24e-06	2.24e-06	2.3285e-05
-1.96e-06	2.24e-06	-2.26945e-05
-1.68e-06	2.24e-06	2.07378e-05
-1.4e-06	2.24e-06	-1.75624e-05
-1.12e-06	2.24e-06	1.3367e-05
-8.4e-07	2.24e-06	-8.38413e-06
-5.6e-07	2.24e-06	2.86513e-06
-2.8e-07	2.24e-06	2.92068e-06
0	2.24e-06	-8.67323e-06
2.8e-07	2.24e-06	1.40525e-05
5.6e-07	2.24e-06	-1.87002e-05
8.4e-07	2.24e-06	2.22891e-05
1.12e-06	2.24e-06	-2.45669e-05
1.4e-06	2.24e-06	2.53779e-05
1.68e-06	2.24e-06	-2.46679e-05
1.96e-06	2.24e-06	2.24789e-05
2.24e-06	2.24e-06	-1.89396e-05
2.52e-06	2.24e-06	1.42549e-05
2.8e-06	2.24e-06	-8.69297e-06
3.08e-06	2.24e-06	2.57133e-06
3.36e-06	2.24e-06	3.75909e-06
3.64e-06	2.24e-06	-9.93023e-06
3.92e-06	2.24e-06	1.55739e-05
4.2e-06	2.24e-06	-2.03392e-05
4.48e-06	2.24e-06	2.39136e-05
4.76e-06	2.24e-06	-2.60503e-05
5.04e-06	2.24e-06	2.66106e-05
5.32e-06	2.24e-06	-2.56178e-05
-5.6e-06	2.52e-06	2.32956e-05
-5.32e-06	2.52e-06	-2.00334e-05
-5.04e-06	2.52e-06	1.62492e-05
-4.76e-06	2.52e-06	-1.22734e-05
-4.48e-06	2.52e-06	8.32197e-06
-4.2e-06	2.52e-06	-4.52859e-06
-3.92e-06	2.52e-06	9.88665e-07
-3.64e-06	2.52e-06	2.21234e-06
-3.36e-06	2.52e-06	-4.989e-06
-3.08e-06	2.52e-06	7.25845e-06
-2.8e-06	2.52e-06	-8.94856e-06
-2.52e-06	2.52e-06	1.00068e-05
-2.24e-06	2.52e-06	-1.04072e-05
-1.96e-06	2.52e-06	1.01549e-05
-1.68e-06	2.52e-06	-9.28623e-06
-1.4e-06	2.52e-06	7.86645e-06
-1.12e-06	2.52e-06	-5.98384e-06
-8.4e-07	2.52e-06	3.74309e-06
-5.6e-07	2.52e-06	-1.26006e-06
-2.8e-07	2.52e-06	-1.33922e-06
0	2.52e-06	3.91584e-06
2.8e-07	2.52e-06	-6.3177e-06
5.6e-07	2.52e-06	8.3888e-06
8.4e-07	2.52e-06	-9.98714e-06
1.12e-06	2.52e-06	1.10016e-05
1.4e-06	2.52e-06	-1.13623e-05
1.68e-06	2.52e-06	1.10433e-05
1.96e-06	2.52e-06	-1.00621e-05
2.24e-06	2.52e-06	8.47558e-06
2.52e-06	2.52e-06	-6.3753e-06
2.8e-06	2.52e-06	3.88171e-06
3.08e-06	2.52e-06	-1.1377e-06
3.36e-06	2.52e-06	-1.6986e-06
3.64e-06	2.52e-06	4.46139e-06
3.92e-06	2.52e-06	-6.98523e-06
4.2e-06	2.52e-06	9.11373e-06
4.48e-06	2.52e-06	-1.07098e-05
4.76e-06	2.52e-06	1.16693e-05
5.04e-06	2.52e-06	-1.19383e-05
5.32e-06	2.52e-06	1.15321e-05
-5.6e-06	2.8e-06	-1.05446e-05
-5.32e-06	2.8e-06	9.13072e-06
-5.04e-06	2.8e-06	-7.46103e-06
-4.76e-06	2.8e-06	5.67992e-06
-4.48e-06	2.8e-06	-3.89088e-06
-4.2e-06	2.8e-06	2.16373e-06
-3.92e-06	2.8e-06	-5.49015e-07
-3.64e-06	2.8e-06	-9.1069e-07
-3.36e-06	2.8e-06	2.17564e-06
-3.08e-06	2.8e-06	-3.20886e-06
-2.8e-06	2.8e-06	3.97882e-06
-2.52e-06	2.8e-06	-4.46282e-06
-2.24e-06	2.8e-06	4.64988e-06
-1.96e-06	2.8e-06	-4.54248e-06
-1.68e-06	2.8e-06	4.1569e-06
-1.4e-06	2.8e-06	-3.52209e-06
-1.12e-06	2.8e-06	2.67752e-06
-8.4e-07	2.8e-06	-1.67052e-06
-5.6e-07	2.8e-06	5.54322e-07
-2.8e-07	2.8e-06	6.12685e-07
0	2.8e-06	-1.76679e-06
2.8e-07	2.8e-06	2.83987e-06
5.6e-07	2.8e-06	-3.76348e-06
8.4e-07	2.8e-06	4.47564e-06
1.12e-06	2.8e-06	-4.92742e-06
1.4e-06	2.8e-06	5.08749e-06
1.68e-06	2.8e-06	-4.94389e-06
1.96e-06	2.8e-06	4.50389e-06
2.24e-06	2.8e-06	-3.79265e-06
2.52e-06	2.8e-06	2.85107e-06
2.8e-06	2.8e-06	-1.73323e-06
3.08e-06	2.8e-06	5.03398e-07
3.36e-06	2.8e-06	7.67232e-07
3.64e-06	2.8e-06	-2.00409e-06
3.92e-06	2.8e-06	3.133e-06
4.2e-06	2.8e-06	-4.08445e-06
4.48e-06	2.8e-06	4.79848e-06
4.76e-06	2.8e-06	-5.23086e-06
5.04e-06	2.8e-06	5.3602e-06
5.32e-06	2.8e-06	-5.19449e-06
-5.6e-06	3.08e-06	4.7729e-06
-5.32e-06	3.08e-06	-4.15827e-06
-5.04e-06	3.08e-06	3.42108e-06
-4.76e-06	3.08e-06	-2.62419e-06
-4.48e-06	3.08e-06	1.81595e-06
-4.2e-06	3.08e-06	-1.03114e-06
-3.92e-06	3.08e-06	2.95541e-07
-3.64e-06	3.08e-06	3.69758e-07
-3.36e-06	3.08e-06	-9.46076e-07
-3.08e-06	3.08e-06	1.41671e-06
-2.8e-06	3.08e-06	-1.76775e-06
-2.52e-06	3.08e-06	1.98932e-06
-2.24e-06	3.08e-06	-2.07674e-06
-1.96e-06	3.08e-06	2.03125e-06
-1.68e-06	3.08e-06	-1.86014e-06
-1.4e-06	3.08e-06	1.57636e-06
-1.12e-06	3.08e-06	-1.19759e-06
-8.4e-07	3.08e-06	7.4531e-07
-5.6e-07	3.08e-06	-2.43887e-07
-2.8e-07	3.08e-06	-2.79819e-07
0	3.08e-06	7.96746e-07
2.8e-07	3.08e-06	-1.27637e-06
5.6e-07	3.08e-06	1.68851e-06
8.4e-07	3.08e-06	-2.00595e-06
1.12e-06	3.08e-06	2.20713e-06
1.4e-06	3.08e-06	-2.27809e-06
1.68e-06	3.08e-06	2.21333e-06
1.96e-06	3.08e-06	-2.01594e-06
2.24e-06	3.08e-06	1.69705e-06
2.52e-06	3.08e-06	-1.27494e-06
2.8e-06	3.08e-06	7.73871e-07
3.08e-06	3.08e-06	-2.22736e-07
3.36e-06	3.08e-06	-3.46447e-07
3.64e-06	3.08e-06	9.00186e-07
3.92e-06	3.08e-06	-1.4053e-06
4.2e-06	3.08e-06	1.83094e-06
4.48e-06	3.08e-06	-2.15088e-06
4.76e-06	3.08e-06	2.34624e-06
5.04e-06	3.08e-06	-2.40836e-06
5.32e-06	3.08e-06	2.34098e-06
-5.6e-06	3.36e-06	-2.16045e-06
-5.32e-06	3.36e-06	1.89261e-06
-5.04e-06	3.36e-06	-1.5669e-06
-4.76e-06	3.36e-06	1.21067e-06
-4.48e-06	3.36e-06	-8.46141e-07
-4.2e-06	3.36e-06	4.90129e-07
-3.92e-06	3.36e-06	-1.55441e-07
-3.64e-06	3.36e-06	-1.47596e-07
-3.36e-06	3.36e-06	4.10153e-07
-3.08e-06	3.36e-06	-6.24601e-07
-2.8e-06	3.36e-06	7.84741e-07
-2.52e-06	3.36e-06	-8.86249e-07
-2.24e-06	3.36e-06	9.27121e-07
-1.96e-06	3.36e-06	-9.07969e-07
-1.68e-06	3.36e-06	8.3208e-07
-1.4e-06	3.36e-06	-7.05253e-07
-1.12e-06	3.36e-06	5.35456e-07
-8.4e-07	3.36e-06	-3.32425e-07
-5.6e-07	3.36e-06	1.073e-07
-2.8e-07	3.36e-06	1.27627e-07
0	3.36e-06	-3.59153e-07
2.8e-07	3.36e-06	5.73596e-07
5.6e-07	3.36e-06	-7.57584e-07
8.4e-07	3.36e-06	8.99131e-07
1.12e-06	3.36e-06	-9.88725e-07
1.4e-06	3.36e-06	1.02015e-06
1.68e-06	3.36e-06	-9.90904e-07
1.96e-06	3.36e-06	9.0232e-07
2.24e-06	3.36e-06	-7.59329e-07
2.52e-06	3.36e-06	5.701e-07
2.8e-06	3.36e-06	-3.45512e-07
3.08e-06	3.36e-06	9.85468e-08
3.36e-06	3.36e-06	1.56412e-07
3.64e-06	3.36e-06	-4.04343e-07
3.92e-06	3.36e-06	6.30423e-07
4.2e-06	3.36e-06	-8.20978e-07
4.48e-06	3.36e-06	9.64531e-07
4.76e-06	3.36e-06	-1.05298e-06
5.04e-06	3.36e-06	1.08273e-06
5.32e-06	3.36e-06	-1.05544e-06
-5.6e-06	3.64e-06	9.77954e-07
-5.32e-06	3.64e-06	-8.61005e-07
-5.04e-06	3.64e-06	7.16999e-07
-4.76e-06	3.64e-06	-5.57851e-07
-4.48e-06	3.64e-06	3.93656e-07
-4.2e-06	3.64e-06	-2.32395e-07
-3.92e-06	3.64e-06	8.02933e-08
-3.64e-06	3.64e-06	5.76431e-08
-3.36e-06	3.64e-06	-1.77232e-07
-3.08e-06	3.64e-06	2.74965e-07
-2.8e-06	3.64e-06	-3.48053e-07
-2.52e-06	3.64e-06	3.94586e-07
-2.24e-06	3.64e-06	-4.13703e-07
-1.96e-06	3.64e-06	4.057e-07
-1.68e-06	3.64e-06	-3.72065e-07
-1.4e-06	3.64e-06	3.15405e-07
-1.12e-06	3.64e-06	-2.39319e-07
-8.4e-07	3.64e-06	1.48224e-07
-5.6e-07	3.64e-06	-4.71981e-08
-2.8e-07	3.64e-06	-5.81523e-08
0	3.64e-06	1.61845e-07
2.8e-07	3.64e-06	-2.57743e-07
5.6e-07	3.64e-06	3.39909e-07
8.4e-07	3.64e-06	-4.03045e-07
1.12e-06	3.64e-06	4.42947e-07
1.4e-06	3.64e-06	-4.56851e-07
1.68e-06	3.64e-06	4.43633e-07
1.96e-06	3.64e-06	-4.03866e-07
2.24e-06	3.64e-06	3.39743e-07
2.52e-06	3.64e-06	-2.54912e-07
2.8e-06	3.64e-06	1.54254e-07
3.08e-06	3.64e-06	-4.35943e-08
3.36e-06	3.64e-06	-7.06113e-08
3.64e-06	3.64e-06	1.81633e-07
3.92e-06	3.64e-06	-2.82858e-07
4.2e-06	3.64e-06	3.68227e-07
4.48e-06	3.64e-06	-4.32712e-07
4.76e-06	3.64e-06	4.72812e-07
5.04e-06	3.64e-06	-4.87004e-07
5.32e-06	3.64e-06	4.76006e-07
-5.6e-06	3.92e-06	-4.42688e-07
-5.32e-06	3.92e-06	3.91541e-07
-5.04e-06	3.92e-06	-3.27833e-07
-4.76e-06	3.92e-06	2.56759e-07
-4.48e-06	3.92e-06	-1.8288e-07
-4.2e-06	3.92e-06	1.09927e-07
-3.92e-06	3.92e-06	-4.08791e-08
-3.64e-06	3.92e-06	-2.18599e-08
-3.36e-06	3.92e-06	7.6312e-08
-3.08e-06	3.92e-06	-1.20853e-07
-2.8e-06	3.92e-06	1.5422e-07
-2.52e-06	3.92e-06	-1.75563e-07
-2.24e-06	3.92e-06	1.84506e-07
-1.96e-06	3.92e-06	-1.81193e-07
-1.68e-06	3.92e-06	1.66298e-07
-1.4e-06	3.92e-06	-1.40998e-07
-1.12e-06	3.92e-06	1.0692e-07
-8.4e-07	3.92e-06	-6.60677e-08
-5.6e-07	3.92e-06	2.07531e-08
-2.8e-07	3.92e-06	2.6475e-08
0	3.92e-06	-7.29105e-08
2.8e-07	3.92e-06	1.15801e-07
5.6e-07	3.92e-06	-1.52504e-07
8.4e-07	3.92e-06	1.80672e-07
1.12e-06	3.92e-06	-1.98444e-07
1.4e-06	3.92e-06	2.04592e-07
1.68e-06	3.92e-06	-1.98614e-07
1.96e-06	3.92e-06	1.80758e-07
2.24e-06	3.92e-06	-1.52e-07
2.52e-06	3.92e-06	1.13972e-07
2.8e-06	3.92e-06	-6.88611e-08
3.08e-06	3.92e-06	1.92798e-08
3.36e-06	3.92e-06	3.18768e-08
3.64e-06	3.92e-06	-8.1597e-08
3.92e-06	3.92e-06	1.26933e-07
4.2e-06	3.92e-06	-1.65202e-07
4.48e-06	3.92e-06	1.94193e-07
4.76e-06	3.92e-06	-2.12387e-07
5.04e-06	3.92e-06	2.19128e-07
5.32e-06	3.92e-06	-2.14718e-07
-5.6e-06	4.2e-06	2.00366e-07
-5.32e-06	4.2e-06	-1.77966e-07
-5.04e-06	4.2e-06	1.49768e-07
-4.76e-06	4.2e-06	-1.1804e-07
-4.48e-06	4.2e-06	8.48315e-08
-4.2e-06	4.2e-06	-5.18691e-08
-3.92e-06	4.2e-06	2.05612e-08
-3.64e-06	4.2e-06	7.94891e-09
-3.36e-06	4.2e-06	-3.27277e-08
-3.08e-06	4.2e-06	5.30216e-08
-2.8e-06	4.2e-06	-6.82544e-08
-2.52e-06	4.2e-06	7.80446e-08
-2.24e-06	4.2e-06	-8.22276e-08
-1.96e-06	4.2e-06	8.0872e-08
-1.68e-06	4.2e-06	-7.42838e-08
-1.4e-06	4.2e-06	6.2995e-08
-1.12e-06	4.2e-06	-4.77416e-08
-8.4e-07	4.2e-06	2.94329e-08
-5.6e-07	4.2e-06	-9.11903e-09
-2.8e-07	4.2e-06	-1.20435e-08
0	4.2e-06	3.28326e-08
2.8e-07	4.2e-06	-5.20136e-08
5.6e-07	4.2e-06	6.84085e-08
8.4e-07	4.2e-06	-8.0976e-08
1.12e-06	4.2e-06	8.8891e-08
1.4e-06	4.2e-06	-9.16082e-08
1.68e-06	4.2e-06	8.89028e-08
1.96e-06	4.2e-06	-8.0885e-08
2.24e-06	4.2e-06	6.79894e-08
2.52e-06	4.2e-06	-5.09456e-08
2.8e-06	4.2e-06	3.07328e-08
3.08e-06	4.2e-06	-8.52243e-09
3.36e-06	4.2e-06	-1.43889e-08
3.64e-06	4.2e-06	3.66547e-08
3.92e-06	4.2e-06	-5.69617e-08
4.2e-06	4.2e-06	7.41201e-08
4.48e-06	4.2e-06	-8.7157e-08
4.76e-06	4.2e-06	9.54062e-08
5.04e-06	4.2e-06	-9.85813e-08
5.32e-06	4.2e-06	9.68102e-08
-5.6e-06	4.48e-06	-9.06108e-08
-5.32e-06	4.48e-06	8.07895e-08
-5.04e-06	4.48e-06	-6.83093e-08
-4.76e-06	4.48e-06	5.41596e-08
-4.48e-06	4.48e-06	-3.92564e-08
-4.2e-06	4.48e-06	2.43916e-08
-3.92e-06	4.48e-06	-1.02234e-08
-3.64e-06	4.48e-06	-2.70913e-09
-3.36e-06	4.48e-06	1.39676e-08
-3.08e-06	4.48e-06	-2.32021e-08
-2.8e-06	4.48e-06	3.01489e-08
-2.52e-06	4.48e-06	-3.46356e-08
-2.24e-06	4.48e-06	3.65896e-08
-1.96e-06	4.48e-06	-3.6043e-08
-1.68e-06	4.48e-06	3.31348e-08
-1.4e-06	4.48e-06	-2.81056e-08
-1.12e-06	4.48e-06	2.12883e-08
-8.4e-07	4.48e-06	-1.30946e-08
-5.6e-07	4.48e-06	4.00076e-09
-2.8e-07	4.48e-06	5.47003e-09
0	4.48e-06	-1.47669e-08
2.8e-07	4.48e-06	2.33366e-08
5.6e-07	4.48e-06	-3.06539e-08
8.4e-07	4.48e-06	3.62564e-08
1.12e-06	4.48e-06	-3.97783e-08
1.4e-06	4.48e-06	4.09775e-08
1.68e-06	4.48e-06	-3.97542e-08
1.96e-06	4.48e-06	3.61571e-08
2.24e-06	4.48e-06	-3.038e-08
2.52e-06	4.48e-06	2.27488e-08
2.8e-06	4.48e-06	-1.37015e-08
3.08e-06	4.48e-06	3.76233e-09
3.36e-06	4.48e-06	6.48882e-09
3.64e-06	4.48e-06	-1.64507e-08
3.92e-06	4.48e-06	2.55383e-08
4.2e-06	4.48e-06	-3.3223e-08
4.48e-06	4.48e-06	3.90731e-08
4.76e-06	4.48e-06	-4.2791e-08
5.04e-06	4.48e-06	4.42457e-08
5.32e-06	4.48e-06	-4.34952e-08
-5.6e-06	4.76e-06	4.07892e-08
-5.32e-06	4.76e-06	-3.64795e-08
-5.04e-06	4.76e-06	3.09718e-08
-4.76e-06	4.76e-06	-2.46905e-08
-4.48e-06	4.76e-06	1.80392e-08
-4.2e-06	4.76e-06	-1.13759e-08
-3.92e-06	4.76e-06	5.00356e-09
-3.64e-06	4.76e-06	8.27019e-10
-3.36e-06	4.76e-06	-5.91195e-09
-3.08e-06	4.76e-06	1.00897e-08
-2.8e-06	4.76e-06	-1.32397e-08
-2.52e-06	4.76e-06	1.52844e-08
-2.24e-06	4.76e-06	-1.61912e-08
-1.96e-06	4.76e-06	1.59752e-08
-1.68e-06	4.76e-06	-1.4699e-08
-1.4e-06	4.76e-06	1.2471e-08
-1.12e-06	4.76e-06	-9.44103e-09
-8.4e-07	4.76e-06	5.79448e-09
-5.6e-07	4.76e-06	-1.74575e-09
-2.8e-07	4.76e-06	-2.46989e-09
0	4.76e-06	6.60568e-09
2.8e-07	4.76e-06	-1.04149e-08
5.6e-07	4.76e-06	1.36644e-08
8.4e-07	4.76e-06	-1.61496e-08
1.12e-06	4.76e-06	1.77089e-08
1.4e-06	4.76e-06	-1.82355e-08
1.68e-06	4.76e-06	1.76852e-08
1.96e-06	4.76e-06	-1.60797e-08
2.24e-06	4.76e-06	1.35049e-08
2.52e-06	4.76e-06	-1.01058e-08
2.8e-06	4.76e-06	6.07714e-09
3.08e-06	4.76e-06	-1.65233e-09
3.36e-06	4.76e-06	-2.91062e-09
3.64e-06	4.76e-06	7.34436e-09
3.92e-06	4.76e-06	-1.13888e-08
4.2e-06	4.76e-06	1.48076e-08
4.48e-06	4.76e-06	-1.74038e-08
4.76e-06	4.76e-06	1.90322e-08
5.04e-06	4.76e-06	-1.96125e-08
5.32e-06	4.76e-06	1.91665e-08
-5.6e-06	5.04e-06	-1.79201e-08
-5.32e-06	5.04e-06	1.60382e-08
-5.04e-06	5.04e-06	-1.36558e-08
-4.76e-06	5.04e-06	1.09356e-08
-4.48e-06	5.04e-06	-8.04495e-09
-4.2e-06	5.04e-06	5.1388e-09
-3.92e-06	5.04e-06	-2.3515e-09
-3.64e-06	5.04e-06	-2.04517e-10
-3.36e-06	5.04e-06	2.43756e-09
-3.08e-06	5.04e-06	-4.27523e-09
-2.8e-06	5.04e-06	5.66399e-09
-2.52e-06	5.04e-06	-6.56956e-09
-2.24e-06	5.04e-06	6.97781e-09
-1.96e-06	5.04e-06	-6.89544e-09
-1.68e-06	5.04e-06	6.34995e-09
-1.4e-06	5.04e-06	-5.3888e-09
-1.12e-06	5.04e-06	4.07759e-09
-8.4e-07	5.04e-06	-2.49757e-09
-5.6e-07	5.04e-06	7.42581e-10
-2.8e-07	5.04e-06	1.08453e-09
0	5.04e-06	-2.87621e-09
2.8e-07	5.04e-06	4.52532e-09
5.6e-07	5.04e-06	-5.931e-09
8.4e-07	5.04e-06	7.00499e-09
1.12e-06	5.04e-06	-7.67768e-09
1.4e-06	5.04e-06	7.90309e-09
1.68e-06	5.04e-06	-7.66221e-09
1.96e-06	5.04e-06	6.96444e-09
2.24e-06	5.04e-06	-5.84697e-09
2.52e-06	5.04e-06	4.37256e-09
2.8e-06	5.04e-06	-2.62563e-09
3.08e-06	5.04e-06	7.07336e-10
3.36e-06	5.04e-06	1.27046e-09
3.64e-06	5.04e-06	-3.19166e-09
3.92e-06	5.04e-06	4.94254e-09
4.2e-06	5.04e-06	-6.41706e-09
4.48e-06	5.04e-06	7.51813e-09
4.76e-06	5.04e-06	-8.14922e-09
5.04e-06	5.04e-06	8.194e-09
5.32e-06	5.04e-06	-7.54955e-09
-5.6e-06	5.32e-06	6.82338e-09
-5.32e-06	5.32e-06	-6.06431e-09
-5.04e-06	5.32e-06	5.16444e-09
-4.76e-06	5.32e-06	-4.14714e-09
-4.48e-06	5.32e-06	3.06581e-09
-4.2e-06	5.32e-06	-1.97647e-09
-3.92e-06	5.32e-06	9.29548e-10
-3.64e-06	5.32e-06	3.20986e-11
-3.36e-06	5.32e-06	-8.73373e-10
-3.08e-06	5.32e-06	1.56661e-09
-2.8e-06	5.32e-06	-2.09142e-09
-2.52e-06	5.32e-06	2.43484e-09
-2.24e-06	5.32e-06	-2.59154e-09
-1.96e-06	5.32e-06	2.56407e-09
-1.68e-06	5.32e-06	-2.3628e-09
-1.4e-06	5.32e-06	2.00556e-09
-1.12e-06	5.32e-06	-1.51703e-09
-8.4e-07	5.32e-06	9.27762e-10
-5.6e-07	5.32e-06	-2.7302e-10
-2.8e-07	5.32e-06	-4.08593e-10
0	5.32e-06	1.07679e-09
2.8e-07	5.32e-06	-1.69153e-09
5.6e-07	5.32e-06	2.21522e-09
8.4e-07	5.32e-06	-2.61505e-09
1.12e-06	5.32e-06	2.86515e-09
1.4e-06	5.32e-06	-2.94845e-09
1.68e-06	5.32e-06	2.8579e-09
1.96e-06	5.32e-06	-2.59701e-09
2.24e-06	5.32e-06	2.17966e-09
2.52e-06	5.32e-06	-1.62924e-09
2.8e-06	5.32e-06	9.77242e-10
3.08e-06	5.32e-06	-2.61421e-10
3.36e-06	5.32e-06	-4.76432e-10
3.64e-06	5.32e-06	1.19278e-09
3.92e-06	5.32e-06	-1.84429e-09
4.2e-06	5.32e-06	2.388e-09
4.48e-06	5.32e-06	-2.77469e-09
4.76e-06	5.32e-06	2.91702e-09
5.04e-06	5.32e-06	-2.557e-09
5.32e-06	5.32e-06	7.06068e-10
