
-5.32e-06	5.6e-06	-5.31056e-10
-5.04e-06	5.6e-06	-7.12309e-10
-4.76e-06	5.6e-06	-8.80302e-10
-4.48e-06	5.6e-06	-1.03521e-09
-4.2e-06	5.6e-06	-1.17332e-09
-3.92e-06	5.6e-06	-1.29023e-09
-3.64e-06	5.6e-06	-1.3818e-09
-3.36e-06	5.6e-06	-1.44458e-09
-3.08e-06	5.6e-06	-1.47599e-09
-2.8e-06	5.6e-06	-1.47436e-09
-2.52e-06	5.6e-06	-1.43897e-09
-2.24e-06	5.6e-06	-1.37002e-09
-1.96e-06	5.6e-06	-1.26859e-09
-1.68e-06	5.6e-06	-1.13662e-09
-1.4e-06	5.6e-06	-9.76892e-10
-1.12e-06	5.6e-06	-7.93032e-10
-8.4e-07	5.6e-06	-5.89478e-10
-5.6e-07	5.6e-06	-3.714e-10
-2.8e-07	5.6e-06	-1.44534e-10
0	5.6e-06	8.50572e-11
2.8e-07	5.6e-06	3.11283e-10
5.6e-07	5.6e-06	5.28284e-10
8.4e-07	5.6e-06	7.30623e-10
1.12e-06	5.6e-06	9.13379e-10
1.4e-06	5.6e-06	1.07216e-09
1.68e-06	5.6e-06	1.20311e-09
1.96e-06	5.6e-06	1.30285e-09
2.24e-06	5.6e-06	1.36853e-09
2.52e-06	5.6e-06	1.39782e-09
2.8e-06	5.6e-06	1.38888e-09
3.08e-06	5.6e-06	1.34044e-09
3.36e-06	5.6e-06	1.2517e-09
3.64e-06	5.6e-06	1.1224e-09
3.92e-06	5.6e-06	9.52736e-10
4.2e-06	5.6e-06	7.43469e-10
4.48e-06	5.6e-06	4.95827e-10
4.76e-06	5.6e-06	2.11193e-10
5.04e-06	5.6e-06	-1.10647e-10
5.32e-06	5.6e-06	-4.78902e-10

-5.32e-06	5.32e-06	-1.40825e-09
-5.04e-06	5.32e-06	-1.86305e-09
-4.76e-06	5.32e-06	-2.29914e-09
-4.48e-06	5.32e-06	-2.70512e-09
-4.2e-06	5.32e-06	-3.06821e-09
-3.92e-06	5.32e-06	-3.37593e-09
-3.64e-06	5.32e-06	-3.61717e-09
-3.36e-06	5.32e-06	-3.78279e-09
-3.08e-06	5.32e-06	-3.86602e-09
-2.8e-06	5.32e-06	-3.86252e-09
-2.52e-06	5.32e-06	-3.77043e-09
-2.24e-06	5.32e-06	-3.59029e-09
-1.96e-06	5.32e-06	-3.32495e-09
-1.68e-06	5.32e-06	-2.97944e-09
-1.4e-06	5.32e-06	-2.56102e-09
-1.12e-06	5.32e-06	-2.07912e-09
-8.4e-07	5.32e-06	-1.54534e-09
-5.6e-07	5.32e-06	-9.73272e-10
-2.8e-07	5.32e-06	-3.78068e-10
0	5.32e-06	2.24251e-10
2.8e-07	5.32e-06	8.17594e-10
5.6e-07	5.32e-06	1.38656e-09
8.4e-07	5.32e-06	1.91694e-09
1.12e-06	5.32e-06	2.39592e-09
1.4e-06	5.32e-06	2.81213e-09
1.68e-06	5.32e-06	3.15554e-09
1.96e-06	5.32e-06	3.41742e-09
2.24e-06	5.32e-06	3.59033e-09
2.52e-06	5.32e-06	3.6682e-09
2.8e-06	5.32e-06	3.6463e-09
3.08e-06	5.32e-06	3.52128e-09
3.36e-06	5.32e-06	3.29112e-09
3.64e-06	5.32e-06	2.95509e-09
3.92e-06	5.32e-06	2.51377e-09
4.2e-06	5.32e-06	1.96909e-09
4.48e-06	5.32e-06	1.32461e-09
4.76e-06	5.32e-06	5.85651e-10
5.04e-06	5.32e-06	-2.40921e-10
5.32e-06	5.32e-06	-1.14786e-09

-5.32e-06	5.04e-06	-3.13649e-09
-5.04e-06	5.04e-06	-4.14456e-09
-4.76e-06	5.04e-06	-5.12043e-09
-4.48e-06	5.04e-06	-6.03259e-09
-4.2e-06	5.04e-06	-6.84987e-09
-3.92e-06	5.04e-06	-7.5432e-09
-3.64e-06	5.04e-06	-8.08722e-09
-3.36e-06	5.04e-06	-8.46134e-09
-3.08e-06	5.04e-06	-8.65039e-09
-2.8e-06	5.04e-06	-8.64478e-09
-2.52e-06	5.04e-06	-8.44048e-09
-2.24e-06	5.04e-06	-8.0388e-09
-1.96e-06	5.04e-06	-7.4461e-09
-1.68e-06	5.04e-06	-6.67359e-09
-1.4e-06	5.04e-06	-5.73728e-09
-1.12e-06	5.04e-06	-4.65809e-09
-8.4e-07	5.04e-06	-3.46189e-09
-5.6e-07	5.04e-06	-2.17923e-09
-2.8e-07	5.04e-06	-8.44381e-10
0	5.04e-06	5.06272e-10
2.8e-07	5.04e-06	1.8363e-09
5.6e-07	5.04e-06	3.11106e-09
8.4e-07	5.04e-06	4.29885e-09
1.12e-06	5.04e-06	5.37135e-09
1.4e-06	5.04e-06	6.30346e-09
1.68e-06	5.04e-06	7.07303e-09
1.96e-06	5.04e-06	7.66078e-09
2.24e-06	5.04e-06	8.05024e-09
2.52e-06	5.04e-06	8.22789e-09
2.8e-06	5.04e-06	8.18329e-09
3.08e-06	5.04e-06	7.90908e-09
3.36e-06	5.04e-06	7.40085e-09
3.64e-06	5.04e-06	6.65698e-09
3.92e-06	5.04e-06	5.6786e-09
4.2e-06	5.04e-06	4.46984e-09
4.48e-06	5.04e-06	3.03851e-09
4.76e-06	5.04e-06	1.3973e-09
5.04e-06	5.04e-06	-4.34638e-10
5.32e-06	5.04e-06	-2.42986e-09

-5.32e-06	4.76e-06	-6.73844e-09
-5.04e-06	4.76e-06	-8.93215e-09
-4.76e-06	4.76e-06	-1.10618e-08
-4.48e-06	4.76e-06	-1.30558e-08
-4.2e-06	4.76e-06	-1.48441e-08
-3.92e-06	4.76e-06	-1.63623e-08
-3.64e-06	4.76e-06	-1.75544e-08
-3.36e-06	4.76e-06	-1.83755e-08
-3.08e-06	4.76e-06	-1.87928e-08
-2.8e-06	4.76e-06	-1.87857e-08
-2.52e-06	4.76e-06	-1.8346e-08
-2.24e-06	4.76e-06	-1.74767e-08
-1.96e-06	4.76e-06	-1.61916e-08
-1.68e-06	4.76e-06	-1.4515e-08
-1.4e-06	4.76e-06	-1.2481e-08
-1.12e-06	4.76e-06	-1.01345e-08
-8.4e-07	4.76e-06	-7.53129e-09
-5.6e-07	4.76e-06	-4.73813e-09
-2.8e-07	4.76e-06	-1.83051e-09
0	4.76e-06	1.11111e-09
2.8e-07	4.76e-06	4.00636e-09
5.6e-07	4.76e-06	6.77949e-09
8.4e-07	4.76e-06	9.36203e-09
1.12e-06	4.76e-06	1.16933e-08
1.4e-06	4.76e-06	1.37198e-08
1.68e-06	4.76e-06	1.53942e-08
1.96e-06	4.76e-06	1.66751e-08
2.24e-06	4.76e-06	1.75271e-08
2.52e-06	4.76e-06	1.7921e-08
2.8e-06	4.76e-06	1.78345e-08
3.08e-06	4.76e-06	1.72518e-08
3.36e-06	4.76e-06	1.61638e-08
3.64e-06	4.76e-06	1.45669e-08
3.92e-06	4.76e-06	1.24633e-08
4.2e-06	4.76e-06	9.86119e-09
4.48e-06	4.76e-06	6.77596e-09
4.76e-06	4.76e-06	3.23372e-09
5.04e-06	4.76e-06	-7.24501e-10
5.32e-06	4.76e-06	-5.03757e-09

-5.32e-06	4.48e-06	-1.43575e-08
-5.04e-06	4.48e-06	-1.91154e-08
-4.76e-06	4.48e-06	-2.37415e-08
-4.48e-06	4.48e-06	-2.80776e-08
-4.2e-06	4.48e-06	-3.1969e-08
-3.92e-06	4.48e-06	-3.52739e-08
-3.64e-06	4.48e-06	-3.78707e-08
-3.36e-06	4.48e-06	-3.96618e-08
-3.08e-06	4.48e-06	-4.05769e-08
-2.8e-06	4.48e-06	-4.05725e-08
-2.52e-06	4.48e-06	-3.96317e-08
-2.24e-06	4.48e-06	-3.7762e-08
-1.96e-06	4.48e-06	-3.49935e-08
-1.68e-06	4.48e-06	-3.13776e-08
-1.4e-06	4.48e-06	-2.69871e-08
-1.12e-06	4.48e-06	-2.19167e-08
-8.4e-07	4.48e-06	-1.62861e-08
-5.6e-07	4.48e-06	-1.02397e-08
-2.8e-07	4.48e-06	-3.94325e-09
0	4.48e-06	2.42554e-09
2.8e-07	4.48e-06	8.6899e-09
5.6e-07	4.48e-06	1.46852e-08
8.4e-07	4.48e-06	2.02646e-08
1.12e-06	4.48e-06	2.52998e-08
1.4e-06	4.48e-06	2.96775e-08
1.68e-06	4.48e-06	3.32977e-08
1.96e-06	4.48e-06	3.60718e-08
2.24e-06	4.48e-06	3.79239e-08
2.52e-06	4.48e-06	3.87915e-08
2.8e-06	4.48e-06	3.86271e-08
3.08e-06	4.48e-06	3.73975e-08
3.36e-06	4.48e-06	3.50836e-08
3.64e-06	4.48e-06	3.16784e-08
3.92e-06	4.48e-06	2.7186e-08
4.2e-06	4.48e-06	2.16217e-08
4.48e-06	4.48e-06	1.5015e-08
4.76e-06	4.48e-06	7.41632e-09
5.04e-06	4.48e-06	-1.09197e-09
5.32e-06	4.48e-06	-1.03832e-08

-5.32e-06	4.2e-06	-3.05265e-08
-5.04e-06	4.2e-06	-4.08403e-08
-4.76e-06	4.2e-06	-5.08824e-08
-4.48e-06	4.2e-06	-6.03034e-08
-4.2e-06	4.2e-06	-6.87624e-08
-3.92e-06	4.2e-06	-7.59487e-08
-3.64e-06	4.2e-06	-8.15973e-08
-3.36e-06	4.2e-06	-8.54981e-08
-3.08e-06	4.2e-06	-8.75005e-08
-2.8e-06	4.2e-06	-8.75134e-08
-2.52e-06	4.2e-06	-8.55024e-08
-2.24e-06	4.2e-06	-8.1486e-08
-1.96e-06	4.2e-06	-7.55301e-08
-1.68e-06	4.2e-06	-6.77442e-08
-1.4e-06	4.2e-06	-5.82813e-08
-1.12e-06	4.2e-06	-4.73412e-08
-8.4e-07	4.2e-06	-3.51777e-08
-5.6e-07	4.2e-06	-2.21033e-08
-2.8e-07	4.2e-06	-8.48207e-09
0	4.2e-06	5.29219e-09
2.8e-07	4.2e-06	1.88295e-08
5.6e-07	4.2e-06	3.17721e-08
8.4e-07	4.2e-06	4.38074e-08
1.12e-06	4.2e-06	5.46649e-08
1.4e-06	4.2e-06	6.41072e-08
1.68e-06	4.2e-06	7.19223e-08
1.96e-06	4.2e-06	7.79215e-08
2.24e-06	4.2e-06	8.19416e-08
2.52e-06	4.2e-06	8.38487e-08
2.8e-06	4.2e-06	8.35411e-08
3.08e-06	4.2e-06	8.09499e-08
3.36e-06	4.2e-06	7.60358e-08
3.64e-06	4.2e-06	6.87858e-08
3.92e-06	4.2e-06	5.92079e-08
4.2e-06	4.2e-06	4.73306e-08
4.48e-06	4.2e-06	3.32083e-08
4.76e-06	4.2e-06	1.69353e-08
5.04e-06	4.2e-06	-1.32823e-09
5.32e-06	4.2e-06	-2.13257e-08

-5.32e-06	3.92e-06	-6.4854e-08
-5.04e-06	3.92e-06	-8.72141e-08
-4.76e-06	3.92e-06	-1.09016e-07
-4.48e-06	3.92e-06	-1.29486e-07
-4.2e-06	3.92e-06	-1.47873e-07
-3.92e-06	3.92e-06	-1.63495e-07
-3.64e-06	3.92e-06	-1.75777e-07
-3.36e-06	3.92e-06	-1.84266e-07
-3.08e-06	3.92e-06	-1.88642e-07
-2.8e-06	3.92e-06	-1.88714e-07
-2.52e-06	3.92e-06	-1.84415e-07
-2.24e-06	3.92e-06	-1.75788e-07
-1.96e-06	3.92e-06	-1.6298e-07
-1.68e-06	3.92e-06	-1.46224e-07
-1.4e-06	3.92e-06	-1.25841e-07
-1.12e-06	3.92e-06	-1.02247e-07
-8.4e-07	3.92e-06	-7.59778e-08
-5.6e-07	3.92e-06	-4.77069e-08
-2.8e-07	3.92e-06	-1.82369e-08
0	3.92e-06	1.15547e-08
2.8e-07	3.92e-06	4.0803e-08
5.6e-07	3.92e-06	6.87312e-08
8.4e-07	3.92e-06	9.46764e-08
1.12e-06	3.92e-06	1.18074e-07
1.4e-06	3.92e-06	1.38429e-07
1.68e-06	3.92e-06	1.55293e-07
1.96e-06	3.92e-06	1.68261e-07
2.24e-06	3.92e-06	1.76983e-07
2.52e-06	3.92e-06	1.81169e-07
2.8e-06	3.92e-06	1.80604e-07
3.08e-06	3.92e-06	1.75144e-07
3.36e-06	3.92e-06	1.6471e-07
3.64e-06	3.92e-06	1.49279e-07
3.92e-06	3.92e-06	1.2887e-07
4.2e-06	3.92e-06	1.03536e-07
4.48e-06	3.92e-06	7.3374e-08
4.76e-06	3.92e-06	3.85536e-08
5.04e-06	3.92e-06	-6.23421e-10
5.32e-06	3.92e-06	-4.36457e-08

-5.32e-06	3.64e-06	-1.37712e-07
-5.04e-06	3.64e-06	-1.86204e-07
-4.76e-06	3.64e-06	-2.33553e-07
-4.48e-06	3.64e-06	-2.78042e-07
-4.2e-06	3.64e-06	-3.18011e-07
-3.92e-06	3.64e-06	-3.5197e-07
-3.64e-06	3.64e-06	-3.78669e-07
-3.36e-06	3.64e-06	-3.97136e-07
-3.08e-06	3.64e-06	-4.06689e-07
-2.8e-06	3.64e-06	-4.0693e-07
-2.52e-06	3.64e-06	-3.9773e-07
-2.24e-06	3.64e-06	-3.79199e-07
-1.96e-06	3.64e-06	-3.5166e-07
-1.68e-06	3.64e-06	-3.15612e-07
-1.4e-06	3.64e-06	-2.71724e-07
-1.12e-06	3.64e-06	-2.20858e-07
-8.4e-07	3.64e-06	-1.64131e-07
-5.6e-07	3.64e-06	-1.02986e-07
-2.8e-07	3.64e-06	-3.91987e-08
0	3.64e-06	2.52572e-08
2.8e-07	3.64e-06	8.84519e-08
5.6e-07	3.64e-06	1.48698e-07
8.4e-07	3.64e-06	2.04605e-07
1.12e-06	3.64e-06	2.55005e-07
1.4e-06	3.64e-06	2.98871e-07
1.68e-06	3.64e-06	3.35253e-07
1.96e-06	3.64e-06	3.63283e-07
2.24e-06	3.64e-06	3.822e-07
2.52e-06	3.64e-06	3.91381e-07
2.8e-06	3.64e-06	3.90365e-07
3.08e-06	3.64e-06	3.78853e-07
3.36e-06	3.64e-06	3.56695e-07
3.64e-06	3.64e-06	3.23854e-07
3.92e-06	3.64e-06	2.80379e-07
4.2e-06	3.64e-06	2.2637e-07
4.48e-06	3.64e-06	1.61995e-07
4.76e-06	3.64e-06	8.75409e-08
5.04e-06	3.64e-06	3.5546e-09
5.32e-06	3.64e-06	-8.89694e-08

-5.32e-06	3.36e-06	-2.92272e-07
-5.04e-06	3.36e-06	-3.9748e-07
-4.76e-06	3.36e-06	-5.00357e-07
-4.48e-06	3.36e-06	-5.9708e-07
-4.2e-06	3.36e-06	-6.8398e-07
-3.92e-06	3.36e-06	-7.57795e-07
-3.64e-06	3.36e-06	-8.15819e-07
-3.36e-06	3.36e-06	-8.55968e-07
-3.08e-06	3.36e-06	-8.76797e-07
-2.8e-06	3.36e-06	-8.77481e-07
-2.52e-06	3.36e-06	-8.57778e-07
-2.24e-06	3.36e-06	-8.17962e-07
-1.96e-06	3.36e-06	-7.58753e-07
-1.68e-06	3.36e-06	-6.81227e-07
-1.4e-06	3.36e-06	-5.86777e-07
-1.12e-06	3.36e-06	-4.77161e-07
-8.4e-07	3.36e-06	-3.5467e-07
-5.6e-07	3.36e-06	-2.22378e-07
-2.8e-07	3.36e-06	-8.42268e-08
0	3.36e-06	5.52969e-08
2.8e-07	3.36e-06	1.91845e-07
5.6e-07	3.36e-06	3.21764e-07
8.4e-07	3.36e-06	4.42166e-07
1.12e-06	3.36e-06	5.50683e-07
1.4e-06	3.36e-06	6.4519e-07
1.68e-06	3.36e-06	7.23675e-07
1.96e-06	3.36e-06	7.8426e-07
2.24e-06	3.36e-06	8.25285e-07
2.52e-06	3.36e-06	8.45403e-07
2.8e-06	3.36e-06	8.43628e-07
3.08e-06	3.36e-06	8.19345e-07
3.36e-06	3.36e-06	7.72271e-07
3.64e-06	3.36e-06	7.02372e-07
3.92e-06	3.36e-06	6.09777e-07
4.2e-06	3.36e-06	4.94691e-07
4.48e-06	3.36e-06	3.57387e-07
4.76e-06	3.36e-06	1.98313e-07
5.04e-06	3.36e-06	1.83921e-08
5.32e-06	3.36e-06	-1.80507e-07

-5.32e-06	3.08e-06	-6.19965e-07
-5.04e-06	3.08e-06	-8.48341e-07
-4.76e-06	3.08e-06	-1.07198e-06
-4.48e-06	3.08e-06	-1.28233e-06
-4.2e-06	3.08e-06	-1.4713e-06
-3.92e-06	3.08e-06	-1.63174e-06
-3.64e-06	3.08e-06	-1.7578e-06
-3.36e-06	3.08e-06	-1.84504e-06
-3.08e-06	3.08e-06	-1.89041e-06
-2.8e-06	3.08e-06	-1.89218e-06
-2.52e-06	3.08e-06	-1.84994e-06
-2.24e-06	3.08e-06	-1.76436e-06
-1.96e-06	3.08e-06	-1.63706e-06
-1.68e-06	3.08e-06	-1.47039e-06
-1.4e-06	3.08e-06	-1.26724e-06
-1.12e-06	3.08e-06	-1.03115e-06
-8.4e-07	3.08e-06	-7.66711e-07
-5.6e-07	3.08e-06	-4.80367e-07
-2.8e-07	3.08e-06	-1.80902e-07
0	3.08e-06	1.21318e-07
2.8e-07	3.08e-06	4.16381e-07
5.6e-07	3.08e-06	6.96404e-07
8.4e-07	3.08e-06	9.55539e-07
1.12e-06	3.08e-06	1.18907e-06
1.4e-06	3.08e-06	1.39264e-06
1.68e-06	3.08e-06	1.56196e-06
1.96e-06	3.08e-06	1.69292e-06
2.24e-06	3.08e-06	1.78189e-06
2.52e-06	3.08e-06	1.82594e-06
2.8e-06	3.08e-06	1.82296e-06
3.08e-06	3.08e-06	1.77169e-06
3.36e-06	3.08e-06	1.67164e-06
3.64e-06	3.08e-06	1.52283e-06
3.92e-06	3.08e-06	1.32564e-06
4.2e-06	3.08e-06	1.08051e-06
4.48e-06	3.08e-06	7.87872e-07
4.76e-06	3.08e-06	4.48306e-07
5.04e-06	3.08e-06	6.31858e-08
5.32e-06	3.08e-06	-3.64168e-07

-5.32e-06	2.8e-06	-1.31428e-06
-5.04e-06	2.8e-06	-1.81031e-06
-4.76e-06	2.8e-06	-2.29674e-06
-4.48e-06	2.8e-06	-2.7544e-06
-4.2e-06	2.8e-06	-3.16535e-06
-3.92e-06	2.8e-06	-3.51403e-06
-3.64e-06	2.8e-06	-3.78784e-06
-3.36e-06	2.8e-06	-3.9773e-06
-3.08e-06	2.8e-06	-4.07597e-06
-2.8e-06	2.8e-06	-4.08035e-06
-2.52e-06	2.8e-06	-3.98967e-06
-2.24e-06	2.8e-06	-3.80561e-06
-1.96e-06	2.8e-06	-3.53189e-06
-1.68e-06	2.8e-06	-3.17368e-06
-1.4e-06	2.8e-06	-2.73707e-06
-1.12e-06	2.8e-06	-2.22898e-06
-8.4e-07	2.8e-06	-1.6583e-06
-5.6e-07	2.8e-06	-1.03821e-06
-2.8e-07	2.8e-06	-3.88311e-07
0	2.8e-06	2.66912e-07
2.8e-07	2.8e-06	9.04491e-07
5.6e-07	2.8e-06	1.50761e-06
8.4e-07	2.8e-06	2.06487e-06
1.12e-06	2.8e-06	2.56718e-06
1.4e-06	2.8e-06	3.00561e-06
1.68e-06	2.8e-06	3.37092e-06
1.96e-06	2.8e-06	3.65406e-06
2.24e-06	2.8e-06	3.84702e-06
2.52e-06	2.8e-06	3.94339e-06
2.8e-06	2.8e-06	3.93868e-06
3.08e-06	2.8e-06	3.83035e-06
3.36e-06	2.8e-06	3.61754e-06
3.64e-06	2.8e-06	3.30064e-06
3.92e-06	2.8e-06	2.8807e-06
4.2e-06	2.8e-06	2.35879e-06
4.48e-06	2.8e-06	1.73556e-06
4.76e-06	2.8e-06	1.01145e-06
5.04e-06	2.8e-06	1.87928e-07
5.32e-06	2.8e-06	-7.29674e-07

-5.32e-06	2.52e-06	-2.78426e-06
-5.04e-06	2.52e-06	-3.86247e-06
-4.76e-06	2.52e-06	-4.92117e-06
-4.48e-06	2.52e-06	-5.91727e-06
-4.2e-06	2.52e-06	-6.81106e-06
-3.92e-06	2.52e-06	-7.56869e-06
-3.64e-06	2.52e-06	-8.16317e-06
-3.36e-06	2.52e-06	-8.57437e-06
-3.08e-06	2.52e-06	-8.78876e-06
-2.8e-06	2.52e-06	-8.79912e-06
-2.52e-06	2.52e-06	-8.60418e-06
-2.24e-06	2.52e-06	-8.20807e-06
-1.96e-06	2.52e-06	-7.61938e-06
-1.68e-06	2.52e-06	-6.84975e-06
-1.4e-06	2.52e-06	-5.91211e-06
-1.12e-06	2.52e-06	-4.81988e-06
-8.4e-07	2.52e-06	-3.58913e-06
-5.6e-07	2.52e-06	-2.24555e-06
-2.8e-07	2.52e-06	-8.3283e-07
0	2.52e-06	5.89469e-07
2.8e-07	2.52e-06	1.96695e-06
5.6e-07	2.52e-06	3.26457e-06
8.4e-07	2.52e-06	4.46166e-06
1.12e-06	2.52e-06	5.5415e-06
1.4e-06	2.52e-06	6.48574e-06
1.68e-06	2.52e-06	7.27412e-06
1.96e-06	2.52e-06	7.88648e-06
2.24e-06	2.52e-06	8.30501e-06
2.52e-06	2.52e-06	8.5157e-06
2.8e-06	2.52e-06	8.50901e-06
3.08e-06	2.52e-06	8.27981e-06
3.36e-06	2.52e-06	7.82683e-06
3.64e-06	2.52e-06	7.15164e-06
3.92e-06	2.52e-06	6.25722e-06
4.2e-06	2.52e-06	5.14633e-06
4.48e-06	2.52e-06	3.82009e-06
4.76e-06	2.52e-06	2.27772e-06
5.04e-06	2.52e-06	5.18928e-07
5.32e-06	2.52e-06	-1.44963e-06

-5.32e-06	2.24e-06	-5.89384e-06
-5.04e-06	2.24e-06	-8.23963e-06
-4.76e-06	2.24e-06	-1.05456e-05
-4.48e-06	2.24e-06	-1.27145e-05
-4.2e-06	2.24e-06	-1.46584e-05
-3.92e-06	2.24e-06	-1.63042e-05
-3.64e-06	2.24e-06	-1.75944e-05
-3.36e-06	2.24e-06	-1.84863e-05
-3.08e-06	2.24e-06	-1.89515e-05
-2.8e-06	2.24e-06	-1.89753e-05
-2.52e-06	2.24e-06	-1.85557e-05
-2.24e-06	2.24e-06	-1.77025e-05
-1.96e-06	2.24e-06	-1.64358e-05
-1.68e-06	2.24e-06	-1.47824e-05
-1.4e-06	2.24e-06	-1.27706e-05
-1.12e-06	2.24e-06	-1.04262e-05
-8.4e-07	2.24e-06	-7.77514e-06
-5.6e-07	2.24e-06	-4.86239e-06
-2.8e-07	2.24e-06	-1.78404e-06
0	2.24e-06	1.3087e-06
2.8e-07	2.24e-06	4.28331e-06
5.6e-07	2.24e-06	7.07068e-06
8.4e-07	2.24e-06	9.63885e-06
1.12e-06	2.24e-06	1.19591e-05
1.4e-06	2.24e-06	1.39931e-05
1.68e-06	2.24e-06	1.56952e-05
1.96e-06	2.24e-06	1.70201e-05
2.24e-06	2.24e-06	1.7928e-05
2.52e-06	2.24e-06	1.83884e-05
2.8e-06	2.24e-06	1.83808e-05
3.08e-06	2.24e-06	1.78952e-05
3.36e-06	2.24e-06	1.69301e-05
3.64e-06	2.24e-06	1.54906e-05
3.92e-06	2.24e-06	1.35851e-05
4.2e-06	2.24e-06	1.12211e-05
4.48e-06	2.24e-06	8.40094e-06
4.76e-06	2.24e-06	5.11996e-06
5.04e-06	2.24e-06	1.36944e-06
5.32e-06	2.24e-06	-2.8489e-06

-5.32e-06	1.96e-06	-1.24654e-05
-5.04e-06	1.96e-06	-1.75748e-05
-4.76e-06	1.96e-06	-2.26018e-05
-4.48e-06	1.96e-06	-2.73258e-05
-4.2e-06	1.96e-06	-3.15534e-05
-3.92e-06	1.96e-06	-3.51274e-05
-3.64e-06	1.96e-06	-3.79258e-05
-3.36e-06	1.96e-06	-3.98591e-05
-3.08e-06	1.96e-06	-4.08679e-05
-2.8e-06	1.96e-06	-4.09213e-05
-2.52e-06	1.96e-06	-4.00164e-05
-2.24e-06	1.96e-06	-3.81768e-05
-1.96e-06	1.96e-06	-3.54494e-05
-1.68e-06	1.96e-06	-3.1897e-05
-1.4e-06	1.96e-06	-2.75846e-05
-1.12e-06	1.96e-06	-2.25627e-05
-8.4e-07	1.96e-06	-1.68638e-05
-5.6e-07	1.96e-06	-1.05472e-05
-2.8e-07	1.96e-06	-3.81452e-06
0	1.96e-06	2.92722e-06
2.8e-07	1.96e-06	9.3436e-06
5.6e-07	1.96e-06	1.53165e-05
8.4e-07	1.96e-06	2.08173e-05
1.12e-06	1.96e-06	2.58013e-05
1.4e-06	1.96e-06	3.01845e-05
1.68e-06	1.96e-06	3.3862e-05
1.96e-06	1.96e-06	3.673e-05
2.24e-06	1.96e-06	3.86998e-05
2.52e-06	1.96e-06	3.97049e-05
2.8e-06	1.96e-06	3.97022e-05
3.08e-06	1.96e-06	3.86717e-05
3.36e-06	1.96e-06	3.66134e-05
3.64e-06	1.96e-06	3.3542e-05
3.92e-06	1.96e-06	2.94804e-05
4.2e-06	1.96e-06	2.44496e-05
4.48e-06	1.96e-06	1.84572e-05
4.76e-06	1.96e-06	1.14878e-05
5.04e-06	1.96e-06	3.5052e-06
5.32e-06	1.96e-06	-5.51986e-06

-5.32e-06	1.68e-06	-2.63372e-05
-5.04e-06	1.68e-06	-3.74827e-05
-4.76e-06	1.68e-06	-4.84521e-05
-4.48e-06	1.68e-06	-5.8744e-05
-4.2e-06	1.68e-06	-6.79361e-05
-3.92e-06	1.68e-06	-7.56934e-05
-3.64e-06	1.68e-06	-8.176e-05
-3.36e-06	1.68e-06	-8.59483e-05
-3.08e-06	1.68e-06	-8.81336e-05
-2.8e-06	1.68e-06	-8.82515e-05
-2.52e-06	1.68e-06	-8.62975e-05
-2.24e-06	1.68e-06	-8.23265e-05
-1.96e-06	1.68e-06	-7.64477e-05
-1.68e-06	1.68e-06	-6.88108e-05
-1.4e-06	1.68e-06	-5.9573e-05
-1.12e-06	1.68e-06	-4.88437e-05
-8.4e-07	1.68e-06	-3.66359e-05
-5.6e-07	1.68e-06	-2.29436e-05
-2.8e-07	1.68e-06	-8.13099e-06
0	1.68e-06	6.61836e-06
2.8e-07	1.68e-06	2.04246e-05
5.6e-07	1.68e-06	3.31765e-05
8.4e-07	1.68e-06	4.49386e-05
1.12e-06	1.68e-06	5.5645e-05
1.4e-06	1.68e-06	6.50987e-05
1.68e-06	1.68e-06	7.30505e-05
1.96e-06	1.68e-06	7.92621e-05
2.24e-06	1.68e-06	8.35362e-05
2.52e-06	1.68e-06	8.57287e-05
2.8e-06	1.68e-06	8.57494e-05
3.08e-06	1.68e-06	8.35592e-05
3.36e-06	1.68e-06	7.9164e-05
3.64e-06	1.68e-06	7.26046e-05
3.92e-06	1.68e-06	6.39417e-05
4.2e-06	1.68e-06	5.32337e-05
4.48e-06	1.68e-06	4.05072e-05
4.76e-06	1.68e-06	2.5726e-05
5.04e-06	1.68e-06	8.77562e-06
5.32e-06	1.68e-06	-1.04903e-05

-5.32e-06	1.4e-06	-5.55813e-05
-5.04e-06	1.4e-06	-7.99398e-05
-4.76e-06	1.4e-06	-0.000103901
-4.48e-06	1.4e-06	-0.000126326
-4.2e-06	1.4e-06	-0.000146304
-3.92e-06	1.4e-06	-0.000163131
-3.64e-06	1.4e-06	-0.000176275
-3.36e-06	1.4e-06	-0.000185343
-3.08e-06	1.4e-06	-0.000190073
-2.8e-06	1.4e-06	-0.00019033
-2.52e-06	1.4e-06	-0.000186106
-2.24e-06	1.4e-06	-0.000177524
-1.96e-06	1.4e-06	-0.000164835
-1.68e-06	1.4e-06	-0.000148398
-1.4e-06	1.4e-06	-0.000128612
-1.12e-06	1.4e-06	-0.000105758
-8.4e-07	1.4e-06	-7.97606e-05
-5.6e-07	1.4e-06	-5.0155e-05
-2.8e-07	1.4e-06	-1.72376e-05
0	1.4e-06	1.52031e-05
2.8e-07	1.4e-06	4.47512e-05
5.6e-07	1.4e-06	7.18294e-05
8.4e-07	1.4e-06	9.6939e-05
1.12e-06	1.4e-06	0.000119956
1.4e-06	1.4e-06	0.000140372
1.68e-06	1.4e-06	0.000157583
1.96e-06	1.4e-06	0.000171043
2.24e-06	1.4e-06	0.000180317
2.52e-06	1.4e-06	0.000185095
2.8e-06	1.4e-06	0.000185191
3.08e-06	1.4e-06	0.000180528
3.36e-06	1.4e-06	0.000171131
3.64e-06	1.4e-06	0.000157108
3.92e-06	1.4e-06	0.000138615
4.2e-06	1.4e-06	0.000115811
4.48e-06	1.4e-06	8.87908e-05
4.76e-06	1.4e-06	5.74889e-05
5.04e-06	1.4e-06	2.15998e-05
5.32e-06	1.4e-06	-1.93955e-05

-5.32e-06	1.12e-06	-0.000117141
-5.04e-06	1.12e-06	-0.00017051
-4.76e-06	1.12e-06	-0.000222902
-4.48e-06	1.12e-06	-0.00027176
-4.2e-06	1.12e-06	-0.000315152
-3.92e-06	1.12e-06	-0.000351626
-3.64e-06	1.12e-06	-0.000380082
-3.36e-06	1.12e-06	-0.000399704
-3.08e-06	1.12e-06	-0.00040994
-2.8e-06	1.12e-06	-0.000410498
-2.52e-06	1.12e-06	-0.000401359
-2.24e-06	1.12e-06	-0.000382792
-1.96e-06	1.12e-06	-0.000355361
-1.68e-06	1.12e-06	-0.000319914
-1.4e-06	1.12e-06	-0.000277486
-1.12e-06	1.12e-06	-0.000228942
-8.4e-07	1.12e-06	-0.000174102
-5.6e-07	1.12e-06	-0.000110616
-2.8e-07	1.12e-06	-3.61565e-05
0	1.12e-06	3.57552e-05
2.8e-07	1.12e-06	9.82594e-05
5.6e-07	1.12e-06	0.000155325
8.4e-07	1.12e-06	0.000208894
1.12e-06	1.12e-06	0.000258469
1.4e-06	1.12e-06	0.000302637
1.68e-06	1.12e-06	0.000339927
1.96e-06	1.12e-06	0.000369104
2.24e-06	1.12e-06	0.000389223
2.52e-06	1.12e-06	0.000399628
2.8e-06	1.12e-06	0.00039993
3.08e-06	1.12e-06	0.000389986
3.36e-06	1.12e-06	0.000369873
3.64e-06	1.12e-06	0.000339859
3.92e-06	1.12e-06	0.000300336
4.2e-06	1.12e-06	0.000251733
4.48e-06	1.12e-06	0.000194355
4.76e-06	1.12e-06	0.000128154
5.04e-06	1.12e-06	5.24231e-05
5.32e-06	1.12e-06	-3.43966e-05

-5.32e-06	8.4e-07	-0.000246523
-5.04e-06	8.4e-07	-0.000363835
-4.76e-06	8.4e-07	-0.000478487
-4.48e-06	8.4e-07	-0.000584872
-4.2e-06	8.4e-07	-0.000679029
-3.92e-06	8.4e-07	-0.000758021
-3.64e-06	8.4e-07	-0.000819592
-3.36e-06	8.4e-07	-0.000862035
-3.08e-06	8.4e-07	-0.000884176
-2.8e-06	8.4e-07	-0.000885386
-2.52e-06	8.4e-07	-0.000865611
-2.24e-06	8.4e-07	-0.000825412
-1.96e-06	8.4e-07	-0.000766014
-1.68e-06	8.4e-07	-0.000689365
-1.4e-06	8.4e-07	-0.000598108
-1.12e-06	8.4e-07	-0.000495075
-8.4e-07	8.4e-07	-0.000381011
-5.6e-07	8.4e-07	-0.000248075
-2.8e-07	8.4e-07	-7.41093e-05
0	8.4e-07	8.70568e-05
2.8e-07	8.4e-07	0.000215856
5.6e-07	8.4e-07	0.000335032
8.4e-07	8.4e-07	0.000449533
1.12e-06	8.4e-07	0.000556667
1.4e-06	8.4e-07	0.000652421
1.68e-06	8.4e-07	0.000733287
1.96e-06	8.4e-07	0.000796538
2.24e-06	8.4e-07	0.000840168
2.52e-06	8.4e-07	0.000862801
2.8e-06	8.4e-07	0.000863633
3.08e-06	8.4e-07	0.000842392
3.36e-06	8.4e-07	0.000799293
3.64e-06	8.4e-07	0.000734978
3.92e-06	8.4e-07	0.000650408
4.2e-06	8.4e-07	0.000546686
4.48e-06	8.4e-07	0.000424751
4.76e-06	8.4e-07	0.000284842
5.04e-06	8.4e-07	0.000125627
5.32e-06	8.4e-07	-5.69596e-05

-5.32e-06	5.6e-07	-0.000518078
-5.04e-06	5.6e-07	-0.00077699
-4.76e-06	5.6e-07	-0.00102794
-4.48e-06	5.6e-07	-0.00125932
-4.2e-06	5.6e-07	-0.00146338
-3.92e-06	5.6e-07	-0.0016343
-3.64e-06	5.6e-07	-0.00176744
-3.36e-06	5.6e-07	-0.00185921
-3.08e-06	5.6e-07	-0.0019071
-2.8e-06	5.6e-07	-0.00190974
-2.52e-06	5.6e-07	-0.00186697
-2.24e-06	5.6e-07	-0.00177991
-1.96e-06	5.6e-07	-0.00165115
-1.68e-06	5.6e-07	-0.0014849
-1.4e-06	5.6e-07	-0.00128751
-1.12e-06	5.6e-07	-0.00106775
-8.4e-07	5.6e-07	-0.000834216
-5.6e-07	5.6e-07	-0.00057464
-2.8e-07	5.6e-07	-0.000143498
0	5.6e-07	0.000222689
2.8e-07	5.6e-07	0.000471921
5.6e-07	5.6e-07	0.000719391
8.4e-07	5.6e-07	0.000965863
1.12e-06	5.6e-07	0.00119852
1.4e-06	5.6e-07	0.00140652
1.68e-06	5.6e-07	0.00158196
1.96e-06	5.6e-07	0.00171904
2.24e-06	5.6e-07	0.0018136
2.52e-06	5.6e-07	0.00186278
2.8e-06	5.6e-07	0.00186491
3.08e-06	5.6e-07	0.00181948
3.36e-06	5.6e-07	0.00172702
3.64e-06	5.6e-07	0.00158906
3.92e-06	5.6e-07	0.00140786
4.2e-06	5.6e-07	0.00118617
4.48e-06	5.6e-07	0.000926655
4.76e-06	5.6e-07	0.000630859
5.04e-06	5.6e-07	0.000297187
5.32e-06	5.6e-07	-8.30206e-05

-5.32e-06	2.8e-07	-0.00108799
-5.04e-06	2.8e-07	-0.00166188
-4.76e-06	2.8e-07	-0.00221056
-4.48e-06	2.8e-07	-0.00271277
-4.2e-06	2.8e-07	-0.00315436
-3.92e-06	2.8e-07	-0.00352386
-3.64e-06	2.8e-07	-0.00381163
-3.36e-06	2.8e-07	-0.00401003
-3.08e-06	2.8e-07	-0.00411363
-2.8e-06	2.8e-07	-0.00411942
-2.52e-06	2.8e-07	-0.00402698
-2.24e-06	2.8e-07	-0.00383856
-1.96e-06	2.8e-07	-0.00355933
-1.68e-06	2.8e-07	-0.00319791
-1.4e-06	2.8e-07	-0.00276781
-1.12e-06	2.8e-07	-0.00229152
-8.4e-07	2.8e-07	-0.0018114
-5.6e-07	2.8e-07	-0.00141577
-2.8e-07	2.8e-07	-0.000233584
0	2.8e-07	0.000608198
2.8e-07	2.8e-07	0.00101144
5.6e-07	2.8e-07	0.00153415
8.4e-07	2.8e-07	0.00207253
1.12e-06	2.8e-07	0.00258041
1.4e-06	2.8e-07	0.00303274
1.68e-06	2.8e-07	0.00341323
1.96e-06	2.8e-07	0.00371017
2.24e-06	2.8e-07	0.00391496
2.52e-06	2.8e-07	0.00402168
2.8e-06	2.8e-07	0.0040269
3.08e-06	2.8e-07	0.00392961
3.36e-06	2.8e-07	0.00373113
3.64e-06	2.8e-07	0.00343488
3.92e-06	2.8e-07	0.00304614
4.2e-06	2.8e-07	0.00257149
4.48e-06	2.8e-07	0.00201796
4.76e-06	2.8e-07	0.00139131
5.04e-06	2.8e-07	0.000692674
5.32e-06	2.8e-07	-8.97112e-05

-5.32e-06	0	-0.00228927
-5.04e-06	0	-0.00356397
-4.76e-06	0	-0.00475911
-4.48e-06	0	-0.00584606
-4.2e-06	0	-0.00680027
-3.92e-06	0	-0.00759852
-3.64e-06	0	-0.00822034
-3.36e-06	0	-0.00864922
-3.08e-06	0	-0.00887336
-2.8e-06	0	-0.00888621
-2.52e-06	0	-0.00868665
-2.24e-06	0	-0.00827922
-1.96e-06	0	-0.00767425
-1.68e-06	0	-0.00688842
-1.4e-06	0	-0.0059464
-1.12e-06	0	-0.00488691
-8.4e-07	0	-0.00378532
-5.6e-07	0	-0.00284594
-2.8e-07	0	-0.000581807
0	0	0.000969084
2.8e-07	0	0.0020352
5.6e-07	0	0.00324896
8.4e-07	0	0.00444678
1.12e-06	0	0.00555809
1.4e-06	0	0.00654103
1.68e-06	0	0.00736541
1.96e-06	0	0.00800801
2.24e-06	0	0.0084512
2.52e-06	0	0.0086826
2.8e-06	0	0.00869504
3.08e-06	0	0.00848653
3.36e-06	0	0.00806008
3.64e-06	0	0.00742345
3.92e-06	0	0.00658854
4.2e-06	0	0.00557062
4.48e-06	0	0.00438688
4.76e-06	0	0.00305421
5.04e-06	0	0.00158537
5.32e-06	0	-1.68522e-05

-5.32e-06	-2.8e-07	-0.00486637
-5.04e-06	-2.8e-07	-0.00767295
-4.76e-06	-2.8e-07	-0.0102565
-4.48e-06	-2.8e-07	-0.0126016
-4.2e-06	-2.8e-07	-0.0146612
-3.92e-06	-2.8e-07	-0.0163851
-3.64e-06	-2.8e-07	-0.0177287
-3.36e-06	-2.8e-07	-0.0186558
-3.08e-06	-2.8e-07	-0.0191409
-2.8e-06	-2.8e-07	-0.0191695
-2.52e-06	-2.8e-07	-0.0187392
-2.24e-06	-2.8e-07	-0.0178592
-1.96e-06	-2.8e-07	-0.0165508
-1.68e-06	-2.8e-07	-0.0148468
-1.4e-06	-2.8e-07	-0.0127918
-1.12e-06	-2.8e-07	-0.0104414
-8.4e-07	-2.8e-07	-0.00785648
-5.6e-07	-2.8e-07	-0.00506725
-2.8e-07	-2.8e-07	-0.00185575
0	-2.8e-07	0.00123741
2.8e-07	-2.8e-07	0.00412613
5.6e-07	-2.8e-07	0.00691901
8.4e-07	-2.8e-07	0.00956178
1.12e-06	-2.8e-07	0.0119818
1.4e-06	-2.8e-07	0.0141122
1.68e-06	-2.8e-07	0.0158957
1.96e-06	-2.8e-07	0.0172852
2.24e-06	-2.8e-07	0.0182437
2.52e-06	-2.8e-07	0.0187451
2.8e-06	-2.8e-07	0.0187742
3.08e-06	-2.8e-07	0.0183269
3.36e-06	-2.8e-07	0.0174103
3.64e-06	-2.8e-07	0.0160413
3.92e-06	-2.8e-07	0.0142466
4.2e-06	-2.8e-07	0.0120606
4.48e-06	-2.8e-07	0.00952325
4.76e-06	-2.8e-07	0.00667632
5.04e-06	-2.8e-07	0.00355773
5.32e-06	-2.8e-07	0.000189798

-5.32e-06	-5.6e-07	-0.00756371
-5.04e-06	-5.6e-07	-0.0116424
-4.76e-06	-5.6e-07	-0.0155078
-4.48e-06	-5.6e-07	-0.0190472
-4.2e-06	-5.6e-07	-0.022165
-3.92e-06	-5.6e-07	-0.024778
-3.64e-06	-5.6e-07	-0.0268158
-3.36e-06	-5.6e-07	-0.028223
-3.08e-06	-5.6e-07	-0.0289604
-2.8e-06	-5.6e-07	-0.0290062
-2.52e-06	-5.6e-07	-0.0283561
-2.24e-06	-5.6e-07	-0.0270239
-1.96e-06	-5.6e-07	-0.0250408
-1.68e-06	-5.6e-07	-0.0224547
-1.4e-06	-5.6e-07	-0.0193284
-1.12e-06	-5.6e-07	-0.015737
-8.4e-07	-5.6e-07	-0.0117608
-5.6e-07	-5.6e-07	-0.00747141
-2.8e-07	-5.6e-07	-0.00292368
0	-5.6e-07	0.00165169
2.8e-07	-5.6e-07	0.00611796
5.6e-07	-5.6e-07	0.0104122
8.4e-07	-5.6e-07	0.0144478
1.12e-06	-5.6e-07	0.0181289
1.4e-06	-5.6e-07	0.0213634
1.68e-06	-5.6e-07	0.0240691
1.96e-06	-5.6e-07	0.0261767
2.24e-06	-5.6e-07	0.0276314
2.52e-06	-5.6e-07	0.0283942
2.8e-06	-5.6e-07	0.0284426
3.08e-06	-5.6e-07	0.0277709
3.36e-06	-5.6e-07	0.0263901
3.64e-06	-5.6e-07	0.024327
3.92e-06	-5.6e-07	0.0216229
4.2e-06	-5.6e-07	0.0183322
4.48e-06	-5.6e-07	0.0145192
4.76e-06	-5.6e-07	0.0102547
5.04e-06	-5.6e-07	0.00561135
5.32e-06	-5.6e-07	0.000657704

-5.32e-06	-8.4e-07	-0.00994035
-5.04e-06	-8.4e-07	-0.015275
-4.76e-06	-8.4e-07	-0.0203526
-4.48e-06	-8.4e-07	-0.0250143
-4.2e-06	-8.4e-07	-0.0291265
-3.92e-06	-8.4e-07	-0.0325754
-3.64e-06	-8.4e-07	-0.0352666
-3.36e-06	-8.4e-07	-0.0371265
-3.08e-06	-8.4e-07	-0.0381033
-2.8e-06	-8.4e-07	-0.0381681
-2.52e-06	-8.4e-07	-0.0373153
-2.24e-06	-8.4e-07	-0.0355627
-1.96e-06	-8.4e-07	-0.0329508
-1.68e-06	-8.4e-07	-0.0295417
-1.4e-06	-8.4e-07	-0.0254168
-1.12e-06	-8.4e-07	-0.0206738
-8.4e-07	-8.4e-07	-0.0154225
-5.6e-07	-8.4e-07	-0.00978094
-2.8e-07	-8.4e-07	-0.0038811
0	-8.4e-07	0.00209705
2.8e-07	-8.4e-07	0.0079927
5.6e-07	-8.4e-07	0.0136723
8.4e-07	-8.4e-07	0.0190057
1.12e-06	-8.4e-07	0.023866
1.4e-06	-8.4e-07	0.028134
1.68e-06	-8.4e-07	0.0317035
1.96e-06	-8.4e-07	0.0344844
2.24e-06	-8.4e-07	0.0364055
2.52e-06	-8.4e-07	0.0374161
2.8e-06	-8.4e-07	0.0374872
3.08e-06	-8.4e-07	0.0366119
3.36e-06	-8.4e-07	0.0348054
3.64e-06	-8.4e-07	0.0321041
3.92e-06	-8.4e-07	0.0285643
4.2e-06	-8.4e-07	0.02426
4.48e-06	-8.4e-07	0.0192806
4.76e-06	-8.4e-07	0.0137273
5.04e-06	-8.4e-07	0.00771016
5.32e-06	-8.4e-07	0.00134555

-5.32e-06	-1.12e-06	-0.0119061
-5.04e-06	-1.12e-06	-0.018443
-4.76e-06	-1.12e-06	-0.0246515
-4.48e-06	-1.12e-06	-0.0303491
-4.2e-06	-1.12e-06	-0.0353752
-3.92e-06	-1.12e-06	-0.0395912
-3.64e-06	-1.12e-06	-0.0428824
-3.36e-06	-1.12e-06	-0.045159
-3.08e-06	-1.12e-06	-0.046358
-2.8e-06	-1.12e-06	-0.0464443
-2.52e-06	-1.12e-06	-0.0454113
-2.24e-06	-1.12e-06	-0.0432805
-1.96e-06	-1.12e-06	-0.0401012
-1.68e-06	-1.12e-06	-0.0359488
-1.4e-06	-1.12e-06	-0.0309225
-1.12e-06	-1.12e-06	-0.0251422
-8.4e-07	-1.12e-06	-0.0187459
-5.6e-07	-1.12e-06	-0.0118866
-2.8e-07	-1.12e-06	-0.00473345
0	-1.12e-06	0.00252582
2.8e-07	-1.12e-06	0.0097059
5.6e-07	-1.12e-06	0.0166324
8.4e-07	-1.12e-06	0.0231389
1.12e-06	-1.12e-06	0.0290678
1.4e-06	-1.12e-06	0.0342739
1.68e-06	-1.12e-06	0.0386285
1.96e-06	-1.12e-06	0.0420225
2.24e-06	-1.12e-06	0.0443699
2.52e-06	-1.12e-06	0.0456097
2.8e-06	-1.12e-06	0.045707
3.08e-06	-1.12e-06	0.0446543
3.36e-06	-1.12e-06	0.0424711
3.64e-06	-1.12e-06	0.039203
3.92e-06	-1.12e-06	0.0349205
4.2e-06	-1.12e-06	0.0297167
4.48e-06	-1.12e-06	0.0237049
4.76e-06	-1.12e-06	0.0170152
5.04e-06	-1.12e-06	0.00979216
5.32e-06	-1.12e-06	0.00219273

-5.32e-06	-1.4e-06	-0.0134364
-5.04e-06	-1.4e-06	-0.0210682
-4.76e-06	-1.4e-06	-0.0282965
-4.48e-06	-1.4e-06	-0.0349216
-4.2e-06	-1.4e-06	-0.0407625
-3.92e-06	-1.4e-06	-0.0456614
-3.64e-06	-1.4e-06	-0.0494867
-3.36e-06	-1.4e-06	-0.0521353
-3.08e-06	-1.4e-06	-0.053535
-2.8e-06	-1.4e-06	-0.0536455
-2.52e-06	-1.4e-06	-0.0524594
-2.24e-06	-1.4e-06	-0.0500019
-1.96e-06	-1.4e-06	-0.0463301
-1.68e-06	-1.4e-06	-0.0415314
-1.4e-06	-1.4e-06	-0.0357209
-1.12e-06	-1.4e-06	-0.0290388
-8.4e-07	-1.4e-06	-0.0216466
-5.6e-07	-1.4e-06	-0.0137245
-2.8e-07	-1.4e-06	-0.00546827
0	-1.4e-06	0.00291443
2.8e-07	-1.4e-06	0.0112141
5.6e-07	-1.4e-06	0.0192267
8.4e-07	-1.4e-06	0.0267563
1.12e-06	-1.4e-06	0.0336189
1.4e-06	-1.4e-06	0.0396461
1.68e-06	-1.4e-06	0.0446889
1.96e-06	-1.4e-06	0.0486218
2.24e-06	-1.4e-06	0.0513457
2.52e-06	-1.4e-06	0.0527907
2.8e-06	-1.4e-06	0.0529173
3.08e-06	-1.4e-06	0.0517175
3.36e-06	-1.4e-06	0.049215
3.64e-06	-1.4e-06	0.045464
3.92e-06	-1.4e-06	0.040548
4.2e-06	-1.4e-06	0.0345775
4.48e-06	-1.4e-06	0.0276871
4.76e-06	-1.4e-06	0.0200326
5.04e-06	-1.4e-06	0.0117879
5.32e-06	-1.4e-06	0.0031424

-5.32e-06	-1.68e-06	-0.0145236
-5.04e-06	-1.68e-06	-0.0231014
-4.76e-06	-1.68e-06	-0.0312079
-4.48e-06	-1.68e-06	-0.0386283
-4.2e-06	-1.68e-06	-0.0451659
-3.92e-06	-1.68e-06	-0.0506479
-3.64e-06	-1.68e-06	-0.0549295
-3.36e-06	-1.68e-06	-0.0578973
-3.08e-06	-1.68e-06	-0.0594718
-2.8e-06	-1.68e-06	-0.0596087
-2.52e-06	-1.68e-06	-0.0583003
-2.24e-06	-1.68e-06	-0.0555751
-1.96e-06	-1.68e-06	-0.051497
-1.68e-06	-1.68e-06	-0.0461634
-1.4e-06	-1.68e-06	-0.0397033
-1.12e-06	-1.68e-06	-0.0322734
-8.4e-07	-1.68e-06	-0.0240545
-5.6e-07	-1.68e-06	-0.015248
-2.8e-07	-1.68e-06	-0.00607121
0	-1.68e-06	0.00324834
2.8e-07	-1.68e-06	0.0124797
5.6e-07	-1.68e-06	0.0213954
8.4e-07	-1.68e-06	0.0297765
1.12e-06	-1.68e-06	0.0374172
1.4e-06	-1.68e-06	0.0441295
1.68e-06	-1.68e-06	0.0497478
1.96e-06	-1.68e-06	0.0541328
2.24e-06	-1.68e-06	0.0571746
2.52e-06	-1.68e-06	0.0587959
2.8e-06	-1.68e-06	0.0589536
3.08e-06	-1.68e-06	0.0576399
3.36e-06	-1.68e-06	0.054882
3.64e-06	-1.68e-06	0.0507419
3.92e-06	-1.68e-06	0.0453143
4.2e-06	-1.68e-06	0.0387244
4.48e-06	-1.68e-06	0.0311252
4.76e-06	-1.68e-06	0.0226937
5.04e-06	-1.68e-06	0.0136273
5.32e-06	-1.68e-06	0.00414079

-5.32e-06	-1.96e-06	-0.0151702
-5.04e-06	-1.96e-06	-0.0245143
-4.76e-06	-1.96e-06	-0.033331
-4.48e-06	-1.96e-06	-0.0413927
-4.2e-06	-1.96e-06	-0.0484909
-3.92e-06	-1.96e-06	-0.0544417
-3.64e-06	-1.96e-06	-0.0590908
-3.36e-06	-1.96e-06	-0.0623172
-3.08e-06	-1.96e-06	-0.0640362
-2.8e-06	-1.96e-06	-0.0642009
-2.52e-06	-1.96e-06	-0.0628036
-2.24e-06	-1.96e-06	-0.0598755
-1.96e-06	-1.96e-06	-0.055486
-1.68e-06	-1.96e-06	-0.049741
-1.4e-06	-1.96e-06	-0.0427798
-1.12e-06	-1.96e-06	-0.034772
-8.4e-07	-1.96e-06	-0.0259134
-5.6e-07	-1.96e-06	-0.0164215
-2.8e-07	-1.96e-06	-0.00653001
0	-1.96e-06	0.00351694
2.8e-07	-1.96e-06	0.0134713
5.6e-07	-1.96e-06	0.0230879
8.4e-07	-1.96e-06	0.0321302
1.12e-06	-1.96e-06	0.0403758
1.4e-06	-1.96e-06	0.0476219
1.68e-06	-1.96e-06	0.0536897
1.96e-06	-1.96e-06	0.0584292
2.24e-06	-1.96e-06	0.0617225
2.52e-06	-1.96e-06	0.0634867
2.8e-06	-1.96e-06	0.0636761
3.08e-06	-1.96e-06	0.0622831
3.36e-06	-1.96e-06	0.0593383
3.64e-06	-1.96e-06	0.0549099
3.92e-06	-1.96e-06	0.0491018
4.2e-06	-1.96e-06	0.0420511
4.48e-06	-1.96e-06	0.0339252
4.76e-06	-1.96e-06	0.0249173
5.04e-06	-1.96e-06	0.0152431
5.32e-06	-1.96e-06	0.00513552

-5.32e-06	-2.24e-06	-0.0153885
-5.04e-06	-2.24e-06	-0.0252965
-4.76e-06	-2.24e-06	-0.0346341
-4.48e-06	-2.24e-06	-0.0431649
-4.2e-06	-2.24e-06	-0.0506722
-3.92e-06	-2.24e-06	-0.0569649
-3.64e-06	-2.24e-06	-0.0618828
-3.36e-06	-2.24e-06	-0.0653003
-3.08e-06	-2.24e-06	-0.0671294
-2.8e-06	-2.24e-06	-0.0673218
-2.52e-06	-2.24e-06	-0.0658702
-2.24e-06	-2.24e-06	-0.0628082
-1.96e-06	-2.24e-06	-0.0582091
-1.68e-06	-2.24e-06	-0.0521846
-1.4e-06	-2.24e-06	-0.0448815
-1.12e-06	-2.24e-06	-0.0364784
-8.4e-07	-2.24e-06	-0.0271814
-5.6e-07	-2.24e-06	-0.0172188
-2.8e-07	-2.24e-06	-0.00683571
0	-2.24e-06	0.00371192
2.8e-07	-2.24e-06	0.0141643
5.6e-07	-2.24e-06	0.0242639
8.4e-07	-2.24e-06	0.0337625
1.12e-06	-2.24e-06	0.0424264
1.4e-06	-2.24e-06	0.0500425
1.68e-06	-2.24e-06	0.0564232
1.96e-06	-2.24e-06	0.0614113
2.24e-06	-2.24e-06	0.0648833
2.52e-06	-2.24e-06	0.0667528
2.8e-06	-2.24e-06	0.0669725
3.08e-06	-2.24e-06	0.0655353
3.36e-06	-2.24e-06	0.0624746
3.64e-06	-2.24e-06	0.0578632
3.92e-06	-2.24e-06	0.0518118
4.2e-06	-2.24e-06	0.0444663
4.48e-06	-2.24e-06	0.0360041
4.76e-06	-2.24e-06	0.0266301
5.04e-06	-2.24e-06	0.016572
5.32e-06	-2.24e-06	0.00607507

-5.32e-06	-2.52e-06	-0.0152008
-5.04e-06	-2.52e-06	-0.0254539
-4.76e-06	-2.52e-06	-0.0351077
-4.48e-06	-2.52e-06	-0.0439212
-4.2e-06	-2.52e-06	-0.0516738
-3.92e-06	-2.52e-06	-0.0581715
-3.64e-06	-2.52e-06	-0.0632516
-3.36e-06	-2.52e-06	-0.0667865
-3.08e-06	-2.52e-06	-0.0686874
-2.8e-06	-2.52e-06	-0.0689059
-2.52e-06	-2.52e-06	-0.0674352
-2.24e-06	-2.52e-06	-0.0643104
-1.96e-06	-2.52e-06	-0.0596074
-1.68e-06	-2.52e-06	-0.0534412
-1.4e-06	-2.52e-06	-0.0459627
-1.12e-06	-2.52e-06	-0.0373554
-8.4e-07	-2.52e-06	-0.0278307
-5.6e-07	-2.52e-06	-0.0176229
-2.8e-07	-2.52e-06	-0.00698303
0	-2.52e-06	0.00382683
2.8e-07	-2.52e-06	0.0145406
5.6e-07	-2.52e-06	0.0248946
8.4e-07	-2.52e-06	0.0346343
1.12e-06	-2.52e-06	0.0435202
1.4e-06	-2.52e-06	0.051334
1.68e-06	-2.52e-06	0.0578835
1.96e-06	-2.52e-06	0.0630079
2.24e-06	-2.52e-06	0.0665809
2.52e-06	-2.52e-06	0.0685147
2.8e-06	-2.52e-06	0.0687614
3.08e-06	-2.52e-06	0.0673147
3.36e-06	-2.52e-06	0.0642098
3.64e-06	-2.52e-06	0.0595226
3.92e-06	-2.52e-06	0.0533681
4.2e-06	-2.52e-06	0.0458973
4.48e-06	-2.52e-06	0.0372937
4.76e-06	-2.52e-06	0.0277688
5.04e-06	-2.52e-06	0.0175568
5.32e-06	-2.52e-06	0.00690927

-5.32e-06	-2.8e-06	-0.0146389
-5.04e-06	-2.8e-06	-0.025008
-4.76e-06	-2.8e-06	-0.034763
-4.48e-06	-2.8e-06	-0.0436631
-4.2e-06	-2.8e-06	-0.0514889
-3.92e-06	-2.8e-06	-0.0580473
-3.64e-06	-2.8e-06	-0.0631769
-3.36e-06	-2.8e-06	-0.0667513
-3.08e-06	-2.8e-06	-0.0686826
-2.8e-06	-2.8e-06	-0.0689235
-2.52e-06	-2.8e-06	-0.0674681
-2.24e-06	-2.8e-06	-0.0643522
-1.96e-06	-2.8e-06	-0.0596527
-1.68e-06	-2.8e-06	-0.053485
-1.4e-06	-2.8e-06	-0.046001
-1.12e-06	-2.8e-06	-0.0373847
-8.4e-07	-2.8e-06	-0.0278483
-5.6e-07	-2.8e-06	-0.0176263
-2.8e-07	-2.8e-06	-0.00697044
0	-2.8e-06	0.00385703
2.8e-07	-2.8e-06	0.0145897
5.6e-07	-2.8e-06	0.0249635
8.4e-07	-2.8e-06	0.0347235
1.12e-06	-2.8e-06	0.04363
1.4e-06	-2.8e-06	0.0514643
1.68e-06	-2.8e-06	0.0580342
1.96e-06	-2.8e-06	0.0631788
2.24e-06	-2.8e-06	0.0667721
2.52e-06	-2.8e-06	0.0687266
2.8e-06	-2.8e-06	0.068995
3.08e-06	-2.8e-06	0.0675718
3.36e-06	-2.8e-06	0.0644934
3.64e-06	-2.8e-06	0.059837
3.92e-06	-2.8e-06	0.0537191
4.2e-06	-2.8e-06	0.0462925
4.48e-06	-2.8e-06	0.0377426
4.76e-06	-2.8e-06	0.0282824
5.04e-06	-2.8e-06	0.0181477
5.32e-06	-2.8e-06	0.0075903

-5.32e-06	-3.08e-06	-0.0137435
-5.04e-06	-3.08e-06	-0.0239946
-4.76e-06	-3.08e-06	-0.0336306
-4.48e-06	-3.08e-06	-0.0424165
-4.2e-06	-3.08e-06	-0.0501386
-3.92e-06	-3.08e-06	-0.0566094
-3.64e-06	-3.08e-06	-0.0616724
-3.36e-06	-3.08e-06	-0.0652052
-3.08e-06	-3.08e-06	-0.0671232
-2.8e-06	-3.08e-06	-0.067381
-2.52e-06	-3.08e-06	-0.0659737
-2.24e-06	-3.08e-06	-0.0629373
-1.96e-06	-3.08e-06	-0.0583476
-1.68e-06	-3.08e-06	-0.0523182
-1.4e-06	-3.08e-06	-0.0449981
-1.12e-06	-3.08e-06	-0.036568
-8.4e-07	-3.08e-06	-0.0272356
-5.6e-07	-3.08e-06	-0.0172309
-2.8e-07	-3.08e-06	-0.00680012
0	-3.08e-06	0.00379983
2.8e-07	-3.08e-06	0.0143082
5.6e-07	-3.08e-06	0.0244667
8.4e-07	-3.08e-06	0.0340257
1.12e-06	-3.08e-06	0.0427505
1.4e-06	-3.08e-06	0.0504274
1.68e-06	-3.08e-06	0.0568683
1.96e-06	-3.08e-06	0.0619158
2.24e-06	-3.08e-06	0.0654473
2.52e-06	-3.08e-06	0.0673773
2.8e-06	-3.08e-06	0.0676603
3.08e-06	-3.08e-06	0.0662917
3.36e-06	-3.08e-06	0.0633079
3.64e-06	-3.08e-06	0.0587858
3.92e-06	-3.08e-06	0.0528408
4.2e-06	-3.08e-06	0.045624
4.48e-06	-3.08e-06	0.0373184
4.76e-06	-3.08e-06	0.0281343
5.04e-06	-3.08e-06	0.0183038
5.32e-06	-3.08e-06	0.00807387

-5.32e-06	-3.36e-06	-0.0125629
-5.04e-06	-3.36e-06	-0.0224625
-4.76e-06	-3.36e-06	-0.0317593
-4.48e-06	-3.36e-06	-0.0402296
-4.2e-06	-3.36e-06	-0.0476706
-3.92e-06	-3.36e-06	-0.0539048
-3.64e-06	-3.36e-06	-0.0587841
-3.36e-06	-3.36e-06	-0.0621933
-3.08e-06	-3.36e-06	-0.0640526
-2.8e-06	-3.36e-06	-0.0643199
-2.52e-06	-3.36e-06	-0.0629913
-2.24e-06	-3.36e-06	-0.0601022
-1.96e-06	-3.36e-06	-0.0557253
-1.68e-06	-3.36e-06	-0.0499701
-1.4e-06	-3.36e-06	-0.0429793
-1.12e-06	-3.36e-06	-0.0349258
-8.4e-07	-3.36e-06	-0.0260085
-5.6e-07	-3.36e-06	-0.0164473
-2.8e-07	-3.36e-06	-0.00647774
0	-3.36e-06	0.00365466
2.8e-07	-3.36e-06	0.0137007
5.6e-07	-3.36e-06	0.0234134
8.4e-07	-3.36e-06	0.0325543
1.12e-06	-3.36e-06	0.0408992
1.4e-06	-3.36e-06	0.0482439
1.68e-06	-3.36e-06	0.0544088
1.96e-06	-3.36e-06	0.0592437
2.24e-06	-3.36e-06	0.0626317
2.52e-06	-3.36e-06	0.0644916
2.8e-06	-3.36e-06	0.0647804
3.08e-06	-3.36e-06	0.0634945
3.36e-06	-3.36e-06	0.0606695
3.64e-06	-3.36e-06	0.0563801
3.92e-06	-3.36e-06	0.0507377
4.2e-06	-3.36e-06	0.0438885
4.48e-06	-3.36e-06	0.0360094
4.76e-06	-3.36e-06	0.0273035
5.04e-06	-3.36e-06	0.0179947
5.32e-06	-3.36e-06	0.00832032

-5.32e-06	-3.64e-06	-0.0111516
-5.04e-06	-3.64e-06	-0.020472
-4.76e-06	-3.64e-06	-0.0292141
-4.48e-06	-3.64e-06	-0.0371714
-4.2e-06	-3.64e-06	-0.0441571
-3.92e-06	-3.64e-06	-0.0500081
-3.64e-06	-3.64e-06	-0.0545886
-3.36e-06	-3.64e-06	-0.0577928
-3.08e-06	-3.64e-06	-0.0595478
-2.8e-06	-3.64e-06	-0.0598155
-2.52e-06	-3.64e-06	-0.0585934
-2.24e-06	-3.64e-06	-0.0559149
-1.96e-06	-3.64e-06	-0.0518486
-1.68e-06	-3.64e-06	-0.0464967
-1.4e-06	-3.64e-06	-0.0399924
-1.12e-06	-3.64e-06	-0.0324972
-8.4e-07	-3.64e-06	-0.0241964
-5.6e-07	-3.64e-06	-0.0152949
-2.8e-07	-3.64e-06	-0.00601216
0	-3.64e-06	0.00342319
2.8e-07	-3.64e-06	0.0127791
5.6e-07	-3.64e-06	0.0218256
8.4e-07	-3.64e-06	0.0303408
1.12e-06	-3.64e-06	0.0381159
1.4e-06	-3.64e-06	0.0449607
1.68e-06	-3.64e-06	0.0507085
1.96e-06	-3.64e-06	0.0552195
2.24e-06	-3.64e-06	0.058385
2.52e-06	-3.64e-06	0.0601299
2.8e-06	-3.64e-06	0.0604146
3.08e-06	-3.64e-06	0.0592364
3.36e-06	-3.64e-06	0.0566292
3.64e-06	-3.64e-06	0.0526634
3.92e-06	-3.64e-06	0.0474442
4.2e-06	-3.64e-06	0.0411093
4.48e-06	-3.64e-06	0.0338257
4.76e-06	-3.64e-06	0.0257856
5.04e-06	-3.64e-06	0.0172008
5.32e-06	-3.64e-06	0.00829552

-5.32e-06	-3.92e-06	-0.00956885
-5.04e-06	-3.92e-06	-0.0180923
-4.76e-06	-3.92e-06	-0.0260734
-4.48e-06	-3.92e-06	-0.0333284
-4.2e-06	-3.92e-06	-0.0396919
-3.92e-06	-3.92e-06	-0.0450193
-3.64e-06	-3.92e-06	-0.0491902
-3.36e-06	-3.92e-06	-0.0521108
-3.08e-06	-3.92e-06	-0.0537168
-2.8e-06	-3.92e-06	-0.0539749
-2.52e-06	-3.92e-06	-0.0528835
-2.24e-06	-3.92e-06	-0.0504737
-1.96e-06	-3.92e-06	-0.0468078
-1.68e-06	-3.92e-06	-0.0419787
-1.4e-06	-3.92e-06	-0.036107
-1.12e-06	-3.92e-06	-0.0293388
-8.4e-07	-3.92e-06	-0.0218417
-5.6e-07	-3.92e-06	-0.0138011
-2.8e-07	-3.92e-06	-0.00541516
0	-3.92e-06	0.00310946
2.8e-07	-3.92e-06	0.0115631
5.6e-07	-3.92e-06	0.019738
8.4e-07	-3.92e-06	0.0274338
1.12e-06	-3.92e-06	0.0344618
1.4e-06	-3.92e-06	0.0406505
1.68e-06	-3.92e-06	0.0458491
1.96e-06	-3.92e-06	0.0499317
2.24e-06	-3.92e-06	0.0528003
2.52e-06	-3.92e-06	0.0543873
2.8e-06	-3.92e-06	0.0546574
3.08e-06	-3.92e-06	0.0536085
3.36e-06	-3.92e-06	0.0512719
3.64e-06	-3.92e-06	0.0477119
3.92e-06	-3.92e-06	0.0430248
4.2e-06	-3.92e-06	0.0373365
4.48e-06	-3.92e-06	0.0308005
4.76e-06	-3.92e-06	0.0235942
5.04e-06	-3.92e-06	0.0159146
5.32e-06	-3.92e-06	0.0079711

-5.32e-06	-4.2e-06	-0.00787729
-5.04e-06	-4.2e-06	-0.0154004
-4.76e-06	-4.2e-06	-0.0224268
-4.48e-06	-4.2e-06	-0.0288023
-4.2e-06	-4.2e-06	-0.0343874
-3.92e-06	-4.2e-06	-0.03906
-3.64e-06	-4.2e-06	-0.0427178
-3.36e-06	-4.2e-06	-0.0452813
-3.08e-06	-4.2e-06	-0.0466959
-2.8e-06	-4.2e-06	-0.0469334
-2.52e-06	-4.2e-06	-0.0459936
-2.24e-06	-4.2e-06	-0.0439037
-1.96e-06	-4.2e-06	-0.0407188
-1.68e-06	-4.2e-06	-0.0365198
-1.4e-06	-4.2e-06	-0.0314121
-1.12e-06	-4.2e-06	-0.0255231
-8.4e-07	-4.2e-06	-0.0189987
-5.6e-07	-4.2e-06	-0.0120005
-2.8e-07	-4.2e-06	-0.00470102
0	-4.2e-06	0.00271981
2.8e-07	-4.2e-06	0.0100794
5.6e-07	-4.2e-06	0.0171971
8.4e-07	-4.2e-06	0.0238983
1.12e-06	-4.2e-06	0.0300189
1.4e-06	-4.2e-06	0.0354097
1.68e-06	-4.2e-06	0.0399394
1.96e-06	-4.2e-06	0.0434988
2.24e-06	-4.2e-06	0.0460025
2.52e-06	-4.2e-06	0.047392
2.8e-06	-4.2e-06	0.0476368
3.08e-06	-4.2e-06	0.0467354
3.36e-06	-4.2e-06	0.0447154
3.64e-06	-4.2e-06	0.0416334
3.92e-06	-4.2e-06	0.0375737
4.2e-06	-4.2e-06	0.0326474
4.48e-06	-4.2e-06	0.0269902
4.76e-06	-4.2e-06	0.0207612
5.04e-06	-4.2e-06	0.0141405
5.32e-06	-4.2e-06	0.00732345

-5.32e-06	-4.48e-06	-0.00614194
-5.04e-06	-4.48e-06	-0.0124774
-4.76e-06	-4.48e-06	-0.0183716
-4.48e-06	-4.48e-06	-0.0237057
-4.2e-06	-4.48e-06	-0.0283707
-3.92e-06	-4.48e-06	-0.03227
-3.64e-06	-4.48e-06	-0.0353215
-3.36e-06	-4.48e-06	-0.0374614
-3.08e-06	-4.48e-06	-0.0386456
-2.8e-06	-4.48e-06	-0.0388519
-2.52e-06	-4.48e-06	-0.0380804
-2.24e-06	-4.48e-06	-0.0363546
-1.96e-06	-4.48e-06	-0.03372
-1.68e-06	-4.48e-06	-0.0302441
-1.4e-06	-4.48e-06	-0.0260145
-1.12e-06	-4.48e-06	-0.0211368
-8.4e-07	-4.48e-06	-0.015732
-5.6e-07	-4.48e-06	-0.00993409
-2.8e-07	-4.48e-06	-0.00388612
0	-4.48e-06	0.00226285
2.8e-07	-4.48e-06	0.00836154
5.6e-07	-4.48e-06	0.0142602
8.4e-07	-4.48e-06	0.0198141
1.12e-06	-4.48e-06	0.0248876
1.4e-06	-4.48e-06	0.0293568
1.68e-06	-4.48e-06	0.0331132
1.96e-06	-4.48e-06	0.0360662
2.24e-06	-4.48e-06	0.0381454
2.52e-06	-4.48e-06	0.0393023
2.8e-06	-4.48e-06	0.0395118
3.08e-06	-4.48e-06	0.0387727
3.36e-06	-4.48e-06	0.0371083
3.64e-06	-4.48e-06	0.0345654
3.92e-06	-4.48e-06	0.0312141
4.2e-06	-4.48e-06	0.0271466
4.48e-06	-4.48e-06	0.0224764
4.76e-06	-4.48e-06	0.0173391
5.04e-06	-4.48e-06	0.0118945
5.32e-06	-4.48e-06	0.00633001

-5.32e-06	-4.76e-06	-0.0044291
-5.04e-06	-4.76e-06	-0.0094062
-4.76e-06	-4.76e-06	-0.0140084
-4.48e-06	-4.76e-06	-0.018158
-4.2e-06	-4.76e-06	-0.0217795
-3.92e-06	-4.76e-06	-0.0248029
-3.64e-06	-4.76e-06	-0.027168
-3.36e-06	-4.76e-06	-0.0288271
-3.08e-06	-4.76e-06	-0.0297474
-2.8e-06	-4.76e-06	-0.0299123
-2.52e-06	-4.76e-06	-0.0293226
-2.24e-06	-4.76e-06	-0.0279964
-1.96e-06	-4.76e-06	-0.0259692
-1.68e-06	-4.76e-06	-0.0232932
-1.4e-06	-4.76e-06	-0.0200359
-1.12e-06	-4.76e-06	-0.0162788
-8.4e-07	-4.76e-06	-0.0121152
-5.6e-07	-4.76e-06	-0.00764838
-2.8e-07	-4.76e-06	-0.00298861
0	-4.76e-06	0.00174926
2.8e-07	-4.76e-06	0.00644864
5.6e-07	-4.76e-06	0.0109941
8.4e-07	-4.76e-06	0.0152744
1.12e-06	-4.76e-06	0.0191846
1.4e-06	-4.76e-06	0.0226297
1.68e-06	-4.76e-06	0.0255259
1.96e-06	-4.76e-06	0.0278035
2.24e-06	-4.76e-06	0.0294083
2.52e-06	-4.76e-06	0.030303
2.8e-06	-4.76e-06	0.0304684
3.08e-06	-4.76e-06	0.0299036
3.36e-06	-4.76e-06	0.0286263
3.64e-06	-4.76e-06	0.0266726
3.92e-06	-4.76e-06	0.0240959
4.2e-06	-4.76e-06	0.0209658
4.48e-06	-4.76e-06	0.0173679
4.76e-06	-4.76e-06	0.013405
5.04e-06	-4.76e-06	0.0092066
5.32e-06	-4.76e-06	0.00495775

-5.32e-06	-5.04e-06	-0.00280422
-5.04e-06	-5.04e-06	-0.00626551
-4.76e-06	-5.04e-06	-0.00943579
-4.48e-06	-5.04e-06	-0.0122807
-4.2e-06	-5.04e-06	-0.0147573
-3.92e-06	-5.04e-06	-0.0168223
-3.64e-06	-5.04e-06	-0.0184369
-3.36e-06	-5.04e-06	-0.0195696
-3.08e-06	-5.04e-06	-0.020199
-2.8e-06	-5.04e-06	-0.0203142
-2.52e-06	-5.04e-06	-0.0199158
-2.24e-06	-5.04e-06	-0.0190164
-1.96e-06	-5.04e-06	-0.0176404
-1.68e-06	-5.04e-06	-0.015823
-1.4e-06	-5.04e-06	-0.0136105
-1.12e-06	-5.04e-06	-0.011058
-8.4e-07	-5.04e-06	-0.00822927
-5.6e-07	-5.04e-06	-0.00519425
-2.8e-07	-5.04e-06	-0.00202798
0	-5.04e-06	0.00119149
2.8e-07	-5.04e-06	0.00438494
5.6e-07	-5.04e-06	0.00747395
8.4e-07	-5.04e-06	0.0103828
1.12e-06	-5.04e-06	0.0130405
1.4e-06	-5.04e-06	0.0153822
1.68e-06	-5.04e-06	0.0173511
1.96e-06	-5.04e-06	0.0188999
2.24e-06	-5.04e-06	0.0199917
2.52e-06	-5.04e-06	0.0206013
2.8e-06	-5.04e-06	0.0207156
3.08e-06	-5.04e-06	0.020334
3.36e-06	-5.04e-06	0.0194683
3.64e-06	-5.04e-06	0.0181427
3.92e-06	-5.04e-06	0.0163924
4.2e-06	-5.04e-06	0.0142623
4.48e-06	-5.04e-06	0.0118039
4.76e-06	-5.04e-06	0.00907305
5.04e-06	-5.04e-06	0.0061341
5.32e-06	-5.04e-06	0.00312636

-5.32e-06	-5.32e-06	-0.00132356
-5.04e-06	-5.32e-06	-0.00311981
-4.76e-06	-5.32e-06	-0.00474276
-4.48e-06	-5.32e-06	-0.00619138
-4.2e-06	-5.32e-06	-0.00744953
-3.92e-06	-5.32e-06	-0.00849742
-3.64e-06	-5.32e-06	-0.00931635
-3.36e-06	-5.32e-06	-0.00989096
-3.08e-06	-5.32e-06	-0.0102105
-2.8e-06	-5.32e-06	-0.0102697
-2.52e-06	-5.32e-06	-0.010069
-2.24e-06	-5.32e-06	-0.00961475
-1.96e-06	-5.32e-06	-0.00891927
-1.68e-06	-5.32e-06	-0.00800054
-1.4e-06	-5.32e-06	-0.00688184
-1.12e-06	-5.32e-06	-0.0055912
-8.4e-07	-5.32e-06	-0.00416075
-5.6e-07	-5.32e-06	-0.00262595
-2.8e-07	-5.32e-06	-0.00102472
0	-5.32e-06	0.000603441
2.8e-07	-5.32e-06	0.00221849
5.6e-07	-5.32e-06	0.00378077
8.4e-07	-5.32e-06	0.00525199
1.12e-06	-5.32e-06	0.0065962
1.4e-06	-5.32e-06	0.00778067
1.68e-06	-5.32e-06	0.00877668
1.96e-06	-5.32e-06	0.00956029
2.24e-06	-5.32e-06	0.0101129
2.52e-06	-5.32e-06	0.0104217
2.8e-06	-5.32e-06	0.01048
3.08e-06	-5.32e-06	0.0102876
3.36e-06	-5.32e-06	0.00985042
3.64e-06	-5.32e-06	0.00918033
3.92e-06	-5.32e-06	0.00829443
4.2e-06	-5.32e-06	0.00721305
4.48e-06	-5.32e-06	0.0059547
4.76e-06	-5.32e-06	0.00452048
5.04e-06	-5.32e-06	0.00284058
5.32e-06	-5.32e-06	0.000573536
