
-6.08e-06	6.4e-06	-0.00695382
-5.76e-06	6.4e-06	0.00766823
-5.44e-06	6.4e-06	-0.00792439
-5.12e-06	6.4e-06	0.00794887
-4.8e-06	6.4e-06	-0.00783084
-4.48e-06	6.4e-06	0.00761084
-4.16e-06	6.4e-06	-0.00731019
-3.84e-06	6.4e-06	0.00694179
-3.52e-06	6.4e-06	-0.00651457
-3.2e-06	6.4e-06	0.00603543
-2.88e-06	6.4e-06	-0.00551022
-2.56e-06	6.4e-06	0.00494422
-2.24e-06	6.4e-06	-0.0043424
-1.92e-06	6.4e-06	0.00370958
-1.6e-06	6.4e-06	-0.0030505
-1.28e-06	6.4e-06	0.00236984
-9.6e-07	6.4e-06	-0.00167229
-6.4e-07	6.4e-06	0.000962503
-3.2e-07	6.4e-06	-0.000245111
0	6.4e-06	-0.000475289
3.2e-07	6.4e-06	0.00119416
6.4e-07	6.4e-06	-0.00190703
9.6e-07	6.4e-06	0.00260957
1.28e-06	6.4e-06	-0.00329754
1.6e-06	6.4e-06	0.00396691
1.92e-06	6.4e-06	-0.00461386
2.24e-06	6.4e-06	0.00523484
2.56e-06	6.4e-06	-0.00582664
2.88e-06	6.4e-06	0.00638645
3.2e-06	6.4e-06	-0.00691202
3.52e-06	6.4e-06	0.0074018
3.84e-06	6.4e-06	-0.00785524
4.16e-06	6.4e-06	0.00827328
4.48e-06	6.4e-06	-0.00865933
4.8e-06	6.4e-06	0.00902132
5.12e-06	6.4e-06	-0.00937652
5.44e-06	6.4e-06	0.00976406
5.76e-06	6.4e-06	-0.0102816
6.08e-06	6.4e-06	0.0112034

-6.08e-06	6.08e-06	0.0148491
-5.76e-06	6.08e-06	-0.0156
-5.44e-06	6.08e-06	0.0158792
-5.12e-06	6.08e-06	-0.0158384
-4.8e-06	6.08e-06	0.0155648
-4.48e-06	6.08e-06	-0.0151091
-4.16e-06	6.08e-06	0.0145025
-3.84e-06	6.08e-06	-0.0137661
-3.52e-06	6.08e-06	0.0129156
-3.2e-06	6.08e-06	-0.0119637
-2.88e-06	6.08e-06	0.0109213
-2.56e-06	6.08e-06	-0.0097987
-2.24e-06	6.08e-06	0.00860554
-1.92e-06	6.08e-06	-0.00735123
-1.6e-06	6.08e-06	0.0060451
-1.28e-06	6.08e-06	-0.0046964
-9.6e-07	6.08e-06	0.00331436
-6.4e-07	6.08e-06	-0.00190817
-3.2e-07	6.08e-06	0.000487005
0	6.08e-06	0.000940041
3.2e-07	6.08e-06	-0.00236398
6.4e-07	6.08e-06	0.00377599
9.6e-07	6.08e-06	-0.00516743
1.28e-06	6.08e-06	0.00652994
1.6e-06	6.08e-06	-0.00785551
1.92e-06	6.08e-06	0.00913653
2.24e-06	6.08e-06	-0.0103659
2.56e-06	6.08e-06	0.0115373
2.88e-06	6.08e-06	-0.012645
3.2e-06	6.08e-06	0.0136843
3.52e-06	6.08e-06	-0.014652
3.84e-06	6.08e-06	0.0155464
4.16e-06	6.08e-06	-0.0163685
4.48e-06	6.08e-06	0.0171228
4.8e-06	6.08e-06	-0.0178204
5.12e-06	6.08e-06	0.0184826
5.44e-06	6.08e-06	-0.0191502
5.76e-06	6.08e-06	0.0198977
6.08e-06	6.08e-06	-0.0208457

-6.08e-06	5.76e-06	-0.0230638
-5.76e-06	5.76e-06	0.0236072
-5.44e-06	5.76e-06	-0.023751
-5.12e-06	5.76e-06	0.0235585
-4.8e-06	5.76e-06	-0.0230856
-4.48e-06	5.76e-06	0.0223745
-4.16e-06	5.76e-06	-0.0214563
-3.84e-06	5.76e-06	0.020355
-3.52e-06	5.76e-06	-0.0190902
-3.2e-06	5.76e-06	0.0176785
-2.88e-06	5.76e-06	-0.0161353
-2.56e-06	5.76e-06	0.0144749
-2.24e-06	5.76e-06	-0.0127113
-1.92e-06	5.76e-06	0.010858
-1.6e-06	5.76e-06	-0.00892878
-1.28e-06	5.76e-06	0.00693705
-9.6e-07	5.76e-06	-0.00489639
-6.4e-07	5.76e-06	0.00282035
-3.2e-07	5.76e-06	-0.000722416
0	5.76e-06	-0.00138402
3.2e-07	5.76e-06	0.00348572
6.4e-07	5.76e-06	-0.00556962
9.6e-07	5.76e-06	0.00762299
1.28e-06	5.76e-06	-0.00963346
1.6e-06	5.76e-06	0.0115892
1.92e-06	5.76e-06	-0.0134788
2.24e-06	5.76e-06	0.0152919
2.56e-06	5.76e-06	-0.0170187
2.88e-06	5.76e-06	0.0186507
3.2e-06	5.76e-06	-0.0201808
3.52e-06	5.76e-06	0.0216034
3.84e-06	5.76e-06	-0.0229152
4.16e-06	5.76e-06	0.0241157
4.48e-06	5.76e-06	-0.0252083
4.8e-06	5.76e-06	0.0262022
5.12e-06	5.76e-06	-0.0271138
5.44e-06	5.76e-06	0.0279703
5.76e-06	5.76e-06	-0.0288081
6.08e-06	5.76e-06	0.0296598

-6.08e-06	5.44e-06	0.0311206
-5.76e-06	5.44e-06	-0.0314147
-5.44e-06	5.44e-06	0.0313558
-5.12e-06	5.44e-06	-0.0309606
-4.8e-06	5.44e-06	0.0302584
-4.48e-06	5.44e-06	-0.0292788
-4.16e-06	5.44e-06	0.0280484
-3.84e-06	5.44e-06	-0.0265907
-3.52e-06	5.44e-06	0.0249267
-3.2e-06	5.44e-06	-0.0230759
-2.88e-06	5.44e-06	0.0210567
-2.56e-06	5.44e-06	-0.0188868
-2.24e-06	5.44e-06	0.0165838
-1.92e-06	5.44e-06	-0.0141651
-1.6e-06	5.44e-06	0.0116482
-1.28e-06	5.44e-06	-0.00905045
-9.6e-07	5.44e-06	0.00638948
-6.4e-07	5.44e-06	-0.00368282
-3.2e-07	5.44e-06	0.000947983
0	5.44e-06	0.00179761
3.2e-07	5.44e-06	-0.00453672
6.4e-07	5.44e-06	0.00725235
9.6e-07	5.44e-06	-0.00992787
1.28e-06	5.44e-06	0.0125471
1.6e-06	5.44e-06	-0.0150946
1.92e-06	5.44e-06	0.0175554
2.24e-06	5.44e-06	-0.0199157
2.56e-06	5.44e-06	0.0221626
2.88e-06	5.44e-06	-0.0242848
3.2e-06	5.44e-06	0.0262722
3.52e-06	5.44e-06	-0.028117
3.84e-06	5.44e-06	0.0298133
4.16e-06	5.44e-06	-0.0313583
4.48e-06	5.44e-06	0.0327526
4.8e-06	5.44e-06	-0.0340007
5.12e-06	5.44e-06	0.0351118
5.44e-06	5.44e-06	-0.0360986
5.76e-06	5.44e-06	0.0369731
6.08e-06	5.44e-06	-0.0377342

-6.08e-06	5.12e-06	-0.0387156
-5.76e-06	5.12e-06	0.0387774
-5.44e-06	5.12e-06	-0.0385006
-5.12e-06	5.12e-06	0.0378837
-4.8e-06	5.12e-06	-0.0369403
-4.48e-06	5.12e-06	0.0356904
-4.16e-06	5.12e-06	-0.0341555
-3.84e-06	5.12e-06	0.0323573
-3.52e-06	5.12e-06	-0.0303171
-3.2e-06	5.12e-06	0.0280559
-2.88e-06	5.12e-06	-0.0255941
-2.56e-06	5.12e-06	0.0229523
-2.24e-06	5.12e-06	-0.020151
-1.92e-06	5.12e-06	0.0172108
-1.6e-06	5.12e-06	-0.0141526
-1.28e-06	5.12e-06	0.0109973
-9.6e-07	5.12e-06	-0.00776601
-6.4e-07	5.12e-06	0.00447994
-3.2e-07	5.12e-06	-0.00116024
0	5.12e-06	-0.00217204
3.2e-07	5.12e-06	0.005496
6.4e-07	5.12e-06	-0.00879102
9.6e-07	5.12e-06	0.0120369
1.28e-06	5.12e-06	-0.015214
1.6e-06	5.12e-06	0.0183033
1.92e-06	5.12e-06	-0.0212867
2.24e-06	5.12e-06	0.0241471
2.56e-06	5.12e-06	-0.0268686
2.88e-06	5.12e-06	0.0294369
3.2e-06	5.12e-06	-0.0318392
3.52e-06	5.12e-06	0.034065
3.84e-06	5.12e-06	-0.0361056
4.16e-06	5.12e-06	0.0379554
4.48e-06	5.12e-06	-0.0396113
4.8e-06	5.12e-06	0.0410729
5.12e-06	5.12e-06	-0.0423425
5.44e-06	5.12e-06	0.0434227
5.76e-06	5.12e-06	-0.0443125
6.08e-06	5.12e-06	0.0450008

-6.08e-06	4.8e-06	0.0456364
-5.76e-06	4.8e-06	-0.0454941
-5.44e-06	4.8e-06	0.0450077
-5.12e-06	4.8e-06	-0.0441711
-4.8e-06	4.8e-06	0.0429908
-4.48e-06	4.8e-06	-0.0414807
-4.16e-06	4.8e-06	0.0396585
-3.84e-06	4.8e-06	-0.0375442
-3.52e-06	4.8e-06	0.0351588
-3.2e-06	4.8e-06	-0.0325239
-2.88e-06	4.8e-06	0.0296616
-2.56e-06	4.8e-06	-0.0265944
-2.24e-06	4.8e-06	0.0233452
-1.92e-06	4.8e-06	-0.0199374
-1.6e-06	4.8e-06	0.0163946
-1.28e-06	4.8e-06	-0.0127408
-9.6e-07	4.8e-06	0.00900014
-6.4e-07	4.8e-06	-0.00519695
-3.2e-07	4.8e-06	0.00135559
0	4.8e-06	0.00249964
3.2e-07	4.8e-06	-0.00634464
6.4e-07	4.8e-06	0.0101556
9.6e-07	4.8e-06	-0.0139091
1.28e-06	4.8e-06	0.0175823
1.6e-06	4.8e-06	-0.0211532
1.92e-06	4.8e-06	0.0246005
2.24e-06	4.8e-06	-0.0279042
2.56e-06	4.8e-06	0.0310456
2.88e-06	4.8e-06	-0.0340074
3.2e-06	4.8e-06	0.0367744
3.52e-06	4.8e-06	-0.039333
3.84e-06	4.8e-06	0.041672
4.16e-06	4.8e-06	-0.0437826
4.48e-06	4.8e-06	0.0456582
4.8e-06	4.8e-06	-0.0472942
5.12e-06	4.8e-06	0.0486875
5.44e-06	4.8e-06	-0.0498343
5.76e-06	4.8e-06	0.0507281
6.08e-06	4.8e-06	-0.0513559

-6.08e-06	4.48e-06	-0.0517188
-5.76e-06	4.48e-06	0.0513997
-5.44e-06	4.48e-06	-0.0507221
-5.12e-06	4.48e-06	0.0496806
-4.8e-06	4.48e-06	-0.0482795
-4.48e-06	4.48e-06	0.0465296
-4.16e-06	4.48e-06	-0.0444465
-3.84e-06	4.48e-06	0.0420488
-3.52e-06	4.48e-06	-0.0393571
-3.2e-06	4.48e-06	0.0363933
-2.88e-06	4.48e-06	-0.0331807
-2.56e-06	4.48e-06	0.0297431
-2.24e-06	4.48e-06	-0.0261053
-1.92e-06	4.48e-06	0.0222928
-1.6e-06	4.48e-06	-0.0183314
-1.28e-06	4.48e-06	0.0142476
-9.6e-07	4.48e-06	-0.0100682
-6.4e-07	4.48e-06	0.00582014
-3.2e-07	4.48e-06	-0.0015304
0	4.48e-06	-0.00277399
3.2e-07	4.48e-06	0.00706621
6.4e-07	4.48e-06	-0.0113197
9.6e-07	4.48e-06	0.0155083
1.28e-06	4.48e-06	-0.0196065
1.6e-06	4.48e-06	0.0235894
1.92e-06	4.48e-06	-0.0274332
2.24e-06	4.48e-06	0.0311151
2.56e-06	4.48e-06	-0.0346137
2.88e-06	4.48e-06	0.0379093
3.2e-06	4.48e-06	-0.040984
3.52e-06	4.48e-06	0.0438217
3.84e-06	4.48e-06	-0.0464086
4.16e-06	4.48e-06	0.048733
4.48e-06	4.48e-06	-0.0507852
4.8e-06	4.48e-06	0.0525574
5.12e-06	4.48e-06	-0.0540425
5.44e-06	4.48e-06	0.0552335
5.76e-06	4.48e-06	-0.0561216
6.08e-06	4.48e-06	0.0566948

-6.08e-06	4.16e-06	0.0568302
-5.76e-06	4.16e-06	-0.0563586
-5.44e-06	4.16e-06	0.0555122
-5.12e-06	4.16e-06	-0.0542883
-4.8e-06	4.16e-06	0.0526909
-4.48e-06	4.16e-06	-0.0507302
-4.16e-06	4.16e-06	0.0484205
-3.84e-06	4.16e-06	-0.0457797
-3.52e-06	4.16e-06	0.042828
-3.2e-06	4.16e-06	-0.0395876
-2.88e-06	4.16e-06	0.0360822
-2.56e-06	4.16e-06	-0.0323367
-2.24e-06	4.16e-06	0.0283773
-1.92e-06	4.16e-06	-0.0242308
-1.6e-06	4.16e-06	0.0199251
-1.28e-06	4.16e-06	-0.0154883
-9.6e-07	4.16e-06	0.0109493
-6.4e-07	4.16e-06	-0.00633719
-3.2e-07	4.16e-06	0.00168101
0	4.16e-06	0.00299008
3.2e-07	4.16e-06	-0.00764708
6.4e-07	4.16e-06	0.0122612
9.6e-07	4.16e-06	-0.0168042
1.28e-06	4.16e-06	0.0212481
1.6e-06	4.16e-06	-0.0255658
1.92e-06	4.16e-06	0.0297311
2.24e-06	4.16e-06	-0.033719
2.56e-06	4.16e-06	0.0375058
2.88e-06	4.16e-06	-0.0410695
3.2e-06	4.16e-06	0.0443898
3.52e-06	4.16e-06	-0.0474485
3.84e-06	4.16e-06	0.0502292
4.16e-06	4.16e-06	-0.0527181
4.48e-06	4.16e-06	0.0549028
4.8e-06	4.16e-06	-0.0567729
5.12e-06	4.16e-06	0.0583192
5.44e-06	4.16e-06	-0.059533
5.76e-06	4.16e-06	0.060405
6.08e-06	4.16e-06	-0.0609249

-6.08e-06	3.84e-06	-0.0608633
-5.76e-06	3.84e-06	0.0602612
-5.44e-06	3.84e-06	-0.0592703
-5.12e-06	3.84e-06	0.0578907
-4.8e-06	3.84e-06	-0.0561277
-4.48e-06	3.84e-06	0.0539914
-4.16e-06	3.84e-06	-0.051496
-3.84e-06	3.84e-06	0.0486589
-3.52e-06	3.84e-06	-0.0455
-3.2e-06	3.84e-06	0.0420415
-2.88e-06	3.84e-06	-0.0383074
-2.56e-06	3.84e-06	0.0343232
-2.24e-06	3.84e-06	-0.0301157
-1.92e-06	3.84e-06	0.0257129
-1.6e-06	3.84e-06	-0.0211438
-1.28e-06	3.84e-06	0.0164379
-9.6e-07	3.84e-06	-0.0116256
-6.4e-07	3.84e-06	0.00673735
-3.2e-07	3.84e-06	-0.00180382
0	3.84e-06	-0.00314433
3.2e-07	3.84e-06	0.00807659
6.4e-07	3.84e-06	-0.0129626
9.6e-07	3.84e-06	0.0177724
1.28e-06	3.84e-06	-0.0224763
1.6e-06	3.84e-06	0.0270454
1.92e-06	3.84e-06	-0.0314515
2.24e-06	3.84e-06	0.0356678
2.56e-06	3.84e-06	-0.0396687
2.88e-06	3.84e-06	0.0434301
3.2e-06	3.84e-06	-0.04693
3.52e-06	3.84e-06	0.0501482
3.84e-06	3.84e-06	-0.0530664
4.16e-06	3.84e-06	0.0556685
4.48e-06	3.84e-06	-0.0579406
4.8e-06	3.84e-06	0.0598705
5.12e-06	3.84e-06	-0.0614476
5.44e-06	3.84e-06	0.0626625
5.76e-06	3.84e-06	-0.0635064
6.08e-06	3.84e-06	0.0639713

-6.08e-06	3.52e-06	0.0637346
-5.76e-06	3.52e-06	-0.0630224
-5.44e-06	3.52e-06	0.061912
-5.12e-06	3.52e-06	-0.0604064
-4.8e-06	3.52e-06	0.0585124
-4.48e-06	3.52e-06	-0.0562408
-4.16e-06	3.52e-06	0.0536057
-3.84e-06	3.52e-06	-0.0506243
-3.52e-06	3.52e-06	0.0473162
-3.2e-06	3.52e-06	-0.0437035
-2.88e-06	3.52e-06	0.03981
-2.56e-06	3.52e-06	-0.0356613
-2.24e-06	3.52e-06	0.0312846
-1.92e-06	3.52e-06	-0.0267084
-1.6e-06	3.52e-06	0.0219622
-1.28e-06	3.52e-06	-0.0170766
-9.6e-07	3.52e-06	0.0120826
-6.4e-07	3.52e-06	-0.00701168
-3.2e-07	3.52e-06	0.00189546
0	3.52e-06	0.00323462
3.2e-07	3.52e-06	-0.00834722
6.4e-07	3.52e-06	0.0134111
9.6e-07	3.52e-06	-0.0183952
1.28e-06	3.52e-06	0.0232686
1.6e-06	3.52e-06	-0.0280011
1.92e-06	3.52e-06	0.0325631
2.24e-06	3.52e-06	-0.0369263
2.56e-06	3.52e-06	0.0410635
2.88e-06	3.52e-06	-0.0449495
3.2e-06	3.52e-06	0.0485603
3.52e-06	3.52e-06	-0.0518744
3.84e-06	3.52e-06	0.0548719
4.16e-06	3.52e-06	-0.0575354
4.48e-06	3.52e-06	0.0598494
4.8e-06	3.52e-06	-0.0618006
5.12e-06	3.52e-06	0.0633778
5.44e-06	3.52e-06	-0.0645716
5.76e-06	3.52e-06	0.0653743
6.08e-06	3.52e-06	-0.06578

-6.08e-06	3.2e-06	-0.0653848
-5.76e-06	3.2e-06	0.0645815
-5.44e-06	3.2e-06	-0.0633769
-5.12e-06	3.2e-06	0.0617765
-4.8e-06	3.2e-06	-0.0597888
-4.48e-06	3.2e-06	0.0574254
-4.16e-06	3.2e-06	-0.0547004
-3.84e-06	3.2e-06	0.0516307
-3.52e-06	3.2e-06	-0.0482356
-3.2e-06	3.2e-06	0.0445365
-2.88e-06	3.2e-06	-0.0405568
-2.56e-06	3.2e-06	0.0363219
-2.24e-06	3.2e-06	-0.0318586
-1.92e-06	3.2e-06	0.0271956
-1.6e-06	3.2e-06	-0.0223624
-1.28e-06	3.2e-06	0.0173899
-9.6e-07	3.2e-06	-0.0123096
-6.4e-07	3.2e-06	0.00715329
-3.2e-07	3.2e-06	-0.00195283
0	3.2e-06	-0.00326024
3.2e-07	3.2e-06	0.00845459
6.4e-07	3.2e-06	-0.0135988
9.6e-07	3.2e-06	0.0186615
1.28e-06	3.2e-06	-0.023611
1.6e-06	3.2e-06	0.0284162
1.92e-06	3.2e-06	-0.0330466
2.24e-06	3.2e-06	0.0374729
2.56e-06	3.2e-06	-0.041667
2.88e-06	3.2e-06	0.0456024
3.2e-06	3.2e-06	-0.0492543
3.52e-06	3.2e-06	0.0525998
3.84e-06	3.2e-06	-0.0556182
4.16e-06	3.2e-06	0.0582907
4.48e-06	3.2e-06	-0.0606011
4.8e-06	3.2e-06	0.0625354
5.12e-06	3.2e-06	-0.064082
5.44e-06	3.2e-06	0.0652321
5.76e-06	3.2e-06	-0.0659792
6.08e-06	3.2e-06	0.0663196

-6.08e-06	2.88e-06	0.0657785
-5.76e-06	2.88e-06	-0.0649018
-5.44e-06	2.88e-06	0.0636281
-5.12e-06	2.88e-06	-0.0619651
-4.8e-06	2.88e-06	0.0599228
-4.48e-06	2.88e-06	-0.0575133
-4.16e-06	2.88e-06	0.0547508
-3.84e-06	2.88e-06	-0.0516515
-3.52e-06	2.88e-06	0.0482341
-3.2e-06	2.88e-06	-0.044519
-2.88e-06	2.88e-06	0.0405289
-2.56e-06	2.88e-06	-0.0362883
-2.24e-06	2.88e-06	0.0318235
-1.92e-06	2.88e-06	-0.0271623
-1.6e-06	2.88e-06	0.0223341
-1.28e-06	2.88e-06	-0.0173695
-9.6e-07	2.88e-06	0.0123
-6.4e-07	2.88e-06	-0.00715741
-3.2e-07	2.88e-06	0.00197323
0	2.88e-06	0.0032218
3.2e-07	2.88e-06	-0.00839738
6.4e-07	2.88e-06	0.0135229
9.6e-07	2.88e-06	-0.018567
1.28e-06	2.88e-06	0.0234981
1.6e-06	2.88e-06	-0.0282844
1.92e-06	2.88e-06	0.0328951
2.24e-06	2.88e-06	-0.0373003
2.56e-06	2.88e-06	0.0414712
2.88e-06	2.88e-06	-0.0453808
3.2e-06	2.88e-06	0.0490038
3.52e-06	2.88e-06	-0.0523167
3.84e-06	2.88e-06	0.0552979
4.16e-06	2.88e-06	-0.057928
4.48e-06	2.88e-06	0.0601901
4.8e-06	2.88e-06	-0.0620698
5.12e-06	2.88e-06	0.0635555
5.44e-06	2.88e-06	-0.064639
5.76e-06	2.88e-06	0.0653152
6.08e-06	2.88e-06	-0.065583

-6.08e-06	2.56e-06	-0.0649047
-5.76e-06	2.56e-06	0.0639711
-5.44e-06	2.56e-06	-0.0626527
-5.12e-06	2.56e-06	0.0609594
-4.8e-06	2.56e-06	-0.0589024
-4.48e-06	2.56e-06	0.0564939
-4.16e-06	2.56e-06	-0.0537475
-3.84e-06	2.56e-06	0.0506789
-3.52e-06	2.56e-06	-0.0473053
-3.2e-06	2.56e-06	0.0436461
-2.88e-06	2.56e-06	-0.0397224
-2.56e-06	2.56e-06	0.0355576
-2.24e-06	2.56e-06	-0.0311766
-1.92e-06	2.56e-06	0.0266063
-1.6e-06	2.56e-06	-0.0218751
-1.28e-06	2.56e-06	0.017013
-9.6e-07	2.56e-06	-0.0120512
-6.4e-07	2.56e-06	0.00702134
-3.2e-07	2.56e-06	-0.00195435
0	2.56e-06	-0.003121
3.2e-07	2.56e-06	0.00817699
6.4e-07	2.56e-06	-0.0131849
9.6e-07	2.56e-06	0.0181141
1.28e-06	2.56e-06	-0.0229331
1.6e-06	2.56e-06	0.0276101
1.92e-06	2.56e-06	-0.0321139
2.24e-06	2.56e-06	0.0364146
2.56e-06	2.56e-06	-0.0404835
2.88e-06	2.56e-06	0.0442935
3.2e-06	2.56e-06	-0.0478192
3.52e-06	2.56e-06	0.0510367
3.84e-06	2.56e-06	-0.0539244
4.16e-06	2.56e-06	0.0564623
4.48e-06	2.56e-06	-0.0586331
4.8e-06	2.56e-06	0.060422
5.12e-06	2.56e-06	-0.0618174
5.44e-06	2.56e-06	0.0628116
5.76e-06	2.56e-06	-0.0634011
6.08e-06	2.56e-06	0.0635872

-6.08e-06	2.24e-06	0.0627765
-5.76e-06	2.24e-06	-0.0618009
-5.44e-06	2.24e-06	0.0604612
-5.12e-06	2.24e-06	-0.0587696
-4.8e-06	2.24e-06	0.0567377
-4.48e-06	2.24e-06	-0.0543775
-4.16e-06	2.24e-06	0.0517018
-3.84e-06	2.24e-06	-0.0487244
-3.52e-06	2.24e-06	0.045461
-3.2e-06	2.24e-06	-0.0419292
-2.88e-06	2.24e-06	0.0381484
-2.56e-06	2.24e-06	-0.03414
-2.24e-06	2.24e-06	0.0299273
-1.92e-06	2.24e-06	-0.0255355
-1.6e-06	2.24e-06	0.0209915
-1.28e-06	2.24e-06	-0.0163241
-9.6e-07	2.24e-06	0.0115644
-6.4e-07	2.24e-06	-0.00674413
-3.2e-07	2.24e-06	0.00189421
0	2.24e-06	0.00296029
3.2e-07	2.24e-06	-0.00779707
6.4e-07	2.24e-06	0.0125907
9.6e-07	2.24e-06	-0.0173116
1.28e-06	2.24e-06	0.0219279
1.6e-06	2.24e-06	-0.0264077
1.92e-06	2.24e-06	0.0307203
2.24e-06	2.24e-06	-0.0348359
2.56e-06	2.24e-06	0.0387266
2.88e-06	2.24e-06	-0.0423658
3.2e-06	2.24e-06	0.0457283
3.52e-06	2.24e-06	-0.0487907
3.84e-06	2.24e-06	0.0515312
4.16e-06	2.24e-06	-0.0539299
4.48e-06	2.24e-06	0.055969
4.8e-06	2.24e-06	-0.0576332
5.12e-06	2.24e-06	0.0589108
5.44e-06	2.24e-06	-0.059794
5.76e-06	2.24e-06	0.0602805
6.08e-06	2.24e-06	-0.0603743

-6.08e-06	1.92e-06	-0.0594304
-5.76e-06	1.92e-06	0.0584252
-5.44e-06	1.92e-06	-0.0570864
-5.12e-06	1.92e-06	0.0554276
-4.8e-06	1.92e-06	-0.0534605
-4.48e-06	1.92e-06	0.051196
-4.16e-06	1.92e-06	-0.0486447
-3.84e-06	1.92e-06	0.0458185
-3.52e-06	1.92e-06	-0.0427307
-3.2e-06	1.92e-06	0.0393966
-2.88e-06	1.92e-06	-0.0358332
-2.56e-06	1.92e-06	0.0320598
-2.24e-06	1.92e-06	-0.0280973
-1.92e-06	1.92e-06	0.0239684
-1.6e-06	1.92e-06	-0.019698
-1.28e-06	1.92e-06	0.0153132
-9.6e-07	1.92e-06	-0.0108443
-6.4e-07	1.92e-06	0.00632533
-3.2e-07	1.92e-06	-0.00179055
0	1.92e-06	-0.00274213
3.2e-07	1.92e-06	0.00726228
6.4e-07	1.92e-06	-0.0117496
9.6e-07	1.92e-06	0.0161739
1.28e-06	1.92e-06	-0.0205022
1.6e-06	1.92e-06	0.0247022
1.92e-06	1.92e-06	-0.0287435
2.24e-06	1.92e-06	0.0325977
2.56e-06	1.92e-06	-0.0362379
2.88e-06	1.92e-06	0.0396388
3.2e-06	1.92e-06	-0.0427763
3.52e-06	1.92e-06	0.0456276
3.84e-06	1.92e-06	-0.0481714
4.16e-06	1.92e-06	0.0503877
4.48e-06	1.92e-06	-0.0522584
4.8e-06	1.92e-06	0.0537676
5.12e-06	1.92e-06	-0.0549025
5.44e-06	1.92e-06	0.0556546
5.76e-06	1.92e-06	-0.0560218
6.08e-06	1.92e-06	0.0560105

-6.08e-06	1.6e-06	0.0549249
-5.76e-06	1.6e-06	-0.0538997
-5.44e-06	1.6e-06	0.0525819
-5.12e-06	1.6e-06	-0.0509864
-4.8e-06	1.6e-06	0.0491233
-4.48e-06	1.6e-06	-0.047001
-4.16e-06	1.6e-06	0.0446272
-3.84e-06	1.6e-06	-0.0420106
-3.52e-06	1.6e-06	0.0391616
-3.2e-06	1.6e-06	-0.0360927
-2.88e-06	1.6e-06	0.0328182
-2.56e-06	1.6e-06	-0.0293546
-2.24e-06	1.6e-06	0.02572
-1.92e-06	1.6e-06	-0.0219342
-1.6e-06	1.6e-06	0.0180188
-1.28e-06	1.6e-06	-0.0139976
-9.6e-07	1.6e-06	0.00989899
-6.4e-07	1.6e-06	-0.00576168
-3.2e-07	1.6e-06	0.00163931
0	1.6e-06	0.00246685
3.2e-07	1.6e-06	-0.00657591
6.4e-07	1.6e-06	0.0106731
9.6e-07	1.6e-06	-0.0147216
1.28e-06	1.6e-06	0.0186842
1.6e-06	1.6e-06	-0.0225279
1.92e-06	1.6e-06	0.0262239
2.24e-06	1.6e-06	-0.0297456
2.56e-06	1.6e-06	0.0330683
2.88e-06	1.6e-06	-0.0361686
3.2e-06	1.6e-06	0.0390242
3.52e-06	1.6e-06	-0.0416134
3.84e-06	1.6e-06	0.0439157
4.16e-06	1.6e-06	-0.0459115
4.48e-06	1.6e-06	0.0475823
4.8e-06	1.6e-06	-0.048911
5.12e-06	1.6e-06	0.0498828
5.44e-06	1.6e-06	-0.0504869
5.76e-06	1.6e-06	0.0507191
6.08e-06	1.6e-06	-0.0505868

-6.08e-06	1.28e-06	-0.0493378
-5.76e-06	1.28e-06	0.048298
-5.44e-06	1.28e-06	-0.04702
-5.12e-06	1.28e-06	0.0455178
-4.8e-06	1.28e-06	-0.043798
-4.48e-06	1.28e-06	0.0418641
-4.16e-06	1.28e-06	-0.0397193
-3.84e-06	1.28e-06	0.0373683
-3.52e-06	1.28e-06	-0.0348181
-3.2e-06	1.28e-06	0.0320779
-2.88e-06	1.28e-06	-0.029159
-2.56e-06	1.28e-06	0.0260749
-2.24e-06	1.28e-06	-0.0228407
-1.92e-06	1.28e-06	0.0194727
-1.6e-06	1.28e-06	-0.0159879
-1.28e-06	1.28e-06	0.0124039
-9.6e-07	1.28e-06	-0.00874096
-6.4e-07	1.28e-06	0.00503679
-3.2e-07	1.28e-06	-0.00143023
0	1.28e-06	-0.00212601
3.2e-07	1.28e-06	0.00573441
6.4e-07	1.28e-06	-0.00937432
9.6e-07	1.28e-06	0.0129815
1.28e-06	1.28e-06	-0.0165105
1.6e-06	1.28e-06	0.0199295
1.92e-06	1.28e-06	-0.0232126
2.24e-06	1.28e-06	0.026337
2.56e-06	1.28e-06	-0.0292813
2.88e-06	1.28e-06	0.0320248
3.2e-06	1.28e-06	-0.0345474
3.52e-06	1.28e-06	0.0368294
3.84e-06	1.28e-06	-0.0388514
4.16e-06	1.28e-06	0.0405946
4.48e-06	1.28e-06	-0.04204
4.8e-06	1.28e-06	0.0431692
5.12e-06	1.28e-06	-0.0439641
5.44e-06	1.28e-06	0.0444089
5.76e-06	1.28e-06	-0.0444931
6.08e-06	1.28e-06	0.0442195

-6.08e-06	9.6e-07	0.0427621
-5.76e-06	9.6e-07	-0.0417082
-5.44e-06	9.6e-07	0.0404882
-5.12e-06	9.6e-07	-0.039111
-4.8e-06	9.6e-07	0.0375746
-4.48e-06	9.6e-07	-0.0358749
-4.16e-06	9.6e-07	0.0340088
-3.84e-06	9.6e-07	-0.0319764
-3.52e-06	9.6e-07	0.0297805
-3.2e-06	9.6e-07	-0.0274271
-2.88e-06	9.6e-07	0.0249245
-2.56e-06	9.6e-07	-0.0222832
-2.24e-06	9.6e-07	0.0195152
-1.92e-06	9.6e-07	-0.0166334
-1.6e-06	9.6e-07	0.0136502
-1.28e-06	9.6e-07	-0.0105743
-9.6e-07	9.6e-07	0.00740216
-6.4e-07	9.6e-07	-0.0040864
-3.2e-07	9.6e-07	0.0011345
0	9.6e-07	0.00167903
3.2e-07	9.6e-07	-0.00471577
6.4e-07	9.6e-07	0.00787021
9.6e-07	9.6e-07	-0.0109898
1.28e-06	9.6e-07	0.0140277
1.6e-06	9.6e-07	-0.0169608
1.92e-06	9.6e-07	0.0197705
2.24e-06	9.6e-07	-0.0224399
2.56e-06	9.6e-07	0.0249517
2.88e-06	9.6e-07	-0.0272887
3.2e-06	9.6e-07	0.0294339
3.52e-06	9.6e-07	-0.03137
3.84e-06	9.6e-07	0.0330795
4.16e-06	9.6e-07	-0.0345445
4.48e-06	9.6e-07	0.0357464
4.8e-06	9.6e-07	-0.0366653
5.12e-06	9.6e-07	0.0372792
5.44e-06	9.6e-07	-0.037564
5.76e-06	9.6e-07	0.0374949
6.08e-06	9.6e-07	-0.0370559

-6.08e-06	6.4e-07	-0.0352973
-5.76e-06	6.4e-07	0.0342252
-5.44e-06	6.4e-07	-0.0330856
-5.12e-06	6.4e-07	0.0318701
-4.8e-06	6.4e-07	-0.0305604
-4.48e-06	6.4e-07	0.029141
-4.16e-06	6.4e-07	-0.0276012
-3.84e-06	6.4e-07	0.0259358
-3.52e-06	6.4e-07	-0.0241442
-3.2e-06	6.4e-07	0.022229
-2.88e-06	6.4e-07	-0.0201958
-2.56e-06	6.4e-07	0.0180524
-2.24e-06	6.4e-07	-0.0158081
-1.92e-06	6.4e-07	0.0134732
-1.6e-06	6.4e-07	-0.0110584
-1.28e-06	6.4e-07	0.00857246
-9.6e-07	6.4e-07	-0.00601899
-6.4e-07	6.4e-07	0.00266837
-3.2e-07	6.4e-07	-0.000671594
0	6.4e-07	-0.000966204
3.2e-07	6.4e-07	0.00345969
6.4e-07	6.4e-07	-0.00620112
9.6e-07	6.4e-07	0.00880056
1.28e-06	6.4e-07	-0.0112937
1.6e-06	6.4e-07	0.0136845
1.92e-06	6.4e-07	-0.0159669
2.24e-06	6.4e-07	0.0181304
2.56e-06	6.4e-07	-0.0201631
2.88e-06	6.4e-07	0.0220516
3.2e-06	6.4e-07	-0.0237822
3.52e-06	6.4e-07	0.0253406
3.84e-06	6.4e-07	-0.0267119
4.16e-06	6.4e-07	0.0278803
4.48e-06	6.4e-07	-0.0288282
4.8e-06	6.4e-07	0.0295353
5.12e-06	6.4e-07	-0.0299767
5.44e-06	6.4e-07	0.030119
5.76e-06	6.4e-07	-0.0299143
6.08e-06	6.4e-07	0.0292938

-6.08e-06	3.2e-07	0.0270311
-5.76e-06	3.2e-07	-0.0259404
-5.44e-06	3.2e-07	0.024919
-5.12e-06	3.2e-07	-0.0239139
-4.8e-06	3.2e-07	0.0228801
-4.48e-06	3.2e-07	-0.0217875
-4.16e-06	3.2e-07	0.0206182
-3.84e-06	3.2e-07	-0.019363
-3.52e-06	3.2e-07	0.0180182
-3.2e-06	3.2e-07	-0.0165843
-2.88e-06	3.2e-07	0.0150645
-2.56e-06	3.2e-07	-0.013464
-2.24e-06	3.2e-07	0.01179
-1.92e-06	3.2e-07	-0.0100508
-1.6e-06	3.2e-07	0.0082568
-1.28e-06	3.2e-07	-0.0064205
-9.6e-07	3.2e-07	0.00455563
-6.4e-07	3.2e-07	-0.00189103
-3.2e-07	3.2e-07	0.000454193
0	3.2e-07	0.000640724
3.2e-07	3.2e-07	-0.00241502
6.4e-07	3.2e-07	0.00451656
9.6e-07	3.2e-07	-0.00649416
1.28e-06	3.2e-07	0.00837517
1.6e-06	3.2e-07	-0.0101693
1.92e-06	3.2e-07	0.0118765
2.24e-06	3.2e-07	-0.0134915
2.56e-06	3.2e-07	0.0150065
2.88e-06	3.2e-07	-0.0164123
3.2e-06	3.2e-07	0.0176987
3.52e-06	3.2e-07	-0.0188548
3.84e-06	3.2e-07	0.019869
4.16e-06	3.2e-07	-0.0207285
4.48e-06	3.2e-07	0.0214186
4.8e-06	3.2e-07	-0.0219211
5.12e-06	3.2e-07	0.0222122
5.44e-06	3.2e-07	-0.0222563
5.76e-06	3.2e-07	0.0219899
6.08e-06	3.2e-07	-0.0212563

-6.08e-06	0	-0.0179955
-5.76e-06	0	0.0169277
-5.44e-06	0	-0.0161031
-5.12e-06	0	0.0153791
-4.8e-06	0	-0.0146775
-4.48e-06	0	0.0139574
-4.16e-06	0	-0.0131977
-3.84e-06	0	0.012388
-3.52e-06	0	-0.0115239
-3.2e-06	0	0.0106045
-2.88e-06	0	-0.00963126
-2.56e-06	0	0.00860743
-2.24e-06	0	-0.0075376
-1.92e-06	0	0.00642801
-1.6e-06	0	-0.00528787
-1.28e-06	0	0.00413408
-9.6e-07	0	-0.00300978
-6.4e-07	0	0.00125463
-3.2e-07	0	-0.000303677
0	0	-0.000383049
3.2e-07	0	0.00147445
6.4e-07	0	-0.00284125
9.6e-07	0	0.00411945
1.28e-06	0	-0.00533079
1.6e-06	0	0.00648287
1.92e-06	0	-0.00757678
2.24e-06	0	0.00861006
2.56e-06	0	-0.00957823
2.88e-06	0	0.0104757
3.2e-06	0	-0.0112959
3.52e-06	0	0.0120321
3.84e-06	0	-0.0126763
4.16e-06	0	0.0132199
4.48e-06	0	-0.0136526
4.8e-06	0	0.0139616
5.12e-06	0	-0.0141305
5.44e-06	0	0.0141391
5.76e-06	0	-0.0139741
6.08e-06	0	0.0136985

-6.08e-06	-3.2e-07	0.00806294
-5.76e-06	-3.2e-07	-0.00724195
-5.44e-06	-3.2e-07	0.00677771
-5.12e-06	-3.2e-07	-0.00643146
-4.8e-06	-3.2e-07	0.00612067
-4.48e-06	-3.2e-07	-0.00581235
-4.16e-06	-3.2e-07	0.00549196
-3.84e-06	-3.2e-07	-0.00515286
-3.52e-06	-3.2e-07	0.00479219
-3.2e-06	-3.2e-07	-0.00440912
-2.88e-06	-3.2e-07	0.00400407
-2.56e-06	-3.2e-07	-0.00357826
-2.24e-06	-3.2e-07	0.00313357
-1.92e-06	-3.2e-07	-0.00267255
-1.6e-06	-3.2e-07	0.0021983
-1.28e-06	-3.2e-07	-0.00171319
-9.6e-07	-3.2e-07	0.00120861
-6.4e-07	-3.2e-07	-0.000600831
-3.2e-07	-3.2e-07	0.000162261
0	-3.2e-07	0.000200438
3.2e-07	-3.2e-07	-0.000651905
6.4e-07	-3.2e-07	0.0011824
9.6e-07	-3.2e-07	-0.00170699
1.28e-06	-3.2e-07	0.00221029
1.6e-06	-3.2e-07	-0.00268996
1.92e-06	-3.2e-07	0.00314527
2.24e-06	-3.2e-07	-0.00357502
2.56e-06	-3.2e-07	0.00397742
2.88e-06	-3.2e-07	-0.00435015
3.2e-06	-3.2e-07	0.00469056
3.52e-06	-3.2e-07	-0.00499571
3.84e-06	-3.2e-07	0.00526229
4.16e-06	-3.2e-07	-0.00548648
4.48e-06	-3.2e-07	0.00566366
4.8e-06	-3.2e-07	-0.00578779
5.12e-06	-3.2e-07	0.00585017
5.44e-06	-3.2e-07	-0.00583631
5.76e-06	-3.2e-07	0.00571409
6.08e-06	-3.2e-07	-0.00537593

-6.08e-06	-6.4e-07	-0.0035321
-5.76e-06	-6.4e-07	0.00310843
-5.44e-06	-6.4e-07	-0.00286451
-5.12e-06	-6.4e-07	0.00269603
-4.8e-06	-6.4e-07	-0.00255546
-4.48e-06	-6.4e-07	0.00242191
-4.16e-06	-6.4e-07	-0.00228607
-3.84e-06	-6.4e-07	0.00214371
-3.52e-06	-6.4e-07	-0.001993
-3.2e-06	-6.4e-07	0.00183333
-2.88e-06	-6.4e-07	-0.0016647
-2.56e-06	-6.4e-07	0.00148758
-2.24e-06	-6.4e-07	-0.00130268
-1.92e-06	-6.4e-07	0.00111094
-1.6e-06	-6.4e-07	-0.000913265
-1.28e-06	-6.4e-07	0.000709634
-9.6e-07	-6.4e-07	-0.000496785
-6.4e-07	-6.4e-07	0.00026806
-3.2e-07	-6.4e-07	-7.73668e-05
0	-6.4e-07	-9.26009e-05
3.2e-07	-6.4e-07	0.000282249
6.4e-07	-6.4e-07	-0.000494198
9.6e-07	-6.4e-07	0.000708608
1.28e-06	-6.4e-07	-0.000916893
1.6e-06	-6.4e-07	0.00111624
1.92e-06	-6.4e-07	-0.00130563
2.24e-06	-6.4e-07	0.00148435
2.56e-06	-6.4e-07	-0.00165159
2.88e-06	-6.4e-07	0.00180639
3.2e-06	-6.4e-07	-0.00194765
3.52e-06	-6.4e-07	0.00207411
3.84e-06	-6.4e-07	-0.00218436
4.16e-06	-6.4e-07	0.00227669
4.48e-06	-6.4e-07	-0.00234896
4.8e-06	-6.4e-07	0.00239816
5.12e-06	-6.4e-07	-0.00241948
5.44e-06	-6.4e-07	0.00240398
5.76e-06	-6.4e-07	-0.00233236
6.08e-06	-6.4e-07	0.00216096

-6.08e-06	-9.6e-07	0.00152243
-5.76e-06	-9.6e-07	-0.00133144
-5.44e-06	-9.6e-07	0.00121314
-5.12e-06	-9.6e-07	-0.00113246
-4.8e-06	-9.6e-07	0.00106833
-4.48e-06	-9.6e-07	-0.00100991
-4.16e-06	-9.6e-07	0.000951964
-3.84e-06	-9.6e-07	-0.00089202
-3.52e-06	-9.6e-07	0.000828963
-3.2e-06	-9.6e-07	-0.000762358
-2.88e-06	-9.6e-07	0.000692137
-2.56e-06	-9.6e-07	-0.000618438
-2.24e-06	-9.6e-07	0.00054153
-1.92e-06	-9.6e-07	-0.000461744
-1.6e-06	-9.6e-07	0.000379348
-1.28e-06	-9.6e-07	-0.000294311
-9.6e-07	-9.6e-07	0.000206183
-6.4e-07	-9.6e-07	-0.000115977
-3.2e-07	-9.6e-07	3.48742e-05
0	-9.6e-07	4.06405e-05
3.2e-07	-9.6e-07	-0.000120587
6.4e-07	-9.6e-07	0.000206773
9.6e-07	-9.6e-07	-0.000294532
1.28e-06	-9.6e-07	0.000380553
1.6e-06	-9.6e-07	-0.000463273
1.92e-06	-9.6e-07	0.000541991
2.24e-06	-9.6e-07	-0.000616287
2.56e-06	-9.6e-07	0.000685784
2.88e-06	-9.6e-07	-0.000750071
3.2e-06	-9.6e-07	0.000808678
3.52e-06	-9.6e-07	-0.000861073
3.84e-06	-9.6e-07	0.000906632
4.16e-06	-9.6e-07	-0.00094459
4.48e-06	-9.6e-07	0.000973931
4.8e-06	-9.6e-07	-0.000993149
5.12e-06	-9.6e-07	0.000999759
5.44e-06	-9.6e-07	-0.000989273
5.76e-06	-9.6e-07	0.000953475
6.08e-06	-9.6e-07	-0.000879579

-6.08e-06	-1.28e-06	-0.000649217
-5.76e-06	-1.28e-06	0.000568136
-5.44e-06	-1.28e-06	-0.00051397
-5.12e-06	-1.28e-06	0.000476361
-4.8e-06	-1.28e-06	-0.000447159
-4.48e-06	-1.28e-06	0.000421452
-4.16e-06	-1.28e-06	-0.000396601
-3.84e-06	-1.28e-06	0.000371278
-3.52e-06	-1.28e-06	-0.000344848
-3.2e-06	-1.28e-06	0.000317042
-2.88e-06	-1.28e-06	-0.000287786
-2.56e-06	-1.28e-06	0.000257111
-2.24e-06	-1.28e-06	-0.000225112
-1.92e-06	-1.28e-06	0.000191907
-1.6e-06	-1.28e-06	-0.000157593
-1.28e-06	-1.28e-06	0.000122218
-9.6e-07	-1.28e-06	-8.58905e-05
-6.4e-07	-1.28e-06	4.94193e-05
-3.2e-07	-1.28e-06	-1.52489e-05
0	-1.28e-06	-1.7408e-05
3.2e-07	-1.28e-06	5.10798e-05
6.4e-07	-1.28e-06	-8.6486e-05
9.6e-07	-1.28e-06	0.000122513
1.28e-06	-1.28e-06	-0.000158019
1.6e-06	-1.28e-06	0.000192306
1.92e-06	-1.28e-06	-0.000224999
2.24e-06	-1.28e-06	0.000255873
2.56e-06	-1.28e-06	-0.000284748
2.88e-06	-1.28e-06	0.000311441
3.2e-06	-1.28e-06	-0.000335752
3.52e-06	-1.28e-06	0.000357451
3.84e-06	-1.28e-06	-0.000376261
4.16e-06	-1.28e-06	0.000391834
4.48e-06	-1.28e-06	-0.000403688
4.8e-06	-1.28e-06	0.000411095
5.12e-06	-1.28e-06	-0.000412871
5.44e-06	-1.28e-06	0.000407056
5.76e-06	-1.28e-06	-0.000390661
6.08e-06	-1.28e-06	0.000360462

-6.08e-06	-1.6e-06	0.000274921
-5.76e-06	-1.6e-06	-0.000241481
-5.44e-06	-1.6e-06	0.000217614
-5.12e-06	-1.6e-06	-0.000200536
-4.8e-06	-1.6e-06	0.000187349
-4.48e-06	-1.6e-06	-0.000176015
-4.16e-06	-1.6e-06	0.000165314
-3.84e-06	-1.6e-06	-0.000154582
-3.52e-06	-1.6e-06	0.000143483
-3.2e-06	-1.6e-06	-0.000131863
-2.88e-06	-1.6e-06	0.000119667
-2.56e-06	-1.6e-06	-0.000106895
-2.24e-06	-1.6e-06	9.35791e-05
-1.92e-06	-1.6e-06	-7.97611e-05
-1.6e-06	-1.6e-06	6.54855e-05
-1.28e-06	-1.6e-06	-5.08011e-05
-9.6e-07	-1.6e-06	3.58225e-05
-6.4e-07	-1.6e-06	-2.0884e-05
-3.2e-07	-1.6e-06	6.55211e-06
0	-1.6e-06	7.3643e-06
3.2e-07	-1.6e-06	-2.15157e-05
6.4e-07	-1.6e-06	3.61454e-05
9.6e-07	-1.6e-06	-5.09793e-05
1.28e-06	-1.6e-06	6.56385e-05
1.6e-06	-1.6e-06	-7.98406e-05
1.92e-06	-1.6e-06	9.34098e-05
2.24e-06	-1.6e-06	-0.000106234
2.56e-06	-1.6e-06	0.000118228
2.88e-06	-1.6e-06	-0.00012931
3.2e-06	-1.6e-06	0.000139392
3.52e-06	-1.6e-06	-0.000148373
3.84e-06	-1.6e-06	0.000156132
4.16e-06	-1.6e-06	-0.000162507
4.48e-06	-1.6e-06	0.000167276
4.8e-06	-1.6e-06	-0.000170099
5.12e-06	-1.6e-06	0.000170452
5.44e-06	-1.6e-06	-0.000167552
5.76e-06	-1.6e-06	0.000160404
6.08e-06	-1.6e-06	-0.000148303

-6.08e-06	-1.92e-06	-0.000115884
-5.76e-06	-1.92e-06	0.000102284
-5.44e-06	-1.92e-06	-9.20292e-05
-5.12e-06	-1.92e-06	8.4443e-05
-4.8e-06	-1.92e-06	-7.85534e-05
-4.48e-06	-1.92e-06	7.35632e-05
-4.16e-06	-1.92e-06	-6.89435e-05
-3.84e-06	-1.92e-06	6.43828e-05
-3.52e-06	-1.92e-06	-5.97129e-05
-3.2e-06	-1.92e-06	5.48511e-05
-2.88e-06	-1.92e-06	-4.97636e-05
-2.56e-06	-1.92e-06	4.44443e-05
-2.24e-06	-1.92e-06	-3.8902e-05
-1.92e-06	-1.92e-06	3.31531e-05
-1.6e-06	-1.92e-06	-2.72185e-05
-1.28e-06	-1.92e-06	2.11284e-05
-9.6e-07	-1.92e-06	-1.49432e-05
-6.4e-07	-1.92e-06	8.78232e-06
-3.2e-07	-1.92e-06	-2.78594e-06
0	-1.92e-06	-3.09439e-06
3.2e-07	-1.92e-06	9.02883e-06
6.4e-07	-1.92e-06	-1.5093e-05
9.6e-07	-1.92e-06	2.12157e-05
1.28e-06	-1.92e-06	-2.7272e-05
1.6e-06	-1.92e-06	3.31531e-05
1.92e-06	-1.92e-06	-3.87822e-05
2.24e-06	-1.92e-06	4.41071e-05
2.56e-06	-1.92e-06	-4.90876e-05
2.88e-06	-1.92e-06	5.36869e-05
3.2e-06	-1.92e-06	-5.78666e-05
3.52e-06	-1.92e-06	6.15822e-05
3.84e-06	-1.92e-06	-6.47788e-05
4.16e-06	-1.92e-06	6.7384e-05
4.48e-06	-1.92e-06	-6.92952e-05
4.8e-06	-1.92e-06	7.0362e-05
5.12e-06	-1.92e-06	-7.03645e-05
5.44e-06	-1.92e-06	6.90077e-05
5.76e-06	-1.92e-06	-6.59799e-05
6.08e-06	-1.92e-06	6.11638e-05

-6.08e-06	-2.24e-06	4.86954e-05
-5.76e-06	-2.24e-06	-4.31999e-05
-5.44e-06	-2.24e-06	3.88654e-05
-5.12e-06	-2.24e-06	-3.55539e-05
-4.8e-06	-2.24e-06	3.29526e-05
-4.48e-06	-2.24e-06	-3.07633e-05
-4.16e-06	-2.24e-06	2.87671e-05
-3.84e-06	-2.24e-06	-2.68249e-05
-3.52e-06	-2.24e-06	2.48565e-05
-3.2e-06	-2.24e-06	-2.28199e-05
-2.88e-06	-2.24e-06	2.06962e-05
-2.56e-06	-2.24e-06	-1.84799e-05
-2.24e-06	-2.24e-06	1.61729e-05
-1.92e-06	-2.24e-06	-1.37816e-05
-1.6e-06	-2.24e-06	1.13157e-05
-1.28e-06	-2.24e-06	-8.79046e-06
-9.6e-07	-2.24e-06	6.23222e-06
-6.4e-07	-2.24e-06	-3.68193e-06
-3.2e-07	-2.24e-06	1.17688e-06
0	-2.24e-06	1.29517e-06
3.2e-07	-2.24e-06	-3.77914e-06
6.4e-07	-2.24e-06	6.29712e-06
9.6e-07	-2.24e-06	-8.82895e-06
1.28e-06	-2.24e-06	1.13331e-05
1.6e-06	-2.24e-06	-1.37683e-05
1.92e-06	-2.24e-06	1.61028e-05
2.24e-06	-2.24e-06	-1.83129e-05
2.56e-06	-2.24e-06	2.03804e-05
2.88e-06	-2.24e-06	-2.22887e-05
3.2e-06	-2.24e-06	2.40208e-05
3.52e-06	-2.24e-06	-2.5557e-05
3.84e-06	-2.24e-06	2.68728e-05
4.16e-06	-2.24e-06	-2.79355e-05
4.48e-06	-2.24e-06	2.86995e-05
4.8e-06	-2.24e-06	-2.91002e-05
5.12e-06	-2.24e-06	2.90493e-05
5.44e-06	-2.24e-06	-2.84399e-05
5.76e-06	-2.24e-06	2.71795e-05
6.08e-06	-2.24e-06	-2.52654e-05

-6.08e-06	-2.56e-06	-2.04179e-05
-5.76e-06	-2.56e-06	1.82029e-05
-5.44e-06	-2.56e-06	-1.63905e-05
-5.12e-06	-2.56e-06	1.49641e-05
-4.8e-06	-2.56e-06	-1.38271e-05
-4.48e-06	-2.56e-06	1.28711e-05
-4.16e-06	-2.56e-06	-1.20089e-05
-3.84e-06	-2.56e-06	1.11806e-05
-3.52e-06	-2.56e-06	-1.03496e-05
-3.2e-06	-2.56e-06	9.49552e-06
-2.88e-06	-2.56e-06	-8.60835e-06
-2.56e-06	-2.56e-06	7.6845e-06
-2.24e-06	-2.56e-06	-6.72409e-06
-1.92e-06	-2.56e-06	5.72954e-06
-1.6e-06	-2.56e-06	-4.7052e-06
-1.28e-06	-2.56e-06	3.65792e-06
-9.6e-07	-2.56e-06	-2.59838e-06
-6.4e-07	-2.56e-06	1.54052e-06
-3.2e-07	-2.56e-06	-4.95082e-07
0	-2.56e-06	-5.40819e-07
3.2e-07	-2.56e-06	1.57898e-06
6.4e-07	-2.56e-06	-2.62542e-06
9.6e-07	-2.56e-06	3.67381e-06
1.28e-06	-2.56e-06	-4.70997e-06
1.6e-06	-2.56e-06	5.71851e-06
1.92e-06	-2.56e-06	-6.68639e-06
2.24e-06	-2.56e-06	7.60343e-06
2.56e-06	-2.56e-06	-8.46143e-06
2.88e-06	-2.56e-06	9.25298e-06
3.2e-06	-2.56e-06	-9.97049e-06
3.52e-06	-2.56e-06	1.06052e-05
3.84e-06	-2.56e-06	-1.11463e-05
4.16e-06	-2.56e-06	1.15792e-05
4.48e-06	-2.56e-06	-1.18841e-05
4.8e-06	-2.56e-06	1.20341e-05
5.12e-06	-2.56e-06	-1.19947e-05
5.44e-06	-2.56e-06	1.17285e-05
5.76e-06	-2.56e-06	-1.12093e-05
6.08e-06	-2.56e-06	1.0448e-05

-6.08e-06	-2.88e-06	8.5479e-06
-5.76e-06	-2.88e-06	-7.65554e-06
-5.44e-06	-2.88e-06	6.90308e-06
-5.12e-06	-2.88e-06	-6.29496e-06
-4.8e-06	-2.88e-06	5.80239e-06
-4.48e-06	-2.88e-06	-5.38712e-06
-4.16e-06	-2.88e-06	5.01522e-06
-3.84e-06	-2.88e-06	-4.66175e-06
-3.52e-06	-2.88e-06	4.31049e-06
-3.2e-06	-2.88e-06	-3.95189e-06
-2.88e-06	-2.88e-06	3.581e-06
-2.56e-06	-2.88e-06	-3.19575e-06
-2.24e-06	-2.88e-06	2.79587e-06
-1.92e-06	-2.88e-06	-2.38225e-06
-1.6e-06	-2.88e-06	1.95674e-06
-1.28e-06	-2.88e-06	-1.52227e-06
-9.6e-07	-2.88e-06	1.08298e-06
-6.4e-07	-2.88e-06	-6.43672e-07
-3.2e-07	-2.88e-06	2.07694e-07
0	-2.88e-06	2.25481e-07
3.2e-07	-2.88e-06	-6.5887e-07
6.4e-07	-2.88e-06	1.09395e-06
9.6e-07	-2.88e-06	-1.52849e-06
1.28e-06	-2.88e-06	1.95753e-06
1.6e-06	-2.88e-06	-2.37529e-06
1.92e-06	-2.88e-06	2.77654e-06
2.24e-06	-2.88e-06	-3.15694e-06
2.56e-06	-2.88e-06	3.51289e-06
2.88e-06	-2.88e-06	-3.84111e-06
3.2e-06	-2.88e-06	4.1382e-06
3.52e-06	-2.88e-06	-4.40032e-06
3.84e-06	-2.88e-06	4.62263e-06
4.16e-06	-2.88e-06	-4.79882e-06
4.48e-06	-2.88e-06	4.92043e-06
4.8e-06	-2.88e-06	-4.97647e-06
5.12e-06	-2.88e-06	4.95384e-06
5.44e-06	-2.88e-06	-4.83973e-06
5.76e-06	-2.88e-06	4.62727e-06
6.08e-06	-2.88e-06	-4.324e-06

-6.08e-06	-3.2e-06	-3.57445e-06
-5.76e-06	-3.2e-06	3.21476e-06
-5.44e-06	-3.2e-06	-2.9038e-06
-5.12e-06	-3.2e-06	2.64653e-06
-4.8e-06	-3.2e-06	-2.43478e-06
-4.48e-06	-3.2e-06	2.25532e-06
-4.16e-06	-3.2e-06	-2.09523e-06
-3.84e-06	-3.2e-06	1.94437e-06
-3.52e-06	-3.2e-06	-1.79575e-06
-3.2e-06	-3.2e-06	1.64505e-06
-2.88e-06	-3.2e-06	-1.48988e-06
-2.56e-06	-3.2e-06	1.32916e-06
-2.24e-06	-3.2e-06	-1.16263e-06
-1.92e-06	-3.2e-06	9.90601e-07
-1.6e-06	-3.2e-06	-8.13836e-07
-1.28e-06	-3.2e-06	6.33522e-07
-9.6e-07	-3.2e-06	-4.51243e-07
-6.4e-07	-3.2e-06	2.68683e-07
-3.2e-07	-3.2e-06	-8.69692e-08
0	-3.2e-06	-9.39102e-08
3.2e-07	-3.2e-06	2.74671e-07
6.4e-07	-3.2e-06	-4.55594e-07
9.6e-07	-3.2e-06	6.35832e-07
1.28e-06	-3.2e-06	-8.13583e-07
1.6e-06	-3.2e-06	9.86671e-07
1.92e-06	-3.2e-06	-1.153e-06
2.24e-06	-3.2e-06	1.31077e-06
2.56e-06	-3.2e-06	-1.4584e-06
2.88e-06	-3.2e-06	1.59444e-06
3.2e-06	-3.2e-06	-1.71741e-06
3.52e-06	-3.2e-06	1.82559e-06
3.84e-06	-3.2e-06	-1.91687e-06
4.16e-06	-3.2e-06	1.98853e-06
4.48e-06	-3.2e-06	-2.03703e-06
4.8e-06	-3.2e-06	2.05798e-06
5.12e-06	-3.2e-06	-2.04647e-06
5.44e-06	-3.2e-06	1.99821e-06
5.76e-06	-3.2e-06	-1.91164e-06
6.08e-06	-3.2e-06	1.79059e-06

-6.08e-06	-3.52e-06	1.49341e-06
-5.76e-06	-3.52e-06	-1.34828e-06
-5.44e-06	-3.52e-06	1.22017e-06
-5.12e-06	-3.52e-06	-1.11196e-06
-4.8e-06	-3.52e-06	1.02152e-06
-4.48e-06	-3.52e-06	-9.44336e-07
-4.16e-06	-3.52e-06	8.7559e-07
-3.84e-06	-3.52e-06	-8.11228e-07
-3.52e-06	-3.52e-06	7.4831e-07
-3.2e-06	-3.52e-06	-6.84925e-07
-2.88e-06	-3.52e-06	6.19964e-07
-2.56e-06	-3.52e-06	-5.52882e-07
-2.24e-06	-3.52e-06	4.83514e-07
-1.92e-06	-3.52e-06	-4.11958e-07
-1.6e-06	-3.52e-06	3.38513e-07
-1.28e-06	-3.52e-06	-2.63651e-07
-9.6e-07	-3.52e-06	1.87971e-07
-6.4e-07	-3.52e-06	-1.12076e-07
-3.2e-07	-3.52e-06	3.6371e-08
0	-3.52e-06	3.90823e-08
3.2e-07	-3.52e-06	-1.14424e-07
6.4e-07	-3.52e-06	1.89663e-07
9.6e-07	-3.52e-06	-2.64456e-07
1.28e-06	-3.52e-06	3.38134e-07
1.6e-06	-3.52e-06	-4.09864e-07
1.92e-06	-3.52e-06	4.78816e-07
2.24e-06	-3.52e-06	-5.44234e-07
2.56e-06	-3.52e-06	6.05446e-07
2.88e-06	-3.52e-06	-6.61817e-07
3.2e-06	-3.52e-06	7.1269e-07
3.52e-06	-3.52e-06	-7.57317e-07
3.84e-06	-3.52e-06	7.94779e-07
4.16e-06	-3.52e-06	-8.23916e-07
4.48e-06	-3.52e-06	8.43271e-07
4.8e-06	-3.52e-06	-8.51114e-07
5.12e-06	-3.52e-06	8.45638e-07
5.44e-06	-3.52e-06	-8.25429e-07
5.76e-06	-3.52e-06	7.9024e-07
6.08e-06	-3.52e-06	-7.41837e-07

-6.08e-06	-3.84e-06	-6.23522e-07
-5.76e-06	-3.84e-06	5.64895e-07
-5.44e-06	-3.84e-06	-5.12219e-07
-5.12e-06	-3.84e-06	4.66906e-07
-4.8e-06	-3.84e-06	-4.28481e-07
-4.48e-06	-3.84e-06	3.95436e-07
-4.16e-06	-3.84e-06	-3.65991e-07
-3.84e-06	-3.84e-06	3.38554e-07
-3.52e-06	-3.84e-06	-3.1191e-07
-3.2e-06	-3.84e-06	2.85233e-07
-2.88e-06	-3.84e-06	-2.5802e-07
-2.56e-06	-3.84e-06	2.30009e-07
-2.24e-06	-3.84e-06	-2.01106e-07
-1.92e-06	-3.84e-06	1.71336e-07
-1.6e-06	-3.84e-06	-1.40814e-07
-1.28e-06	-3.84e-06	1.09721e-07
-9.6e-07	-3.84e-06	-7.82854e-08
-6.4e-07	-3.84e-06	4.67267e-08
-3.2e-07	-3.84e-06	-1.51972e-08
0	-3.84e-06	-1.6255e-08
3.2e-07	-3.84e-06	4.76406e-08
6.4e-07	-3.84e-06	-7.8929e-08
9.6e-07	-3.84e-06	1.09977e-07
1.28e-06	-3.84e-06	-1.40527e-07
1.6e-06	-3.84e-06	1.7026e-07
1.92e-06	-3.84e-06	-1.98844e-07
2.24e-06	-3.84e-06	2.25966e-07
2.56e-06	-3.84e-06	-2.5134e-07
2.88e-06	-3.84e-06	2.7469e-07
3.2e-06	-3.84e-06	-2.95729e-07
3.52e-06	-3.84e-06	3.14131e-07
3.84e-06	-3.84e-06	-3.29499e-07
4.16e-06	-3.84e-06	3.41347e-07
4.48e-06	-3.84e-06	-3.4908e-07
4.8e-06	-3.84e-06	3.52026e-07
5.12e-06	-3.84e-06	-3.49526e-07
5.44e-06	-3.84e-06	3.41123e-07
5.76e-06	-3.84e-06	-3.26843e-07
6.08e-06	-3.84e-06	3.07452e-07

-6.08e-06	-4.16e-06	2.60189e-07
-5.76e-06	-4.16e-06	-2.36475e-07
-5.44e-06	-4.16e-06	2.14843e-07
-5.12e-06	-4.16e-06	-1.95933e-07
-4.8e-06	-4.16e-06	1.79679e-07
-4.48e-06	-4.16e-06	-1.65587e-07
-4.16e-06	-4.16e-06	1.53008e-07
-3.84e-06	-4.16e-06	-1.41324e-07
-3.52e-06	-4.16e-06	1.30041e-07
-3.2e-06	-4.16e-06	-1.18808e-07
-2.88e-06	-4.16e-06	1.07403e-07
-2.56e-06	-4.16e-06	-9.57011e-08
-2.24e-06	-4.16e-06	8.36546e-08
-1.92e-06	-4.16e-06	-7.12664e-08
-1.6e-06	-4.16e-06	5.85786e-08
-1.28e-06	-4.16e-06	-4.56609e-08
-9.6e-07	-4.16e-06	3.25985e-08
-6.4e-07	-4.16e-06	-1.94739e-08
-3.2e-07	-4.16e-06	6.34613e-09
0	-4.16e-06	6.75743e-09
3.2e-07	-4.16e-06	-1.98265e-08
6.4e-07	-4.16e-06	3.28372e-08
9.6e-07	-4.16e-06	-4.57284e-08
1.28e-06	-4.16e-06	5.84e-08
1.6e-06	-4.16e-06	-7.07268e-08
1.92e-06	-4.16e-06	8.25762e-08
2.24e-06	-4.16e-06	-9.38198e-08
2.56e-06	-4.16e-06	1.04336e-07
2.88e-06	-4.16e-06	-1.14005e-07
3.2e-06	-4.16e-06	1.22703e-07
3.52e-06	-4.16e-06	-1.30288e-07
3.84e-06	-4.16e-06	1.36591e-07
4.16e-06	-4.16e-06	-1.4141e-07
4.48e-06	-4.16e-06	1.44505e-07
4.8e-06	-4.16e-06	-1.45616e-07
5.12e-06	-4.16e-06	1.44505e-07
5.44e-06	-4.16e-06	-1.41031e-07
5.76e-06	-4.16e-06	1.35241e-07
6.08e-06	-4.16e-06	-1.27459e-07

-6.08e-06	-4.48e-06	-1.08524e-07
-5.76e-06	-4.48e-06	9.89202e-08
-5.44e-06	-4.48e-06	-9.00441e-08
-5.12e-06	-4.48e-06	8.21731e-08
-4.8e-06	-4.48e-06	-7.53226e-08
-4.48e-06	-4.48e-06	6.93342e-08
-4.16e-06	-4.48e-06	-6.39738e-08
-3.84e-06	-4.48e-06	5.90046e-08
-3.52e-06	-4.48e-06	-5.42279e-08
-3.2e-06	-4.48e-06	4.94967e-08
-2.88e-06	-4.48e-06	-4.4714e-08
-2.56e-06	-4.48e-06	3.98238e-08
-2.24e-06	-4.48e-06	-3.48015e-08
-1.92e-06	-4.48e-06	2.96451e-08
-1.6e-06	-4.48e-06	-2.43696e-08
-1.28e-06	-4.48e-06	1.90013e-08
-9.6e-07	-4.48e-06	-1.35722e-08
-6.4e-07	-4.48e-06	8.11356e-09
-3.2e-07	-4.48e-06	-2.64892e-09
0	-4.48e-06	-2.80793e-09
3.2e-07	-4.48e-06	8.24807e-09
6.4e-07	-4.48e-06	-1.36578e-08
9.6e-07	-4.48e-06	1.90111e-08
1.28e-06	-4.48e-06	-2.4268e-08
1.6e-06	-4.48e-06	2.93793e-08
1.92e-06	-4.48e-06	-3.42916e-08
2.24e-06	-4.48e-06	3.89521e-08
2.56e-06	-4.48e-06	-4.33094e-08
2.88e-06	-4.48e-06	4.73123e-08
3.2e-06	-4.48e-06	-5.09068e-08
3.52e-06	-4.48e-06	5.40322e-08
3.84e-06	-4.48e-06	-5.66173e-08
4.16e-06	-4.48e-06	5.8578e-08
4.48e-06	-4.48e-06	-5.98187e-08
4.8e-06	-4.48e-06	6.02399e-08
5.12e-06	-4.48e-06	-5.97564e-08
5.44e-06	-4.48e-06	5.83248e-08
5.76e-06	-4.48e-06	-5.59779e-08
6.08e-06	-4.48e-06	5.28495e-08

-6.08e-06	-4.8e-06	4.52445e-08
-5.76e-06	-4.8e-06	-4.13503e-08
-5.44e-06	-4.8e-06	3.771e-08
-5.12e-06	-4.8e-06	-3.44406e-08
-4.8e-06	-4.8e-06	3.15622e-08
-4.48e-06	-4.8e-06	-2.90256e-08
-4.16e-06	-4.8e-06	2.67471e-08
-3.84e-06	-4.8e-06	-2.46367e-08
-3.52e-06	-4.8e-06	2.26155e-08
-3.2e-06	-4.8e-06	-2.06227e-08
-2.88e-06	-4.8e-06	1.86167e-08
-2.56e-06	-4.8e-06	-1.65725e-08
-2.24e-06	-4.8e-06	1.44781e-08
-1.92e-06	-4.8e-06	-1.23315e-08
-1.6e-06	-4.8e-06	1.01377e-08
-1.28e-06	-4.8e-06	-7.90631e-09
-9.6e-07	-4.8e-06	5.64958e-09
-6.4e-07	-4.8e-06	-3.37938e-09
-3.2e-07	-4.8e-06	1.10526e-09
0	-4.8e-06	1.16623e-09
3.2e-07	-4.8e-06	-3.42991e-09
6.4e-07	-4.8e-06	5.67884e-09
9.6e-07	-4.8e-06	-7.90186e-09
1.28e-06	-4.8e-06	1.00829e-08
1.6e-06	-4.8e-06	-1.22024e-08
1.92e-06	-4.8e-06	1.42387e-08
2.24e-06	-4.8e-06	-1.61701e-08
2.56e-06	-4.8e-06	1.7975e-08
2.88e-06	-4.8e-06	-1.96316e-08
3.2e-06	-4.8e-06	2.11165e-08
3.52e-06	-4.8e-06	-2.2404e-08
3.84e-06	-4.8e-06	2.34641e-08
4.16e-06	-4.8e-06	-2.42622e-08
4.48e-06	-4.8e-06	2.47604e-08
4.8e-06	-4.8e-06	-2.49208e-08
5.12e-06	-4.8e-06	2.47128e-08
5.44e-06	-4.8e-06	-2.41238e-08
5.76e-06	-4.8e-06	2.31709e-08
6.08e-06	-4.8e-06	-2.19093e-08

-6.08e-06	-5.12e-06	-1.88464e-08
-5.76e-06	-5.12e-06	1.72659e-08
-5.44e-06	-5.12e-06	-1.57737e-08
-5.12e-06	-5.12e-06	1.44185e-08
-4.8e-06	-5.12e-06	-1.32128e-08
-4.48e-06	-5.12e-06	1.21418e-08
-4.16e-06	-5.12e-06	-1.11761e-08
-3.84e-06	-5.12e-06	1.02817e-08
-3.52e-06	-5.12e-06	-9.42751e-09
-3.2e-06	-5.12e-06	8.58866e-09
-2.88e-06	-5.12e-06	-7.74759e-09
-2.56e-06	-5.12e-06	6.89331e-09
-2.24e-06	-5.12e-06	-6.02022e-09
-1.92e-06	-5.12e-06	5.12689e-09
-1.6e-06	-5.12e-06	-4.21487e-09
-1.28e-06	-5.12e-06	3.28775e-09
-9.6e-07	-5.12e-06	-2.35008e-09
-6.4e-07	-5.12e-06	1.40647e-09
-3.2e-07	-5.12e-06	-4.60811e-10
0	-5.12e-06	-4.8392e-10
3.2e-07	-5.12e-06	1.42507e-09
6.4e-07	-5.12e-06	-2.35936e-09
9.6e-07	-5.12e-06	3.28201e-09
1.28e-06	-5.12e-06	-4.18649e-09
1.6e-06	-5.12e-06	5.06491e-09
1.92e-06	-5.12e-06	-5.90855e-09
2.24e-06	-5.12e-06	6.70845e-09
2.56e-06	-5.12e-06	-7.45553e-09
2.88e-06	-5.12e-06	8.1405e-09
3.2e-06	-5.12e-06	-8.75347e-09
3.52e-06	-5.12e-06	9.28345e-09
3.84e-06	-5.12e-06	-9.71792e-09
4.16e-06	-5.12e-06	1.00428e-08
4.48e-06	-5.12e-06	-1.0243e-08
4.8e-06	-5.12e-06	1.03039e-08
5.12e-06	-5.12e-06	-1.02143e-08
5.44e-06	-5.12e-06	9.96999e-09
5.76e-06	-5.12e-06	-9.57853e-09
6.08e-06	-5.12e-06	9.06289e-09

-6.08e-06	-5.44e-06	7.82226e-09
-5.76e-06	-5.44e-06	-7.18095e-09
-5.44e-06	-5.44e-06	6.57092e-09
-5.12e-06	-5.44e-06	-6.01159e-09
-4.8e-06	-5.44e-06	5.50927e-09
-4.48e-06	-5.44e-06	-5.05984e-09
-4.16e-06	-5.44e-06	4.65292e-09
-3.84e-06	-5.44e-06	-4.27582e-09
-3.52e-06	-5.44e-06	3.9164e-09
-3.2e-06	-5.44e-06	-3.56466e-09
-2.88e-06	-5.44e-06	3.21326e-09
-2.56e-06	-5.44e-06	-2.85745e-09
-2.24e-06	-5.44e-06	2.49469e-09
-1.92e-06	-5.44e-06	-2.12414e-09
-1.6e-06	-5.44e-06	1.74626e-09
-1.28e-06	-5.44e-06	-1.36233e-09
-9.6e-07	-5.44e-06	9.74051e-10
-6.4e-07	-5.44e-06	-5.8322e-10
-3.2e-07	-5.44e-06	1.91416e-10
0	-5.44e-06	2.00034e-10
3.2e-07	-5.44e-06	-5.89877e-10
6.4e-07	-5.44e-06	9.76616e-10
9.6e-07	-5.44e-06	-1.35822e-09
1.28e-06	-5.44e-06	1.73203e-09
1.6e-06	-5.44e-06	-2.09485e-09
1.92e-06	-5.44e-06	2.44316e-09
2.24e-06	-5.44e-06	-2.77326e-09
2.56e-06	-5.44e-06	3.08137e-09
2.88e-06	-5.44e-06	-3.36358e-09
3.2e-06	-5.44e-06	3.61569e-09
3.52e-06	-5.44e-06	-3.83308e-09
3.84e-06	-5.44e-06	4.01056e-09
4.16e-06	-5.44e-06	-4.14237e-09
4.48e-06	-5.44e-06	4.22243e-09
4.8e-06	-5.44e-06	-4.24482e-09
5.12e-06	-5.44e-06	4.20453e-09
5.44e-06	-5.44e-06	-4.09828e-09
5.76e-06	-5.44e-06	3.92584e-09
6.08e-06	-5.44e-06	-3.69547e-09

-6.08e-06	-5.76e-06	-3.18115e-09
-5.76e-06	-5.76e-06	2.9239e-09
-5.44e-06	-5.76e-06	-2.67886e-09
-5.12e-06	-5.76e-06	2.45272e-09
-4.8e-06	-5.76e-06	-2.24808e-09
-4.48e-06	-5.76e-06	2.06382e-09
-4.16e-06	-5.76e-06	-1.89635e-09
-3.84e-06	-5.76e-06	1.741e-09
-3.52e-06	-5.76e-06	-1.59315e-09
-3.2e-06	-5.76e-06	1.44886e-09
-2.88e-06	-5.76e-06	-1.30515e-09
-2.56e-06	-5.76e-06	1.16005e-09
-2.24e-06	-5.76e-06	-1.01244e-09
-1.92e-06	-5.76e-06	8.61901e-10
-1.6e-06	-5.76e-06	-7.08545e-10
-1.28e-06	-5.76e-06	5.52812e-10
-9.6e-07	-5.76e-06	-3.9534e-10
-6.4e-07	-5.76e-06	2.36807e-10
-3.2e-07	-5.76e-06	-7.78499e-11
0	-5.76e-06	-8.09672e-11
3.2e-07	-5.76e-06	2.39088e-10
6.4e-07	-5.76e-06	-3.95861e-10
9.6e-07	-5.76e-06	5.50444e-10
1.28e-06	-5.76e-06	-7.01768e-10
1.6e-06	-5.76e-06	8.48565e-10
1.92e-06	-5.76e-06	-9.89426e-10
2.24e-06	-5.76e-06	1.12286e-09
2.56e-06	-5.76e-06	-1.24733e-09
2.88e-06	-5.76e-06	1.36122e-09
3.2e-06	-5.76e-06	-1.4628e-09
3.52e-06	-5.76e-06	1.55017e-09
3.84e-06	-5.76e-06	-1.62122e-09
4.16e-06	-5.76e-06	1.6736e-09
4.48e-06	-5.76e-06	-1.70478e-09
4.8e-06	-5.76e-06	1.71192e-09
5.12e-06	-5.76e-06	-1.69139e-09
5.44e-06	-5.76e-06	1.63671e-09
5.76e-06	-5.76e-06	-1.53432e-09
6.08e-06	-5.76e-06	1.3671e-09

-6.08e-06	-6.08e-06	1.13273e-09
-5.76e-06	-6.08e-06	-1.04036e-09
-5.44e-06	-6.08e-06	9.5367e-10
-5.12e-06	-6.08e-06	-8.73599e-10
-4.8e-06	-6.08e-06	8.00812e-10
-4.48e-06	-6.08e-06	-7.34976e-10
-4.16e-06	-6.08e-06	6.7496e-10
-3.84e-06	-6.08e-06	-6.19238e-10
-3.52e-06	-6.08e-06	5.6625e-10
-3.2e-06	-6.08e-06	-5.14636e-10
-2.88e-06	-6.08e-06	4.63348e-10
-2.56e-06	-6.08e-06	-4.11672e-10
-2.24e-06	-6.08e-06	3.59192e-10
-1.92e-06	-6.08e-06	-3.0574e-10
-1.6e-06	-6.08e-06	2.51329e-10
-1.28e-06	-6.08e-06	-1.96099e-10
-9.6e-07	-6.08e-06	1.40259e-10
-6.4e-07	-6.08e-06	-8.40399e-11
-3.2e-07	-6.08e-06	2.76641e-11
0	-6.08e-06	2.86613e-11
3.2e-07	-6.08e-06	-8.47276e-11
6.4e-07	-6.08e-06	1.40293e-10
9.6e-07	-6.08e-06	-1.95055e-10
1.28e-06	-6.08e-06	2.48636e-10
1.6e-06	-6.08e-06	-3.00591e-10
1.92e-06	-6.08e-06	3.50427e-10
2.24e-06	-6.08e-06	-3.97619e-10
2.56e-06	-6.08e-06	4.41615e-10
2.88e-06	-6.08e-06	-4.81839e-10
3.2e-06	-6.08e-06	5.17671e-10
3.52e-06	-6.08e-06	-5.48429e-10
3.84e-06	-6.08e-06	5.73357e-10
4.16e-06	-6.08e-06	-5.916e-10
4.48e-06	-6.08e-06	6.02146e-10
4.8e-06	-6.08e-06	-6.0352e-10
5.12e-06	-6.08e-06	5.92448e-10
5.44e-06	-6.08e-06	-5.58287e-10
5.76e-06	-6.08e-06	4.59521e-10
6.08e-06	-6.08e-06	-1.20422e-10
