
-8.36e-06	8.8e-06	-0.00156581
-7.92e-06	8.8e-06	0.00229991
-7.48e-06	8.8e-06	-0.00302734
-7.04e-06	8.8e-06	0.00374347
-6.6e-06	8.8e-06	-0.00444167
-6.16e-06	8.8e-06	0.00511545
-5.72e-06	8.8e-06	-0.00575894
-5.28e-06	8.8e-06	0.00636695
-4.84e-06	8.8e-06	-0.006935
-4.4e-06	8.8e-06	0.00745928
-3.96e-06	8.8e-06	-0.00793658
-3.52e-06	8.8e-06	0.00836433
-3.08e-06	8.8e-06	-0.00874051
-2.64e-06	8.8e-06	0.00906361
-2.2e-06	8.8e-06	-0.00933256
-1.76e-06	8.8e-06	0.00954665
-1.32e-06	8.8e-06	-0.00970545
-8.8e-07	8.8e-06	0.0098087
-4.4e-07	8.8e-06	-0.00985626
0	8.8e-06	0.00984805
4.4e-07	8.8e-06	-0.00978399
8.8e-07	8.8e-06	0.00966402
1.32e-06	8.8e-06	-0.00948812
1.76e-06	8.8e-06	0.00925636
2.2e-06	8.8e-06	-0.00896896
2.64e-06	8.8e-06	0.00862634
3.08e-06	8.8e-06	-0.00822922
3.52e-06	8.8e-06	0.00777865
3.96e-06	8.8e-06	-0.00727603
4.4e-06	8.8e-06	0.00672314
4.84e-06	8.8e-06	-0.00612206
5.28e-06	8.8e-06	0.00547512
5.72e-06	8.8e-06	-0.00478473
6.16e-06	8.8e-06	0.00405307
6.6e-06	8.8e-06	-0.00328154
7.04e-06	8.8e-06	0.00246958
7.48e-06	8.8e-06	-0.00161176
7.92e-06	8.8e-06	0.00068999
8.36e-06	8.8e-06	0.000350653

-8.36e-06	8.36e-06	0.00310168
-7.92e-06	8.36e-06	-0.00454289
-7.48e-06	8.36e-06	0.00598224
-7.04e-06	8.36e-06	-0.00740134
-6.6e-06	8.36e-06	0.00878493
-6.16e-06	8.36e-06	-0.0101197
-5.72e-06	8.36e-06	0.0113941
-5.28e-06	8.36e-06	-0.0125978
-4.84e-06	8.36e-06	0.013722
-4.4e-06	8.36e-06	-0.0147592
-3.96e-06	8.36e-06	0.0157032
-3.52e-06	8.36e-06	-0.0165489
-3.08e-06	8.36e-06	0.0172924
-2.64e-06	8.36e-06	-0.0179307
-2.2e-06	8.36e-06	0.0184619
-1.76e-06	8.36e-06	-0.0188846
-1.32e-06	8.36e-06	0.019198
-8.8e-07	8.36e-06	-0.0194018
-4.4e-07	8.36e-06	0.0194957
0	8.36e-06	-0.0194796
4.4e-07	8.36e-06	0.0193533
8.8e-07	8.36e-06	-0.0191167
1.32e-06	8.36e-06	0.0187697
1.76e-06	8.36e-06	-0.0183124
2.2e-06	8.36e-06	0.0177451
2.64e-06	8.36e-06	-0.0170686
3.08e-06	8.36e-06	0.0162843
3.52e-06	8.36e-06	-0.0153942
3.96e-06	8.36e-06	0.0144011
4.4e-06	8.36e-06	-0.0133085
4.84e-06	8.36e-06	0.0121207
5.28e-06	8.36e-06	-0.0108423
5.72e-06	8.36e-06	0.00947839
6.16e-06	8.36e-06	-0.0080339
6.6e-06	8.36e-06	0.00651276
7.04e-06	8.36e-06	-0.00491671
7.48e-06	8.36e-06	0.00324289
7.92e-06	8.36e-06	-0.00147977
8.36e-06	8.36e-06	-0.00039795

-8.36e-06	7.92e-06	-0.00452729
-7.92e-06	7.92e-06	0.00666207
-7.48e-06	7.92e-06	-0.00879193
-7.04e-06	7.92e-06	0.01089
-6.6e-06	7.92e-06	-0.012934
-6.16e-06	7.92e-06	0.0149046
-5.72e-06	7.92e-06	-0.0167847
-5.28e-06	7.92e-06	0.0185596
-4.84e-06	7.92e-06	-0.0202165
-4.4e-06	7.92e-06	0.0217442
-3.96e-06	7.92e-06	-0.0231338
-3.52e-06	7.92e-06	0.024378
-3.08e-06	7.92e-06	-0.0254711
-2.64e-06	7.92e-06	0.026409
-2.2e-06	7.92e-06	-0.0271891
-1.76e-06	7.92e-06	0.0278094
-1.32e-06	7.92e-06	-0.0282693
-8.8e-07	7.92e-06	0.0285682
-4.4e-07	7.92e-06	-0.028706
0	7.92e-06	0.0286825
4.4e-07	7.92e-06	-0.0284976
8.8e-07	7.92e-06	0.028151
1.32e-06	7.92e-06	-0.0276425
1.76e-06	7.92e-06	0.0269719
2.2e-06	7.92e-06	-0.0261396
2.64e-06	7.92e-06	0.0251466
3.08e-06	7.92e-06	-0.0239948
3.52e-06	7.92e-06	0.022687
3.96e-06	7.92e-06	-0.0212274
4.4e-06	7.92e-06	0.0196211
4.84e-06	7.92e-06	-0.0178746
5.28e-06	7.92e-06	0.015995
5.72e-06	7.92e-06	-0.0139905
6.16e-06	7.92e-06	0.0118692
6.6e-06	7.92e-06	-0.00963876
7.04e-06	7.92e-06	0.00730562
7.48e-06	7.92e-06	-0.00487364
7.92e-06	7.92e-06	0.00234323
8.36e-06	7.92e-06	0.000287375

-8.36e-06	7.48e-06	0.00579766
-7.92e-06	7.48e-06	-0.00860192
-7.48e-06	7.48e-06	0.0113902
-7.04e-06	7.48e-06	-0.0141316
-6.6e-06	7.48e-06	0.0167988
-6.16e-06	7.48e-06	-0.0193676
-5.72e-06	7.48e-06	0.0218164
-5.28e-06	7.48e-06	-0.0241263
-4.84e-06	7.48e-06	0.0262808
-4.4e-06	7.48e-06	-0.028266
-3.96e-06	7.48e-06	0.0300701
-3.52e-06	7.48e-06	-0.0316839
-3.08e-06	7.48e-06	0.0331005
-2.64e-06	7.48e-06	-0.0343149
-2.2e-06	7.48e-06	0.0353239
-1.76e-06	7.48e-06	-0.0361257
-1.32e-06	7.48e-06	0.0367197
-8.8e-07	7.48e-06	-0.0371056
-4.4e-07	7.48e-06	0.0372836
0	7.48e-06	-0.0372536
4.4e-07	7.48e-06	0.0370155
8.8e-07	7.48e-06	-0.0365688
1.32e-06	7.48e-06	0.0359128
1.76e-06	7.48e-06	-0.0350471
2.2e-06	7.48e-06	0.0339719
2.64e-06	7.48e-06	-0.032688
3.08e-06	7.48e-06	0.0311976
3.52e-06	7.48e-06	-0.0295042
3.96e-06	7.48e-06	0.0276132
4.4e-06	7.48e-06	-0.0255313
4.84e-06	7.48e-06	0.0232671
5.28e-06	7.48e-06	-0.0208305
5.72e-06	7.48e-06	0.0182326
6.16e-06	7.48e-06	-0.0154853
6.6e-06	7.48e-06	0.0126009
7.04e-06	7.48e-06	-0.00959132
7.48e-06	7.48e-06	0.00646803
7.92e-06	7.48e-06	-0.00324208
8.36e-06	7.48e-06	-7.38796e-05

-8.36e-06	7.04e-06	-0.00688812
-7.92e-06	7.04e-06	0.0103198
-7.48e-06	7.04e-06	-0.0137205
-7.04e-06	7.04e-06	0.0170566
-6.6e-06	7.04e-06	-0.0202974
-6.16e-06	7.04e-06	0.0234149
-5.72e-06	7.04e-06	-0.0263836
-5.28e-06	7.04e-06	0.0291811
-4.84e-06	7.04e-06	-0.0317878
-4.4e-06	7.04e-06	0.034187
-3.96e-06	7.04e-06	-0.0363649
-3.52e-06	7.04e-06	0.0383108
-3.08e-06	7.04e-06	-0.0400167
-2.64e-06	7.04e-06	0.0414771
-2.2e-06	7.04e-06	-0.0426889
-1.76e-06	7.04e-06	0.0436508
-1.32e-06	7.04e-06	-0.0443625
-8.8e-07	7.04e-06	0.0448247
-4.4e-07	7.04e-06	-0.0450379
0	7.04e-06	0.0450025
4.4e-07	7.04e-06	-0.0447183
8.8e-07	7.04e-06	0.0441844
1.32e-06	7.04e-06	-0.0433995
1.76e-06	7.04e-06	0.0423627
2.2e-06	7.04e-06	-0.0410733
2.64e-06	7.04e-06	0.0395318
3.08e-06	7.04e-06	-0.0377405
3.52e-06	7.04e-06	0.0357032
3.96e-06	7.04e-06	-0.0334261
4.4e-06	7.04e-06	0.0309177
4.84e-06	7.04e-06	-0.0281885
5.28e-06	7.04e-06	0.025251
5.72e-06	7.04e-06	-0.0221197
6.16e-06	7.04e-06	0.0188103
6.6e-06	7.04e-06	-0.0153397
7.04e-06	7.04e-06	0.0117255
7.48e-06	7.04e-06	-0.00798618
7.92e-06	7.04e-06	0.00414127
8.36e-06	7.04e-06	-0.000212734

-8.36e-06	6.6e-06	0.00778358
-7.92e-06	6.6e-06	-0.0117833
-7.48e-06	6.6e-06	0.0157357
-7.04e-06	6.6e-06	-0.0196052
-6.6e-06	6.6e-06	0.0233581
-6.16e-06	6.6e-06	-0.0269633
-5.72e-06	6.6e-06	0.0303923
-5.28e-06	6.6e-06	-0.0336196
-4.84e-06	6.6e-06	0.0366231
-4.4e-06	6.6e-06	-0.0393837
-3.96e-06	6.6e-06	0.0418861
-3.52e-06	6.6e-06	-0.0441182
-3.08e-06	6.6e-06	0.0460716
-2.64e-06	6.6e-06	-0.0477408
-2.2e-06	6.6e-06	0.0491233
-1.76e-06	6.6e-06	-0.0502187
-1.32e-06	6.6e-06	0.051028
-8.8e-07	6.6e-06	-0.051553
-4.4e-07	6.6e-06	0.0517953
0	6.6e-06	-0.0517557
4.4e-07	6.6e-06	0.051434
8.8e-07	6.6e-06	-0.0508288
1.32e-06	6.6e-06	0.049938
1.76e-06	6.6e-06	-0.0487591
2.2e-06	6.6e-06	0.0472907
2.64e-06	6.6e-06	-0.0455322
3.08e-06	6.6e-06	0.0434855
3.52e-06	6.6e-06	-0.0411544
3.96e-06	6.6e-06	0.038546
4.4e-06	6.6e-06	-0.0356698
4.84e-06	6.6e-06	0.0325385
5.28e-06	6.6e-06	-0.0291671
5.72e-06	6.6e-06	0.0255731
6.16e-06	6.6e-06	-0.0217762
6.6e-06	6.6e-06	0.0177977
7.04e-06	6.6e-06	-0.0136605
7.48e-06	6.6e-06	0.00938905
7.92e-06	6.6e-06	-0.00500955
8.36e-06	6.6e-06	0.000550647

-8.36e-06	6.16e-06	-0.00847463
-7.92e-06	6.16e-06	0.0129683
-7.48e-06	6.16e-06	-0.0173986
-7.04e-06	6.16e-06	0.0217281
-6.6e-06	6.16e-06	-0.0259205
-6.16e-06	6.16e-06	0.0299422
-5.72e-06	6.16e-06	-0.0337621
-5.28e-06	6.16e-06	0.0373523
-4.84e-06	6.16e-06	-0.0406883
-4.4e-06	6.16e-06	0.0437495
-3.96e-06	6.16e-06	-0.046519
-3.52e-06	6.16e-06	0.0489842
-3.08e-06	6.16e-06	-0.0511364
-2.64e-06	6.16e-06	0.0529709
-2.2e-06	6.16e-06	-0.0544862
-1.76e-06	6.16e-06	0.0556837
-1.32e-06	6.16e-06	-0.0565665
-8.8e-07	6.16e-06	0.0571382
-4.4e-07	6.16e-06	-0.057402
0	6.16e-06	0.0573596
4.4e-07	6.16e-06	-0.0570108
8.8e-07	6.16e-06	0.0563532
1.32e-06	6.16e-06	-0.0553832
1.76e-06	6.16e-06	0.0540967
2.2e-06	6.16e-06	-0.0524902
2.64e-06	6.16e-06	0.0505617
3.08e-06	6.16e-06	-0.048312
3.52e-06	6.16e-06	0.0457449
3.96e-06	6.16e-06	-0.0428675
4.4e-06	6.16e-06	0.0396907
4.84e-06	6.16e-06	-0.0362287
5.28e-06	6.16e-06	0.032499
5.72e-06	6.16e-06	-0.0285223
6.16e-06	6.16e-06	0.0243215
6.6e-06	6.16e-06	-0.0199223
7.04e-06	6.16e-06	0.015352
7.48e-06	6.16e-06	-0.0106403
7.92e-06	6.16e-06	0.00581867
8.36e-06	6.16e-06	-0.0009209

-8.36e-06	5.72e-06	0.00895644
-7.92e-06	5.72e-06	-0.013858
-7.48e-06	5.72e-06	0.0186813
-7.04e-06	5.72e-06	-0.023387
-6.6e-06	5.72e-06	0.0279367
-6.16e-06	5.72e-06	-0.0322948
-5.72e-06	5.72e-06	0.0364278
-5.28e-06	5.72e-06	-0.040306
-4.84e-06	5.72e-06	0.0439031
-4.4e-06	5.72e-06	-0.0471969
-3.96e-06	5.72e-06	0.0501696
-3.52e-06	5.72e-06	-0.0528084
-3.08e-06	5.72e-06	0.0551047
-2.64e-06	5.72e-06	-0.0570551
-2.2e-06	5.72e-06	0.05866
-1.76e-06	5.72e-06	-0.0599235
-1.32e-06	5.72e-06	0.0608515
-8.8e-07	5.72e-06	-0.061451
-4.4e-07	5.72e-06	0.0617273
0	5.72e-06	-0.0616836
4.4e-07	5.72e-06	0.0613194
8.8e-07	5.72e-06	-0.0606314
1.32e-06	5.72e-06	0.0596133
1.76e-06	5.72e-06	-0.0582582
2.2e-06	5.72e-06	0.0565599
2.64e-06	5.72e-06	-0.0545141
3.08e-06	5.72e-06	0.0521199
3.52e-06	5.72e-06	-0.0493804
3.96e-06	5.72e-06	0.0463028
4.4e-06	5.72e-06	-0.0428989
4.84e-06	5.72e-06	0.0391845
5.28e-06	5.72e-06	-0.0351793
5.72e-06	5.72e-06	0.0309066
6.16e-06	5.72e-06	-0.0263927
6.6e-06	5.72e-06	0.0216668
7.04e-06	5.72e-06	-0.0167603
7.48e-06	5.72e-06	0.0117071
7.92e-06	5.72e-06	-0.00654302
8.36e-06	5.72e-06	0.00130572

-8.36e-06	5.28e-06	-0.00922855
-7.92e-06	5.28e-06	0.0144425
-7.48e-06	5.28e-06	-0.0195651
-7.04e-06	5.28e-06	0.0245549
-6.6e-06	5.28e-06	-0.0293721
-6.16e-06	5.28e-06	0.0339791
-5.72e-06	5.28e-06	-0.038341
-5.28e-06	5.28e-06	0.0424262
-4.84e-06	5.28e-06	-0.0462069
-4.4e-06	5.28e-06	0.04966
-3.96e-06	5.28e-06	-0.0527668
-3.52e-06	5.28e-06	0.0555144
-3.08e-06	5.28e-06	-0.057895
-2.64e-06	5.28e-06	0.0599067
-2.2e-06	5.28e-06	-0.0615529
-1.76e-06	5.28e-06	0.0628413
-1.32e-06	5.28e-06	-0.0637823
-8.8e-07	5.28e-06	0.0643873
-4.4e-07	5.28e-06	-0.0646655
0	5.28e-06	0.0646219
4.4e-07	5.28e-06	-0.0642562
8.8e-07	5.28e-06	0.0635626
1.32e-06	5.28e-06	-0.0625315
1.76e-06	5.28e-06	0.0611517
2.2e-06	5.28e-06	-0.0594127
2.64e-06	5.28e-06	0.0573071
3.08e-06	5.28e-06	-0.0548316
3.52e-06	5.28e-06	0.0519882
3.96e-06	5.28e-06	-0.0487839
4.4e-06	5.28e-06	0.0452312
4.84e-06	5.28e-06	-0.0413473
5.28e-06	5.28e-06	0.0371541
5.72e-06	5.28e-06	-0.0326772
6.16e-06	5.28e-06	0.027946
6.6e-06	5.28e-06	-0.0229925
7.04e-06	5.28e-06	0.0178519
7.48e-06	5.28e-06	-0.0125612
7.92e-06	5.28e-06	0.00715957
8.36e-06	5.28e-06	-0.001688

-8.36e-06	4.84e-06	0.00929484
-7.92e-06	4.84e-06	-0.0147191
-7.48e-06	4.84e-06	0.0200404
-7.04e-06	4.84e-06	-0.0252162
-6.6e-06	4.84e-06	0.0302054
-6.16e-06	4.84e-06	-0.0349688
-5.72e-06	4.84e-06	0.0394704
-5.28e-06	4.84e-06	-0.0436773
-4.84e-06	4.84e-06	0.0475605
-4.4e-06	4.84e-06	-0.0510958
-3.96e-06	4.84e-06	0.054264
-3.52e-06	4.84e-06	-0.0570519
-3.08e-06	4.84e-06	0.0594529
-2.64e-06	4.84e-06	-0.0614671
-2.2e-06	4.84e-06	0.0631013
-1.76e-06	4.84e-06	-0.0643683
-1.32e-06	4.84e-06	0.0652852
-8.8e-07	4.84e-06	-0.0658697
-4.4e-07	4.84e-06	0.0661369
0	4.84e-06	-0.0660951
4.4e-07	4.84e-06	0.0657437
8.8e-07	4.84e-06	-0.0650735
1.32e-06	4.84e-06	0.0640691
1.76e-06	4.84e-06	-0.062713
2.2e-06	4.84e-06	0.060989
2.64e-06	4.84e-06	-0.058885
3.08e-06	4.84e-06	0.0563949
3.52e-06	4.84e-06	-0.053519
3.96e-06	4.84e-06	0.0502642
4.4e-06	4.84e-06	-0.0466437
4.84e-06	4.84e-06	0.042676
5.28e-06	4.84e-06	-0.038385
5.72e-06	4.84e-06	0.0337985
6.16e-06	4.84e-06	-0.0289485
6.6e-06	4.84e-06	0.0238697
7.04e-06	4.84e-06	-0.0185998
7.48e-06	4.84e-06	0.0131787
7.92e-06	4.84e-06	-0.00764809
8.36e-06	4.84e-06	0.00205127

-8.36e-06	4.4e-06	-0.00916342
-7.92e-06	4.4e-06	0.0146914
-7.48e-06	4.4e-06	-0.0201071
-7.04e-06	4.4e-06	0.0253669
-6.6e-06	4.4e-06	-0.0304289
-6.16e-06	4.4e-06	0.0352533
-5.72e-06	4.4e-06	-0.039803
-5.28e-06	4.4e-06	0.0440441
-4.84e-06	4.4e-06	-0.0479467
-4.4e-06	4.4e-06	0.0514855
-3.96e-06	4.4e-06	-0.0546405
-3.52e-06	4.4e-06	0.0573985
-3.08e-06	4.4e-06	-0.0597534
-2.64e-06	4.4e-06	0.0617074
-2.2e-06	4.4e-06	-0.0632716
-1.76e-06	4.4e-06	0.0644654
-1.32e-06	4.4e-06	-0.0653147
-8.8e-07	4.4e-06	0.0658476
-4.4e-07	4.4e-06	-0.0660881
0	4.4e-06	0.0660499
4.4e-07	4.4e-06	-0.0657318
8.8e-07	4.4e-06	0.0651188
1.32e-06	4.4e-06	-0.0641865
1.76e-06	4.4e-06	0.0629078
2.2e-06	4.4e-06	-0.0612584
2.64e-06	4.4e-06	0.0592204
3.08e-06	4.4e-06	-0.0567842
3.52e-06	4.4e-06	0.0539485
3.96e-06	4.4e-06	-0.0507202
4.4e-06	4.4e-06	0.0471132
4.84e-06	4.4e-06	-0.0431478
5.28e-06	4.4e-06	0.0388496
5.72e-06	4.4e-06	-0.0342487
6.16e-06	4.4e-06	0.029379
6.6e-06	4.4e-06	-0.0242777
7.04e-06	4.4e-06	0.0189844
7.48e-06	4.4e-06	-0.0135411
7.92e-06	4.4e-06	0.00799133
8.36e-06	4.4e-06	-0.00237977

-8.36e-06	3.96e-06	0.00884644
-7.92e-06	3.96e-06	-0.0143699
-7.48e-06	3.96e-06	0.0197735
-7.04e-06	3.96e-06	-0.0250137
-6.6e-06	3.96e-06	0.0300484
-6.16e-06	3.96e-06	-0.0348375
-5.72e-06	3.96e-06	0.0393433
-5.28e-06	3.96e-06	-0.0435313
-4.84e-06	3.96e-06	0.0473707
-4.4e-06	3.96e-06	-0.0508349
-3.96e-06	3.96e-06	0.053903
-3.52e-06	3.96e-06	-0.0565608
-3.08e-06	3.96e-06	0.0588021
-2.64e-06	3.96e-06	-0.0606309
-2.2e-06	3.96e-06	0.0620624
-1.76e-06	3.96e-06	-0.0631241
-1.32e-06	3.96e-06	0.0638543
-8.8e-07	3.96e-06	-0.0642967
-4.4e-07	3.96e-06	0.0644904
0	3.96e-06	-0.0644578
4.4e-07	3.96e-06	0.0641969
8.8e-07	3.96e-06	-0.0636824
1.32e-06	3.96e-06	0.062875
1.76e-06	3.96e-06	-0.0617335
2.2e-06	3.96e-06	0.0602222
2.64e-06	3.96e-06	-0.0583163
3.08e-06	3.96e-06	0.0560025
3.52e-06	3.96e-06	-0.0532786
3.96e-06	3.96e-06	0.050152
4.4e-06	3.96e-06	-0.0466381
4.84e-06	3.96e-06	0.042759
5.28e-06	3.96e-06	-0.0385425
5.72e-06	3.96e-06	0.0340205
6.16e-06	3.96e-06	-0.0292288
6.6e-06	3.96e-06	0.0242062
7.04e-06	3.96e-06	-0.0189941
7.48e-06	3.96e-06	0.0136356
7.92e-06	3.96e-06	-0.00817531
8.36e-06	3.96e-06	0.00265874

-8.36e-06	3.52e-06	-0.00835974
-7.92e-06	3.52e-06	0.0137706
-7.48e-06	3.52e-06	-0.0190565
-7.04e-06	3.52e-06	0.0241743
-6.6e-06	3.52e-06	-0.0290825
-6.16e-06	3.52e-06	0.0337413
-5.72e-06	3.52e-06	-0.0381132
-5.28e-06	3.52e-06	0.0421633
-4.84e-06	3.52e-06	-0.0458596
-4.4e-06	3.52e-06	0.0491745
-3.96e-06	3.52e-06	-0.0520851
-3.52e-06	3.52e-06	0.0545751
-3.08e-06	3.52e-06	-0.0566371
-2.64e-06	3.52e-06	0.0582747
-2.2e-06	3.52e-06	-0.0595065
-1.76e-06	3.52e-06	0.0603685
-1.32e-06	3.52e-06	-0.0609157
-8.8e-07	3.52e-06	0.0612161
-4.4e-07	3.52e-06	-0.0613352
0	3.52e-06	0.0613114
4.4e-07	3.52e-06	-0.0611402
8.8e-07	3.52e-06	0.0607774
1.32e-06	3.52e-06	-0.0601589
1.76e-06	3.52e-06	0.0592214
2.2e-06	3.52e-06	-0.057915
2.64e-06	3.52e-06	0.0562072
3.08e-06	3.52e-06	-0.0540821
3.52e-06	3.52e-06	0.0515379
3.96e-06	3.52e-06	-0.048584
4.4e-06	3.52e-06	0.0452382
4.84e-06	3.52e-06	-0.0415252
5.28e-06	3.52e-06	0.0374748
5.72e-06	3.52e-06	-0.033121
6.16e-06	3.52e-06	0.028501
6.6e-06	3.52e-06	-0.0236549
7.04e-06	3.52e-06	0.0186248
7.48e-06	3.52e-06	-0.0134547
7.92e-06	3.52e-06	0.00818946
8.36e-06	3.52e-06	-0.00287456

-8.36e-06	3.08e-06	0.00772251
-7.92e-06	3.08e-06	-0.0129155
-7.48e-06	3.08e-06	0.0179805
-7.04e-06	3.08e-06	-0.0228759
-6.6e-06	3.08e-06	0.0275616
-6.16e-06	3.08e-06	-0.031999
-5.72e-06	3.08e-06	0.036151
-5.28e-06	3.08e-06	-0.0399828
-4.84e-06	3.08e-06	0.0434617
-4.4e-06	3.08e-06	-0.0465583
-3.96e-06	3.08e-06	0.0492471
-3.52e-06	3.08e-06	-0.0515082
-3.08e-06	3.08e-06	0.05333
-2.64e-06	3.08e-06	-0.0547127
-2.2e-06	3.08e-06	0.0556745
-1.76e-06	3.08e-06	-0.0562583
-1.32e-06	3.08e-06	0.0565392
-8.8e-07	3.08e-06	-0.0566237
-4.4e-07	3.08e-06	0.0566268
0	3.08e-06	-0.0566166
4.4e-07	3.08e-06	0.0565841
8.8e-07	3.08e-06	-0.0564473
1.32e-06	3.08e-06	0.056098
1.76e-06	3.08e-06	-0.0554404
2.2e-06	3.08e-06	0.0544075
2.64e-06	3.08e-06	-0.0529608
3.08e-06	3.08e-06	0.051085
3.52e-06	3.08e-06	-0.0487816
3.96e-06	3.08e-06	0.0460641
4.4e-06	3.08e-06	-0.0429545
4.84e-06	3.08e-06	0.0394804
5.28e-06	3.08e-06	-0.0356742
5.72e-06	3.08e-06	0.0315716
6.16e-06	3.08e-06	-0.027211
6.6e-06	3.08e-06	0.0226332
7.04e-06	3.08e-06	-0.0178805
7.48e-06	3.08e-06	0.0129969
7.92e-06	3.08e-06	-0.00802676
8.36e-06	3.08e-06	0.00301497

-8.36e-06	2.64e-06	-0.00695676
-7.92e-06	2.64e-06	0.0118312
-7.48e-06	2.64e-06	-0.0165768
-7.04e-06	2.64e-06	0.0211546
-6.6e-06	2.64e-06	-0.0255268
-6.16e-06	2.64e-06	0.0296569
-5.72e-06	2.64e-06	-0.0335092
-5.28e-06	2.64e-06	0.0370493
-4.84e-06	2.64e-06	-0.0402442
-4.4e-06	2.64e-06	0.0430623
-3.96e-06	2.64e-06	-0.0454748
-3.52e-06	2.64e-06	0.0474561
-3.08e-06	2.64e-06	-0.048987
-2.64e-06	2.64e-06	0.0500586
-2.2e-06	2.64e-06	-0.0506806
-1.76e-06	2.64e-06	0.0508949
-1.32e-06	2.64e-06	-0.0507953
-8.8e-07	2.64e-06	0.0505467
-4.4e-07	2.64e-06	-0.0503655
0	2.64e-06	0.0503783
4.4e-07	2.64e-06	-0.0505672
8.8e-07	2.64e-06	0.0507686
1.32e-06	2.64e-06	-0.0507937
1.76e-06	2.64e-06	0.0505014
2.2e-06	2.64e-06	-0.0498091
2.64e-06	2.64e-06	0.0486788
3.08e-06	2.64e-06	-0.0471026
3.52e-06	2.64e-06	0.0450902
3.96e-06	2.64e-06	-0.0426625
4.4e-06	2.64e-06	0.0398471
4.84e-06	2.64e-06	-0.0366758
5.28e-06	2.64e-06	0.0331833
5.72e-06	2.64e-06	-0.029407
6.16e-06	2.64e-06	0.0253857
6.6e-06	2.64e-06	-0.0211603
7.04e-06	2.64e-06	0.0167728
7.48e-06	2.64e-06	-0.0122661
7.92e-06	2.64e-06	0.00768371
8.36e-06	2.64e-06	-0.00306921

-8.36e-06	2.2e-06	0.00608693
-7.92e-06	2.2e-06	-0.0105484
-7.48e-06	2.2e-06	0.0148824
-7.04e-06	2.2e-06	-0.0190537
-6.6e-06	2.2e-06	0.0230282
-6.16e-06	2.2e-06	-0.0267723
-5.72e-06	2.2e-06	0.0302527
-5.28e-06	2.2e-06	-0.0334364
-4.84e-06	2.2e-06	0.0362903
-4.4e-06	2.2e-06	-0.0387811
-3.96e-06	2.2e-06	0.0408758
-3.52e-06	2.2e-06	-0.0425419
-3.08e-06	2.2e-06	0.0437483
-2.64e-06	2.2e-06	-0.0444695
-2.2e-06	2.2e-06	0.0446929
-1.76e-06	2.2e-06	-0.0444378
-1.32e-06	2.2e-06	0.0437955
-8.8e-07	2.2e-06	-0.0430042
-4.4e-07	2.2e-06	0.0425172
0	2.2e-06	-0.0425705
4.4e-07	2.2e-06	0.0431394
8.8e-07	2.2e-06	-0.0438621
1.32e-06	2.2e-06	0.0444019
1.76e-06	2.2e-06	-0.0445658
2.2e-06	2.2e-06	0.0442709
2.64e-06	2.2e-06	-0.0434966
3.08e-06	2.2e-06	0.0422535
3.52e-06	2.2e-06	-0.0405669
3.96e-06	2.2e-06	0.0384687
4.4e-06	2.2e-06	-0.0359936
4.84e-06	2.2e-06	0.0331779
5.28e-06	2.2e-06	-0.0300586
5.72e-06	2.2e-06	0.0266739
6.16e-06	2.2e-06	-0.0230625
6.6e-06	2.2e-06	0.0192644
7.04e-06	2.2e-06	-0.0153203
7.48e-06	2.2e-06	0.0112716
7.92e-06	2.2e-06	-0.00716031
8.36e-06	2.2e-06	0.00302801

-8.36e-06	1.76e-06	-0.00513945
-7.92e-06	1.76e-06	0.00910148
-7.48e-06	1.76e-06	-0.0129392
-7.04e-06	1.76e-06	0.0166227
-6.6e-06	1.76e-06	-0.0201231
-6.16e-06	1.76e-06	0.0234109
-5.72e-06	1.76e-06	-0.0264564
-5.28e-06	1.76e-06	0.0292287
-4.84e-06	1.76e-06	-0.0316957
-4.4e-06	1.76e-06	0.0338234
-3.96e-06	1.76e-06	-0.0355751
-3.52e-06	1.76e-06	0.0369106
-3.08e-06	1.76e-06	-0.037785
-2.64e-06	1.76e-06	0.0381483
-2.2e-06	1.76e-06	-0.0379476
-1.76e-06	1.76e-06	0.0371389
-1.32e-06	1.76e-06	-0.0357335
-8.8e-07	1.76e-06	0.0339682
-4.4e-07	1.76e-06	-0.0329527
0	1.76e-06	0.0330697
4.4e-07	1.76e-06	-0.0343648
8.8e-07	1.76e-06	0.0359253
1.32e-06	1.76e-06	-0.0371579
1.76e-06	1.76e-06	0.0378565
2.2e-06	1.76e-06	-0.0379878
2.64e-06	1.76e-06	0.0375801
3.08e-06	1.76e-06	-0.0366793
3.52e-06	1.76e-06	0.0353334
3.96e-06	1.76e-06	-0.0335879
4.4e-06	1.76e-06	0.0314853
4.84e-06	1.76e-06	-0.0290659
5.28e-06	1.76e-06	0.0263681
5.72e-06	1.76e-06	-0.0234297
6.16e-06	1.76e-06	0.0202883
6.6e-06	1.76e-06	-0.0169817
7.04e-06	1.76e-06	0.0135486
7.48e-06	1.76e-06	-0.0100281
7.92e-06	1.76e-06	0.00645987
8.36e-06	1.76e-06	-0.00288347

-8.36e-06	1.32e-06	0.00414255
-7.92e-06	1.32e-06	-0.00752714
-7.48e-06	1.32e-06	0.0107922
-7.04e-06	1.32e-06	-0.0139153
-6.6e-06	1.32e-06	0.0168739
-6.16e-06	1.32e-06	-0.0196444
-5.72e-06	1.32e-06	0.0222014
-5.28e-06	1.32e-06	-0.0245178
-4.84e-06	1.32e-06	0.0265638
-4.4e-06	1.32e-06	-0.0283062
-3.96e-06	1.32e-06	0.0297067
-3.52e-06	1.32e-06	-0.0307197
-3.08e-06	1.32e-06	0.0312878
-2.64e-06	1.32e-06	-0.0313361
-2.2e-06	1.32e-06	0.0307607
-1.76e-06	1.32e-06	-0.0294096
-1.32e-06	1.32e-06	0.027043
-8.8e-07	1.32e-06	-0.0232429
-4.4e-07	1.32e-06	0.0213444
0	1.32e-06	-0.021476
4.4e-07	1.32e-06	0.0243746
8.8e-07	1.32e-06	-0.0273226
1.32e-06	1.32e-06	0.0294204
1.76e-06	1.32e-06	-0.0306675
2.2e-06	1.32e-06	0.031193
2.64e-06	1.32e-06	-0.0311174
3.08e-06	1.32e-06	0.0305359
3.52e-06	1.32e-06	-0.0295222
3.96e-06	1.32e-06	0.0281351
4.4e-06	1.32e-06	-0.0264231
4.84e-06	1.32e-06	0.0244284
5.28e-06	1.32e-06	-0.022189
5.72e-06	1.32e-06	0.0197406
6.16e-06	1.32e-06	-0.017118
6.6e-06	1.32e-06	0.0143559
7.04e-06	1.32e-06	-0.0114895
7.48e-06	1.32e-06	0.00855489
7.92e-06	1.32e-06	-0.00558895
8.36e-06	1.32e-06	0.00262891

-8.36e-06	8.8e-07	-0.00312642
-7.92e-06	8.8e-07	0.00586418
-7.48e-06	8.8e-07	-0.00848861
-7.04e-06	8.8e-07	0.0109874
-6.6e-06	8.8e-07	-0.0133462
-6.16e-06	8.8e-07	0.015548
-5.72e-06	8.8e-07	-0.0175732
-5.28e-06	8.8e-07	0.0193993
-4.84e-06	8.8e-07	-0.0210009
-4.4e-06	8.8e-07	0.022348
-3.96e-06	8.8e-07	-0.0234043
-3.52e-06	8.8e-07	0.0241239
-3.08e-06	8.8e-07	-0.0244451
-2.64e-06	8.8e-07	0.0242809
-2.2e-06	8.8e-07	-0.0234989
-1.76e-06	8.8e-07	0.0218824
-1.32e-06	8.8e-07	-0.0190383
-8.8e-07	8.8e-07	0.00997292
-4.4e-07	8.8e-07	-0.00711584
0	8.8e-07	0.00652147
4.4e-07	8.8e-07	-0.0136606
8.8e-07	8.8e-07	0.0188146
1.32e-06	8.8e-07	-0.0217198
1.76e-06	8.8e-07	0.023352
2.2e-06	8.8e-07	-0.0241366
2.64e-06	8.8e-07	0.0243001
3.08e-06	8.8e-07	-0.02398
3.52e-06	8.8e-07	0.0232679
3.96e-06	8.8e-07	-0.022229
4.4e-06	8.8e-07	0.0209129
4.84e-06	8.8e-07	-0.0193601
5.28e-06	8.8e-07	0.0176051
5.72e-06	8.8e-07	-0.0156796
6.16e-06	8.8e-07	0.0136138
6.6e-06	8.8e-07	-0.0114373
7.04e-06	8.8e-07	0.00918092
7.48e-06	8.8e-07	-0.00687643
7.92e-06	8.8e-07	0.00455757
8.36e-06	8.8e-07	-0.00225892

-8.36e-06	4.4e-07	0.00212406
-7.92e-06	4.4e-07	-0.00415235
-7.48e-06	4.4e-07	0.00607592
-7.04e-06	4.4e-07	-0.00789564
-6.6e-06	4.4e-07	0.00960636
-6.16e-06	4.4e-07	-0.0111982
-5.72e-06	4.4e-07	0.0126578
-5.28e-06	4.4e-07	-0.0139689
-4.84e-06	4.4e-07	0.0151117
-4.4e-06	4.4e-07	-0.0160625
-3.96e-06	4.4e-07	0.0167913
-3.52e-06	4.4e-07	-0.0172592
-3.08e-06	4.4e-07	0.0174119
-2.64e-06	4.4e-07	-0.0171718
-2.2e-06	4.4e-07	0.0164217
-1.76e-06	4.4e-07	-0.0149775
-1.32e-06	4.4e-07	0.0125353
-8.8e-07	4.4e-07	-0.00513366
-4.4e-07	4.4e-07	0.00287833
0	4.4e-07	-0.00289702
4.4e-07	4.4e-07	0.00768443
8.8e-07	4.4e-07	-0.0120349
1.32e-06	4.4e-07	0.0146917
1.76e-06	4.4e-07	-0.0162382
2.2e-06	4.4e-07	0.0170338
2.64e-06	4.4e-07	-0.0172942
3.08e-06	4.4e-07	0.017153
3.52e-06	4.4e-07	-0.0166969
3.96e-06	4.4e-07	0.0159852
4.4e-06	4.4e-07	-0.0150611
4.84e-06	4.4e-07	0.0139583
5.28e-06	4.4e-07	-0.0127048
5.72e-06	4.4e-07	0.0113254
6.16e-06	4.4e-07	-0.00984357
6.6e-06	4.4e-07	0.0082825
7.04e-06	4.4e-07	-0.00666648
7.48e-06	4.4e-07	0.00502216
7.92e-06	4.4e-07	-0.00337993
8.36e-06	4.4e-07	0.00177231

-8.36e-06	0	-0.00117316
-7.92e-06	0	0.0024304
-7.48e-06	0	-0.00359903
-7.04e-06	0	0.00469453
-6.6e-06	0	-0.00571971
-6.16e-06	0	0.00667095
-5.72e-06	0	-0.00754106
-5.28e-06	0	0.0083203
-4.84e-06	0	-0.00899652
-4.4e-06	0	0.00955457
-3.96e-06	0	-0.00997506
-3.52e-06	0	0.0102321
-3.08e-06	0	-0.01029
-2.64e-06	0	0.0100979
-2.2e-06	0	-0.00958428
-1.76e-06	0	0.00865641
-1.32e-06	0	-0.00723871
-8.8e-07	0	0.00272886
-4.4e-07	0	-0.00132341
0	0	0.00139116
4.4e-07	0	-0.00390985
8.8e-07	0	0.00661592
1.32e-06	0	-0.00836741
1.76e-06	0	0.00942631
2.2e-06	0	-0.00999498
2.64e-06	0	0.0102115
3.08e-06	0	-0.0101666
3.52e-06	0	0.00991977
3.96e-06	0	-0.00951175
4.4e-06	0	0.00897155
4.84e-06	0	-0.00832128
5.28e-06	0	0.00757899
5.72e-06	0	-0.00676044
6.16e-06	0	0.00588037
6.6e-06	0	-0.00495355
7.04e-06	0	0.00399595
7.48e-06	0	-0.00302689
7.92e-06	0	0.00207421
8.36e-06	0	-0.00119052

-8.36e-06	-4.4e-07	0.000316559
-7.92e-06	-4.4e-07	-0.000729828
-7.48e-06	-4.4e-07	0.00109574
-7.04e-06	-4.4e-07	-0.0014339
-6.6e-06	-4.4e-07	0.00174879
-6.16e-06	-4.4e-07	-0.00204033
-5.72e-06	-4.4e-07	0.00230659
-5.28e-06	-4.4e-07	-0.00254464
-4.84e-06	-4.4e-07	0.0027507
-4.4e-06	-4.4e-07	-0.00291999
-3.96e-06	-4.4e-07	0.0030463
-3.52e-06	-4.4e-07	-0.00312132
-3.08e-06	-4.4e-07	0.00313348
-2.64e-06	-4.4e-07	-0.00306634
-2.2e-06	-4.4e-07	0.00289602
-1.76e-06	-4.4e-07	-0.00258576
-1.32e-06	-4.4e-07	0.00205968
-8.8e-07	-4.4e-07	-0.00102788
-4.4e-07	-4.4e-07	0.000574274
0	-4.4e-07	-0.000618763
4.4e-07	-4.4e-07	0.00123885
8.8e-07	-4.4e-07	-0.0019686
1.32e-06	-4.4e-07	0.00250432
1.76e-06	-4.4e-07	-0.00284392
2.2e-06	-4.4e-07	0.00303188
2.64e-06	-4.4e-07	-0.00310801
3.08e-06	-4.4e-07	0.00310077
3.52e-06	-4.4e-07	-0.00302948
3.96e-06	-4.4e-07	0.00290737
4.4e-06	-4.4e-07	-0.00274388
4.84e-06	-4.4e-07	0.00254612
5.28e-06	-4.4e-07	-0.00231983
5.72e-06	-4.4e-07	0.00207
6.16e-06	-4.4e-07	-0.00180129
6.6e-06	-4.4e-07	0.00151837
7.04e-06	-4.4e-07	-0.00122637
7.48e-06	-4.4e-07	0.000931533
7.92e-06	-4.4e-07	-0.000642138
8.36e-06	-4.4e-07	0.000367771

-8.36e-06	-8.8e-07	-8.19955e-05
-7.92e-06	-8.8e-07	0.000217322
-7.48e-06	-8.8e-07	-0.000332845
-7.04e-06	-8.8e-07	0.000437678
-6.6e-06	-8.8e-07	-0.00053457
-6.16e-06	-8.8e-07	0.000623975
-5.72e-06	-8.8e-07	-0.000705465
-5.28e-06	-8.8e-07	0.000778184
-4.84e-06	-8.8e-07	-0.00084096
-4.4e-06	-8.8e-07	0.00089228
-3.96e-06	-8.8e-07	-0.000930163
-3.52e-06	-8.8e-07	0.000951929
-3.08e-06	-8.8e-07	-0.00095384
-2.64e-06	-8.8e-07	0.000930536
-2.2e-06	-8.8e-07	-0.000874128
-1.76e-06	-8.8e-07	0.000772413
-1.32e-06	-8.8e-07	-0.000605606
-8.8e-07	-8.8e-07	0.000355263
-4.4e-07	-8.8e-07	-0.000224624
0	-8.8e-07	0.000237883
4.4e-07	-8.8e-07	-0.000394511
8.8e-07	-8.8e-07	0.00059217
1.32e-06	-8.8e-07	-0.000751555
1.76e-06	-8.8e-07	0.000858164
2.2e-06	-8.8e-07	-0.000919363
2.64e-06	-8.8e-07	0.00094562
3.08e-06	-8.8e-07	-0.00094547
3.52e-06	-8.8e-07	0.000925027
3.96e-06	-8.8e-07	-0.000888563
4.4e-06	-8.8e-07	0.000839128
4.84e-06	-8.8e-07	-0.000779011
5.28e-06	-8.8e-07	0.000710046
5.72e-06	-8.8e-07	-0.000633814
6.16e-06	-8.8e-07	0.000551787
6.6e-06	-8.8e-07	-0.000465447
7.04e-06	-8.8e-07	0.00037643
7.48e-06	-8.8e-07	-0.000286698
7.92e-06	-8.8e-07	0.000198687
8.36e-06	-8.8e-07	-0.000114966

-8.36e-06	-1.32e-06	2.0538e-05
-7.92e-06	-1.32e-06	-6.42922e-05
-7.48e-06	-1.32e-06	0.000100867
-7.04e-06	-1.32e-06	-0.000133486
-6.6e-06	-1.32e-06	0.000163358
-6.16e-06	-1.32e-06	-0.000190799
-5.72e-06	-1.32e-06	0.000215747
-5.28e-06	-1.32e-06	-0.000237961
-4.84e-06	-1.32e-06	0.000257079
-4.4e-06	-1.32e-06	-0.000272626
-3.96e-06	-1.32e-06	0.000283968
-3.52e-06	-1.32e-06	-0.000290243
-3.08e-06	-1.32e-06	0.000290244
-2.64e-06	-1.32e-06	-0.000282251
-2.2e-06	-1.32e-06	0.000263788
-1.76e-06	-1.32e-06	-0.000231428
-1.32e-06	-1.32e-06	0.000181623
-8.8e-07	-1.32e-06	-0.000118211
-4.4e-07	-1.32e-06	8.21576e-05
0	-1.32e-06	-8.54415e-05
4.4e-07	-1.32e-06	0.000125754
8.8e-07	-1.32e-06	-0.000179568
1.32e-06	-1.32e-06	0.000226236
1.76e-06	-1.32e-06	-0.000259114
2.2e-06	-1.32e-06	0.000278737
2.64e-06	-1.32e-06	-0.000287622
3.08e-06	-1.32e-06	0.000288213
3.52e-06	-1.32e-06	-0.000282397
3.96e-06	-1.32e-06	0.000271531
4.4e-06	-1.32e-06	-0.000256598
4.84e-06	-1.32e-06	0.000238333
5.28e-06	-1.32e-06	-0.000217322
5.72e-06	-1.32e-06	0.000194067
6.16e-06	-1.32e-06	-0.000169033
6.6e-06	-1.32e-06	0.000142691
7.04e-06	-1.32e-06	-0.000115558
7.48e-06	-1.32e-06	8.82467e-05
7.92e-06	-1.32e-06	-6.1492e-05
8.36e-06	-1.32e-06	3.61068e-05

-8.36e-06	-1.76e-06	-4.9519e-06
-7.92e-06	-1.76e-06	1.89282e-05
-7.48e-06	-1.76e-06	-3.05008e-05
-7.04e-06	-1.76e-06	4.06743e-05
-6.6e-06	-1.76e-06	-4.99018e-05
-6.16e-06	-1.76e-06	5.83331e-05
-5.72e-06	-1.76e-06	-6.5974e-05
-5.28e-06	-1.76e-06	7.27596e-05
-4.84e-06	-1.76e-06	-7.85806e-05
-4.4e-06	-1.76e-06	8.32869e-05
-3.96e-06	-1.76e-06	-8.66764e-05
-3.52e-06	-1.76e-06	8.84726e-05
-3.08e-06	-1.76e-06	-8.82905e-05
-2.64e-06	-1.76e-06	8.55905e-05
-2.2e-06	-1.76e-06	-7.96426e-05
-1.76e-06	-1.76e-06	6.96036e-05
-1.32e-06	-1.76e-06	-5.51219e-05
-8.8e-07	-1.76e-06	3.85642e-05
-4.4e-07	-1.76e-06	-2.87644e-05
0	-1.76e-06	2.95155e-05
4.4e-07	-1.76e-06	-4.00449e-05
8.8e-07	-1.76e-06	5.47727e-05
1.32e-06	-1.76e-06	-6.83084e-05
1.76e-06	-1.76e-06	7.83079e-05
2.2e-06	-1.76e-06	-8.4512e-05
2.64e-06	-1.76e-06	8.74649e-05
3.08e-06	-1.76e-06	-8.78374e-05
3.52e-06	-1.76e-06	8.61953e-05
3.96e-06	-1.76e-06	-8.29646e-05
4.4e-06	-1.76e-06	7.84583e-05
4.84e-06	-1.76e-06	-7.29121e-05
5.28e-06	-1.76e-06	6.6513e-05
5.72e-06	-1.76e-06	-5.94206e-05
6.16e-06	-1.76e-06	5.17823e-05
6.6e-06	-1.76e-06	-4.37471e-05
7.04e-06	-1.76e-06	3.54783e-05
7.48e-06	-1.76e-06	-2.71667e-05
7.92e-06	-1.76e-06	1.90382e-05
8.36e-06	-1.76e-06	-1.13547e-05

-8.36e-06	-2.2e-06	1.13033e-06
-7.92e-06	-2.2e-06	-5.55242e-06
-7.48e-06	-2.2e-06	9.20539e-06
-7.04e-06	-2.2e-06	-1.23825e-05
-6.6e-06	-2.2e-06	1.52374e-05
-6.16e-06	-2.2e-06	-1.78306e-05
-5.72e-06	-2.2e-06	2.0172e-05
-5.28e-06	-2.2e-06	-2.22451e-05
-4.84e-06	-2.2e-06	2.40169e-05
-4.4e-06	-2.2e-06	-2.54406e-05
-3.96e-06	-2.2e-06	2.64517e-05
-3.52e-06	-2.2e-06	-2.69622e-05
-3.08e-06	-2.2e-06	2.68509e-05
-2.64e-06	-2.2e-06	-2.59538e-05
-2.2e-06	-2.2e-06	2.4068e-05
-1.76e-06	-2.2e-06	-2.10115e-05
-1.32e-06	-2.2e-06	1.68511e-05
-8.8e-07	-2.2e-06	-1.24344e-05
-4.4e-07	-2.2e-06	9.7787e-06
0	-2.2e-06	-9.94309e-06
4.4e-07	-2.2e-06	1.27274e-05
8.8e-07	-2.2e-06	-1.67784e-05
1.32e-06	-2.2e-06	2.06825e-05
1.76e-06	-2.2e-06	-2.36915e-05
2.2e-06	-2.2e-06	2.56288e-05
2.64e-06	-2.2e-06	-2.65944e-05
3.08e-06	-2.2e-06	2.67645e-05
3.52e-06	-2.2e-06	-2.63046e-05
3.96e-06	-2.2e-06	2.53459e-05
4.4e-06	-2.2e-06	-2.39874e-05
4.84e-06	-2.2e-06	2.23043e-05
5.28e-06	-2.2e-06	-2.03561e-05
5.72e-06	-2.2e-06	1.81936e-05
6.16e-06	-2.2e-06	-1.58636e-05
6.6e-06	-2.2e-06	1.34132e-05
7.04e-06	-2.2e-06	-1.08937e-05
7.48e-06	-2.2e-06	8.36461e-06
7.92e-06	-2.2e-06	-5.89595e-06
8.36e-06	-2.2e-06	3.57004e-06

-8.36e-06	-2.64e-06	-2.34808e-07
-7.92e-06	-2.64e-06	1.62411e-06
-7.48e-06	-2.64e-06	-2.77376e-06
-7.04e-06	-2.64e-06	3.76623e-06
-6.6e-06	-2.64e-06	-4.65065e-06
-6.16e-06	-2.64e-06	5.44907e-06
-5.72e-06	-2.64e-06	-6.16692e-06
-5.28e-06	-2.64e-06	6.80034e-06
-4.84e-06	-2.64e-06	-7.33957e-06
-4.4e-06	-2.64e-06	7.76991e-06
-3.96e-06	-2.64e-06	-8.07102e-06
-3.52e-06	-2.64e-06	8.21512e-06
-3.08e-06	-2.64e-06	-8.16468e-06
-2.64e-06	-2.64e-06	7.8714e-06
-2.2e-06	-2.64e-06	-7.28188e-06
-1.76e-06	-2.64e-06	6.36362e-06
-1.32e-06	-2.64e-06	-5.17468e-06
-8.8e-07	-2.64e-06	3.97839e-06
-4.4e-07	-2.64e-06	-3.2568e-06
0	-2.64e-06	3.2917e-06
4.4e-07	-2.64e-06	-4.03583e-06
8.8e-07	-2.64e-06	5.15544e-06
1.32e-06	-2.64e-06	-6.27786e-06
1.76e-06	-2.64e-06	7.17603e-06
2.2e-06	-2.64e-06	-7.77463e-06
2.64e-06	-2.64e-06	8.08586e-06
3.08e-06	-2.64e-06	-8.15397e-06
3.52e-06	-2.64e-06	8.02616e-06
3.96e-06	-2.64e-06	-7.74221e-06
4.4e-06	-2.64e-06	7.33307e-06
4.84e-06	-2.64e-06	-6.82256e-06
5.28e-06	-2.64e-06	6.22969e-06
5.72e-06	-2.64e-06	-5.57055e-06
6.16e-06	-2.64e-06	4.85997e-06
6.6e-06	-2.64e-06	-4.11283e-06
7.04e-06	-2.64e-06	3.34528e-06
7.48e-06	-2.64e-06	-2.57584e-06
7.92e-06	-2.64e-06	1.82617e-06
8.36e-06	-2.64e-06	-1.1215e-06

-8.36e-06	-3.08e-06	3.96841e-08
-7.92e-06	-3.08e-06	-4.73925e-07
-7.48e-06	-3.08e-06	8.34646e-07
-7.04e-06	-3.08e-06	-1.14457e-06
-6.6e-06	-3.08e-06	1.41879e-06
-6.16e-06	-3.08e-06	-1.66483e-06
-5.72e-06	-3.08e-06	1.88505e-06
-5.28e-06	-3.08e-06	-2.07863e-06
-4.84e-06	-3.08e-06	2.2427e-06
-4.4e-06	-3.08e-06	-2.3727e-06
-3.96e-06	-3.08e-06	2.46224e-06
-3.52e-06	-3.08e-06	-2.50265e-06
-3.08e-06	-3.08e-06	2.48252e-06
-2.64e-06	-3.08e-06	-2.38805e-06
-2.2e-06	-3.08e-06	2.20596e-06
-1.76e-06	-3.08e-06	-1.93267e-06
-1.32e-06	-3.08e-06	1.59353e-06
-8.8e-07	-3.08e-06	-1.26581e-06
-4.4e-07	-3.08e-06	1.06875e-06
0	-3.08e-06	-1.07595e-06
4.4e-07	-3.08e-06	1.2767e-06
8.8e-07	-3.08e-06	-1.58753e-06
1.32e-06	-3.08e-06	1.90968e-06
1.76e-06	-3.08e-06	-2.17615e-06
2.2e-06	-3.08e-06	2.35948e-06
2.64e-06	-3.08e-06	-2.45854e-06
3.08e-06	-3.08e-06	2.48387e-06
3.52e-06	-3.08e-06	-2.44861e-06
3.96e-06	-3.08e-06	2.36465e-06
4.4e-06	-3.08e-06	-2.24153e-06
4.84e-06	-3.08e-06	2.08679e-06
5.28e-06	-3.08e-06	-1.90643e-06
5.72e-06	-3.08e-06	1.70558e-06
6.16e-06	-3.08e-06	-1.48893e-06
6.6e-06	-3.08e-06	1.26118e-06
7.04e-06	-3.08e-06	-1.02739e-06
7.48e-06	-3.08e-06	7.93318e-07
7.92e-06	-3.08e-06	-5.65631e-07
8.36e-06	-3.08e-06	3.51928e-07

-8.36e-06	-3.52e-06	-2.77914e-09
-7.92e-06	-3.52e-06	1.37995e-07
-7.48e-06	-3.52e-06	-2.50861e-07
-7.04e-06	-3.52e-06	3.47573e-07
-6.6e-06	-3.52e-06	-4.32635e-07
-6.16e-06	-3.52e-06	5.08514e-07
-5.72e-06	-3.52e-06	-5.76109e-07
-5.28e-06	-3.52e-06	6.35283e-07
-4.84e-06	-3.52e-06	-6.852e-07
-4.4e-06	-3.52e-06	7.24453e-07
-3.96e-06	-3.52e-06	-7.51048e-07
-3.52e-06	-3.52e-06	7.62312e-07
-3.08e-06	-3.52e-06	-7.54845e-07
-2.64e-06	-3.52e-06	7.24813e-07
-2.2e-06	-3.52e-06	-6.69119e-07
-1.76e-06	-3.52e-06	5.88318e-07
-1.32e-06	-3.52e-06	-4.91586e-07
-8.8e-07	-3.52e-06	4.01027e-07
-4.4e-07	-3.52e-06	-3.46892e-07
0	-3.52e-06	3.48318e-07
4.4e-07	-3.52e-06	-4.0293e-07
8.8e-07	-3.52e-06	4.89593e-07
1.32e-06	-3.52e-06	-5.8199e-07
1.76e-06	-3.52e-06	6.60681e-07
2.2e-06	-3.52e-06	-7.16415e-07
2.64e-06	-3.52e-06	7.47603e-07
3.08e-06	-3.52e-06	-7.5658e-07
3.52e-06	-3.52e-06	7.46927e-07
3.96e-06	-3.52e-06	-7.22129e-07
4.4e-06	-3.52e-06	6.85114e-07
4.84e-06	-3.52e-06	-6.38233e-07
5.28e-06	-3.52e-06	5.8339e-07
5.72e-06	-3.52e-06	-5.22206e-07
6.16e-06	-3.52e-06	4.56167e-07
6.6e-06	-3.52e-06	-3.86754e-07
7.04e-06	-3.52e-06	3.15554e-07
7.48e-06	-3.52e-06	-2.44351e-07
7.92e-06	-3.52e-06	1.75183e-07
8.36e-06	-3.52e-06	-1.1031e-07

-8.36e-06	-3.96e-06	-1.88993e-09
-7.92e-06	-3.96e-06	-4.00963e-08
-7.48e-06	-3.96e-06	7.53246e-08
-7.04e-06	-3.96e-06	-1.05474e-07
-6.6e-06	-3.96e-06	1.31865e-07
-6.16e-06	-3.96e-06	-1.5528e-07
-5.72e-06	-3.96e-06	1.76039e-07
-5.28e-06	-3.96e-06	-1.94133e-07
-4.84e-06	-3.96e-06	2.09318e-07
-4.4e-06	-3.96e-06	-2.21165e-07
-3.96e-06	-3.96e-06	2.29058e-07
-3.52e-06	-3.96e-06	-2.32183e-07
-3.08e-06	-3.96e-06	2.29544e-07
-2.64e-06	-3.96e-06	-2.20105e-07
-2.2e-06	-3.96e-06	2.03206e-07
-1.76e-06	-3.96e-06	-1.79426e-07
-1.32e-06	-3.96e-06	1.51815e-07
-8.8e-07	-3.96e-06	-1.26615e-07
-4.4e-07	-3.96e-06	1.11654e-07
0	-3.96e-06	-1.1192e-07
4.4e-07	-3.96e-06	1.26887e-07
8.8e-07	-3.96e-06	-1.51145e-07
1.32e-06	-3.96e-06	1.77644e-07
1.76e-06	-3.96e-06	-2.00802e-07
2.2e-06	-3.96e-06	2.17643e-07
2.64e-06	-3.96e-06	-2.2737e-07
3.08e-06	-3.96e-06	2.30445e-07
3.52e-06	-3.96e-06	-2.2782e-07
3.96e-06	-3.96e-06	2.20503e-07
4.4e-06	-3.96e-06	-2.09382e-07
4.84e-06	-3.96e-06	1.95187e-07
5.28e-06	-3.96e-06	-1.78517e-07
5.72e-06	-3.96e-06	1.59884e-07
6.16e-06	-3.96e-06	-1.3976e-07
6.6e-06	-3.96e-06	1.18609e-07
7.04e-06	-3.96e-06	-9.69272e-08
7.48e-06	-3.96e-06	7.52677e-08
7.92e-06	-3.96e-06	-5.42489e-08
8.36e-06	-3.96e-06	3.45383e-08

-8.36e-06	-4.4e-06	1.3841e-09
-7.92e-06	-4.4e-06	1.16256e-08
-7.48e-06	-4.4e-06	-2.25978e-08
-7.04e-06	-4.4e-06	3.19866e-08
-6.6e-06	-4.4e-06	-4.01744e-08
-6.16e-06	-4.4e-06	4.74032e-08
-5.72e-06	-4.4e-06	-5.37814e-08
-5.28e-06	-4.4e-06	5.93152e-08
-4.84e-06	-4.4e-06	-6.3935e-08
-4.4e-06	-4.4e-06	6.75099e-08
-3.96e-06	-4.4e-06	-6.98514e-08
-3.52e-06	-4.4e-06	7.07148e-08
-3.08e-06	-4.4e-06	-6.98137e-08
-2.64e-06	-4.4e-06	6.68763e-08
-2.2e-06	-4.4e-06	-6.17819e-08
-1.76e-06	-4.4e-06	5.48059e-08
-1.32e-06	-4.4e-06	-4.69148e-08
-8.8e-07	-4.4e-06	3.98625e-08
-4.4e-07	-4.4e-06	-3.57044e-08
0	-4.4e-06	3.57478e-08
4.4e-07	-4.4e-06	-3.98772e-08
8.8e-07	-4.4e-06	4.66921e-08
1.32e-06	-4.4e-06	-5.4295e-08
1.76e-06	-4.4e-06	6.10926e-08
2.2e-06	-4.4e-06	-6.61551e-08
2.64e-06	-4.4e-06	6.91644e-08
3.08e-06	-4.4e-06	-7.01909e-08
3.52e-06	-4.4e-06	6.94815e-08
3.96e-06	-4.4e-06	-6.73242e-08
4.4e-06	-4.4e-06	6.39848e-08
4.84e-06	-4.4e-06	-5.96886e-08
5.28e-06	-4.4e-06	5.46235e-08
5.72e-06	-4.4e-06	-4.89512e-08
6.16e-06	-4.4e-06	4.28199e-08
6.6e-06	-4.4e-06	-3.63761e-08
7.04e-06	-4.4e-06	2.97746e-08
7.48e-06	-4.4e-06	-2.31855e-08
7.92e-06	-4.4e-06	1.67961e-08
8.36e-06	-4.4e-06	-1.08028e-08

-8.36e-06	-4.84e-06	-6.61457e-10
-7.92e-06	-4.84e-06	-3.36311e-09
-7.48e-06	-4.84e-06	6.77426e-09
-7.04e-06	-4.84e-06	-9.69485e-09
-6.6e-06	-4.84e-06	1.22345e-08
-6.16e-06	-4.84e-06	-1.44669e-08
-5.72e-06	-4.84e-06	1.64274e-08
-5.28e-06	-4.84e-06	-1.81204e-08
-4.84e-06	-4.84e-06	1.95259e-08
-4.4e-06	-4.84e-06	-2.06046e-08
-3.96e-06	-4.84e-06	2.12993e-08
-3.52e-06	-4.84e-06	-2.15372e-08
-3.08e-06	-4.84e-06	2.12375e-08
-2.64e-06	-4.84e-06	-2.03311e-08
-2.2e-06	-4.84e-06	1.88033e-08
-1.76e-06	-4.84e-06	-1.67615e-08
-1.32e-06	-4.84e-06	1.45031e-08
-8.8e-07	-4.84e-06	-1.25199e-08
-4.4e-07	-4.84e-06	1.13582e-08
0	-4.84e-06	-1.13631e-08
4.4e-07	-4.84e-06	1.25091e-08
8.8e-07	-4.84e-06	-1.44302e-08
1.32e-06	-4.84e-06	1.66129e-08
1.76e-06	-4.84e-06	-1.86043e-08
2.2e-06	-4.84e-06	2.01198e-08
2.64e-06	-4.84e-06	-2.10443e-08
3.08e-06	-4.84e-06	2.13802e-08
3.52e-06	-4.84e-06	-2.11896e-08
3.96e-06	-4.84e-06	2.05536e-08
4.4e-06	-4.84e-06	-1.95514e-08
4.84e-06	-4.84e-06	1.82517e-08
5.28e-06	-4.84e-06	-1.67133e-08
5.72e-06	-4.84e-06	1.4987e-08
6.16e-06	-4.84e-06	-1.31194e-08
6.6e-06	-4.84e-06	1.11566e-08
7.04e-06	-4.84e-06	-9.14678e-09
7.48e-06	-4.84e-06	7.14212e-09
7.92e-06	-4.84e-06	-5.19916e-09
8.36e-06	-4.84e-06	3.37563e-09

-8.36e-06	-5.28e-06	2.72907e-10
-7.92e-06	-5.28e-06	9.7049e-10
-7.48e-06	-5.28e-06	-2.02933e-09
-7.04e-06	-5.28e-06	2.93688e-09
-6.6e-06	-5.28e-06	-3.72437e-09
-6.16e-06	-5.28e-06	4.41386e-09
-5.72e-06	-5.28e-06	-5.01669e-09
-5.28e-06	-5.28e-06	5.53477e-09
-4.84e-06	-5.28e-06	-5.96248e-09
-4.4e-06	-5.28e-06	6.28799e-09
-3.96e-06	-5.28e-06	-6.49417e-09
-3.52e-06	-5.28e-06	6.55971e-09
-3.08e-06	-5.28e-06	-6.46207e-09
-2.64e-06	-5.28e-06	6.18437e-09
-2.2e-06	-5.28e-06	-5.72815e-09
-1.76e-06	-5.28e-06	5.13141e-09
-1.32e-06	-5.28e-06	-4.48411e-09
-8.8e-07	-5.28e-06	3.92411e-09
-4.4e-07	-5.28e-06	-3.59804e-09
0	-5.28e-06	3.59768e-09
4.4e-07	-5.28e-06	-3.91738e-09
8.8e-07	-5.28e-06	4.4606e-09
1.32e-06	-5.28e-06	-5.08777e-09
1.76e-06	-5.28e-06	5.67036e-09
2.2e-06	-5.28e-06	-6.12243e-09
2.64e-06	-5.28e-06	6.40473e-09
3.08e-06	-5.28e-06	-6.51287e-09
3.52e-06	-5.28e-06	6.4619e-09
3.96e-06	-5.28e-06	-6.27442e-09
4.4e-06	-5.28e-06	5.97369e-09
4.84e-06	-5.28e-06	-5.58069e-09
5.28e-06	-5.28e-06	5.1136e-09
5.72e-06	-5.28e-06	-4.58836e-09
6.16e-06	-5.28e-06	4.01965e-09
6.6e-06	-5.28e-06	-3.42188e-09
7.04e-06	-5.28e-06	2.81e-09
7.48e-06	-5.28e-06	-2.20005e-09
7.92e-06	-5.28e-06	1.60902e-09
8.36e-06	-5.28e-06	-1.05388e-09

-8.36e-06	-5.72e-06	-1.04464e-10
-7.92e-06	-5.72e-06	-2.79288e-10
-7.48e-06	-5.72e-06	6.0752e-10
-7.04e-06	-5.72e-06	-8.89244e-10
-6.6e-06	-5.72e-06	1.13332e-09
-6.16e-06	-5.72e-06	-1.34629e-09
-5.72e-06	-5.72e-06	1.5317e-09
-5.28e-06	-5.72e-06	-1.69029e-09
-4.84e-06	-5.72e-06	1.82047e-09
-4.4e-06	-5.72e-06	-1.91873e-09
-3.96e-06	-5.72e-06	1.97998e-09
-3.52e-06	-5.72e-06	-1.99805e-09
-3.08e-06	-5.72e-06	1.96677e-09
-2.64e-06	-5.72e-06	-1.88222e-09
-2.2e-06	-5.72e-06	1.74645e-09
-1.76e-06	-5.72e-06	-1.57224e-09
-1.32e-06	-5.72e-06	1.38644e-09
-8.8e-07	-5.72e-06	-1.22774e-09
-4.4e-07	-5.72e-06	1.13583e-09
0	-5.72e-06	-1.13531e-09
4.4e-07	-5.72e-06	1.2249e-09
8.8e-07	-5.72e-06	-1.37896e-09
1.32e-06	-5.72e-06	1.55933e-09
1.76e-06	-5.72e-06	-1.72959e-09
2.2e-06	-5.72e-06	1.86404e-09
2.64e-06	-5.72e-06	-1.94979e-09
3.08e-06	-5.72e-06	1.98415e-09
3.52e-06	-5.72e-06	-1.97057e-09
3.96e-06	-5.72e-06	1.91528e-09
4.4e-06	-5.72e-06	-1.82506e-09
4.84e-06	-5.72e-06	1.70626e-09
5.28e-06	-5.72e-06	-1.56449e-09
5.72e-06	-5.72e-06	1.40473e-09
6.16e-06	-5.72e-06	-1.23159e-09
6.6e-06	-5.72e-06	1.04956e-09
7.04e-06	-5.72e-06	-8.63289e-10
7.48e-06	-5.72e-06	6.77677e-10
7.92e-06	-5.72e-06	-4.97834e-10
8.36e-06	-5.72e-06	3.28755e-10

-8.36e-06	-6.16e-06	3.82102e-11
-7.92e-06	-6.16e-06	8.01271e-11
-7.48e-06	-6.16e-06	-1.81759e-10
-7.04e-06	-6.16e-06	2.6913e-10
-6.6e-06	-6.16e-06	-3.44745e-10
-6.16e-06	-6.16e-06	4.10526e-10
-5.72e-06	-6.16e-06	-4.67564e-10
-5.28e-06	-6.16e-06	5.16123e-10
-4.84e-06	-6.16e-06	-5.55758e-10
-4.4e-06	-6.16e-06	5.85432e-10
-3.96e-06	-6.16e-06	-6.0365e-10
-3.52e-06	-6.16e-06	6.08646e-10
-3.08e-06	-6.16e-06	-5.98764e-10
-2.64e-06	-6.16e-06	5.73159e-10
-2.2e-06	-6.16e-06	-5.32871e-10
-1.76e-06	-6.16e-06	4.82048e-10
-1.32e-06	-6.16e-06	-4.2864e-10
-8.8e-07	-6.16e-06	3.83525e-10
-4.4e-07	-6.16e-06	-3.57521e-10
0	-6.16e-06	3.57266e-10
4.4e-07	-6.16e-06	-3.82482e-10
8.8e-07	-6.16e-06	4.26285e-10
1.32e-06	-6.16e-06	-4.7821e-10
1.76e-06	-6.16e-06	5.27929e-10
2.2e-06	-6.16e-06	-5.6782e-10
2.64e-06	-6.16e-06	5.93749e-10
3.08e-06	-6.16e-06	-6.04541e-10
3.52e-06	-6.16e-06	6.00935e-10
3.96e-06	-6.16e-06	-5.84616e-10
4.4e-06	-6.16e-06	5.5755e-10
4.84e-06	-6.16e-06	-5.21646e-10
5.28e-06	-6.16e-06	4.78629e-10
5.72e-06	-6.16e-06	-4.3005e-10
6.16e-06	-6.16e-06	3.77348e-10
6.6e-06	-6.16e-06	-3.21927e-10
7.04e-06	-6.16e-06	2.65223e-10
7.48e-06	-6.16e-06	-2.08734e-10
7.92e-06	-6.16e-06	1.53994e-10
8.36e-06	-6.16e-06	-1.02477e-10

-8.36e-06	-6.6e-06	-1.35569e-11
-7.92e-06	-6.6e-06	-2.29084e-11
-7.48e-06	-6.6e-06	5.43458e-11
-7.04e-06	-6.6e-06	-8.1418e-11
-6.6e-06	-6.6e-06	1.04832e-10
-6.16e-06	-6.6e-06	-1.25147e-10
-5.72e-06	-6.6e-06	1.42697e-10
-5.28e-06	-6.6e-06	-1.57569e-10
-4.84e-06	-6.6e-06	1.6964e-10
-4.4e-06	-6.6e-06	-1.78608e-10
-3.96e-06	-6.6e-06	1.84036e-10
-3.52e-06	-6.6e-06	-1.85425e-10
-3.08e-06	-6.6e-06	1.82339e-10
-2.64e-06	-6.6e-06	-1.74621e-10
-2.2e-06	-6.6e-06	1.62694e-10
-1.76e-06	-6.6e-06	-1.47875e-10
-1.32e-06	-6.6e-06	1.32501e-10
-8.8e-07	-6.6e-06	-1.19641e-10
-4.4e-07	-6.6e-06	1.12259e-10
0	-6.6e-06	-1.1216e-10
4.4e-07	-6.6e-06	1.19282e-10
8.8e-07	-6.6e-06	-1.31767e-10
1.32e-06	-6.6e-06	1.4673e-10
1.76e-06	-6.6e-06	-1.61241e-10
2.2e-06	-6.6e-06	1.73051e-10
2.64e-06	-6.6e-06	-1.8086e-10
3.08e-06	-6.6e-06	1.84218e-10
3.52e-06	-6.6e-06	-1.83261e-10
3.96e-06	-6.6e-06	1.78439e-10
4.4e-06	-6.6e-06	-1.70319e-10
4.84e-06	-6.6e-06	1.59471e-10
5.28e-06	-6.6e-06	-1.46422e-10
5.72e-06	-6.6e-06	1.31654e-10
6.16e-06	-6.6e-06	-1.15615e-10
6.6e-06	-6.6e-06	9.8744e-11
7.04e-06	-6.6e-06	-8.14828e-11
7.48e-06	-6.6e-06	6.42887e-11
7.92e-06	-6.6e-06	-4.76228e-11
8.36e-06	-6.6e-06	3.19206e-11

-8.36e-06	-7.04e-06	4.70608e-12
-7.92e-06	-7.04e-06	6.52336e-12
-7.48e-06	-7.04e-06	-1.62386e-11
-7.04e-06	-7.04e-06	2.46197e-11
-6.6e-06	-7.04e-06	-3.18653e-11
-6.16e-06	-7.04e-06	3.81383e-11
-5.72e-06	-7.04e-06	-4.3538e-11
-5.28e-06	-7.04e-06	4.8094e-11
-4.84e-06	-7.04e-06	-5.17718e-11
-4.4e-06	-7.04e-06	5.44836e-11
-3.96e-06	-7.04e-06	-5.61039e-11
-3.52e-06	-7.04e-06	5.64932e-11
-3.08e-06	-7.04e-06	-5.55397e-11
-2.64e-06	-7.04e-06	5.3223e-11
-2.2e-06	-7.04e-06	-4.96993e-11
-1.76e-06	-7.04e-06	4.53792e-11
-1.32e-06	-7.04e-06	-4.09489e-11
-8.8e-07	-7.04e-06	3.72736e-11
-4.4e-07	-7.04e-06	-3.51721e-11
0	-7.04e-06	3.51371e-11
4.4e-07	-7.04e-06	-3.71553e-11
8.8e-07	-7.04e-06	4.07214e-11
1.32e-06	-7.04e-06	-4.50372e-11
1.76e-06	-7.04e-06	4.92707e-11
2.2e-06	-7.04e-06	-5.27612e-11
2.64e-06	-7.04e-06	5.51044e-11
3.08e-06	-7.04e-06	-5.61407e-11
3.52e-06	-7.04e-06	5.58862e-11
3.96e-06	-7.04e-06	-5.44598e-11
4.4e-06	-7.04e-06	5.20231e-11
4.84e-06	-7.04e-06	-4.87459e-11
5.28e-06	-7.04e-06	4.47887e-11
5.72e-06	-7.04e-06	-4.03005e-11
6.16e-06	-7.04e-06	3.54209e-11
6.6e-06	-7.04e-06	-3.02857e-11
7.04e-06	-7.04e-06	2.50314e-11
7.48e-06	-7.04e-06	-1.97972e-11
7.92e-06	-7.04e-06	1.47213e-11
8.36e-06	-7.04e-06	-9.9332e-12

-8.36e-06	-7.48e-06	-1.60603e-12
-7.92e-06	-7.48e-06	-1.84824e-12
-7.48e-06	-7.48e-06	4.84632e-12
-7.04e-06	-7.48e-06	-7.43724e-12
-6.6e-06	-7.48e-06	9.67674e-12
-6.16e-06	-7.48e-06	-1.16119e-11
-5.72e-06	-7.48e-06	1.32723e-11
-5.28e-06	-7.48e-06	-1.46675e-11
-4.84e-06	-7.48e-06	1.57877e-11
-4.4e-06	-7.48e-06	-1.6608e-11
-3.96e-06	-7.48e-06	1.70925e-11
-3.52e-06	-7.48e-06	-1.72027e-11
-3.08e-06	-7.48e-06	1.69108e-11
-2.64e-06	-7.48e-06	-1.62183e-11
-2.2e-06	-7.48e-06	1.51795e-11
-1.76e-06	-7.48e-06	-1.39211e-11
-1.32e-06	-7.48e-06	1.26434e-11
-8.8e-07	-7.48e-06	-1.15914e-11
-4.4e-07	-7.48e-06	1.09917e-11
0	-7.48e-06	-1.09801e-11
4.4e-07	-7.48e-06	1.15532e-11
8.8e-07	-7.48e-06	-1.25736e-11
1.32e-06	-7.48e-06	1.38188e-11
1.76e-06	-7.48e-06	-1.50531e-11
2.2e-06	-7.48e-06	1.60824e-11
2.64e-06	-7.48e-06	-1.67831e-11
3.08e-06	-7.48e-06	1.71002e-11
3.52e-06	-7.48e-06	-1.70324e-11
3.96e-06	-7.48e-06	1.66099e-11
4.4e-06	-7.48e-06	-1.5879e-11
4.84e-06	-7.48e-06	1.48896e-11
5.28e-06	-7.48e-06	-1.36906e-11
5.72e-06	-7.48e-06	1.23278e-11
6.16e-06	-7.48e-06	-1.08444e-11
6.6e-06	-7.48e-06	9.28236e-12
7.04e-06	-7.48e-06	-7.68362e-12
7.48e-06	-7.48e-06	6.08981e-12
7.92e-06	-7.48e-06	-4.54147e-12
8.36e-06	-7.48e-06	3.07665e-12

-8.36e-06	-7.92e-06	5.36902e-13
-7.92e-06	-7.92e-06	5.18016e-13
-7.48e-06	-7.92e-06	-1.43594e-12
-7.04e-06	-7.92e-06	2.23037e-12
-6.6e-06	-7.92e-06	-2.91714e-12
-6.16e-06	-7.92e-06	3.50955e-12
-5.72e-06	-7.92e-06	-4.01642e-12
-5.28e-06	-7.92e-06	4.4406e-12
-4.84e-06	-7.92e-06	-4.77955e-12
-4.4e-06	-7.92e-06	5.0262e-12
-3.96e-06	-7.92e-06	-5.17039e-12
-3.52e-06	-7.92e-06	5.20183e-12
-3.08e-06	-7.92e-06	-5.11375e-12
-2.64e-06	-7.92e-06	4.90877e-12
-2.2e-06	-7.92e-06	-4.60491e-12
-1.76e-06	-7.92e-06	4.24051e-12
-1.32e-06	-7.92e-06	-3.87388e-12
-8.8e-07	-7.92e-06	3.57385e-12
-4.4e-07	-7.92e-06	-3.40337e-12
0	-7.92e-06	3.39953e-12
4.4e-07	-7.92e-06	-3.56194e-12
8.8e-07	-7.92e-06	3.85256e-12
1.32e-06	-7.92e-06	-4.2102e-12
1.76e-06	-7.92e-06	4.56768e-12
2.2e-06	-7.92e-06	-4.86907e-12
2.64e-06	-7.92e-06	5.07653e-12
3.08e-06	-7.92e-06	-5.17243e-12
3.52e-06	-7.92e-06	5.15421e-12
3.96e-06	-7.92e-06	-5.02976e-12
4.4e-06	-7.92e-06	4.81188e-12
4.84e-06	-7.92e-06	-4.51524e-12
5.28e-06	-7.92e-06	4.15453e-12
5.72e-06	-7.92e-06	-3.74367e-12
6.16e-06	-7.92e-06	3.29593e-12
6.6e-06	-7.92e-06	-2.82398e-12
7.04e-06	-7.92e-06	2.3402e-12
7.48e-06	-7.92e-06	-1.85531e-12
7.92e-06	-7.92e-06	1.37616e-12
8.36e-06	-7.92e-06	-9.05e-13

-8.36e-06	-8.36e-06	-1.6296e-13
-7.92e-06	-8.36e-06	-1.34548e-13
-7.48e-06	-8.36e-06	3.93317e-13
-7.04e-06	-8.36e-06	-6.17473e-13
-6.6e-06	-8.36e-06	8.11194e-13
-6.16e-06	-8.36e-06	-9.78165e-13
-5.72e-06	-8.36e-06	1.12065e-12
-5.28e-06	-8.36e-06	-1.23949e-12
-4.84e-06	-8.36e-06	1.33414e-12
-4.4e-06	-8.36e-06	-1.40258e-12
-3.96e-06	-8.36e-06	1.44237e-12
-3.52e-06	-8.36e-06	-1.45075e-12
-3.08e-06	-8.36e-06	1.42638e-12
-2.64e-06	-8.36e-06	-1.37033e-12
-2.2e-06	-8.36e-06	1.28806e-12
-1.76e-06	-8.36e-06	-1.19018e-12
-1.32e-06	-8.36e-06	1.09236e-12
-8.8e-07	-8.36e-06	-1.01274e-12
-4.4e-07	-8.36e-06	9.67545e-13
0	-8.36e-06	-9.66497e-13
4.4e-07	-8.36e-06	1.00929e-12
8.8e-07	-8.36e-06	-1.08645e-12
1.32e-06	-8.36e-06	1.18181e-12
1.76e-06	-8.36e-06	-1.27796e-12
2.2e-06	-8.36e-06	1.35956e-12
2.64e-06	-8.36e-06	-1.41635e-12
3.08e-06	-8.36e-06	1.44294e-12
3.52e-06	-8.36e-06	-1.43835e-12
3.96e-06	-8.36e-06	1.40436e-12
4.4e-06	-8.36e-06	-1.34433e-12
4.84e-06	-8.36e-06	1.26222e-12
5.28e-06	-8.36e-06	-1.16204e-12
5.72e-06	-8.36e-06	1.04782e-12
6.16e-06	-8.36e-06	-9.23063e-13
6.6e-06	-8.36e-06	7.91448e-13
7.04e-06	-8.36e-06	-6.55488e-13
7.48e-06	-8.36e-06	5.1496e-13
7.92e-06	-8.36e-06	-3.53893e-13
8.36e-06	-8.36e-06	7.75615e-14
