-9.6e-06	-9.6e-06	-1.11529e-14
-9.12e-06	-9.6e-06	-1.46294e-14
-8.64e-06	-9.6e-06	-1.68642e-14
-8.16e-06	-9.6e-06	-1.87926e-14
-7.68e-06	-9.6e-06	-2.01069e-14
-7.2e-06	-9.6e-06	-2.13358e-14
-6.72e-06	-9.6e-06	-2.23174e-14
-6.24e-06	-9.6e-06	-2.32382e-14
-5.76e-06	-9.6e-06	-2.36598e-14
-5.28e-06	-9.6e-06	-2.41562e-14
-4.8e-06	-9.6e-06	-2.44304e-14
-4.32e-06	-9.6e-06	-2.49518e-14
-3.84e-06	-9.6e-06	-2.53781e-14
-3.36e-06	-9.6e-06	-2.613e-14
-2.88e-06	-9.6e-06	-2.6944e-14
-2.4e-06	-9.6e-06	-2.82903e-14
-1.92e-06	-9.6e-06	-2.95298e-14
-1.44e-06	-9.6e-06	-3.10858e-14
-9.6e-07	-9.6e-06	-3.24873e-14
-4.8e-07	-9.6e-06	-3.33658e-14
0	-9.6e-06	-3.39177e-14
4.8e-07	-9.6e-06	-3.34707e-14
9.6e-07	-9.6e-06	-3.26126e-14
1.44e-06	-9.6e-06	-3.13053e-14
1.92e-06	-9.6e-06	-3.00654e-14
2.4e-06	-9.6e-06	-2.87967e-14
2.88e-06	-9.6e-06	-2.78286e-14
3.36e-06	-9.6e-06	-2.70138e-14
3.84e-06	-9.6e-06	-2.64785e-14
4.32e-06	-9.6e-06	-2.58168e-14
4.8e-06	-9.6e-06	-2.57342e-14
5.28e-06	-9.6e-06	-2.55191e-14
5.76e-06	-9.6e-06	-2.5621e-14
6.24e-06	-9.6e-06	-2.54721e-14
6.72e-06	-9.6e-06	-2.65233e-14
7.2e-06	-9.6e-06	-2.76732e-14
7.68e-06	-9.6e-06	-2.99034e-14
8.16e-06	-9.6e-06	-3.31214e-14
8.64e-06	-9.6e-06	-3.72154e-14
9.12e-06	-9.6e-06	-4.34078e-14
-9.6e-06	-9.12e-06	-5.18001e-14
-9.12e-06	-9.12e-06	-6.01173e-14
-8.64e-06	-9.12e-06	-6.75333e-14
-8.16e-06	-9.12e-06	-7.44535e-14
-7.68e-06	-9.12e-06	-8.05984e-14
-7.2e-06	-9.12e-06	-8.52827e-14
-6.72e-06	-9.12e-06	-8.90913e-14
-6.24e-06	-9.12e-06	-9.18145e-14
-5.76e-06	-9.12e-06	-9.38284e-14
-5.28e-06	-9.12e-06	-9.54206e-14
-4.8e-06	-9.12e-06	-9.67418e-14
-4.32e-06	-9.12e-06	-9.82016e-14
-3.84e-06	-9.12e-06	-1.00243e-13
-3.36e-06	-9.12e-06	-1.02735e-13
-2.88e-06	-9.12e-06	-1.06539e-13
-2.4e-06	-9.12e-06	-1.11052e-13
-1.92e-06	-9.12e-06	-1.16647e-13
-1.44e-06	-9.12e-06	-1.22698e-13
-9.6e-07	-9.12e-06	-1.28359e-13
-4.8e-07	-9.12e-06	-1.32525e-13
0	-9.12e-06	-1.33927e-13
4.8e-07	-9.12e-06	-1.32795e-13
9.6e-07	-9.12e-06	-1.28823e-13
1.44e-06	-9.12e-06	-1.23923e-13
1.92e-06	-9.12e-06	-1.18459e-13
2.4e-06	-9.12e-06	-1.13501e-13
2.88e-06	-9.12e-06	-1.09515e-13
3.36e-06	-9.12e-06	-1.06349e-13
3.84e-06	-9.12e-06	-1.03772e-13
4.32e-06	-9.12e-06	-1.02485e-13
4.8e-06	-9.12e-06	-1.00796e-13
5.28e-06	-9.12e-06	-1.00432e-13
5.76e-06	-9.12e-06	-1.00062e-13
6.24e-06	-9.12e-06	-1.01375e-13
6.72e-06	-9.12e-06	-1.0369e-13
7.2e-06	-9.12e-06	-1.08763e-13
7.68e-06	-9.12e-06	-1.17576e-13
8.16e-06	-9.12e-06	-1.29617e-13
8.64e-06	-9.12e-06	-1.46706e-13
9.12e-06	-9.12e-06	-1.68674e-13
-9.6e-06	-8.64e-06	-1.95589e-13
-9.12e-06	-8.64e-06	-2.23515e-13
-8.64e-06	-8.64e-06	-2.51096e-13
-8.16e-06	-8.64e-06	-2.77263e-13
-7.68e-06	-8.64e-06	-2.9899e-13
-7.2e-06	-8.64e-06	-3.16959e-13
-6.72e-06	-8.64e-06	-3.30124e-13
-6.24e-06	-8.64e-06	-3.40097e-13
-5.76e-06	-8.64e-06	-3.47679e-13
-5.28e-06	-8.64e-06	-3.53151e-13
-4.8e-06	-8.64e-06	-3.58107e-13
-4.32e-06	-8.64e-06	-3.63187e-13
-3.84e-06	-8.64e-06	-3.69984e-13
-3.36e-06	-8.64e-06	-3.79324e-13
-2.88e-06	-8.64e-06	-3.91915e-13
-2.4e-06	-8.64e-06	-4.09346e-13
-1.92e-06	-8.64e-06	-4.3031e-13
-1.44e-06	-8.64e-06	-4.54019e-13
-9.6e-07	-8.64e-06	-4.76217e-13
-4.8e-07	-8.64e-06	-4.92193e-13
0	-8.64e-06	-4.98801e-13
4.8e-07	-8.64e-06	-4.93112e-13
9.6e-07	-8.64e-06	-4.78411e-13
1.44e-06	-8.64e-06	-4.57969e-13
1.92e-06	-8.64e-06	-4.37207e-13
2.4e-06	-8.64e-06	-4.18688e-13
2.88e-06	-8.64e-06	-4.03935e-13
3.36e-06	-8.64e-06	-3.92642e-13
3.84e-06	-8.64e-06	-3.84273e-13
4.32e-06	-8.64e-06	-3.77471e-13
4.8e-06	-8.64e-06	-3.73051e-13
5.28e-06	-8.64e-06	-3.69586e-13
5.76e-06	-8.64e-06	-3.69202e-13
6.24e-06	-8.64e-06	-3.71985e-13
6.72e-06	-8.64e-06	-3.80855e-13
7.2e-06	-8.64e-06	-3.98465e-13
7.68e-06	-8.64e-06	-4.28344e-13
8.16e-06	-8.64e-06	-4.74124e-13
8.64e-06	-8.64e-06	-5.37338e-13
9.12e-06	-8.64e-06	-6.19816e-13
-9.6e-06	-8.16e-06	-7.16803e-13
-9.12e-06	-8.16e-06	-8.22381e-13
-8.64e-06	-8.16e-06	-9.27248e-13
-8.16e-06	-8.16e-06	-1.02344e-12
-7.68e-06	-8.16e-06	-1.10545e-12
-7.2e-06	-8.16e-06	-1.1701e-12
-6.72e-06	-8.16e-06	-1.21911e-12
-6.24e-06	-8.16e-06	-1.2547e-12
-5.76e-06	-8.16e-06	-1.28043e-12
-5.28e-06	-8.16e-06	-1.30016e-12
-4.8e-06	-8.16e-06	-1.31687e-12
-4.32e-06	-8.16e-06	-1.33537e-12
-3.84e-06	-8.16e-06	-1.35853e-12
-3.36e-06	-8.16e-06	-1.39116e-12
-2.88e-06	-8.16e-06	-1.43788e-12
-2.4e-06	-8.16e-06	-1.50082e-12
-1.92e-06	-8.16e-06	-1.5811e-12
-1.44e-06	-8.16e-06	-1.67096e-12
-9.6e-07	-8.16e-06	-1.75749e-12
-4.8e-07	-8.16e-06	-1.82197e-12
0	-8.16e-06	-1.84643e-12
4.8e-07	-8.16e-06	-1.82504e-12
9.6e-07	-8.16e-06	-1.76514e-12
1.44e-06	-8.16e-06	-1.68587e-12
1.92e-06	-8.16e-06	-1.60563e-12
2.4e-06	-8.16e-06	-1.53636e-12
2.88e-06	-8.16e-06	-1.48224e-12
3.36e-06	-8.16e-06	-1.44146e-12
3.84e-06	-8.16e-06	-1.41108e-12
4.32e-06	-8.16e-06	-1.38778e-12
4.8e-06	-8.16e-06	-1.36979e-12
5.28e-06	-8.16e-06	-1.35778e-12
5.76e-06	-8.16e-06	-1.35331e-12
6.24e-06	-8.16e-06	-1.36228e-12
6.72e-06	-8.16e-06	-1.39172e-12
7.2e-06	-8.16e-06	-1.4525e-12
7.68e-06	-8.16e-06	-1.55883e-12
8.16e-06	-8.16e-06	-1.72341e-12
8.64e-06	-8.16e-06	-1.95842e-12
9.12e-06	-8.16e-06	-2.26354e-12
-9.6e-06	-7.68e-06	-2.62827e-12
-9.12e-06	-7.68e-06	-3.02515e-12
-8.64e-06	-7.68e-06	-3.41997e-12
-8.16e-06	-7.68e-06	-3.78002e-12
-7.68e-06	-7.68e-06	-4.08287e-12
-7.2e-06	-7.68e-06	-4.32113e-12
-6.72e-06	-7.68e-06	-4.49797e-12
-6.24e-06	-7.68e-06	-4.62497e-12
-5.76e-06	-7.68e-06	-4.71572e-12
-5.28e-06	-7.68e-06	-4.78362e-12
-4.8e-06	-7.68e-06	-4.84244e-12
-4.32e-06	-7.68e-06	-4.90487e-12
-3.84e-06	-7.68e-06	-4.98601e-12
-3.36e-06	-7.68e-06	-5.10161e-12
-2.88e-06	-7.68e-06	-5.26898e-12
-2.4e-06	-7.68e-06	-5.50257e-12
-1.92e-06	-7.68e-06	-5.80299e-12
-1.44e-06	-7.68e-06	-6.14879e-12
-9.6e-07	-7.68e-06	-6.48759e-12
-4.8e-07	-7.68e-06	-6.74225e-12
0	-7.68e-06	-6.8407e-12
4.8e-07	-7.68e-06	-6.75175e-12
9.6e-07	-7.68e-06	-6.51227e-12
1.44e-06	-7.68e-06	-6.20067e-12
1.92e-06	-7.68e-06	-5.89302e-12
2.4e-06	-7.68e-06	-5.6345e-12
2.88e-06	-7.68e-06	-5.43622e-12
3.36e-06	-7.68e-06	-5.29043e-12
3.84e-06	-7.68e-06	-5.18161e-12
4.32e-06	-7.68e-06	-5.09749e-12
4.8e-06	-7.68e-06	-5.03137e-12
5.28e-06	-7.68e-06	-4.98371e-12
5.76e-06	-7.68e-06	-4.96357e-12
6.24e-06	-7.68e-06	-4.98737e-12
6.72e-06	-7.68e-06	-5.08386e-12
7.2e-06	-7.68e-06	-5.29386e-12
7.68e-06	-7.68e-06	-5.66816e-12
8.16e-06	-7.68e-06	-6.26428e-12
8.64e-06	-7.68e-06	-7.12486e-12
9.12e-06	-7.68e-06	-8.2621e-12
-9.6e-06	-7.2e-06	-9.63044e-12
-9.12e-06	-7.2e-06	-1.11276e-11
-8.64e-06	-7.2e-06	-1.2615e-11
-8.16e-06	-7.2e-06	-1.3962e-11
-7.68e-06	-7.2e-06	-1.5085e-11
-7.2e-06	-7.2e-06	-1.59561e-11
-6.72e-06	-7.2e-06	-1.65955e-11
-6.24e-06	-7.2e-06	-1.70477e-11
-5.76e-06	-7.2e-06	-1.73655e-11
-5.28e-06	-7.2e-06	-1.76015e-11
-4.8e-06	-7.2e-06	-1.78026e-11
-4.32e-06	-7.2e-06	-1.80176e-11
-3.84e-06	-7.2e-06	-1.82976e-11
-3.36e-06	-7.2e-06	-1.87043e-11
-2.88e-06	-7.2e-06	-1.93062e-11
-2.4e-06	-7.2e-06	-2.01624e-11
-1.92e-06	-7.2e-06	-2.12914e-11
-1.44e-06	-7.2e-06	-2.26196e-11
-9.6e-07	-7.2e-06	-2.39468e-11
-4.8e-07	-7.2e-06	-2.4963e-11
0	-7.2e-06	-2.53554e-11
4.8e-07	-7.2e-06	-2.49906e-11
9.6e-07	-7.2e-06	-2.40255e-11
1.44e-06	-7.2e-06	-2.27979e-11
1.92e-06	-7.2e-06	-2.16187e-11
2.4e-06	-7.2e-06	-2.06543e-11
2.88e-06	-7.2e-06	-1.99355e-11
3.36e-06	-7.2e-06	-1.94145e-11
3.84e-06	-7.2e-06	-1.90283e-11
4.32e-06	-7.2e-06	-1.87257e-11
4.8e-06	-7.2e-06	-1.84816e-11
5.28e-06	-7.2e-06	-1.82981e-11
5.76e-06	-7.2e-06	-1.82042e-11
6.24e-06	-7.2e-06	-1.82621e-11
6.72e-06	-7.2e-06	-1.85735e-11
7.2e-06	-7.2e-06	-1.92888e-11
7.68e-06	-7.2e-06	-2.06071e-11
8.16e-06	-7.2e-06	-2.27497e-11
8.64e-06	-7.2e-06	-2.59053e-11
9.12e-06	-7.2e-06	-3.01337e-11
-9.6e-06	-6.72e-06	-3.52774e-11
-9.12e-06	-6.72e-06	-4.09318e-11
-8.64e-06	-6.72e-06	-4.65404e-11
-8.16e-06	-6.72e-06	-5.15856e-11
-7.68e-06	-6.72e-06	-5.57429e-11
-7.2e-06	-6.72e-06	-5.89271e-11
-6.72e-06	-6.72e-06	-6.12296e-11
-6.24e-06	-6.72e-06	-6.28347e-11
-5.76e-06	-6.72e-06	-6.39488e-11
-5.28e-06	-6.72e-06	-6.47632e-11
-4.8e-06	-6.72e-06	-6.5453e-11
-4.32e-06	-6.72e-06	-6.61856e-11
-3.84e-06	-6.72e-06	-6.715e-11
-3.36e-06	-6.72e-06	-6.85727e-11
-2.88e-06	-6.72e-06	-7.07214e-11
-2.4e-06	-6.72e-06	-7.38533e-11
-1.92e-06	-6.72e-06	-7.80833e-11
-1.44e-06	-6.72e-06	-8.31833e-11
-9.6e-07	-6.72e-06	-8.83971e-11
-4.8e-07	-6.72e-06	-9.24658e-11
0	-6.72e-06	-9.40536e-11
4.8e-07	-6.72e-06	-9.25429e-11
9.6e-07	-6.72e-06	-8.86338e-11
1.44e-06	-6.72e-06	-8.37874e-11
1.92e-06	-6.72e-06	-7.92694e-11
2.4e-06	-6.72e-06	-7.56913e-11
2.88e-06	-6.72e-06	-7.30949e-11
3.36e-06	-6.72e-06	-7.12496e-11
3.84e-06	-6.72e-06	-6.98827e-11
4.32e-06	-6.72e-06	-6.87969e-11
4.8e-06	-6.72e-06	-6.78978e-11
5.28e-06	-6.72e-06	-6.71903e-11
5.76e-06	-6.72e-06	-6.67791e-11
6.24e-06	-6.72e-06	-6.68813e-11
6.72e-06	-6.72e-06	-6.78638e-11
7.2e-06	-6.72e-06	-7.02816e-11
7.68e-06	-6.72e-06	-7.48895e-11
8.16e-06	-6.72e-06	-8.25695e-11
8.64e-06	-6.72e-06	-9.4109e-11
9.12e-06	-6.72e-06	-1.0983e-10
-9.6e-06	-6.24e-06	-1.2918e-10
-9.12e-06	-6.24e-06	-1.50569e-10
-8.64e-06	-6.24e-06	-1.71752e-10
-8.16e-06	-6.24e-06	-1.9065e-10
-7.68e-06	-6.24e-06	-2.06035e-10
-7.2e-06	-6.24e-06	-2.17645e-10
-6.72e-06	-6.24e-06	-2.25915e-10
-6.24e-06	-6.24e-06	-2.31597e-10
-5.76e-06	-6.24e-06	-2.35485e-10
-5.28e-06	-6.24e-06	-2.38294e-10
-4.8e-06	-6.24e-06	-2.40645e-10
-4.32e-06	-6.24e-06	-2.43138e-10
-3.84e-06	-6.24e-06	-2.46438e-10
-3.36e-06	-6.24e-06	-2.51383e-10
-2.88e-06	-6.24e-06	-2.59011e-10
-2.4e-06	-6.24e-06	-2.70406e-10
-1.92e-06	-6.24e-06	-2.86213e-10
-1.44e-06	-6.24e-06	-3.05782e-10
-9.6e-07	-6.24e-06	-3.26303e-10
-4.8e-07	-6.24e-06	-3.42693e-10
0	-6.24e-06	-3.49187e-10
4.8e-07	-6.24e-06	-3.42887e-10
9.6e-07	-6.24e-06	-3.26953e-10
1.44e-06	-6.24e-06	-3.07773e-10
1.92e-06	-6.24e-06	-2.90501e-10
2.4e-06	-6.24e-06	-2.77289e-10
2.88e-06	-6.24e-06	-2.67988e-10
3.36e-06	-6.24e-06	-2.61491e-10
3.84e-06	-6.24e-06	-2.56678e-10
4.32e-06	-6.24e-06	-2.52787e-10
4.8e-06	-6.24e-06	-2.49474e-10
5.28e-06	-6.24e-06	-2.46761e-10
5.76e-06	-6.24e-06	-2.45011e-10
6.24e-06	-6.24e-06	-2.44991e-10
6.72e-06	-6.24e-06	-2.48005e-10
7.2e-06	-6.24e-06	-2.56083e-10
7.68e-06	-6.24e-06	-2.72082e-10
8.16e-06	-6.24e-06	-2.9948e-10
8.64e-06	-6.24e-06	-3.41578e-10
9.12e-06	-6.24e-06	-3.9999e-10
-9.6e-06	-5.76e-06	-4.7285e-10
-9.12e-06	-5.76e-06	-5.53919e-10
-8.64e-06	-5.76e-06	-6.34038e-10
-8.16e-06	-5.76e-06	-7.04864e-10
-7.68e-06	-5.76e-06	-7.61722e-10
-7.2e-06	-5.76e-06	-8.03955e-10
-6.72e-06	-5.76e-06	-8.33563e-10
-6.24e-06	-5.76e-06	-8.53603e-10
-5.76e-06	-5.76e-06	-8.67131e-10
-5.28e-06	-5.76e-06	-8.76781e-10
-4.8e-06	-5.76e-06	-8.84784e-10
-4.32e-06	-5.76e-06	-8.93228e-10
-3.84e-06	-5.76e-06	-9.04462e-10
-3.36e-06	-5.76e-06	-9.21529e-10
-2.88e-06	-5.76e-06	-9.48418e-10
-2.4e-06	-5.76e-06	-9.89649e-10
-1.92e-06	-5.76e-06	-1.04849e-09
-1.44e-06	-5.76e-06	-1.12349e-09
-9.6e-07	-5.76e-06	-1.2044e-09
-4.8e-07	-5.76e-06	-1.27082e-09
0	-5.76e-06	-1.29778e-09
4.8e-07	-5.76e-06	-1.27125e-09
9.6e-07	-5.76e-06	-1.20584e-09
1.44e-06	-5.76e-06	-1.12979e-09
1.92e-06	-5.76e-06	-1.06394e-09
2.4e-06	-5.76e-06	-1.01549e-09
2.88e-06	-5.76e-06	-9.82459e-10
3.36e-06	-5.76e-06	-9.59772e-10
3.84e-06	-5.76e-06	-9.4289e-10
4.32e-06	-5.76e-06	-9.28954e-10
4.8e-06	-5.76e-06	-9.16748e-10
5.28e-06	-5.76e-06	-9.06373e-10
5.76e-06	-5.76e-06	-8.99112e-10
6.24e-06	-5.76e-06	-8.97625e-10
6.72e-06	-5.76e-06	-9.06516e-10
7.2e-06	-5.76e-06	-9.33143e-10
7.68e-06	-5.76e-06	-9.88241e-10
8.16e-06	-5.76e-06	-1.08546e-09
8.64e-06	-5.76e-06	-1.23856e-09
9.12e-06	-5.76e-06	-1.4554e-09
-9.6e-06	-5.28e-06	-1.73004e-09
-9.12e-06	-5.28e-06	-2.03796e-09
-8.64e-06	-5.28e-06	-2.34154e-09
-8.16e-06	-5.28e-06	-2.60703e-09
-7.68e-06	-5.28e-06	-2.81685e-09
-7.2e-06	-5.28e-06	-2.97003e-09
-6.72e-06	-5.28e-06	-3.07563e-09
-6.24e-06	-5.28e-06	-3.14604e-09
-5.76e-06	-5.28e-06	-3.19294e-09
-5.28e-06	-5.28e-06	-3.22602e-09
-4.8e-06	-5.28e-06	-3.25318e-09
-4.32e-06	-5.28e-06	-3.28169e-09
-3.84e-06	-5.28e-06	-3.31971e-09
-3.36e-06	-5.28e-06	-3.37818e-09
-2.88e-06	-5.28e-06	-3.47222e-09
-2.4e-06	-5.28e-06	-3.62039e-09
-1.92e-06	-5.28e-06	-3.83842e-09
-1.44e-06	-5.28e-06	-4.12526e-09
-9.6e-07	-5.28e-06	-4.44471e-09
-4.8e-07	-5.28e-06	-4.71561e-09
0	-5.28e-06	-4.8296e-09
4.8e-07	-5.28e-06	-4.71651e-09
9.6e-07	-5.28e-06	-4.44593e-09
1.44e-06	-5.28e-06	-4.14388e-09
1.92e-06	-5.28e-06	-3.8939e-09
2.4e-06	-5.28e-06	-3.71777e-09
2.88e-06	-5.28e-06	-3.60168e-09
3.36e-06	-5.28e-06	-3.52312e-09
3.84e-06	-5.28e-06	-3.46412e-09
4.32e-06	-5.28e-06	-3.41419e-09
4.8e-06	-5.28e-06	-3.36919e-09
5.28e-06	-5.28e-06	-3.32966e-09
5.76e-06	-5.28e-06	-3.30007e-09
6.24e-06	-5.28e-06	-3.28961e-09
6.72e-06	-5.28e-06	-3.31435e-09
7.2e-06	-5.28e-06	-3.40069e-09
7.68e-06	-5.28e-06	-3.58864e-09
8.16e-06	-5.28e-06	-3.93145e-09
8.64e-06	-5.28e-06	-4.48614e-09
9.12e-06	-5.28e-06	-5.28998e-09
-9.6e-06	-4.8e-06	-6.32627e-09
-9.12e-06	-4.8e-06	-7.49892e-09
-8.64e-06	-4.8e-06	-8.65149e-09
-8.16e-06	-4.8e-06	-9.6467e-09
-7.68e-06	-4.8e-06	-1.04195e-08
-7.2e-06	-4.8e-06	-1.09731e-08
-6.72e-06	-4.8e-06	-1.13482e-08
-6.24e-06	-4.8e-06	-1.15945e-08
-5.76e-06	-4.8e-06	-1.17565e-08
-5.28e-06	-4.8e-06	-1.18696e-08
-4.8e-06	-4.8e-06	-1.19616e-08
-4.32e-06	-4.8e-06	-1.20576e-08
-3.84e-06	-4.8e-06	-1.21856e-08
-3.36e-06	-4.8e-06	-1.23843e-08
-2.88e-06	-4.8e-06	-1.27103e-08
-2.4e-06	-4.8e-06	-1.32385e-08
-1.92e-06	-4.8e-06	-1.40417e-08
-1.44e-06	-4.8e-06	-1.51358e-08
-9.6e-07	-4.8e-06	-1.63976e-08
-4.8e-07	-4.8e-06	-1.75094e-08
0	-4.8e-06	-1.80028e-08
4.8e-07	-4.8e-06	-1.75131e-08
9.6e-07	-4.8e-06	-1.63839e-08
1.44e-06	-4.8e-06	-1.51835e-08
1.92e-06	-4.8e-06	-1.42404e-08
2.4e-06	-4.8e-06	-1.3607e-08
2.88e-06	-4.8e-06	-1.32041e-08
3.36e-06	-4.8e-06	-1.29345e-08
3.84e-06	-4.8e-06	-1.27288e-08
4.32e-06	-4.8e-06	-1.25497e-08
4.8e-06	-4.8e-06	-1.23837e-08
5.28e-06	-4.8e-06	-1.22334e-08
5.76e-06	-4.8e-06	-1.21147e-08
6.24e-06	-4.8e-06	-1.20588e-08
6.72e-06	-4.8e-06	-1.21212e-08
7.2e-06	-4.8e-06	-1.23956e-08
7.68e-06	-4.8e-06	-1.30295e-08
8.16e-06	-4.8e-06	-1.42291e-08
8.64e-06	-4.8e-06	-1.62293e-08
9.12e-06	-4.8e-06	-1.92038e-08
-9.6e-06	-4.32e-06	-2.31179e-08
-9.12e-06	-4.32e-06	-2.75975e-08
-8.64e-06	-4.32e-06	-3.1983e-08
-8.16e-06	-4.32e-06	-3.5713e-08
-7.68e-06	-4.32e-06	-3.85518e-08
-7.2e-06	-4.32e-06	-4.05446e-08
-6.72e-06	-4.32e-06	-4.18704e-08
-6.24e-06	-4.32e-06	-4.27283e-08
-5.76e-06	-4.32e-06	-4.3286e-08
-5.28e-06	-4.32e-06	-4.36714e-08
-4.8e-06	-4.32e-06	-4.39827e-08
-4.32e-06	-4.32e-06	-4.43052e-08
-3.84e-06	-4.32e-06	-4.4734e-08
-3.36e-06	-4.32e-06	-4.54036e-08
-2.88e-06	-4.32e-06	-4.65221e-08
-2.4e-06	-4.32e-06	-4.8387e-08
-1.92e-06	-4.32e-06	-5.13255e-08
-1.44e-06	-4.32e-06	-5.54825e-08
-9.6e-07	-4.32e-06	-6.04642e-08
-4.8e-07	-4.32e-06	-6.50524e-08
0	-4.32e-06	-6.72518e-08
4.8e-07	-4.32e-06	-6.50872e-08
9.6e-07	-4.32e-06	-6.03298e-08
1.44e-06	-4.32e-06	-5.55631e-08
1.92e-06	-4.32e-06	-5.20355e-08
2.4e-06	-4.32e-06	-4.97897e-08
2.88e-06	-4.32e-06	-4.84116e-08
3.36e-06	-4.32e-06	-4.7495e-08
3.84e-06	-4.32e-06	-4.67791e-08
4.32e-06	-4.32e-06	-4.61352e-08
4.8e-06	-4.32e-06	-4.55219e-08
5.28e-06	-4.32e-06	-4.49522e-08
5.76e-06	-4.32e-06	-4.44814e-08
6.24e-06	-4.32e-06	-4.42157e-08
6.72e-06	-4.32e-06	-4.43438e-08
7.2e-06	-4.32e-06	-4.51935e-08
7.68e-06	-4.32e-06	-4.73027e-08
8.16e-06	-4.32e-06	-5.14627e-08
8.64e-06	-4.32e-06	-5.8634e-08
9.12e-06	-4.32e-06	-6.96117e-08
-9.6e-06	-3.84e-06	-8.44074e-08
-9.12e-06	-3.84e-06	-1.01586e-07
-8.64e-06	-3.84e-06	-1.18314e-07
-8.16e-06	-3.84e-06	-1.32285e-07
-7.68e-06	-3.84e-06	-1.42678e-07
-7.2e-06	-3.84e-06	-1.49816e-07
-6.72e-06	-3.84e-06	-1.54478e-07
-6.24e-06	-3.84e-06	-1.57452e-07
-5.76e-06	-3.84e-06	-1.59365e-07
-5.28e-06	-3.84e-06	-1.60676e-07
-4.8e-06	-3.84e-06	-1.61728e-07
-4.32e-06	-3.84e-06	-1.6281e-07
-3.84e-06	-3.84e-06	-1.64241e-07
-3.36e-06	-3.84e-06	-1.66479e-07
-2.88e-06	-3.84e-06	-1.70273e-07
-2.4e-06	-3.84e-06	-1.76782e-07
-1.92e-06	-3.84e-06	-1.87439e-07
-1.44e-06	-3.84e-06	-2.03156e-07
-9.6e-07	-3.84e-06	-2.22787e-07
-4.8e-07	-3.84e-06	-2.4179e-07
0	-3.84e-06	-2.51958e-07
4.8e-07	-3.84e-06	-2.42128e-07
9.6e-07	-3.84e-06	-2.21885e-07
1.44e-06	-3.84e-06	-2.03012e-07
1.92e-06	-3.84e-06	-1.89981e-07
2.4e-06	-3.84e-06	-1.82159e-07
2.88e-06	-3.84e-06	-1.77526e-07
3.36e-06	-3.84e-06	-1.74436e-07
3.84e-06	-3.84e-06	-1.71943e-07
4.32e-06	-3.84e-06	-1.69621e-07
4.8e-06	-3.84e-06	-1.67352e-07
5.28e-06	-3.84e-06	-1.65197e-07
5.76e-06	-3.84e-06	-1.6335e-07
6.24e-06	-3.84e-06	-1.62168e-07
6.72e-06	-3.84e-06	-1.62284e-07
7.2e-06	-3.84e-06	-1.64827e-07
7.68e-06	-3.84e-06	-1.71732e-07
8.16e-06	-3.84e-06	-1.86001e-07
8.64e-06	-3.84e-06	-2.11527e-07
9.12e-06	-3.84e-06	-2.51895e-07
-9.6e-06	-3.36e-06	-3.07849e-07
-9.12e-06	-3.36e-06	-3.74043e-07
-8.64e-06	-3.36e-06	-4.38031e-07
-8.16e-06	-3.36e-06	-4.90298e-07
-7.68e-06	-3.36e-06	-5.28182e-07
-7.2e-06	-3.36e-06	-5.53597e-07
-6.72e-06	-3.36e-06	-5.69896e-07
-6.24e-06	-3.36e-06	-5.80155e-07
-5.76e-06	-3.36e-06	-5.86692e-07
-5.28e-06	-3.36e-06	-5.91143e-07
-4.8e-06	-3.36e-06	-5.94695e-07
-4.32e-06	-3.36e-06	-5.98329e-07
-3.84e-06	-3.36e-06	-6.03094e-07
-3.36e-06	-3.36e-06	-6.10514e-07
-2.88e-06	-3.36e-06	-6.23218e-07
-2.4e-06	-3.36e-06	-6.45629e-07
-1.92e-06	-3.36e-06	-6.83864e-07
-1.44e-06	-3.36e-06	-7.42923e-07
-9.6e-07	-3.36e-06	-8.20011e-07
-4.8e-07	-3.36e-06	-8.98682e-07
0	-3.36e-06	-9.478e-07
4.8e-07	-3.36e-06	-9.01556e-07
9.6e-07	-3.36e-06	-8.14589e-07
1.44e-06	-3.36e-06	-7.40347e-07
1.92e-06	-3.36e-06	-6.93046e-07
2.4e-06	-3.36e-06	-6.66421e-07
2.88e-06	-3.36e-06	-6.51145e-07
3.36e-06	-3.36e-06	-6.40808e-07
3.84e-06	-3.36e-06	-6.32104e-07
4.32e-06	-3.36e-06	-6.23693e-07
4.8e-06	-3.36e-06	-6.15284e-07
5.28e-06	-3.36e-06	-6.0715e-07
5.76e-06	-3.36e-06	-5.9997e-07
6.24e-06	-3.36e-06	-5.94934e-07
6.72e-06	-3.36e-06	-5.94134e-07
7.2e-06	-3.36e-06	-6.01393e-07
7.68e-06	-3.36e-06	-6.23551e-07
8.16e-06	-3.36e-06	-6.71851e-07
8.64e-06	-3.36e-06	-7.61902e-07
9.12e-06	-3.36e-06	-9.09609e-07
-9.6e-06	-2.88e-06	-1.12114e-06
-9.12e-06	-2.88e-06	-1.37782e-06
-8.64e-06	-2.88e-06	-1.62332e-06
-8.16e-06	-2.88e-06	-1.81842e-06
-7.68e-06	-2.88e-06	-1.95574e-06
-7.2e-06	-2.88e-06	-2.04561e-06
-6.72e-06	-2.88e-06	-2.10224e-06
-6.24e-06	-2.88e-06	-2.13747e-06
-5.76e-06	-2.88e-06	-2.15974e-06
-5.28e-06	-2.88e-06	-2.17481e-06
-4.8e-06	-2.88e-06	-2.18681e-06
-4.32e-06	-2.88e-06	-2.19903e-06
-3.84e-06	-2.88e-06	-2.21489e-06
-3.36e-06	-2.88e-06	-2.23933e-06
-2.88e-06	-2.88e-06	-2.28129e-06
-2.4e-06	-2.88e-06	-2.35717e-06
-1.92e-06	-2.88e-06	-2.49251e-06
-1.44e-06	-2.88e-06	-2.71283e-06
-9.6e-07	-2.88e-06	-3.01409e-06
-4.8e-07	-2.88e-06	-3.33691e-06
0	-2.88e-06	-3.58654e-06
4.8e-07	-2.88e-06	-3.3591e-06
9.6e-07	-2.88e-06	-2.98244e-06
1.44e-06	-2.88e-06	-2.69389e-06
1.92e-06	-2.88e-06	-2.52638e-06
2.4e-06	-2.88e-06	-2.43838e-06
2.88e-06	-2.88e-06	-2.3891e-06
3.36e-06	-2.88e-06	-2.35467e-06
3.84e-06	-2.88e-06	-2.32412e-06
4.32e-06	-2.88e-06	-2.29352e-06
4.8e-06	-2.88e-06	-2.26231e-06
5.28e-06	-2.88e-06	-2.23166e-06
5.76e-06	-2.88e-06	-2.20396e-06
6.24e-06	-2.88e-06	-2.18316e-06
6.72e-06	-2.88e-06	-2.17607e-06
7.2e-06	-2.88e-06	-2.19535e-06
7.68e-06	-2.88e-06	-2.26471e-06
8.16e-06	-2.88e-06	-2.42558e-06
8.64e-06	-2.88e-06	-2.73979e-06
9.12e-06	-2.88e-06	-3.27659e-06
-9.6e-06	-2.4e-06	-4.07468e-06
-9.12e-06	-2.4e-06	-5.07856e-06
-8.64e-06	-2.4e-06	-6.02332e-06
-8.16e-06	-2.4e-06	-6.74897e-06
-7.68e-06	-2.4e-06	-7.24301e-06
-7.2e-06	-2.4e-06	-7.55837e-06
-6.72e-06	-2.4e-06	-7.75387e-06
-6.24e-06	-2.4e-06	-7.8743e-06
-5.76e-06	-2.4e-06	-7.94991e-06
-5.28e-06	-2.4e-06	-8.0009e-06
-4.8e-06	-2.4e-06	-8.04143e-06
-4.32e-06	-2.4e-06	-8.08265e-06
-3.84e-06	-2.4e-06	-8.13558e-06
-3.36e-06	-2.4e-06	-8.21573e-06
-2.88e-06	-2.4e-06	-8.3523e-06
-2.4e-06	-2.4e-06	-8.60405e-06
-1.92e-06	-2.4e-06	-9.0748e-06
-1.44e-06	-2.4e-06	-9.8899e-06
-9.6e-07	-2.4e-06	-1.10619e-05
-4.8e-07	-2.4e-06	-1.23529e-05
0	-2.4e-06	-1.36935e-05
4.8e-07	-2.4e-06	-1.25137e-05
9.6e-07	-2.4e-06	-1.08758e-05
1.44e-06	-2.4e-06	-9.77755e-06
1.92e-06	-2.4e-06	-9.20485e-06
2.4e-06	-2.4e-06	-8.92472e-06
2.88e-06	-2.4e-06	-8.76923e-06
3.36e-06	-2.4e-06	-8.65456e-06
3.84e-06	-2.4e-06	-8.54659e-06
4.32e-06	-2.4e-06	-8.43468e-06
4.8e-06	-2.4e-06	-8.31865e-06
5.28e-06	-2.4e-06	-8.20335e-06
5.76e-06	-2.4e-06	-8.09722e-06
6.24e-06	-2.4e-06	-8.01328e-06
6.72e-06	-2.4e-06	-7.9734e-06
7.2e-06	-2.4e-06	-8.01857e-06
7.68e-06	-2.4e-06	-8.22894e-06
8.16e-06	-2.4e-06	-8.75413e-06
8.64e-06	-2.4e-06	-9.83571e-06
9.12e-06	-2.4e-06	-1.17693e-05
-9.6e-06	-1.92e-06	-1.47651e-05
-9.12e-06	-1.92e-06	-1.8738e-05
-8.64e-06	-1.92e-06	-2.23836e-05
-8.16e-06	-1.92e-06	-2.50668e-05
-7.68e-06	-1.92e-06	-2.68277e-05
-7.2e-06	-1.92e-06	-2.79244e-05
-6.72e-06	-1.92e-06	-2.85951e-05
-6.24e-06	-1.92e-06	-2.90052e-05
-5.76e-06	-1.92e-06	-2.92614e-05
-5.28e-06	-1.92e-06	-2.94335e-05
-4.8e-06	-1.92e-06	-2.95704e-05
-4.32e-06	-1.92e-06	-2.971e-05
-3.84e-06	-1.92e-06	-2.98876e-05
-3.36e-06	-1.92e-06	-3.01505e-05
-2.88e-06	-1.92e-06	-3.05892e-05
-2.4e-06	-1.92e-06	-3.14037e-05
-1.92e-06	-1.92e-06	-3.30021e-05
-1.44e-06	-1.92e-06	-3.59883e-05
-9.6e-07	-1.92e-06	-4.05537e-05
-4.8e-07	-1.92e-06	-4.53988e-05
0	-1.92e-06	-5.30136e-05
4.8e-07	-1.92e-06	-4.65193e-05
9.6e-07	-1.92e-06	-3.94296e-05
1.44e-06	-1.92e-06	-3.53949e-05
1.92e-06	-1.92e-06	-3.35337e-05
2.4e-06	-1.92e-06	-3.26833e-05
2.88e-06	-1.92e-06	-3.22023e-05
3.36e-06	-1.92e-06	-3.1818e-05
3.84e-06	-1.92e-06	-3.14327e-05
4.32e-06	-1.92e-06	-3.10216e-05
4.8e-06	-1.92e-06	-3.05897e-05
5.28e-06	-1.92e-06	-3.01566e-05
5.76e-06	-1.92e-06	-2.97521e-05
6.24e-06	-1.92e-06	-2.94195e-05
6.72e-06	-1.92e-06	-2.92281e-05
7.2e-06	-1.92e-06	-2.93071e-05
7.68e-06	-1.92e-06	-2.99189e-05
8.16e-06	-1.92e-06	-3.15906e-05
8.64e-06	-1.92e-06	-3.52522e-05
9.12e-06	-1.92e-06	-4.21416e-05
-9.6e-06	-1.44e-06	-5.326e-05
-9.12e-06	-1.44e-06	-6.92505e-05
-8.64e-06	-1.44e-06	-8.33385e-05
-8.16e-06	-1.44e-06	-9.31692e-05
-7.68e-06	-1.44e-06	-9.93713e-05
-7.2e-06	-1.44e-06	-0.000103149
-6.72e-06	-1.44e-06	-0.000105437
-6.24e-06	-1.44e-06	-0.000106829
-5.76e-06	-1.44e-06	-0.000107696
-5.28e-06	-1.44e-06	-0.000108276
-4.8e-06	-1.44e-06	-0.000108738
-4.32e-06	-1.44e-06	-0.000109212
-3.84e-06	-1.44e-06	-0.000109814
-3.36e-06	-1.44e-06	-0.000110682
-2.88e-06	-1.44e-06	-0.000112077
-2.4e-06	-1.44e-06	-0.000114634
-1.92e-06	-1.44e-06	-0.000119872
-1.44e-06	-1.44e-06	-0.000130659
-9.6e-07	-1.44e-06	-0.000148817
-4.8e-07	-1.44e-06	-0.00016417
0	-1.44e-06	-0.000209781
4.8e-07	-1.44e-06	-0.0001718
9.6e-07	-1.44e-06	-0.000141788
1.44e-06	-1.44e-06	-0.000127834
1.92e-06	-1.44e-06	-0.000122218
2.4e-06	-1.44e-06	-0.000119782
2.88e-06	-1.44e-06	-0.00011831
3.36e-06	-1.44e-06	-0.000117005
3.84e-06	-1.44e-06	-0.000115616
4.32e-06	-1.44e-06	-0.000114099
4.8e-06	-1.44e-06	-0.00011249
5.28e-06	-1.44e-06	-0.000110865
5.76e-06	-1.44e-06	-0.000109331
6.24e-06	-1.44e-06	-0.000108032
6.72e-06	-1.44e-06	-0.000107187
7.2e-06	-1.44e-06	-0.000107191
7.68e-06	-1.44e-06	-0.000108869
8.16e-06	-1.44e-06	-0.000114016
8.64e-06	-1.44e-06	-0.000126158
9.12e-06	-1.44e-06	-0.000150431
-9.6e-06	-9.6e-07	-0.000190702
-9.12e-06	-9.6e-07	-0.000256655
-8.64e-06	-9.6e-07	-0.000311001
-8.16e-06	-9.6e-07	-0.000346514
-7.68e-06	-9.6e-07	-0.000368042
-7.2e-06	-9.6e-07	-0.000380933
-6.72e-06	-9.6e-07	-0.000388701
-6.24e-06	-9.6e-07	-0.000393421
-5.76e-06	-9.6e-07	-0.000396346
-5.28e-06	-9.6e-07	-0.000398296
-4.8e-06	-9.6e-07	-0.000399855
-4.32e-06	-9.6e-07	-0.000401475
-3.84e-06	-9.6e-07	-0.000403533
-3.36e-06	-9.6e-07	-0.000406435
-2.88e-06	-9.6e-07	-0.000410875
-2.4e-06	-9.6e-07	-0.000418638
-1.92e-06	-9.6e-07	-0.000434861
-1.44e-06	-9.6e-07	-0.00047265
-9.6e-07	-9.6e-07	-0.00054997
-4.8e-07	-9.6e-07	-0.0005727
0	-9.6e-07	-0.000859066
4.8e-07	-9.6e-07	-0.000623998
9.6e-07	-9.6e-07	-0.000504474
1.44e-06	-9.6e-07	-0.000461118
1.92e-06	-9.6e-07	-0.000445964
2.4e-06	-9.6e-07	-0.000439403
2.88e-06	-9.6e-07	-0.000434873
3.36e-06	-9.6e-07	-0.000430351
3.84e-06	-9.6e-07	-0.000425297
4.32e-06	-9.6e-07	-0.000419682
4.8e-06	-9.6e-07	-0.000413682
5.28e-06	-9.6e-07	-0.000407591
5.76e-06	-9.6e-07	-0.00040179
6.24e-06	-9.6e-07	-0.000396774
6.72e-06	-9.6e-07	-0.000393234
7.2e-06	-9.6e-07	-0.000392346
7.68e-06	-9.6e-07	-0.00039657
8.16e-06	-9.6e-07	-0.000411699
8.64e-06	-9.6e-07	-0.000450849
9.12e-06	-9.6e-07	-0.000535958
-9.6e-06	-4.8e-07	-0.000674192
-9.12e-06	-4.8e-07	-0.000955959
-8.64e-06	-4.8e-07	-0.00116373
-8.16e-06	-4.8e-07	-0.0012893
-7.68e-06	-4.8e-07	-0.00136277
-7.2e-06	-4.8e-07	-0.00140639
-6.72e-06	-4.8e-07	-0.0014327
-6.24e-06	-4.8e-07	-0.0014487
-5.76e-06	-4.8e-07	-0.00145857
-5.28e-06	-4.8e-07	-0.0014651
-4.8e-06	-4.8e-07	-0.00147035
-4.32e-06	-4.8e-07	-0.00147589
-3.84e-06	-4.8e-07	-0.00148301
-3.36e-06	-4.8e-07	-0.00149291
-2.88e-06	-4.8e-07	-0.00150726
-2.4e-06	-4.8e-07	-0.00153023
-1.92e-06	-4.8e-07	-0.00157595
-1.44e-06	-4.8e-07	-0.00169644
-9.6e-07	-4.8e-07	-0.00207776
-4.8e-07	-4.8e-07	-0.00183395
0	-4.8e-07	-0.00370435
4.8e-07	-4.8e-07	-0.002177
9.6e-07	-4.8e-07	-0.00177436
1.44e-06	-4.8e-07	-0.00166505
1.92e-06	-4.8e-07	-0.00163043
2.4e-06	-4.8e-07	-0.00161352
2.88e-06	-4.8e-07	-0.00159912
3.36e-06	-4.8e-07	-0.0015831
3.84e-06	-4.8e-07	-0.00156457
4.32e-06	-4.8e-07	-0.00154373
4.8e-06	-4.8e-07	-0.00152135
5.28e-06	-4.8e-07	-0.00149854
5.76e-06	-4.8e-07	-0.00147667
6.24e-06	-4.8e-07	-0.00145747
6.72e-06	-4.8e-07	-0.00144315
7.2e-06	-4.8e-07	-0.00143718
7.68e-06	-4.8e-07	-0.00144639
8.16e-06	-4.8e-07	-0.00148788
8.64e-06	-4.8e-07	-0.00160841
9.12e-06	-4.8e-07	-0.00191309
-9.6e-06	0	-0.00232835
-9.12e-06	0	-0.0035927
-8.64e-06	0	-0.00436711
-8.16e-06	0	-0.00479739
-7.68e-06	0	-0.00504379
-7.2e-06	0	-0.00519058
-6.72e-06	0	-0.00527977
-6.24e-06	0	-0.00533404
-5.76e-06	0	-0.00536728
-5.28e-06	0	-0.00538909
-4.8e-06	0	-0.00540667
-4.32e-06	0	-0.00542564
-3.84e-06	0	-0.00545052
-3.36e-06	0	-0.00548505
-2.88e-06	0	-0.00553313
-2.4e-06	0	-0.00560191
-1.92e-06	0	-0.00571426
-1.44e-06	0	-0.00596625
-9.6e-07	0	-0.00682099
-4.8e-07	0	-0.00578749
0	0	-0.00971374
4.8e-07	0	-0.0068489
9.6e-07	0	-0.00620962
1.44e-06	0	-0.00603999
1.92e-06	0	-0.00597534
2.4e-06	0	-0.00593032
2.88e-06	0	-0.00588212
3.36e-06	0	-0.00582431
3.84e-06	0	-0.00575592
4.32e-06	0	-0.00567848
4.8e-06	0	-0.005595
5.28e-06	0	-0.00550961
5.76e-06	0	-0.00542735
6.24e-06	0	-0.00535429
6.72e-06	0	-0.00529785
7.2e-06	0	-0.00526832
7.68e-06	0	-0.00528337
8.16e-06	0	-0.00538531
8.64e-06	0	-0.0057171
9.12e-06	0	-0.00690883
-9.6e-06	4.8e-07	-0.00767202
-9.12e-06	4.8e-07	-0.0137226
-8.64e-06	4.8e-07	-0.0164273
-8.16e-06	4.8e-07	-0.0178409
-7.68e-06	4.8e-07	-0.0186562
-7.2e-06	4.8e-07	-0.0191503
-6.72e-06	4.8e-07	-0.0194535
-6.24e-06	4.8e-07	-0.019638
-5.76e-06	4.8e-07	-0.0197498
-5.28e-06	4.8e-07	-0.0198222
-4.8e-06	4.8e-07	-0.0198807
-4.32e-06	4.8e-07	-0.0199456
-3.84e-06	4.8e-07	-0.020033
-3.36e-06	4.8e-07	-0.0201556
-2.88e-06	4.8e-07	-0.020324
-2.4e-06	4.8e-07	-0.0205498
-1.92e-06	4.8e-07	-0.0208516
-1.44e-06	4.8e-07	-0.0212632
-9.6e-07	4.8e-07	-0.0218048
-4.8e-07	4.8e-07	-0.0220895
0	4.8e-07	-0.0231766
4.8e-07	4.8e-07	-0.0226457
9.6e-07	4.8e-07	-0.0222796
1.44e-06	4.8e-07	-0.0220836
1.92e-06	4.8e-07	-0.0219483
2.4e-06	4.8e-07	-0.0218102
2.88e-06	4.8e-07	-0.0216407
3.36e-06	4.8e-07	-0.0214293
3.84e-06	4.8e-07	-0.0211763
4.32e-06	4.8e-07	-0.0208883
4.8e-06	4.8e-07	-0.0205768
5.28e-06	4.8e-07	-0.0202573
5.76e-06	4.8e-07	-0.0199483
6.24e-06	4.8e-07	-0.0196715
6.72e-06	4.8e-07	-0.0194527
7.2e-06	4.8e-07	-0.0193244
7.68e-06	4.8e-07	-0.0193323
8.16e-06	4.8e-07	-0.0195504
8.64e-06	4.8e-07	-0.0201101
9.12e-06	4.8e-07	-0.0212198
-9.6e-06	9.6e-07	-0.0228424
-9.12e-06	9.6e-07	-0.0258926
-8.64e-06	9.6e-07	-0.0282159
-8.16e-06	9.6e-07	-0.029785
-7.68e-06	9.6e-07	-0.0308149
-7.2e-06	9.6e-07	-0.0314789
-6.72e-06	9.6e-07	-0.0318952
-6.24e-06	9.6e-07	-0.0321461
-5.76e-06	9.6e-07	-0.0322927
-5.28e-06	9.6e-07	-0.0323833
-4.8e-06	9.6e-07	-0.0324569
-4.32e-06	9.6e-07	-0.0325454
-3.84e-06	9.6e-07	-0.0326743
-3.36e-06	9.6e-07	-0.0328626
-2.88e-06	9.6e-07	-0.0331237
-2.4e-06	9.6e-07	-0.0334664
-1.92e-06	9.6e-07	-0.0338954
-1.44e-06	9.6e-07	-0.0344072
-9.6e-07	9.6e-07	-0.0349708
-4.8e-07	9.6e-07	-0.0354875
0	9.6e-07	-0.0360525
4.8e-07	9.6e-07	-0.0361232
9.6e-07	9.6e-07	-0.0360596
1.44e-06	9.6e-07	-0.0359655
1.92e-06	9.6e-07	-0.0358356
2.4e-06	9.6e-07	-0.0356465
2.88e-06	9.6e-07	-0.0353821
3.36e-06	9.6e-07	-0.0350372
3.84e-06	9.6e-07	-0.0346168
4.32e-06	9.6e-07	-0.0341341
4.8e-06	9.6e-07	-0.033609
5.28e-06	9.6e-07	-0.0330672
5.76e-06	9.6e-07	-0.0325391
6.24e-06	9.6e-07	-0.0320591
6.72e-06	9.6e-07	-0.0316662
7.2e-06	9.6e-07	-0.0314056
7.68e-06	9.6e-07	-0.0313316
8.16e-06	9.6e-07	-0.0315139
8.64e-06	9.6e-07	-0.0320398
9.12e-06	9.6e-07	-0.0329989
-9.6e-06	1.44e-06	-0.0344119
-9.12e-06	1.44e-06	-0.036326
-8.64e-06	1.44e-06	-0.0380741
-8.16e-06	1.44e-06	-0.0394344
-7.68e-06	1.44e-06	-0.0404077
-7.2e-06	1.44e-06	-0.0410602
-6.72e-06	1.44e-06	-0.0414676
-6.24e-06	1.44e-06	-0.0416999
-5.76e-06	1.44e-06	-0.0418192
-5.28e-06	1.44e-06	-0.0418802
-4.8e-06	1.44e-06	-0.04193
-4.32e-06	1.44e-06	-0.0420085
-3.84e-06	1.44e-06	-0.0421474
-3.36e-06	1.44e-06	-0.04237
-2.88e-06	1.44e-06	-0.0426903
-2.4e-06	1.44e-06	-0.0431127
-1.92e-06	1.44e-06	-0.0436312
-1.44e-06	1.44e-06	-0.0442259
-9.6e-07	1.44e-06	-0.0448565
-4.8e-07	1.44e-06	-0.0454607
0	1.44e-06	-0.0459924
4.8e-07	1.44e-06	-0.046298
9.6e-07	1.44e-06	-0.0464392
1.44e-06	1.44e-06	-0.0464613
1.92e-06	1.44e-06	-0.0463727
2.4e-06	1.44e-06	-0.0461666
2.88e-06	1.44e-06	-0.0458375
3.36e-06	1.44e-06	-0.045387
3.84e-06	1.44e-06	-0.0448261
4.32e-06	1.44e-06	-0.0441745
4.8e-06	1.44e-06	-0.0434602
5.28e-06	1.44e-06	-0.0427174
5.76e-06	1.44e-06	-0.0419859
6.24e-06	1.44e-06	-0.0413093
6.72e-06	1.44e-06	-0.0407347
7.2e-06	1.44e-06	-0.040312
7.68e-06	1.44e-06	-0.0400938
8.16e-06	1.44e-06	-0.0401352
8.64e-06	1.44e-06	-0.0404879
9.12e-06	1.44e-06	-0.0411843
-9.6e-06	1.92e-06	-0.0422065
-9.12e-06	1.92e-06	-0.0434691
-8.64e-06	1.92e-06	-0.0446974
-8.16e-06	1.92e-06	-0.0457191
-7.68e-06	1.92e-06	-0.0464767
-7.2e-06	1.92e-06	-0.0469799
-6.72e-06	1.92e-06	-0.0472697
-6.24e-06	1.92e-06	-0.0473992
-5.76e-06	1.92e-06	-0.0474253
-5.28e-06	1.92e-06	-0.0474035
-4.8e-06	1.92e-06	-0.047385
-4.32e-06	1.92e-06	-0.0474142
-3.84e-06	1.92e-06	-0.0475269
-3.36e-06	1.92e-06	-0.0477486
-2.88e-06	1.92e-06	-0.048093
-2.4e-06	1.92e-06	-0.0485609
-1.92e-06	1.92e-06	-0.0491396
-1.44e-06	1.92e-06	-0.0498008
-9.6e-07	1.92e-06	-0.0505005
-4.8e-07	1.92e-06	-0.0511813
0	1.92e-06	-0.0517826
4.8e-07	1.92e-06	-0.0522321
9.6e-07	1.92e-06	-0.0525193
1.44e-06	1.92e-06	-0.0526475
1.92e-06	1.92e-06	-0.052615
2.4e-06	1.92e-06	-0.0524172
2.88e-06	1.92e-06	-0.0520531
3.36e-06	1.92e-06	-0.051529
3.84e-06	1.92e-06	-0.0508611
4.32e-06	1.92e-06	-0.0500749
4.8e-06	1.92e-06	-0.0492047
5.28e-06	1.92e-06	-0.0482919
5.76e-06	1.92e-06	-0.0473829
6.24e-06	1.92e-06	-0.0465273
6.72e-06	1.92e-06	-0.0457758
7.2e-06	1.92e-06	-0.0451783
7.68e-06	1.92e-06	-0.0447818
8.16e-06	1.92e-06	-0.0446266
8.64e-06	1.92e-06	-0.0447403
9.12e-06	1.92e-06	-0.0451253
-9.6e-06	2.4e-06	-0.0457448
-9.12e-06	2.4e-06	-0.0465107
-8.64e-06	2.4e-06	-0.0472748
-8.16e-06	2.4e-06	-0.0479178
-7.68e-06	2.4e-06	-0.0483781
-7.2e-06	2.4e-06	-0.0486433
-6.72e-06	2.4e-06	-0.0487345
-6.24e-06	2.4e-06	-0.0486922
-5.76e-06	2.4e-06	-0.0485671
-5.28e-06	2.4e-06	-0.0484135
-4.8e-06	2.4e-06	-0.0482838
-4.32e-06	2.4e-06	-0.0482251
-3.84e-06	2.4e-06	-0.0482755
-3.36e-06	2.4e-06	-0.0484615
-2.88e-06	2.4e-06	-0.0487963
-2.4e-06	2.4e-06	-0.0492782
-1.92e-06	2.4e-06	-0.04989
-1.44e-06	2.4e-06	-0.0505991
-9.6e-07	2.4e-06	-0.0513587
-4.8e-07	2.4e-06	-0.0521117
0	2.4e-06	-0.0527977
4.8e-07	2.4e-06	-0.0533591
9.6e-07	2.4e-06	-0.0537616
1.44e-06	2.4e-06	-0.0539853
1.92e-06	2.4e-06	-0.0540166
2.4e-06	2.4e-06	-0.0538471
2.88e-06	2.4e-06	-0.053476
3.36e-06	2.4e-06	-0.0529122
3.84e-06	2.4e-06	-0.0521752
4.32e-06	2.4e-06	-0.0512949
4.8e-06	2.4e-06	-0.0503104
5.28e-06	2.4e-06	-0.049268
5.76e-06	2.4e-06	-0.0482184
6.24e-06	2.4e-06	-0.0472143
6.72e-06	2.4e-06	-0.0463074
7.2e-06	2.4e-06	-0.0455452
7.68e-06	2.4e-06	-0.0449676
8.16e-06	2.4e-06	-0.0446034
8.64e-06	2.4e-06	-0.0444643
9.12e-06	2.4e-06	-0.0445386
-9.6e-06	2.88e-06	-0.0447845
-9.12e-06	2.88e-06	-0.0451287
-8.64e-06	2.88e-06	-0.0454754
-8.16e-06	2.88e-06	-0.0457403
-7.68e-06	2.88e-06	-0.0458715
-7.2e-06	2.88e-06	-0.0458526
-6.72e-06	2.88e-06	-0.045696
-6.24e-06	2.88e-06	-0.0454352
-5.76e-06	2.88e-06	-0.0451167
-5.28e-06	2.88e-06	-0.0447932
-4.8e-06	2.88e-06	-0.0445178
-4.32e-06	2.88e-06	-0.0443387
-3.84e-06	2.88e-06	-0.0442953
-3.36e-06	2.88e-06	-0.0444148
-2.88e-06	2.88e-06	-0.0447098
-2.4e-06	2.88e-06	-0.045177
-1.92e-06	2.88e-06	-0.0457965
-1.44e-06	2.88e-06	-0.0465327
-9.6e-07	2.88e-06	-0.0473369
-4.8e-07	2.88e-06	-0.0481511
0	2.88e-06	-0.048914
4.8e-07	2.88e-06	-0.049568
9.6e-07	2.88e-06	-0.0500676
1.44e-06	2.88e-06	-0.0503792
1.92e-06	2.88e-06	-0.0504796
2.4e-06	2.88e-06	-0.0503552
2.88e-06	2.88e-06	-0.0500037
3.36e-06	2.88e-06	-0.0494343
3.84e-06	2.88e-06	-0.0486684
4.32e-06	2.88e-06	-0.0477387
4.8e-06	2.88e-06	-0.0466873
5.28e-06	2.88e-06	-0.0455636
5.76e-06	2.88e-06	-0.0444206
6.24e-06	2.88e-06	-0.0433121
6.72e-06	2.88e-06	-0.0422886
7.2e-06	2.88e-06	-0.041394
7.68e-06	2.88e-06	-0.0406617
8.16e-06	2.88e-06	-0.0401112
8.64e-06	2.88e-06	-0.0397446
9.12e-06	2.88e-06	-0.0395427
-9.6e-06	3.36e-06	-0.0394648
-9.12e-06	3.36e-06	-0.0394507
-8.64e-06	3.36e-06	-0.039431
-8.16e-06	3.36e-06	-0.0393443
-7.68e-06	3.36e-06	-0.0391509
-7.2e-06	3.36e-06	-0.038837
-6.72e-06	3.36e-06	-0.038414
-6.24e-06	3.36e-06	-0.0379129
-5.76e-06	3.36e-06	-0.0373786
-5.28e-06	3.36e-06	-0.0368631
-4.8e-06	3.36e-06	-0.0364199
-4.32e-06	3.36e-06	-0.036098
-3.84e-06	3.36e-06	-0.0359377
-3.36e-06	3.36e-06	-0.0359667
-2.88e-06	3.36e-06	-0.0361973
-2.4e-06	3.36e-06	-0.0366252
-1.92e-06	3.36e-06	-0.0372289
-1.44e-06	3.36e-06	-0.0379711
-9.6e-07	3.36e-06	-0.0388014
-4.8e-07	3.36e-06	-0.0396605
0	3.36e-06	-0.0404853
4.8e-07	3.36e-06	-0.0412153
9.6e-07	3.36e-06	-0.041798
1.44e-06	3.36e-06	-0.0421911
1.92e-06	3.36e-06	-0.0423644
2.4e-06	3.36e-06	-0.0422996
2.88e-06	3.36e-06	-0.0419917
3.36e-06	3.36e-06	-0.0414496
3.84e-06	3.36e-06	-0.040695
4.32e-06	3.36e-06	-0.0397621
4.8e-06	3.36e-06	-0.0386946
5.28e-06	3.36e-06	-0.0375433
5.76e-06	3.36e-06	-0.036362
6.24e-06	3.36e-06	-0.035204
6.72e-06	3.36e-06	-0.0341174
7.2e-06	3.36e-06	-0.033142
7.68e-06	3.36e-06	-0.0323052
8.16e-06	3.36e-06	-0.031619
8.64e-06	3.36e-06	-0.0310785
9.12e-06	3.36e-06	-0.0306607
-9.6e-06	3.84e-06	-0.0303264
-9.12e-06	3.84e-06	-0.0300248
-8.64e-06	3.84e-06	-0.0297019
-8.16e-06	3.84e-06	-0.0293119
-7.68e-06	3.84e-06	-0.0288256
-7.2e-06	3.84e-06	-0.0282354
-6.72e-06	3.84e-06	-0.0275551
-6.24e-06	3.84e-06	-0.0268167
-5.76e-06	3.84e-06	-0.0260653
-5.28e-06	3.84e-06	-0.0253535
-4.8e-06	3.84e-06	-0.0247355
-4.32e-06	3.84e-06	-0.0242611
-3.84e-06	3.84e-06	-0.0239716
-3.36e-06	3.84e-06	-0.0238949
-2.88e-06	3.84e-06	-0.0240437
-2.4e-06	3.84e-06	-0.024413
-1.92e-06	3.84e-06	-0.0249806
-1.44e-06	3.84e-06	-0.0257086
-9.6e-07	3.84e-06	-0.0265454
-4.8e-07	3.84e-06	-0.0274306
0	3.84e-06	-0.0282994
4.8e-07	3.84e-06	-0.0290887
9.6e-07	3.84e-06	-0.029741
1.44e-06	3.84e-06	-0.0302088
1.92e-06	3.84e-06	-0.0304565
2.4e-06	3.84e-06	-0.0304623
2.88e-06	3.84e-06	-0.0302188
3.36e-06	3.84e-06	-0.0297335
3.84e-06	3.84e-06	-0.0290281
4.32e-06	3.84e-06	-0.0281368
4.8e-06	3.84e-06	-0.0271042
5.28e-06	3.84e-06	-0.0259809
5.76e-06	3.84e-06	-0.0248206
6.24e-06	3.84e-06	-0.0236748
6.72e-06	3.84e-06	-0.022589
7.2e-06	3.84e-06	-0.0215983
7.68e-06	3.84e-06	-0.0207243
8.16e-06	3.84e-06	-0.0199727
8.64e-06	3.84e-06	-0.0193327
9.12e-06	3.84e-06	-0.018778
-9.6e-06	4.32e-06	-0.0182699
-9.12e-06	4.32e-06	-0.0177634
-8.64e-06	4.32e-06	-0.0172142
-8.16e-06	4.32e-06	-0.0165869
-7.68e-06	4.32e-06	-0.0158616
-7.2e-06	4.32e-06	-0.0150375
-6.72e-06	4.32e-06	-0.0141327
-6.24e-06	4.32e-06	-0.013182
-5.76e-06	4.32e-06	-0.0122324
-5.28e-06	4.32e-06	-0.011338
-4.8e-06	4.32e-06	-0.0105539
-4.32e-06	4.32e-06	-0.00993119
-3.84e-06	4.32e-06	-0.00951176
-3.36e-06	4.32e-06	-0.00932438
-2.88e-06	4.32e-06	-0.00938185
-2.4e-06	4.32e-06	-0.00967956
-1.92e-06	4.32e-06	-0.0101954
-1.44e-06	4.32e-06	-0.0108912
-9.6e-07	4.32e-06	-0.0117154
-4.8e-07	4.32e-06	-0.0126071
0	4.32e-06	-0.0135008
4.8e-07	4.32e-06	-0.0143313
9.6e-07	4.32e-06	-0.0150387
1.44e-06	4.32e-06	-0.0155722
1.92e-06	4.32e-06	-0.0158929
2.4e-06	4.32e-06	-0.0159761
2.88e-06	4.32e-06	-0.0158126
3.36e-06	4.32e-06	-0.0154086
3.84e-06	4.32e-06	-0.0147851
4.32e-06	4.32e-06	-0.013976
4.8e-06	4.32e-06	-0.0130255
5.28e-06	4.32e-06	-0.0119837
5.76e-06	4.32e-06	-0.0109031
6.24e-06	4.32e-06	-0.00983326
6.72e-06	4.32e-06	-0.00881631
7.2e-06	4.32e-06	-0.00788298
7.68e-06	4.32e-06	-0.00704924
8.16e-06	4.32e-06	-0.0063146
8.64e-06	4.32e-06	-0.00566235
9.12e-06	4.32e-06	-0.00506193
-9.6e-06	4.8e-06	-0.00447359
-9.12e-06	4.8e-06	-0.00385466
-8.64e-06	4.8e-06	-0.00316661
-8.16e-06	4.8e-06	-0.0023816
-7.68e-06	4.8e-06	-0.00148736
-7.2e-06	4.8e-06	-0.00048957
-6.72e-06	4.8e-06	0.000588425
-6.24e-06	4.8e-06	0.00170801
-5.76e-06	4.8e-06	0.00281942
-5.28e-06	4.8e-06	0.0038667
-4.8e-06	4.8e-06	0.00479322
-4.32e-06	4.8e-06	0.00554691
-3.84e-06	4.8e-06	0.00608506
-3.36e-06	4.8e-06	0.0063782
-2.88e-06	4.8e-06	0.00641284
-2.4e-06	4.8e-06	0.00619292
-1.92e-06	4.8e-06	0.0057398
-1.44e-06	4.8e-06	0.00509087
-9.6e-07	4.8e-06	0.00429681
-4.8e-07	4.8e-06	0.00341788
0	4.8e-06	0.00251931
4.8e-07	4.8e-06	0.00166649
9.6e-07	4.8e-06	0.000920343
1.44e-06	4.8e-06	0.000333177
1.92e-06	4.8e-06	-5.45599e-05
2.4e-06	4.8e-06	-0.000216646
2.88e-06	4.8e-06	-0.000142429
3.36e-06	4.8e-06	0.000162894
3.84e-06	4.8e-06	0.000679125
4.32e-06	4.8e-06	0.00137303
4.8e-06	4.8e-06	0.00220137
5.28e-06	4.8e-06	0.00311479
5.76e-06	4.8e-06	0.00406244
6.24e-06	4.8e-06	0.00499684
6.72e-06	4.8e-06	0.00587885
7.2e-06	4.8e-06	0.00668198
7.68e-06	4.8e-06	0.00739564
8.16e-06	4.8e-06	0.00802671
8.64e-06	4.8e-06	0.00859861
9.12e-06	4.8e-06	0.0091478
-9.6e-06	5.28e-06	0.00971777
-9.12e-06	5.28e-06	0.0103517
-8.64e-06	5.28e-06	0.0110853
-8.16e-06	5.28e-06	0.011941
-7.68e-06	5.28e-06	0.0129248
-7.2e-06	5.28e-06	0.0140247
-6.72e-06	5.28e-06	0.015212
-6.24e-06	5.28e-06	0.0164437
-5.76e-06	5.28e-06	0.0176671
-5.28e-06	5.28e-06	0.0188242
-4.8e-06	5.28e-06	0.0198571
-4.32e-06	5.28e-06	0.0207128
-3.84e-06	5.28e-06	0.0213479
-3.36e-06	5.28e-06	0.0217324
-2.88e-06	5.28e-06	0.021852
-2.4e-06	5.28e-06	0.0217094
-1.92e-06	5.28e-06	0.0213247
-1.44e-06	5.28e-06	0.0207337
-9.6e-07	5.28e-06	0.0199851
-4.8e-07	5.28e-06	0.0191373
0	5.28e-06	0.0182539
4.8e-07	5.28e-06	0.0173991
9.6e-07	5.28e-06	0.0166329
1.44e-06	5.28e-06	0.0160074
1.92e-06	5.28e-06	0.0155633
2.4e-06	5.28e-06	0.0153271
2.88e-06	5.28e-06	0.0153102
3.36e-06	5.28e-06	0.015508
3.84e-06	5.28e-06	0.015901
4.32e-06	5.28e-06	0.016457
4.8e-06	5.28e-06	0.0171337
5.28e-06	5.28e-06	0.0178827
5.76e-06	5.28e-06	0.0186547
6.24e-06	5.28e-06	0.0194039
6.72e-06	5.28e-06	0.0200936
7.2e-06	5.28e-06	0.0207006
7.68e-06	5.28e-06	0.0212195
8.16e-06	5.28e-06	0.0216635
8.64e-06	5.28e-06	0.0220642
9.12e-06	5.28e-06	0.0224664
-9.6e-06	5.76e-06	0.0229206
-9.12e-06	5.76e-06	0.0234735
-8.64e-06	5.76e-06	0.0241603
-8.16e-06	5.76e-06	0.0249995
-7.68e-06	5.76e-06	0.0259912
-7.2e-06	5.76e-06	0.0271174
-6.72e-06	5.76e-06	0.0283437
-6.24e-06	5.76e-06	0.0296232
-5.76e-06	5.76e-06	0.0309002
-5.28e-06	5.76e-06	0.032115
-4.8e-06	5.76e-06	0.0332089
-4.32e-06	5.76e-06	0.0341285
-3.84e-06	5.76e-06	0.0348304
-3.36e-06	5.76e-06	0.0352839
-2.88e-06	5.76e-06	0.0354741
-2.4e-06	5.76e-06	0.0354025
-1.92e-06	5.76e-06	0.0350871
-1.44e-06	5.76e-06	0.0345613
-9.6e-07	5.76e-06	0.033871
-4.8e-07	5.76e-06	0.0330715
0	5.76e-06	0.0322232
4.8e-07	5.76e-06	0.0313875
9.6e-07	5.76e-06	0.0306222
1.44e-06	5.76e-06	0.0299773
1.92e-06	5.76e-06	0.0294924
2.4e-06	5.76e-06	0.0291934
2.88e-06	5.76e-06	0.0290914
3.36e-06	5.76e-06	0.0291822
3.84e-06	5.76e-06	0.0294471
4.32e-06	5.76e-06	0.0298545
4.8e-06	5.76e-06	0.0303634
5.28e-06	5.76e-06	0.0309263
5.76e-06	5.76e-06	0.0314949
6.24e-06	5.76e-06	0.0320244
6.72e-06	5.76e-06	0.0324791
7.2e-06	5.76e-06	0.032838
7.68e-06	5.76e-06	0.0330992
8.16e-06	5.76e-06	0.0332825
8.64e-06	5.76e-06	0.0334289
9.12e-06	5.76e-06	0.0335954
-9.6e-06	6.24e-06	0.0338439
-9.12e-06	6.24e-06	0.0342281
-8.64e-06	6.24e-06	0.0347841
-8.16e-06	6.24e-06	0.0355269
-7.68e-06	6.24e-06	0.0364503
-7.2e-06	6.24e-06	0.0375297
-6.72e-06	6.24e-06	0.0387255
-6.24e-06	6.24e-06	0.0399867
-5.76e-06	6.24e-06	0.0412555
-5.28e-06	6.24e-06	0.0424712
-4.8e-06	6.24e-06	0.0435752
-4.32e-06	6.24e-06	0.0445149
-3.84e-06	6.24e-06	0.0452472
-3.36e-06	6.24e-06	0.0457417
-2.88e-06	6.24e-06	0.0459828
-2.4e-06	6.24e-06	0.0459709
-1.92e-06	6.24e-06	0.0457216
-1.44e-06	6.24e-06	0.0452651
-9.6e-07	6.24e-06	0.0446436
-4.8e-07	6.24e-06	0.0439079
0	6.24e-06	0.0431142
4.8e-07	6.24e-06	0.0423194
9.6e-07	6.24e-06	0.0415774
1.44e-06	6.24e-06	0.0409352
1.92e-06	6.24e-06	0.0404296
2.4e-06	6.24e-06	0.0400852
2.88e-06	6.24e-06	0.039912
3.36e-06	6.24e-06	0.0399059
3.84e-06	6.24e-06	0.0400488
4.32e-06	6.24e-06	0.0403102
4.8e-06	6.24e-06	0.04065
5.28e-06	6.24e-06	0.0410219
5.76e-06	6.24e-06	0.0413777
6.24e-06	6.24e-06	0.0416726
6.72e-06	6.24e-06	0.0418702
7.2e-06	6.24e-06	0.0419488
7.68e-06	6.24e-06	0.0419077
8.16e-06	6.24e-06	0.0417716
8.64e-06	6.24e-06	0.041593
9.12e-06	6.24e-06	0.0414461
-9.6e-06	6.72e-06	0.0414115
-9.12e-06	6.72e-06	0.0415542
-8.64e-06	6.72e-06	0.0419117
-8.16e-06	6.72e-06	0.0424934
-7.68e-06	6.72e-06	0.0432853
-7.2e-06	6.72e-06	0.0442551
-6.72e-06	6.72e-06	0.0453575
-6.24e-06	6.72e-06	0.0465383
-5.76e-06	6.72e-06	0.0477385
-5.28e-06	6.72e-06	0.0488982
-4.8e-06	6.72e-06	0.0499601
-4.32e-06	6.72e-06	0.0508734
-3.84e-06	6.72e-06	0.0515967
-3.36e-06	6.72e-06	0.0521007
-2.88e-06	6.72e-06	0.0523698
-2.4e-06	6.72e-06	0.0524028
-1.92e-06	6.72e-06	0.0522132
-1.44e-06	6.72e-06	0.0518273
-9.6e-07	6.72e-06	0.0512826
-4.8e-07	6.72e-06	0.0506248
0	6.72e-06	0.0499041
4.8e-07	6.72e-06	0.0491719
9.6e-07	6.72e-06	0.0484769
1.44e-06	6.72e-06	0.0478616
1.92e-06	6.72e-06	0.0473592
2.4e-06	6.72e-06	0.0469917
2.88e-06	6.72e-06	0.0467681
3.36e-06	6.72e-06	0.0466839
3.84e-06	6.72e-06	0.0467217
4.32e-06	6.72e-06	0.0468523
4.8e-06	6.72e-06	0.0470369
5.28e-06	6.72e-06	0.0472304
5.76e-06	6.72e-06	0.0473847
6.24e-06	6.72e-06	0.0474532
6.72e-06	6.72e-06	0.0473965
7.2e-06	6.72e-06	0.0471882
7.68e-06	6.72e-06	0.0468238
8.16e-06	6.72e-06	0.046329
8.64e-06	6.72e-06	0.045768
9.12e-06	6.72e-06	0.0452412
-9.6e-06	7.2e-06	0.0448618
-9.12e-06	7.2e-06	0.0447119
-8.64e-06	7.2e-06	0.0448274
-8.16e-06	7.2e-06	0.0452068
-7.68e-06	7.2e-06	0.045824
-7.2e-06	7.2e-06	0.0466372
-6.72e-06	7.2e-06	0.0475954
-6.24e-06	7.2e-06	0.0486425
-5.76e-06	7.2e-06	0.0497201
-5.28e-06	7.2e-06	0.0507705
-4.8e-06	7.2e-06	0.0517401
-4.32e-06	7.2e-06	0.0525815
-3.84e-06	7.2e-06	0.0532565
-3.36e-06	7.2e-06	0.0537376
-2.88e-06	7.2e-06	0.05401
-2.4e-06	7.2e-06	0.0540716
-1.92e-06	7.2e-06	0.0539332
-1.44e-06	7.2e-06	0.0536172
-9.6e-07	7.2e-06	0.0531557
-4.8e-07	7.2e-06	0.0525879
0	7.2e-06	0.0519575
4.8e-07	7.2e-06	0.0513089
9.6e-07	7.2e-06	0.0506846
1.44e-06	7.2e-06	0.0501212
1.92e-06	7.2e-06	0.0496479
2.4e-06	7.2e-06	0.0492833
2.88e-06	7.2e-06	0.049035
3.36e-06	7.2e-06	0.0488982
3.84e-06	7.2e-06	0.0488565
4.32e-06	7.2e-06	0.0488825
4.8e-06	7.2e-06	0.0489397
5.28e-06	7.2e-06	0.0489845
5.76e-06	7.2e-06	0.048969
6.24e-06	7.2e-06	0.0488443
6.72e-06	7.2e-06	0.0485647
7.2e-06	7.2e-06	0.0480941
7.68e-06	7.2e-06	0.0474152
8.16e-06	7.2e-06	0.0465447
8.64e-06	7.2e-06	0.0455543
9.12e-06	7.2e-06	0.0445845
-9.6e-06	7.68e-06	0.0438143
-9.12e-06	7.68e-06	0.04335
-8.64e-06	7.68e-06	0.043214
-8.16e-06	7.68e-06	0.0433814
-7.68e-06	7.68e-06	0.0438068
-7.2e-06	7.68e-06	0.044437
-6.72e-06	7.68e-06	0.0452162
-6.24e-06	7.68e-06	0.0460883
-5.76e-06	7.68e-06	0.0469981
-5.28e-06	7.68e-06	0.0478932
-4.8e-06	7.68e-06	0.0487256
-4.32e-06	7.68e-06	0.0494534
-3.84e-06	7.68e-06	0.050043
-3.36e-06	7.68e-06	0.0504705
-2.88e-06	7.68e-06	0.0507222
-2.4e-06	7.68e-06	0.0507958
-1.92e-06	7.68e-06	0.0506995
-1.44e-06	7.68e-06	0.0504513
-9.6e-07	7.68e-06	0.0500774
-4.8e-07	7.68e-06	0.0496102
0	7.68e-06	0.0490855
4.8e-07	7.68e-06	0.04854
9.6e-07	7.68e-06	0.0480088
1.44e-06	7.68e-06	0.0475222
1.92e-06	7.68e-06	0.0471041
2.4e-06	7.68e-06	0.0467698
2.88e-06	7.68e-06	0.0465249
3.36e-06	7.68e-06	0.046365
3.84e-06	7.68e-06	0.0462751
4.32e-06	7.68e-06	0.0462307
4.8e-06	7.68e-06	0.0461986
5.28e-06	7.68e-06	0.0461384
5.76e-06	7.68e-06	0.0460034
6.24e-06	7.68e-06	0.0457429
6.72e-06	7.68e-06	0.0453034
7.2e-06	7.68e-06	0.0446326
7.68e-06	7.68e-06	0.0436868
8.16e-06	7.68e-06	0.0424518
8.64e-06	7.68e-06	0.0409858
9.12e-06	7.68e-06	0.039486
-9.6e-06	8.16e-06	0.0382923
-9.12e-06	8.16e-06	0.0375354
-8.64e-06	8.16e-06	0.0371857
-8.16e-06	8.16e-06	0.0371705
-7.68e-06	8.16e-06	0.0374168
-7.2e-06	8.16e-06	0.0378598
-6.72e-06	8.16e-06	0.038442
-6.24e-06	8.16e-06	0.0391113
-5.76e-06	8.16e-06	0.0398193
-5.28e-06	8.16e-06	0.0405219
-4.8e-06	8.16e-06	0.0411796
-4.32e-06	8.16e-06	0.0417581
-3.84e-06	8.16e-06	0.0422305
-3.36e-06	8.16e-06	0.042577
-2.88e-06	8.16e-06	0.0427867
-2.4e-06	8.16e-06	0.042857
-1.92e-06	8.16e-06	0.0427939
-1.44e-06	8.16e-06	0.0426109
-9.6e-07	8.16e-06	0.042328
-4.8e-07	8.16e-06	0.0419699
0	8.16e-06	0.041564
4.8e-07	8.16e-06	0.0411387
9.6e-07	8.16e-06	0.0407206
1.44e-06	8.16e-06	0.0403333
1.92e-06	8.16e-06	0.0399948
2.4e-06	8.16e-06	0.0397169
2.88e-06	8.16e-06	0.0395034
3.36e-06	8.16e-06	0.0393504
3.84e-06	8.16e-06	0.0392454
4.32e-06	8.16e-06	0.039168
4.8e-06	8.16e-06	0.0390902
5.28e-06	8.16e-06	0.0389771
5.76e-06	8.16e-06	0.0387864
6.24e-06	8.16e-06	0.0384682
6.72e-06	8.16e-06	0.0379632
7.2e-06	8.16e-06	0.0371994
7.68e-06	8.16e-06	0.0360911
8.16e-06	8.16e-06	0.0345509
8.64e-06	8.16e-06	0.0325515
9.12e-06	8.16e-06	0.0303247
-9.6e-06	8.64e-06	0.0286902
-9.12e-06	8.64e-06	0.0277424
-8.64e-06	8.64e-06	0.0272849
-8.16e-06	8.64e-06	0.0271616
-7.68e-06	8.64e-06	0.0272701
-7.2e-06	8.64e-06	0.0275413
-6.72e-06	8.64e-06	0.0279234
-6.24e-06	8.64e-06	0.0283743
-5.76e-06	8.64e-06	0.0288574
-5.28e-06	8.64e-06	0.0293403
-4.8e-06	8.64e-06	0.0297946
-4.32e-06	8.64e-06	0.0301961
-3.84e-06	8.64e-06	0.0305257
-3.36e-06	8.64e-06	0.0307695
-2.88e-06	8.64e-06	0.0309197
-2.4e-06	8.64e-06	0.0309741
-1.92e-06	8.64e-06	0.0309366
-1.44e-06	8.64e-06	0.0308163
-9.6e-07	8.64e-06	0.0306265
-4.8e-07	8.64e-06	0.0303841
0	8.64e-06	0.0301075
4.8e-07	8.64e-06	0.0298159
9.6e-07	8.64e-06	0.0295274
1.44e-06	8.64e-06	0.029258
1.92e-06	8.64e-06	0.0290198
2.4e-06	8.64e-06	0.0288206
2.88e-06	8.64e-06	0.028663
3.36e-06	8.64e-06	0.0285438
3.84e-06	8.64e-06	0.028454
4.32e-06	8.64e-06	0.028379
4.8e-06	8.64e-06	0.0282981
5.28e-06	8.64e-06	0.028185
5.76e-06	8.64e-06	0.0280065
6.24e-06	8.64e-06	0.0277204
6.72e-06	8.64e-06	0.0272698
7.2e-06	8.64e-06	0.0265714
7.68e-06	8.64e-06	0.0254936
8.16e-06	8.64e-06	0.0238217
8.64e-06	8.64e-06	0.0212477
9.12e-06	8.64e-06	0.0176858
-9.6e-06	9.12e-06	0.0156717
-9.12e-06	9.12e-06	0.0148195
-8.64e-06	9.12e-06	0.014454
-8.16e-06	9.12e-06	0.0143365
-7.68e-06	9.12e-06	0.0143662
-7.2e-06	9.12e-06	0.0144913
-6.72e-06	9.12e-06	0.0146792
-6.24e-06	9.12e-06	0.0149054
-5.76e-06	9.12e-06	0.01515
-5.28e-06	9.12e-06	0.0153956
-4.8e-06	9.12e-06	0.0156276
-4.32e-06	9.12e-06	0.0158331
-3.84e-06	9.12e-06	0.0160024
-3.36e-06	9.12e-06	0.0161282
-2.88e-06	9.12e-06	0.0162065
-2.4e-06	9.12e-06	0.016236
-1.92e-06	9.12e-06	0.0162187
-1.44e-06	9.12e-06	0.0161591
-9.6e-07	9.12e-06	0.0160639
-4.8e-07	9.12e-06	0.0159415
0	9.12e-06	0.0158014
4.8e-07	9.12e-06	0.0156531
9.6e-07	9.12e-06	0.0155059
1.44e-06	9.12e-06	0.0153677
1.92e-06	9.12e-06	0.0152447
2.4e-06	9.12e-06	0.0151407
2.88e-06	9.12e-06	0.0150571
3.36e-06	9.12e-06	0.014992
3.84e-06	9.12e-06	0.0149408
4.32e-06	9.12e-06	0.0148957
4.8e-06	9.12e-06	0.0148457
5.28e-06	9.12e-06	0.0147766
5.76e-06	9.12e-06	0.0146696
6.24e-06	9.12e-06	0.0144998
6.72e-06	9.12e-06	0.0142295
7.2e-06	9.12e-06	0.0137945
7.68e-06	9.12e-06	0.0130648
8.16e-06	9.12e-06	0.0117281
8.64e-06	9.12e-06	0.00891002
9.12e-06	9.12e-06	0.00181657
