
-9.88e-06	1.04e-05	0.00161852
-9.36e-06	1.04e-05	-0.00236313
-8.84e-06	1.04e-05	0.00309835
-8.32e-06	1.04e-05	-0.00382075
-7.8e-06	1.04e-05	0.00452409
-7.28e-06	1.04e-05	-0.00520206
-6.76e-06	1.04e-05	0.00584885
-6.24e-06	1.04e-05	-0.00645933
-5.72e-06	1.04e-05	0.00702904
-5.2e-06	1.04e-05	-0.00755419
-4.68e-06	1.04e-05	0.00803164
-4.16e-06	1.04e-05	-0.00845888
-3.64e-06	1.04e-05	0.00883394
-3.12e-06	1.04e-05	-0.00915538
-2.6e-06	1.04e-05	0.00942221
-2.08e-06	1.04e-05	-0.00963377
-1.56e-06	1.04e-05	0.0097897
-1.04e-06	1.04e-05	-0.00988979
-5.2e-07	1.04e-05	0.00993394
0	1.04e-05	-0.00992206
5.2e-07	1.04e-05	0.00985409
1.04e-06	1.04e-05	-0.00972996
1.56e-06	1.04e-05	0.00954962
2.08e-06	1.04e-05	-0.00931311
2.6e-06	1.04e-05	0.00902062
3.12e-06	1.04e-05	-0.00867254
3.64e-06	1.04e-05	0.00826958
4.16e-06	1.04e-05	-0.00781276
4.68e-06	1.04e-05	0.00730349
5.2e-06	1.04e-05	-0.00674354
5.72e-06	1.04e-05	0.00613503
6.24e-06	1.04e-05	-0.00548029
6.76e-06	1.04e-05	0.00478176
7.28e-06	1.04e-05	-0.00404163
7.8e-06	1.04e-05	0.0032613
8.32e-06	1.04e-05	-0.00244013
8.84e-06	1.04e-05	0.00157244
9.36e-06	1.04e-05	-0.000639478
9.88e-06	1.04e-05	-0.000415685

-9.88e-06	9.88e-06	-0.00321165
-9.36e-06	9.88e-06	0.00466974
-8.84e-06	9.88e-06	-0.00612311
-8.32e-06	9.88e-06	0.00755397
-7.8e-06	9.88e-06	-0.00894738
-7.28e-06	9.88e-06	0.0102902
-6.76e-06	9.88e-06	-0.0115709
-6.24e-06	9.88e-06	0.0127793
-5.72e-06	9.88e-06	-0.0139066
-5.2e-06	9.88e-06	0.0149454
-4.68e-06	9.88e-06	-0.0158895
-4.16e-06	9.88e-06	0.016734
-3.64e-06	9.88e-06	-0.0174751
-3.12e-06	9.88e-06	0.01811
-2.6e-06	9.88e-06	-0.0186369
-2.08e-06	9.88e-06	0.0190545
-1.56e-06	9.88e-06	-0.0193622
-1.04e-06	9.88e-06	0.0195597
-5.2e-07	9.88e-06	-0.0196468
0	9.88e-06	0.0196235
5.2e-07	9.88e-06	-0.0194895
1.04e-06	9.88e-06	0.0192447
1.56e-06	9.88e-06	-0.018889
2.08e-06	9.88e-06	0.0184224
2.6e-06	9.88e-06	-0.0178452
3.12e-06	9.88e-06	0.0171581
3.64e-06	9.88e-06	-0.0163624
4.16e-06	9.88e-06	0.0154601
4.68e-06	9.88e-06	-0.0144539
5.2e-06	9.88e-06	0.0133476
5.72e-06	9.88e-06	-0.0121452
6.24e-06	9.88e-06	0.0108515
6.76e-06	9.88e-06	-0.00947173
7.28e-06	9.88e-06	0.00801073
7.8e-06	9.88e-06	-0.00647249
8.32e-06	9.88e-06	0.0048587
8.84e-06	9.88e-06	-0.00316631
9.36e-06	9.88e-06	0.00138332
9.88e-06	9.88e-06	0.000516409

-9.88e-06	9.36e-06	0.00469454
-9.36e-06	9.36e-06	-0.00685083
-8.84e-06	9.36e-06	0.00899957
-8.32e-06	9.36e-06	-0.0111139
-7.8e-06	9.36e-06	0.0131717
-7.28e-06	9.36e-06	-0.0151535
-6.76e-06	9.36e-06	0.0170425
-6.24e-06	9.36e-06	-0.0188238
-5.72e-06	9.36e-06	0.0204847
-5.2e-06	9.36e-06	-0.0220143
-4.68e-06	9.36e-06	0.0234037
-4.16e-06	9.36e-06	-0.0246458
-3.64e-06	9.36e-06	0.025735
-3.12e-06	9.36e-06	-0.0266676
-2.6e-06	9.36e-06	0.0274409
-2.08e-06	9.36e-06	-0.0280536
-1.56e-06	9.36e-06	0.0285048
-1.04e-06	9.36e-06	-0.0287944
-5.2e-07	9.36e-06	0.0289221
0	9.36e-06	-0.0288881
5.2e-07	9.36e-06	0.028692
1.04e-06	9.36e-06	-0.0283336
1.56e-06	9.36e-06	0.0278125
2.08e-06	9.36e-06	-0.0271285
2.6e-06	9.36e-06	0.0262819
3.12e-06	9.36e-06	-0.0252736
3.64e-06	9.36e-06	0.0241053
4.16e-06	9.36e-06	-0.0227799
4.68e-06	9.36e-06	0.0213015
5.2e-06	9.36e-06	-0.0196753
5.72e-06	9.36e-06	0.0179077
6.24e-06	9.36e-06	-0.0160062
6.76e-06	9.36e-06	0.0139787
7.28e-06	9.36e-06	-0.0118336
7.8e-06	9.36e-06	0.00957869
8.32e-06	9.36e-06	-0.00722036
8.84e-06	9.36e-06	0.00476246
9.36e-06	9.36e-06	-0.0022053
9.88e-06	9.36e-06	-0.000452971

-9.88e-06	8.84e-06	-0.00601886
-9.36e-06	8.84e-06	0.00884839
-8.84e-06	8.84e-06	-0.0116594
-8.32e-06	8.84e-06	0.0144205
-7.8e-06	8.84e-06	-0.0171045
-7.28e-06	8.84e-06	0.0196869
-6.76e-06	8.84e-06	-0.0221463
-6.24e-06	8.84e-06	0.0244637
-5.72e-06	8.84e-06	-0.0266228
-5.2e-06	8.84e-06	0.0286095
-4.68e-06	8.84e-06	-0.0304125
-4.16e-06	8.84e-06	0.0320229
-3.64e-06	8.84e-06	-0.0334337
-3.12e-06	8.84e-06	0.0346405
-2.6e-06	8.84e-06	-0.0356403
-2.08e-06	8.84e-06	0.0364316
-1.56e-06	8.84e-06	-0.037014
-1.04e-06	8.84e-06	0.0373876
-5.2e-07	8.84e-06	-0.0375526
0	8.84e-06	0.037509
5.2e-07	8.84e-06	-0.0372566
1.04e-06	8.84e-06	0.0367949
1.56e-06	8.84e-06	-0.0361231
2.08e-06	8.84e-06	0.0352406
2.6e-06	8.84e-06	-0.0341473
3.12e-06	8.84e-06	0.0328441
3.64e-06	8.84e-06	-0.031333
4.16e-06	8.84e-06	0.0296174
4.68e-06	8.84e-06	-0.0277027
5.2e-06	8.84e-06	0.0255956
5.72e-06	8.84e-06	-0.0233048
6.24e-06	8.84e-06	0.0208403
6.76e-06	8.84e-06	-0.0182135
7.28e-06	8.84e-06	0.0154363
7.8e-06	8.84e-06	-0.0125211
8.32e-06	8.84e-06	0.00948018
8.84e-06	8.84e-06	-0.00632502
9.36e-06	8.84e-06	0.00306689
9.88e-06	8.84e-06	0.000281313

-9.88e-06	8.32e-06	0.00715778
-9.36e-06	8.32e-06	-0.0106177
-8.84e-06	8.32e-06	0.0140438
-8.32e-06	8.32e-06	-0.0174021
-7.8e-06	8.32e-06	0.0206617
-7.28e-06	8.32e-06	-0.0237943
-6.76e-06	8.32e-06	0.0267744
-6.24e-06	8.32e-06	-0.0295797
-5.72e-06	8.32e-06	0.0321905
-5.2e-06	8.32e-06	-0.0345904
-4.68e-06	8.32e-06	0.0367658
-4.16e-06	8.32e-06	-0.0387062
-3.64e-06	8.32e-06	0.040404
-3.12e-06	8.32e-06	-0.0418542
-2.6e-06	8.32e-06	0.043054
-2.08e-06	8.32e-06	-0.0440024
-1.56e-06	8.32e-06	0.0446997
-1.04e-06	8.32e-06	-0.0451467
-5.2e-07	8.32e-06	0.0453441
0	8.32e-06	-0.0452925
5.2e-07	8.32e-06	0.0449914
1.04e-06	8.32e-06	-0.04444
1.56e-06	8.32e-06	0.0436367
2.08e-06	8.32e-06	-0.0425804
2.6e-06	8.32e-06	0.0412702
3.12e-06	8.32e-06	-0.0397065
3.64e-06	8.32e-06	0.0378911
4.16e-06	8.32e-06	-0.035828
4.68e-06	8.32e-06	0.0335234
5.2e-06	8.32e-06	-0.0309857
5.72e-06	8.32e-06	0.0282255
6.24e-06	8.32e-06	-0.0252556
6.76e-06	8.32e-06	0.0220905
7.28e-06	8.32e-06	-0.0187463
7.8e-06	8.32e-06	0.0152401
8.32e-06	8.32e-06	-0.0115898
8.84e-06	8.32e-06	0.00781414
9.36e-06	8.32e-06	-0.00393302
9.88e-06	8.32e-06	-3.11828e-05

-9.88e-06	7.8e-06	-0.00809477
-9.36e-06	7.8e-06	0.0121247
-8.84e-06	7.8e-06	-0.0161041
-8.32e-06	7.8e-06	0.0199971
-7.8e-06	7.8e-06	-0.0237696
-7.28e-06	7.8e-06	0.0273903
-6.76e-06	7.8e-06	-0.0308306
-6.24e-06	7.8e-06	0.034065
-5.72e-06	7.8e-06	-0.0370713
-5.2e-06	7.8e-06	0.0398309
-4.68e-06	7.8e-06	-0.0423285
-4.16e-06	7.8e-06	0.0445525
-3.64e-06	7.8e-06	-0.0464949
-3.12e-06	7.8e-06	0.0481508
-2.6e-06	7.8e-06	-0.0495181
-2.08e-06	7.8e-06	0.0505969
-1.56e-06	7.8e-06	-0.0513888
-1.04e-06	7.8e-06	0.0518959
-5.2e-07	7.8e-06	-0.05212
0	7.8e-06	0.052062
5.2e-07	7.8e-06	-0.0517216
1.04e-06	7.8e-06	0.0510972
1.56e-06	7.8e-06	-0.0501863
2.08e-06	7.8e-06	0.0489864
2.6e-06	7.8e-06	-0.0474955
3.12e-06	7.8e-06	0.0457129
3.64e-06	7.8e-06	-0.04364
4.16e-06	7.8e-06	0.0412809
4.68e-06	7.8e-06	-0.0386423
5.2e-06	7.8e-06	0.035734
5.72e-06	7.8e-06	-0.0325686
6.24e-06	7.8e-06	0.0291615
6.76e-06	7.8e-06	-0.0255305
7.28e-06	7.8e-06	0.0216954
7.8e-06	7.8e-06	-0.017678
8.32e-06	7.8e-06	0.0135015
8.84e-06	7.8e-06	-0.00919077
9.36e-06	7.8e-06	0.00477252
9.88e-06	7.8e-06	-0.000275887

-9.88e-06	7.28e-06	0.00881937
-9.36e-06	7.28e-06	-0.013344
-8.84e-06	7.28e-06	0.0178018
-8.32e-06	7.28e-06	-0.0221547
-7.8e-06	7.28e-06	0.0263664
-7.28e-06	7.28e-06	-0.0304028
-6.76e-06	7.28e-06	0.0342327
-6.24e-06	7.28e-06	-0.0378282
-5.72e-06	7.28e-06	0.0411649
-5.2e-06	7.28e-06	-0.0442223
-4.68e-06	7.28e-06	0.046984
-4.16e-06	7.28e-06	-0.0494378
-3.64e-06	7.28e-06	0.0515755
-3.12e-06	7.28e-06	-0.053393
-2.6e-06	7.28e-06	0.0548895
-2.08e-06	7.28e-06	-0.0560671
-1.56e-06	7.28e-06	0.0569294
-1.04e-06	7.28e-06	-0.0574806
-5.2e-07	7.28e-06	0.0577242
0	7.28e-06	-0.0576618
5.2e-07	7.28e-06	0.0572932
1.04e-06	7.28e-06	-0.0566156
1.56e-06	7.28e-06	0.0556251
2.08e-06	7.28e-06	-0.0543171
2.6e-06	7.28e-06	0.0526876
3.12e-06	7.28e-06	-0.0507344
3.64e-06	7.28e-06	0.0484579
4.16e-06	7.28e-06	-0.0458617
4.68e-06	7.28e-06	0.042953
5.2e-06	7.28e-06	-0.0397426
5.72e-06	7.28e-06	0.036245
6.24e-06	7.28e-06	-0.032478
6.76e-06	7.28e-06	0.0284625
7.28e-06	7.28e-06	-0.0242218
7.8e-06	7.28e-06	0.0197819
8.32e-06	7.28e-06	-0.0151708
8.84e-06	7.28e-06	0.0104186
9.36e-06	7.28e-06	-0.00555727
9.88e-06	7.28e-06	0.000621217

-9.88e-06	6.76e-06	-0.00932601
-9.36e-06	6.76e-06	0.0142579
-8.84e-06	6.76e-06	-0.0191078
-8.32e-06	6.76e-06	0.0238357
-7.8e-06	6.76e-06	-0.0284031
-7.28e-06	6.76e-06	0.0327737
-6.76e-06	6.76e-06	-0.0369144
-6.24e-06	6.76e-06	0.0407951
-5.72e-06	6.76e-06	-0.0443896
-5.2e-06	6.76e-06	0.047676
-4.68e-06	6.76e-06	-0.050637
-4.16e-06	6.76e-06	0.0532601
-3.64e-06	6.76e-06	-0.0555377
-3.12e-06	6.76e-06	0.0574668
-2.6e-06	6.76e-06	-0.0590488
-2.08e-06	6.76e-06	0.0602887
-1.56e-06	6.76e-06	-0.0611932
-1.04e-06	6.76e-06	0.0617697
-5.2e-07	6.76e-06	-0.0620241
0	6.76e-06	0.0619596
5.2e-07	6.76e-06	-0.0615755
1.04e-06	6.76e-06	0.0608678
1.56e-06	6.76e-06	-0.0598299
2.08e-06	6.76e-06	0.0584543
2.6e-06	6.76e-06	-0.0567339
3.12e-06	6.76e-06	0.0546642
3.64e-06	6.76e-06	-0.0522439
4.16e-06	6.76e-06	0.0494758
4.68e-06	6.76e-06	-0.0463672
5.2e-06	6.76e-06	0.0429299
5.72e-06	6.76e-06	-0.0391799
6.24e-06	6.76e-06	0.0351372
6.76e-06	6.76e-06	-0.0308256
7.28e-06	6.76e-06	0.0262717
7.8e-06	6.76e-06	-0.0215052
8.32e-06	6.76e-06	0.0165581
8.84e-06	6.76e-06	-0.0114649
9.36e-06	6.76e-06	0.00626177
9.88e-06	6.76e-06	-0.000987237

-9.88e-06	6.24e-06	0.0096138
-9.36e-06	6.24e-06	-0.0148561
-8.84e-06	6.24e-06	0.0200028
-8.32e-06	6.24e-06	-0.0250122
-7.8e-06	6.24e-06	0.0298441
-7.28e-06	6.24e-06	-0.0344605
-6.76e-06	6.24e-06	0.0388264
-6.24e-06	6.24e-06	-0.0429101
-5.72e-06	6.24e-06	0.0466841
-5.2e-06	6.24e-06	-0.0501253
-4.68e-06	6.24e-06	0.0532156
-4.16e-06	6.24e-06	-0.0559425
-3.64e-06	6.24e-06	0.0582992
-3.12e-06	6.24e-06	-0.0602847
-2.6e-06	6.24e-06	0.0619033
-2.08e-06	6.24e-06	-0.0631639
-1.56e-06	6.24e-06	0.0640781
-1.04e-06	6.24e-06	-0.0646579
-5.2e-07	6.24e-06	0.0649131
0	6.24e-06	-0.0648487
5.2e-07	6.24e-06	0.0644639
1.04e-06	6.24e-06	-0.0637524
1.56e-06	6.24e-06	0.0627037
2.08e-06	6.24e-06	-0.0613056
2.6e-06	6.24e-06	0.059547
3.12e-06	6.24e-06	-0.0574198
3.64e-06	6.24e-06	0.0549204
4.16e-06	6.24e-06	-0.0520504
4.68e-06	6.24e-06	0.0488169
5.2e-06	6.24e-06	-0.0452324
5.72e-06	6.24e-06	0.0413146
6.24e-06	6.24e-06	-0.0370854
6.76e-06	6.24e-06	0.0325711
7.28e-06	6.24e-06	-0.0278014
7.8e-06	6.24e-06	0.0228092
8.32e-06	6.24e-06	-0.0176298
8.84e-06	6.24e-06	0.0123012
9.36e-06	6.24e-06	-0.00686304
9.88e-06	6.24e-06	0.00135694

-9.88e-06	5.72e-06	-0.00968642
-9.36e-06	5.72e-06	0.0151355
-8.84e-06	5.72e-06	-0.0204773
-8.32e-06	5.72e-06	0.0256687
-7.8e-06	5.72e-06	-0.0306682
-7.28e-06	5.72e-06	0.0354367
-6.76e-06	5.72e-06	-0.0399376
-6.24e-06	5.72e-06	0.0441381
-5.72e-06	5.72e-06	-0.0480093
-5.2e-06	5.72e-06	0.0515272
-4.68e-06	5.72e-06	-0.0546732
-4.16e-06	5.72e-06	0.0574346
-3.64e-06	5.72e-06	-0.0598058
-3.12e-06	5.72e-06	0.0617879
-2.6e-06	5.72e-06	-0.0633891
-2.08e-06	5.72e-06	0.0646238
-1.56e-06	5.72e-06	-0.0655102
-1.04e-06	5.72e-06	0.0660673
-5.2e-07	5.72e-06	-0.0663109
0	5.72e-06	0.0662492
5.2e-07	5.72e-06	-0.065881
1.04e-06	5.72e-06	0.0651961
1.56e-06	5.72e-06	-0.0641778
2.08e-06	5.72e-06	0.0628074
2.6e-06	5.72e-06	-0.0610678
3.12e-06	5.72e-06	0.0589461
3.64e-06	5.72e-06	-0.0564356
4.16e-06	5.72e-06	0.0535366
4.68e-06	5.72e-06	-0.0502559
5.2e-06	5.72e-06	0.0466067
5.72e-06	5.72e-06	-0.0426081
6.24e-06	5.72e-06	0.0382842
6.76e-06	5.72e-06	-0.0336635
7.28e-06	5.72e-06	0.0287783
7.8e-06	5.72e-06	-0.0236641
8.32e-06	5.72e-06	0.0183591
8.84e-06	5.72e-06	-0.0129039
9.36e-06	5.72e-06	0.00734084
9.88e-06	5.72e-06	-0.00171381

-9.88e-06	5.2e-06	0.00955205
-9.36e-06	5.2e-06	-0.0150999
-8.84e-06	5.2e-06	0.0205309
-8.32e-06	5.2e-06	-0.025801
-7.8e-06	5.2e-06	0.030868
-7.28e-06	5.2e-06	-0.0356919
-6.76e-06	5.2e-06	0.0402353
-6.24e-06	5.2e-06	-0.0444642
-5.72e-06	5.2e-06	0.0483488
-5.2e-06	5.2e-06	-0.0518639
-4.68e-06	5.2e-06	0.0549903
-4.16e-06	5.2e-06	-0.057715
-3.64e-06	5.2e-06	0.0600333
-3.12e-06	5.2e-06	-0.0619485
-2.6e-06	5.2e-06	0.0634734
-2.08e-06	5.2e-06	-0.0646294
-1.56e-06	5.2e-06	0.0654442
-1.04e-06	5.2e-06	-0.0659475
-5.2e-07	5.2e-06	0.0661644
0	5.2e-06	-0.0661083
5.2e-07	5.2e-06	0.0657773
1.04e-06	5.2e-06	-0.0651545
1.56e-06	5.2e-06	0.0642139
2.08e-06	5.2e-06	-0.0629267
2.6e-06	5.2e-06	0.0612672
3.12e-06	5.2e-06	-0.0592168
3.64e-06	5.2e-06	0.0567653
4.16e-06	5.2e-06	-0.0539112
4.68e-06	5.2e-06	0.0506615
5.2e-06	5.2e-06	-0.0470304
5.72e-06	5.2e-06	0.0430385
6.24e-06	5.2e-06	-0.038712
6.76e-06	5.2e-06	0.0340815
7.28e-06	5.2e-06	-0.0291814
7.8e-06	5.2e-06	0.0240496
8.32e-06	5.2e-06	-0.0187265
8.84e-06	5.2e-06	0.0132545
9.36e-06	5.2e-06	-0.00767787
9.88e-06	5.2e-06	0.00204197

-9.88e-06	4.68e-06	-0.00922314
-9.36e-06	4.68e-06	0.0147601
-8.84e-06	4.68e-06	-0.0201726
-8.32e-06	4.68e-06	0.0254168
-7.8e-06	4.68e-06	-0.03045
-7.28e-06	4.68e-06	0.0352321
-6.76e-06	4.68e-06	-0.0397251
-6.24e-06	4.68e-06	0.0438944
-5.72e-06	4.68e-06	-0.047709
-5.2e-06	4.68e-06	0.0511428
-4.68e-06	4.68e-06	-0.0541751
-4.16e-06	4.68e-06	0.0567922
-3.64e-06	4.68e-06	-0.0589892
-3.12e-06	4.68e-06	0.0607714
-2.6e-06	4.68e-06	-0.0621562
-2.08e-06	4.68e-06	0.0631735
-1.56e-06	4.68e-06	-0.0638642
-1.04e-06	4.68e-06	0.0642746
-5.2e-07	4.68e-06	-0.0644453
0	4.68e-06	0.0643985
5.2e-07	4.68e-06	-0.0641305
1.04e-06	4.68e-06	0.0636134
1.56e-06	4.68e-06	-0.0628055
2.08e-06	4.68e-06	0.0616629
2.6e-06	4.68e-06	-0.0601487
3.12e-06	4.68e-06	0.058237
3.64e-06	4.68e-06	-0.0559141
4.16e-06	4.68e-06	0.0531777
4.68e-06	4.68e-06	-0.0500354
5.2e-06	4.68e-06	0.046503
5.72e-06	4.68e-06	-0.0426032
6.24e-06	4.68e-06	0.038364
6.76e-06	4.68e-06	-0.0338183
7.28e-06	4.68e-06	0.0290024
7.8e-06	4.68e-06	-0.0239558
8.32e-06	4.68e-06	0.0187204
8.84e-06	4.68e-06	-0.01334
9.36e-06	4.68e-06	0.00786
9.88e-06	4.68e-06	-0.00232637

-9.88e-06	4.16e-06	0.00871606
-9.36e-06	4.16e-06	-0.0141329
-8.84e-06	4.16e-06	0.0194201
-8.32e-06	4.16e-06	-0.0245344
-7.8e-06	4.16e-06	0.0294339
-7.28e-06	4.16e-06	-0.0340785
-6.76e-06	4.16e-06	0.0384305
-6.24e-06	4.16e-06	-0.0424548
-5.72e-06	4.16e-06	0.0461194
-5.2e-06	4.16e-06	-0.0493966
-4.68e-06	4.16e-06	0.0522639
-4.16e-06	4.16e-06	-0.0547054
-3.64e-06	4.16e-06	0.0567146
-3.12e-06	4.16e-06	-0.0582968
-2.6e-06	4.16e-06	0.0594727
-2.08e-06	4.16e-06	-0.060282
-1.56e-06	4.16e-06	0.0607832
-1.04e-06	4.16e-06	-0.0610486
-5.2e-07	4.16e-06	0.0611461
0	4.16e-06	-0.0611137
5.2e-07	4.16e-06	0.0609441
1.04e-06	4.16e-06	-0.0605888
1.56e-06	4.16e-06	0.0599798
2.08e-06	4.16e-06	-0.0590508
2.6e-06	4.16e-06	0.05775
3.12e-06	4.16e-06	-0.0560441
3.64e-06	4.16e-06	0.0539169
4.16e-06	4.16e-06	-0.0513669
4.68e-06	4.16e-06	0.0484037
5.2e-06	4.16e-06	-0.045046
5.72e-06	4.16e-06	0.0413187
6.24e-06	4.16e-06	-0.0372525
6.76e-06	4.16e-06	0.032882
7.28e-06	4.16e-06	-0.0282451
7.8e-06	4.16e-06	0.0233825
8.32e-06	4.16e-06	-0.018337
8.84e-06	4.16e-06	0.0131532
9.36e-06	4.16e-06	-0.0078765
9.88e-06	4.16e-06	0.00255303

-9.88e-06	3.64e-06	-0.0080507
-9.36e-06	3.64e-06	0.013241
-8.84e-06	3.64e-06	-0.0182989
-8.32e-06	3.64e-06	0.0231826
-7.8e-06	3.64e-06	-0.0278516
-7.28e-06	3.64e-06	0.0322671
-6.76e-06	3.64e-06	-0.0363918
-6.24e-06	3.64e-06	0.0401907
-5.72e-06	3.64e-06	-0.0436308
-5.2e-06	3.64e-06	0.0466826
-4.68e-06	3.64e-06	-0.0493206
-4.16e-06	3.64e-06	0.0515251
-3.64e-06	3.64e-06	-0.053285
-3.12e-06	3.64e-06	0.0546022
-2.6e-06	3.64e-06	-0.0554971
-2.08e-06	3.64e-06	0.056017
-1.56e-06	3.64e-06	-0.0562427
-1.04e-06	3.64e-06	0.0562876
-5.2e-07	3.64e-06	-0.0562714
0	3.64e-06	0.0562614
5.2e-07	3.64e-06	-0.0562433
1.04e-06	3.64e-06	0.056128
1.56e-06	3.64e-06	-0.0558011
2.08e-06	3.64e-06	0.0551633
2.6e-06	3.64e-06	-0.0541456
3.12e-06	3.64e-06	0.0527091
3.64e-06	3.64e-06	-0.0508386
4.16e-06	3.64e-06	0.0485364
4.68e-06	3.64e-06	-0.0458166
5.2e-06	3.64e-06	0.0427019
5.72e-06	3.64e-06	-0.0392208
6.24e-06	3.64e-06	0.0354063
6.76e-06	3.64e-06	-0.0312949
7.28e-06	3.64e-06	0.0269256
7.8e-06	3.64e-06	-0.0223398
8.32e-06	3.64e-06	0.0175806
8.84e-06	3.64e-06	-0.0126923
9.36e-06	3.64e-06	0.00772009
9.88e-06	3.64e-06	-0.00270924

-9.88e-06	3.12e-06	0.00724997
-9.36e-06	3.12e-06	-0.0121123
-8.84e-06	3.12e-06	0.0168416
-8.32e-06	3.12e-06	-0.0213988
-7.8e-06	3.12e-06	0.025746
-7.28e-06	3.12e-06	-0.0298463
-6.76e-06	3.12e-06	0.033664
-6.24e-06	3.12e-06	-0.0371642
-5.72e-06	3.12e-06	0.0403136
-5.2e-06	3.12e-06	-0.0430804
-4.68e-06	3.12e-06	0.0454351
-4.16e-06	3.12e-06	-0.047352
-3.64e-06	3.12e-06	0.048812
-3.12e-06	3.12e-06	-0.0498069
-2.6e-06	3.12e-06	0.0503486
-2.08e-06	3.12e-06	-0.0504837
-1.56e-06	3.12e-06	0.0503143
-1.04e-06	3.12e-06	-0.0500176
-5.2e-07	3.12e-06	0.0498208
0	3.12e-06	-0.0498479
5.2e-07	3.12e-06	0.050071
1.04e-06	3.12e-06	-0.0503132
1.56e-06	3.12e-06	0.0503769
2.08e-06	3.12e-06	-0.0501171
2.6e-06	3.12e-06	0.0494498
3.12e-06	3.12e-06	-0.0483378
3.64e-06	3.12e-06	0.0467741
4.16e-06	3.12e-06	-0.0447696
4.68e-06	3.12e-06	0.0423464
5.2e-06	3.12e-06	-0.0395331
5.72e-06	3.12e-06	0.0363622
6.24e-06	3.12e-06	-0.0328695
6.76e-06	3.12e-06	0.0290927
7.28e-06	3.12e-06	-0.0250716
7.8e-06	3.12e-06	0.0208475
8.32e-06	3.12e-06	-0.0164629
8.84e-06	3.12e-06	0.0119613
9.36e-06	3.12e-06	-0.00738696
9.88e-06	3.12e-06	0.00278365

-9.88e-06	2.6e-06	-0.00633931
-9.36e-06	2.6e-06	0.0107786
-8.84e-06	2.6e-06	-0.0150866
-8.32e-06	2.6e-06	0.0192282
-7.8e-06	2.6e-06	-0.0231691
-7.28e-06	2.6e-06	0.0268757
-6.76e-06	2.6e-06	-0.0303145
-6.24e-06	2.6e-06	0.033452
-5.72e-06	2.6e-06	-0.0362546
-5.2e-06	2.6e-06	0.0386886
-4.68e-06	2.6e-06	-0.04072
-4.16e-06	2.6e-06	0.0423152
-3.64e-06	2.6e-06	-0.0434425
-3.12e-06	2.6e-06	0.0440756
-2.6e-06	2.6e-06	-0.0442025
-2.08e-06	2.6e-06	0.0438465
-1.56e-06	2.6e-06	-0.0431099
-1.04e-06	2.6e-06	0.0422526
-5.2e-07	2.6e-06	-0.0417566
0	2.6e-06	0.0418481
5.2e-07	2.6e-06	-0.042483
1.04e-06	2.6e-06	0.0432734
1.56e-06	2.6e-06	-0.0438711
2.08e-06	2.6e-06	0.0440803
2.6e-06	2.6e-06	-0.0438194
3.12e-06	2.6e-06	0.0430701
3.64e-06	2.6e-06	-0.0418455
4.16e-06	2.6e-06	0.0401728
4.68e-06	2.6e-06	-0.0380853
5.2e-06	2.6e-06	0.0356191
5.72e-06	2.6e-06	-0.0328113
6.24e-06	2.6e-06	0.0296999
6.76e-06	2.6e-06	-0.0263234
7.28e-06	2.6e-06	0.0227213
7.8e-06	2.6e-06	-0.0189341
8.32e-06	2.6e-06	0.0150028
8.84e-06	2.6e-06	-0.0109696
9.36e-06	2.6e-06	0.00687673
9.88e-06	2.6e-06	-0.0027663

-9.88e-06	2.08e-06	0.00534631
-9.36e-06	2.08e-06	-0.00927554
-8.84e-06	2.08e-06	0.0130772
-8.32e-06	2.08e-06	-0.0167218
-7.8e-06	2.08e-06	0.0201803
-7.28e-06	2.08e-06	-0.0234233
-6.76e-06	2.08e-06	0.0264208
-6.24e-06	2.08e-06	-0.0291416
-5.72e-06	2.08e-06	0.031553
-5.2e-06	2.08e-06	-0.0336202
-4.68e-06	2.08e-06	0.0353052
-4.16e-06	2.08e-06	-0.036566
-3.64e-06	2.08e-06	0.0373556
-3.12e-06	2.08e-06	-0.0376209
-2.6e-06	2.08e-06	0.0373063
-2.08e-06	2.08e-06	-0.0363672
-1.56e-06	2.08e-06	0.0348235
-1.04e-06	2.08e-06	-0.0329478
-5.2e-07	2.08e-06	0.0319401
0	2.08e-06	-0.0321377
5.2e-07	2.08e-06	0.0335545
1.04e-06	2.08e-06	-0.0352194
1.56e-06	2.08e-06	0.03653
2.08e-06	2.08e-06	-0.0372841
2.6e-06	2.08e-06	0.0374551
3.12e-06	2.08e-06	-0.0370764
3.64e-06	2.08e-06	0.0361979
4.16e-06	2.08e-06	-0.0348701
4.68e-06	2.08e-06	0.0331406
5.2e-06	2.08e-06	-0.0310532
5.72e-06	2.08e-06	0.0286489
6.24e-06	2.08e-06	-0.0259669
6.76e-06	2.08e-06	0.0230454
7.28e-06	2.08e-06	-0.0199225
7.8e-06	2.08e-06	0.0166365
8.32e-06	2.08e-06	-0.0132263
8.84e-06	2.08e-06	0.00973152
9.36e-06	2.08e-06	-0.00619226
9.88e-06	2.08e-06	0.00264851

-9.88e-06	1.56e-06	-0.00430042
-9.36e-06	1.56e-06	0.00764133
-8.84e-06	1.56e-06	-0.0108602
-8.32e-06	1.56e-06	0.0139352
-7.8e-06	1.56e-06	-0.016844
-7.28e-06	1.56e-06	0.019563
-6.76e-06	1.56e-06	-0.0220667
-6.24e-06	1.56e-06	0.0243277
-5.72e-06	1.56e-06	-0.0263156
-5.2e-06	1.56e-06	0.0279962
-4.68e-06	1.56e-06	-0.0293297
-4.16e-06	1.56e-06	0.0302683
-3.64e-06	1.56e-06	-0.0307509
-3.12e-06	1.56e-06	0.0306969
-2.6e-06	1.56e-06	-0.0299939
-2.08e-06	1.56e-06	0.028478
-1.56e-06	1.56e-06	-0.0258978
-1.04e-06	1.56e-06	0.0218561
-5.2e-07	1.56e-06	-0.0200273
0	1.56e-06	0.0203117
5.2e-07	1.56e-06	-0.0234418
1.04e-06	1.56e-06	0.0265375
1.56e-06	1.56e-06	-0.0287264
2.08e-06	1.56e-06	0.0300313
2.6e-06	1.56e-06	-0.0305956
3.12e-06	1.56e-06	0.0305484
3.64e-06	1.56e-06	-0.0299898
4.16e-06	1.56e-06	0.0289966
4.68e-06	1.56e-06	-0.0276294
5.2e-06	1.56e-06	0.025938
5.72e-06	1.56e-06	-0.023965
6.24e-06	1.56e-06	0.021749
6.76e-06	1.56e-06	-0.019326
7.28e-06	1.56e-06	0.0167311
7.8e-06	1.56e-06	-0.0139991
8.32e-06	1.56e-06	0.0111654
8.84e-06	1.56e-06	-0.00826647
9.36e-06	1.56e-06	0.00533958
9.88e-06	1.56e-06	-0.00242258

-9.88e-06	1.04e-06	0.00323311
-9.36e-06	1.04e-06	-0.00591601
-8.84e-06	1.04e-06	0.00848415
-8.32e-06	1.04e-06	-0.010926
-7.8e-06	1.04e-06	0.0132277
-7.28e-06	1.04e-06	-0.0153722
-6.76e-06	1.04e-06	0.01734
-6.24e-06	1.04e-06	-0.0191084
-5.72e-06	1.04e-06	0.0206514
-5.2e-06	1.04e-06	-0.0219382
-4.68e-06	1.04e-06	0.0229313
-4.16e-06	1.04e-06	-0.0235821
-3.64e-06	1.04e-06	0.023825
-3.12e-06	1.04e-06	-0.0235655
-2.6e-06	1.04e-06	0.022658
-2.08e-06	1.04e-06	-0.0208587
-1.56e-06	1.04e-06	0.0177111
-1.04e-06	1.04e-06	-0.00794197
-5.2e-07	1.04e-06	0.00544265
0	1.04e-06	-0.0050735
5.2e-07	1.04e-06	0.0127098
1.04e-06	1.04e-06	-0.0180221
1.56e-06	1.04e-06	0.0210054
2.08e-06	1.04e-06	-0.0226813
2.6e-06	1.04e-06	0.0234943
3.12e-06	1.04e-06	-0.0236797
3.64e-06	1.04e-06	0.0233797
4.16e-06	1.04e-06	-0.0226883
4.68e-06	1.04e-06	0.0216718
5.2e-06	1.04e-06	-0.0203808
5.72e-06	1.04e-06	0.0188557
6.24e-06	1.04e-06	-0.0171315
6.76e-06	1.04e-06	0.0152396
7.28e-06	1.04e-06	-0.0132101
7.8e-06	1.04e-06	0.0110729
8.32e-06	1.04e-06	-0.00885842
8.84e-06	1.04e-06	0.00659876
9.36e-06	1.04e-06	-0.00432806
9.88e-06	1.04e-06	0.00208179

-9.88e-06	5.2e-07	-0.00217868
-9.36e-06	5.2e-07	0.00414044
-8.84e-06	5.2e-07	-0.00599771
-8.32e-06	5.2e-07	0.00775235
-7.8e-06	5.2e-07	-0.00939952
-7.28e-06	5.2e-07	0.0109295
-6.76e-06	5.2e-07	-0.012329
-6.24e-06	5.2e-07	0.0135815
-5.72e-06	5.2e-07	-0.0146673
-5.2e-06	5.2e-07	0.0155622
-4.68e-06	5.2e-07	-0.0162354
-4.16e-06	5.2e-07	0.0166461
-3.64e-06	5.2e-07	-0.0167371
-3.12e-06	5.2e-07	0.0164248
-2.6e-06	5.2e-07	-0.0155819
-2.08e-06	5.2e-07	0.014006
-1.56e-06	5.2e-07	-0.0113638
-1.04e-06	5.2e-07	0.00374838
-5.2e-07	5.2e-07	-0.0018768
0	5.2e-07	0.00206886
5.2e-07	5.2e-07	-0.00695931
1.04e-06	5.2e-07	0.0113331
1.56e-06	5.2e-07	-0.0140059
2.08e-06	5.2e-07	0.0155617
2.6e-06	5.2e-07	-0.0163652
3.12e-06	5.2e-07	0.0166359
3.64e-06	5.2e-07	-0.016509
4.16e-06	5.2e-07	0.016072
4.68e-06	5.2e-07	-0.0153844
5.2e-06	5.2e-07	0.0144892
5.72e-06	5.2e-07	-0.0134197
6.24e-06	5.2e-07	0.0122037
6.76e-06	5.2e-07	-0.0108656
7.28e-06	5.2e-07	0.00942846
7.8e-06	5.2e-07	-0.0079151
8.32e-06	5.2e-07	0.00634948
8.84e-06	5.2e-07	-0.00475806
9.36e-06	5.2e-07	0.00317137
9.88e-06	5.2e-07	-0.00162302

-9.88e-06	0	0.00117585
-9.36e-06	0	-0.00235385
-8.84e-06	0	0.00344663
-8.32e-06	0	-0.00446991
-7.8e-06	0	0.00542638
-7.28e-06	0	-0.00631242
-6.76e-06	0	0.00712095
-6.24e-06	0	-0.00784248
-5.72e-06	0	0.00846508
-5.2e-06	0	-0.00897381
-4.68e-06	0	0.0093493
-4.16e-06	0	-0.00956541
-3.64e-06	0	0.00958547
-3.12e-06	0	-0.00935676
-2.6e-06	0	0.00880404
-2.08e-06	0	-0.00782883
-1.56e-06	0	0.00634793
-1.04e-06	0	-0.00189682
-5.2e-07	0	0.000781485
0	0	-0.000937856
5.2e-07	0	0.00339721
1.04e-06	0	-0.00602915
1.56e-06	0	0.0077325
2.08e-06	0	-0.00876038
2.6e-06	0	0.00931259
3.12e-06	0	-0.00952549
3.64e-06	0	0.00948796
4.16e-06	0	-0.00925818
4.68e-06	0	0.00887543
5.2e-06	0	-0.00836763
5.72e-06	0	0.00775597
6.24e-06	0	-0.00705763
6.76e-06	0	0.00628764
7.28e-06	0	-0.00546
7.8e-06	0	0.00458878
8.32e-06	0	-0.00368923
8.84e-06	0	0.0027799
9.36e-06	0	-0.00188791
9.88e-06	0	0.00106497

-9.88e-06	-5.2e-07	-0.00026674
-9.36e-06	-5.2e-07	0.000586825
-8.84e-06	-5.2e-07	-0.000868894
-8.32e-06	-5.2e-07	0.0011296
-7.8e-06	-5.2e-07	-0.00137231
-7.28e-06	-5.2e-07	0.00159676
-6.76e-06	-5.2e-07	-0.00180133
-6.24e-06	-5.2e-07	0.00198363
-5.72e-06	-5.2e-07	-0.0021406
-5.2e-06	-5.2e-07	0.00226834
-4.68e-06	-5.2e-07	-0.00236176
-4.16e-06	-5.2e-07	0.00241398
-3.64e-06	-5.2e-07	-0.00241527
-3.12e-06	-5.2e-07	0.00235172
-2.6e-06	-5.2e-07	-0.00220312
-2.08e-06	-5.2e-07	0.00193901
-1.56e-06	-5.2e-07	-0.00149787
-1.04e-06	-5.2e-07	0.000626772
-5.2e-07	-5.2e-07	-0.000302455
0	-5.2e-07	0.000362079
5.2e-07	-5.2e-07	-0.000884129
1.04e-06	-5.2e-07	0.00148558
1.56e-06	-5.2e-07	-0.00191894
2.08e-06	-5.2e-07	0.00219035
2.6e-06	-5.2e-07	-0.00233951
3.12e-06	-5.2e-07	0.00239984
3.64e-06	-5.2e-07	-0.00239452
4.16e-06	-5.2e-07	0.00233906
4.68e-06	-5.2e-07	-0.00224393
5.2e-06	-5.2e-07	0.00211656
5.72e-06	-5.2e-07	-0.00196254
6.24e-06	-5.2e-07	0.00178635
6.76e-06	-5.2e-07	-0.00159191
7.28e-06	-5.2e-07	0.00138284
7.8e-06	-5.2e-07	-0.00116281
8.32e-06	-5.2e-07	0.000935836
8.84e-06	-5.2e-07	-0.000706878
9.36e-06	-5.2e-07	0.000482722
9.88e-06	-5.2e-07	-0.000271703

-9.88e-06	-1.04e-06	5.79556e-05
-9.36e-06	-1.04e-06	-0.000145164
-8.84e-06	-1.04e-06	0.000218657
-8.32e-06	-1.04e-06	-0.000285335
-7.8e-06	-1.04e-06	0.000347005
-7.28e-06	-1.04e-06	-0.000403887
-6.76e-06	-1.04e-06	0.00045565
-6.24e-06	-1.04e-06	-0.000501706
-5.72e-06	-1.04e-06	0.000541271
-5.2e-06	-1.04e-06	-0.000573329
-4.68e-06	-1.04e-06	0.000596546
-4.16e-06	-1.04e-06	-0.000609099
-3.64e-06	-1.04e-06	0.000608421
-3.12e-06	-1.04e-06	-0.000590807
-2.6e-06	-1.04e-06	0.000550798
-2.08e-06	-1.04e-06	-0.000479923
-1.56e-06	-1.04e-06	0.000363699
-1.04e-06	-1.04e-06	-0.00018492
-5.2e-07	-1.04e-06	0.00010299
0	-1.04e-06	-0.000118187
5.2e-07	-1.04e-06	0.000231197
1.04e-06	-1.04e-06	-0.000369096
1.56e-06	-1.04e-06	0.000477011
2.08e-06	-1.04e-06	-0.000547626
2.6e-06	-1.04e-06	0.000587546
3.12e-06	-1.04e-06	-0.000604447
3.64e-06	-1.04e-06	0.000604204
4.16e-06	-1.04e-06	-0.000590884
4.68e-06	-1.04e-06	0.000567276
5.2e-06	-1.04e-06	-0.000535349
5.72e-06	-1.04e-06	0.000496576
6.24e-06	-1.04e-06	-0.000452134
6.76e-06	-1.04e-06	0.000403038
7.28e-06	-1.04e-06	-0.000350234
7.8e-06	-1.04e-06	0.000294675
8.32e-06	-1.04e-06	-0.000237418
8.84e-06	-1.04e-06	0.000179759
9.36e-06	-1.04e-06	-0.000123367
9.88e-06	-1.04e-06	7.00872e-05

-9.88e-06	-1.56e-06	-1.21424e-05
-9.36e-06	-1.56e-06	3.56713e-05
-8.84e-06	-1.56e-06	-5.49142e-05
-8.32e-06	-1.56e-06	7.20321e-05
-7.8e-06	-1.56e-06	-8.77275e-05
-7.28e-06	-1.56e-06	0.000102151
-6.76e-06	-1.56e-06	-0.000115251
-6.24e-06	-1.56e-06	0.000126887
-5.72e-06	-1.56e-06	-0.000136857
-5.2e-06	-1.56e-06	0.000144898
-4.68e-06	-1.56e-06	-0.00015066
-4.16e-06	-1.56e-06	0.000153662
-3.64e-06	-1.56e-06	-0.000153223
-3.12e-06	-1.56e-06	0.000148364
-2.6e-06	-1.56e-06	-0.000137651
-2.08e-06	-1.56e-06	0.00011901
-1.56e-06	-1.56e-06	-8.9946e-05
-1.04e-06	-1.56e-06	5.1888e-05
-5.2e-07	-1.56e-06	-3.23327e-05
0	-1.56e-06	3.57528e-05
5.2e-07	-1.56e-06	-6.05635e-05
1.04e-06	-1.56e-06	9.22985e-05
1.56e-06	-1.56e-06	-0.000118816
2.08e-06	-1.56e-06	0.00013695
2.6e-06	-1.56e-06	-0.000147526
3.12e-06	-1.56e-06	0.000152205
3.64e-06	-1.56e-06	-0.000152429
4.16e-06	-1.56e-06	0.000149248
4.68e-06	-1.56e-06	-0.000143398
5.2e-06	-1.56e-06	0.0001354
5.72e-06	-1.56e-06	-0.000125643
6.24e-06	-1.56e-06	0.000114435
6.76e-06	-1.56e-06	-0.000102041
7.28e-06	-1.56e-06	8.87059e-05
7.8e-06	-1.56e-06	-7.46795e-05
8.32e-06	-1.56e-06	6.02382e-05
8.84e-06	-1.56e-06	-4.57171e-05
9.36e-06	-1.56e-06	3.15344e-05
9.88e-06	-1.56e-06	-1.81687e-05

-9.88e-06	-2.08e-06	2.44331e-06
-9.36e-06	-2.08e-06	-8.71843e-06
-8.84e-06	-2.08e-06	1.37634e-05
-8.32e-06	-2.08e-06	-1.81715e-05
-7.8e-06	-2.08e-06	2.21732e-05
-7.28e-06	-2.08e-06	-2.58336e-05
-6.76e-06	-2.08e-06	2.91498e-05
-6.24e-06	-2.08e-06	-3.20892e-05
-5.72e-06	-2.08e-06	3.46012e-05
-5.2e-06	-2.08e-06	-3.66172e-05
-4.68e-06	-2.08e-06	3.80451e-05
-4.16e-06	-2.08e-06	-3.87582e-05
-3.64e-06	-2.08e-06	3.85774e-05
-3.12e-06	-2.08e-06	-3.72466e-05
-2.6e-06	-2.08e-06	3.44051e-05
-2.08e-06	-2.08e-06	-2.95947e-05
-1.56e-06	-2.08e-06	2.2506e-05
-1.04e-06	-2.08e-06	-1.41821e-05
-5.2e-07	-2.08e-06	9.62956e-06
0	-2.08e-06	-1.03604e-05
5.2e-07	-2.08e-06	1.58667e-05
1.04e-06	-2.08e-06	-2.3197e-05
1.56e-06	-2.08e-06	2.96584e-05
2.08e-06	-2.08e-06	-3.42645e-05
2.6e-06	-2.08e-06	3.70388e-05
3.12e-06	-2.08e-06	-3.8319e-05
3.64e-06	-2.08e-06	3.8448e-05
4.16e-06	-2.08e-06	-3.76928e-05
4.68e-06	-2.08e-06	3.62453e-05
5.2e-06	-2.08e-06	-3.42432e-05
5.72e-06	-2.08e-06	3.17888e-05
6.24e-06	-2.08e-06	-2.89628e-05
6.76e-06	-2.08e-06	2.58344e-05
7.28e-06	-2.08e-06	-2.24675e-05
7.8e-06	-2.08e-06	1.89271e-05
8.32e-06	-2.08e-06	-1.52852e-05
8.84e-06	-2.08e-06	1.16285e-05
9.36e-06	-2.08e-06	-8.06359e-06
9.88e-06	-2.08e-06	4.71827e-06

-9.88e-06	-2.6e-06	-4.64925e-07
-9.36e-06	-2.6e-06	2.12164e-06
-8.84e-06	-2.6e-06	-3.44307e-06
-8.32e-06	-2.6e-06	4.58058e-06
-7.8e-06	-2.6e-06	-5.60265e-06
-7.28e-06	-2.6e-06	6.5324e-06
-6.76e-06	-2.6e-06	-7.37217e-06
-6.24e-06	-2.6e-06	8.11478e-06
-5.72e-06	-2.6e-06	-8.74752e-06
-5.2e-06	-2.6e-06	9.25264e-06
-4.68e-06	-2.6e-06	-9.606e-06
-4.16e-06	-2.6e-06	9.77427e-06
-3.64e-06	-2.6e-06	-9.71059e-06
-3.12e-06	-2.6e-06	9.34938e-06
-2.6e-06	-2.6e-06	-8.60367e-06
-2.08e-06	-2.6e-06	7.38136e-06
-1.56e-06	-2.6e-06	-5.67372e-06
-1.04e-06	-2.6e-06	3.81686e-06
-5.2e-07	-2.6e-06	-2.76779e-06
0	-2.6e-06	2.9206e-06
5.2e-07	-2.6e-06	-4.15354e-06
1.04e-06	-2.6e-06	5.85271e-06
1.56e-06	-2.6e-06	-7.41854e-06
2.08e-06	-2.6e-06	8.57826e-06
2.6e-06	-2.6e-06	-9.29934e-06
3.12e-06	-2.6e-06	9.6456e-06
3.64e-06	-2.6e-06	-9.69635e-06
4.16e-06	-2.6e-06	9.51814e-06
4.68e-06	-2.6e-06	-9.16057e-06
5.2e-06	-2.6e-06	8.65973e-06
5.72e-06	-2.6e-06	-8.04252e-06
6.24e-06	-2.6e-06	7.33016e-06
6.76e-06	-2.6e-06	-6.54066e-06
7.28e-06	-2.6e-06	5.69071e-06
7.8e-06	-2.6e-06	-4.79721e-06
8.32e-06	-2.6e-06	3.87894e-06
8.84e-06	-2.6e-06	-2.95827e-06
9.36e-06	-2.6e-06	2.06258e-06
9.88e-06	-2.6e-06	-1.22555e-06

-9.88e-06	-3.12e-06	8.05794e-08
-9.36e-06	-3.12e-06	-5.1446e-07
-8.84e-06	-3.12e-06	8.59848e-07
-8.32e-06	-3.12e-06	-1.15374e-06
-7.8e-06	-3.12e-06	1.41519e-06
-7.28e-06	-3.12e-06	-1.65157e-06
-6.76e-06	-3.12e-06	1.86432e-06
-6.24e-06	-3.12e-06	-2.05195e-06
-5.72e-06	-3.12e-06	2.2113e-06
-5.2e-06	-3.12e-06	-2.33779e-06
-4.68e-06	-3.12e-06	2.4251e-06
-4.16e-06	-3.12e-06	-2.46452e-06
-3.64e-06	-3.12e-06	2.4439e-06
-3.12e-06	-3.12e-06	-2.34682e-06
-2.6e-06	-3.12e-06	2.15314e-06
-2.08e-06	-3.12e-06	-1.84617e-06
-1.56e-06	-3.12e-06	1.43728e-06
-1.04e-06	-3.12e-06	-1.01703e-06
-5.2e-07	-3.12e-06	7.75977e-07
0	-3.12e-06	-8.0771e-07
5.2e-07	-3.12e-06	1.0859e-06
1.04e-06	-3.12e-06	-1.48109e-06
1.56e-06	-3.12e-06	1.85923e-06
2.08e-06	-3.12e-06	-2.14917e-06
2.6e-06	-3.12e-06	2.33504e-06
3.12e-06	-3.12e-06	-2.42771e-06
3.64e-06	-3.12e-06	2.445e-06
4.16e-06	-3.12e-06	-2.40321e-06
4.68e-06	-3.12e-06	2.31501e-06
5.2e-06	-3.12e-06	-2.18981e-06
5.72e-06	-3.12e-06	2.03466e-06
6.24e-06	-3.12e-06	-1.85514e-06
6.76e-06	-3.12e-06	1.65594e-06
7.28e-06	-3.12e-06	-1.44141e-06
7.8e-06	-3.12e-06	1.21595e-06
8.32e-06	-3.12e-06	-9.84453e-07
8.84e-06	-3.12e-06	7.52689e-07
9.36e-06	-3.12e-06	-5.27703e-07
9.88e-06	-3.12e-06	3.18159e-07

-9.88e-06	-3.64e-06	-1.14404e-08
-9.36e-06	-3.64e-06	1.24366e-07
-8.84e-06	-3.64e-06	-2.14407e-07
-8.32e-06	-3.64e-06	2.90376e-07
-7.8e-06	-3.64e-06	-3.57336e-07
-7.28e-06	-3.64e-06	4.17492e-07
-6.76e-06	-3.64e-06	-4.71415e-07
-6.24e-06	-3.64e-06	5.18828e-07
-5.72e-06	-3.64e-06	-5.58953e-07
-5.2e-06	-3.64e-06	5.9061e-07
-4.68e-06	-3.64e-06	-6.12156e-07
-4.16e-06	-3.64e-06	6.21318e-07
-3.64e-06	-3.64e-06	-6.14996e-07
-3.12e-06	-3.64e-06	5.89154e-07
-2.6e-06	-3.64e-06	-5.39319e-07
-2.08e-06	-3.64e-06	4.62895e-07
-1.56e-06	-3.64e-06	-3.65257e-07
-1.04e-06	-3.64e-06	2.69109e-07
-5.2e-07	-3.64e-06	-2.13668e-07
0	-3.64e-06	2.20266e-07
5.2e-07	-3.64e-06	-2.83466e-07
1.04e-06	-3.64e-06	3.75669e-07
1.56e-06	-3.64e-06	-4.66785e-07
2.08e-06	-3.64e-06	5.38868e-07
2.6e-06	-3.64e-06	-5.86435e-07
3.12e-06	-3.64e-06	6.10998e-07
3.64e-06	-3.64e-06	-6.16447e-07
4.16e-06	-3.64e-06	6.06707e-07
4.68e-06	-3.64e-06	-5.84982e-07
5.2e-06	-3.64e-06	5.53706e-07
5.72e-06	-3.64e-06	-5.14724e-07
6.24e-06	-3.64e-06	4.69493e-07
6.76e-06	-3.64e-06	-4.19241e-07
7.28e-06	-3.64e-06	3.65103e-07
7.8e-06	-3.64e-06	-3.08224e-07
8.32e-06	-3.64e-06	2.49872e-07
8.84e-06	-3.64e-06	-1.91537e-07
9.36e-06	-3.64e-06	1.35026e-07
9.88e-06	-3.64e-06	-8.25232e-08

-9.88e-06	-4.16e-06	7.29905e-10
-9.36e-06	-4.16e-06	-2.99812e-08
-8.84e-06	-4.16e-06	5.33919e-08
-8.32e-06	-4.16e-06	-7.30276e-08
-7.8e-06	-4.16e-06	9.01936e-08
-7.28e-06	-4.16e-06	-1.05516e-07
-6.76e-06	-4.16e-06	1.19191e-07
-6.24e-06	-4.16e-06	-1.31174e-07
-5.72e-06	-4.16e-06	1.41276e-07
-5.2e-06	-4.16e-06	-1.49195e-07
-4.68e-06	-4.16e-06	1.54504e-07
-4.16e-06	-4.16e-06	-1.56618e-07
-3.64e-06	-4.16e-06	1.54751e-07
-3.12e-06	-4.16e-06	-1.47936e-07
-2.6e-06	-4.16e-06	1.35217e-07
-2.08e-06	-4.16e-06	-1.16312e-07
-1.56e-06	-4.16e-06	9.30176e-08
-1.04e-06	-4.16e-06	-7.08371e-08
-5.2e-07	-4.16e-06	5.80497e-08
0	-4.16e-06	-5.94299e-08
5.2e-07	-4.16e-06	7.38762e-08
1.04e-06	-4.16e-06	-9.54527e-08
1.56e-06	-4.16e-06	1.17379e-07
2.08e-06	-4.16e-06	-1.35221e-07
2.6e-06	-4.16e-06	1.47317e-07
3.12e-06	-4.16e-06	-1.53772e-07
3.64e-06	-4.16e-06	1.55406e-07
4.16e-06	-4.16e-06	-1.5315e-07
4.68e-06	-4.16e-06	1.47806e-07
5.2e-06	-4.16e-06	-1.39998e-07
5.72e-06	-4.16e-06	1.30208e-07
6.24e-06	-4.16e-06	-1.18815e-07
6.76e-06	-4.16e-06	1.06141e-07
7.28e-06	-4.16e-06	-9.24809e-08
7.8e-06	-4.16e-06	7.81337e-08
8.32e-06	-4.16e-06	-6.34275e-08
8.84e-06	-4.16e-06	4.87463e-08
9.36e-06	-4.16e-06	-3.45503e-08
9.88e-06	-4.16e-06	2.13834e-08

-9.88e-06	-4.68e-06	3.40677e-10
-9.36e-06	-4.68e-06	7.2088e-09
-8.84e-06	-4.68e-06	-1.32801e-08
-8.32e-06	-4.68e-06	1.8353e-08
-7.8e-06	-4.68e-06	-2.27566e-08
-7.28e-06	-4.68e-06	2.66625e-08
-6.76e-06	-4.68e-06	-3.01322e-08
-6.24e-06	-4.68e-06	3.31614e-08
-5.72e-06	-4.68e-06	-3.57045e-08
-5.2e-06	-4.68e-06	3.76845e-08
-4.68e-06	-4.68e-06	-3.89914e-08
-4.16e-06	-4.68e-06	3.94749e-08
-3.64e-06	-4.68e-06	-3.89398e-08
-3.12e-06	-4.68e-06	3.71579e-08
-2.6e-06	-4.68e-06	-3.3934e-08
-2.08e-06	-4.68e-06	2.92795e-08
-1.56e-06	-4.68e-06	-2.37211e-08
-1.04e-06	-4.68e-06	1.85705e-08
-5.2e-07	-4.68e-06	-1.56102e-08
0	-4.68e-06	1.59013e-08
5.2e-07	-4.68e-06	-1.92221e-08
1.04e-06	-4.68e-06	2.42855e-08
1.56e-06	-4.68e-06	-2.95582e-08
2.08e-06	-4.68e-06	3.39589e-08
2.6e-06	-4.68e-06	-3.70184e-08
3.12e-06	-4.68e-06	3.87013e-08
3.64e-06	-4.68e-06	-3.91746e-08
4.16e-06	-4.68e-06	3.86557e-08
4.68e-06	-4.68e-06	-3.73425e-08
5.2e-06	-4.68e-06	3.53947e-08
5.72e-06	-4.68e-06	-3.29367e-08
6.24e-06	-4.68e-06	3.00679e-08
6.76e-06	-4.68e-06	-2.68719e-08
7.28e-06	-4.68e-06	2.3426e-08
7.8e-06	-4.68e-06	-1.98076e-08
8.32e-06	-4.68e-06	1.61017e-08
8.84e-06	-4.68e-06	-1.24071e-08
9.36e-06	-4.68e-06	8.84027e-09
9.88e-06	-4.68e-06	-5.53529e-09

-9.88e-06	-5.2e-06	-2.14136e-10
-9.36e-06	-5.2e-06	-1.72881e-09
-8.84e-06	-5.2e-06	3.29967e-09
-8.32e-06	-5.2e-06	-4.60933e-09
-7.8e-06	-5.2e-06	5.73946e-09
-7.28e-06	-5.2e-06	-6.73581e-09
-6.76e-06	-5.2e-06	7.61666e-09
-6.24e-06	-5.2e-06	-8.38257e-09
-5.72e-06	-5.2e-06	9.02275e-09
-5.2e-06	-5.2e-06	-9.51764e-09
-4.68e-06	-5.2e-06	9.83901e-09
-4.16e-06	-5.2e-06	-9.94872e-09
-3.64e-06	-5.2e-06	9.79873e-09
-3.12e-06	-5.2e-06	-9.33643e-09
-2.6e-06	-5.2e-06	8.524e-09
-2.08e-06	-5.2e-06	-7.38193e-09
-1.56e-06	-5.2e-06	6.05477e-09
-1.04e-06	-5.2e-06	-4.8523e-09
-5.2e-07	-5.2e-06	4.1643e-09
0	-5.2e-06	-4.22623e-09
5.2e-07	-5.2e-06	4.9935e-09
1.04e-06	-5.2e-06	-6.18492e-09
1.56e-06	-5.2e-06	7.45255e-09
2.08e-06	-5.2e-06	-8.53496e-09
2.6e-06	-5.2e-06	9.30523e-09
3.12e-06	-5.2e-06	-9.74097e-09
3.64e-06	-5.2e-06	9.87455e-09
4.16e-06	-5.2e-06	-9.75596e-09
4.68e-06	-5.2e-06	9.43362e-09
5.2e-06	-5.2e-06	-8.94796e-09
5.72e-06	-5.2e-06	8.33111e-09
6.24e-06	-5.2e-06	-7.6089e-09
6.76e-06	-5.2e-06	6.8032e-09
7.28e-06	-5.2e-06	-5.93405e-09
7.8e-06	-5.2e-06	5.02162e-09
8.32e-06	-5.2e-06	-4.0879e-09
8.84e-06	-5.2e-06	3.15813e-09
9.36e-06	-5.2e-06	-2.2617e-09
9.88e-06	-5.2e-06	1.43146e-09

-9.88e-06	-5.72e-06	8.54405e-11
-9.36e-06	-5.72e-06	4.13495e-10
-8.84e-06	-5.72e-06	-8.19089e-10
-8.32e-06	-5.72e-06	1.15691e-09
-7.8e-06	-5.72e-06	-1.447e-09
-7.28e-06	-5.72e-06	1.70131e-09
-6.76e-06	-5.72e-06	-1.92504e-09
-6.24e-06	-5.72e-06	2.11875e-09
-5.72e-06	-5.72e-06	-2.27989e-09
-5.2e-06	-5.72e-06	2.40355e-09
-4.68e-06	-5.72e-06	-2.48252e-09
-4.16e-06	-5.72e-06	2.50721e-09
-3.64e-06	-5.72e-06	-2.46594e-09
-3.12e-06	-5.72e-06	2.34682e-09
-2.6e-06	-5.72e-06	-2.14307e-09
-2.08e-06	-5.72e-06	1.86354e-09
-1.56e-06	-5.72e-06	-1.54636e-09
-1.04e-06	-5.72e-06	1.26437e-09
-5.2e-07	-5.72e-06	-1.10384e-09
0	-5.72e-06	1.11714e-09
5.2e-07	-5.72e-06	-1.29525e-09
1.04e-06	-5.72e-06	1.5763e-09
1.56e-06	-5.72e-06	-1.88106e-09
2.08e-06	-5.72e-06	2.14672e-09
2.6e-06	-5.72e-06	-2.33987e-09
3.12e-06	-5.72e-06	2.452e-09
3.64e-06	-5.72e-06	-2.48895e-09
4.16e-06	-5.72e-06	2.46203e-09
4.68e-06	-5.72e-06	-2.38297e-09
5.2e-06	-5.72e-06	2.26194e-09
5.72e-06	-5.72e-06	-2.1072e-09
6.24e-06	-5.72e-06	1.92544e-09
6.76e-06	-5.72e-06	-1.72236e-09
7.28e-06	-5.72e-06	1.50318e-09
7.8e-06	-5.72e-06	-1.27314e-09
8.32e-06	-5.72e-06	1.0379e-09
8.84e-06	-5.72e-06	-8.03912e-10
9.36e-06	-5.72e-06	5.78558e-10
9.88e-06	-5.72e-06	-3.69846e-10

-9.88e-06	-6.24e-06	-2.92793e-11
-9.36e-06	-6.24e-06	-9.86178e-11
-8.84e-06	-6.24e-06	2.03151e-10
-8.32e-06	-6.24e-06	-2.90212e-10
-7.8e-06	-6.24e-06	3.64674e-10
-7.28e-06	-6.24e-06	-4.29612e-10
-6.76e-06	-6.24e-06	4.86463e-10
-6.24e-06	-6.24e-06	-5.35469e-10
-5.72e-06	-6.24e-06	5.76036e-10
-5.2e-06	-6.24e-06	-6.06928e-10
-4.68e-06	-6.24e-06	6.26323e-10
-4.16e-06	-6.24e-06	-6.31833e-10
-3.64e-06	-6.24e-06	6.2065e-10
-3.12e-06	-6.24e-06	-5.9014e-10
-2.6e-06	-6.24e-06	5.39247e-10
-2.08e-06	-6.24e-06	-4.70957e-10
-1.56e-06	-6.24e-06	3.95069e-10
-1.04e-06	-6.24e-06	-3.28687e-10
-5.2e-07	-6.24e-06	2.9109e-10
0	-6.24e-06	-2.93973e-10
5.2e-07	-6.24e-06	3.35492e-10
1.04e-06	-6.24e-06	-4.01947e-10
1.56e-06	-6.24e-06	4.75237e-10
2.08e-06	-6.24e-06	-5.40326e-10
2.6e-06	-6.24e-06	5.88595e-10
3.12e-06	-6.24e-06	-6.17297e-10
3.64e-06	-6.24e-06	6.27352e-10
4.16e-06	-6.24e-06	-6.2128e-10
4.68e-06	-6.24e-06	6.01901e-10
5.2e-06	-6.24e-06	-5.71756e-10
5.72e-06	-6.24e-06	5.32951e-10
6.24e-06	-6.24e-06	-4.87221e-10
6.76e-06	-6.24e-06	4.36046e-10
7.28e-06	-6.24e-06	-3.80785e-10
7.8e-06	-6.24e-06	3.22794e-10
8.32e-06	-6.24e-06	-2.63533e-10
8.84e-06	-6.24e-06	2.04644e-10
9.36e-06	-6.24e-06	-1.47975e-10
9.88e-06	-6.24e-06	9.5475e-11

-9.88e-06	-6.76e-06	9.29104e-12
-9.36e-06	-6.76e-06	2.34476e-11
-8.84e-06	-6.76e-06	-5.03454e-11
-8.32e-06	-6.76e-06	7.2761e-11
-7.8e-06	-6.76e-06	-9.1872e-11
-7.28e-06	-6.76e-06	1.0846e-10
-6.76e-06	-6.76e-06	-1.22912e-10
-6.24e-06	-6.76e-06	1.35314e-10
-5.72e-06	-6.76e-06	-1.45527e-10
-5.2e-06	-6.76e-06	1.53243e-10
-4.68e-06	-6.76e-06	-1.58006e-10
-4.16e-06	-6.76e-06	1.59225e-10
-3.64e-06	-6.76e-06	-1.56234e-10
-3.12e-06	-6.76e-06	1.48461e-10
-2.6e-06	-6.76e-06	-1.35791e-10
-2.08e-06	-6.76e-06	1.19129e-10
-1.56e-06	-6.76e-06	-1.00952e-10
-1.04e-06	-6.76e-06	8.5273e-11
-5.2e-07	-6.76e-06	-7.64368e-11
0	-6.76e-06	7.70667e-11
5.2e-07	-6.76e-06	-8.67829e-11
1.04e-06	-6.76e-06	1.02532e-10
1.56e-06	-6.76e-06	-1.20164e-10
2.08e-06	-6.76e-06	1.3609e-10
2.6e-06	-6.76e-06	-1.48117e-10
3.12e-06	-6.76e-06	1.55429e-10
3.64e-06	-6.76e-06	-1.58129e-10
4.16e-06	-6.76e-06	1.56769e-10
4.68e-06	-6.76e-06	-1.52021e-10
5.2e-06	-6.76e-06	1.44515e-10
5.72e-06	-6.76e-06	-1.34787e-10
6.24e-06	-6.76e-06	1.23285e-10
6.76e-06	-6.76e-06	-1.10392e-10
7.28e-06	-6.76e-06	9.64615e-11
7.8e-06	-6.76e-06	-8.18446e-11
8.32e-06	-6.76e-06	6.69166e-11
8.84e-06	-6.76e-06	-5.20949e-11
9.36e-06	-6.76e-06	3.784e-11
9.88e-06	-6.76e-06	-2.46271e-11

-9.88e-06	-7.28e-06	-2.81457e-12
-9.36e-06	-7.28e-06	-5.55586e-12
-8.84e-06	-7.28e-06	1.24674e-11
-8.32e-06	-7.28e-06	-1.82333e-11
-7.8e-06	-7.28e-06	2.31372e-11
-7.28e-06	-7.28e-06	-2.73752e-11
-6.76e-06	-7.28e-06	3.10508e-11
-6.24e-06	-7.28e-06	-3.41899e-11
-5.72e-06	-7.28e-06	3.67614e-11
-5.2e-06	-7.28e-06	-3.86891e-11
-4.68e-06	-7.28e-06	3.98589e-11
-4.16e-06	-7.28e-06	-4.01261e-11
-3.64e-06	-7.28e-06	3.93346e-11
-3.12e-06	-7.28e-06	-3.73636e-11
-2.6e-06	-7.28e-06	3.42184e-11
-2.08e-06	-7.28e-06	-3.0157e-11
-1.56e-06	-7.28e-06	2.57978e-11
-1.04e-06	-7.28e-06	-2.20838e-11
-5.2e-07	-7.28e-06	2.00004e-11
0	-7.28e-06	-2.01391e-11
5.2e-07	-7.28e-06	2.24208e-11
1.04e-06	-7.28e-06	-2.61607e-11
1.56e-06	-7.28e-06	3.04049e-11
2.08e-06	-7.28e-06	-3.42975e-11
2.6e-06	-7.28e-06	3.72871e-11
3.12e-06	-7.28e-06	-3.91416e-11
3.64e-06	-7.28e-06	3.98586e-11
4.16e-06	-7.28e-06	-3.95562e-11
4.68e-06	-7.28e-06	3.83933e-11
5.2e-06	-7.28e-06	-3.65249e-11
5.72e-06	-7.28e-06	3.40872e-11
6.24e-06	-7.28e-06	-3.11948e-11
6.76e-06	-7.28e-06	2.79473e-11
7.28e-06	-7.28e-06	-2.44362e-11
7.8e-06	-7.28e-06	2.07524e-11
8.32e-06	-7.28e-06	-1.69922e-11
8.84e-06	-7.28e-06	1.32614e-11
9.36e-06	-7.28e-06	-9.67462e-12
9.88e-06	-7.28e-06	6.34769e-12

-9.88e-06	-7.8e-06	8.26646e-13
-9.36e-06	-7.8e-06	1.31138e-12
-8.84e-06	-7.8e-06	-3.08519e-12
-8.32e-06	-7.8e-06	4.56695e-12
-7.8e-06	-7.8e-06	-5.82492e-12
-7.28e-06	-7.8e-06	6.90788e-12
-6.76e-06	-7.8e-06	-7.84295e-12
-6.24e-06	-7.8e-06	8.63772e-12
-5.72e-06	-7.8e-06	-9.28543e-12
-5.2e-06	-7.8e-06	9.76697e-12
-4.68e-06	-7.8e-06	-1.00544e-11
-4.16e-06	-7.8e-06	1.01125e-11
-3.64e-06	-7.8e-06	-9.905e-12
-3.12e-06	-7.8e-06	9.40731e-12
-2.6e-06	-7.8e-06	-8.62831e-12
-2.08e-06	-7.8e-06	7.63894e-12
-1.56e-06	-7.8e-06	-6.59241e-12
-1.04e-06	-7.8e-06	5.71032e-12
-5.2e-07	-7.8e-06	-5.21764e-12
0	-7.8e-06	5.24841e-12
5.2e-07	-7.8e-06	-5.7859e-12
1.04e-06	-7.8e-06	6.67582e-12
1.56e-06	-7.8e-06	-7.69795e-12
2.08e-06	-7.8e-06	8.64869e-12
2.6e-06	-7.8e-06	-9.39013e-12
3.12e-06	-7.8e-06	9.85875e-12
3.64e-06	-7.8e-06	-1.00474e-11
4.16e-06	-7.8e-06	9.98064e-12
4.68e-06	-7.8e-06	-9.6958e-12
5.2e-06	-7.8e-06	9.23087e-12
5.72e-06	-7.8e-06	-8.62011e-12
6.24e-06	-7.8e-06	7.89299e-12
6.76e-06	-7.8e-06	-7.07515e-12
7.28e-06	-7.8e-06	6.19037e-12
7.8e-06	-7.8e-06	-5.2621e-12
8.32e-06	-7.8e-06	4.31493e-12
8.84e-06	-7.8e-06	-3.3758e-12
9.36e-06	-7.8e-06	2.47302e-12
9.88e-06	-7.8e-06	-1.63507e-12

-9.88e-06	-8.32e-06	-2.37552e-13
-9.36e-06	-8.32e-06	-3.08263e-13
-8.84e-06	-8.32e-06	7.62788e-13
-8.32e-06	-8.32e-06	-1.14349e-12
-7.8e-06	-8.32e-06	1.46585e-12
-7.28e-06	-8.32e-06	-1.7428e-12
-6.76e-06	-8.32e-06	1.98057e-12
-6.24e-06	-8.32e-06	-2.182e-12
-5.72e-06	-8.32e-06	2.34506e-12
-5.2e-06	-8.32e-06	-2.46546e-12
-4.68e-06	-8.32e-06	2.53613e-12
-4.16e-06	-8.32e-06	-2.5486e-12
-3.64e-06	-8.32e-06	2.49469e-12
-3.12e-06	-8.32e-06	-2.36946e-12
-2.6e-06	-8.32e-06	2.17686e-12
-2.08e-06	-8.32e-06	-1.936e-12
-1.56e-06	-8.32e-06	1.68445e-12
-1.04e-06	-8.32e-06	-1.47449e-12
-5.2e-07	-8.32e-06	1.35768e-12
0	-8.32e-06	-1.36451e-12
5.2e-07	-8.32e-06	1.49152e-12
1.04e-06	-8.32e-06	-1.70363e-12
1.56e-06	-8.32e-06	1.94998e-12
2.08e-06	-8.32e-06	-2.18199e-12
2.6e-06	-8.32e-06	2.36557e-12
3.12e-06	-8.32e-06	-2.48358e-12
3.64e-06	-8.32e-06	2.53279e-12
4.16e-06	-8.32e-06	-2.51822e-12
4.68e-06	-8.32e-06	2.44839e-12
5.2e-06	-8.32e-06	-2.33276e-12
5.72e-06	-8.32e-06	2.17977e-12
6.24e-06	-8.32e-06	-1.99705e-12
6.76e-06	-8.32e-06	1.79111e-12
7.28e-06	-8.32e-06	-1.56819e-12
7.8e-06	-8.32e-06	1.33428e-12
8.32e-06	-8.32e-06	-1.09576e-12
8.84e-06	-8.32e-06	8.59251e-13
9.36e-06	-8.32e-06	-6.3205e-13
9.88e-06	-8.32e-06	4.20777e-13

-9.88e-06	-8.84e-06	6.70319e-14
-9.36e-06	-8.84e-06	7.20014e-14
-8.84e-06	-8.84e-06	-1.88513e-13
-8.32e-06	-8.84e-06	2.85996e-13
-7.8e-06	-8.84e-06	-3.68788e-13
-7.28e-06	-8.84e-06	4.39427e-13
-6.76e-06	-8.84e-06	-5.00018e-13
-6.24e-06	-8.84e-06	5.50975e-13
-5.72e-06	-8.84e-06	-5.92093e-13
-5.2e-06	-8.84e-06	6.22181e-13
-4.68e-06	-8.84e-06	-6.39557e-13
-4.16e-06	-8.84e-06	6.42219e-13
-3.64e-06	-8.84e-06	-6.28319e-13
-3.12e-06	-8.84e-06	5.96864e-13
-2.6e-06	-8.84e-06	-5.49413e-13
-2.08e-06	-8.84e-06	4.90763e-13
-1.56e-06	-8.84e-06	-4.30235e-13
-1.04e-06	-8.84e-06	3.80168e-13
-5.2e-07	-8.84e-06	-3.52398e-13
0	-8.84e-06	3.53965e-13
5.2e-07	-8.84e-06	-3.84009e-13
1.04e-06	-8.84e-06	4.34694e-13
1.56e-06	-8.84e-06	-4.94026e-13
2.08e-06	-8.84e-06	5.50668e-13
2.6e-06	-8.84e-06	-5.95993e-13
3.12e-06	-8.84e-06	6.25652e-13
3.64e-06	-8.84e-06	-6.38387e-13
4.16e-06	-8.84e-06	6.35227e-13
4.68e-06	-8.84e-06	-6.18124e-13
5.2e-06	-8.84e-06	5.89329e-13
5.72e-06	-8.84e-06	-5.51067e-13
6.24e-06	-8.84e-06	5.051e-13
6.76e-06	-8.84e-06	-4.53347e-13
7.28e-06	-8.84e-06	3.97168e-13
7.8e-06	-8.84e-06	-3.38269e-13
8.32e-06	-8.84e-06	2.78158e-13
8.84e-06	-8.84e-06	-2.18618e-13
9.36e-06	-8.84e-06	1.61385e-13
9.88e-06	-8.84e-06	-1.07968e-13

-9.88e-06	-9.36e-06	-1.85716e-14
-9.36e-06	-9.36e-06	-1.66303e-14
-8.84e-06	-9.36e-06	4.64455e-14
-8.32e-06	-9.36e-06	-7.12296e-14
-7.8e-06	-9.36e-06	9.24763e-14
-7.28e-06	-9.36e-06	-1.10318e-13
-6.76e-06	-9.36e-06	1.25783e-13
-6.24e-06	-9.36e-06	-1.38619e-13
-5.72e-06	-9.36e-06	1.48934e-13
-5.2e-06	-9.36e-06	-1.56463e-13
-4.68e-06	-9.36e-06	1.60666e-13
-4.16e-06	-9.36e-06	-1.61317e-13
-3.64e-06	-9.36e-06	1.57642e-13
-3.12e-06	-9.36e-06	-1.49942e-13
-2.6e-06	-9.36e-06	1.38181e-13
-2.08e-06	-9.36e-06	-1.24001e-13
-1.56e-06	-9.36e-06	1.09466e-13
-1.04e-06	-9.36e-06	-9.7526e-14
-5.2e-07	-9.36e-06	9.09523e-14
0	-9.36e-06	-9.1284e-14
5.2e-07	-9.36e-06	9.84329e-14
1.04e-06	-9.36e-06	-1.10482e-13
1.56e-06	-9.36e-06	1.24781e-13
2.08e-06	-9.36e-06	-1.38523e-13
2.6e-06	-9.36e-06	1.4969e-13
3.12e-06	-9.36e-06	-1.57076e-13
3.64e-06	-9.36e-06	1.60357e-13
4.16e-06	-9.36e-06	-1.59671e-13
4.68e-06	-9.36e-06	1.55478e-13
5.2e-06	-9.36e-06	-1.48365e-13
5.72e-06	-9.36e-06	1.38793e-13
6.24e-06	-9.36e-06	-1.27336e-13
6.76e-06	-9.36e-06	1.14286e-13
7.28e-06	-9.36e-06	-1.00277e-13
7.8e-06	-9.36e-06	8.53934e-14
8.32e-06	-9.36e-06	-7.03935e-14
8.84e-06	-9.36e-06	5.53551e-14
9.36e-06	-9.36e-06	-4.07345e-14
9.88e-06	-9.36e-06	2.67792e-14

-9.88e-06	-9.88e-06	4.9115e-15
-9.36e-06	-9.88e-06	3.78372e-15
-8.84e-06	-9.88e-06	-1.068e-14
-8.32e-06	-9.88e-06	1.68644e-14
-7.8e-06	-9.88e-06	-2.17583e-14
-7.28e-06	-9.88e-06	2.62801e-14
-6.76e-06	-9.88e-06	-2.97895e-14
-6.24e-06	-9.88e-06	3.29465e-14
-5.72e-06	-9.88e-06	-3.53696e-14
-5.2e-06	-9.88e-06	3.70436e-14
-4.68e-06	-9.88e-06	-3.8183e-14
-4.16e-06	-9.88e-06	3.81822e-14
-3.64e-06	-9.88e-06	-3.74497e-14
-3.12e-06	-9.88e-06	3.54713e-14
-2.6e-06	-9.88e-06	-3.28373e-14
-2.08e-06	-9.88e-06	2.95435e-14
-1.56e-06	-9.88e-06	-2.62506e-14
-1.04e-06	-9.88e-06	2.35587e-14
-5.2e-07	-9.88e-06	-2.20528e-14
0	-9.88e-06	2.21456e-14
5.2e-07	-9.88e-06	-2.37381e-14
1.04e-06	-9.88e-06	2.64737e-14
1.56e-06	-9.88e-06	-2.97258e-14
2.08e-06	-9.88e-06	3.28932e-14
2.6e-06	-9.88e-06	-3.54939e-14
3.12e-06	-9.88e-06	3.72279e-14
3.64e-06	-9.88e-06	-3.80205e-14
4.16e-06	-9.88e-06	3.78697e-14
4.68e-06	-9.88e-06	-3.69219e-14
5.2e-06	-9.88e-06	3.52211e-14
5.72e-06	-9.88e-06	-3.29948e-14
6.24e-06	-9.88e-06	3.02485e-14
6.76e-06	-9.88e-06	-2.72274e-14
7.28e-06	-9.88e-06	2.38066e-14
7.8e-06	-9.88e-06	-2.03826e-14
8.32e-06	-9.88e-06	1.6752e-14
8.84e-06	-9.88e-06	-1.31028e-14
9.36e-06	-9.88e-06	8.99374e-15
9.88e-06	-9.88e-06	-1.72734e-15
