
-1.064e-05	1.12e-05	-1.03696e-15
-1.008e-05	1.12e-05	-1.09871e-15
-9.52e-06	1.12e-05	-1.2516e-15
-8.96e-06	1.12e-05	-1.33787e-15
-8.4e-06	1.12e-05	-1.2411e-15
-7.84e-06	1.12e-05	-1.69079e-15
-7.28e-06	1.12e-05	-1.53255e-15
-6.72e-06	1.12e-05	-1.37518e-15
-6.16e-06	1.12e-05	-1.0989e-15
-5.6e-06	1.12e-05	-6.42728e-16
-5.04e-06	1.12e-05	-3.1867e-16
-4.48e-06	1.12e-05	3.24213e-16
-3.92e-06	1.12e-05	9.71854e-16
-3.36e-06	1.12e-05	2.163e-15
-2.8e-06	1.12e-05	3.24586e-15
-2.24e-06	1.12e-05	5.02399e-15
-1.68e-06	1.12e-05	6.37379e-15
-1.12e-06	1.12e-05	8.02458e-15
-5.6e-07	1.12e-05	8.51346e-15
0	1.12e-05	8.68472e-15
5.6e-07	1.12e-05	7.74787e-15
1.12e-06	1.12e-05	6.5805e-15
1.68e-06	1.12e-05	5.07494e-15
2.24e-06	1.12e-05	3.78192e-15
2.8e-06	1.12e-05	2.66904e-15
3.36e-06	1.12e-05	1.87783e-15
3.92e-06	1.12e-05	1.40443e-15
4.48e-06	1.12e-05	1.10284e-15
5.04e-06	1.12e-05	7.95511e-16
5.6e-06	1.12e-05	5.50012e-16
6.16e-06	1.12e-05	6.62479e-16
6.72e-06	1.12e-05	2.1685e-16
7.28e-06	1.12e-05	4.68483e-16
7.84e-06	1.12e-05	-1.9247e-16
8.4e-06	1.12e-05	-4.34277e-16
8.96e-06	1.12e-05	-8.50451e-16
9.52e-06	1.12e-05	-1.12219e-15
1.008e-05	1.12e-05	-1.74498e-15
1.064e-05	1.12e-05	-2.53952e-15

-1.064e-05	1.064e-05	-4.68358e-15
-1.008e-05	1.064e-05	-5.9054e-15
-9.52e-06	1.064e-05	-6.61361e-15
-8.96e-06	1.064e-05	-6.94644e-15
-8.4e-06	1.064e-05	-7.49306e-15
-7.84e-06	1.064e-05	-7.01858e-15
-7.28e-06	1.064e-05	-7.08723e-15
-6.72e-06	1.064e-05	-5.99091e-15
-6.16e-06	1.064e-05	-4.87565e-15
-5.6e-06	1.064e-05	-3.36065e-15
-5.04e-06	1.064e-05	-1.61171e-15
-4.48e-06	1.064e-05	7.40137e-16
-3.92e-06	1.064e-05	4.20836e-15
-3.36e-06	1.064e-05	8.81532e-15
-2.8e-06	1.064e-05	1.49429e-14
-2.24e-06	1.064e-05	2.16199e-14
-1.68e-06	1.064e-05	2.92397e-14
-1.12e-06	1.064e-05	3.55352e-14
-5.6e-07	1.064e-05	3.95394e-14
0	1.064e-05	3.9428e-14
5.6e-07	1.064e-05	3.60114e-14
1.12e-06	1.064e-05	2.96394e-14
1.68e-06	1.064e-05	2.29662e-14
2.24e-06	1.064e-05	1.64699e-14
2.8e-06	1.064e-05	1.15204e-14
3.36e-06	1.064e-05	8.24516e-15
3.92e-06	1.064e-05	6.22754e-15
4.48e-06	1.064e-05	4.42063e-15
5.04e-06	1.064e-05	3.4696e-15
5.6e-06	1.064e-05	2.71784e-15
6.16e-06	1.064e-05	1.86517e-15
6.72e-06	1.064e-05	1.5735e-15
7.28e-06	1.064e-05	4.59232e-16
7.84e-06	1.064e-05	-2.27573e-16
8.4e-06	1.064e-05	-1.92345e-15
8.96e-06	1.064e-05	-3.37224e-15
9.52e-06	1.064e-05	-5.38958e-15
1.008e-05	1.064e-05	-8.23115e-15
1.064e-05	1.064e-05	-1.21953e-14

-1.064e-05	1.008e-05	-2.0698e-14
-1.008e-05	1.008e-05	-2.46388e-14
-9.52e-06	1.008e-05	-2.79456e-14
-8.96e-06	1.008e-05	-3.04748e-14
-8.4e-06	1.008e-05	-3.11866e-14
-7.84e-06	1.008e-05	-3.12903e-14
-7.28e-06	1.008e-05	-2.91515e-14
-6.72e-06	1.008e-05	-2.62642e-14
-6.16e-06	1.008e-05	-2.16588e-14
-5.6e-06	1.008e-05	-1.5621e-14
-5.04e-06	1.008e-05	-7.92077e-15
-4.48e-06	1.008e-05	2.50785e-15
-3.92e-06	1.008e-05	1.6552e-14
-3.36e-06	1.008e-05	3.54792e-14
-2.8e-06	1.008e-05	6.05732e-14
-2.24e-06	1.008e-05	9.17288e-14
-1.68e-06	1.008e-05	1.24443e-13
-1.12e-06	1.008e-05	1.53901e-13
-5.6e-07	1.008e-05	1.71128e-13
0	1.008e-05	1.71082e-13
5.6e-07	1.008e-05	1.54501e-13
1.12e-06	1.008e-05	1.26689e-13
1.68e-06	1.008e-05	9.59948e-14
2.24e-06	1.008e-05	6.90232e-14
2.8e-06	1.008e-05	4.7705e-14
3.36e-06	1.008e-05	3.33845e-14
3.92e-06	1.008e-05	2.38308e-14
4.48e-06	1.008e-05	1.8216e-14
5.04e-06	1.008e-05	1.37169e-14
5.6e-06	1.008e-05	1.09352e-14
6.16e-06	1.008e-05	8.55804e-15
6.72e-06	1.008e-05	5.58021e-15
7.28e-06	1.008e-05	2.88564e-15
7.84e-06	1.008e-05	-1.32328e-15
8.4e-06	1.008e-05	-6.45594e-15
8.96e-06	1.008e-05	-1.35123e-14
9.52e-06	1.008e-05	-2.30314e-14
1.008e-05	1.008e-05	-3.51978e-14
1.064e-05	1.008e-05	-5.02736e-14

-1.064e-05	9.52e-06	-8.62725e-14
-1.008e-05	9.52e-06	-1.04177e-13
-9.52e-06	9.52e-06	-1.18888e-13
-8.96e-06	9.52e-06	-1.2899e-13
-8.4e-06	9.52e-06	-1.33965e-13
-7.84e-06	9.52e-06	-1.32644e-13
-7.28e-06	9.52e-06	-1.25775e-13
-6.72e-06	9.52e-06	-1.12401e-13
-6.16e-06	9.52e-06	-9.34501e-14
-5.6e-06	9.52e-06	-6.837e-14
-5.04e-06	9.52e-06	-3.58468e-14
-4.48e-06	9.52e-06	6.9661e-15
-3.92e-06	9.52e-06	6.46679e-14
-3.36e-06	9.52e-06	1.43836e-13
-2.8e-06	9.52e-06	2.50421e-13
-2.24e-06	9.52e-06	3.83888e-13
-1.68e-06	9.52e-06	5.30624e-13
-1.12e-06	9.52e-06	6.62181e-13
-5.6e-07	9.52e-06	7.40411e-13
0	9.52e-06	7.3993e-13
5.6e-07	9.52e-06	6.62698e-13
1.12e-06	9.52e-06	5.37726e-13
1.68e-06	9.52e-06	4.02256e-13
2.24e-06	9.52e-06	2.8423e-13
2.8e-06	9.52e-06	1.95665e-13
3.36e-06	9.52e-06	1.35451e-13
3.92e-06	9.52e-06	9.73724e-14
4.48e-06	9.52e-06	7.30468e-14
5.04e-06	9.52e-06	5.74821e-14
5.6e-06	9.52e-06	4.54685e-14
6.16e-06	9.52e-06	3.54989e-14
6.72e-06	9.52e-06	2.49825e-14
7.28e-06	9.52e-06	1.24327e-14
7.84e-06	9.52e-06	-3.654e-15
8.4e-06	9.52e-06	-2.52607e-14
8.96e-06	9.52e-06	-5.46641e-14
9.52e-06	9.52e-06	-9.43673e-14
1.008e-05	9.52e-06	-1.46134e-13
1.064e-05	9.52e-06	-2.10884e-13

-1.064e-05	8.96e-06	-3.65485e-13
-1.008e-05	8.96e-06	-4.41559e-13
-9.52e-06	8.96e-06	-5.0555e-13
-8.96e-06	8.96e-06	-5.50493e-13
-8.4e-06	8.96e-06	-5.71395e-13
-7.84e-06	8.96e-06	-5.67284e-13
-7.28e-06	8.96e-06	-5.36437e-13
-6.72e-06	8.96e-06	-4.81055e-13
-6.16e-06	8.96e-06	-4.01069e-13
-5.6e-06	8.96e-06	-2.96065e-13
-5.04e-06	8.96e-06	-1.61594e-13
-4.48e-06	8.96e-06	1.32305e-14
-3.92e-06	8.96e-06	2.50101e-13
-3.36e-06	8.96e-06	5.78586e-13
-2.8e-06	8.96e-06	1.02894e-12
-2.24e-06	8.96e-06	1.60599e-12
-1.68e-06	8.96e-06	2.25701e-12
-1.12e-06	8.96e-06	2.84991e-12
-5.6e-07	8.96e-06	3.20846e-12
0	8.96e-06	3.20377e-12
5.6e-07	8.96e-06	2.84791e-12
1.12e-06	8.96e-06	2.28059e-12
1.68e-06	8.96e-06	1.67937e-12
2.24e-06	8.96e-06	1.16906e-12
2.8e-06	8.96e-06	7.9575e-13
3.36e-06	8.96e-06	5.49053e-13
3.92e-06	8.96e-06	3.95244e-13
4.48e-06	8.96e-06	3.00124e-13
5.04e-06	8.96e-06	2.37511e-13
5.6e-06	8.96e-06	1.91239e-13
6.16e-06	8.96e-06	1.50161e-13
6.72e-06	8.96e-06	1.07112e-13
7.28e-06	8.96e-06	5.62158e-14
7.84e-06	8.96e-06	-9.54489e-15
8.4e-06	8.96e-06	-9.82987e-14
8.96e-06	8.96e-06	-2.19491e-13
9.52e-06	8.96e-06	-3.84794e-13
1.008e-05	8.96e-06	-6.03737e-13
1.064e-05	8.96e-06	-8.79246e-13

-1.064e-05	8.4e-06	-1.54626e-12
-1.008e-05	8.4e-06	-1.87614e-12
-9.52e-06	8.4e-06	-2.1538e-12
-8.96e-06	8.4e-06	-2.34797e-12
-8.4e-06	8.4e-06	-2.44031e-12
-7.84e-06	8.4e-06	-2.42131e-12
-7.28e-06	8.4e-06	-2.2921e-12
-6.72e-06	8.4e-06	-2.05617e-12
-6.16e-06	8.4e-06	-1.71899e-12
-5.6e-06	8.4e-06	-1.28048e-12
-5.04e-06	8.4e-06	-7.25467e-13
-4.48e-06	8.4e-06	-9.19596e-15
-3.92e-06	8.4e-06	9.58187e-13
-3.36e-06	8.4e-06	2.31426e-12
-2.8e-06	8.4e-06	4.20969e-12
-2.24e-06	8.4e-06	6.70196e-12
-1.68e-06	8.4e-06	9.58706e-12
-1.12e-06	8.4e-06	1.22771e-11
-5.6e-07	8.4e-06	1.39241e-11
0	8.4e-06	1.38935e-11
5.6e-07	8.4e-06	1.22428e-11
1.12e-06	8.4e-06	9.66306e-12
1.68e-06	8.4e-06	6.9931e-12
2.24e-06	8.4e-06	4.78943e-12
2.8e-06	8.4e-06	3.22464e-12
3.36e-06	8.4e-06	2.21927e-12
3.92e-06	8.4e-06	1.60606e-12
4.48e-06	8.4e-06	1.23118e-12
5.04e-06	8.4e-06	9.85725e-13
5.6e-06	8.4e-06	8.01102e-13
6.16e-06	8.4e-06	6.35818e-13
6.72e-06	8.4e-06	4.6124e-13
7.28e-06	8.4e-06	2.52582e-13
7.84e-06	8.4e-06	-1.65405e-14
8.4e-06	8.4e-06	-3.79649e-13
8.96e-06	8.4e-06	-8.80025e-13
9.52e-06	8.4e-06	-1.5675e-12
1.008e-05	8.4e-06	-2.48868e-12
1.064e-05	8.4e-06	-3.66182e-12

-1.064e-05	7.84e-06	-6.54145e-12
-1.008e-05	7.84e-06	-7.97432e-12
-9.52e-06	7.84e-06	-9.17801e-12
-8.96e-06	7.84e-06	-1.00189e-11
-8.4e-06	7.84e-06	-1.04162e-11
-7.84e-06	7.84e-06	-1.03384e-11
-7.28e-06	7.84e-06	-9.78713e-12
-6.72e-06	7.84e-06	-8.78594e-12
-6.16e-06	7.84e-06	-7.36323e-12
-5.6e-06	7.84e-06	-5.52864e-12
-5.04e-06	7.84e-06	-3.23358e-12
-4.48e-06	7.84e-06	-3.04898e-13
-3.92e-06	7.84e-06	3.63222e-12
-3.36e-06	7.84e-06	9.1987e-12
-2.8e-06	7.84e-06	1.71397e-11
-2.24e-06	7.84e-06	2.78756e-11
-1.68e-06	7.84e-06	4.06752e-11
-1.12e-06	7.84e-06	5.29188e-11
-5.6e-07	7.84e-06	6.05387e-11
0	7.84e-06	6.03476e-11
5.6e-07	7.84e-06	5.26553e-11
1.12e-06	7.84e-06	4.08844e-11
1.68e-06	7.84e-06	2.90272e-11
2.24e-06	7.84e-06	1.95413e-11
2.8e-06	7.84e-06	1.30197e-11
3.36e-06	7.84e-06	8.95083e-12
3.92e-06	7.84e-06	6.5256e-12
4.48e-06	7.84e-06	5.05871e-12
5.04e-06	7.84e-06	4.09486e-12
5.6e-06	7.84e-06	3.36069e-12
6.16e-06	7.84e-06	2.69374e-12
6.72e-06	7.84e-06	1.98244e-12
7.28e-06	7.84e-06	1.13037e-12
7.84e-06	7.84e-06	2.97519e-14
8.4e-06	7.84e-06	-1.45801e-12
8.96e-06	7.84e-06	-3.51591e-12
9.52e-06	7.84e-06	-6.36958e-12
1.008e-05	7.84e-06	-1.02376e-11
1.064e-05	7.84e-06	-1.52296e-11

-1.064e-05	7.28e-06	-2.76723e-11
-1.008e-05	7.28e-06	-3.39e-11
-9.52e-06	7.28e-06	-3.91218e-11
-8.96e-06	7.28e-06	-4.27559e-11
-8.4e-06	7.28e-06	-4.44683e-11
-7.84e-06	7.28e-06	-4.41364e-11
-7.28e-06	7.28e-06	-4.17855e-11
-6.72e-06	7.28e-06	-3.75298e-11
-6.16e-06	7.28e-06	-3.15145e-11
-5.6e-06	7.28e-06	-2.38251e-11
-5.04e-06	7.28e-06	-1.43219e-11
-4.48e-06	7.28e-06	-2.35935e-12
-3.92e-06	7.28e-06	1.3605e-11
-3.36e-06	7.28e-06	3.63145e-11
-2.8e-06	7.28e-06	6.93985e-11
-2.24e-06	7.28e-06	1.15495e-10
-1.68e-06	7.28e-06	1.72284e-10
-1.12e-06	7.28e-06	2.28241e-10
-5.6e-07	7.28e-06	2.63746e-10
0	7.28e-06	2.62617e-10
5.6e-07	7.28e-06	2.26556e-10
1.12e-06	7.28e-06	1.72671e-10
1.68e-06	7.28e-06	1.2003e-10
2.24e-06	7.28e-06	7.93555e-11
2.8e-06	7.28e-06	5.23586e-11
3.36e-06	7.28e-06	3.60381e-11
3.92e-06	7.28e-06	2.65233e-11
4.48e-06	7.28e-06	2.08168e-11
5.04e-06	7.28e-06	1.70376e-11
5.6e-06	7.28e-06	1.41132e-11
6.16e-06	7.28e-06	1.14158e-11
6.72e-06	7.28e-06	8.51712e-12
7.28e-06	7.28e-06	5.03468e-12
7.84e-06	7.28e-06	5.35871e-13
8.4e-06	7.28e-06	-5.54847e-12
8.96e-06	7.28e-06	-1.39985e-11
9.52e-06	7.28e-06	-2.58109e-11
1.008e-05	7.28e-06	-4.20241e-11
1.064e-05	7.28e-06	-6.32463e-11

-1.064e-05	6.72e-06	-1.17055e-10
-1.008e-05	6.72e-06	-1.44146e-10
-9.52e-06	6.72e-06	-1.66801e-10
-8.96e-06	6.72e-06	-1.82494e-10
-8.4e-06	6.72e-06	-1.89852e-10
-7.84e-06	6.72e-06	-1.88426e-10
-7.28e-06	6.72e-06	-1.78383e-10
-6.72e-06	6.72e-06	-1.60269e-10
-6.16e-06	6.72e-06	-1.34792e-10
-5.6e-06	6.72e-06	-1.02489e-10
-5.04e-06	6.72e-06	-6.30688e-11
-4.48e-06	6.72e-06	-1.4212e-11
-3.92e-06	6.72e-06	5.02676e-11
-3.36e-06	6.72e-06	1.42306e-10
-2.8e-06	6.72e-06	2.79201e-10
-2.24e-06	6.72e-06	4.76266e-10
-1.68e-06	6.72e-06	7.28143e-10
-1.12e-06	6.72e-06	9.84954e-10
-5.6e-07	6.72e-06	1.15179e-09
0	6.72e-06	1.14524e-09
5.6e-07	6.72e-06	9.75074e-10
1.12e-06	6.72e-06	7.27581e-10
1.68e-06	6.72e-06	4.94057e-10
2.24e-06	6.72e-06	3.2052e-10
2.8e-06	6.72e-06	2.09703e-10
3.36e-06	6.72e-06	1.44887e-10
3.92e-06	6.72e-06	1.079e-10
4.48e-06	6.72e-06	8.58068e-11
5.04e-06	6.72e-06	7.09991e-11
5.6e-06	6.72e-06	5.93222e-11
6.16e-06	6.72e-06	4.83967e-11
6.72e-06	6.72e-06	3.65677e-11
7.28e-06	6.72e-06	2.23288e-11
7.84e-06	6.72e-06	3.94495e-12
8.4e-06	6.72e-06	-2.09101e-11
8.96e-06	6.72e-06	-5.55212e-11
9.52e-06	6.72e-06	-1.04286e-10
1.008e-05	6.72e-06	-1.72082e-10
1.064e-05	6.72e-06	-2.62206e-10

-1.064e-05	6.16e-06	-4.95121e-10
-1.008e-05	6.16e-06	-6.13092e-10
-9.52e-06	6.16e-06	-7.1138e-10
-8.96e-06	6.16e-06	-7.79076e-10
-8.4e-06	6.16e-06	-8.10613e-10
-7.84e-06	6.16e-06	-8.04417e-10
-7.28e-06	6.16e-06	-7.61453e-10
-6.72e-06	6.16e-06	-6.84253e-10
-6.16e-06	6.16e-06	-5.76167e-10
-5.6e-06	6.16e-06	-4.40152e-10
-5.04e-06	6.16e-06	-2.76253e-10
-4.48e-06	6.16e-06	-7.66161e-11
-3.92e-06	6.16e-06	1.82913e-10
-3.36e-06	6.16e-06	5.53177e-10
-2.8e-06	6.16e-06	1.11502e-09
-2.24e-06	6.16e-06	1.95272e-09
-1.68e-06	6.16e-06	3.06859e-09
-1.12e-06	6.16e-06	4.25232e-09
-5.6e-07	6.16e-06	5.04389e-09
0	6.16e-06	5.00607e-09
5.6e-07	6.16e-06	4.19731e-09
1.12e-06	6.16e-06	3.05666e-09
1.68e-06	6.16e-06	2.02232e-09
2.24e-06	6.16e-06	1.28669e-09
2.8e-06	6.16e-06	8.36422e-10
3.36e-06	6.16e-06	5.8199e-10
3.92e-06	6.16e-06	4.39561e-10
4.48e-06	6.16e-06	3.54397e-10
5.04e-06	6.16e-06	2.9632e-10
5.6e-06	6.16e-06	2.49575e-10
6.16e-06	6.16e-06	2.05223e-10
6.72e-06	6.16e-06	1.56899e-10
7.28e-06	6.16e-06	9.86454e-11
7.84e-06	6.16e-06	2.35188e-11
8.4e-06	6.16e-06	-7.79042e-11
8.96e-06	6.16e-06	-2.19343e-10
9.52e-06	6.16e-06	-4.20028e-10
1.008e-05	6.16e-06	-7.02729e-10
1.064e-05	6.16e-06	-1.08492e-09

-1.064e-05	5.6e-06	-2.09418e-09
-1.008e-05	5.6e-06	-2.60849e-09
-9.52e-06	5.6e-06	-3.03488e-09
-8.96e-06	5.6e-06	-3.32652e-09
-8.4e-06	5.6e-06	-3.46131e-09
-7.84e-06	5.6e-06	-3.43416e-09
-7.28e-06	5.6e-06	-3.25015e-09
-6.72e-06	5.6e-06	-2.92078e-09
-6.16e-06	5.6e-06	-2.46149e-09
-5.6e-06	5.6e-06	-1.88744e-09
-5.04e-06	5.6e-06	-1.20411e-09
-4.48e-06	5.6e-06	-3.87209e-10
-3.92e-06	5.6e-06	6.54359e-10
-3.36e-06	5.6e-06	2.13199e-09
-2.8e-06	5.6e-06	4.41529e-09
-2.24e-06	5.6e-06	7.95014e-09
-1.68e-06	5.6e-06	1.28827e-08
-1.12e-06	5.6e-06	1.83626e-08
-5.6e-07	5.6e-06	2.21615e-08
0	5.6e-06	2.1941e-08
5.6e-07	5.6e-06	1.8067e-08
1.12e-06	5.6e-06	1.27917e-08
1.68e-06	5.6e-06	8.22203e-09
2.24e-06	5.6e-06	5.12973e-09
2.8e-06	5.6e-06	3.32294e-09
3.36e-06	5.6e-06	2.33742e-09
3.92e-06	5.6e-06	1.79425e-09
4.48e-06	5.6e-06	1.46688e-09
5.04e-06	5.6e-06	1.23856e-09
5.6e-06	5.6e-06	1.0508e-09
6.16e-06	5.6e-06	8.70389e-10
6.72e-06	5.6e-06	6.72762e-10
7.28e-06	5.6e-06	4.34269e-10
7.84e-06	5.6e-06	1.27193e-10
8.4e-06	5.6e-06	-2.86346e-10
8.96e-06	5.6e-06	-8.62988e-10
9.52e-06	5.6e-06	-1.68604e-09
1.008e-05	5.6e-06	-2.86095e-09
1.064e-05	5.6e-06	-4.47872e-09

-1.064e-05	5.04e-06	-8.85754e-09
-1.008e-05	5.04e-06	-1.11026e-08
-9.52e-06	5.04e-06	-1.29518e-08
-8.96e-06	5.04e-06	-1.42062e-08
-8.4e-06	5.04e-06	-1.47806e-08
-7.84e-06	5.04e-06	-1.46607e-08
-7.28e-06	5.04e-06	-1.38719e-08
-6.72e-06	5.04e-06	-1.24655e-08
-6.16e-06	5.04e-06	-1.05111e-08
-5.6e-06	5.04e-06	-8.08267e-09
-5.04e-06	5.04e-06	-5.22481e-09
-4.48e-06	5.04e-06	-1.87409e-09
-3.92e-06	5.04e-06	2.29793e-09
-3.36e-06	5.04e-06	8.14482e-09
-2.8e-06	5.04e-06	1.73152e-08
-2.24e-06	5.04e-06	3.20885e-08
-1.68e-06	5.04e-06	5.38107e-08
-1.12e-06	5.04e-06	7.92826e-08
-5.6e-07	5.04e-06	9.77639e-08
0	5.04e-06	9.64531e-08
5.6e-07	5.04e-06	7.77403e-08
1.12e-06	5.04e-06	5.32584e-08
1.68e-06	5.04e-06	3.31513e-08
2.24e-06	5.04e-06	2.02944e-08
2.8e-06	5.04e-06	1.31548e-08
3.36e-06	5.04e-06	9.39504e-09
3.92e-06	5.04e-06	7.34276e-09
4.48e-06	5.04e-06	6.08541e-09
5.04e-06	5.04e-06	5.18418e-09
5.6e-06	5.04e-06	4.42719e-09
6.16e-06	5.04e-06	3.69189e-09
6.72e-06	5.04e-06	2.8829e-09
7.28e-06	5.04e-06	1.90576e-09
7.84e-06	5.04e-06	6.49923e-10
8.4e-06	5.04e-06	-1.03542e-09
8.96e-06	5.04e-06	-3.38115e-09
9.52e-06	5.04e-06	-6.74389e-09
1.008e-05	5.04e-06	-1.16076e-08
1.064e-05	5.04e-06	-1.84391e-08

-1.064e-05	4.48e-06	-3.74652e-08
-1.008e-05	4.48e-06	-4.72786e-08
-9.52e-06	4.48e-06	-5.52946e-08
-8.96e-06	4.48e-06	-6.06799e-08
-8.4e-06	4.48e-06	-6.312e-08
-7.84e-06	4.48e-06	-6.25872e-08
-7.28e-06	4.48e-06	-5.92037e-08
-6.72e-06	4.48e-06	-5.31942e-08
-6.16e-06	4.48e-06	-4.4867e-08
-5.6e-06	4.48e-06	-3.45718e-08
-5.04e-06	4.48e-06	-2.25792e-08
-4.48e-06	4.48e-06	-8.78815e-09
-3.92e-06	4.48e-06	7.91418e-09
-3.36e-06	4.48e-06	3.08512e-08
-2.8e-06	4.48e-06	6.71672e-08
-2.24e-06	4.48e-06	1.2814e-07
-1.68e-06	4.48e-06	2.23237e-07
-1.12e-06	4.48e-06	3.42042e-07
-5.6e-07	4.48e-06	4.33428e-07
0	4.48e-06	4.25415e-07
5.6e-07	4.48e-06	3.34241e-07
1.12e-06	4.48e-06	2.20241e-07
1.68e-06	4.48e-06	1.32305e-07
2.24e-06	4.48e-06	7.96182e-08
2.8e-06	4.48e-06	5.1937e-08
3.36e-06	4.48e-06	3.78349e-08
3.92e-06	4.48e-06	3.01423e-08
4.48e-06	4.48e-06	2.53037e-08
5.04e-06	4.48e-06	2.17265e-08
5.6e-06	4.48e-06	1.86624e-08
6.16e-06	4.48e-06	1.56604e-08
6.72e-06	4.48e-06	1.23464e-08
7.28e-06	4.48e-06	8.33966e-09
7.84e-06	4.48e-06	3.19944e-09
8.4e-06	4.48e-06	-3.66883e-09
8.96e-06	4.48e-06	-1.3192e-08
9.52e-06	4.48e-06	-2.68749e-08
1.008e-05	4.48e-06	-4.69136e-08
1.064e-05	4.48e-06	-7.56718e-08

-1.064e-05	3.92e-06	-1.58486e-07
-1.008e-05	3.92e-06	-2.01446e-07
-9.52e-06	3.92e-06	-2.36163e-07
-8.96e-06	3.92e-06	-2.59229e-07
-8.4e-06	3.92e-06	-2.69559e-07
-7.84e-06	3.92e-06	-2.67182e-07
-7.28e-06	3.92e-06	-2.52664e-07
-6.72e-06	3.92e-06	-2.26973e-07
-6.16e-06	3.92e-06	-1.91459e-07
-5.6e-06	3.92e-06	-1.47724e-07
-5.04e-06	3.92e-06	-9.72236e-08
-4.48e-06	3.92e-06	-4.02118e-08
-3.92e-06	3.92e-06	2.6746e-08
-3.36e-06	3.92e-06	1.16e-07
-2.8e-06	3.92e-06	2.57436e-07
-2.24e-06	3.92e-06	5.04994e-07
-1.68e-06	3.92e-06	9.17593e-07
-1.12e-06	3.92e-06	1.47284e-06
-5.6e-07	3.92e-06	1.93371e-06
0	3.92e-06	1.88306e-06
5.6e-07	3.92e-06	1.43502e-06
1.12e-06	3.92e-06	9.02435e-07
1.68e-06	3.92e-06	5.21369e-07
2.24e-06	3.92e-06	3.0961e-07
2.8e-06	3.92e-06	2.04783e-07
3.36e-06	3.92e-06	1.5285e-07
3.92e-06	3.92e-06	1.24167e-07
4.48e-06	3.92e-06	1.05448e-07
5.04e-06	3.92e-06	9.11519e-08
5.6e-06	3.92e-06	7.87011e-08
6.16e-06	3.92e-06	6.6429e-08
6.72e-06	3.92e-06	5.28457e-08
7.28e-06	3.92e-06	3.6403e-08
7.84e-06	3.92e-06	1.53401e-08
8.4e-06	3.92e-06	-1.2664e-08
8.96e-06	3.92e-06	-5.12644e-08
9.52e-06	3.92e-06	-1.06699e-07
1.008e-05	3.92e-06	-1.88798e-07
1.064e-05	3.92e-06	-3.09358e-07

-1.064e-05	3.36e-06	-6.70582e-07
-1.008e-05	3.36e-06	-8.58944e-07
-9.52e-06	3.36e-06	-1.00909e-06
-8.96e-06	3.36e-06	-1.10761e-06
-8.4e-06	3.36e-06	-1.15119e-06
-7.84e-06	3.36e-06	-1.14056e-06
-7.28e-06	3.36e-06	-1.07825e-06
-6.72e-06	3.36e-06	-9.68399e-07
-6.16e-06	3.36e-06	-8.1681e-07
-5.6e-06	3.36e-06	-6.30695e-07
-5.04e-06	3.36e-06	-4.17322e-07
-4.48e-06	3.36e-06	-1.80408e-07
-3.92e-06	3.36e-06	8.90136e-08
-3.36e-06	3.36e-06	4.34057e-07
-2.8e-06	3.36e-06	9.74268e-07
-2.24e-06	3.36e-06	1.95791e-06
-1.68e-06	3.36e-06	3.72443e-06
-1.12e-06	3.36e-06	6.31776e-06
-5.6e-07	3.36e-06	8.69787e-06
0	3.36e-06	8.36603e-06
5.6e-07	3.36e-06	6.1471e-06
1.12e-06	3.36e-06	3.65098e-06
1.68e-06	3.36e-06	2.02247e-06
2.24e-06	3.36e-06	1.19358e-06
2.8e-06	3.36e-06	8.0802e-07
3.36e-06	3.36e-06	6.2027e-07
3.92e-06	3.36e-06	5.13388e-07
4.48e-06	3.36e-06	4.40324e-07
5.04e-06	3.36e-06	3.82752e-07
5.6e-06	3.36e-06	3.31981e-07
6.16e-06	3.36e-06	2.81768e-07
6.72e-06	3.36e-06	2.26081e-07
7.28e-06	3.36e-06	1.58553e-07
7.84e-06	3.36e-06	7.21229e-08
8.4e-06	3.36e-06	-4.2187e-08
8.96e-06	3.36e-06	-1.98492e-07
9.52e-06	3.36e-06	-4.22091e-07
1.008e-05	3.36e-06	-7.56218e-07
1.064e-05	3.36e-06	-1.25887e-06

-1.064e-05	2.8e-06	-2.83857e-06
-1.008e-05	2.8e-06	-3.66564e-06
-9.52e-06	2.8e-06	-4.31363e-06
-8.96e-06	2.8e-06	-4.73304e-06
-8.4e-06	2.8e-06	-4.91625e-06
-7.84e-06	2.8e-06	-4.8687e-06
-7.28e-06	2.8e-06	-4.60138e-06
-6.72e-06	2.8e-06	-4.13155e-06
-6.16e-06	2.8e-06	-3.48412e-06
-5.6e-06	2.8e-06	-2.69095e-06
-5.04e-06	2.8e-06	-1.78659e-06
-4.48e-06	2.8e-06	-7.96491e-07
-3.92e-06	2.8e-06	2.94423e-07
-3.36e-06	2.8e-06	1.62371e-06
-2.8e-06	2.8e-06	3.64209e-06
-2.24e-06	2.8e-06	7.43979e-06
-1.68e-06	2.8e-06	1.48578e-05
-1.12e-06	2.8e-06	2.69028e-05
-5.6e-07	2.8e-06	3.95503e-05
0	2.8e-06	3.72969e-05
5.6e-07	2.8e-06	2.62438e-05
1.12e-06	2.8e-06	1.45048e-05
1.68e-06	2.8e-06	7.69448e-06
2.24e-06	2.8e-06	4.56765e-06
2.8e-06	2.8e-06	3.19927e-06
3.36e-06	2.8e-06	2.53123e-06
3.92e-06	2.8e-06	2.13052e-06
4.48e-06	2.8e-06	1.84187e-06
5.04e-06	2.8e-06	1.60822e-06
5.6e-06	2.8e-06	1.4006e-06
6.16e-06	2.8e-06	1.19507e-06
6.72e-06	2.8e-06	9.66784e-07
7.28e-06	2.8e-06	6.89272e-07
7.84e-06	2.8e-06	3.34039e-07
8.4e-06	2.8e-06	-1.33396e-07
8.96e-06	2.8e-06	-7.66249e-07
9.52e-06	2.8e-06	-1.66431e-06
1.008e-05	2.8e-06	-3.01363e-06
1.064e-05	2.8e-06	-5.09427e-06

-1.064e-05	2.24e-06	-1.20248e-05
-1.008e-05	2.24e-06	-1.56603e-05
-9.52e-06	2.24e-06	-1.84481e-05
-8.96e-06	2.24e-06	-2.02269e-05
-8.4e-06	2.24e-06	-2.09945e-05
-7.84e-06	2.24e-06	-2.07822e-05
-7.28e-06	2.24e-06	-1.96356e-05
-6.72e-06	2.24e-06	-1.76262e-05
-6.16e-06	2.24e-06	-1.48599e-05
-5.6e-06	2.24e-06	-1.14758e-05
-5.04e-06	2.24e-06	-7.63243e-06
-4.48e-06	2.24e-06	-3.47088e-06
-3.92e-06	2.24e-06	9.85052e-07
-3.36e-06	2.24e-06	6.11478e-06
-2.8e-06	2.24e-06	1.34816e-05
-2.24e-06	2.24e-06	2.75858e-05
-1.68e-06	2.24e-06	5.78794e-05
-1.12e-06	2.24e-06	0.000113003
-5.6e-07	2.24e-06	0.000182505
0	2.24e-06	0.00016669
5.6e-07	2.24e-06	0.000111525
1.12e-06	2.24e-06	5.60775e-05
1.68e-06	2.24e-06	2.85934e-05
2.24e-06	2.24e-06	1.7409e-05
2.8e-06	2.24e-06	1.27529e-05
3.36e-06	2.24e-06	1.03957e-05
3.92e-06	2.24e-06	8.87168e-06
4.48e-06	2.24e-06	7.7151e-06
5.04e-06	2.24e-06	6.76011e-06
5.6e-06	2.24e-06	5.9093e-06
6.16e-06	2.24e-06	5.0682e-06
6.72e-06	2.24e-06	4.13273e-06
7.28e-06	2.24e-06	2.9917e-06
7.84e-06	2.24e-06	1.52911e-06
8.4e-06	2.24e-06	-3.87026e-07
8.96e-06	2.24e-06	-2.95198e-06
9.52e-06	2.24e-06	-6.54556e-06
1.008e-05	2.24e-06	-1.19462e-05
1.064e-05	2.24e-06	-2.04778e-05

-1.064e-05	1.68e-06	-5.10062e-05
-1.008e-05	1.68e-06	-6.69904e-05
-9.52e-06	1.68e-06	-7.89307e-05
-8.96e-06	1.68e-06	-8.64424e-05
-8.4e-06	1.68e-06	-8.96501e-05
-7.84e-06	1.68e-06	-8.87053e-05
-7.28e-06	1.68e-06	-8.379e-05
-6.72e-06	1.68e-06	-7.51969e-05
-6.16e-06	1.68e-06	-6.33741e-05
-5.6e-06	1.68e-06	-4.89236e-05
-5.04e-06	1.68e-06	-3.25543e-05
-4.48e-06	1.68e-06	-1.49699e-05
-3.92e-06	1.68e-06	3.42281e-06
-3.36e-06	1.68e-06	2.33968e-05
-2.8e-06	1.68e-06	4.97166e-05
-2.24e-06	1.68e-06	9.93387e-05
-1.68e-06	1.68e-06	0.000218319
-1.12e-06	1.68e-06	0.000462447
-5.6e-07	1.68e-06	0.00085931
0	1.68e-06	0.0007451
5.6e-07	1.68e-06	0.000471177
1.12e-06	1.68e-06	0.000207506
1.68e-06	1.68e-06	0.000103465
2.24e-06	1.68e-06	6.65072e-05
2.8e-06	1.68e-06	5.13497e-05
3.36e-06	1.68e-06	4.29763e-05
3.92e-06	1.68e-06	3.70489e-05
4.48e-06	1.68e-06	3.23478e-05
5.04e-06	1.68e-06	2.84218e-05
5.6e-06	1.68e-06	2.49313e-05
6.16e-06	1.68e-06	2.14916e-05
6.72e-06	1.68e-06	1.7661e-05
7.28e-06	1.68e-06	1.29683e-05
7.84e-06	1.68e-06	6.93573e-06
8.4e-06	1.68e-06	-9.43018e-07
8.96e-06	1.68e-06	-1.1364e-05
9.52e-06	1.68e-06	-2.57065e-05
1.008e-05	1.68e-06	-4.71074e-05
1.064e-05	1.68e-06	-8.16783e-05

-1.064e-05	1.12e-06	-0.000216845
-1.008e-05	1.12e-06	-0.000287003
-9.52e-06	1.12e-06	-0.000337826
-8.96e-06	1.12e-06	-0.000369407
-8.4e-06	1.12e-06	-0.000382787
-7.84e-06	1.12e-06	-0.000378606
-7.28e-06	1.12e-06	-0.000357549
-6.72e-06	1.12e-06	-0.000320805
-6.16e-06	1.12e-06	-0.000270268
-5.6e-06	1.12e-06	-0.000208527
-5.04e-06	1.12e-06	-0.000138698
-4.48e-06	1.12e-06	-6.40679e-05
-3.92e-06	1.12e-06	1.26913e-05
-3.36e-06	1.12e-06	9.18343e-05
-2.8e-06	1.12e-06	0.000184835
-2.24e-06	1.12e-06	0.000345874
-1.68e-06	1.12e-06	0.000790162
-1.12e-06	1.12e-06	0.00179569
-5.6e-07	1.12e-06	0.00415907
0	1.12e-06	0.00331442
5.6e-07	1.12e-06	0.00197856
1.12e-06	1.12e-06	0.000709285
1.68e-06	1.12e-06	0.000365536
2.24e-06	1.12e-06	0.000257256
2.8e-06	1.12e-06	0.000209362
3.36e-06	1.12e-06	0.000178732
3.92e-06	1.12e-06	0.000155053
4.48e-06	1.12e-06	0.000135705
5.04e-06	1.12e-06	0.000119499
5.6e-06	1.12e-06	0.000105175
6.16e-06	1.12e-06	9.11246e-05
6.72e-06	1.12e-06	7.54563e-05
7.28e-06	1.12e-06	5.61561e-05
7.84e-06	1.12e-06	3.12342e-05
8.4e-06	1.12e-06	-1.27438e-06
8.96e-06	1.12e-06	-4.37833e-05
9.52e-06	1.12e-06	-0.000100986
1.008e-05	1.12e-06	-0.000184872
1.064e-05	1.12e-06	-0.000323036

-1.064e-05	5.6e-07	-0.000925473
-1.008e-05	5.6e-07	-0.00123171
-9.52e-06	5.6e-07	-0.00144622
-8.96e-06	5.6e-07	-0.00157845
-8.4e-06	5.6e-07	-0.00163424
-7.84e-06	5.6e-07	-0.00161586
-7.28e-06	5.6e-07	-0.00152573
-6.72e-06	5.6e-07	-0.00136863
-6.16e-06	5.6e-07	-0.00115259
-5.6e-06	5.6e-07	-0.000888707
-5.04e-06	5.6e-07	-0.000590517
-4.48e-06	5.6e-07	-0.000272751
-3.92e-06	5.6e-07	5.07668e-05
-3.36e-06	5.6e-07	0.000372111
-2.8e-06	5.6e-07	0.000706178
-2.24e-06	5.6e-07	0.0011592
-1.68e-06	5.6e-07	0.00221446
-1.12e-06	5.6e-07	0.00427448
-5.6e-07	5.6e-07	0.00910065
0	5.6e-07	0.00725324
5.6e-07	5.6e-07	0.00475492
1.12e-06	5.6e-07	0.00202871
1.68e-06	5.6e-07	0.0012905
2.24e-06	5.6e-07	0.00101987
2.8e-06	5.6e-07	0.000864651
3.36e-06	5.6e-07	0.000746797
3.92e-06	5.6e-07	0.000649793
4.48e-06	5.6e-07	0.000569436
5.04e-06	5.6e-07	0.000502382
5.6e-06	5.6e-07	0.000443629
6.16e-06	5.6e-07	0.000386328
6.72e-06	5.6e-07	0.000322329
7.28e-06	5.6e-07	0.000242978
7.84e-06	5.6e-07	0.000139882
8.4e-06	5.6e-07	5.26267e-06
8.96e-06	5.6e-07	-0.000169113
9.52e-06	5.6e-07	-0.000397773
1.008e-05	5.6e-07	-0.000722712
1.064e-05	5.6e-07	-0.00126795

-1.064e-05	0	-0.00397628
-1.008e-05	0	-0.00529523
-9.52e-06	0	-0.00619124
-8.96e-06	0	-0.00674319
-8.4e-06	0	-0.00697627
-7.84e-06	0	-0.00689612
-7.28e-06	0	-0.00651056
-6.72e-06	0	-0.00583904
-6.16e-06	0	-0.00491542
-5.6e-06	0	-0.00378733
-5.04e-06	0	-0.0025132
-4.48e-06	0	-0.00115751
-3.92e-06	0	0.000215784
-3.36e-06	0	0.00155418
-2.8e-06	0	0.00284411
-2.24e-06	0	0.00421918
-1.68e-06	0	0.0065025
-1.12e-06	0	0.0096946
-5.6e-07	0	0.0172887
0	0	0.014647
5.6e-07	0	0.0111264
1.12e-06	0	0.00634599
1.68e-06	0	0.00491948
2.24e-06	0	0.00417354
2.8e-06	0	0.00360759
3.36e-06	0	0.00312938
3.92e-06	0	0.00272485
4.48e-06	0	0.00238934
5.04e-06	0	0.00211165
5.6e-06	0	0.00187092
6.16e-06	0	0.00163769
6.72e-06	0	0.00137673
7.28e-06	0	0.0010507
7.84e-06	0	0.000623833
8.4e-06	0	6.44898e-05
8.96e-06	0	-0.000655779
9.52e-06	0	-0.00157587
1.008e-05	0	-0.00281643
1.064e-05	0	-0.00496587

-1.064e-05	-5.6e-07	-0.0172804
-1.008e-05	-5.6e-07	-0.0227955
-9.52e-06	-5.6e-07	-0.0264962
-8.96e-06	-5.6e-07	-0.0287992
-8.4e-06	-5.6e-07	-0.0297768
-7.84e-06	-5.6e-07	-0.02943
-7.28e-06	-5.6e-07	-0.0277821
-6.72e-06	-5.6e-07	-0.0249119
-6.16e-06	-5.6e-07	-0.0209631
-5.6e-06	-5.6e-07	-0.0161399
-5.04e-06	-5.6e-07	-0.010694
-4.48e-06	-5.6e-07	-0.00490466
-3.92e-06	-5.6e-07	0.000946022
-3.36e-06	-5.6e-07	0.00660437
-2.8e-06	-5.6e-07	0.0118867
-2.24e-06	-5.6e-07	0.0167402
-1.68e-06	-5.6e-07	0.0212966
-1.12e-06	-5.6e-07	0.0254941
-5.6e-07	-5.6e-07	0.0292021
0	-5.6e-07	0.0288755
5.6e-07	-5.6e-07	0.02643
1.12e-06	-5.6e-07	0.0229056
1.68e-06	-5.6e-07	0.0199583
2.24e-06	-5.6e-07	0.0174043
2.8e-06	-5.6e-07	0.015129
3.36e-06	-5.6e-07	0.0131292
3.92e-06	-5.6e-07	0.0114276
4.48e-06	-5.6e-07	0.0100236
5.04e-06	-5.6e-07	0.00887363
5.6e-06	-5.6e-07	0.00788877
6.16e-06	-5.6e-07	0.00694165
6.72e-06	-5.6e-07	0.00587971
7.28e-06	-5.6e-07	0.00454153
7.84e-06	-5.6e-07	0.00277343
8.4e-06	-5.6e-07	0.000443135
8.96e-06	-5.6e-07	-0.0025543
9.52e-06	-5.6e-07	-0.00630642
1.008e-05	-5.6e-07	-0.0109231
1.064e-05	-5.6e-07	-0.016608

-1.064e-05	-1.12e-06	-0.0320362
-1.008e-05	-1.12e-06	-0.0393994
-9.52e-06	-1.12e-06	-0.045048
-8.96e-06	-1.12e-06	-0.048756
-8.4e-06	-1.12e-06	-0.0503606
-7.84e-06	-1.12e-06	-0.0497653
-7.28e-06	-1.12e-06	-0.046972
-6.72e-06	-1.12e-06	-0.0421008
-6.16e-06	-1.12e-06	-0.0353922
-5.6e-06	-1.12e-06	-0.0271959
-5.04e-06	-1.12e-06	-0.0179465
-4.48e-06	-1.12e-06	-0.0081299
-3.92e-06	-1.12e-06	0.0017561
-3.36e-06	-1.12e-06	0.0112452
-2.8e-06	-1.12e-06	0.0199447
-2.24e-06	-1.12e-06	0.0275674
-1.68e-06	-1.12e-06	0.0339172
-1.12e-06	-1.12e-06	0.0387514
-5.6e-07	-1.12e-06	0.0416773
0	-1.12e-06	0.041789
5.6e-07	-1.12e-06	0.0396693
1.12e-06	-1.12e-06	0.0361644
1.68e-06	-1.12e-06	0.0322302
2.24e-06	-1.12e-06	0.0282868
2.8e-06	-1.12e-06	0.0245757
3.36e-06	-1.12e-06	0.0212695
3.92e-06	-1.12e-06	0.0184739
4.48e-06	-1.12e-06	0.0162118
5.04e-06	-1.12e-06	0.0144153
5.6e-06	-1.12e-06	0.0129308
6.16e-06	-1.12e-06	0.0115349
6.72e-06	-1.12e-06	0.00995972
7.28e-06	-1.12e-06	0.00792219
7.84e-06	-1.12e-06	0.0051554
8.4e-06	-1.12e-06	0.00143623
8.96e-06	-1.12e-06	-0.00339439
9.52e-06	-1.12e-06	-0.00942247
1.008e-05	-1.12e-06	-0.0166624
1.064e-05	-1.12e-06	-0.0250508

-1.064e-05	-1.68e-06	-0.044138
-1.008e-05	-1.68e-06	-0.0530326
-9.52e-06	-1.68e-06	-0.0601831
-8.96e-06	-1.68e-06	-0.0650181
-8.4e-06	-1.68e-06	-0.0671554
-7.84e-06	-1.68e-06	-0.0663804
-7.28e-06	-1.68e-06	-0.0626541
-6.72e-06	-1.68e-06	-0.0561204
-6.16e-06	-1.68e-06	-0.0471002
-5.6e-06	-1.68e-06	-0.036071
-5.04e-06	-1.68e-06	-0.0236319
-4.48e-06	-1.68e-06	-0.0104577
-3.92e-06	-1.68e-06	0.00275427
-3.36e-06	-1.68e-06	0.0153381
-2.8e-06	-1.68e-06	0.0267078
-2.24e-06	-1.68e-06	0.0363892
-1.68e-06	-1.68e-06	0.0440198
-1.12e-06	-1.68e-06	0.0493086
-5.6e-07	-1.68e-06	0.0520106
0	-1.68e-06	0.0519643
5.6e-07	-1.68e-06	0.0495765
1.12e-06	-1.68e-06	0.0455517
1.68e-06	-1.68e-06	0.0406785
2.24e-06	-1.68e-06	0.0355732
2.8e-06	-1.68e-06	0.030695
3.36e-06	-1.68e-06	0.0263698
3.92e-06	-1.68e-06	0.0227898
4.48e-06	-1.68e-06	0.0200064
5.04e-06	-1.68e-06	0.0179307
5.6e-06	-1.68e-06	0.0163463
6.16e-06	-1.68e-06	0.0149358
6.72e-06	-1.68e-06	0.0133177
7.28e-06	-1.68e-06	0.01109
7.84e-06	-1.68e-06	0.00787667
8.4e-06	-1.68e-06	0.00336998
8.96e-06	-1.68e-06	-0.00263336
9.52e-06	-1.68e-06	-0.0102061
1.008e-05	-1.68e-06	-0.0192719
1.064e-05	-1.68e-06	-0.029584

-1.064e-05	-2.24e-06	-0.0518644
-1.008e-05	-2.24e-06	-0.0621032
-9.52e-06	-2.24e-06	-0.0704768
-8.96e-06	-2.24e-06	-0.076246
-8.4e-06	-2.24e-06	-0.0788765
-7.84e-06	-2.24e-06	-0.0780528
-7.28e-06	-2.24e-06	-0.0736929
-6.72e-06	-2.24e-06	-0.0659527
-6.16e-06	-2.24e-06	-0.055216
-5.6e-06	-2.24e-06	-0.0420664
-5.04e-06	-2.24e-06	-0.0272423
-4.48e-06	-2.24e-06	-0.0115797
-3.92e-06	-2.24e-06	0.00405304
-3.36e-06	-2.24e-06	0.0188213
-2.8e-06	-2.24e-06	0.0319832
-2.24e-06	-2.24e-06	0.0429342
-1.68e-06	-2.24e-06	0.0512295
-1.12e-06	-2.24e-06	0.0565888
-5.6e-07	-2.24e-06	0.0589072
0	-2.24e-06	0.0583016
5.6e-07	-2.24e-06	0.0552251
1.12e-06	-2.24e-06	0.0503703
1.68e-06	-2.24e-06	0.0445214
2.24e-06	-2.24e-06	0.0384022
2.8e-06	-2.24e-06	0.0326111
3.36e-06	-2.24e-06	0.027589
3.92e-06	-2.24e-06	0.0235988
4.48e-06	-2.24e-06	0.0207142
5.04e-06	-2.24e-06	0.0188225
5.6e-06	-2.24e-06	0.0176442
6.16e-06	-2.24e-06	0.0167683
6.72e-06	-2.24e-06	0.0157013
7.28e-06	-2.24e-06	0.0139247
7.84e-06	-2.24e-06	0.0109546
8.4e-06	-2.24e-06	0.00639962
8.96e-06	-2.24e-06	1.0237e-05
9.52e-06	-2.24e-06	-0.00828305
1.008e-05	-2.24e-06	-0.0183431
1.064e-05	-2.24e-06	-0.0298091

-1.064e-05	-2.8e-06	-0.0543626
-1.008e-05	-2.8e-06	-0.0656539
-9.52e-06	-2.8e-06	-0.0749938
-8.96e-06	-2.8e-06	-0.0815455
-8.4e-06	-2.8e-06	-0.0846716
-7.84e-06	-2.8e-06	-0.0839795
-7.28e-06	-2.8e-06	-0.0793484
-6.72e-06	-2.8e-06	-0.0709383
-6.16e-06	-2.8e-06	-0.0591785
-5.6e-06	-2.8e-06	-0.0447337
-5.04e-06	-2.8e-06	-0.0284514
-4.48e-06	-2.8e-06	-0.0112948
-3.92e-06	-2.8e-06	0.00573432
-3.36e-06	-2.8e-06	0.0216725
-2.8e-06	-2.8e-06	0.0356662
-2.24e-06	-2.8e-06	0.0470292
-1.68e-06	-2.8e-06	0.0552831
-1.12e-06	-2.8e-06	0.0601804
-5.6e-07	-2.8e-06	0.0617224
0	-2.8e-06	0.0601766
5.6e-07	-2.8e-06	0.0560847
1.12e-06	-2.8e-06	0.0501931
1.68e-06	-2.8e-06	0.0433399
2.24e-06	-2.8e-06	0.0363364
2.8e-06	-2.8e-06	0.0298801
3.36e-06	-2.8e-06	0.0244954
3.92e-06	-2.8e-06	0.0204959
4.48e-06	-2.8e-06	0.0179658
5.04e-06	-2.8e-06	0.0167626
5.6e-06	-2.8e-06	0.0165413
6.16e-06	-2.8e-06	0.0167976
6.72e-06	-2.8e-06	0.0169275
7.28e-06	-2.8e-06	0.0162969
7.84e-06	-2.8e-06	0.0143147
8.4e-06	-2.8e-06	0.0105026
8.96e-06	-2.8e-06	0.00455652
9.52e-06	-2.8e-06	-0.00360819
1.008e-05	-2.8e-06	-0.0138271
1.064e-05	-2.8e-06	-0.025677

-1.064e-05	-3.36e-06	-0.0513799
-1.008e-05	-3.36e-06	-0.0633484
-9.52e-06	-3.36e-06	-0.0733808
-8.96e-06	-3.36e-06	-0.0805731
-8.4e-06	-3.36e-06	-0.0842159
-7.84e-06	-3.36e-06	-0.0838585
-7.28e-06	-3.36e-06	-0.0793467
-6.72e-06	-3.36e-06	-0.0708377
-6.16e-06	-3.36e-06	-0.0587885
-5.6e-06	-3.36e-06	-0.0439186
-5.04e-06	-3.36e-06	-0.0271516
-4.48e-06	-3.36e-06	-0.00953914
-3.92e-06	-3.36e-06	0.00782461
-3.36e-06	-3.36e-06	0.0238909
-2.8e-06	-3.36e-06	0.0377383
-2.24e-06	-3.36e-06	0.0486408
-1.68e-06	-3.36e-06	0.0561189
-1.12e-06	-3.36e-06	0.0599706
-5.6e-07	-3.36e-06	0.0602856
0	-3.36e-06	0.0574414
5.6e-07	-3.36e-06	0.0520744
1.12e-06	-3.36e-06	0.0450086
1.68e-06	-3.36e-06	0.0371549
2.24e-06	-3.36e-06	0.0294024
2.8e-06	-3.36e-06	0.022524
3.36e-06	-3.36e-06	0.0171037
3.92e-06	-3.36e-06	0.0134862
4.48e-06	-3.36e-06	0.0117539
5.04e-06	-3.36e-06	0.0117274
5.6e-06	-3.36e-06	0.0129937
6.16e-06	-3.36e-06	0.0149558
6.72e-06	-3.36e-06	0.0169013
7.28e-06	-3.36e-06	0.0180828
7.84e-06	-3.36e-06	0.0178021
8.4e-06	-3.36e-06	0.0154908
8.96e-06	-3.36e-06	0.0107795
9.52e-06	-3.36e-06	0.00354996
1.008e-05	-3.36e-06	-0.00603582
1.064e-05	-3.36e-06	-0.0175309

-1.064e-05	-3.92e-06	-0.0432112
-1.008e-05	-3.92e-06	-0.0554455
-9.52e-06	-3.92e-06	-0.0658817
-8.96e-06	-3.92e-06	-0.0735682
-8.4e-06	-3.92e-06	-0.0777457
-7.84e-06	-3.92e-06	-0.0779193
-7.28e-06	-3.92e-06	-0.0739062
-6.72e-06	-3.92e-06	-0.0658535
-6.16e-06	-3.92e-06	-0.0542282
-5.6e-06	-3.92e-06	-0.039778
-5.04e-06	-3.92e-06	-0.0234683
-4.48e-06	-3.92e-06	-0.00640039
-3.92e-06	-3.92e-06	0.0102818
-3.36e-06	-3.92e-06	0.0254872
-2.8e-06	-3.92e-06	0.0382674
-2.24e-06	-3.92e-06	0.0478925
-1.68e-06	-3.92e-06	0.0539074
-1.12e-06	-3.92e-06	0.0561658
-5.6e-07	-3.92e-06	0.0548388
0	-3.92e-06	0.0503981
5.6e-07	-3.92e-06	0.0435701
1.12e-06	-3.92e-06	0.0352596
1.68e-06	-3.92e-06	0.0264501
2.24e-06	-3.92e-06	0.0180976
2.8e-06	-3.92e-06	0.0110315
3.36e-06	-3.92e-06	0.005875
3.92e-06	-3.92e-06	0.00298776
4.48e-06	-3.92e-06	0.00243832
5.04e-06	-3.92e-06	0.00400486
5.6e-06	-3.92e-06	0.00720511
6.16e-06	-3.92e-06	0.0113519
6.72e-06	-3.92e-06	0.0156291
7.28e-06	-3.92e-06	0.0191805
7.84e-06	-3.92e-06	0.0212033
8.4e-06	-3.92e-06	0.0210368
8.96e-06	-3.92e-06	0.018239
9.52e-06	-3.92e-06	0.0126421
1.008e-05	-3.92e-06	0.00438259
1.064e-05	-3.92e-06	-0.00609859

-1.064e-05	-4.48e-06	-0.0306533
-1.008e-05	-4.48e-06	-0.0427472
-9.52e-06	-4.48e-06	-0.0532975
-8.96e-06	-4.48e-06	-0.0613238
-8.4e-06	-4.48e-06	-0.0660338
-7.84e-06	-4.48e-06	-0.0669008
-7.28e-06	-4.48e-06	-0.0637163
-6.72e-06	-4.48e-06	-0.0566106
-6.16e-06	-4.48e-06	-0.0460439
-5.6e-06	-4.48e-06	-0.0327664
-5.04e-06	-4.48e-06	-0.0177524
-4.48e-06	-4.48e-06	-0.00211479
-3.92e-06	-4.48e-06	0.0129931
-3.36e-06	-4.48e-06	0.0264778
-2.8e-06	-4.48e-06	0.0374009
-2.24e-06	-4.48e-06	0.0450588
-1.68e-06	-4.48e-06	0.0490418
-1.12e-06	-4.48e-06	0.0492673
-5.6e-07	-4.48e-06	0.0459844
0	-4.48e-06	0.0397486
5.6e-07	-4.48e-06	0.0313671
1.12e-06	-4.48e-06	0.0218166
1.68e-06	-4.48e-06	0.012143
2.24e-06	-4.48e-06	0.00335402
2.8e-06	-4.48e-06	-0.00368227
3.36e-06	-4.48e-06	-0.00832164
3.92e-06	-4.48e-06	-0.0102038
4.48e-06	-4.48e-06	-0.00928317
5.04e-06	-4.48e-06	-0.00582765
5.6e-06	-4.48e-06	-0.00038686
6.16e-06	-4.48e-06	0.0062677
6.72e-06	-4.48e-06	0.0132242
7.28e-06	-4.48e-06	0.019526
7.84e-06	-4.48e-06	0.0242721
8.4e-06	-4.48e-06	0.0267123
8.96e-06	-4.48e-06	0.0263285
9.52e-06	-4.48e-06	0.0228936
1.008e-05	-4.48e-06	0.0165015
1.064e-05	-4.48e-06	0.00756564

-1.064e-05	-5.04e-06	-0.014923
-1.008e-05	-5.04e-06	-0.0265089
-9.52e-06	-5.04e-06	-0.0368992
-8.96e-06	-5.04e-06	-0.0451033
-8.4e-06	-5.04e-06	-0.050312
-7.84e-06	-5.04e-06	-0.0519782
-7.28e-06	-5.04e-06	-0.0498704
-6.72e-06	-5.04e-06	-0.0440965
-6.16e-06	-5.04e-06	-0.0350949
-5.6e-06	-5.04e-06	-0.0235947
-5.04e-06	-5.04e-06	-0.0105491
-4.48e-06	-5.04e-06	0.00295208
-3.92e-06	-5.04e-06	0.0157823
-3.36e-06	-5.04e-06	0.0268813
-2.8e-06	-5.04e-06	0.035352
-2.24e-06	-5.04e-06	0.0405417
-1.68e-06	-5.04e-06	0.0421017
-1.12e-06	-5.04e-06	0.0400183
-5.6e-07	-5.04e-06	0.0346144
0	-5.04e-06	0.026518
5.6e-07	-5.04e-06	0.0166028
1.12e-06	-5.04e-06	0.00590221
1.68e-06	-5.04e-06	-0.00449266
2.24e-06	-5.04e-06	-0.0135411
2.8e-06	-5.04e-06	-0.0203551
3.36e-06	-5.04e-06	-0.0242859
3.92e-06	-5.04e-06	-0.0249848
4.48e-06	-5.04e-06	-0.0224356
5.04e-06	-5.04e-06	-0.0169524
5.6e-06	-5.04e-06	-0.00914659
6.16e-06	-5.04e-06	0.000136198
6.72e-06	-5.04e-06	0.00990131
7.28e-06	-5.04e-06	0.0191052
7.84e-06	-5.04e-06	0.0267604
8.4e-06	-5.04e-06	0.0320352
8.96e-06	-5.04e-06	0.0343383
9.52e-06	-5.04e-06	0.0333798
1.008e-05	-5.04e-06	0.0292016
1.064e-05	-5.04e-06	0.0221753

-1.064e-05	-5.6e-06	0.00246005
-1.008e-05	-5.6e-06	-0.00831363
-9.52e-06	-5.6e-06	-0.0182992
-8.96e-06	-5.6e-06	-0.0265143
-8.4e-06	-5.6e-06	-0.0321496
-7.84e-06	-5.6e-06	-0.0346482
-7.28e-06	-5.6e-06	-0.0337601
-6.72e-06	-5.6e-06	-0.0295663
-6.16e-06	-5.6e-06	-0.022471
-5.6e-06	-5.6e-06	-0.0131625
-5.04e-06	-5.6e-06	-0.00254681
-4.48e-06	-5.6e-06	0.00833885
-3.92e-06	-5.6e-06	0.0184258
-3.36e-06	-5.6e-06	0.0267165
-2.8e-06	-5.6e-06	0.03238
-2.24e-06	-5.6e-06	0.0348332
-1.68e-06	-5.6e-06	0.0337981
-1.12e-06	-5.6e-06	0.029331
-5.6e-07	-5.6e-06	0.0218204
0	-5.6e-06	0.0119527
5.6e-07	-5.6e-06	0.000649543
1.12e-06	-5.6e-06	-0.0110198
1.68e-06	-5.6e-06	-0.0219405
2.24e-06	-5.6e-06	-0.0310602
2.8e-06	-5.6e-06	-0.0374907
3.36e-06	-5.6e-06	-0.0405938
3.92e-06	-5.6e-06	-0.0400428
4.48e-06	-5.6e-06	-0.0358539
5.04e-06	-5.6e-06	-0.0283839
5.6e-06	-5.6e-06	-0.0182956
6.16e-06	-5.6e-06	-0.00649382
6.72e-06	-5.6e-06	0.0059622
7.28e-06	-5.6e-06	0.0179611
7.84e-06	-5.6e-06	0.0284467
8.4e-06	-5.6e-06	0.0365201
8.96e-06	-5.6e-06	0.0415262
9.52e-06	-5.6e-06	0.043116
1.008e-05	-5.6e-06	0.0412774
1.064e-05	-5.6e-06	0.0363321

-1.064e-05	-6.16e-06	0.0198194
-1.008e-05	-6.16e-06	0.0100821
-9.52e-06	-6.16e-06	0.000706656
-8.96e-06	-6.16e-06	-0.00735215
-8.4e-06	-6.16e-06	-0.0133008
-7.84e-06	-6.16e-06	-0.0165847
-7.28e-06	-6.16e-06	-0.0169407
-6.72e-06	-6.16e-06	-0.0144215
-6.16e-06	-6.16e-06	-0.00938813
-5.6e-06	-6.16e-06	-0.00247211
-5.04e-06	-6.16e-06	0.0054883
-4.48e-06	-6.16e-06	0.0135326
-3.92e-06	-6.16e-06	0.0206746
-3.36e-06	-6.16e-06	0.0260016
-2.8e-06	-6.16e-06	0.0287676
-2.24e-06	-6.16e-06	0.0284706
-1.68e-06	-6.16e-06	0.0249073
-1.12e-06	-6.16e-06	0.0181992
-5.6e-07	-6.16e-06	0.00878853
0	-6.16e-06	-0.00259844
5.6e-07	-6.16e-06	-0.0150148
1.12e-06	-6.16e-06	-0.0273799
1.68e-06	-6.16e-06	-0.0385803
2.24e-06	-6.16e-06	-0.047575
2.8e-06	-6.16e-06	-0.0534953
3.36e-06	-6.16e-06	-0.0557283
3.92e-06	-6.16e-06	-0.0539769
4.48e-06	-6.16e-06	-0.0482896
5.04e-06	-6.16e-06	-0.0390582
5.6e-06	-6.16e-06	-0.0269824
6.16e-06	-6.16e-06	-0.0130058
6.72e-06	-6.16e-06	0.0017712
7.28e-06	-6.16e-06	0.0161943
7.84e-06	-6.16e-06	0.0291623
8.4e-06	-6.16e-06	0.0397293
8.96e-06	-6.16e-06	0.0471923
9.52e-06	-6.16e-06	0.0511533
1.008e-05	-6.16e-06	0.0515512
1.064e-05	-6.16e-06	0.0486574

-1.064e-05	-6.72e-06	0.0354812
-1.008e-05	-6.72e-06	0.026917
-9.52e-06	-6.72e-06	0.0183118
-8.96e-06	-6.72e-06	0.0105742
-8.4e-06	-6.72e-06	0.00446485
-7.84e-06	-6.72e-06	0.000523348
-7.28e-06	-6.72e-06	-0.000981824
-6.72e-06	-6.72e-06	-7.59741e-05
-6.16e-06	-6.72e-06	0.00292856
-5.6e-06	-6.72e-06	0.00746782
-5.04e-06	-6.72e-06	0.0127869
-4.48e-06	-6.72e-06	0.0180195
-3.92e-06	-6.72e-06	0.0222797
-3.36e-06	-6.72e-06	0.0247556
-2.8e-06	-6.72e-06	0.0247972
-2.24e-06	-6.72e-06	0.0219886
-1.68e-06	-6.72e-06	0.0161991
-1.12e-06	-6.72e-06	0.00760592
-5.6e-07	-6.72e-06	-0.00331219
0	-6.72e-06	-0.0158112
5.6e-07	-6.72e-06	-0.0289449
1.12e-06	-6.72e-06	-0.0416488
1.68e-06	-6.72e-06	-0.0528377
2.24e-06	-6.72e-06	-0.0615065
2.8e-06	-6.72e-06	-0.0668255
3.36e-06	-6.72e-06	-0.0682201
3.92e-06	-6.72e-06	-0.0654279
4.48e-06	-6.72e-06	-0.0585269
5.04e-06	-6.72e-06	-0.047932
5.6e-06	-6.72e-06	-0.0343611
6.16e-06	-6.72e-06	-0.0187717
6.72e-06	-6.72e-06	-0.0022765
7.28e-06	-6.72e-06	0.0139569
7.84e-06	-6.72e-06	0.0288108
8.4e-06	-6.72e-06	0.041318
8.96e-06	-6.72e-06	0.0507481
9.52e-06	-6.72e-06	0.0566706
1.008e-05	-6.72e-06	0.0589862
1.064e-05	-6.72e-06	0.0579229

-1.064e-05	-7.28e-06	0.0479317
-1.008e-05	-7.28e-06	0.0405919
-9.52e-06	-7.28e-06	0.0328717
-8.96e-06	-7.28e-06	0.0256148
-8.4e-06	-7.28e-06	0.0195317
-7.84e-06	-7.28e-06	0.0151328
-7.28e-06	-7.28e-06	0.0126828
-6.72e-06	-7.28e-06	0.0121799
-6.16e-06	-7.28e-06	0.0133622
-5.6e-06	-7.28e-06	0.0157399
-5.04e-06	-7.28e-06	0.0186512
-4.48e-06	-7.28e-06	0.0213359
-3.92e-06	-7.28e-06	0.0230195
-3.36e-06	-7.28e-06	0.0230001
-2.8e-06	-7.28e-06	0.020728
-2.24e-06	-7.28e-06	0.0158728
-1.68e-06	-7.28e-06	0.0083683
-1.12e-06	-7.28e-06	-0.00156699
-5.6e-07	-7.28e-06	-0.0134381
0	-7.28e-06	-0.026509
5.6e-07	-7.28e-06	-0.0398625
1.12e-06	-7.28e-06	-0.0524798
1.68e-06	-7.28e-06	-0.0633318
2.24e-06	-7.28e-06	-0.0714736
2.8e-06	-7.28e-06	-0.0761332
3.36e-06	-7.28e-06	-0.0767859
3.92e-06	-7.28e-06	-0.0732071
4.48e-06	-7.28e-06	-0.0654979
5.04e-06	-7.28e-06	-0.054082
5.6e-06	-7.28e-06	-0.0396721
6.16e-06	-7.28e-06	-0.0232112
6.72e-06	-7.28e-06	-0.00579167
7.28e-06	-7.28e-06	0.0114393
7.84e-06	-7.28e-06	0.0273799
8.4e-06	-7.28e-06	0.0410702
8.96e-06	-7.28e-06	0.0517767
9.52e-06	-7.28e-06	0.0590554
1.008e-05	-7.28e-06	0.0627854
1.064e-05	-7.28e-06	0.063165

-1.064e-05	-7.84e-06	0.0559586
-1.008e-05	-7.84e-06	0.0498201
-9.52e-06	-7.84e-06	0.0430591
-8.96e-06	-7.84e-06	0.0364357
-8.4e-06	-7.84e-06	0.0305917
-7.84e-06	-7.84e-06	0.0259937
-7.28e-06	-7.84e-06	0.0228919
-6.72e-06	-7.84e-06	0.0213022
-6.16e-06	-7.84e-06	0.0210115
-5.6e-06	-7.84e-06	0.0216066
-5.04e-06	-7.84e-06	0.0225241
-4.48e-06	-7.84e-06	0.023116
-3.92e-06	-7.84e-06	0.0227251
-3.36e-06	-7.84e-06	0.020762
-2.8e-06	-7.84e-06	0.016777
-2.24e-06	-7.84e-06	0.0105185
-1.68e-06	-7.84e-06	0.00197316
-1.12e-06	-7.84e-06	-0.0086177
-5.6e-07	-7.84e-06	-0.0207663
0	-7.84e-06	-0.0337718
5.6e-07	-7.84e-06	-0.0467759
1.12e-06	-7.84e-06	-0.0588353
1.68e-06	-7.84e-06	-0.0690047
2.24e-06	-7.84e-06	-0.0764232
2.8e-06	-7.84e-06	-0.080394
3.36e-06	-7.84e-06	-0.0804519
3.92e-06	-7.84e-06	-0.0764109
4.48e-06	-7.84e-06	-0.0683868
5.04e-06	-7.84e-06	-0.0567944
5.6e-06	-7.84e-06	-0.0423162
6.16e-06	-7.84e-06	-0.025849
6.72e-06	-7.84e-06	-0.00842955
7.28e-06	-7.84e-06	0.00885174
7.84e-06	-7.84e-06	0.0249432
8.4e-06	-7.84e-06	0.0389222
8.96e-06	-7.84e-06	0.0500759
9.52e-06	-7.84e-06	0.0579662
1.008e-05	-7.84e-06	0.0624686
1.064e-05	-7.84e-06	0.0637735

-1.064e-05	-8.4e-06	0.0587616
-1.008e-05	-8.4e-06	0.0537462
-9.52e-06	-8.4e-06	0.0479885
-8.96e-06	-8.4e-06	0.042144
-8.4e-06	-8.4e-06	0.0367679
-7.84e-06	-8.4e-06	0.0322672
-7.28e-06	-8.4e-06	0.0288666
-6.72e-06	-8.4e-06	0.0265923
-6.16e-06	-8.4e-06	0.0252763
-5.6e-06	-8.4e-06	0.0245815
-5.04e-06	-8.4e-06	0.0240441
-4.48e-06	-8.4e-06	0.0231301
-3.92e-06	-8.4e-06	0.0213003
-3.36e-06	-8.4e-06	0.0180768
-2.8e-06	-8.4e-06	0.0131043
-2.24e-06	-8.4e-06	0.00620032
-1.68e-06	-8.4e-06	-0.00261114
-1.12e-06	-8.4e-06	-0.0130859
-5.6e-07	-8.4e-06	-0.024768
0	-8.4e-06	-0.0370199
5.6e-07	-8.4e-06	-0.0490715
1.12e-06	-8.4e-06	-0.0600839
1.68e-06	-8.4e-06	-0.0692226
2.24e-06	-8.4e-06	-0.0757323
2.8e-06	-8.4e-06	-0.0790072
3.36e-06	-8.4e-06	-0.0786496
3.92e-06	-8.4e-06	-0.0745109
4.48e-06	-8.4e-06	-0.0667117
5.04e-06	-8.4e-06	-0.0556385
5.6e-06	-8.4e-06	-0.0419172
6.16e-06	-8.4e-06	-0.0263651
6.72e-06	-8.4e-06	-0.00992685
7.28e-06	-8.4e-06	0.00640135
7.84e-06	-8.4e-06	0.0216528
8.4e-06	-8.4e-06	0.0349707
8.96e-06	-8.4e-06	0.0456835
9.52e-06	-8.4e-06	0.0533716
1.008e-05	-8.4e-06	0.0579205
1.064e-05	-8.4e-06	0.0595428

-1.064e-05	-8.96e-06	0.05602
-1.008e-05	-8.96e-06	0.0520232
-9.52e-06	-8.96e-06	0.0472978
-8.96e-06	-8.96e-06	0.0423721
-8.4e-06	-8.96e-06	0.0376962
-7.84e-06	-8.96e-06	0.0336035
-7.28e-06	-8.96e-06	0.0302823
-6.72e-06	-8.96e-06	0.0277616
-6.16e-06	-8.96e-06	0.0259141
-5.6e-06	-8.96e-06	0.0244759
-5.04e-06	-8.96e-06	0.0230813
-4.48e-06	-8.96e-06	0.0213092
-3.92e-06	-8.96e-06	0.0187362
-3.36e-06	-8.96e-06	0.014991
-2.8e-06	-8.96e-06	0.00980483
-2.24e-06	-8.96e-06	0.00305221
-1.68e-06	-8.96e-06	-0.00522165
-1.12e-06	-8.96e-06	-0.0147904
-5.6e-07	-8.96e-06	-0.0252544
0	-8.96e-06	-0.036066
5.6e-07	-8.96e-06	-0.0465707
1.12e-06	-8.96e-06	-0.0560611
1.68e-06	-8.96e-06	-0.0638375
2.24e-06	-8.96e-06	-0.0692701
2.8e-06	-8.96e-06	-0.0718575
3.36e-06	-8.96e-06	-0.0712754
3.92e-06	-8.96e-06	-0.0674105
4.48e-06	-8.96e-06	-0.0603771
5.04e-06	-8.96e-06	-0.0505143
5.6e-06	-8.96e-06	-0.0383642
6.16e-06	-8.96e-06	-0.024632
6.72e-06	-8.96e-06	-0.0101336
7.28e-06	-8.96e-06	0.00426646
7.84e-06	-8.96e-06	0.017721
8.4e-06	-8.96e-06	0.0294657
8.96e-06	-8.96e-06	0.0388832
9.52e-06	-8.96e-06	0.0455691
1.008e-05	-8.96e-06	0.0494113
1.064e-05	-8.96e-06	0.0506767

-1.064e-05	-9.52e-06	0.0479136
-1.008e-05	-9.52e-06	0.0448422
-9.52e-06	-9.52e-06	0.0411826
-8.96e-06	-9.52e-06	0.0373117
-8.4e-06	-9.52e-06	0.0335586
-7.84e-06	-9.52e-06	0.0301722
-7.28e-06	-9.52e-06	0.0272962
-6.72e-06	-9.52e-06	0.0249563
-6.16e-06	-9.52e-06	0.0230609
-5.6e-06	-9.52e-06	0.021416
-5.04e-06	-9.52e-06	0.0197512
-4.48e-06	-9.52e-06	0.0177552
-3.92e-06	-9.52e-06	0.0151162
-3.36e-06	-9.52e-06	0.0115635
-2.8e-06	-9.52e-06	0.00690576
-2.24e-06	-9.52e-06	0.00106238
-1.68e-06	-9.52e-06	-0.00591626
-1.12e-06	-9.52e-06	-0.013841
-5.6e-07	-9.52e-06	-0.0223901
0	-9.52e-06	-0.0311298
5.6e-07	-9.52e-06	-0.0395459
1.12e-06	-9.52e-06	-0.0470857
1.68e-06	-9.52e-06	-0.0532047
2.24e-06	-9.52e-06	-0.0574155
2.8e-06	-9.52e-06	-0.0593321
3.36e-06	-9.52e-06	-0.058708
3.92e-06	-9.52e-06	-0.0554621
4.48e-06	-9.52e-06	-0.0496918
5.04e-06	-9.52e-06	-0.0416704
5.6e-06	-9.52e-06	-0.031831
6.16e-06	-9.52e-06	-0.0207358
6.72e-06	-9.52e-06	-0.00903694
7.28e-06	-9.52e-06	0.00256971
7.84e-06	-9.52e-06	0.0133916
8.4e-06	-9.52e-06	0.0227839
8.96e-06	-9.52e-06	0.0301903
9.52e-06	-9.52e-06	0.0351913
1.008e-05	-9.52e-06	0.0376027
1.064e-05	-9.52e-06	0.0377266

-1.064e-05	-1.008e-05	0.0350946
-1.008e-05	-1.008e-05	0.0329168
-9.52e-06	-1.008e-05	0.0303815
-8.96e-06	-1.008e-05	0.0276964
-8.4e-06	-1.008e-05	0.0250633
-7.84e-06	-1.008e-05	0.0226423
-7.28e-06	-1.008e-05	0.0205281
-6.72e-06	-1.008e-05	0.0187387
-6.16e-06	-1.008e-05	0.0172148
-5.6e-06	-1.008e-05	0.0158291
-5.04e-06	-1.008e-05	0.0144034
-4.48e-06	-1.008e-05	0.0127327
-3.92e-06	-1.008e-05	0.0106123
-3.36e-06	-1.008e-05	0.00786579
-2.8e-06	-1.008e-05	0.00437114
-2.24e-06	-1.008e-05	8.14613e-05
-1.68e-06	-1.008e-05	-0.00496124
-1.12e-06	-1.008e-05	-0.0106211
-5.6e-07	-1.008e-05	-0.0166727
0	-1.008e-05	-0.0228154
5.6e-07	-1.008e-05	-0.0286948
1.12e-06	-1.008e-05	-0.0339315
1.68e-06	-1.008e-05	-0.0381531
2.24e-06	-1.008e-05	-0.0410272
2.8e-06	-1.008e-05	-0.0422917
3.36e-06	-1.008e-05	-0.0417808
3.92e-06	-1.008e-05	-0.0394427
4.48e-06	-1.008e-05	-0.0353481
5.04e-06	-1.008e-05	-0.0296892
5.6e-06	-1.008e-05	-0.0227682
6.16e-06	-1.008e-05	-0.0149774
6.72e-06	-1.008e-05	-0.0067734
7.28e-06	-1.008e-05	0.00135213
7.84e-06	-1.008e-05	0.00889929
8.4e-06	-1.008e-05	0.0153786
8.96e-06	-1.008e-05	0.0203128
9.52e-06	-1.008e-05	0.0232181
1.008e-05	-1.008e-05	0.02361
1.064e-05	-1.008e-05	0.0213977

-1.064e-05	-1.064e-05	0.0186315
-1.008e-05	-1.064e-05	0.0174347
-9.52e-06	-1.064e-05	0.016117
-8.96e-06	-1.064e-05	0.0147353
-8.4e-06	-1.064e-05	0.0133756
-7.84e-06	-1.064e-05	0.0121131
-7.28e-06	-1.064e-05	0.0109939
-6.72e-06	-1.064e-05	0.0100271
-6.16e-06	-1.064e-05	0.00918348
-5.6e-06	-1.064e-05	0.00839984
-5.04e-06	-1.064e-05	0.00758787
-4.48e-06	-1.064e-05	0.00664584
-3.92e-06	-1.064e-05	0.00547244
-3.36e-06	-1.064e-05	0.00398084
-2.8e-06	-1.064e-05	0.00211175
-2.24e-06	-1.064e-05	-0.00015612
-1.68e-06	-1.064e-05	-0.00279913
-1.12e-06	-1.064e-05	-0.00574627
-5.6e-07	-1.064e-05	-0.00888153
0	-1.064e-05	-0.012051
5.6e-07	-1.064e-05	-0.0150739
1.12e-06	-1.064e-05	-0.0177572
1.68e-06	-1.064e-05	-0.0199119
2.24e-06	-1.064e-05	-0.0213694
2.8e-06	-1.064e-05	-0.0219973
3.36e-06	-1.064e-05	-0.0217124
3.92e-06	-1.064e-05	-0.0204892
4.48e-06	-1.064e-05	-0.0183652
5.04e-06	-1.064e-05	-0.0154395
5.6e-06	-1.064e-05	-0.0118675
6.16e-06	-1.064e-05	-0.00785112
6.72e-06	-1.064e-05	-0.0036259
7.28e-06	-1.064e-05	0.000552104
7.84e-06	-1.064e-05	0.00441654
8.4e-06	-1.064e-05	0.00768954
8.96e-06	-1.064e-05	0.0100486
9.52e-06	-1.064e-05	0.010997
1.008e-05	-1.064e-05	0.00941379
1.064e-05	-1.064e-05	0.00192863
