-1.12e-05	-1.12e-05	0.0043603
-1.064e-05	-1.12e-05	-0.00527582
-1.008e-05	-1.12e-05	0.00477214
-9.52e-06	-1.12e-05	-0.00352336
-8.96e-06	-1.12e-05	0.00182729
-8.4e-06	-1.12e-05	0.000128863
-7.84e-06	-1.12e-05	-0.00219278
-7.28e-06	-1.12e-05	0.0042263
-6.72e-06	-1.12e-05	-0.00610212
-6.16e-06	-1.12e-05	0.00770629
-5.6e-06	-1.12e-05	-0.00894239
-5.04e-06	-1.12e-05	0.0097359
-4.48e-06	-1.12e-05	-0.0100377
-3.92e-06	-1.12e-05	0.00982668
-3.36e-06	-1.12e-05	-0.00911045
-2.8e-06	-1.12e-05	0.00792509
-2.24e-06	-1.12e-05	-0.00633297
-1.68e-06	-1.12e-05	0.00441932
-1.12e-06	-1.12e-05	-0.00228743
-5.6e-07	-1.12e-05	5.29884e-05
0	-1.12e-05	0.00216235
5.6e-07	-1.12e-05	-0.00423773
1.12e-06	-1.12e-05	0.00605977
1.68e-06	-1.12e-05	-0.00752886
2.24e-06	-1.12e-05	0.00856469
2.8e-06	-1.12e-05	-0.00911072
3.36e-06	-1.12e-05	0.0091373
3.92e-06	-1.12e-05	-0.00864338
4.48e-06	-1.12e-05	0.00765651
5.04e-06	-1.12e-05	-0.00623138
5.6e-06	-1.12e-05	0.00444672
6.16e-06	-1.12e-05	-0.0024009
6.72e-06	-1.12e-05	0.000206352
7.28e-06	-1.12e-05	0.002017
7.84e-06	-1.12e-05	-0.00414904
8.4e-06	-1.12e-05	0.00607764
8.96e-06	-1.12e-05	-0.00770868
9.52e-06	-1.12e-05	0.00898126
1.008e-05	-1.12e-05	-0.00990052
1.064e-05	-1.12e-05	0.0106331
-1.12e-05	-1.064e-05	-0.0118375
-1.064e-05	-1.064e-05	0.0115742
-1.008e-05	-1.064e-05	-0.0099306
-9.52e-06	-1.064e-05	0.0072291
-8.96e-06	-1.064e-05	-0.00377729
-8.4e-06	-1.064e-05	-0.000140275
-7.84e-06	-1.064e-05	0.0042511
-7.28e-06	-1.064e-05	-0.00829255
-6.72e-06	-1.064e-05	0.0120171
-6.16e-06	-1.064e-05	-0.0152013
-5.6e-06	-1.064e-05	0.0176551
-5.04e-06	-1.064e-05	-0.0192315
-4.48e-06	-1.064e-05	0.0198337
-3.92e-06	-1.064e-05	-0.0194197
-3.36e-06	-1.064e-05	0.0180051
-2.8e-06	-1.064e-05	-0.0156611
-2.24e-06	-1.064e-05	0.0125114
-1.68e-06	-1.064e-05	-0.0087246
-1.12e-06	-1.064e-05	0.00450542
-5.6e-07	-1.064e-05	-8.28958e-05
0	-1.064e-05	-0.00430209
5.6e-07	-1.064e-05	0.0084102
1.12e-06	-1.064e-05	-0.0120169
1.68e-06	-1.064e-05	0.0149249
2.24e-06	-1.064e-05	-0.0169753
2.8e-06	-1.064e-05	0.0180559
3.36e-06	-1.064e-05	-0.0181081
3.92e-06	-1.064e-05	0.0171299
4.48e-06	-1.064e-05	-0.0151756
5.04e-06	-1.064e-05	0.0123538
5.6e-06	-1.064e-05	-0.00882028
6.16e-06	-1.064e-05	0.00477003
6.72e-06	-1.064e-05	-0.000425992
7.28e-06	-1.064e-05	-0.00397368
7.84e-06	-1.064e-05	0.00818957
8.4e-06	-1.064e-05	-0.0119959
8.96e-06	-1.064e-05	0.0151963
9.52e-06	-1.064e-05	-0.0176406
1.008e-05	-1.064e-05	0.0192434
1.064e-05	-1.064e-05	-0.0199947
-1.12e-05	-1.008e-05	0.0198927
-1.064e-05	-1.008e-05	-0.0183826
-1.008e-05	-1.008e-05	0.0154004
-9.52e-06	-1.008e-05	-0.0111416
-8.96e-06	-1.008e-05	0.00590906
-8.4e-06	-1.008e-05	-5.21096e-05
-7.84e-06	-1.008e-05	-0.00605917
-7.28e-06	-1.008e-05	0.0120522
-6.72e-06	-1.008e-05	-0.0175691
-6.16e-06	-1.008e-05	0.0222837
-5.6e-06	-1.008e-05	-0.0259177
-5.04e-06	-1.008e-05	0.0282555
-4.48e-06	-1.008e-05	-0.0291545
-3.92e-06	-1.008e-05	0.0285535
-3.36e-06	-1.008e-05	-0.0264753
-2.8e-06	-1.008e-05	0.0230254
-2.24e-06	-1.008e-05	-0.0183861
-1.68e-06	-1.008e-05	0.0128064
-1.12e-06	-1.008e-05	-0.00658803
-5.6e-07	-1.008e-05	6.90306e-05
0	-1.008e-05	0.00639526
5.6e-07	-1.008e-05	-0.0124518
1.12e-06	-1.008e-05	0.0177692
1.68e-06	-1.008e-05	-0.0220566
2.24e-06	-1.008e-05	0.0250793
2.8e-06	-1.008e-05	-0.026672
3.36e-06	-1.008e-05	0.0267481
3.92e-06	-1.008e-05	-0.0253044
4.48e-06	-1.008e-05	0.0224215
5.04e-06	-1.008e-05	-0.0182591
5.6e-06	-1.008e-05	0.0130474
6.16e-06	-1.008e-05	-0.00707433
6.72e-06	-1.008e-05	0.000669234
7.28e-06	-1.008e-05	0.00581538
7.84e-06	-1.008e-05	-0.0120239
8.4e-06	-1.008e-05	0.0176182
8.96e-06	-1.008e-05	-0.0222974
9.52e-06	-1.008e-05	0.0258151
1.008e-05	-1.008e-05	-0.0279911
1.064e-05	-1.008e-05	0.0287065
-1.12e-05	-9.52e-06	-0.0278602
-1.064e-05	-9.52e-06	0.025281
-1.008e-05	-9.52e-06	-0.0209888
-9.52e-06	-9.52e-06	0.0151904
-8.96e-06	-9.52e-06	-0.00822094
-8.4e-06	-9.52e-06	0.000494897
-7.84e-06	-9.52e-06	0.00752992
-7.28e-06	-9.52e-06	-0.0153819
-6.72e-06	-9.52e-06	0.0226025
-6.16e-06	-9.52e-06	-0.0287712
-5.6e-06	-9.52e-06	0.0335282
-5.04e-06	-9.52e-06	-0.0365938
-4.48e-06	-9.52e-06	0.0377834
-3.92e-06	-9.52e-06	-0.0370178
-3.36e-06	-9.52e-06	0.0343268
-2.8e-06	-9.52e-06	-0.029848
-2.24e-06	-9.52e-06	0.023819
-1.68e-06	-9.52e-06	-0.0165639
-1.12e-06	-9.52e-06	0.00847599
-5.6e-07	-9.52e-06	4.73118e-06
0	-9.52e-06	-0.00841541
5.6e-07	-9.52e-06	0.0162962
1.12e-06	-9.52e-06	-0.0232157
1.68e-06	-9.52e-06	0.0287947
2.24e-06	-9.52e-06	-0.0327277
2.8e-06	-9.52e-06	0.0347994
3.36e-06	-9.52e-06	-0.0348968
3.92e-06	-9.52e-06	0.0330157
4.48e-06	-9.52e-06	-0.029261
5.04e-06	-9.52e-06	0.0238408
5.6e-06	-9.52e-06	-0.017055
6.16e-06	-9.52e-06	0.00927876
6.72e-06	-9.52e-06	-0.000941676
7.28e-06	-9.52e-06	-0.00749591
7.84e-06	-9.52e-06	0.0155685
8.4e-06	-9.52e-06	-0.0228312
8.96e-06	-9.52e-06	0.0288836
9.52e-06	-9.52e-06	-0.0333904
1.008e-05	-9.52e-06	0.036095
1.064e-05	-9.52e-06	-0.0368216
-1.12e-05	-8.96e-06	0.035466
-1.064e-05	-8.96e-06	-0.0319918
-1.008e-05	-8.96e-06	0.0265053
-9.52e-06	-8.96e-06	-0.0192681
-8.96e-06	-8.96e-06	0.0106713
-8.4e-06	-8.96e-06	-0.00119924
-7.84e-06	-8.96e-06	-0.00860738
-7.28e-06	-8.96e-06	0.0181865
-6.72e-06	-8.96e-06	-0.0269884
-6.16e-06	-8.96e-06	0.0345073
-5.6e-06	-8.96e-06	-0.0403093
-5.04e-06	-8.96e-06	0.0440568
-4.48e-06	-8.96e-06	-0.045527
-3.92e-06	-8.96e-06	0.0446242
-3.36e-06	-8.96e-06	-0.0413852
-2.8e-06	-8.96e-06	0.0359768
-2.24e-06	-8.96e-06	-0.028687
-1.68e-06	-8.96e-06	0.0199091
-1.12e-06	-8.96e-06	-0.0101195
-5.6e-07	-8.96e-06	-0.000148173
0	-8.96e-06	0.0103328
5.6e-07	-8.96e-06	-0.0198768
1.12e-06	-8.96e-06	0.0282571
1.68e-06	-8.96e-06	-0.035014
2.24e-06	-8.96e-06	0.0397769
2.8e-06	-8.96e-06	-0.0422847
3.36e-06	-8.96e-06	0.0424002
3.92e-06	-8.96e-06	-0.0401184
4.48e-06	-8.96e-06	0.0355662
5.04e-06	-8.96e-06	-0.0289958
5.6e-06	-8.96e-06	0.0207709
6.16e-06	-8.96e-06	-0.0113464
6.72e-06	-8.96e-06	0.00124382
7.28e-06	-8.96e-06	0.00897787
7.84e-06	-8.96e-06	-0.0187526
8.4e-06	-8.96e-06	0.0275378
8.96e-06	-8.96e-06	-0.0348437
9.52e-06	-8.96e-06	0.0402576
1.008e-05	-8.96e-06	-0.043463
1.064e-05	-8.96e-06	0.0442505
-1.12e-05	-8.4e-06	-0.042524
-1.064e-05	-8.4e-06	0.0383096
-1.008e-05	-8.4e-06	-0.0317798
-9.52e-06	-8.4e-06	0.0232568
-8.96e-06	-8.4e-06	-0.0131948
-8.4e-06	-8.4e-06	0.00214795
-7.84e-06	-8.4e-06	0.00926523
-7.28e-06	-8.4e-06	-0.020401
-6.72e-06	-8.4e-06	0.0306284
-6.16e-06	-8.4e-06	-0.0393659
-5.6e-06	-8.4e-06	0.0461142
-5.04e-06	-8.4e-06	-0.0504847
-4.48e-06	-8.4e-06	0.0522206
-3.92e-06	-8.4e-06	-0.051212
-3.36e-06	-8.4e-06	0.0475015
-2.8e-06	-8.4e-06	-0.041282
-2.24e-06	-8.4e-06	0.0328865
-1.68e-06	-8.4e-06	-0.022769
-1.12e-06	-8.4e-06	0.0114802
-5.6e-07	-8.4e-06	0.000363523
0	-8.4e-06	-0.0121139
5.6e-07	-8.4e-06	0.0231266
1.12e-06	-8.4e-06	-0.0327973
1.68e-06	-8.4e-06	0.0405949
2.24e-06	-8.4e-06	-0.0460907
2.8e-06	-8.4e-06	0.048983
3.36e-06	-8.4e-06	-0.0491133
3.92e-06	-8.4e-06	0.0464753
4.48e-06	-8.4e-06	-0.0412155
5.04e-06	-8.4e-06	0.0336253
5.6e-06	-8.4e-06	-0.0241246
6.16e-06	-8.4e-06	0.0132391
6.72e-06	-8.4e-06	-0.00157156
7.28e-06	-8.4e-06	-0.0102318
7.84e-06	-8.4e-06	0.0215162
8.4e-06	-8.4e-06	-0.0316535
8.96e-06	-8.4e-06	0.0400762
9.52e-06	-8.4e-06	-0.0463067
1.008e-05	-8.4e-06	0.0499811
1.064e-05	-8.4e-06	-0.0508665
-1.12e-05	-7.84e-06	0.0488729
-1.064e-05	-7.84e-06	-0.0440627
-1.008e-05	-7.84e-06	0.036658
-9.52e-06	-7.84e-06	-0.0270362
-8.96e-06	-7.84e-06	0.0157109
-8.4e-06	-7.84e-06	-0.00330154
-7.84e-06	-7.84e-06	-0.0095039
-7.28e-06	-7.84e-06	0.02199
-6.72e-06	-7.84e-06	-0.0334555
-6.16e-06	-7.84e-06	0.0432539
-5.6e-06	-7.84e-06	-0.0508301
-5.04e-06	-7.84e-06	0.0557515
-4.48e-06	-7.84e-06	-0.0577327
-3.92e-06	-7.84e-06	0.0566514
-3.36e-06	-7.84e-06	-0.0525554
-2.8e-06	-7.84e-06	0.0456597
-2.24e-06	-7.84e-06	-0.0363353
-1.68e-06	-7.84e-06	0.0250884
-1.12e-06	-7.84e-06	-0.0125327
-5.6e-07	-7.84e-06	-0.000644914
0	-7.84e-06	0.0137218
5.6e-07	-7.84e-06	-0.0259798
1.12e-06	-7.84e-06	0.036745
1.68e-06	-7.84e-06	-0.0454253
2.24e-06	-7.84e-06	0.0515428
2.8e-06	-7.84e-06	-0.0547607
3.36e-06	-7.84e-06	0.0549021
3.92e-06	-7.84e-06	-0.0519597
4.48e-06	-7.84e-06	0.0460966
5.04e-06	-7.84e-06	-0.0376371
5.6e-06	-7.84e-06	0.0270492
6.16e-06	-7.84e-06	-0.0149187
6.72e-06	-7.84e-06	0.00191694
7.28e-06	-7.84e-06	0.0112356
7.84e-06	-7.84e-06	-0.0238091
8.4e-06	-7.84e-06	0.0351038
8.96e-06	-7.84e-06	-0.0444878
9.52e-06	-7.84e-06	0.0514305
1.008e-05	-7.84e-06	-0.0555306
1.064e-05	-7.84e-06	0.0565371
-1.12e-05	-7.28e-06	-0.054364
-1.064e-05	-7.28e-06	0.0490974
-1.008e-05	-7.28e-06	-0.0409972
-9.52e-06	-7.28e-06	0.0304863
-8.96e-06	-7.28e-06	-0.0181298
-8.4e-06	-7.28e-06	0.004603
-7.84e-06	-7.28e-06	0.00934741
-7.28e-06	-7.28e-06	-0.0229462
-6.72e-06	-7.28e-06	0.0354344
-6.16e-06	-7.28e-06	-0.0461123
-5.6e-06	-7.28e-06	0.0543791
-5.04e-06	-7.28e-06	-0.0597669
-4.48e-06	-7.28e-06	0.0619668
-3.92e-06	-7.28e-06	-0.0608464
-3.36e-06	-7.28e-06	0.0564575
-2.8e-06	-7.28e-06	-0.0490331
-2.24e-06	-7.28e-06	0.0389748
-1.68e-06	-7.28e-06	-0.0268305
-1.12e-06	-7.28e-06	0.0132647
-5.6e-07	-7.28e-06	0.000978559
0	-7.28e-06	-0.0151169
5.6e-07	-7.28e-06	0.0283724
1.12e-06	-7.28e-06	-0.0400151
1.68e-06	-7.28e-06	0.0494033
2.24e-06	-7.28e-06	-0.0560193
2.8e-06	-7.28e-06	0.0594978
3.36e-06	-7.28e-06	-0.0596469
3.92e-06	-7.28e-06	0.0564584
4.48e-06	-7.28e-06	-0.0501084
5.04e-06	-7.28e-06	0.0409477
5.6e-06	-7.28e-06	-0.0294828
6.16e-06	-7.28e-06	0.0163477
6.72e-06	-7.28e-06	-0.00226904
7.28e-06	-7.28e-06	-0.0119737
7.84e-06	-7.28e-06	0.0255908
8.4e-06	-7.28e-06	-0.0378257
8.96e-06	-7.28e-06	0.047996
9.52e-06	-7.28e-06	-0.0555301
1.008e-05	-7.28e-06	0.0599985
1.064e-05	-7.28e-06	-0.0611368
-1.12e-05	-6.72e-06	0.0588611
-1.064e-05	-6.72e-06	-0.0532746
-1.008e-05	-6.72e-06	0.0446647
-9.52e-06	-6.72e-06	-0.0334901
-8.96e-06	-6.72e-06	0.0203561
-8.4e-06	-6.72e-06	-0.00598196
-7.84e-06	-6.72e-06	-0.00883971
-7.28e-06	-6.72e-06	0.0232879
-6.72e-06	-6.72e-06	-0.0365596
-6.16e-06	-6.72e-06	0.0479149
-5.6e-06	-6.72e-06	-0.0567188
-5.04e-06	-6.72e-06	0.0624767
-4.48e-06	-6.72e-06	-0.0648621
-3.92e-06	-6.72e-06	0.0637353
-3.36e-06	-6.72e-06	-0.0591506
-2.8e-06	-6.72e-06	0.0513541
-2.24e-06	-6.72e-06	-0.0407699
-1.68e-06	-6.72e-06	0.0279769
-1.12e-06	-6.72e-06	-0.0136771
-5.6e-07	-6.72e-06	-0.00134363
0	-6.72e-06	0.0162582
5.6e-07	-6.72e-06	-0.0302447
1.12e-06	-6.72e-06	0.0425312
1.68e-06	-6.72e-06	-0.0524393
2.24e-06	-6.72e-06	0.0594214
2.8e-06	-6.72e-06	-0.0630911
3.36e-06	-6.72e-06	0.063245
3.92e-06	-6.72e-06	-0.0598739
4.48e-06	-6.72e-06	0.0531634
5.04e-06	-6.72e-06	-0.043484
5.6e-06	-6.72e-06	0.0313701
6.16e-06	-6.72e-06	-0.0174912
6.72e-06	-6.72e-06	0.00261457
7.28e-06	-6.72e-06	0.0124371
7.84e-06	-6.72e-06	-0.0268307
8.4e-06	-6.72e-06	0.0397684
8.96e-06	-6.72e-06	-0.0505318
9.52e-06	-6.72e-06	0.0585206
1.008e-05	-6.72e-06	-0.0632857
1.064e-05	-6.72e-06	0.064554
-1.12e-05	-6.16e-06	-0.0622437
-1.064e-05	-6.16e-06	0.0564697
-1.008e-05	-6.16e-06	-0.0475391
-9.52e-06	-6.16e-06	0.0359352
-8.96e-06	-6.16e-06	-0.0222919
-8.4e-06	-6.16e-06	0.00735873
-7.84e-06	-6.16e-06	0.00804087
-7.28e-06	-6.16e-06	-0.0230553
-6.72e-06	-6.16e-06	0.0368525
-6.16e-06	-6.16e-06	-0.0486665
-5.6e-06	-6.16e-06	0.0578401
-5.04e-06	-6.16e-06	-0.0638616
-4.48e-06	-6.16e-06	0.0663933
-3.92e-06	-6.16e-06	-0.0652902
-3.36e-06	-6.16e-06	0.0606083
-2.8e-06	-6.16e-06	-0.0526017
-2.24e-06	-6.16e-06	0.0417085
-1.68e-06	-6.16e-06	-0.0285269
-1.12e-06	-6.16e-06	0.0137819
-5.6e-07	-6.16e-06	0.00171379
0	-6.16e-06	-0.0171054
5.6e-07	-6.16e-06	0.0315429
1.12e-06	-6.16e-06	-0.044228
1.68e-06	-6.16e-06	0.0544588
2.24e-06	-6.16e-06	-0.0616684
2.8e-06	-6.16e-06	0.0654568
3.36e-06	-6.16e-06	-0.0656131
3.92e-06	-6.16e-06	0.0621272
4.48e-06	-6.16e-06	-0.0551904
5.04e-06	-6.16e-06	0.0451853
5.6e-06	-6.16e-06	-0.0326639
6.16e-06	-6.16e-06	0.0183175
6.72e-06	-6.16e-06	-0.00293852
7.28e-06	-6.16e-06	-0.0126236
7.84e-06	-6.16e-06	0.0275091
8.4e-06	-6.16e-06	-0.0408955
8.96e-06	-6.16e-06	0.052043
9.52e-06	-6.16e-06	-0.0603348
1.008e-05	-6.16e-06	0.0653117
1.064e-05	-6.16e-06	-0.0666965
-1.12e-05	-5.6e-06	0.0644102
-1.064e-05	-5.6e-06	-0.0585758
-1.008e-05	-5.6e-06	0.0495125
-9.52e-06	-5.6e-06	-0.0377181
-8.96e-06	-5.6e-06	0.0238418
-8.4e-06	-5.6e-06	-0.00864865
-7.84e-06	-5.6e-06	-0.00702268
-7.28e-06	-5.6e-06	0.0223065
-6.72e-06	-5.6e-06	-0.0363579
-6.16e-06	-5.6e-06	0.0483995
-5.6e-06	-5.6e-06	-0.0577649
-5.04e-06	-5.6e-06	0.0639351
-4.48e-06	-5.6e-06	-0.0665675
-3.92e-06	-5.6e-06	0.0655151
-3.36e-06	-5.6e-06	-0.060834
-2.8e-06	-5.6e-06	0.0527812
-2.24e-06	-5.6e-06	-0.0417999
-1.68e-06	-5.6e-06	0.0284953
-1.12e-06	-5.6e-06	-0.0136014
-5.6e-07	-5.6e-06	-0.00205917
0	-5.6e-06	0.0176207
5.6e-07	-5.6e-06	-0.032222
1.12e-06	-5.6e-06	0.0450541
1.68e-06	-5.6e-06	-0.0554051
2.24e-06	-5.6e-06	0.0627002
2.8e-06	-5.6e-06	-0.0665334
3.36e-06	-5.6e-06	0.0666903
3.92e-06	-5.6e-06	-0.0631603
4.48e-06	-5.6e-06	0.0561365
5.04e-06	-5.6e-06	-0.0460058
5.6e-06	-5.6e-06	0.0333268
6.16e-06	-5.6e-06	-0.0187992
6.72e-06	-5.6e-06	0.00322467
7.28e-06	-5.6e-06	0.0125376
7.84e-06	-5.6e-06	-0.0276184
8.4e-06	-5.6e-06	0.041187
8.96e-06	-5.6e-06	-0.052497
9.52e-06	-5.6e-06	0.060928
1.008e-05	-5.6e-06	-0.0660193
1.064e-05	-5.6e-06	0.0674957
-1.12e-05	-5.04e-06	-0.0652821
-1.064e-05	-5.04e-06	0.0595069
-1.008e-05	-5.04e-06	-0.0504946
-9.52e-06	-5.04e-06	0.038747
-8.96e-06	-5.04e-06	-0.0249159
-8.4e-06	-5.04e-06	0.00976655
-7.84e-06	-5.04e-06	0.00586402
-7.28e-06	-5.04e-06	-0.0211131
-6.72e-06	-5.04e-06	0.0351395
-6.16e-06	-5.04e-06	-0.04717
-5.6e-06	-5.04e-06	0.056542
-5.04e-06	-5.04e-06	-0.0627395
-4.48e-06	-5.04e-06	0.065422
-3.92e-06	-5.04e-06	-0.0644429
-3.36e-06	-5.04e-06	0.0598577
-2.8e-06	-5.04e-06	-0.051921
-2.24e-06	-5.04e-06	0.0410719
-1.68e-06	-5.04e-06	-0.0279106
-1.12e-06	-5.04e-06	0.013165
-5.6e-07	-5.04e-06	0.00234878
0	-5.04e-06	-0.0177715
5.6e-07	-5.04e-06	0.0322478
1.12e-06	-5.04e-06	-0.0449738
1.68e-06	-5.04e-06	0.0552417
2.24e-06	-5.04e-06	-0.0624798
2.8e-06	-5.04e-06	0.066284
3.36e-06	-5.04e-06	-0.0664407
3.92e-06	-5.04e-06	0.0629385
4.48e-06	-5.04e-06	-0.0559689
5.04e-06	-5.04e-06	0.0459156
5.6e-06	-5.04e-06	-0.0333327
6.16e-06	-5.04e-06	0.0189145
6.72e-06	-5.04e-06	-0.00345607
7.28e-06	-5.04e-06	-0.0121904
7.84e-06	-5.04e-06	0.0271634
8.4e-06	-5.04e-06	-0.0406404
8.96e-06	-5.04e-06	0.0518833
9.52e-06	-5.04e-06	-0.06028
1.008e-05	-5.04e-06	0.0653782
1.064e-05	-5.04e-06	-0.0669104
-1.12e-05	-4.48e-06	0.0648075
-1.064e-05	-4.48e-06	-0.0592013
-1.008e-05	-4.48e-06	0.0504155
-9.52e-06	-4.48e-06	-0.0389464
-8.96e-06	-4.48e-06	0.025435
-8.4e-06	-4.48e-06	-0.0106314
-7.84e-06	-4.48e-06	-0.00464603
-7.28e-06	-4.48e-06	0.0195549
-6.72e-06	-4.48e-06	-0.033275
-6.16e-06	-4.48e-06	0.0450527
-5.6e-06	-4.48e-06	-0.0542425
-5.04e-06	-4.48e-06	0.0603419
-4.48e-06	-4.48e-06	-0.0630193
-3.92e-06	-4.48e-06	0.0621317
-3.36e-06	-4.48e-06	-0.0577328
-2.8e-06	-4.48e-06	0.0500694
-2.24e-06	-4.48e-06	-0.0395682
-1.68e-06	-4.48e-06	0.0268117
-1.12e-06	-4.48e-06	-0.0125071
-5.6e-07	-4.48e-06	-0.00255288
0	-4.48e-06	0.0175326
5.6e-07	-4.48e-06	-0.0315994
1.12e-06	-4.48e-06	0.0439702
1.68e-06	-4.48e-06	-0.053955
2.24e-06	-4.48e-06	0.0609958
2.8e-06	-4.48e-06	-0.0646986
3.36e-06	-4.48e-06	0.0648546
3.92e-06	-4.48e-06	-0.0614521
4.48e-06	-4.48e-06	0.0546773
5.04e-06	-4.48e-06	-0.0449028
5.6e-06	-4.48e-06	0.032668
6.16e-06	-4.48e-06	-0.0186478
6.72e-06	-4.48e-06	0.00361568
7.28e-06	-4.48e-06	0.0116001
7.84e-06	-4.48e-06	-0.0261623
8.4e-06	-4.48e-06	0.0392724
8.96e-06	-4.48e-06	-0.050215
9.52e-06	-4.48e-06	0.0583983
1.008e-05	-4.48e-06	-0.0633878
1.064e-05	-4.48e-06	0.0649296
-1.12e-05	-3.92e-06	-0.0629637
-1.064e-05	-3.92e-06	0.0576242
-1.008e-05	-3.92e-06	-0.0492292
-9.52e-06	-3.92e-06	0.0382601
-8.96e-06	-3.92e-06	-0.0253341
-8.4e-06	-3.92e-06	0.0111707
-7.84e-06	-3.92e-06	0.00344726
-7.28e-06	-3.92e-06	-0.0177154
-6.72e-06	-3.92e-06	0.0308511
-6.16e-06	-3.92e-06	-0.0421361
-5.6e-06	-3.92e-06	0.0509552
-5.04e-06	-3.92e-06	-0.0568296
-4.48e-06	-3.92e-06	0.0594435
-3.92e-06	-3.92e-06	-0.0586606
-3.36e-06	-3.92e-06	0.0545317
-2.8e-06	-3.92e-06	-0.0472914
-2.24e-06	-3.92e-06	0.0373448
-1.68e-06	-3.92e-06	-0.0252452
-1.12e-06	-3.92e-06	0.0116641
-5.6e-07	-3.92e-06	0.00264533
0	-3.92e-06	-0.0168883
5.6e-07	-3.92e-06	0.0302714
1.12e-06	-3.92e-06	-0.0420469
1.68e-06	-3.92e-06	0.0515555
2.24e-06	-3.92e-06	-0.0582641
2.8e-06	-3.92e-06	0.0617958
3.36e-06	-3.92e-06	-0.0619509
3.92e-06	-3.92e-06	0.0587181
4.48e-06	-3.92e-06	-0.0522742
5.04e-06	-3.92e-06	0.0429746
5.6e-06	-3.92e-06	-0.0313325
6.16e-06	-3.92e-06	0.0179912
6.72e-06	-3.92e-06	-0.00368704
7.28e-06	-3.92e-06	-0.0107911
7.84e-06	-3.92e-06	0.0246464
8.4e-06	-3.92e-06	-0.0371194
8.96e-06	-3.92e-06	0.0475306
9.52e-06	-3.92e-06	-0.05532
1.008e-05	-3.92e-06	0.0600794
1.064e-05	-3.92e-06	-0.061575
-1.12e-05	-3.36e-06	0.0597595
-1.064e-05	-3.36e-06	-0.0547704
-1.008e-05	-3.36e-06	0.0469159
-9.52e-06	-3.36e-06	-0.036654
-8.96e-06	-3.36e-06	0.0245658
-8.4e-06	-3.36e-06	-0.0113246
-7.84e-06	-3.36e-06	-0.00233915
-7.28e-06	-3.36e-06	0.0156763
-6.72e-06	-3.36e-06	-0.0279585
-6.16e-06	-3.36e-06	0.0385176
-5.6e-06	-3.36e-06	-0.0467815
-5.04e-06	-3.36e-06	0.0523053
-4.48e-06	-3.36e-06	-0.0547954
-3.92e-06	-3.36e-06	0.0541253
-3.36e-06	-3.36e-06	-0.0503422
-2.8e-06	-3.36e-06	0.0436641
-2.24e-06	-3.36e-06	-0.0344666
-1.68e-06	-3.36e-06	0.0232623
-1.12e-06	-3.36e-06	-0.0106726
-5.6e-07	-3.36e-06	-0.00260541
0	-3.36e-06	0.0158341
5.6e-07	-3.36e-06	-0.028275
1.12e-06	-3.36e-06	0.0392293
1.68e-06	-3.36e-06	-0.0480801
2.24e-06	-3.36e-06	0.0543288
2.8e-06	-3.36e-06	-0.0576234
3.36e-06	-3.36e-06	0.0577775
3.92e-06	-3.36e-06	-0.0547804
4.48e-06	-3.36e-06	0.0487969
5.04e-06	-3.36e-06	-0.0401576
5.6e-06	-3.36e-06	0.0293407
6.16e-06	-3.36e-06	-0.0169447
6.72e-06	-3.36e-06	0.00365516
7.28e-06	-3.36e-06	0.00979356
7.84e-06	-3.36e-06	-0.02266
8.4e-06	-3.36e-06	0.0342373
8.96e-06	-3.36e-06	-0.0438944
9.52e-06	-3.36e-06	0.0511127
1.008e-05	-3.36e-06	-0.0555177
1.064e-05	-3.36e-06	0.056902
-1.12e-05	-2.8e-06	-0.0552361
-1.064e-05	-2.8e-06	0.050664
-1.008e-05	-2.8e-06	-0.0434827
-9.52e-06	-2.8e-06	0.0341186
-8.96e-06	-2.8e-06	-0.0231036
-8.4e-06	-2.8e-06	0.0110497
-7.84e-06	-2.8e-06	0.00138183
-7.28e-06	-2.8e-06	-0.0135134
-6.72e-06	-2.8e-06	0.0246869
-6.16e-06	-2.8e-06	-0.0342983
-5.6e-06	-2.8e-06	0.0418307
-5.04e-06	-2.8e-06	-0.0468821
-4.48e-06	-2.8e-06	0.0491877
-3.92e-06	-2.8e-06	-0.0486335
-3.36e-06	-2.8e-06	0.045263
-2.8e-06	-2.8e-06	-0.0392733
-2.24e-06	-2.8e-06	0.0310038
-1.68e-06	-2.8e-06	-0.0209159
-1.12e-06	-2.8e-06	0.0095668
-5.6e-07	-2.8e-06	0.00241887
0	-2.8e-06	-0.0143773
5.6e-07	-2.8e-06	0.0256393
1.12e-06	-2.8e-06	-0.0355657
1.68e-06	-2.8e-06	0.0435919
2.24e-06	-2.8e-06	-0.049263
2.8e-06	-2.8e-06	0.0522591
3.36e-06	-2.8e-06	-0.0524115
3.92e-06	-2.8e-06	0.0497107
4.48e-06	-2.8e-06	-0.0443066
5.04e-06	-2.8e-06	0.0364992
5.6e-06	-2.8e-06	-0.026722
6.16e-06	-2.8e-06	0.0155177
6.72e-06	-2.8e-06	-0.00350769
7.28e-06	-2.8e-06	-0.00864206
7.84e-06	-2.8e-06	0.0202589
8.4e-06	-2.8e-06	-0.0307014
8.96e-06	-2.8e-06	0.0393968
9.52e-06	-2.8e-06	-0.0458757
1.008e-05	-2.8e-06	0.0498027
1.064e-05	-2.8e-06	-0.051001
-1.12e-05	-2.24e-06	0.049466
-1.064e-05	-2.24e-06	-0.0453579
-1.008e-05	-2.24e-06	0.0389633
-9.52e-06	-2.24e-06	-0.0306687
-8.96e-06	-2.24e-06	0.0209434
-8.4e-06	-2.24e-06	-0.0103216
-7.84e-06	-2.24e-06	-0.000620528
-7.28e-06	-2.24e-06	0.0112928
-6.72e-06	-2.24e-06	-0.0211214
-6.16e-06	-2.24e-06	0.0295794
-5.6e-06	-2.24e-06	-0.0362159
-5.04e-06	-2.24e-06	0.0406802
-4.48e-06	-2.24e-06	-0.0427416
-3.92e-06	-2.24e-06	0.0423017
-3.36e-06	-2.24e-06	-0.0393998
-2.8e-06	-2.24e-06	0.0342096
-2.24e-06	-2.24e-06	-0.0270286
-1.68e-06	-2.24e-06	0.0182581
-1.12e-06	-2.24e-06	-0.00837834
-5.6e-07	-2.24e-06	-0.00207769
0	-2.24e-06	0.012536
5.6e-07	-2.24e-06	-0.0224116
1.12e-06	-2.24e-06	0.0311284
1.68e-06	-2.24e-06	-0.0381814
2.24e-06	-2.24e-06	0.0431685
2.8e-06	-2.24e-06	-0.0458096
3.36e-06	-2.24e-06	0.045958
3.92e-06	-2.24e-06	-0.0436068
4.48e-06	-2.24e-06	0.0388884
5.04e-06	-2.24e-06	-0.0320665
5.6e-06	-2.24e-06	0.0235215
6.16e-06	-2.24e-06	-0.0137296
6.72e-06	-2.24e-06	0.00323627
7.28e-06	-2.24e-06	0.00737375
7.84e-06	-2.24e-06	-0.017509
8.4e-06	-2.24e-06	0.0266043
8.96e-06	-2.24e-06	-0.0341538
9.52e-06	-2.24e-06	0.0397416
1.008e-05	-2.24e-06	-0.0430722
1.064e-05	-2.24e-06	0.0439989
-1.12e-05	-1.68e-06	-0.0425501
-1.064e-05	-1.68e-06	0.038928
-1.008e-05	-1.68e-06	-0.0334143
-9.52e-06	-1.68e-06	0.0263437
-8.96e-06	-1.68e-06	-0.0181051
-8.4e-06	-1.68e-06	0.0091379
-7.84e-06	-1.68e-06	8.2431e-05
-7.28e-06	-1.68e-06	-0.00906686
-6.72e-06	-1.68e-06	0.0173384
-6.16e-06	-1.68e-06	-0.0244582
-5.6e-06	-1.68e-06	0.0300504
-5.04e-06	-1.68e-06	-0.0338227
-4.48e-06	-1.68e-06	0.0355833
-3.92e-06	-1.68e-06	-0.0352515
-3.36e-06	-1.68e-06	0.0328625
-2.8e-06	-1.68e-06	-0.0285649
-2.24e-06	-1.68e-06	0.0226107
-1.68e-06	-1.68e-06	-0.015337
-1.12e-06	-1.68e-06	0.0071362
-5.6e-07	-1.68e-06	0.00157801
0	-1.68e-06	-0.010335
5.6e-07	-1.68e-06	0.0186577
1.12e-06	-1.68e-06	-0.0260145
1.68e-06	-1.68e-06	0.031966
2.24e-06	-1.68e-06	-0.0361746
2.8e-06	-1.68e-06	0.0384087
3.36e-06	-1.68e-06	-0.0385488
3.92e-06	-1.68e-06	0.0365917
4.48e-06	-1.68e-06	-0.0326499
5.04e-06	-1.68e-06	0.0269459
5.6e-06	-1.68e-06	-0.0197995
6.16e-06	-1.68e-06	0.0116107
6.72e-06	-1.68e-06	-0.00283823
7.28e-06	-1.68e-06	-0.00602586
7.84e-06	-1.68e-06	0.0144825
8.4e-06	-1.68e-06	-0.0220529
8.96e-06	-1.68e-06	0.0283046
9.52e-06	-1.68e-06	-0.032877
1.008e-05	-1.68e-06	0.0355071
1.064e-05	-1.68e-06	-0.0360643
-1.12e-05	-1.12e-06	0.0346083
-1.064e-05	-1.12e-06	-0.031463
-1.008e-05	-1.12e-06	0.0269102
-9.52e-06	-1.12e-06	-0.0212062
-8.96e-06	-1.12e-06	0.0146341
-8.4e-06	-1.12e-06	-0.00752032
-7.84e-06	-1.12e-06	0.000225965
-7.28e-06	-1.12e-06	0.00687214
-6.72e-06	-1.12e-06	-0.0134035
-6.16e-06	-1.12e-06	0.0190259
-5.6e-06	-1.12e-06	-0.0234455
-5.04e-06	-1.12e-06	0.026434
-4.48e-06	-1.12e-06	-0.0278421
-3.92e-06	-1.12e-06	0.0276082
-3.36e-06	-1.12e-06	-0.0257633
-2.8e-06	-1.12e-06	0.0224291
-2.24e-06	-1.12e-06	-0.0178124
-1.68e-06	-1.12e-06	0.0121898
-1.12e-06	-1.12e-06	-0.00587096
-5.6e-07	-1.12e-06	-0.000916957
0	-1.12e-06	0.00779114
5.6e-07	-1.12e-06	-0.0144669
1.12e-06	-1.12e-06	0.0203502
1.68e-06	-1.12e-06	-0.0250902
2.24e-06	-1.12e-06	0.0284354
2.8e-06	-1.12e-06	-0.0302141
3.36e-06	-1.12e-06	0.0303386
3.92e-06	-1.12e-06	-0.02881
4.48e-06	-1.12e-06	0.025719
5.04e-06	-1.12e-06	-0.0212419
5.6e-06	-1.12e-06	0.0156312
6.16e-06	-1.12e-06	-0.00920265
6.72e-06	-1.12e-06	0.00231841
7.28e-06	-1.12e-06	0.00463236
7.84e-06	-1.12e-06	-0.0112535
8.4e-06	-1.12e-06	0.0171622
8.96e-06	-1.12e-06	-0.0220067
9.52e-06	-1.12e-06	0.0254827
1.008e-05	-1.12e-06	-0.0273454
1.064e-05	-1.12e-06	0.0274315
-1.12e-05	-5.6e-07	-0.025754
-1.064e-05	-5.6e-07	0.0230399
-1.008e-05	-5.6e-07	-0.019534
-9.52e-06	-5.6e-07	0.0153423
-8.96e-06	-5.6e-07	-0.0106045
-8.4e-06	-5.6e-07	0.00551793
-7.84e-06	-5.6e-07	-0.000321125
-7.28e-06	-5.6e-07	-0.0047275
-6.72e-06	-5.6e-07	0.00936986
-6.16e-06	-5.6e-07	-0.0133659
-5.6e-06	-5.6e-07	0.0165089
-5.04e-06	-5.6e-07	-0.0186383
-4.48e-06	-5.6e-07	0.0196495
-3.92e-06	-5.6e-07	-0.0195005
-3.36e-06	-5.6e-07	0.0182162
-2.8e-06	-5.6e-07	-0.0158894
-2.24e-06	-5.6e-07	0.0126809
-1.68e-06	-5.6e-07	-0.00882251
-1.12e-06	-5.6e-07	0.00463335
-5.6e-07	-5.6e-07	0.000100697
0	-5.6e-07	-0.00485995
5.6e-07	-5.6e-07	0.00998097
1.12e-06	-5.6e-07	-0.0142991
1.68e-06	-5.6e-07	0.0177229
2.24e-06	-5.6e-07	-0.0201248
2.8e-06	-5.6e-07	0.0214021
3.36e-06	-5.6e-07	-0.0215006
3.92e-06	-5.6e-07	0.0204247
4.48e-06	-5.6e-07	-0.0182407
5.04e-06	-5.6e-07	0.0150743
5.6e-06	-5.6e-07	-0.0111055
6.16e-06	-5.6e-07	0.00655844
6.72e-06	-5.6e-07	-0.00169079
7.28e-06	-5.6e-07	-0.00322017
7.84e-06	-5.6e-07	0.00789101
8.4e-06	-5.6e-07	-0.0120451
8.96e-06	-5.6e-07	0.015423
9.52e-06	-5.6e-07	-0.0177858
1.008e-05	-5.6e-07	0.0189043
1.064e-05	-5.6e-07	-0.0185
-1.12e-05	0	0.0159999
-1.064e-05	0	-0.0136765
-1.008e-05	0	0.0113751
-9.52e-06	0	-0.00887099
-8.96e-06	0	0.00612651
-8.4e-06	0	-0.00321091
-7.84e-06	0	0.000243961
-7.28e-06	0	0.0026337
-6.72e-06	0	-0.00527808
-6.16e-06	0	0.00755404
-5.6e-06	0	-0.00934482
-5.04e-06	0	0.0105597
-4.48e-06	0	-0.0111397
-3.92e-06	0	0.0110619
-3.36e-06	0	-0.0103421
-2.8e-06	0	0.00903675
-2.24e-06	0	-0.00724585
-1.68e-06	0	0.00512265
-1.12e-06	0	-0.00290473
-5.6e-07	0	5.95765e-05
0	0	0.00250815
5.6e-07	0	-0.00554746
1.12e-06	0	0.0080674
1.68e-06	0	-0.0100451
2.24e-06	0	0.0114257
2.8e-06	0	-0.0121598
3.36e-06	0	0.0122204
3.92e-06	0	-0.0116121
4.48e-06	0	0.0103732
5.04e-06	0	-0.00857602
5.6e-06	0	0.00632291
6.16e-06	0	-0.00374176
6.72e-06	0	0.000979358
7.28e-06	0	0.00180599
7.84e-06	0	-0.00445193
8.4e-06	0	0.00679884
8.96e-06	0	-0.00869468
9.52e-06	0	0.00999601
1.008e-05	0	-0.0105647
1.064e-05	0	0.0102733
-1.12e-05	5.6e-07	-0.00486611
-1.064e-05	5.6e-07	0.00326294
-1.008e-05	5.6e-07	-0.0025636
-9.52e-06	5.6e-07	0.00197311
-8.96e-06	5.6e-07	-0.001359
-8.4e-06	5.6e-07	0.00071382
-7.84e-06	5.6e-07	-5.91731e-05
-7.28e-06	5.6e-07	-0.000575177
-6.72e-06	5.6e-07	0.00115791
-6.16e-06	5.6e-07	-0.00165941
-5.6e-06	5.6e-07	0.00205406
-5.04e-06	5.6e-07	-0.00232193
-4.48e-06	5.6e-07	0.0024501
-3.92e-06	5.6e-07	-0.00243361
-3.36e-06	5.6e-07	0.00227609
-2.8e-06	5.6e-07	-0.00199023
-2.24e-06	5.6e-07	0.00159834
-1.68e-06	5.6e-07	-0.00113236
-1.12e-06	5.6e-07	0.000624622
-5.6e-07	5.6e-07	-1.72835e-05
0	5.6e-07	-0.000571897
5.6e-07	5.6e-07	0.00121626
1.12e-06	5.6e-07	-0.0017714
1.68e-06	5.6e-07	0.00220894
2.24e-06	5.6e-07	-0.00251428
2.8e-06	5.6e-07	0.00267665
3.36e-06	5.6e-07	-0.00269044
3.92e-06	5.6e-07	0.0025568
4.48e-06	5.6e-07	-0.00228429
5.04e-06	5.6e-07	0.00188883
5.6e-06	5.6e-07	-0.00139302
6.16e-06	5.6e-07	0.000825037
6.72e-06	5.6e-07	-0.000217241
7.28e-06	5.6e-07	-0.000395447
7.84e-06	5.6e-07	0.000977152
8.4e-06	5.6e-07	-0.00149246
8.96e-06	5.6e-07	0.0019072
9.52e-06	5.6e-07	-0.00218737
1.008e-05	5.6e-07	0.00229083
1.064e-05	5.6e-07	-0.00211849
-1.12e-05	1.12e-06	0.00119973
-1.064e-05	1.12e-06	-0.000779984
-1.008e-05	1.12e-06	0.000584225
-9.52e-06	1.12e-06	-0.000441079
-8.96e-06	1.12e-06	0.000302093
-8.4e-06	1.12e-06	-0.000158872
-7.84e-06	1.12e-06	1.43009e-05
-7.28e-06	1.12e-06	0.000125572
-6.72e-06	1.12e-06	-0.000253999
-6.16e-06	1.12e-06	0.000364511
-5.6e-06	1.12e-06	-0.000451488
-5.04e-06	1.12e-06	0.000510557
-4.48e-06	1.12e-06	-0.000538886
-3.92e-06	1.12e-06	0.000535405
-3.36e-06	1.12e-06	-0.000500944
-2.8e-06	1.12e-06	0.000438341
-2.24e-06	1.12e-06	-0.000352457
-1.68e-06	1.12e-06	0.000249736
-1.12e-06	1.12e-06	-0.000135282
-5.6e-07	1.12e-06	3.6271e-06
0	1.12e-06	0.000128877
5.6e-07	1.12e-06	-0.000267325
1.12e-06	1.12e-06	0.000389113
1.68e-06	1.12e-06	-0.000485741
2.24e-06	1.12e-06	0.00055325
2.8e-06	1.12e-06	-0.000589175
3.36e-06	1.12e-06	0.000592318
3.92e-06	1.12e-06	-0.000562964
4.48e-06	1.12e-06	0.000503022
5.04e-06	1.12e-06	-0.000416008
5.6e-06	1.12e-06	0.000306904
6.16e-06	1.12e-06	-0.000181924
6.72e-06	1.12e-06	4.81997e-05
7.28e-06	1.12e-06	8.65617e-05
7.84e-06	1.12e-06	-0.000214426
8.4e-06	1.12e-06	0.000327509
8.96e-06	1.12e-06	-0.000418049
9.52e-06	1.12e-06	0.000477801
1.008e-05	1.12e-06	-0.00049521
1.064e-05	1.12e-06	0.000445992
-1.12e-05	1.68e-06	-0.000282603
-1.064e-05	1.68e-06	0.000184863
-1.008e-05	1.68e-06	-0.000134035
-9.52e-06	1.68e-06	9.91173e-05
-8.96e-06	1.68e-06	-6.73408e-05
-8.4e-06	1.68e-06	3.54197e-05
-7.84e-06	1.68e-06	-3.45143e-06
-7.28e-06	1.68e-06	-2.74035e-05
-6.72e-06	1.68e-06	5.57117e-05
-6.16e-06	1.68e-06	-8.00662e-05
-5.6e-06	1.68e-06	9.92362e-05
-5.04e-06	1.68e-06	-0.000112263
-4.48e-06	1.68e-06	0.000118526
-3.92e-06	1.68e-06	-0.000117794
-3.36e-06	1.68e-06	0.000110256
-2.8e-06	1.68e-06	-9.65411e-05
-2.24e-06	1.68e-06	7.76926e-05
-1.68e-06	1.68e-06	-5.50064e-05
-1.12e-06	1.68e-06	2.94211e-05
-5.6e-07	1.68e-06	-6.40076e-07
0	1.68e-06	-2.8849e-05
5.6e-07	1.68e-06	5.88361e-05
1.12e-06	1.68e-06	-8.55108e-05
1.68e-06	1.68e-06	0.000106817
2.24e-06	1.68e-06	-0.000121734
2.8e-06	1.68e-06	0.000129683
3.36e-06	1.68e-06	-0.000130401
3.92e-06	1.68e-06	0.000123955
4.48e-06	1.68e-06	-0.00011077
5.04e-06	1.68e-06	9.1625e-05
5.6e-06	1.68e-06	-6.76173e-05
6.16e-06	1.68e-06	4.0117e-05
6.72e-06	1.68e-06	-1.0697e-05
7.28e-06	1.68e-06	-1.89411e-05
7.84e-06	1.68e-06	4.704e-05
8.4e-06	1.68e-06	-7.1839e-05
8.96e-06	1.68e-06	9.15616e-05
9.52e-06	1.68e-06	-0.000104224
1.008e-05	1.68e-06	0.000107009
1.064e-05	1.68e-06	-9.51897e-05
-1.12e-05	2.24e-06	6.49837e-05
-1.064e-05	2.24e-06	-4.33468e-05
-1.008e-05	2.24e-06	3.08392e-05
-9.52e-06	2.24e-06	-2.23756e-05
-8.96e-06	2.24e-06	1.50591e-05
-8.4e-06	2.24e-06	-7.91431e-06
-7.84e-06	2.24e-06	8.33449e-07
-7.28e-06	2.24e-06	5.97704e-06
-6.72e-06	2.24e-06	-1.22182e-05
-6.16e-06	2.24e-06	1.7586e-05
-5.6e-06	2.24e-06	-2.18114e-05
-5.04e-06	2.24e-06	2.46844e-05
-4.48e-06	2.24e-06	-2.60692e-05
-3.92e-06	2.24e-06	2.59161e-05
-3.36e-06	2.24e-06	-2.42676e-05
-2.8e-06	2.24e-06	2.12613e-05
-2.24e-06	2.24e-06	-1.71198e-05
-1.68e-06	2.24e-06	1.21063e-05
-1.12e-06	2.24e-06	-6.41398e-06
-5.6e-07	2.24e-06	9.41078e-08
0	2.24e-06	6.43227e-06
5.6e-07	2.24e-06	-1.2959e-05
1.12e-06	2.24e-06	1.87991e-05
1.68e-06	2.24e-06	-2.34913e-05
2.24e-06	2.24e-06	2.67854e-05
2.8e-06	2.24e-06	-2.8544e-05
3.36e-06	2.24e-06	2.87076e-05
3.92e-06	2.24e-06	-2.72924e-05
4.48e-06	2.24e-06	2.43928e-05
5.04e-06	2.24e-06	-2.01804e-05
5.6e-06	2.24e-06	1.48978e-05
6.16e-06	2.24e-06	-8.84687e-06
6.72e-06	2.24e-06	2.37471e-06
7.28e-06	2.24e-06	4.14281e-06
7.84e-06	2.24e-06	-1.0316e-05
8.4e-06	2.24e-06	1.57502e-05
8.96e-06	2.24e-06	-2.00384e-05
9.52e-06	2.24e-06	2.27139e-05
1.008e-05	2.24e-06	-2.31438e-05
1.064e-05	2.24e-06	2.05017e-05
-1.12e-05	2.8e-06	-1.47393e-05
-1.064e-05	2.8e-06	1.00633e-05
-1.008e-05	2.8e-06	-7.09692e-06
-9.52e-06	2.8e-06	5.0693e-06
-8.96e-06	2.8e-06	-3.37857e-06
-8.4e-06	2.8e-06	1.77307e-06
-7.84e-06	2.8e-06	-2.0167e-07
-7.28e-06	2.8e-06	-1.30276e-06
-6.72e-06	2.8e-06	2.6792e-06
-6.16e-06	2.8e-06	-3.86243e-06
-5.6e-06	2.8e-06	4.79388e-06
-5.04e-06	2.8e-06	-5.42757e-06
-4.48e-06	2.8e-06	5.73385e-06
-3.92e-06	2.8e-06	-5.70193e-06
-3.36e-06	2.8e-06	5.34135e-06
-2.8e-06	2.8e-06	-4.68204e-06
-2.24e-06	2.8e-06	3.77123e-06
-1.68e-06	2.8e-06	-2.66322e-06
-1.12e-06	2.8e-06	1.40032e-06
-5.6e-07	2.8e-06	-9.44601e-09
0	2.8e-06	-1.43064e-06
5.6e-07	2.8e-06	2.8555e-06
1.12e-06	2.8e-06	-4.13429e-06
1.68e-06	2.8e-06	5.16669e-06
2.24e-06	2.8e-06	-5.8936e-06
2.8e-06	2.8e-06	6.28253e-06
3.36e-06	2.8e-06	-6.31987e-06
3.92e-06	2.8e-06	6.00921e-06
4.48e-06	2.8e-06	-5.37153e-06
5.04e-06	2.8e-06	4.44476e-06
5.6e-06	2.8e-06	-3.28241e-06
6.16e-06	2.8e-06	1.95109e-06
6.72e-06	2.8e-06	-5.27364e-07
7.28e-06	2.8e-06	-9.05661e-07
7.84e-06	2.8e-06	2.26142e-06
8.4e-06	2.8e-06	-3.45135e-06
8.96e-06	2.8e-06	4.38245e-06
9.52e-06	2.8e-06	-4.94763e-06
1.008e-05	2.8e-06	5.01242e-06
1.064e-05	2.8e-06	-4.44222e-06
-1.12e-05	3.36e-06	3.31574e-06
-1.064e-05	3.36e-06	-2.31675e-06
-1.008e-05	3.36e-06	1.63083e-06
-9.52e-06	3.36e-06	-1.15129e-06
-8.96e-06	3.36e-06	7.6031e-07
-8.4e-06	3.36e-06	-3.98373e-07
-7.84e-06	3.36e-06	4.89384e-08
-7.28e-06	3.36e-06	2.837e-07
-6.72e-06	3.36e-06	-5.87388e-07
-6.16e-06	3.36e-06	8.48259e-07
-5.6e-06	3.36e-06	-1.05361e-06
-5.04e-06	3.36e-06	1.1934e-06
-4.48e-06	3.36e-06	-1.26115e-06
-3.92e-06	3.36e-06	1.25452e-06
-3.36e-06	3.36e-06	-1.17563e-06
-2.8e-06	3.36e-06	1.03096e-06
-2.24e-06	3.36e-06	-8.30523e-07
-1.68e-06	3.36e-06	5.85689e-07
-1.12e-06	3.36e-06	-3.05998e-07
-5.6e-07	3.36e-06	-4.28599e-10
0	3.36e-06	3.17686e-07
5.6e-07	3.36e-06	-6.2935e-07
1.12e-06	3.36e-06	9.09461e-07
1.68e-06	3.36e-06	-1.13648e-06
2.24e-06	3.36e-06	1.29678e-06
2.8e-06	3.36e-06	-1.38277e-06
3.36e-06	3.36e-06	1.39128e-06
3.92e-06	3.36e-06	-1.32309e-06
4.48e-06	3.36e-06	1.18286e-06
5.04e-06	3.36e-06	-9.78973e-07
5.6e-06	3.36e-06	7.23228e-07
6.16e-06	3.36e-06	-4.30323e-07
6.72e-06	3.36e-06	1.1716e-07
7.28e-06	3.36e-06	1.97872e-07
7.84e-06	3.36e-06	-4.95522e-07
8.4e-06	3.36e-06	7.55906e-07
8.96e-06	3.36e-06	-9.57903e-07
9.52e-06	3.36e-06	1.07751e-06
1.008e-05	3.36e-06	-1.08722e-06
1.064e-05	3.36e-06	9.66429e-07
-1.12e-05	3.92e-06	-7.42065e-07
-1.064e-05	3.92e-06	5.2973e-07
-1.008e-05	3.92e-06	-3.73894e-07
-9.52e-06	3.92e-06	2.61845e-07
-8.96e-06	3.92e-06	-1.71557e-07
-8.4e-06	3.92e-06	8.97691e-08
-7.84e-06	3.92e-06	-1.19122e-08
-7.28e-06	3.92e-06	-6.17136e-08
-6.72e-06	3.92e-06	1.2875e-07
-6.16e-06	3.92e-06	-1.86279e-07
-5.6e-06	3.92e-06	2.31557e-07
-5.04e-06	3.92e-06	-2.62397e-07
-4.48e-06	3.92e-06	2.77386e-07
-3.92e-06	3.92e-06	-2.76017e-07
-3.36e-06	3.92e-06	2.58753e-07
-2.8e-06	3.92e-06	-2.26992e-07
-2.24e-06	3.92e-06	1.82861e-07
-1.68e-06	3.92e-06	-1.28776e-07
-1.12e-06	3.92e-06	6.69065e-08
-5.6e-07	3.92e-06	6.32508e-10
0	3.92e-06	-7.04677e-08
5.6e-07	3.92e-06	1.38726e-07
1.12e-06	3.92e-06	-2.00109e-07
1.68e-06	3.92e-06	2.50007e-07
2.24e-06	3.92e-06	-2.85339e-07
2.8e-06	3.92e-06	3.0434e-07
3.36e-06	3.92e-06	-3.06276e-07
3.92e-06	3.92e-06	2.91313e-07
4.48e-06	3.92e-06	-2.60478e-07
5.04e-06	3.92e-06	2.15624e-07
5.6e-06	3.92e-06	-1.59356e-07
6.16e-06	3.92e-06	9.49169e-08
6.72e-06	3.92e-06	-2.60401e-08
7.28e-06	3.92e-06	-4.32033e-08
7.84e-06	3.92e-06	1.08529e-07
8.4e-06	3.92e-06	-1.65475e-07
8.96e-06	3.92e-06	2.09282e-07
9.52e-06	3.92e-06	-2.34674e-07
1.008e-05	3.92e-06	2.36168e-07
1.064e-05	3.92e-06	-2.10838e-07
-1.12e-05	4.48e-06	1.65516e-07
-1.064e-05	4.48e-06	-1.20464e-07
-1.008e-05	4.48e-06	8.54924e-08
-9.52e-06	4.48e-06	-5.95888e-08
-8.96e-06	4.48e-06	3.87952e-08
-8.4e-06	4.48e-06	-2.02859e-08
-7.84e-06	4.48e-06	2.90752e-09
-7.28e-06	4.48e-06	1.3407e-08
-6.72e-06	4.48e-06	-2.82133e-08
-6.16e-06	4.48e-06	4.09037e-08
-5.6e-06	4.48e-06	-5.08889e-08
-5.04e-06	4.48e-06	5.76937e-08
-4.48e-06	4.48e-06	-6.10103e-08
-3.92e-06	4.48e-06	6.07286e-08
-3.36e-06	4.48e-06	-5.69494e-08
-2.8e-06	4.48e-06	4.99732e-08
-2.24e-06	4.48e-06	-4.02539e-08
-1.68e-06	4.48e-06	2.83097e-08
-1.12e-06	4.48e-06	-1.46352e-08
-5.6e-07	4.48e-06	-2.52734e-10
0	4.48e-06	1.56185e-08
5.6e-07	4.48e-06	-3.05813e-08
1.12e-06	4.48e-06	4.40381e-08
1.68e-06	4.48e-06	-5.50031e-08
2.24e-06	4.48e-06	6.27865e-08
2.8e-06	4.48e-06	-6.69834e-08
3.36e-06	4.48e-06	6.74231e-08
3.92e-06	4.48e-06	-6.41397e-08
4.48e-06	4.48e-06	5.73597e-08
5.04e-06	4.48e-06	-4.74926e-08
5.6e-06	4.48e-06	3.51134e-08
6.16e-06	4.48e-06	-2.09377e-08
6.72e-06	4.48e-06	5.79051e-09
7.28e-06	4.48e-06	9.42619e-09
7.84e-06	4.48e-06	-2.37586e-08
8.4e-06	4.48e-06	3.62073e-08
8.96e-06	4.48e-06	-4.57085e-08
9.52e-06	4.48e-06	5.11205e-08
1.008e-05	4.48e-06	-5.13696e-08
1.064e-05	4.48e-06	4.60871e-08
-1.12e-05	5.04e-06	-3.68335e-08
-1.064e-05	5.04e-06	2.72748e-08
-1.008e-05	5.04e-06	-1.94947e-08
-9.52e-06	5.04e-06	1.35603e-08
-8.96e-06	5.04e-06	-8.78784e-09
-8.4e-06	5.04e-06	4.59612e-09
-7.84e-06	5.04e-06	-7.11091e-10
-7.28e-06	5.04e-06	-2.90808e-09
-6.72e-06	5.04e-06	6.18048e-09
-6.16e-06	5.04e-06	-8.98084e-09
-5.6e-06	5.04e-06	1.11833e-08
-5.04e-06	5.04e-06	-1.2685e-08
-4.48e-06	5.04e-06	1.3419e-08
-3.92e-06	5.04e-06	-1.33613e-08
-3.36e-06	5.04e-06	1.25337e-08
-2.8e-06	5.04e-06	-1.10008e-08
-2.24e-06	5.04e-06	8.85981e-09
-1.68e-06	5.04e-06	-6.2228e-09
-1.12e-06	5.04e-06	3.2023e-09
-5.6e-07	5.04e-06	7.93909e-11
0	5.04e-06	-3.45964e-09
5.6e-07	5.04e-06	6.74171e-09
1.12e-06	5.04e-06	-9.69296e-09
1.68e-06	5.04e-06	1.21021e-08
2.24e-06	5.04e-06	-1.38161e-08
2.8e-06	5.04e-06	1.47427e-08
3.36e-06	5.04e-06	-1.48423e-08
3.92e-06	5.04e-06	1.41218e-08
4.48e-06	5.04e-06	-1.26312e-08
5.04e-06	5.04e-06	1.04607e-08
5.6e-06	5.04e-06	-7.73731e-09
6.16e-06	5.04e-06	4.61906e-09
6.72e-06	5.04e-06	-1.28831e-09
7.28e-06	5.04e-06	-2.05503e-09
7.84e-06	5.04e-06	5.19861e-09
8.4e-06	5.04e-06	-7.91919e-09
8.96e-06	5.04e-06	9.98073e-09
9.52e-06	5.04e-06	-1.11392e-08
1.008e-05	5.04e-06	1.11868e-08
1.064e-05	5.04e-06	-1.00884e-08
-1.12e-05	5.6e-06	8.18363e-09
-1.064e-05	5.6e-06	-6.15377e-09
-1.008e-05	5.6e-06	4.43362e-09
-9.52e-06	5.6e-06	-3.08428e-09
-8.96e-06	5.6e-06	1.99301e-09
-8.4e-06	5.6e-06	-1.04371e-09
-7.84e-06	5.6e-06	1.74099e-10
-7.28e-06	5.6e-06	6.29659e-10
-6.72e-06	5.6e-06	-1.3534e-09
-6.16e-06	5.6e-06	1.9716e-09
-5.6e-06	5.6e-06	-2.45753e-09
-5.04e-06	5.6e-06	2.78899e-09
-4.48e-06	5.6e-06	-2.95143e-09
-3.92e-06	5.6e-06	2.93966e-09
-3.36e-06	5.6e-06	-2.75837e-09
-2.8e-06	5.6e-06	2.42145e-09
-2.24e-06	5.6e-06	-1.94975e-09
-1.68e-06	5.6e-06	1.36772e-09
-1.12e-06	5.6e-06	-7.00855e-10
-5.6e-07	5.6e-06	-2.24371e-11
0	5.6e-06	7.65986e-10
5.6e-07	5.6e-06	-1.48625e-09
1.12e-06	5.6e-06	2.13372e-09
1.68e-06	5.6e-06	-2.66301e-09
2.24e-06	5.6e-06	3.04031e-09
2.8e-06	5.6e-06	-3.24479e-09
3.36e-06	5.6e-06	3.26732e-09
3.92e-06	5.6e-06	-3.10923e-09
4.48e-06	5.6e-06	2.78151e-09
5.04e-06	5.6e-06	-2.30408e-09
5.6e-06	5.6e-06	1.70499e-09
6.16e-06	5.6e-06	-1.01911e-09
6.72e-06	5.6e-06	2.86789e-10
7.28e-06	5.6e-06	4.47654e-10
7.84e-06	5.6e-06	-1.13697e-09
8.4e-06	5.6e-06	1.73144e-09
8.96e-06	5.6e-06	-2.17904e-09
9.52e-06	5.6e-06	2.42808e-09
1.008e-05	5.6e-06	-2.43871e-09
1.064e-05	5.6e-06	2.21066e-09
-1.12e-05	6.16e-06	-1.81609e-09
-1.064e-05	6.16e-06	1.38449e-09
-1.008e-05	6.16e-06	-1.00585e-09
-9.52e-06	6.16e-06	7.00947e-10
-8.96e-06	6.16e-06	-4.52349e-10
-8.4e-06	6.16e-06	2.37465e-10
-7.84e-06	6.16e-06	-4.26291e-11
-7.28e-06	6.16e-06	-1.36057e-10
-6.72e-06	6.16e-06	2.96242e-10
-6.16e-06	6.16e-06	-4.32774e-10
-5.6e-06	6.16e-06	5.40013e-10
-5.04e-06	6.16e-06	-6.13186e-10
-4.48e-06	6.16e-06	6.49145e-10
-3.92e-06	6.16e-06	-6.46756e-10
-3.36e-06	6.16e-06	6.0703e-10
-2.8e-06	6.16e-06	-5.32954e-10
-2.24e-06	6.16e-06	4.29025e-10
-1.68e-06	6.16e-06	-3.00592e-10
-1.12e-06	6.16e-06	1.53419e-10
-5.6e-07	6.16e-06	5.97556e-12
0	6.16e-06	-1.69531e-10
5.6e-07	6.16e-06	3.27657e-10
1.12e-06	6.16e-06	-4.69747e-10
1.68e-06	6.16e-06	5.86028e-10
2.24e-06	6.16e-06	-6.69063e-10
2.8e-06	6.16e-06	7.14167e-10
3.36e-06	6.16e-06	-7.19249e-10
3.92e-06	6.16e-06	6.84563e-10
4.48e-06	6.16e-06	-6.12516e-10
5.04e-06	6.16e-06	5.07507e-10
5.6e-06	6.16e-06	-3.75723e-10
6.16e-06	6.16e-06	2.24873e-10
6.72e-06	6.16e-06	-6.3879e-11
7.28e-06	6.16e-06	-9.74295e-11
7.84e-06	6.16e-06	2.4855e-10
8.4e-06	6.16e-06	-3.78439e-10
8.96e-06	6.16e-06	4.75704e-10
9.52e-06	6.16e-06	-5.29466e-10
1.008e-05	6.16e-06	5.32116e-10
1.064e-05	6.16e-06	-4.84803e-10
-1.12e-05	6.72e-06	4.02664e-10
-1.064e-05	6.72e-06	-3.10764e-10
-1.008e-05	6.72e-06	2.27683e-10
-9.52e-06	6.72e-06	-1.59139e-10
-8.96e-06	6.72e-06	1.02709e-10
-8.4e-06	6.72e-06	-5.41105e-11
-7.84e-06	6.72e-06	1.04294e-11
-7.28e-06	6.72e-06	2.93324e-11
-6.72e-06	6.72e-06	-6.48117e-11
-6.16e-06	6.72e-06	9.49802e-11
-5.6e-06	6.72e-06	-1.18654e-10
-5.04e-06	6.72e-06	1.34812e-10
-4.48e-06	6.72e-06	-1.42772e-10
-3.92e-06	6.72e-06	1.42291e-10
-3.36e-06	6.72e-06	-1.33583e-10
-2.8e-06	6.72e-06	1.17292e-10
-2.24e-06	6.72e-06	-9.4393e-11
-1.68e-06	6.72e-06	6.60588e-11
-1.12e-06	6.72e-06	-3.35892e-11
-5.6e-07	6.72e-06	-1.53238e-12
0	6.72e-06	3.75094e-11
5.6e-07	6.72e-06	-7.22349e-11
1.12e-06	6.72e-06	1.03425e-10
1.68e-06	6.72e-06	-1.28972e-10
2.24e-06	6.72e-06	1.47242e-10
2.8e-06	6.72e-06	-1.57188e-10
3.36e-06	6.72e-06	1.58332e-10
3.92e-06	6.72e-06	-1.50721e-10
4.48e-06	6.72e-06	1.34883e-10
5.04e-06	6.72e-06	-1.11787e-10
5.6e-06	6.72e-06	8.28001e-11
6.16e-06	6.72e-06	-4.96253e-11
6.72e-06	6.72e-06	1.42367e-11
7.28e-06	6.72e-06	2.11862e-11
7.84e-06	6.72e-06	-5.43109e-11
8.4e-06	6.72e-06	8.26929e-11
8.96e-06	6.72e-06	-1.03849e-10
9.52e-06	6.72e-06	1.155e-10
1.008e-05	6.72e-06	-1.16197e-10
1.064e-05	6.72e-06	1.06384e-10
-1.12e-05	7.28e-06	-8.92172e-11
-1.064e-05	7.28e-06	6.96217e-11
-1.008e-05	7.28e-06	-5.14335e-11
-9.52e-06	7.28e-06	3.60895e-11
-8.96e-06	7.28e-06	-2.33226e-11
-8.4e-06	7.28e-06	1.23443e-11
-7.84e-06	7.28e-06	-2.54733e-12
-7.28e-06	7.28e-06	-6.30772e-12
-6.72e-06	7.28e-06	1.41719e-11
-6.16e-06	7.28e-06	-2.08413e-11
-5.6e-06	7.28e-06	2.60693e-11
-5.04e-06	7.28e-06	-2.9638e-11
-4.48e-06	7.28e-06	3.14006e-11
-3.92e-06	7.28e-06	-3.13041e-11
-3.36e-06	7.28e-06	2.93949e-11
-2.8e-06	7.28e-06	-2.58118e-11
-2.24e-06	7.28e-06	2.07662e-11
-1.68e-06	7.28e-06	-1.45165e-11
-1.12e-06	7.28e-06	7.355e-12
-5.6e-07	7.28e-06	3.82889e-13
0	7.28e-06	-8.29689e-12
5.6e-07	7.28e-06	1.59248e-11
1.12e-06	7.28e-06	-2.2773e-11
1.68e-06	7.28e-06	2.83858e-11
2.24e-06	7.28e-06	-3.2405e-11
2.8e-06	7.28e-06	3.45973e-11
3.36e-06	7.28e-06	-3.48543e-11
3.92e-06	7.28e-06	3.31843e-11
4.48e-06	7.28e-06	-2.97026e-11
5.04e-06	7.28e-06	2.46233e-11
5.6e-06	7.28e-06	-1.82479e-11
6.16e-06	7.28e-06	1.09527e-11
6.72e-06	7.28e-06	-3.17479e-12
7.28e-06	7.28e-06	-4.60273e-12
7.84e-06	7.28e-06	1.18627e-11
8.4e-06	7.28e-06	-1.80653e-11
8.96e-06	7.28e-06	2.26715e-11
9.52e-06	7.28e-06	-2.52053e-11
1.008e-05	7.28e-06	2.53909e-11
1.064e-05	7.28e-06	-2.33561e-11
-1.12e-05	7.84e-06	1.9757e-11
-1.064e-05	7.84e-06	-1.55727e-11
-1.008e-05	7.84e-06	1.15978e-11
-9.52e-06	7.84e-06	-8.1746e-12
-8.96e-06	7.84e-06	5.29526e-12
-8.4e-06	7.84e-06	-2.81827e-12
-7.84e-06	7.84e-06	6.20816e-13
-7.28e-06	7.84e-06	1.3527e-12
-6.72e-06	7.84e-06	-3.09695e-12
-6.16e-06	7.84e-06	4.57222e-12
-5.6e-06	7.84e-06	-5.72722e-12
-5.04e-06	7.84e-06	6.51559e-12
-4.48e-06	7.84e-06	-6.90594e-12
-3.92e-06	7.84e-06	6.88676e-12
-3.36e-06	7.84e-06	-6.4681e-12
-2.8e-06	7.84e-06	5.67985e-12
-2.24e-06	7.84e-06	-4.56806e-12
-1.68e-06	7.84e-06	3.18995e-12
-1.12e-06	7.84e-06	-1.6107e-12
-5.6e-07	7.84e-06	-9.38373e-14
0	7.84e-06	1.83485e-12
5.6e-07	7.84e-06	-3.51067e-12
1.12e-06	7.84e-06	5.01471e-12
1.68e-06	7.84e-06	-6.24781e-12
2.24e-06	7.84e-06	7.13203e-12
2.8e-06	7.84e-06	-7.61506e-12
3.36e-06	7.84e-06	7.67274e-12
3.92e-06	7.84e-06	-7.30621e-12
4.48e-06	7.84e-06	6.54093e-12
5.04e-06	7.84e-06	-5.42384e-12
5.6e-06	7.84e-06	4.02177e-12
6.16e-06	7.84e-06	-2.41767e-12
6.72e-06	7.84e-06	7.08396e-13
7.28e-06	7.84e-06	9.99059e-13
7.84e-06	7.84e-06	-2.59009e-12
8.4e-06	7.84e-06	3.94586e-12
8.96e-06	7.84e-06	-4.94977e-12
9.52e-06	7.84e-06	5.50255e-12
1.008e-05	7.84e-06	-5.55161e-12
1.064e-05	7.84e-06	5.12975e-12
-1.12e-05	8.4e-06	-4.37314e-12
-1.064e-05	8.4e-06	3.47865e-12
-1.008e-05	8.4e-06	-2.61089e-12
-9.52e-06	8.4e-06	1.84948e-12
-8.96e-06	8.4e-06	-1.20171e-12
-8.4e-06	8.4e-06	6.43823e-13
-7.84e-06	8.4e-06	-1.50864e-13
-7.28e-06	8.4e-06	-2.8922e-13
-6.72e-06	8.4e-06	6.76353e-13
-6.16e-06	8.4e-06	-1.00281e-12
-5.6e-06	8.4e-06	1.25813e-12
-5.04e-06	8.4e-06	-1.43229e-12
-4.48e-06	8.4e-06	1.51879e-12
-3.92e-06	8.4e-06	-1.51499e-12
-3.36e-06	8.4e-06	1.42324e-12
-2.8e-06	8.4e-06	-1.24971e-12
-2.24e-06	8.4e-06	1.00486e-12
-1.68e-06	8.4e-06	-7.00883e-13
-1.12e-06	8.4e-06	3.52801e-13
-5.6e-07	8.4e-06	2.27021e-14
0	8.4e-06	-4.05669e-13
5.6e-07	8.4e-06	7.73955e-13
1.12e-06	8.4e-06	-1.10429e-12
1.68e-06	8.4e-06	1.37528e-12
2.24e-06	8.4e-06	-1.5697e-12
2.8e-06	8.4e-06	1.67623e-12
3.36e-06	8.4e-06	-1.68901e-12
3.92e-06	8.4e-06	1.60867e-12
4.48e-06	8.4e-06	-1.44036e-12
5.04e-06	8.4e-06	1.19482e-12
5.6e-06	8.4e-06	-8.86405e-13
6.16e-06	8.4e-06	5.33797e-13
6.72e-06	8.4e-06	-1.58139e-13
7.28e-06	8.4e-06	-2.16647e-13
7.84e-06	8.4e-06	5.65322e-13
8.4e-06	8.4e-06	-8.61699e-13
8.96e-06	8.4e-06	1.08079e-12
9.52e-06	8.4e-06	-1.20169e-12
1.008e-05	8.4e-06	1.21448e-12
1.064e-05	8.4e-06	-1.12704e-12
-1.12e-05	8.96e-06	9.67563e-13
-1.064e-05	8.96e-06	-7.76169e-13
-1.008e-05	8.96e-06	5.86884e-13
-9.52e-06	8.96e-06	-4.17948e-13
-8.96e-06	8.96e-06	2.72623e-13
-8.4e-06	8.96e-06	-1.47071e-13
-7.84e-06	8.96e-06	3.65436e-14
-7.28e-06	8.96e-06	6.15978e-14
-6.72e-06	8.96e-06	-1.47604e-13
-6.16e-06	8.96e-06	2.19921e-13
-5.6e-06	8.96e-06	-2.76301e-13
-5.04e-06	8.96e-06	3.14912e-13
-4.48e-06	8.96e-06	-3.33962e-13
-3.92e-06	8.96e-06	3.33385e-13
-3.36e-06	8.96e-06	-3.13076e-13
-2.8e-06	8.96e-06	2.75051e-13
-2.24e-06	8.96e-06	-2.20976e-13
-1.68e-06	8.96e-06	1.54019e-13
-1.12e-06	8.96e-06	-7.73251e-14
-5.6e-07	8.96e-06	-5.43968e-15
0	8.96e-06	8.96886e-14
5.6e-07	8.96e-06	-1.70597e-13
1.12e-06	8.96e-06	2.43229e-13
1.68e-06	8.96e-06	-3.02704e-13
2.24e-06	8.96e-06	3.45552e-13
2.8e-06	8.96e-06	-3.68896e-13
3.36e-06	8.96e-06	3.71897e-13
3.92e-06	8.96e-06	-3.5414e-13
4.48e-06	8.96e-06	3.17216e-13
5.04e-06	8.96e-06	-2.63179e-13
5.6e-06	8.96e-06	1.95411e-13
6.16e-06	8.96e-06	-1.17833e-13
6.72e-06	8.96e-06	3.53556e-14
7.28e-06	8.96e-06	4.69641e-14
7.84e-06	8.96e-06	-1.23306e-13
8.4e-06	8.96e-06	1.88195e-13
8.96e-06	8.96e-06	-2.35997e-13
9.52e-06	8.96e-06	2.6253e-13
1.008e-05	8.96e-06	-2.65828e-13
1.064e-05	8.96e-06	2.47646e-13
-1.12e-05	9.52e-06	-2.1405e-13
-1.064e-05	9.52e-06	1.72945e-13
-1.008e-05	9.52e-06	-1.31795e-13
-9.52e-06	9.52e-06	9.42843e-14
-8.96e-06	9.52e-06	-6.18137e-14
-8.4e-06	9.52e-06	3.35986e-14
-7.84e-06	9.52e-06	-8.787e-15
-7.28e-06	9.52e-06	-1.31151e-14
-6.72e-06	9.52e-06	3.21715e-14
-6.16e-06	9.52e-06	-4.81808e-14
-5.6e-06	9.52e-06	6.07516e-14
-5.04e-06	9.52e-06	-6.91772e-14
-4.48e-06	9.52e-06	7.35154e-14
-3.92e-06	9.52e-06	-7.32635e-14
-3.36e-06	9.52e-06	6.89041e-14
-2.8e-06	9.52e-06	-6.04731e-14
-2.24e-06	9.52e-06	4.85835e-14
-1.68e-06	9.52e-06	-3.38596e-14
-1.12e-06	9.52e-06	1.69185e-14
-5.6e-07	9.52e-06	1.29082e-15
0	9.52e-06	-1.9831e-14
5.6e-07	9.52e-06	3.76635e-14
1.12e-06	9.52e-06	-5.35512e-14
1.68e-06	9.52e-06	6.66713e-14
2.24e-06	9.52e-06	-7.59975e-14
2.8e-06	9.52e-06	8.12202e-14
3.36e-06	9.52e-06	-8.18132e-14
3.92e-06	9.52e-06	7.80007e-14
4.48e-06	9.52e-06	-6.98093e-14
5.04e-06	9.52e-06	5.79339e-14
5.6e-06	9.52e-06	-4.30131e-14
6.16e-06	9.52e-06	2.6069e-14
6.72e-06	9.52e-06	-7.86347e-15
7.28e-06	9.52e-06	-1.01143e-14
7.84e-06	9.52e-06	2.69466e-14
8.4e-06	9.52e-06	-4.10232e-14
8.96e-06	9.52e-06	5.1571e-14
9.52e-06	9.52e-06	-5.73176e-14
1.008e-05	9.52e-06	5.81864e-14
1.064e-05	9.52e-06	-5.43726e-14
-1.12e-05	1.008e-05	4.72487e-14
-1.064e-05	1.008e-05	-3.84864e-14
-1.008e-05	1.008e-05	2.94912e-14
-9.52e-06	1.008e-05	-2.12282e-14
-8.96e-06	1.008e-05	1.39769e-14
-8.4e-06	1.008e-05	-7.62522e-15
-7.84e-06	1.008e-05	2.17315e-15
-7.28e-06	1.008e-05	2.79789e-15
-6.72e-06	1.008e-05	-6.93213e-15
-6.16e-06	1.008e-05	1.06022e-14
-5.6e-06	1.008e-05	-1.32506e-14
-5.04e-06	1.008e-05	1.52298e-14
-4.48e-06	1.008e-05	-1.61035e-14
-3.92e-06	1.008e-05	1.61125e-14
-3.36e-06	1.008e-05	-1.5119e-14
-2.8e-06	1.008e-05	1.32138e-14
-2.24e-06	1.008e-05	-1.07232e-14
-1.68e-06	1.008e-05	7.37821e-15
-1.12e-06	1.008e-05	-3.68707e-15
-5.6e-07	1.008e-05	-3.27333e-16
0	1.008e-05	4.37314e-15
5.6e-07	1.008e-05	-8.28069e-15
1.12e-06	1.008e-05	1.18383e-14
1.68e-06	1.008e-05	-1.46593e-14
2.24e-06	1.008e-05	1.67256e-14
2.8e-06	1.008e-05	-1.77962e-14
3.36e-06	1.008e-05	1.80084e-14
3.92e-06	1.008e-05	-1.71096e-14
4.48e-06	1.008e-05	1.53246e-14
5.04e-06	1.008e-05	-1.27229e-14
5.6e-06	1.008e-05	9.45066e-15
6.16e-06	1.008e-05	-5.70737e-15
6.72e-06	1.008e-05	1.80354e-15
7.28e-06	1.008e-05	2.22714e-15
7.84e-06	1.008e-05	-5.83111e-15
8.4e-06	1.008e-05	9.01923e-15
8.96e-06	1.008e-05	-1.11917e-14
9.52e-06	1.008e-05	1.25759e-14
1.008e-05	1.008e-05	-1.25403e-14
1.064e-05	1.008e-05	1.15378e-14
-1.12e-05	1.064e-05	-9.94774e-15
-1.064e-05	1.064e-05	8.20166e-15
-1.008e-05	1.064e-05	-6.27671e-15
-9.52e-06	1.064e-05	4.5969e-15
-8.96e-06	1.064e-05	-2.93903e-15
-8.4e-06	1.064e-05	1.71485e-15
-7.84e-06	1.064e-05	-4.06044e-16
-7.28e-06	1.064e-05	-5.0341e-16
-6.72e-06	1.064e-05	1.54899e-15
-6.16e-06	1.064e-05	-2.11245e-15
-5.6e-06	1.064e-05	2.86485e-15
-5.04e-06	1.064e-05	-3.1153e-15
-4.48e-06	1.064e-05	3.41291e-15
-3.92e-06	1.064e-05	-3.39065e-15
-3.36e-06	1.064e-05	3.14089e-15
-2.8e-06	1.064e-05	-2.79702e-15
-2.24e-06	1.064e-05	2.24286e-15
-1.68e-06	1.064e-05	-1.529e-15
-1.12e-06	1.064e-05	7.5757e-16
-5.6e-07	1.064e-05	7.09769e-17
0	1.064e-05	-9.33074e-16
5.6e-07	1.064e-05	1.79546e-15
1.12e-06	1.064e-05	-2.47321e-15
1.68e-06	1.064e-05	3.13446e-15
2.24e-06	1.064e-05	-3.45797e-15
2.8e-06	1.064e-05	3.75202e-15
3.36e-06	1.064e-05	-3.73617e-15
3.92e-06	1.064e-05	3.59175e-15
4.48e-06	1.064e-05	-3.20758e-15
5.04e-06	1.064e-05	2.63841e-15
5.6e-06	1.064e-05	-1.99238e-15
6.16e-06	1.064e-05	1.20157e-15
6.72e-06	1.064e-05	-3.56526e-16
7.28e-06	1.064e-05	-4.48436e-16
7.84e-06	1.064e-05	1.26471e-15
8.4e-06	1.064e-05	-1.83146e-15
8.96e-06	1.064e-05	2.35913e-15
9.52e-06	1.064e-05	-2.49563e-15
1.008e-05	1.064e-05	2.36184e-15
1.064e-05	1.064e-05	-3.81103e-16
