
-1.14e-05	1.2e-05	-1.46613e-17
-1.08e-05	1.2e-05	-4.04118e-16
-1.02e-05	1.2e-05	-2.65305e-16
-9.6e-06	1.2e-05	-2.83738e-16
-9e-06	1.2e-05	-1.37759e-16
-8.4e-06	1.2e-05	-9.22084e-17
-7.8e-06	1.2e-05	-9.84057e-17
-7.2e-06	1.2e-05	-2.02856e-16
-6.6e-06	1.2e-05	-2.13759e-16
-6e-06	1.2e-05	-1.70939e-16
-5.4e-06	1.2e-05	-3.3893e-16
-4.8e-06	1.2e-05	-3.73399e-16
-4.2e-06	1.2e-05	-4.0346e-16
-3.6e-06	1.2e-05	-9.39306e-16
-3e-06	1.2e-05	-1.01893e-15
-2.4e-06	1.2e-05	-2.03185e-15
-1.8e-06	1.2e-05	-2.26261e-15
-1.2e-06	1.2e-05	-3.34859e-15
-6e-07	1.2e-05	-3.55452e-15
0	1.2e-05	-3.73082e-15
6e-07	1.2e-05	-3.3728e-15
1.2e-06	1.2e-05	-2.8554e-15
1.8e-06	1.2e-05	-2.14393e-15
2.4e-06	1.2e-05	-1.5447e-15
3e-06	1.2e-05	-1.04127e-15
3.6e-06	1.2e-05	-6.86064e-16
4.2e-06	1.2e-05	-4.22777e-16
4.8e-06	1.2e-05	-2.25899e-16
5.4e-06	1.2e-05	-1.97716e-16
6e-06	1.2e-05	-2.35095e-16
6.6e-06	1.2e-05	-7.42014e-17
7.2e-06	1.2e-05	-5.49358e-17
7.8e-06	1.2e-05	-4.0183e-17
8.4e-06	1.2e-05	-2.41718e-16
9e-06	1.2e-05	-1.47371e-16
9.6e-06	1.2e-05	3.01203e-17
1.02e-05	1.2e-05	-2.84045e-16
1.08e-05	1.2e-05	-1.77544e-16
1.14e-05	1.2e-05	-4.75782e-16

-1.14e-05	1.14e-05	-8.3075e-16
-1.08e-05	1.14e-05	-4.41307e-16
-1.02e-05	1.14e-05	-9.1581e-16
-9.6e-06	1.14e-05	-7.53317e-16
-9e-06	1.14e-05	-7.02382e-16
-8.4e-06	1.14e-05	-7.66481e-16
-7.8e-06	1.14e-05	-8.50345e-16
-7.2e-06	1.14e-05	-7.13202e-16
-6.6e-06	1.14e-05	-9.06261e-16
-6e-06	1.14e-05	-1.06272e-15
-5.4e-06	1.14e-05	-1.12966e-15
-4.8e-06	1.14e-05	-1.6144e-15
-4.2e-06	1.14e-05	-2.47267e-15
-3.6e-06	1.14e-05	-3.63341e-15
-3e-06	1.14e-05	-6.15555e-15
-2.4e-06	1.14e-05	-8.25346e-15
-1.8e-06	1.14e-05	-1.22972e-14
-1.2e-06	1.14e-05	-1.53739e-14
-6e-07	1.14e-05	-1.8007e-14
0	1.14e-05	-1.82942e-14
6e-07	1.14e-05	-1.70068e-14
1.2e-06	1.14e-05	-1.41156e-14
1.8e-06	1.14e-05	-1.05798e-14
2.4e-06	1.14e-05	-7.27037e-15
3e-06	1.14e-05	-4.81968e-15
3.6e-06	1.14e-05	-2.93184e-15
4.2e-06	1.14e-05	-2.1018e-15
4.8e-06	1.14e-05	-1.39229e-15
5.4e-06	1.14e-05	-1.18435e-15
6e-06	1.14e-05	-1.20909e-15
6.6e-06	1.14e-05	-1.05729e-15
7.2e-06	1.14e-05	-1.01359e-15
7.8e-06	1.14e-05	-5.54453e-16
8.4e-06	1.14e-05	-6.47231e-16
9e-06	1.14e-05	-8.46084e-16
9.6e-06	1.14e-05	-9.6644e-16
1.02e-05	1.14e-05	-1.30179e-15
1.08e-05	1.14e-05	-1.5094e-15
1.14e-05	1.14e-05	-1.25505e-15

-1.14e-05	1.08e-05	-1.94734e-15
-1.08e-05	1.08e-05	-2.58059e-15
-1.02e-05	1.08e-05	-3.07351e-15
-9.6e-06	1.08e-05	-3.41445e-15
-9e-06	1.08e-05	-3.60787e-15
-8.4e-06	1.08e-05	-3.67969e-15
-7.8e-06	1.08e-05	-3.49109e-15
-7.2e-06	1.08e-05	-3.77514e-15
-6.6e-06	1.08e-05	-3.95396e-15
-6e-06	1.08e-05	-4.35795e-15
-5.4e-06	1.08e-05	-5.28334e-15
-4.8e-06	1.08e-05	-7.05915e-15
-4.2e-06	1.08e-05	-1.04566e-14
-3.6e-06	1.08e-05	-1.66193e-14
-3e-06	1.08e-05	-2.55903e-14
-2.4e-06	1.08e-05	-4.01513e-14
-1.8e-06	1.08e-05	-5.62404e-14
-1.2e-06	1.08e-05	-7.3992e-14
-6e-07	1.08e-05	-8.55277e-14
0	1.08e-05	-8.84358e-14
6e-07	1.08e-05	-8.10475e-14
1.2e-06	1.08e-05	-6.61812e-14
1.8e-06	1.08e-05	-4.88983e-14
2.4e-06	1.08e-05	-3.32396e-14
3e-06	1.08e-05	-2.13012e-14
3.6e-06	1.08e-05	-1.35897e-14
4.2e-06	1.08e-05	-8.84932e-15
4.8e-06	1.08e-05	-6.30431e-15
5.4e-06	1.08e-05	-5.11432e-15
6e-06	1.08e-05	-4.41522e-15
6.6e-06	1.08e-05	-4.03507e-15
7.2e-06	1.08e-05	-3.94515e-15
7.8e-06	1.08e-05	-3.73904e-15
8.4e-06	1.08e-05	-3.86276e-15
9e-06	1.08e-05	-4.101e-15
9.6e-06	1.08e-05	-4.49663e-15
1.02e-05	1.08e-05	-5.29187e-15
1.08e-05	1.08e-05	-5.7532e-15
1.14e-05	1.08e-05	-7.34398e-15

-1.14e-05	1.02e-05	-1.07373e-14
-1.08e-05	1.02e-05	-1.21784e-14
-1.02e-05	1.02e-05	-1.34255e-14
-9.6e-06	1.02e-05	-1.48855e-14
-9e-06	1.02e-05	-1.56986e-14
-8.4e-06	1.02e-05	-1.62544e-14
-7.8e-06	1.02e-05	-1.69734e-14
-7.2e-06	1.02e-05	-1.74642e-14
-6.6e-06	1.02e-05	-1.82451e-14
-6e-06	1.02e-05	-2.00766e-14
-5.4e-06	1.02e-05	-2.34493e-14
-4.8e-06	1.02e-05	-3.11e-14
-4.2e-06	1.02e-05	-4.54362e-14
-3.6e-06	1.02e-05	-7.1885e-14
-3e-06	1.02e-05	-1.16455e-13
-2.4e-06	1.02e-05	-1.80994e-13
-1.8e-06	1.02e-05	-2.64066e-13
-1.2e-06	1.02e-05	-3.47253e-13
-6e-07	1.02e-05	-4.07878e-13
0	1.02e-05	-4.2204e-13
6e-07	1.02e-05	-3.84361e-13
1.2e-06	1.02e-05	-3.10604e-13
1.8e-06	1.02e-05	-2.25724e-13
2.4e-06	1.02e-05	-1.5052e-13
3e-06	1.02e-05	-9.52586e-14
3.6e-06	1.02e-05	-5.96478e-14
4.2e-06	1.02e-05	-3.92146e-14
4.8e-06	1.02e-05	-2.79795e-14
5.4e-06	1.02e-05	-2.26133e-14
6e-06	1.02e-05	-1.99548e-14
6.6e-06	1.02e-05	-1.86797e-14
7.2e-06	1.02e-05	-1.79084e-14
7.8e-06	1.02e-05	-1.79397e-14
8.4e-06	1.02e-05	-1.80565e-14
9e-06	1.02e-05	-1.89663e-14
9.6e-06	1.02e-05	-2.05338e-14
1.02e-05	1.02e-05	-2.34058e-14
1.08e-05	1.02e-05	-2.7551e-14
1.14e-05	1.02e-05	-3.33731e-14

-1.14e-05	9.6e-06	-4.88795e-14
-1.08e-05	9.6e-06	-5.63423e-14
-1.02e-05	9.6e-06	-6.34059e-14
-9.6e-06	9.6e-06	-6.85712e-14
-9e-06	9.6e-06	-7.2881e-14
-8.4e-06	9.6e-06	-7.60255e-14
-7.8e-06	9.6e-06	-7.80493e-14
-7.2e-06	9.6e-06	-8.09152e-14
-6.6e-06	9.6e-06	-8.42836e-14
-6e-06	9.6e-06	-9.11391e-14
-5.4e-06	9.6e-06	-1.05867e-13
-4.8e-06	9.6e-06	-1.36174e-13
-4.2e-06	9.6e-06	-1.98811e-13
-3.6e-06	9.6e-06	-3.16435e-13
-3e-06	9.6e-06	-5.18092e-13
-2.4e-06	9.6e-06	-8.25488e-13
-1.8e-06	9.6e-06	-1.22358e-12
-1.2e-06	9.6e-06	-1.63964e-12
-6e-07	9.6e-06	-1.94403e-12
0	9.6e-06	-2.0153e-12
6e-07	9.6e-06	-1.82497e-12
1.2e-06	9.6e-06	-1.45498e-12
1.8e-06	9.6e-06	-1.03839e-12
2.4e-06	9.6e-06	-6.79632e-13
3e-06	9.6e-06	-4.2193e-13
3.6e-06	9.6e-06	-2.61573e-13
4.2e-06	9.6e-06	-1.71331e-13
4.8e-06	9.6e-06	-1.2502e-13
5.4e-06	9.6e-06	-1.02007e-13
6e-06	9.6e-06	-9.11799e-14
6.6e-06	9.6e-06	-8.58133e-14
7.2e-06	9.6e-06	-8.34769e-14
7.8e-06	9.6e-06	-8.25273e-14
8.4e-06	9.6e-06	-8.37571e-14
9e-06	9.6e-06	-8.71427e-14
9.6e-06	9.6e-06	-9.42397e-14
1.02e-05	9.6e-06	-1.06937e-13
1.08e-05	9.6e-06	-1.26785e-13
1.14e-05	9.6e-06	-1.54339e-13

-1.14e-05	9e-06	-2.26623e-13
-1.08e-05	9e-06	-2.63967e-13
-1.02e-05	9e-06	-2.95453e-13
-9.6e-06	9e-06	-3.21109e-13
-9e-06	9e-06	-3.39839e-13
-8.4e-06	9e-06	-3.52884e-13
-7.8e-06	9e-06	-3.63781e-13
-7.2e-06	9e-06	-3.73722e-13
-6.6e-06	9e-06	-3.88588e-13
-6e-06	9e-06	-4.16075e-13
-5.4e-06	9e-06	-4.74242e-13
-4.8e-06	9e-06	-6.01245e-13
-4.2e-06	9e-06	-8.65314e-13
-3.6e-06	9e-06	-1.38196e-12
-3e-06	9e-06	-2.29908e-12
-2.4e-06	9e-06	-3.74046e-12
-1.8e-06	9e-06	-5.67004e-12
-1.2e-06	9e-06	-7.7374e-12
-6e-07	9e-06	-9.27818e-12
0	9e-06	-9.64156e-12
6e-07	9e-06	-8.66878e-12
1.2e-06	9e-06	-6.81204e-12
1.8e-06	9e-06	-4.76654e-12
2.4e-06	9e-06	-3.05236e-12
3e-06	9e-06	-1.86105e-12
3.6e-06	9e-06	-1.14127e-12
4.2e-06	9e-06	-7.51139e-13
4.8e-06	9e-06	-5.55358e-13
5.4e-06	9e-06	-4.62229e-13
6e-06	9e-06	-4.17952e-13
6.6e-06	9e-06	-3.96729e-13
7.2e-06	9e-06	-3.86076e-13
7.8e-06	9e-06	-3.82836e-13
8.4e-06	9e-06	-3.86549e-13
9e-06	9e-06	-4.01283e-13
9.6e-06	9e-06	-4.32746e-13
1.02e-05	9e-06	-4.89577e-13
1.08e-05	9e-06	-5.80619e-13
1.14e-05	9e-06	-7.10211e-13

-1.14e-05	8.4e-06	-1.05493e-12
-1.08e-05	8.4e-06	-1.23016e-12
-1.02e-05	8.4e-06	-1.3814e-12
-9.6e-06	8.4e-06	-1.49863e-12
-9e-06	8.4e-06	-1.58377e-12
-8.4e-06	8.4e-06	-1.64459e-12
-7.8e-06	8.4e-06	-1.69028e-12
-7.2e-06	8.4e-06	-1.73388e-12
-6.6e-06	8.4e-06	-1.79244e-12
-6e-06	8.4e-06	-1.90094e-12
-5.4e-06	8.4e-06	-2.13359e-12
-4.8e-06	8.4e-06	-2.64843e-12
-4.2e-06	8.4e-06	-3.75887e-12
-3.6e-06	8.4e-06	-6.00253e-12
-3e-06	8.4e-06	-1.01376e-11
-2.4e-06	8.4e-06	-1.68769e-11
-1.8e-06	8.4e-06	-2.62117e-11
-1.2e-06	8.4e-06	-3.65124e-11
-6e-07	8.4e-06	-4.43547e-11
0	8.4e-06	-4.62054e-11
6e-07	8.4e-06	-4.12164e-11
1.2e-06	8.4e-06	-3.18606e-11
1.8e-06	8.4e-06	-2.18091e-11
2.4e-06	8.4e-06	-1.36421e-11
3e-06	8.4e-06	-8.15627e-12
3.6e-06	8.4e-06	-4.95945e-12
4.2e-06	8.4e-06	-3.28576e-12
4.8e-06	8.4e-06	-2.47423e-12
5.4e-06	8.4e-06	-2.09621e-12
6e-06	8.4e-06	-1.91928e-12
6.6e-06	8.4e-06	-1.8319e-12
7.2e-06	8.4e-06	-1.78776e-12
7.8e-06	8.4e-06	-1.77125e-12
8.4e-06	8.4e-06	-1.78611e-12
9e-06	8.4e-06	-1.84703e-12
9.6e-06	8.4e-06	-1.98469e-12
1.02e-05	8.4e-06	-2.23989e-12
1.08e-05	8.4e-06	-2.65786e-12
1.14e-05	8.4e-06	-3.26553e-12

-1.14e-05	7.8e-06	-4.9078e-12
-1.08e-05	7.8e-06	-5.7444e-12
-1.02e-05	7.8e-06	-6.45473e-12
-9.6e-06	7.8e-06	-6.99912e-12
-9e-06	7.8e-06	-7.3876e-12
-8.4e-06	7.8e-06	-7.65839e-12
-7.8e-06	7.8e-06	-7.85938e-12
-7.2e-06	7.8e-06	-8.04197e-12
-6.6e-06	7.8e-06	-8.27892e-12
-6e-06	7.8e-06	-8.70461e-12
-5.4e-06	7.8e-06	-9.61803e-12
-4.8e-06	7.8e-06	-1.16846e-11
-4.2e-06	7.8e-06	-1.62793e-11
-3.6e-06	7.8e-06	-2.59178e-11
-3e-06	7.8e-06	-4.43954e-11
-2.4e-06	7.8e-06	-7.57358e-11
-1.8e-06	7.8e-06	-1.20831e-10
-1.2e-06	7.8e-06	-1.72281e-10
-6e-07	7.8e-06	-2.12406e-10
0	7.8e-06	-2.21895e-10
6e-07	7.8e-06	-1.96131e-10
1.2e-06	7.8e-06	-1.48822e-10
1.8e-06	7.8e-06	-9.94062e-11
2.4e-06	7.8e-06	-6.06073e-11
3e-06	7.8e-06	-3.55148e-11
3.6e-06	7.8e-06	-2.14521e-11
4.2e-06	7.8e-06	-1.43656e-11
4.8e-06	7.8e-06	-1.10424e-11
5.4e-06	7.8e-06	-9.5309e-12
6e-06	7.8e-06	-8.82539e-12
6.6e-06	7.8e-06	-8.46945e-12
7.2e-06	7.8e-06	-8.27889e-12
7.8e-06	7.8e-06	-8.20098e-12
8.4e-06	7.8e-06	-8.25168e-12
9e-06	7.8e-06	-8.50592e-12
9.6e-06	7.8e-06	-9.10086e-12
1.02e-05	7.8e-06	-1.02402e-11
1.08e-05	7.8e-06	-1.21553e-11
1.14e-05	7.8e-06	-1.50003e-11

-1.14e-05	7.2e-06	-2.28417e-11
-1.08e-05	7.2e-06	-2.68291e-11
-1.02e-05	7.2e-06	-3.01747e-11
-9.6e-06	7.2e-06	-3.26938e-11
-9e-06	7.2e-06	-3.44594e-11
-8.4e-06	7.2e-06	-3.5669e-11
-7.8e-06	7.2e-06	-3.65469e-11
-7.2e-06	7.2e-06	-3.73216e-11
-6.6e-06	7.2e-06	-3.82788e-11
-6e-06	7.2e-06	-3.99416e-11
-5.4e-06	7.2e-06	-4.34867e-11
-4.8e-06	7.2e-06	-5.16439e-11
-4.2e-06	7.2e-06	-7.03634e-11
-3.6e-06	7.2e-06	-1.11196e-10
-3e-06	7.2e-06	-1.92893e-10
-2.4e-06	7.2e-06	-3.37672e-10
-1.8e-06	7.2e-06	-5.55029e-10
-1.2e-06	7.2e-06	-8.1261e-10
-6e-07	7.2e-06	-1.01921e-09
0	7.2e-06	-1.06812e-09
6e-07	7.2e-06	-9.34108e-10
1.2e-06	7.2e-06	-6.93962e-10
1.8e-06	7.2e-06	-4.50985e-10
2.4e-06	7.2e-06	-2.67383e-10
3e-06	7.2e-06	-1.53522e-10
3.6e-06	7.2e-06	-9.23851e-11
4.2e-06	7.2e-06	-6.28103e-11
4.8e-06	7.2e-06	-4.94137e-11
5.4e-06	7.2e-06	-4.34451e-11
6e-06	7.2e-06	-4.06499e-11
6.6e-06	7.2e-06	-3.91884e-11
7.2e-06	7.2e-06	-3.83609e-11
7.8e-06	7.2e-06	-3.79803e-11
8.4e-06	7.2e-06	-3.81397e-11
9e-06	7.2e-06	-3.91756e-11
9.6e-06	7.2e-06	-4.17285e-11
1.02e-05	7.2e-06	-4.67826e-11
1.08e-05	7.2e-06	-5.55231e-11
1.14e-05	7.2e-06	-6.88289e-11

-1.14e-05	6.6e-06	-1.06328e-10
-1.08e-05	6.6e-06	-1.25368e-10
-1.02e-05	6.6e-06	-1.4111e-10
-9.6e-06	6.6e-06	-1.52744e-10
-9e-06	6.6e-06	-1.60744e-10
-8.4e-06	6.6e-06	-1.6613e-10
-7.8e-06	6.6e-06	-1.69972e-10
-7.2e-06	6.6e-06	-1.73268e-10
-6.6e-06	6.6e-06	-1.77165e-10
-6e-06	6.6e-06	-1.83648e-10
-5.4e-06	6.6e-06	-1.97244e-10
-4.8e-06	6.6e-06	-2.28896e-10
-4.2e-06	6.6e-06	-3.03783e-10
-3.6e-06	6.6e-06	-4.73958e-10
-3e-06	6.6e-06	-8.30558e-10
-2.4e-06	6.6e-06	-1.49377e-09
-1.8e-06	6.6e-06	-2.53803e-09
-1.2e-06	6.6e-06	-3.8304e-09
-6e-07	6.6e-06	-4.90167e-09
0	6.6e-06	-5.15526e-09
6e-07	6.6e-06	-4.45254e-09
1.2e-06	6.6e-06	-3.22873e-09
1.8e-06	6.6e-06	-2.03434e-09
2.4e-06	6.6e-06	-1.16993e-09
3e-06	6.6e-06	-6.58335e-10
3.6e-06	6.6e-06	-3.96253e-10
4.2e-06	6.6e-06	-2.74901e-10
4.8e-06	6.6e-06	-2.21826e-10
5.4e-06	6.6e-06	-1.98569e-10
6e-06	6.6e-06	-1.87519e-10
6.6e-06	6.6e-06	-1.8147e-10
7.2e-06	6.6e-06	-1.77821e-10
7.8e-06	6.6e-06	-1.75957e-10
8.4e-06	6.6e-06	-1.76344e-10
9e-06	6.6e-06	-1.80487e-10
9.6e-06	6.6e-06	-1.91323e-10
1.02e-05	6.6e-06	-2.13575e-10
1.08e-05	6.6e-06	-2.53288e-10
1.14e-05	6.6e-06	-3.15415e-10

-1.14e-05	6e-06	-4.95082e-10
-1.08e-05	6e-06	-5.8613e-10
-1.02e-05	6e-06	-6.60147e-10
-9.6e-06	6e-06	-7.13729e-10
-9e-06	6e-06	-7.49849e-10
-8.4e-06	6e-06	-7.73762e-10
-7.8e-06	6e-06	-7.90567e-10
-7.2e-06	6e-06	-8.04677e-10
-6.6e-06	6e-06	-8.20684e-10
-6e-06	6e-06	-8.46021e-10
-5.4e-06	6e-06	-8.97647e-10
-4.8e-06	6e-06	-1.01824e-09
-4.2e-06	6e-06	-1.31164e-09
-3.6e-06	6e-06	-2.00723e-09
-3e-06	6e-06	-3.53947e-09
-2.4e-06	6e-06	-6.54546e-09
-1.8e-06	6e-06	-1.15393e-08
-1.2e-06	6e-06	-1.80356e-08
-6e-07	6e-06	-2.36352e-08
0	6e-06	-2.49581e-08
6e-07	6e-06	-2.12396e-08
1.2e-06	6e-06	-1.49778e-08
1.8e-06	6e-06	-9.112e-09
2.4e-06	6e-06	-5.06912e-09
3e-06	6e-06	-2.79843e-09
3.6e-06	6e-06	-1.69385e-09
4.2e-06	6e-06	-1.20575e-09
4.8e-06	6e-06	-9.99505e-10
5.4e-06	6e-06	-9.09984e-10
6e-06	6e-06	-8.66248e-10
6.6e-06	6e-06	-8.40896e-10
7.2e-06	6e-06	-8.24594e-10
7.8e-06	6e-06	-8.15444e-10
8.4e-06	6e-06	-8.15658e-10
9e-06	6e-06	-8.31839e-10
9.6e-06	6e-06	-8.7725e-10
1.02e-05	6e-06	-9.74367e-10
1.08e-05	6e-06	-1.15379e-09
1.14e-05	6e-06	-1.44324e-09

-1.14e-05	5.4e-06	-2.30595e-09
-1.08e-05	5.4e-06	-2.742e-09
-1.02e-05	5.4e-06	-3.0896e-09
-9.6e-06	5.4e-06	-3.33556e-09
-9e-06	5.4e-06	-3.49796e-09
-8.4e-06	5.4e-06	-3.60376e-09
-7.8e-06	5.4e-06	-3.67723e-09
-7.2e-06	5.4e-06	-3.73796e-09
-6.6e-06	5.4e-06	-3.80447e-09
-6e-06	5.4e-06	-3.90424e-09
-5.4e-06	5.4e-06	-4.09902e-09
-4.8e-06	5.4e-06	-4.54997e-09
-4.2e-06	5.4e-06	-5.67247e-09
-3.6e-06	5.4e-06	-8.45048e-09
-3e-06	5.4e-06	-1.4908e-08
-2.4e-06	5.4e-06	-2.83488e-08
-1.8e-06	5.4e-06	-5.20745e-08
-1.2e-06	5.4e-06	-8.47731e-08
-6e-07	5.4e-06	-1.14312e-07
0	5.4e-06	-1.21257e-07
6e-07	5.4e-06	-1.01378e-07
1.2e-06	5.4e-06	-6.92122e-08
1.8e-06	5.4e-06	-4.04541e-08
2.4e-06	5.4e-06	-2.17089e-08
3e-06	5.4e-06	-1.17843e-08
3.6e-06	5.4e-06	-7.22441e-09
4.2e-06	5.4e-06	-5.30676e-09
4.8e-06	5.4e-06	-4.52201e-09
5.4e-06	5.4e-06	-4.18088e-09
6e-06	5.4e-06	-4.00663e-09
6.6e-06	5.4e-06	-3.89873e-09
7.2e-06	5.4e-06	-3.825e-09
7.8e-06	5.4e-06	-3.78016e-09
8.4e-06	5.4e-06	-3.77421e-09
9e-06	5.4e-06	-3.83549e-09
9.6e-06	5.4e-06	-4.02302e-09
1.02e-05	5.4e-06	-4.44243e-09
1.08e-05	5.4e-06	-5.24756e-09
1.14e-05	5.4e-06	-6.59205e-09

-1.14e-05	4.8e-06	-1.07449e-08
-1.08e-05	4.8e-06	-1.28366e-08
-1.02e-05	4.8e-06	-1.44661e-08
-9.6e-06	4.8e-06	-1.55906e-08
-9e-06	4.8e-06	-1.63172e-08
-8.4e-06	4.8e-06	-1.67835e-08
-7.8e-06	4.8e-06	-1.71045e-08
-7.2e-06	4.8e-06	-1.73671e-08
-6.6e-06	4.8e-06	-1.76471e-08
-6e-06	4.8e-06	-1.80452e-08
-5.4e-06	4.8e-06	-1.87796e-08
-4.8e-06	4.8e-06	-2.04366e-08
-4.2e-06	4.8e-06	-2.46179e-08
-3.6e-06	4.8e-06	-3.54077e-08
-3e-06	4.8e-06	-6.19746e-08
-2.4e-06	4.8e-06	-1.21029e-07
-1.8e-06	4.8e-06	-2.32725e-07
-1.2e-06	4.8e-06	-3.97373e-07
-6e-07	4.8e-06	-5.54856e-07
0	4.8e-06	-5.91532e-07
6e-07	4.8e-06	-4.84047e-07
1.2e-06	4.8e-06	-3.18192e-07
1.8e-06	4.8e-06	-1.77602e-07
2.4e-06	4.8e-06	-9.168e-08
3e-06	4.8e-06	-4.91433e-08
3.6e-06	4.8e-06	-3.07961e-08
4.2e-06	4.8e-06	-2.3468e-08
4.8e-06	4.8e-06	-2.05473e-08
5.4e-06	4.8e-06	-1.92546e-08
6e-06	4.8e-06	-1.85516e-08
6.6e-06	4.8e-06	-1.80844e-08
7.2e-06	4.8e-06	-1.77474e-08
7.8e-06	4.8e-06	-1.75285e-08
8.4e-06	4.8e-06	-1.7471e-08
9e-06	4.8e-06	-1.76938e-08
9.6e-06	4.8e-06	-1.84547e-08
1.02e-05	4.8e-06	-2.02434e-08
1.08e-05	4.8e-06	-2.38256e-08
1.14e-05	4.8e-06	-3.00458e-08

-1.14e-05	4.2e-06	-5.00951e-08
-1.08e-05	4.2e-06	-6.0144e-08
-1.02e-05	4.2e-06	-6.7764e-08
-9.6e-06	4.2e-06	-7.28788e-08
-9e-06	4.2e-06	-7.61127e-08
-8.4e-06	4.2e-06	-7.81595e-08
-7.8e-06	4.2e-06	-7.95595e-08
-7.2e-06	4.2e-06	-8.07006e-08
-6.6e-06	4.2e-06	-8.18947e-08
-6e-06	4.2e-06	-8.35127e-08
-5.4e-06	4.2e-06	-8.63032e-08
-4.8e-06	4.2e-06	-9.2308e-08
-4.2e-06	4.2e-06	-1.07435e-07
-3.6e-06	4.2e-06	-1.47959e-07
-3e-06	4.2e-06	-2.53985e-07
-2.4e-06	4.2e-06	-5.07572e-07
-1.8e-06	4.2e-06	-1.02671e-06
-1.2e-06	4.2e-06	-1.85481e-06
-6e-07	4.2e-06	-2.70475e-06
0	4.2e-06	-2.89951e-06
6e-07	4.2e-06	-2.3109e-06
1.2e-06	4.2e-06	-1.45288e-06
1.8e-06	4.2e-06	-7.68552e-07
2.4e-06	4.2e-06	-3.80743e-07
3e-06	4.2e-06	-2.03009e-07
3.6e-06	4.2e-06	-1.31517e-07
4.2e-06	4.2e-06	-1.0441e-07
4.8e-06	4.2e-06	-9.37711e-08
5.4e-06	4.2e-06	-8.88641e-08
6e-06	4.2e-06	-8.59732e-08
6.6e-06	4.2e-06	-8.39149e-08
7.2e-06	4.2e-06	-8.23622e-08
7.8e-06	4.2e-06	-8.12989e-08
8.4e-06	4.2e-06	-8.09065e-08
9e-06	4.2e-06	-8.16708e-08
9.6e-06	4.2e-06	-8.46938e-08
1.02e-05	4.2e-06	-9.22069e-08
1.08e-05	4.2e-06	-1.07978e-07
1.14e-05	4.2e-06	-1.36601e-07

-1.14e-05	3.6e-06	-2.33727e-07
-1.08e-05	3.6e-06	-2.82071e-07
-1.02e-05	3.6e-06	-3.17574e-07
-9.6e-06	3.6e-06	-3.40698e-07
-9e-06	3.6e-06	-3.55004e-07
-8.4e-06	3.6e-06	-3.63951e-07
-7.8e-06	3.6e-06	-3.7005e-07
-7.2e-06	3.6e-06	-3.75024e-07
-6.6e-06	3.6e-06	-3.80181e-07
-6e-06	3.6e-06	-3.86902e-07
-5.4e-06	3.6e-06	-3.97696e-07
-4.8e-06	3.6e-06	-4.19332e-07
-4.2e-06	3.6e-06	-4.72442e-07
-3.6e-06	3.6e-06	-6.1861e-07
-3e-06	3.6e-06	-1.02559e-06
-2.4e-06	3.6e-06	-2.08173e-06
-1.8e-06	3.6e-06	-4.45115e-06
-1.2e-06	3.6e-06	-8.60068e-06
-6e-07	3.6e-06	-1.32534e-05
0	3.6e-06	-1.42921e-05
6e-07	3.6e-06	-1.10232e-05
1.2e-06	3.6e-06	-6.57342e-06
1.8e-06	3.6e-06	-3.26333e-06
2.4e-06	3.6e-06	-1.54979e-06
3e-06	3.6e-06	-8.31838e-07
3.6e-06	3.6e-06	-5.64383e-07
4.2e-06	3.6e-06	-4.67806e-07
4.8e-06	3.6e-06	-4.29727e-07
5.4e-06	3.6e-06	-4.10873e-07
6e-06	3.6e-06	-3.98701e-07
6.6e-06	3.6e-06	-3.89486e-07
7.2e-06	3.6e-06	-3.82288e-07
7.8e-06	3.6e-06	-3.77155e-07
8.4e-06	3.6e-06	-3.74819e-07
9e-06	3.6e-06	-3.7721e-07
9.6e-06	3.6e-06	-3.88919e-07
1.02e-05	3.6e-06	-4.19898e-07
1.08e-05	3.6e-06	-4.88415e-07
1.14e-05	3.6e-06	-6.19181e-07

-1.14e-05	3e-06	-1.09162e-06
-1.08e-05	3e-06	-1.3244e-06
-1.02e-05	3e-06	-1.48897e-06
-9.6e-06	3e-06	-1.59274e-06
-9e-06	3e-06	-1.65562e-06
-8.4e-06	3e-06	-1.69457e-06
-7.8e-06	3e-06	-1.72111e-06
-7.2e-06	3e-06	-1.74285e-06
-6.6e-06	3e-06	-1.76535e-06
-6e-06	3e-06	-1.79391e-06
-5.4e-06	3e-06	-1.83684e-06
-4.8e-06	3e-06	-1.91542e-06
-4.2e-06	3e-06	-2.09698e-06
-3.6e-06	3e-06	-2.59952e-06
-3e-06	3e-06	-4.08425e-06
-2.4e-06	3e-06	-8.30255e-06
-1.8e-06	3e-06	-1.8839e-05
-1.2e-06	3e-06	-3.94668e-05
-6e-07	3e-06	-6.53604e-05
0	3e-06	-7.091e-05
6e-07	3e-06	-5.24756e-05
1.2e-06	3e-06	-2.93738e-05
1.8e-06	3e-06	-1.35044e-05
2.4e-06	3e-06	-6.16026e-06
3e-06	3e-06	-3.3917e-06
3.6e-06	3e-06	-2.44219e-06
4.2e-06	3e-06	-2.11202e-06
4.8e-06	3e-06	-1.97675e-06
5.4e-06	3e-06	-1.90252e-06
6e-06	3e-06	-1.84994e-06
6.6e-06	3e-06	-1.80813e-06
7.2e-06	3e-06	-1.77463e-06
7.8e-06	3e-06	-1.75e-06
8.4e-06	3e-06	-1.7371e-06
9e-06	3e-06	-1.74338e-06
9.6e-06	3e-06	-1.78734e-06
1.02e-05	3e-06	-1.91221e-06
1.08e-05	3e-06	-2.20492e-06
1.14e-05	3e-06	-2.79665e-06

-1.14e-05	2.4e-06	-5.10584e-06
-1.08e-05	2.4e-06	-6.22668e-06
-1.02e-05	2.4e-06	-6.98401e-06
-9.6e-06	2.4e-06	-7.44567e-06
-9e-06	2.4e-06	-7.72017e-06
-8.4e-06	2.4e-06	-7.8891e-06
-7.8e-06	2.4e-06	-8.00446e-06
-7.2e-06	2.4e-06	-8.09965e-06
-6.6e-06	2.4e-06	-8.19861e-06
-6e-06	2.4e-06	-8.32245e-06
-5.4e-06	2.4e-06	-8.49917e-06
-4.8e-06	2.4e-06	-8.79231e-06
-4.2e-06	2.4e-06	-9.40411e-06
-3.6e-06	2.4e-06	-1.10406e-05
-3e-06	2.4e-06	-1.61024e-05
-2.4e-06	2.4e-06	-3.19752e-05
-1.8e-06	2.4e-06	-7.70711e-05
-1.2e-06	2.4e-06	-0.00017806
-6e-07	2.4e-06	-0.000324936
0	2.4e-06	-0.000354525
6e-07	2.4e-06	-0.000248832
1.2e-06	2.4e-06	-0.000129038
1.8e-06	2.4e-06	-5.38827e-05
2.4e-06	2.4e-06	-2.38318e-05
3e-06	2.4e-06	-1.38429e-05
3.6e-06	2.4e-06	-1.06926e-05
4.2e-06	2.4e-06	-9.60798e-06
4.8e-06	2.4e-06	-9.12215e-06
5.4e-06	2.4e-06	-8.81937e-06
6e-06	2.4e-06	-8.58675e-06
6.6e-06	2.4e-06	-8.39506e-06
7.2e-06	2.4e-06	-8.23883e-06
7.8e-06	2.4e-06	-8.12129e-06
8.4e-06	2.4e-06	-8.05347e-06
9e-06	2.4e-06	-8.06309e-06
9.6e-06	2.4e-06	-8.22195e-06
1.02e-05	2.4e-06	-8.71128e-06
1.08e-05	2.4e-06	-9.93506e-06
1.14e-05	2.4e-06	-1.25794e-05

-1.14e-05	1.8e-06	-2.39332e-05
-1.08e-05	1.8e-06	-2.93193e-05
-1.02e-05	1.8e-06	-3.27698e-05
-9.6e-06	1.8e-06	-3.48025e-05
-9e-06	1.8e-06	-3.59929e-05
-8.4e-06	1.8e-06	-3.67235e-05
-7.8e-06	1.8e-06	-3.72245e-05
-7.2e-06	1.8e-06	-3.76418e-05
-6.6e-06	1.8e-06	-3.80794e-05
-6e-06	1.8e-06	-3.86251e-05
-5.4e-06	1.8e-06	-3.9378e-05
-4.8e-06	1.8e-06	-4.05227e-05
-4.2e-06	1.8e-06	-4.26103e-05
-3.6e-06	1.8e-06	-4.76652e-05
-3e-06	1.8e-06	-6.34106e-05
-2.4e-06	1.8e-06	-0.000117969
-1.8e-06	1.8e-06	-0.000300063
-1.2e-06	1.8e-06	-0.000780545
-6e-07	1.8e-06	-0.00163208
0	1.8e-06	-0.00178842
6e-07	1.8e-06	-0.00117168
1.2e-06	1.8e-06	-0.000553498
1.8e-06	1.8e-06	-0.000203421
2.4e-06	1.8e-06	-8.96712e-05
3e-06	1.8e-06	-5.70872e-05
3.6e-06	1.8e-06	-4.74896e-05
4.2e-06	1.8e-06	-4.40126e-05
4.8e-06	1.8e-06	-4.2201e-05
5.4e-06	1.8e-06	-4.09157e-05
6e-06	1.8e-06	-3.98663e-05
6.6e-06	1.8e-06	-3.89814e-05
7.2e-06	1.8e-06	-3.82519e-05
7.8e-06	1.8e-06	-3.76939e-05
8.4e-06	1.8e-06	-3.73492e-05
9e-06	1.8e-06	-3.7318e-05
9.6e-06	1.8e-06	-3.78653e-05
1.02e-05	1.8e-06	-3.97161e-05
1.08e-05	1.8e-06	-4.46884e-05
1.14e-05	1.8e-06	-5.63215e-05

-1.14e-05	1.2e-06	-0.000112549
-1.08e-05	1.2e-06	-0.000138288
-1.02e-05	1.2e-06	-0.000153792
-9.6e-06	1.2e-06	-0.00016264
-9e-06	1.2e-06	-0.000167772
-8.4e-06	1.2e-06	-0.000170926
-7.8e-06	1.2e-06	-0.000173101
-7.2e-06	1.2e-06	-0.000174931
-6.6e-06	1.2e-06	-0.000176872
-6e-06	1.2e-06	-0.000179303
-5.4e-06	1.2e-06	-0.000182603
-4.8e-06	1.2e-06	-0.000187326
-4.2e-06	1.2e-06	-0.000194841
-3.6e-06	1.2e-06	-0.000210063
-3e-06	1.2e-06	-0.000253449
-2.4e-06	1.2e-06	-0.000414169
-1.8e-06	1.2e-06	-0.00108374
-1.2e-06	1.2e-06	-0.00324665
-6e-07	1.2e-06	-0.00830704
0	1.2e-06	-0.00911558
6e-07	1.2e-06	-0.00545049
1.2e-06	1.2e-06	-0.0022945
1.8e-06	1.2e-06	-0.000699021
2.4e-06	1.2e-06	-0.000331071
3e-06	1.2e-06	-0.000240784
3.6e-06	1.2e-06	-0.000214128
4.2e-06	1.2e-06	-0.000202759
4.8e-06	1.2e-06	-0.000195574
5.4e-06	1.2e-06	-0.000189917
6e-06	1.2e-06	-0.000185117
6.6e-06	1.2e-06	-0.000181015
7.2e-06	1.2e-06	-0.000177608
7.8e-06	1.2e-06	-0.00017497
8.4e-06	1.2e-06	-0.000173262
9e-06	1.2e-06	-0.000172835
9.6e-06	1.2e-06	-0.000174612
1.02e-05	1.2e-06	-0.000181305
1.08e-05	1.2e-06	-0.000200723
1.14e-05	1.2e-06	-0.000250982

-1.14e-05	6e-07	-0.000531914
-1.08e-05	6e-07	-0.000653404
-1.02e-05	6e-07	-0.000721774
-9.6e-06	6e-07	-0.000759829
-9e-06	6e-07	-0.000781858
-8.4e-06	6e-07	-0.000795461
-7.8e-06	6e-07	-0.000804907
-7.2e-06	6e-07	-0.000812931
-6.6e-06	6e-07	-0.000821555
-6e-06	6e-07	-0.000832452
-5.4e-06	6e-07	-0.000847193
-4.8e-06	6e-07	-0.000867644
-4.2e-06	6e-07	-0.000897191
-3.6e-06	6e-07	-0.000945703
-3e-06	6e-07	-0.00105177
-2.4e-06	6e-07	-0.00138727
-1.8e-06	6e-07	-0.00275193
-1.2e-06	6e-07	-0.00682028
-6e-07	6e-07	-0.015989
0	6e-07	-0.0173557
6e-07	6e-07	-0.01056
1.2e-06	6e-07	-0.00514644
1.8e-06	6e-07	-0.00196837
2.4e-06	6e-07	-0.00124265
3e-06	6e-07	-0.00105021
3.6e-06	6e-07	-0.00097852
4.2e-06	6e-07	-0.000937812
4.8e-06	6e-07	-0.00090734
5.4e-06	6e-07	-0.000881786
6e-06	6e-07	-0.000859656
6.6e-06	6e-07	-0.000840594
7.2e-06	6e-07	-0.000824679
7.8e-06	6e-07	-0.00081225
8.4e-06	6e-07	-0.000803935
9e-06	6e-07	-0.000800968
9.6e-06	6e-07	-0.000806355
1.02e-05	6e-07	-0.000829242
1.08e-05	6e-07	-0.000900579
1.14e-05	6e-07	-0.00111433

-1.14e-05	0	-0.00253345
-1.08e-05	0	-0.00309232
-1.02e-05	0	-0.00338649
-9.6e-06	0	-0.00354841
-9e-06	0	-0.00364281
-8.4e-06	0	-0.00370154
-7.8e-06	0	-0.00374256
-7.2e-06	0	-0.00377773
-6.6e-06	0	-0.00381606
-6e-06	0	-0.00386504
-5.4e-06	0	-0.00393156
-4.8e-06	0	-0.0040229
-4.2e-06	0	-0.00414921
-3.6e-06	0	-0.00433131
-3e-06	0	-0.00463183
-2.4e-06	0	-0.00530296
-1.8e-06	0	-0.00758596
-1.2e-06	0	-0.0130241
-6e-07	0	-0.0252277
0	0	-0.0269791
6e-07	0	-0.0185488
1.2e-06	0	-0.0116821
1.8e-06	0	-0.00642078
2.4e-06	0	-0.00517864
3e-06	0	-0.0047456
3.6e-06	0	-0.00451341
4.2e-06	0	-0.00434756
4.8e-06	0	-0.00421188
5.4e-06	0	-0.00409476
6e-06	0	-0.0039923
6.6e-06	0	-0.00390362
7.2e-06	0	-0.0038293
7.8e-06	0	-0.00377087
8.4e-06	0	-0.00373091
9e-06	0	-0.00371389
9.6e-06	0	-0.00372917
1.02e-05	0	-0.00380282
1.08e-05	0	-0.00403635
1.14e-05	0	-0.00494762

-1.14e-05	-6e-07	-0.0122143
-1.08e-05	-6e-07	-0.0146491
-1.02e-05	-6e-07	-0.0158789
-9.6e-06	-6e-07	-0.0165635
-9e-06	-6e-07	-0.0169687
-8.4e-06	-6e-07	-0.0172227
-7.8e-06	-6e-07	-0.0174009
-7.2e-06	-6e-07	-0.0175549
-6.6e-06	-6e-07	-0.0177252
-6e-06	-6e-07	-0.0179456
-5.4e-06	-6e-07	-0.0182471
-4.8e-06	-6e-07	-0.0186607
-4.2e-06	-6e-07	-0.0192245
-3.6e-06	-6e-07	-0.0199989
-3e-06	-6e-07	-0.021102
-2.4e-06	-6e-07	-0.022789
-1.8e-06	-6e-07	-0.0255682
-1.2e-06	-6e-07	-0.0298146
-6e-07	-6e-07	-0.0350643
0	-6e-07	-0.036246
6e-07	-6e-07	-0.0329762
1.2e-06	-6e-07	-0.0288347
1.8e-06	-6e-07	-0.0252365
2.4e-06	-6e-07	-0.0231318
3e-06	-6e-07	-0.0218267
3.6e-06	-6e-07	-0.0209037
4.2e-06	-6e-07	-0.0201741
4.8e-06	-6e-07	-0.0195563
5.4e-06	-6e-07	-0.0190163
6e-06	-6e-07	-0.018541
6.6e-06	-6e-07	-0.0181283
7.2e-06	-6e-07	-0.0177812
7.8e-06	-6e-07	-0.0175069
8.4e-06	-6e-07	-0.0173164
9e-06	-6e-07	-0.0172273
9.6e-06	-6e-07	-0.0172701
1.02e-05	-6e-07	-0.0175039
1.08e-05	-6e-07	-0.0180504
1.14e-05	-6e-07	-0.0191457

-1.14e-05	-1.2e-06	-0.0238884
-1.08e-05	-1.2e-06	-0.0260219
-1.02e-05	-1.2e-06	-0.0274106
-9.6e-06	-1.2e-06	-0.0282875
-9e-06	-1.2e-06	-0.0288364
-8.4e-06	-1.2e-06	-0.0291867
-7.8e-06	-1.2e-06	-0.0294333
-7.2e-06	-1.2e-06	-0.0296512
-6.6e-06	-1.2e-06	-0.0299032
-6e-06	-1.2e-06	-0.0302434
-5.4e-06	-1.2e-06	-0.0307201
-4.8e-06	-1.2e-06	-0.0313786
-4.2e-06	-1.2e-06	-0.0322662
-3.6e-06	-1.2e-06	-0.0334414
-3e-06	-1.2e-06	-0.0349874
-2.4e-06	-1.2e-06	-0.0370219
-1.8e-06	-1.2e-06	-0.0396584
-1.2e-06	-1.2e-06	-0.0427748
-6e-07	-1.2e-06	-0.0456437
0	-1.2e-06	-0.0465273
6e-07	-1.2e-06	-0.0451481
1.2e-06	-1.2e-06	-0.0427098
1.8e-06	-1.2e-06	-0.0401657
2.4e-06	-1.2e-06	-0.0380919
3e-06	-1.2e-06	-0.0364558
3.6e-06	-1.2e-06	-0.0351184
4.2e-06	-1.2e-06	-0.0339757
4.8e-06	-1.2e-06	-0.0329687
5.4e-06	-1.2e-06	-0.0320696
6e-06	-1.2e-06	-0.0312691
6.6e-06	-1.2e-06	-0.0305681
7.2e-06	-1.2e-06	-0.0299742
7.8e-06	-1.2e-06	-0.029499
8.4e-06	-1.2e-06	-0.0291585
9e-06	-1.2e-06	-0.0289751
9.6e-06	-1.2e-06	-0.0289825
1.02e-05	-1.2e-06	-0.0292325
1.08e-05	-1.2e-06	-0.0298038
1.14e-05	-1.2e-06	-0.0307944

-1.14e-05	-1.8e-06	-0.0340774
-1.08e-05	-1.8e-06	-0.0356718
-1.02e-05	-1.8e-06	-0.0368549
-9.6e-06	-1.8e-06	-0.0376571
-9e-06	-1.8e-06	-0.0381684
-8.4e-06	-1.8e-06	-0.0384866
-7.8e-06	-1.8e-06	-0.0387032
-7.2e-06	-1.8e-06	-0.0389017
-6.6e-06	-1.8e-06	-0.0391574
-6e-06	-1.8e-06	-0.0395368
-5.4e-06	-1.8e-06	-0.0400983
-4.8e-06	-1.8e-06	-0.0408918
-4.2e-06	-1.8e-06	-0.0419606
-3.6e-06	-1.8e-06	-0.0433421
-3e-06	-1.8e-06	-0.0450663
-2.4e-06	-1.8e-06	-0.047142
-1.8e-06	-1.8e-06	-0.0495081
-1.2e-06	-1.8e-06	-0.0519263
-6e-07	-1.8e-06	-0.05388
0	-1.8e-06	-0.0546594
6e-07	-1.8e-06	-0.0540978
1.2e-06	-1.8e-06	-0.0526407
1.8e-06	-1.8e-06	-0.0508157
2.4e-06	-1.8e-06	-0.0490021
3e-06	-1.8e-06	-0.0473293
3.6e-06	-1.8e-06	-0.0458083
4.2e-06	-1.8e-06	-0.0444196
4.8e-06	-1.8e-06	-0.0431468
5.4e-06	-1.8e-06	-0.0419834
6e-06	-1.8e-06	-0.0409323
6.6e-06	-1.8e-06	-0.0400023
7.2e-06	-1.8e-06	-0.0392062
7.8e-06	-1.8e-06	-0.038559
8.4e-06	-1.8e-06	-0.0380783
9e-06	-1.8e-06	-0.0377847
9.6e-06	-1.8e-06	-0.0377038
1.02e-05	-1.8e-06	-0.0378676
1.08e-05	-1.8e-06	-0.0383118
1.14e-05	-1.8e-06	-0.0390603

-1.14e-05	-2.4e-06	-0.04127
-1.08e-05	-2.4e-06	-0.0423506
-1.02e-05	-2.4e-06	-0.0431851
-9.6e-06	-2.4e-06	-0.0437465
-9e-06	-2.4e-06	-0.0440742
-8.4e-06	-2.4e-06	-0.0442384
-7.8e-06	-2.4e-06	-0.044321
-7.2e-06	-2.4e-06	-0.0444062
-6.6e-06	-2.4e-06	-0.0445746
-6e-06	-2.4e-06	-0.044899
-5.4e-06	-2.4e-06	-0.0454419
-4.8e-06	-2.4e-06	-0.0462522
-4.2e-06	-2.4e-06	-0.0473634
-3.6e-06	-2.4e-06	-0.0487899
-3e-06	-2.4e-06	-0.0505201
-2.4e-06	-2.4e-06	-0.0525015
-1.8e-06	-2.4e-06	-0.0546109
-1.2e-06	-2.4e-06	-0.0566181
-6e-07	-2.4e-06	-0.0581812
0	-2.4e-06	-0.0589492
6e-07	-2.4e-06	-0.058813
1.2e-06	-2.4e-06	-0.0579477
1.8e-06	-2.4e-06	-0.0566355
2.4e-06	-2.4e-06	-0.0551247
3e-06	-2.4e-06	-0.0535629
3.6e-06	-2.4e-06	-0.0520219
4.2e-06	-2.4e-06	-0.0505356
4.8e-06	-2.4e-06	-0.0491238
5.4e-06	-2.4e-06	-0.0478038
6e-06	-2.4e-06	-0.0465928
6.6e-06	-2.4e-06	-0.0455093
7.2e-06	-2.4e-06	-0.0445713
7.8e-06	-2.4e-06	-0.0437961
8.4e-06	-2.4e-06	-0.0432001
9e-06	-2.4e-06	-0.0427984
9.6e-06	-2.4e-06	-0.042605
1.02e-05	-2.4e-06	-0.0426315
1.08e-05	-2.4e-06	-0.0428825
1.14e-05	-2.4e-06	-0.0433443

-1.14e-05	-3e-06	-0.0446518
-1.08e-05	-3e-06	-0.0452594
-1.02e-05	-3e-06	-0.0456932
-9.6e-06	-3e-06	-0.0459213
-9e-06	-3e-06	-0.0459641
-8.4e-06	-3e-06	-0.0458767
-7.8e-06	-3e-06	-0.0457334
-7.2e-06	-3e-06	-0.0456166
-6.6e-06	-3e-06	-0.0456087
-6e-06	-3e-06	-0.0457852
-5.4e-06	-3e-06	-0.0462089
-4.8e-06	-3e-06	-0.0469257
-4.2e-06	-3e-06	-0.0479594
-3.6e-06	-3e-06	-0.0493072
-3e-06	-3e-06	-0.0509323
-2.4e-06	-3e-06	-0.0527542
-1.8e-06	-3e-06	-0.0546374
-1.2e-06	-3e-06	-0.0563852
-6e-07	-3e-06	-0.0577605
0	-3e-06	-0.0585533
6e-07	-3e-06	-0.0586801
1.2e-06	-3e-06	-0.0582067
1.8e-06	-3e-06	-0.0572833
2.4e-06	-3e-06	-0.0560709
3e-06	-3e-06	-0.0546964
3.6e-06	-3e-06	-0.0532478
4.2e-06	-3e-06	-0.0517847
4.8e-06	-3e-06	-0.050351
5.4e-06	-3e-06	-0.0489818
6e-06	-3e-06	-0.0477077
6.6e-06	-3e-06	-0.0465552
7.2e-06	-3e-06	-0.0455469
7.8e-06	-3e-06	-0.0447011
8.4e-06	-3e-06	-0.0440312
9e-06	-3e-06	-0.0435454
9.6e-06	-3e-06	-0.0432462
1.02e-05	-3e-06	-0.0431283
1.08e-05	-3e-06	-0.0431761
1.14e-05	-3e-06	-0.043357

-1.14e-05	-3.6e-06	-0.0438764
-1.08e-05	-3.6e-06	-0.04405
-1.02e-05	-3.6e-06	-0.0440742
-9.6e-06	-3.6e-06	-0.0439267
-9e-06	-3.6e-06	-0.0436255
-8.4e-06	-3.6e-06	-0.0432205
-7.8e-06	-3.6e-06	-0.0427824
-7.2e-06	-3.6e-06	-0.0423924
-6.6e-06	-3.6e-06	-0.0421337
-6e-06	-3.6e-06	-0.0420823
-5.4e-06	-3.6e-06	-0.0423009
-4.8e-06	-3.6e-06	-0.0428323
-4.2e-06	-3.6e-06	-0.0436936
-3.6e-06	-3.6e-06	-0.0448717
-3e-06	-3.6e-06	-0.0463177
-2.4e-06	-3.6e-06	-0.0479431
-1.8e-06	-3.6e-06	-0.0496181
-1.2e-06	-3.6e-06	-0.0511778
-6e-07	-3.6e-06	-0.0524448
0	-3.6e-06	-0.053271
6e-07	-3.6e-06	-0.053583
1.2e-06	-3.6e-06	-0.053396
1.8e-06	-3.6e-06	-0.052788
2.4e-06	-3.6e-06	-0.051862
3e-06	-3.6e-06	-0.0507175
3.6e-06	-3.6e-06	-0.0494387
4.2e-06	-3.6e-06	-0.0480939
4.8e-06	-3.6e-06	-0.0467388
5.4e-06	-3.6e-06	-0.0454201
6e-06	-3.6e-06	-0.0441771
6.6e-06	-3.6e-06	-0.0430422
7.2e-06	-3.6e-06	-0.0420409
7.8e-06	-3.6e-06	-0.0411911
8.4e-06	-3.6e-06	-0.0405026
9e-06	-3.6e-06	-0.0399766
9.6e-06	-3.6e-06	-0.0396049
1.02e-05	-3.6e-06	-0.0393698
1.08e-05	-3.6e-06	-0.039242
1.14e-05	-3.6e-06	-0.0391799

-1.14e-05	-4.2e-06	-0.0390267
-1.08e-05	-4.2e-06	-0.038813
-1.02e-05	-4.2e-06	-0.0384475
-9.6e-06	-4.2e-06	-0.0379203
-9e-06	-4.2e-06	-0.0372539
-8.4e-06	-4.2e-06	-0.036499
-7.8e-06	-4.2e-06	-0.0357261
-7.2e-06	-4.2e-06	-0.0350172
-6.6e-06	-4.2e-06	-0.0344557
-6e-06	-4.2e-06	-0.0341188
-5.4e-06	-4.2e-06	-0.034069
-4.8e-06	-4.2e-06	-0.0343472
-4.2e-06	-4.2e-06	-0.0349677
-3.6e-06	-4.2e-06	-0.035913
-3e-06	-4.2e-06	-0.0371314
-2.4e-06	-4.2e-06	-0.0385362
-1.8e-06	-4.2e-06	-0.040009
-1.2e-06	-4.2e-06	-0.0414099
-6e-07	-4.2e-06	-0.0425968
0	-4.2e-06	-0.0434512
6e-07	-4.2e-06	-0.0439038
1.2e-06	-4.2e-06	-0.043943
1.8e-06	-4.2e-06	-0.0436048
2.4e-06	-4.2e-06	-0.0429536
3e-06	-4.2e-06	-0.0420635
3.6e-06	-4.2e-06	-0.0410076
4.2e-06	-4.2e-06	-0.0398526
4.8e-06	-4.2e-06	-0.0386581
5.4e-06	-4.2e-06	-0.0374756
6e-06	-4.2e-06	-0.036349
6.6e-06	-4.2e-06	-0.035314
7.2e-06	-4.2e-06	-0.0343968
7.8e-06	-4.2e-06	-0.0336139
8.4e-06	-4.2e-06	-0.0329709
9e-06	-4.2e-06	-0.0324624
9.6e-06	-4.2e-06	-0.0320716
1.02e-05	-4.2e-06	-0.0317706
1.08e-05	-4.2e-06	-0.0315211
1.14e-05	-4.2e-06	-0.0312761

-1.14e-05	-4.8e-06	-0.0305876
-1.08e-05	-4.8e-06	-0.0300472
-1.02e-05	-4.8e-06	-0.0293366
-9.6e-06	-4.8e-06	-0.0284571
-9e-06	-4.8e-06	-0.0274382
-8.4e-06	-4.8e-06	-0.0263342
-7.8e-06	-4.8e-06	-0.0252182
-7.2e-06	-4.8e-06	-0.0241737
-6.6e-06	-4.8e-06	-0.0232859
-6e-06	-4.8e-06	-0.022633
-5.4e-06	-4.8e-06	-0.0222782
-4.8e-06	-4.8e-06	-0.0222629
-4.2e-06	-4.8e-06	-0.022601
-3.6e-06	-4.8e-06	-0.0232758
-3e-06	-4.8e-06	-0.0242378
-2.4e-06	-4.8e-06	-0.0254069
-1.8e-06	-4.8e-06	-0.0266776
-1.2e-06	-4.8e-06	-0.0279294
-6e-07	-4.8e-06	-0.0290418
0	-4.8e-06	-0.0299129
6e-07	-4.8e-06	-0.0304748
1.2e-06	-4.8e-06	-0.0307003
1.8e-06	-4.8e-06	-0.0305998
2.4e-06	-4.8e-06	-0.0302108
3e-06	-4.8e-06	-0.0295865
3.6e-06	-4.8e-06	-0.0287867
4.2e-06	-4.8e-06	-0.0278719
4.8e-06	-4.8e-06	-0.0268994
5.4e-06	-4.8e-06	-0.0259214
6e-06	-4.8e-06	-0.0249826
6.6e-06	-4.8e-06	-0.0241191
7.2e-06	-4.8e-06	-0.0233566
7.8e-06	-4.8e-06	-0.0227091
8.4e-06	-4.8e-06	-0.0221782
9e-06	-4.8e-06	-0.0217523
9.6e-06	-4.8e-06	-0.0214071
1.02e-05	-4.8e-06	-0.021107
1.08e-05	-4.8e-06	-0.0208067
1.14e-05	-4.8e-06	-0.020455

-1.14e-05	-5.4e-06	-0.0193934
-1.08e-05	-5.4e-06	-0.0186023
-1.02e-05	-5.4e-06	-0.0176125
-9.6e-06	-5.4e-06	-0.0164348
-9e-06	-5.4e-06	-0.0151056
-8.4e-06	-5.4e-06	-0.0136843
-7.8e-06	-5.4e-06	-0.0122475
-7.2e-06	-5.4e-06	-0.0108813
-6.6e-06	-5.4e-06	-0.00967301
-6e-06	-5.4e-06	-0.00870272
-5.4e-06	-5.4e-06	-0.00803531
-4.8e-06	-5.4e-06	-0.00771386
-4.2e-06	-5.4e-06	-0.00775463
-3.6e-06	-5.4e-06	-0.00814412
-3e-06	-5.4e-06	-0.00883861
-2.4e-06	-5.4e-06	-0.00976677
-1.8e-06	-5.4e-06	-0.0108356
-1.2e-06	-5.4e-06	-0.0119397
-6e-07	-5.4e-06	-0.0129742
0	-5.4e-06	-0.0138473
6e-07	-5.4e-06	-0.0144922
1.2e-06	-5.4e-06	-0.0148724
1.8e-06	-5.4e-06	-0.0149817
2.4e-06	-5.4e-06	-0.0148386
3e-06	-5.4e-06	-0.0144794
3.6e-06	-5.4e-06	-0.0139512
4.2e-06	-5.4e-06	-0.0133058
4.8e-06	-5.4e-06	-0.0125956
5.4e-06	-5.4e-06	-0.0118699
6e-06	-5.4e-06	-0.0111718
6.6e-06	-5.4e-06	-0.0105361
7.2e-06	-5.4e-06	-0.00998653
7.8e-06	-5.4e-06	-0.00953444
8.4e-06	-5.4e-06	-0.00917736
9e-06	-5.4e-06	-0.00889859
9.6e-06	-5.4e-06	-0.00866767
1.02e-05	-5.4e-06	-0.00844214
1.08e-05	-5.4e-06	-0.00817072
1.14e-05	-5.4e-06	-0.00779803

-1.14e-05	-6e-06	-0.0065449
-1.08e-05	-6e-06	-0.00559222
-1.02e-05	-6e-06	-0.00440632
-9.6e-06	-6e-06	-0.00300549
-9e-06	-6e-06	-0.00143266
-8.4e-06	-6e-06	0.000247727
-7.8e-06	-6e-06	0.00195529
-7.2e-06	-6e-06	0.00360097
-6.6e-06	-6e-06	0.00509513
-6e-06	-6e-06	0.00635565
-5.4e-06	-6e-06	0.00731548
-4.8e-06	-6e-06	0.00792884
-4.2e-06	-6e-06	0.00817585
-3.6e-06	-6e-06	0.00806486
-3e-06	-6e-06	0.00763239
-2.4e-06	-6e-06	0.00694017
-1.8e-06	-6e-06	0.00606942
-1.2e-06	-6e-06	0.00511245
-6e-07	-6e-06	0.00416249
0	-6e-06	0.00330323
6e-07	-6e-06	0.00260008
1.2e-06	-6e-06	0.00209488
1.8e-06	-6e-06	0.0018048
2.4e-06	-6e-06	0.00172471
3e-06	-6e-06	0.00183169
3.6e-06	-6e-06	0.00209021
4.2e-06	-6e-06	0.00245731
4.8e-06	-6e-06	0.00288711
5.4e-06	-6e-06	0.00333489
6e-06	-6e-06	0.00376063
6.6e-06	-6e-06	0.00413218
7.2e-06	-6e-06	0.00442802
7.8e-06	-6e-06	0.00463941
8.4e-06	-6e-06	0.00477205
9e-06	-6e-06	0.00484677
9.6e-06	-6e-06	0.00489912
1.02e-05	-6e-06	0.0049774
1.08e-05	-6e-06	0.00513886
1.14e-05	-6e-06	0.00544392

-1.14e-05	-6.6e-06	0.00669742
-1.08e-05	-6.6e-06	0.00771498
-1.02e-05	-6.6e-06	0.00900281
-9.6e-06	-6.6e-06	0.0105368
-9e-06	-6.6e-06	0.0122686
-8.4e-06	-6.6e-06	0.0141291
-7.8e-06	-6.6e-06	0.0160345
-7.2e-06	-6.6e-06	0.0178933
-6.6e-06	-6.6e-06	0.0196137
-6e-06	-6.6e-06	0.021112
-5.4e-06	-6.6e-06	0.022319
-4.8e-06	-6.6e-06	0.023186
-4.2e-06	-6.6e-06	0.023689
-3.6e-06	-6.6e-06	0.0238306
-3e-06	-6.6e-06	0.0236394
-2.4e-06	-6.6e-06	0.0231675
-1.8e-06	-6.6e-06	0.0224851
-1.2e-06	-6.6e-06	0.0216728
-6e-07	-6.6e-06	0.0208137
0	-6.6e-06	0.0199844
6e-07	-6.6e-06	0.0192478
1.2e-06	-6.6e-06	0.0186484
1.8e-06	-6.6e-06	0.0182101
2.4e-06	-6.6e-06	0.0179374
3e-06	-6.6e-06	0.0178175
3.6e-06	-6.6e-06	0.0178248
4.2e-06	-6.6e-06	0.0179247
4.8e-06	-6.6e-06	0.0180781
5.4e-06	-6.6e-06	0.0182455
6e-06	-6.6e-06	0.0183907
6.6e-06	-6.6e-06	0.0184844
7.2e-06	-6.6e-06	0.0185071
7.8e-06	-6.6e-06	0.0184521
8.4e-06	-6.6e-06	0.0183269
9e-06	-6.6e-06	0.0181549
9.6e-06	-6.6e-06	0.0179754
1.02e-05	-6.6e-06	0.0178418
1.08e-05	-6.6e-06	0.0178175
1.14e-05	-6.6e-06	0.0179699

-1.14e-05	-7.2e-06	0.0190357
-1.08e-05	-7.2e-06	0.0200203
-1.02e-05	-7.2e-06	0.021312
-9.6e-06	-7.2e-06	0.0228822
-9e-06	-7.2e-06	0.0246777
-8.4e-06	-7.2e-06	0.0266257
-7.8e-06	-7.2e-06	0.0286399
-7.2e-06	-7.2e-06	0.030627
-6.6e-06	-7.2e-06	0.0324946
-6e-06	-7.2e-06	0.0341577
-5.4e-06	-7.2e-06	0.0355461
-4.8e-06	-7.2e-06	0.0366085
-4.2e-06	-7.2e-06	0.0373173
-3.6e-06	-7.2e-06	0.0376692
-3e-06	-7.2e-06	0.0376854
-2.4e-06	-7.2e-06	0.0374085
-1.8e-06	-7.2e-06	0.0368983
-1.2e-06	-7.2e-06	0.0362248
-6e-07	-7.2e-06	0.0354614
0	-7.2e-06	0.0346777
6e-07	-7.2e-06	0.0339331
1.2e-06	-7.2e-06	0.0332723
1.8e-06	-7.2e-06	0.0327232
2.4e-06	-7.2e-06	0.0322962
3e-06	-7.2e-06	0.0319866
3.6e-06	-7.2e-06	0.0317765
4.2e-06	-7.2e-06	0.0316388
4.8e-06	-7.2e-06	0.0315408
5.4e-06	-7.2e-06	0.031448
6e-06	-7.2e-06	0.0313283
6.6e-06	-7.2e-06	0.0311546
7.2e-06	-7.2e-06	0.030909
7.8e-06	-7.2e-06	0.0305851
8.4e-06	-7.2e-06	0.0301905
9e-06	-7.2e-06	0.029749
9.6e-06	-7.2e-06	0.0293013
1.02e-05	-7.2e-06	0.0289048
1.08e-05	-7.2e-06	0.0286301
1.14e-05	-7.2e-06	0.0285536

-1.14e-05	-7.8e-06	0.0292598
-1.08e-05	-7.8e-06	0.03012
-1.02e-05	-7.8e-06	0.0313219
-9.6e-06	-7.8e-06	0.0328323
-9e-06	-7.8e-06	0.034594
-8.4e-06	-7.8e-06	0.0365314
-7.8e-06	-7.8e-06	0.0385565
-7.2e-06	-7.8e-06	0.0405761
-6.6e-06	-7.8e-06	0.0424984
-6e-06	-7.8e-06	0.0442392
-5.4e-06	-7.8e-06	0.0457282
-4.8e-06	-7.8e-06	0.0469133
-4.2e-06	-7.8e-06	0.0477637
-3.6e-06	-7.8e-06	0.0482714
-3e-06	-7.8e-06	0.0484507
-2.4e-06	-7.8e-06	0.0483356
-1.8e-06	-7.8e-06	0.0479759
-1.2e-06	-7.8e-06	0.0474316
-6e-07	-7.8e-06	0.0467668
0	-7.8e-06	0.0460436
6e-07	-7.8e-06	0.0453168
1.2e-06	-7.8e-06	0.0446295
1.8e-06	-7.8e-06	0.0440108
2.4e-06	-7.8e-06	0.0434752
3e-06	-7.8e-06	0.043023
3.6e-06	-7.8e-06	0.0426426
4.2e-06	-7.8e-06	0.042313
4.8e-06	-7.8e-06	0.0420072
5.4e-06	-7.8e-06	0.0416955
6e-06	-7.8e-06	0.0413489
6.6e-06	-7.8e-06	0.0409425
7.2e-06	-7.8e-06	0.0404583
7.8e-06	-7.8e-06	0.0398885
8.4e-06	-7.8e-06	0.0392382
9e-06	-7.8e-06	0.0385282
9.6e-06	-7.8e-06	0.0377974
1.02e-05	-7.8e-06	0.0371051
1.08e-05	-7.8e-06	0.0365295
1.14e-05	-7.8e-06	0.0361606

-1.14e-05	-8.4e-06	0.0363627
-1.08e-05	-8.4e-06	0.0370219
-1.02e-05	-8.4e-06	0.038053
-9.6e-06	-8.4e-06	0.0394177
-9e-06	-8.4e-06	0.0410543
-8.4e-06	-8.4e-06	0.0428851
-7.8e-06	-8.4e-06	0.0448224
-7.2e-06	-8.4e-06	0.0467749
-6.6e-06	-8.4e-06	0.0486536
-6e-06	-8.4e-06	0.0503773
-5.4e-06	-8.4e-06	0.051878
-4.8e-06	-8.4e-06	0.0531041
-4.2e-06	-8.4e-06	0.0540235
-3.6e-06	-8.4e-06	0.0546246
-3e-06	-8.4e-06	0.054916
-2.4e-06	-8.4e-06	0.0549238
-1.8e-06	-8.4e-06	0.0546886
-1.2e-06	-8.4e-06	0.054261
-6e-07	-8.4e-06	0.0536956
0	-8.4e-06	0.0530469
6e-07	-8.4e-06	0.0523637
1.2e-06	-8.4e-06	0.0516859
1.8e-06	-8.4e-06	0.0510421
2.4e-06	-8.4e-06	0.0504481
3e-06	-8.4e-06	0.0499078
3.6e-06	-8.4e-06	0.0494141
4.2e-06	-8.4e-06	0.0489509
4.8e-06	-8.4e-06	0.0484961
5.4e-06	-8.4e-06	0.048024
6e-06	-8.4e-06	0.0475085
6.6e-06	-8.4e-06	0.0469256
7.2e-06	-8.4e-06	0.0462566
7.8e-06	-8.4e-06	0.0454899
8.4e-06	-8.4e-06	0.0446248
9e-06	-8.4e-06	0.0436745
9.6e-06	-8.4e-06	0.0426708
1.02e-05	-8.4e-06	0.0416702
1.08e-05	-8.4e-06	0.0407583
1.14e-05	-8.4e-06	0.0400458

-1.14e-05	-9e-06	0.0396366
-1.08e-05	-9e-06	0.040041
-1.02e-05	-9e-06	0.0408422
-9.6e-06	-9e-06	0.0419932
-9e-06	-9e-06	0.0434273
-8.4e-06	-9e-06	0.0450656
-7.8e-06	-9e-06	0.0468227
-7.2e-06	-9e-06	0.0486119
-6.6e-06	-9e-06	0.0503499
-6e-06	-9e-06	0.0519614
-5.4e-06	-9e-06	0.0533829
-4.8e-06	-9e-06	0.0545657
-4.2e-06	-9e-06	0.0554785
-3.6e-06	-9e-06	0.0561077
-3e-06	-9e-06	0.0564572
-2.4e-06	-9e-06	0.0565465
-1.8e-06	-9e-06	0.056408
-1.2e-06	-9e-06	0.0560826
-6e-07	-9e-06	0.0556161
0	-9e-06	0.0550543
6e-07	-9e-06	0.0544396
1.2e-06	-9e-06	0.0538072
1.8e-06	-9e-06	0.0531832
2.4e-06	-9e-06	0.0525834
3e-06	-9e-06	0.0520134
3.6e-06	-9e-06	0.0514692
4.2e-06	-9e-06	0.0509386
4.8e-06	-9e-06	0.0504035
5.4e-06	-9e-06	0.0498419
6e-06	-9e-06	0.0492302
6.6e-06	-9e-06	0.0485452
7.2e-06	-9e-06	0.047766
7.8e-06	-9e-06	0.046876
8.4e-06	-9e-06	0.045865
9e-06	-9e-06	0.0447326
9.6e-06	-9e-06	0.0434947
1.02e-05	-9e-06	0.0421952
1.08e-05	-9e-06	0.0409224
1.14e-05	-9e-06	0.0398204

-1.14e-05	-9.6e-06	0.0387376
-1.08e-05	-9.6e-06	0.0388661
-1.02e-05	-9.6e-06	0.0394086
-9.6e-06	-9.6e-06	0.0403035
-9e-06	-9.6e-06	0.0414781
-8.4e-06	-9.6e-06	0.0428538
-7.8e-06	-9.6e-06	0.0443508
-7.2e-06	-9.6e-06	0.0458903
-6.6e-06	-9.6e-06	0.0473983
-6e-06	-9.6e-06	0.0488082
-5.4e-06	-9.6e-06	0.0500642
-4.8e-06	-9.6e-06	0.0511232
-4.2e-06	-9.6e-06	0.0519563
-3.6e-06	-9.6e-06	0.0525499
-3e-06	-9.6e-06	0.0529049
-2.4e-06	-9.6e-06	0.053035
-1.8e-06	-9.6e-06	0.052965
-1.2e-06	-9.6e-06	0.0527271
-6e-07	-9.6e-06	0.0523577
0	-9.6e-06	0.0518941
6e-07	-9.6e-06	0.0513709
1.2e-06	-9.6e-06	0.0508176
1.8e-06	-9.6e-06	0.0502568
2.4e-06	-9.6e-06	0.0497026
3e-06	-9.6e-06	0.049161
3.6e-06	-9.6e-06	0.0486299
4.2e-06	-9.6e-06	0.0481003
4.8e-06	-9.6e-06	0.0475577
5.4e-06	-9.6e-06	0.0469835
6e-06	-9.6e-06	0.0463568
6.6e-06	-9.6e-06	0.0456554
7.2e-06	-9.6e-06	0.0448567
7.8e-06	-9.6e-06	0.0439381
8.4e-06	-9.6e-06	0.0428774
9e-06	-9.6e-06	0.0416543
9.6e-06	-9.6e-06	0.0402556
1.02e-05	-9.6e-06	0.0386921
1.08e-05	-9.6e-06	0.0370354
1.14e-05	-9.6e-06	0.0354773

-1.14e-05	-1.02e-05	0.0337143
-1.08e-05	-1.02e-05	0.0335918
-1.02e-05	-1.02e-05	0.0338854
-9.6e-06	-1.02e-05	0.0345124
-9e-06	-1.02e-05	0.0353943
-8.4e-06	-1.02e-05	0.0364572
-7.8e-06	-1.02e-05	0.0376307
-7.2e-06	-1.02e-05	0.0388486
-6.6e-06	-1.02e-05	0.0400499
-6e-06	-1.02e-05	0.0411806
-5.4e-06	-1.02e-05	0.0421951
-4.8e-06	-1.02e-05	0.0430585
-4.2e-06	-1.02e-05	0.0437467
-3.6e-06	-1.02e-05	0.0442476
-3e-06	-1.02e-05	0.0445605
-2.4e-06	-1.02e-05	0.0446945
-1.8e-06	-1.02e-05	0.0446675
-1.2e-06	-1.02e-05	0.0445031
-6e-07	-1.02e-05	0.0442287
0	-1.02e-05	0.0438725
6e-07	-1.02e-05	0.0434608
1.2e-06	-1.02e-05	0.0430168
1.8e-06	-1.02e-05	0.042558
2.4e-06	-1.02e-05	0.0420961
3e-06	-1.02e-05	0.0416363
3.6e-06	-1.02e-05	0.0411777
4.2e-06	-1.02e-05	0.0407139
4.8e-06	-1.02e-05	0.0402336
5.4e-06	-1.02e-05	0.0397223
6e-06	-1.02e-05	0.0391623
6.6e-06	-1.02e-05	0.0385336
7.2e-06	-1.02e-05	0.0378136
7.8e-06	-1.02e-05	0.0369756
8.4e-06	-1.02e-05	0.0359863
9e-06	-1.02e-05	0.0348015
9.6e-06	-1.02e-05	0.0333642
1.02e-05	-1.02e-05	0.031613
1.08e-05	-1.02e-05	0.0295378
1.14e-05	-1.02e-05	0.0273577

-1.14e-05	-1.08e-05	0.0249995
-1.08e-05	-1.08e-05	0.024716
-1.02e-05	-1.08e-05	0.0248155
-9.6e-06	-1.08e-05	0.0251936
-9e-06	-1.08e-05	0.0257733
-8.4e-06	-1.08e-05	0.0264927
-7.8e-06	-1.08e-05	0.0272976
-7.2e-06	-1.08e-05	0.0281395
-6.6e-06	-1.08e-05	0.0289744
-6e-06	-1.08e-05	0.029764
-5.4e-06	-1.08e-05	0.0304761
-4.8e-06	-1.08e-05	0.0310857
-4.2e-06	-1.08e-05	0.0315759
-3.6e-06	-1.08e-05	0.0319376
-3e-06	-1.08e-05	0.0321693
-2.4e-06	-1.08e-05	0.0322768
-1.8e-06	-1.08e-05	0.0322715
-1.2e-06	-1.08e-05	0.032169
-6e-07	-1.08e-05	0.0319875
0	-1.08e-05	0.0317458
6e-07	-1.08e-05	0.0314619
1.2e-06	-1.08e-05	0.0311514
1.8e-06	-1.08e-05	0.0308266
2.4e-06	-1.08e-05	0.0304955
3e-06	-1.08e-05	0.0301621
3.6e-06	-1.08e-05	0.029826
4.2e-06	-1.08e-05	0.029483
4.8e-06	-1.08e-05	0.0291255
5.4e-06	-1.08e-05	0.028743
6e-06	-1.08e-05	0.0283227
6.6e-06	-1.08e-05	0.027849
7.2e-06	-1.08e-05	0.0273027
7.8e-06	-1.08e-05	0.0266582
8.4e-06	-1.08e-05	0.025878
9e-06	-1.08e-05	0.0249013
9.6e-06	-1.08e-05	0.0236227
1.02e-05	-1.08e-05	0.02186
1.08e-05	-1.08e-05	0.0193441
1.14e-05	-1.08e-05	0.0160036

-1.14e-05	-1.14e-05	0.0133792
-1.08e-05	-1.14e-05	0.0131132
-1.02e-05	-1.14e-05	0.0131141
-9.6e-06	-1.14e-05	0.013284
-9e-06	-1.14e-05	0.0135686
-8.4e-06	-1.14e-05	0.0139304
-7.8e-06	-1.14e-05	0.0143392
-7.2e-06	-1.14e-05	0.014769
-6.6e-06	-1.14e-05	0.0151967
-6e-06	-1.14e-05	0.0156024
-5.4e-06	-1.14e-05	0.0159694
-4.8e-06	-1.14e-05	0.0162847
-4.2e-06	-1.14e-05	0.0165395
-3.6e-06	-1.14e-05	0.0167288
-3e-06	-1.14e-05	0.0168518
-2.4e-06	-1.14e-05	0.0169112
-1.8e-06	-1.14e-05	0.0169125
-1.2e-06	-1.14e-05	0.0168634
-6e-07	-1.14e-05	0.0167731
0	-1.14e-05	0.016651
6e-07	-1.14e-05	0.0165062
1.2e-06	-1.14e-05	0.0163465
1.8e-06	-1.14e-05	0.0161782
2.4e-06	-1.14e-05	0.0160055
3e-06	-1.14e-05	0.0158304
3.6e-06	-1.14e-05	0.0156529
4.2e-06	-1.14e-05	0.0154708
4.8e-06	-1.14e-05	0.0152803
5.4e-06	-1.14e-05	0.0150759
6e-06	-1.14e-05	0.0148508
6.6e-06	-1.14e-05	0.0145962
7.2e-06	-1.14e-05	0.0143009
7.8e-06	-1.14e-05	0.0139485
8.4e-06	-1.14e-05	0.0135124
9e-06	-1.14e-05	0.0129416
9.6e-06	-1.14e-05	0.0121253
1.02e-05	-1.14e-05	0.0107873
1.08e-05	-1.14e-05	0.00814074
1.14e-05	-1.14e-05	0.00165962
