
-1.292e-05	1.36e-05	-0.00590214
-1.224e-05	1.36e-05	0.00738493
-1.156e-05	1.36e-05	-0.00836689
-1.088e-05	1.36e-05	0.00886667
-1.02e-05	1.36e-05	-0.00886706
-9.52e-06	1.36e-05	0.00835692
-8.84e-06	1.36e-05	-0.00734531
-8.16e-06	1.36e-05	0.00586588
-7.48e-06	1.36e-05	-0.00397709
-6.8e-06	1.36e-05	0.00175995
-6.12e-06	1.36e-05	0.000686023
-5.44e-06	1.36e-05	-0.00324792
-4.76e-06	1.36e-05	0.00580551
-4.08e-06	1.36e-05	-0.00823767
-3.4e-06	1.36e-05	0.0104289
-2.72e-06	1.36e-05	-0.0122755
-2.04e-06	1.36e-05	0.0136912
-1.36e-06	1.36e-05	-0.0146117
-6.8e-07	1.36e-05	0.0149981
0	1.36e-05	-0.014839
6.8e-07	1.36e-05	0.014151
1.36e-06	1.36e-05	-0.012978
2.04e-06	1.36e-05	0.0113889
2.72e-06	1.36e-05	-0.00947367
3.4e-06	1.36e-05	0.00733883
4.08e-06	1.36e-05	-0.00510162
4.76e-06	1.36e-05	0.00288376
5.44e-06	1.36e-05	-0.000804941
6.12e-06	1.36e-05	-0.00102365
6.8e-06	1.36e-05	0.00250523
7.48e-06	1.36e-05	-0.00356259
8.16e-06	1.36e-05	0.00414193
8.84e-06	1.36e-05	-0.00421536
9.52e-06	1.36e-05	0.00378136
1.02e-05	1.36e-05	-0.00286284
1.088e-05	1.36e-05	0.00150125
1.156e-05	1.36e-05	0.00025706
1.224e-05	1.36e-05	-0.00239506
1.292e-05	1.36e-05	0.00502457

-1.292e-05	1.292e-05	0.0120446
-1.224e-05	1.292e-05	-0.0147051
-1.156e-05	1.292e-05	0.0165752
-1.088e-05	1.292e-05	-0.0175537
-1.02e-05	1.292e-05	0.0175655
-9.52e-06	1.292e-05	-0.0165753
-8.84e-06	1.292e-05	0.0145959
-8.16e-06	1.292e-05	-0.0116919
-7.48e-06	1.292e-05	0.00797796
-6.8e-06	1.292e-05	-0.00361393
-6.12e-06	1.292e-05	-0.00120358
-5.44e-06	1.292e-05	0.0062514
-4.76e-06	1.292e-05	-0.0112918
-4.08e-06	1.292e-05	0.0160854
-3.4e-06	1.292e-05	-0.0204037
-2.72e-06	1.292e-05	0.0240418
-2.04e-06	1.292e-05	-0.0268291
-1.36e-06	1.292e-05	0.0286385
-6.8e-07	1.292e-05	-0.0293931
0	1.292e-05	0.0290703
6.8e-07	1.292e-05	-0.0277031
1.36e-06	1.292e-05	0.0253782
2.04e-06	1.292e-05	-0.0222317
2.72e-06	1.292e-05	0.0184414
3.4e-06	1.292e-05	-0.014218
4.08e-06	1.292e-05	0.00979316
4.76e-06	1.292e-05	-0.00540763
5.44e-06	1.292e-05	0.001298
6.12e-06	1.292e-05	0.0023159
6.8e-06	1.292e-05	-0.00524284
7.48e-06	1.292e-05	0.00733034
8.16e-06	1.292e-05	-0.00847255
8.84e-06	1.292e-05	0.0086153
9.52e-06	1.292e-05	-0.00775765
1.02e-05	1.292e-05	0.00594951
1.088e-05	1.292e-05	-0.00328426
1.156e-05	1.292e-05	-0.000114745
1.224e-05	1.292e-05	0.00411519
1.292e-05	1.292e-05	-0.00859784

-1.292e-05	1.224e-05	-0.017928
-1.224e-05	1.224e-05	0.0216896
-1.156e-05	1.224e-05	-0.0244056
-1.088e-05	1.224e-05	0.0258629
-1.02e-05	1.224e-05	-0.0259209
-9.52e-06	1.224e-05	0.0245134
-8.84e-06	1.224e-05	-0.0216532
-8.16e-06	1.224e-05	0.0174323
-7.48e-06	1.224e-05	-0.012018
-6.8e-06	1.224e-05	0.00564461
-6.12e-06	1.224e-05	0.00139864
-5.44e-06	1.224e-05	-0.00878352
-4.76e-06	1.224e-05	0.0161602
-4.08e-06	1.224e-05	-0.0231764
-3.4e-06	1.224e-05	0.029496
-2.72e-06	1.224e-05	-0.0348176
-2.04e-06	1.224e-05	0.0388902
-1.36e-06	1.224e-05	-0.0415268
-6.8e-07	1.224e-05	0.0426144
0	1.224e-05	-0.0421197
6.8e-07	1.224e-05	0.0400912
1.36e-06	1.224e-05	-0.0366565
2.04e-06	1.224e-05	0.0320155
2.72e-06	1.224e-05	-0.02643
3.4e-06	1.224e-05	0.0202096
4.08e-06	1.224e-05	-0.0136954
4.76e-06	1.224e-05	0.00724145
5.44e-06	1.224e-05	-0.00119593
6.12e-06	1.224e-05	-0.00411774
6.8e-06	1.224e-05	0.00841836
7.48e-06	1.224e-05	-0.011482
8.16e-06	1.224e-05	0.0131538
8.84e-06	1.224e-05	-0.0133558
9.52e-06	1.224e-05	0.0120903
1.02e-05	1.224e-05	-0.00943762
1.088e-05	1.224e-05	0.00554949
1.156e-05	1.224e-05	-0.000637804
1.224e-05	1.224e-05	-0.00503796
1.292e-05	1.224e-05	0.0111749

-1.292e-05	1.156e-05	0.0231865
-1.224e-05	1.156e-05	-0.0280587
-1.156e-05	1.156e-05	0.0316254
-1.088e-05	1.156e-05	-0.0335908
-1.02e-05	1.156e-05	0.0337564
-9.52e-06	1.156e-05	-0.0320269
-8.84e-06	1.156e-05	0.028413
-8.16e-06	1.156e-05	-0.0230311
-7.48e-06	1.156e-05	0.0160965
-6.8e-06	1.156e-05	-0.00791291
-6.12e-06	1.156e-05	-0.00114497
-5.44e-06	1.156e-05	0.0106511
-4.76e-06	1.156e-05	-0.0201515
-4.08e-06	1.156e-05	0.029189
-3.4e-06	1.156e-05	-0.0373275
-2.72e-06	1.156e-05	0.0441759
-2.04e-06	1.156e-05	-0.0494088
-1.36e-06	1.156e-05	0.0527838
-6.8e-07	1.156e-05	-0.0541542
0	1.156e-05	0.0534771
6.8e-07	1.156e-05	-0.0508151
1.36e-06	1.156e-05	0.0463337
2.04e-06	1.156e-05	-0.0402919
2.72e-06	1.156e-05	0.0330293
3.4e-06	1.156e-05	-0.0249473
4.08e-06	1.156e-05	0.0164885
4.76e-06	1.156e-05	-0.00811224
5.44e-06	1.156e-05	0.000270426
6.12e-06	1.156e-05	0.00661729
6.8e-06	1.156e-05	-0.0121861
7.48e-06	1.156e-05	0.0161461
8.16e-06	1.156e-05	-0.0182973
8.84e-06	1.156e-05	0.0185411
9.52e-06	1.156e-05	-0.0168842
1.02e-05	1.156e-05	0.0134384
1.088e-05	1.156e-05	-0.00841327
1.156e-05	1.156e-05	0.00210559
1.224e-05	1.156e-05	0.00511372
1.292e-05	1.156e-05	-0.0128091

-1.292e-05	1.088e-05	-0.0275847
-1.224e-05	1.088e-05	0.0335844
-1.156e-05	1.088e-05	-0.0380247
-1.088e-05	1.088e-05	0.0405458
-1.02e-05	1.088e-05	-0.0409018
-9.52e-06	1.088e-05	0.0389719
-8.84e-06	1.088e-05	-0.0347649
-8.16e-06	1.088e-05	0.0284185
-7.48e-06	1.088e-05	-0.0201915
-6.8e-06	1.088e-05	0.0104494
-6.12e-06	1.088e-05	0.000355345
-5.44e-06	1.088e-05	-0.0117086
-4.76e-06	1.088e-05	0.0230625
-4.08e-06	1.088e-05	-0.033865
-3.4e-06	1.088e-05	0.0435902
-2.72e-06	1.088e-05	-0.0517664
-2.04e-06	1.088e-05	0.0580013
-1.36e-06	1.088e-05	-0.0620028
-6.8e-07	1.088e-05	0.0635942
0	1.088e-05	-0.0627237
6.8e-07	1.088e-05	0.0594668
1.36e-06	1.088e-05	-0.0540227
2.04e-06	1.088e-05	0.0467035
2.72e-06	1.088e-05	-0.0379183
3.4e-06	1.088e-05	0.0281513
4.08e-06	1.088e-05	-0.0179361
4.76e-06	1.088e-05	0.00782732
5.44e-06	1.088e-05	0.00162989
6.12e-06	1.088e-05	-0.0099289
6.8e-06	1.088e-05	0.0166296
7.48e-06	1.088e-05	-0.0213823
8.16e-06	1.088e-05	0.0239471
8.84e-06	1.088e-05	-0.0242069
9.52e-06	1.088e-05	0.0221739
1.02e-05	1.088e-05	-0.0179892
1.088e-05	1.088e-05	0.0119153
1.156e-05	1.088e-05	-0.00432372
1.224e-05	1.088e-05	-0.00432174
1.292e-05	1.088e-05	0.0134836

-1.292e-05	1.02e-05	0.030972
-1.224e-05	1.02e-05	-0.0380973
-1.156e-05	1.02e-05	0.043431
-1.088e-05	1.02e-05	-0.0465605
-1.02e-05	1.02e-05	0.0472007
-9.52e-06	1.02e-05	-0.0452093
-8.84e-06	1.02e-05	0.0405936
-8.16e-06	1.02e-05	-0.0335101
-7.48e-06	1.02e-05	0.024255
-6.8e-06	1.02e-05	-0.0132484
-6.12e-06	1.02e-05	0.00101002
-5.44e-06	1.02e-05	0.0118689
-4.76e-06	1.02e-05	-0.0247586
-4.08e-06	1.02e-05	0.0370248
-3.4e-06	1.02e-05	-0.0480635
-2.72e-06	1.02e-05	0.0573336
-2.04e-06	1.02e-05	-0.0643851
-1.36e-06	1.02e-05	0.0688833
-6.8e-07	1.02e-05	-0.0706257
0	1.02e-05	0.0695529
6.8e-07	1.02e-05	-0.0657514
1.36e-06	1.02e-05	0.0594493
2.04e-06	1.02e-05	-0.0510042
2.72e-06	1.02e-05	0.0408851
3.4e-06	1.02e-05	-0.0296474
4.08e-06	1.02e-05	0.0179039
4.76e-06	1.02e-05	-0.00629131
5.44e-06	1.02e-05	-0.00456356
6.12e-06	1.02e-05	0.0140784
6.8e-06	1.02e-05	-0.0217474
7.48e-06	1.02e-05	0.0271688
8.16e-06	1.02e-05	-0.0300678
8.84e-06	1.02e-05	0.0303116
9.52e-06	1.02e-05	-0.0279173
1.02e-05	1.02e-05	0.0230515
1.088e-05	1.02e-05	-0.0160225
1.156e-05	1.02e-05	0.00726461
1.224e-05	1.02e-05	0.00268236
1.292e-05	1.02e-05	-0.0131994

-1.292e-05	9.52e-06	-0.0332623
-1.224e-05	9.52e-06	0.0414841
-1.156e-05	9.52e-06	-0.0477153
-1.088e-05	9.52e-06	0.0514986
-1.02e-05	9.52e-06	-0.0525164
-9.52e-06	9.52e-06	0.0506086
-8.84e-06	9.52e-06	-0.0457813
-8.16e-06	9.52e-06	0.0382067
-7.48e-06	9.52e-06	-0.0282127
-6.8e-06	9.52e-06	0.0162645
-6.12e-06	9.52e-06	-0.0029386
-5.44e-06	9.52e-06	-0.0111095
-4.76e-06	9.52e-06	0.0251819
-4.08e-06	9.52e-06	-0.0385763
-3.4e-06	9.52e-06	0.0506246
-2.72e-06	9.52e-06	-0.0607285
-2.04e-06	9.52e-06	0.0683913
-1.36e-06	9.52e-06	-0.073244
-6.8e-07	9.52e-06	0.0750634
0	9.52e-06	-0.073784
6.8e-07	9.52e-06	0.0695011
1.36e-06	9.52e-06	-0.0624659
2.04e-06	9.52e-06	0.0530727
2.72e-06	9.52e-06	-0.0418391
3.4e-06	9.52e-06	0.0293789
4.08e-06	9.52e-06	-0.0163694
4.76e-06	9.52e-06	0.00351578
5.44e-06	9.52e-06	0.00848773
6.12e-06	9.52e-06	-0.0189957
6.8e-06	9.52e-06	0.0274472
7.48e-06	9.52e-06	-0.033397
8.16e-06	9.52e-06	0.0365409
8.84e-06	9.52e-06	-0.0367329
9.52e-06	9.52e-06	0.0339939
1.02e-05	9.52e-06	-0.0285117
1.088e-05	9.52e-06	0.0206314
1.156e-05	9.52e-06	-0.0108382
1.224e-05	9.52e-06	-0.000267489
1.292e-05	9.52e-06	0.0120017

-1.292e-05	8.84e-06	0.0344267
-1.224e-05	8.84e-06	-0.0436846
-1.156e-05	8.84e-06	0.050793
-1.088e-05	8.84e-06	-0.0552582
-1.02e-05	8.84e-06	0.0567358
-9.52e-06	8.84e-06	-0.0550513
-8.84e-06	8.84e-06	0.0502102
-8.16e-06	8.84e-06	-0.0423966
-7.48e-06	8.84e-06	0.0319637
-6.8e-06	8.84e-06	-0.0194126
-6.12e-06	8.84e-06	0.0053644
-5.44e-06	8.84e-06	0.00947507
-4.76e-06	8.84e-06	-0.0243547
-4.08e-06	8.84e-06	0.0385196
-3.4e-06	8.84e-06	-0.0512528
-2.72e-06	8.84e-06	0.0619133
-2.04e-06	8.84e-06	-0.06997
-1.36e-06	8.84e-06	0.0750285
-6.8e-07	8.84e-06	-0.076851
0	8.84e-06	0.0753678
6.8e-07	8.84e-06	-0.0706803
1.36e-06	8.84e-06	0.0630564
2.04e-06	8.84e-06	-0.052917
2.72e-06	8.84e-06	0.0408156
3.4e-06	8.84e-06	-0.0274095
4.08e-06	8.84e-06	0.0134254
4.76e-06	8.84e-06	0.000379111
5.44e-06	8.84e-06	-0.0132574
6.12e-06	8.84e-06	0.0245146
6.8e-06	8.84e-06	-0.0335465
7.48e-06	8.84e-06	0.0398734
8.16e-06	8.84e-06	-0.0431675
8.84e-06	8.84e-06	0.043272
9.52e-06	8.84e-06	-0.0402104
1.02e-05	8.84e-06	0.0341863
1.088e-05	8.84e-06	-0.025573
1.156e-05	8.84e-06	0.0148943
1.224e-05	8.84e-06	-0.00279639
1.292e-05	8.84e-06	-0.00998734

-1.292e-05	8.16e-06	-0.0344898
-1.224e-05	8.16e-06	0.0446888
-1.156e-05	8.16e-06	-0.052624
-1.088e-05	8.16e-06	0.0577732
-1.02e-05	8.16e-06	-0.0597719
-9.52e-06	8.16e-06	0.0584347
-8.84e-06	8.16e-06	-0.0537659
-8.16e-06	8.16e-06	0.045959
-7.48e-06	8.16e-06	-0.0353849
-6.8e-06	8.16e-06	0.0225711
-6.12e-06	8.16e-06	-0.00817062
-5.44e-06	8.16e-06	-0.00707481
-4.76e-06	8.16e-06	0.0223768
-4.08e-06	8.16e-06	-0.0369446
-3.4e-06	8.16e-06	0.0500286
-2.72e-06	8.16e-06	-0.0609604
-2.04e-06	8.16e-06	0.069188
-1.36e-06	8.16e-06	-0.0743028
-6.8e-07	8.16e-06	0.0760588
0	8.16e-06	-0.0743839
6.8e-07	8.16e-06	0.0693829
1.36e-06	8.16e-06	-0.061333
2.04e-06	8.16e-06	0.0506706
2.72e-06	8.16e-06	-0.0379709
3.4e-06	8.16e-06	0.0239188
4.08e-06	8.16e-06	-0.00927378
4.76e-06	8.16e-06	-0.0051712
5.44e-06	8.16e-06	0.0186329
6.12e-06	8.16e-06	-0.0303814
6.8e-06	8.16e-06	0.0397816
7.48e-06	8.16e-06	-0.0463287
8.16e-06	8.16e-06	0.0496777
8.84e-06	8.16e-06	-0.0496632
9.52e-06	8.16e-06	0.0463099
1.02e-05	8.16e-06	-0.0398318
1.088e-05	8.16e-06	0.0306215
1.156e-05	8.16e-06	-0.019229
1.224e-05	8.16e-06	0.00633189
1.292e-05	8.16e-06	0.00730237

-1.292e-05	7.48e-06	0.0335257
-1.224e-05	7.48e-06	-0.0445341
-1.156e-05	7.48e-06	0.0532108
-1.088e-05	7.48e-06	-0.0590142
-1.02e-05	7.48e-06	0.0615663
-9.52e-06	7.48e-06	-0.0606744
-8.84e-06	7.48e-06	0.0563422
-8.16e-06	7.48e-06	-0.0487686
-7.48e-06	7.48e-06	0.038336
-6.8e-06	7.48e-06	-0.0255877
-6.12e-06	7.48e-06	0.011196
-5.44e-06	7.48e-06	0.00407612
-4.76e-06	7.48e-06	-0.0194194
-4.08e-06	7.48e-06	0.0340241
-3.4e-06	7.48e-06	-0.0471249
-2.72e-06	7.48e-06	0.0580429
-2.04e-06	7.48e-06	-0.06622
-1.36e-06	7.48e-06	0.0712453
-6.8e-07	7.48e-06	-0.0728723
0	7.48e-06	0.0710291
6.8e-07	7.48e-06	-0.0658207
1.36e-06	7.48e-06	0.0575248
2.04e-06	7.48e-06	-0.0465809
2.72e-06	7.48e-06	0.0335705
3.4e-06	7.48e-06	-0.0191893
4.08e-06	7.48e-06	0.00421182
4.76e-06	7.48e-06	0.0105505
5.44e-06	7.48e-06	-0.0242944
6.12e-06	7.48e-06	0.0362699
6.8e-06	7.48e-06	-0.0458231
7.48e-06	7.48e-06	0.052434
8.16e-06	7.48e-06	-0.0557466
8.84e-06	7.48e-06	0.0555897
9.52e-06	7.48e-06	-0.0519875
1.02e-05	7.48e-06	0.0451591
1.088e-05	7.48e-06	-0.035507
1.156e-05	7.48e-06	0.0235957
1.224e-05	7.48e-06	-0.0101196
1.292e-05	7.48e-06	-0.00413519

-1.292e-05	6.8e-06	-0.0316516
-1.224e-05	6.8e-06	0.0433003
-1.156e-05	6.8e-06	-0.0525958
-1.088e-05	6.8e-06	0.0589869
-1.02e-05	6.8e-06	-0.0620894
-9.52e-06	6.8e-06	0.0617076
-8.84e-06	6.8e-06	-0.0578447
-8.16e-06	6.8e-06	0.0507022
-7.48e-06	6.8e-06	-0.0406668
-6.8e-06	6.8e-06	0.0282878
-6.12e-06	6.8e-06	-0.0142445
-5.44e-06	6.8e-06	-0.000694095
-4.76e-06	6.8e-06	0.0157135
-4.08e-06	6.8e-06	-0.0300015
-3.4e-06	6.8e-06	0.042795
-2.72e-06	6.8e-06	-0.0534211
-2.04e-06	6.8e-06	0.0613324
-1.36e-06	6.8e-06	-0.0661295
-6.8e-07	6.8e-06	0.0675751
0	6.8e-06	-0.0655999
6.8e-07	6.8e-06	0.060305
1.36e-06	6.8e-06	-0.0519591
2.04e-06	6.8e-06	0.0409903
2.72e-06	6.8e-06	-0.0279697
3.4e-06	6.8e-06	0.0135864
4.08e-06	6.8e-06	0.00138781
4.76e-06	6.8e-06	-0.0161403
5.44e-06	6.8e-06	0.0298638
6.12e-06	6.8e-06	-0.0418028
6.8e-06	6.8e-06	0.0512974
7.48e-06	6.8e-06	-0.0578219
8.16e-06	6.8e-06	0.0610157
8.84e-06	6.8e-06	-0.0607042
9.52e-06	6.8e-06	0.0569098
1.02e-05	6.8e-06	-0.0498513
1.088e-05	6.8e-06	0.0399325
1.156e-05	6.8e-06	-0.0277199
1.224e-05	6.8e-06	0.013911
1.292e-05	6.8e-06	0.000705261

-1.292e-05	6.12e-06	0.0290203
-1.224e-05	6.12e-06	-0.0411036
-1.156e-05	6.12e-06	0.050857
-1.088e-05	6.12e-06	-0.0577307
-1.02e-05	6.12e-06	0.0613418
-9.52e-06	6.12e-06	-0.0614959
-8.84e-06	6.12e-06	0.0581969
-8.16e-06	6.12e-06	-0.0516455
-7.48e-06	6.12e-06	0.0422267
-6.8e-06	6.12e-06	-0.030486
-6.12e-06	6.12e-06	0.0170971
-5.44e-06	6.12e-06	-0.00282191
-4.76e-06	6.12e-06	-0.0115353
-4.08e-06	6.12e-06	0.025176
-3.4e-06	6.12e-06	-0.0373548
-2.72e-06	6.12e-06	0.0474229
-2.04e-06	6.12e-06	-0.0548616
-1.36e-06	6.12e-06	0.0593008
-6.8e-07	6.12e-06	-0.0605233
0	6.12e-06	0.0584663
6.8e-07	6.12e-06	-0.0532216
1.36e-06	6.12e-06	0.045037
2.04e-06	6.12e-06	-0.0343121
2.72e-06	6.12e-06	0.0215897
3.4e-06	6.12e-06	-0.00753394
4.08e-06	6.12e-06	-0.00710285
4.76e-06	6.12e-06	0.0215231
5.44e-06	6.12e-06	-0.0349306
6.12e-06	6.12e-06	0.0465785
6.8e-06	6.12e-06	-0.055813
7.48e-06	6.12e-06	0.0621122
8.16e-06	6.12e-06	-0.0651171
8.84e-06	6.12e-06	0.0646524
9.52e-06	6.12e-06	-0.0607376
1.02e-05	6.12e-06	0.0535859
1.088e-05	6.12e-06	-0.0435936
1.156e-05	6.12e-06	0.0313176
1.224e-05	6.12e-06	-0.0174442
1.292e-05	6.12e-06	0.00275061

-1.292e-05	5.44e-06	-0.0258102
-1.224e-05	5.44e-06	0.0380886
-1.156e-05	5.44e-06	-0.0481031
-1.088e-05	5.44e-06	0.0553157
-1.02e-05	5.44e-06	-0.0593532
-9.52e-06	5.44e-06	0.0600275
-8.84e-06	5.44e-06	-0.0573442
-8.16e-06	5.44e-06	0.051501
-7.48e-06	5.44e-06	-0.0428745
-6.8e-06	5.44e-06	0.0319975
-6.12e-06	5.44e-06	-0.0195267
-5.44e-06	5.44e-06	0.00620382
-4.76e-06	5.44e-06	0.00719035
-4.08e-06	5.44e-06	-0.0198841
-3.4e-06	5.44e-06	0.0311643
-2.72e-06	5.44e-06	-0.0404223
-2.04e-06	5.44e-06	0.0471888
-1.36e-06	5.44e-06	-0.051147
-6.8e-07	5.44e-06	0.052116
0	5.44e-06	-0.0500425
6.8e-07	5.44e-06	0.0450023
1.36e-06	5.44e-06	-0.0372059
2.04e-06	5.44e-06	0.0270037
2.72e-06	5.44e-06	-0.0148895
3.4e-06	5.44e-06	0.00148551
4.08e-06	5.44e-06	0.0124905
4.76e-06	5.44e-06	-0.02627
5.44e-06	5.44e-06	0.0390819
6.12e-06	5.44e-06	-0.0502005
6.8e-06	5.44e-06	0.0589894
7.48e-06	5.44e-06	-0.06494
8.16e-06	5.44e-06	0.067701
8.84e-06	5.44e-06	-0.0670994
9.52e-06	5.44e-06	0.0631505
1.02e-05	5.44e-06	-0.0560573
1.088e-05	5.44e-06	0.0461998
1.156e-05	5.44e-06	-0.034114
1.224e-05	5.44e-06	0.0204618
1.292e-05	5.44e-06	-0.00599362

-1.292e-05	4.76e-06	0.0222143
-1.224e-05	4.76e-06	-0.0344205
-1.156e-05	4.76e-06	0.0444671
-1.088e-05	4.76e-06	-0.0518393
-1.02e-05	4.76e-06	0.0561822
-9.52e-06	4.76e-06	-0.0573193
-8.84e-06	4.76e-06	0.0552598
-8.16e-06	4.76e-06	-0.0501956
-7.48e-06	4.76e-06	0.0424893
-6.8e-06	4.76e-06	-0.0326521
-6.12e-06	4.76e-06	0.021313
-5.44e-06	4.76e-06	-0.00918186
-4.76e-06	4.76e-06	-0.00299509
-4.08e-06	4.76e-06	0.0144829
-3.4e-06	4.76e-06	-0.0246094
-2.72e-06	4.76e-06	0.0328174
-2.04e-06	4.76e-06	-0.0387103
-1.36e-06	4.76e-06	0.0420652
-6.8e-07	4.76e-06	-0.0427599
0	4.76e-06	0.0407528
6.8e-07	4.76e-06	-0.0360925
1.36e-06	4.76e-06	0.0289312
2.04e-06	4.76e-06	-0.0195393
2.72e-06	4.76e-06	0.00833864
3.4e-06	4.76e-06	0.00410464
4.08e-06	4.76e-06	-0.0171181
4.76e-06	4.76e-06	0.0299727
5.44e-06	4.76e-06	-0.0419334
6.12e-06	4.76e-06	0.0523073
6.8e-06	4.76e-06	-0.0604864
7.48e-06	4.76e-06	0.0659838
8.16e-06	4.76e-06	-0.0684626
8.84e-06	4.76e-06	0.0677549
9.52e-06	4.76e-06	-0.0638712
1.02e-05	4.76e-06	0.0569997
1.088e-05	4.76e-06	-0.0474961
1.156e-05	4.76e-06	0.0358642
1.224e-05	4.76e-06	-0.0227284
1.292e-05	4.76e-06	0.00879879

-1.292e-05	4.08e-06	-0.0184296
-1.224e-05	4.08e-06	0.0302757
-1.156e-05	4.08e-06	-0.0401001
-1.088e-05	4.08e-06	0.047422
-1.02e-05	4.08e-06	-0.0519142
-9.52e-06	4.08e-06	0.053418
-8.84e-06	4.08e-06	-0.0519478
-8.16e-06	4.08e-06	0.047688
-7.48e-06	4.08e-06	-0.0409811
-6.8e-06	4.08e-06	0.0323077
-6.12e-06	4.08e-06	-0.0222592
-5.44e-06	4.08e-06	0.0115025
-4.76e-06	4.08e-06	-0.000740408
-4.08e-06	4.08e-06	-0.00933384
-3.4e-06	4.08e-06	0.0180883
-2.72e-06	4.08e-06	-0.0250142
-2.04e-06	4.08e-06	0.029805
-1.36e-06	4.08e-06	-0.0324221
-6.8e-07	4.08e-06	0.0328306
0	4.08e-06	-0.0309954
6.8e-07	4.08e-06	0.0269194
1.36e-06	4.08e-06	-0.0206713
2.04e-06	4.08e-06	0.0123873
2.72e-06	4.08e-06	-0.00239178
3.4e-06	4.08e-06	-0.00881025
4.08e-06	4.08e-06	0.0205935
4.76e-06	4.08e-06	-0.0322736
5.44e-06	4.08e-06	0.0431602
6.12e-06	4.08e-06	-0.0526031
6.8e-06	4.08e-06	0.0600326
7.48e-06	4.08e-06	-0.0649928
8.16e-06	4.08e-06	0.0671675
8.84e-06	4.08e-06	-0.0663973
9.52e-06	4.08e-06	0.0626879
1.02e-05	4.08e-06	-0.0562088
1.088e-05	4.08e-06	0.0472832
1.156e-05	4.08e-06	-0.0363715
1.224e-05	4.08e-06	0.024048
1.292e-05	4.08e-06	-0.0109702

-1.292e-05	3.4e-06	0.014646
-1.224e-05	3.4e-06	-0.0258339
-1.156e-05	3.4e-06	0.0351645
-1.088e-05	3.4e-06	-0.0422024
-1.02e-05	3.4e-06	0.0466588
-9.52e-06	3.4e-06	-0.0483996
-8.84e-06	3.4e-06	0.047447
-8.16e-06	3.4e-06	-0.0439753
-7.48e-06	3.4e-06	0.0383006
-6.8e-06	3.4e-06	-0.0308643
-6.12e-06	3.4e-06	0.0222087
-5.44e-06	3.4e-06	-0.0129475
-4.76e-06	3.4e-06	0.00373139
-4.08e-06	3.4e-06	0.00478976
-3.4e-06	3.4e-06	-0.0120103
-2.72e-06	3.4e-06	0.0174305
-2.04e-06	3.4e-06	-0.0207907
-1.36e-06	3.4e-06	0.0225044
-6.8e-07	3.4e-06	-0.0226309
0	3.4e-06	0.0211049
6.8e-07	3.4e-06	-0.0178569
1.36e-06	3.4e-06	0.0128642
2.04e-06	3.4e-06	-0.005998
2.72e-06	3.4e-06	-0.00253172
3.4e-06	3.4e-06	0.0122599
4.08e-06	3.4e-06	-0.022595
4.76e-06	3.4e-06	0.0328965
5.44e-06	3.4e-06	-0.0425251
6.12e-06	3.4e-06	0.0508835
6.8e-06	3.4e-06	-0.0574505
7.48e-06	3.4e-06	0.0618099
8.16e-06	3.4e-06	-0.0636731
8.84e-06	3.4e-06	0.0628937
9.52e-06	3.4e-06	-0.0594734
1.02e-05	3.4e-06	0.0535596
1.088e-05	3.4e-06	-0.0454353
1.156e-05	3.4e-06	0.035505
1.224e-05	3.4e-06	-0.0242802
1.292e-05	3.4e-06	0.0123547

-1.292e-05	2.72e-06	-0.0110379
-1.224e-05	2.72e-06	0.021271
-1.156e-05	2.72e-06	-0.0298285
-1.088e-05	2.72e-06	0.0363322
-1.02e-05	2.72e-06	-0.0405454
-9.52e-06	2.72e-06	0.042368
-8.84e-06	2.72e-06	-0.0418317
-8.16e-06	2.72e-06	0.0390975
-7.48e-06	2.72e-06	-0.0344484
-6.8e-06	2.72e-06	0.0282764
-6.12e-06	2.72e-06	-0.021063
-5.44e-06	2.72e-06	0.0133559
-4.76e-06	2.72e-06	-0.00574162
-4.08e-06	2.72e-06	-0.00117945
-3.4e-06	2.72e-06	0.00681287
-2.72e-06	2.72e-06	-0.0105717
-2.04e-06	2.72e-06	0.0118308
-1.36e-06	2.72e-06	-0.0124502
-6.8e-07	2.72e-06	0.0123503
0	2.72e-06	-0.0113203
6.8e-07	2.72e-06	0.0091713
1.36e-06	2.72e-06	-0.00594545
2.04e-06	2.72e-06	0.000812882
2.72e-06	2.72e-06	0.0060629
3.4e-06	2.72e-06	-0.0141635
4.08e-06	2.72e-06	0.0228997
4.76e-06	2.72e-06	-0.0316728
5.44e-06	2.72e-06	0.0399034
6.12e-06	2.72e-06	-0.0470584
6.8e-06	2.72e-06	0.052676
7.48e-06	2.72e-06	-0.0563893
8.16e-06	2.72e-06	0.0579448
8.84e-06	2.72e-06	-0.0572142
9.52e-06	2.72e-06	0.0541976
1.02e-05	2.72e-06	-0.0490191
1.088e-05	2.72e-06	0.0419135
1.156e-05	2.72e-06	-0.0332138
1.224e-05	2.72e-06	0.0233536
1.292e-05	2.72e-06	-0.0128539

-1.292e-05	2.04e-06	0.00775757
-1.224e-05	2.04e-06	-0.0167546
-1.156e-05	2.04e-06	0.0242618
-1.088e-05	2.04e-06	-0.0299699
-1.02e-05	2.04e-06	0.0337176
-9.52e-06	2.04e-06	-0.0354503
-8.84e-06	2.04e-06	0.0352105
-8.16e-06	2.04e-06	-0.0331403
-7.48e-06	2.04e-06	0.0294809
-6.8e-06	2.04e-06	-0.0245641
-6.12e-06	2.04e-06	0.0187981
-5.44e-06	2.04e-06	-0.0126485
-4.76e-06	2.04e-06	0.00661891
-4.08e-06	2.04e-06	-0.00123354
-3.4e-06	2.04e-06	-0.00296821
-2.72e-06	2.04e-06	0.00540311
-2.04e-06	2.04e-06	-0.00260459
-1.36e-06	2.04e-06	0.00216198
-6.8e-07	2.04e-06	-0.00205387
0	2.04e-06	0.00178763
6.8e-07	2.04e-06	-0.000860203
1.36e-06	2.04e-06	0.000478067
2.04e-06	2.04e-06	0.00269129
2.72e-06	2.04e-06	-0.00790489
3.4e-06	2.04e-06	0.0143469
4.08e-06	2.04e-06	-0.0214138
4.76e-06	2.04e-06	0.0285657
5.44e-06	2.04e-06	-0.0353014
6.12e-06	2.04e-06	0.0411667
6.8e-06	2.04e-06	-0.0457714
7.48e-06	2.04e-06	0.0488079
8.16e-06	2.04e-06	-0.0500651
8.84e-06	2.04e-06	0.0494387
9.52e-06	2.04e-06	-0.046933
1.02e-05	2.04e-06	0.0426517
1.088e-05	2.04e-06	-0.0367757
1.156e-05	2.04e-06	0.0295394
1.224e-05	2.04e-06	-0.0212779
1.292e-05	2.04e-06	0.0124331

-1.292e-05	1.36e-06	-0.00493333
-1.224e-05	1.36e-06	0.0124449
-1.156e-05	1.36e-06	-0.0186362
-1.088e-05	1.36e-06	0.0232728
-1.02e-05	1.36e-06	-0.0263224
-9.52e-06	1.36e-06	0.0277902
-8.84e-06	1.36e-06	-0.027723
-8.16e-06	1.36e-06	0.0262343
-7.48e-06	1.36e-06	-0.023513
-6.8e-06	1.36e-06	0.0198199
-6.12e-06	1.36e-06	-0.0154769
-5.44e-06	1.36e-06	0.0108524
-4.76e-06	1.36e-06	-0.00634508
-4.08e-06	1.36e-06	0.00236845
-3.4e-06	1.36e-06	0.000663083
-2.72e-06	1.36e-06	-0.00234674
-2.04e-06	1.36e-06	0.000720957
-1.36e-06	1.36e-06	-0.000408633
-6.8e-07	1.36e-06	0.000341514
0	1.36e-06	-0.000249813
6.8e-07	1.36e-06	-0.000113807
1.36e-06	1.36e-06	0.00130482
2.04e-06	1.36e-06	-0.00394509
2.72e-06	1.36e-06	0.00791306
3.4e-06	1.36e-06	-0.0128066
4.08e-06	1.36e-06	0.0182028
4.76e-06	1.36e-06	-0.0236872
5.44e-06	1.36e-06	0.0288663
6.12e-06	1.36e-06	-0.0333826
6.8e-06	1.36e-06	0.0369298
7.48e-06	1.36e-06	-0.0392677
8.16e-06	1.36e-06	0.0402345
8.84e-06	1.36e-06	-0.0397563
9.52e-06	1.36e-06	0.0378496
1.02e-05	1.36e-06	-0.0346123
1.088e-05	1.36e-06	0.0301817
1.156e-05	1.36e-06	-0.0246279
1.224e-05	1.36e-06	0.0181558
1.292e-05	1.36e-06	-0.0111299

-1.292e-05	6.8e-07	0.00267154
-1.224e-05	6.8e-07	-0.00850247
-1.156e-05	6.8e-07	0.013138
-1.088e-05	6.8e-07	-0.0163802
-1.02e-05	6.8e-07	0.018493
-9.52e-06	6.8e-07	-0.0195366
-8.84e-06	6.8e-07	0.0195339
-8.16e-06	6.8e-07	-0.0185517
-7.48e-06	6.8e-07	0.0167161
-6.8e-06	6.8e-07	-0.0142077
-6.12e-06	6.8e-07	0.011252
-5.44e-06	6.8e-07	-0.0081079
-4.76e-06	6.8e-07	0.00505464
-4.08e-06	6.8e-07	-0.00237686
-3.4e-06	6.8e-07	0.000344952
-2.72e-06	6.8e-07	0.000819114
-2.04e-06	6.8e-07	-0.000218233
-1.36e-06	6.8e-07	8.64857e-05
-6.8e-07	6.8e-07	-5.47867e-05
0	6.8e-07	8.76764e-06
6.8e-07	6.8e-07	0.000217118
1.36e-06	6.8e-07	-0.00145818
2.04e-06	6.8e-07	0.00356907
2.72e-06	6.8e-07	-0.00638965
3.4e-06	6.8e-07	0.00978278
4.08e-06	6.8e-07	-0.0135097
4.76e-06	6.8e-07	0.0172997
5.44e-06	6.8e-07	-0.0208832
6.12e-06	6.8e-07	0.0240111
6.8e-06	6.8e-07	-0.0264693
7.48e-06	6.8e-07	0.0280911
8.16e-06	6.8e-07	-0.0287676
8.84e-06	6.8e-07	0.0284576
9.52e-06	6.8e-07	-0.0271979
1.02e-05	6.8e-07	0.0251155
1.088e-05	6.8e-07	-0.0223995
1.156e-05	6.8e-07	0.0187485
1.224e-05	6.8e-07	-0.0141972
1.292e-05	6.8e-07	0.00906283

-1.292e-05	0	-0.00106109
-1.224e-05	0	0.00510419
-1.156e-05	0	-0.00802708
-1.088e-05	0	0.00936245
-1.02e-05	0	-0.0103165
-9.52e-06	0	0.0108333
-8.84e-06	0	-0.0108282
-8.16e-06	0	0.0103018
-7.48e-06	0	-0.00931187
-6.8e-06	0	0.00795467
-6.12e-06	0	-0.00635372
-5.44e-06	0	0.00465162
-4.76e-06	0	-0.00300159
-4.08e-06	0	0.00155737
-3.4e-06	0	-0.000458725
-2.72e-06	0	-0.000193521
-2.04e-06	0	5.744e-05
-1.36e-06	0	-1.90938e-05
-6.8e-07	0	7.13955e-06
0	0	1.64425e-05
6.8e-07	0	-0.000141857
1.36e-06	0	0.000914708
2.04e-06	0	-0.00221
2.72e-06	0	0.00380432
3.4e-06	0	-0.00567597
4.08e-06	0	0.00771875
4.76e-06	0	-0.00979387
5.44e-06	0	0.0117564
6.12e-06	0	-0.0134702
6.8e-06	0	0.0148179
7.48e-06	0	-0.0157084
8.16e-06	0	0.0160842
8.84e-06	0	-0.0159291
9.52e-06	0	0.0152858
1.02e-05	0	-0.014329
1.088e-05	0	0.0138368
1.156e-05	0	-0.0123333
1.224e-05	0	0.00973455
1.292e-05	0	-0.00645322

-1.292e-05	-6.8e-07	0.000164268
-1.224e-05	-6.8e-07	-0.0024352
-1.156e-05	-6.8e-07	0.00388888
-1.088e-05	-6.8e-07	-0.00200901
-1.02e-05	-6.8e-07	0.00178718
-9.52e-06	-6.8e-07	-0.00182214
-8.84e-06	-6.8e-07	0.00181447
-8.16e-06	-6.8e-07	-0.00172627
-7.48e-06	-6.8e-07	0.00156176
-6.8e-06	-6.8e-07	-0.00133616
-6.12e-06	-6.8e-07	0.00106997
-5.44e-06	-6.8e-07	-0.000787013
-4.76e-06	-6.8e-07	0.000512848
-4.08e-06	-6.8e-07	-0.000273049
-3.4e-06	-6.8e-07	9.09622e-05
-2.72e-06	-6.8e-07	1.37427e-05
-2.04e-06	-6.8e-07	-9.38659e-06
-1.36e-06	-6.8e-07	3.64176e-06
-6.8e-07	-6.8e-07	-4.09799e-07
0	-6.8e-07	-7.27469e-06
6.8e-07	-6.8e-07	4.05459e-05
1.36e-06	-6.8e-07	-0.000169229
2.04e-06	-6.8e-07	0.000382661
2.72e-06	-6.8e-07	-0.000650315
3.4e-06	-6.8e-07	0.000963328
4.08e-06	-6.8e-07	-0.00130431
4.76e-06	-6.8e-07	0.00165053
5.44e-06	-6.8e-07	-0.00197797
6.12e-06	-6.8e-07	0.00226395
6.8e-06	-6.8e-07	-0.00248886
7.48e-06	-6.8e-07	0.00263748
8.16e-06	-6.8e-07	-0.00269974
8.84e-06	-6.8e-07	0.00266881
9.52e-06	-6.8e-07	-0.00251663
1.02e-05	-6.8e-07	0.0019803
1.088e-05	-6.8e-07	-0.00522581
1.156e-05	-6.8e-07	0.00606882
1.224e-05	-6.8e-07	-0.00520891
1.292e-05	-6.8e-07	0.00372004

-1.292e-05	-1.36e-06	5.05572e-05
-1.224e-05	-1.36e-06	0.000396945
-1.156e-05	-1.36e-06	-0.000618773
-1.088e-05	-1.36e-06	0.000392904
-1.02e-05	-1.36e-06	-0.000332891
-9.52e-06	-1.36e-06	0.000328867
-8.84e-06	-1.36e-06	-0.000325114
-8.16e-06	-1.36e-06	0.000309032
-7.48e-06	-1.36e-06	-0.000279788
-6.8e-06	-1.36e-06	0.000239749
-6.12e-06	-1.36e-06	-0.000192509
-5.44e-06	-1.36e-06	0.000142302
-4.76e-06	-1.36e-06	-9.36794e-05
-4.08e-06	-1.36e-06	5.11867e-05
-3.4e-06	-1.36e-06	-1.89861e-05
-2.72e-06	-1.36e-06	5.96263e-07
-2.04e-06	-1.36e-06	1.22999e-06
-1.36e-06	-1.36e-06	-6.16986e-07
-6.8e-07	-1.36e-06	-1.86241e-07
0	-1.36e-06	2.36429e-06
6.8e-07	-1.36e-06	-1.01603e-05
1.36e-06	-1.36e-06	3.3254e-05
2.04e-06	-1.36e-06	-7.09481e-05
2.72e-06	-1.36e-06	0.000118834
3.4e-06	-1.36e-06	-0.00017473
4.08e-06	-1.36e-06	0.000235512
4.76e-06	-1.36e-06	-0.000297192
5.44e-06	-1.36e-06	0.000355523
6.12e-06	-1.36e-06	-0.000406472
6.8e-06	-1.36e-06	0.000446546
7.48e-06	-1.36e-06	-0.000473019
8.16e-06	-1.36e-06	0.000484043
8.84e-06	-1.36e-06	-0.000478456
9.52e-06	-1.36e-06	0.000455969
1.02e-05	-1.36e-06	-0.000442263
1.088e-05	-1.36e-06	0.000888833
1.156e-05	-1.36e-06	-0.00104247
1.224e-05	-1.36e-06	0.000913296
1.292e-05	-1.36e-06	-0.00064195

-1.292e-05	-2.04e-06	-2.70543e-05
-1.224e-05	-2.04e-06	-6.20109e-05
-1.156e-05	-2.04e-06	9.97744e-05
-1.088e-05	-2.04e-06	-7.35383e-05
-1.02e-05	-2.04e-06	6.18166e-05
-9.52e-06	-2.04e-06	-5.95419e-05
-8.84e-06	-2.04e-06	5.83334e-05
-8.16e-06	-2.04e-06	-5.53463e-05
-7.48e-06	-2.04e-06	5.01312e-05
-6.8e-06	-2.04e-06	-4.3022e-05
-6.12e-06	-2.04e-06	3.4638e-05
-5.44e-06	-2.04e-06	-2.57297e-05
-4.76e-06	-2.04e-06	1.71069e-05
-4.08e-06	-2.04e-06	-9.57688e-06
-3.4e-06	-2.04e-06	3.87586e-06
-2.72e-06	-2.04e-06	-5.91208e-07
-2.04e-06	-2.04e-06	-9.13319e-08
-1.36e-06	-2.04e-06	7.91908e-08
-6.8e-07	-2.04e-06	1.00745e-07
0	-2.04e-06	-6.37082e-07
6.8e-07	-2.04e-06	2.29957e-06
1.36e-06	-2.04e-06	-6.46841e-06
2.04e-06	-2.04e-06	1.31511e-05
2.72e-06	-2.04e-06	-2.17074e-05
3.4e-06	-2.04e-06	3.16873e-05
4.08e-06	-2.04e-06	-4.25236e-05
4.76e-06	-2.04e-06	5.35129e-05
5.44e-06	-2.04e-06	-6.39043e-05
6.12e-06	-2.04e-06	7.29815e-05
6.8e-06	-2.04e-06	-8.01221e-05
7.48e-06	-2.04e-06	8.48414e-05
8.16e-06	-2.04e-06	-8.683e-05
8.84e-06	-2.04e-06	8.6075e-05
9.52e-06	-2.04e-06	-8.38922e-05
1.02e-05	-2.04e-06	9.02896e-05
1.088e-05	-2.04e-06	-0.000153507
1.156e-05	-2.04e-06	0.000179557
1.224e-05	-2.04e-06	-0.000159636
1.292e-05	-2.04e-06	0.000112072

-1.292e-05	-2.72e-06	8.30414e-06
-1.224e-05	-2.72e-06	9.21697e-06
-1.156e-05	-2.72e-06	-1.61899e-05
-1.088e-05	-2.72e-06	1.34076e-05
-1.02e-05	-2.72e-06	-1.141e-05
-9.52e-06	-2.72e-06	1.07984e-05
-8.84e-06	-2.72e-06	-1.04803e-05
-8.16e-06	-2.72e-06	9.91757e-06
-7.48e-06	-2.72e-06	-8.98409e-06
-6.8e-06	-2.72e-06	7.72085e-06
-6.12e-06	-2.72e-06	-6.23274e-06
-5.44e-06	-2.72e-06	4.65217e-06
-4.76e-06	-2.72e-06	-3.12298e-06
-4.08e-06	-2.72e-06	1.78833e-06
-3.4e-06	-2.72e-06	-7.77299e-07
-2.72e-06	-2.72e-06	1.84839e-07
-2.04e-06	-2.72e-06	-1.26569e-08
-1.36e-06	-2.72e-06	-3.98183e-09
-6.8e-07	-2.72e-06	-3.38756e-08
0	-2.72e-06	1.55286e-07
6.8e-07	-2.72e-06	-4.92677e-07
1.36e-06	-2.72e-06	1.24783e-06
2.04e-06	-2.72e-06	-2.43625e-06
2.72e-06	-2.72e-06	3.96411e-06
3.4e-06	-2.72e-06	-5.74562e-06
4.08e-06	-2.72e-06	7.67767e-06
4.76e-06	-2.72e-06	-9.63578e-06
5.44e-06	-2.72e-06	1.14871e-05
6.12e-06	-2.72e-06	-1.31043e-05
6.8e-06	-2.72e-06	1.4377e-05
7.48e-06	-2.72e-06	-1.52203e-05
8.16e-06	-2.72e-06	1.55897e-05
8.84e-06	-2.72e-06	-1.55397e-05
9.52e-06	-2.72e-06	1.55275e-05
1.02e-05	-2.72e-06	-1.76034e-05
1.088e-05	-2.72e-06	2.67839e-05
1.156e-05	-2.72e-06	-3.10247e-05
1.224e-05	-2.72e-06	2.78708e-05
1.292e-05	-2.72e-06	-1.9707e-05

-1.292e-05	-3.4e-06	-2.10706e-06
-1.224e-05	-3.4e-06	-1.28181e-06
-1.156e-05	-3.4e-06	2.62856e-06
-1.088e-05	-3.4e-06	-2.40242e-06
-1.02e-05	-3.4e-06	2.0916e-06
-9.52e-06	-3.4e-06	-1.95924e-06
-8.84e-06	-3.4e-06	1.885e-06
-8.16e-06	-3.4e-06	-1.77817e-06
-7.48e-06	-3.4e-06	1.61045e-06
-6.8e-06	-3.4e-06	-1.38577e-06
-6.12e-06	-3.4e-06	1.12159e-06
-5.44e-06	-3.4e-06	-8.41145e-07
-4.76e-06	-3.4e-06	5.69944e-07
-4.08e-06	-3.4e-06	-3.33307e-07
-3.4e-06	-3.4e-06	1.53695e-07
-2.72e-06	-3.4e-06	-4.62631e-08
-2.04e-06	-3.4e-06	8.21838e-09
-1.36e-06	-3.4e-06	-1.90841e-09
-6.8e-07	-3.4e-06	9.55674e-09
0	-3.4e-06	-3.55704e-08
6.8e-07	-3.4e-06	1.02038e-07
1.36e-06	-3.4e-06	-2.39087e-07
2.04e-06	-3.4e-06	4.50942e-07
2.72e-06	-3.4e-06	-7.23699e-07
3.4e-06	-3.4e-06	1.04166e-06
4.08e-06	-3.4e-06	-1.38616e-06
4.76e-06	-3.4e-06	1.73509e-06
5.44e-06	-3.4e-06	-2.06492e-06
6.12e-06	-3.4e-06	2.35309e-06
6.8e-06	-3.4e-06	-2.58003e-06
7.48e-06	-3.4e-06	2.73132e-06
8.16e-06	-3.4e-06	-2.80205e-06
8.84e-06	-3.4e-06	2.81371e-06
9.52e-06	-3.4e-06	-2.8767e-06
1.02e-05	-3.4e-06	3.34205e-06
1.088e-05	-3.4e-06	-4.70493e-06
1.156e-05	-3.4e-06	5.37788e-06
1.224e-05	-3.4e-06	-4.86623e-06
1.292e-05	-3.4e-06	3.48066e-06

-1.292e-05	-4.08e-06	4.8449e-07
-1.224e-05	-4.08e-06	1.60364e-07
-1.156e-05	-4.08e-06	-4.25011e-07
-1.088e-05	-4.08e-06	4.25082e-07
-1.02e-05	-4.08e-06	-3.80815e-07
-9.52e-06	-4.08e-06	3.55287e-07
-8.84e-06	-4.08e-06	-3.39319e-07
-8.16e-06	-4.08e-06	3.19004e-07
-7.48e-06	-4.08e-06	-2.88766e-07
-6.8e-06	-4.08e-06	2.48757e-07
-6.12e-06	-4.08e-06	-2.01845e-07
-5.44e-06	-4.08e-06	1.52083e-07
-4.76e-06	-4.08e-06	-1.03981e-07
-4.08e-06	-4.08e-06	6.20067e-08
-3.4e-06	-4.08e-06	-3.00469e-08
-2.72e-06	-4.08e-06	1.05166e-08
-2.04e-06	-4.08e-06	-2.63837e-09
-1.36e-06	-4.08e-06	9.44462e-10
-6.8e-07	-4.08e-06	-2.44785e-09
0	-4.08e-06	7.81346e-09
6.8e-07	-4.08e-06	-2.06559e-08
1.36e-06	-4.08e-06	4.5551e-08
2.04e-06	-4.08e-06	-8.33898e-08
2.72e-06	-4.08e-06	1.32083e-07
3.4e-06	-4.08e-06	-1.88827e-07
4.08e-06	-4.08e-06	2.50255e-07
4.76e-06	-4.08e-06	-3.12437e-07
5.44e-06	-4.08e-06	3.71206e-07
6.12e-06	-4.08e-06	-4.22562e-07
6.8e-06	-4.08e-06	4.63068e-07
7.48e-06	-4.08e-06	-4.90339e-07
8.16e-06	-4.08e-06	5.04209e-07
8.84e-06	-4.08e-06	-5.10563e-07
9.52e-06	-4.08e-06	5.32151e-07
1.02e-05	-4.08e-06	-6.24104e-07
1.088e-05	-4.08e-06	8.30175e-07
1.156e-05	-4.08e-06	-9.3511e-07
1.224e-05	-4.08e-06	8.50304e-07
1.292e-05	-4.08e-06	-6.16415e-07

-1.292e-05	-4.76e-06	-1.04915e-07
-1.224e-05	-4.76e-06	-1.6086e-08
-1.156e-05	-4.76e-06	6.81591e-08
-1.088e-05	-4.76e-06	-7.4466e-08
-1.02e-05	-4.76e-06	6.88915e-08
-9.52e-06	-4.76e-06	-6.43472e-08
-8.84e-06	-4.76e-06	6.11112e-08
-8.16e-06	-4.76e-06	-5.72598e-08
-7.48e-06	-4.76e-06	5.17938e-08
-6.8e-06	-4.76e-06	-4.46612e-08
-6.12e-06	-4.76e-06	3.63276e-08
-5.44e-06	-4.76e-06	-2.74969e-08
-4.76e-06	-4.76e-06	1.8964e-08
-4.08e-06	-4.76e-06	-1.15151e-08
-3.4e-06	-4.76e-06	5.82033e-09
-2.72e-06	-4.76e-06	-2.26672e-09
-2.04e-06	-4.76e-06	6.95449e-10
-1.36e-06	-4.76e-06	-2.99027e-10
-6.8e-07	-4.76e-06	5.88939e-10
0	-4.76e-06	-1.66569e-09
6.8e-07	-4.76e-06	4.11368e-09
1.36e-06	-4.76e-06	-8.63723e-09
2.04e-06	-4.76e-06	1.54055e-08
2.72e-06	-4.76e-06	-2.40996e-08
3.4e-06	-4.76e-06	3.42256e-08
4.08e-06	-4.76e-06	-4.51791e-08
4.76e-06	-4.76e-06	5.62614e-08
5.44e-06	-4.76e-06	-6.67336e-08
6.12e-06	-4.76e-06	7.58885e-08
6.8e-06	-4.76e-06	-8.3127e-08
7.48e-06	-4.76e-06	8.80695e-08
8.16e-06	-4.76e-06	-9.0829e-08
8.84e-06	-4.76e-06	9.27743e-08
9.52e-06	-4.76e-06	-9.8191e-08
1.02e-05	-4.76e-06	1.15293e-07
1.088e-05	-4.76e-06	-1.46919e-07
1.156e-05	-4.76e-06	1.63068e-07
1.224e-05	-4.76e-06	-1.48757e-07
1.292e-05	-4.76e-06	1.09349e-07

-1.292e-05	-5.44e-06	2.18286e-08
-1.224e-05	-5.44e-06	6.17203e-10
-1.156e-05	-5.44e-06	-1.07986e-08
-1.088e-05	-5.44e-06	1.29339e-08
-1.02e-05	-5.44e-06	-1.23891e-08
-9.52e-06	-5.44e-06	1.16339e-08
-8.84e-06	-5.44e-06	-1.10081e-08
-8.16e-06	-5.44e-06	1.02826e-08
-7.48e-06	-5.44e-06	-9.29279e-09
-6.8e-06	-5.44e-06	8.01979e-09
-6.12e-06	-5.44e-06	-6.53876e-09
-5.44e-06	-5.44e-06	4.97141e-09
-4.76e-06	-5.44e-06	-3.45747e-09
-4.08e-06	-5.44e-06	2.13489e-09
-3.4e-06	-5.44e-06	-1.11899e-09
-2.72e-06	-5.44e-06	4.72443e-10
-2.04e-06	-5.44e-06	-1.66517e-10
-1.36e-06	-5.44e-06	8.03985e-11
-6.8e-07	-5.44e-06	-1.35547e-10
0	-5.44e-06	3.47254e-10
6.8e-07	-5.44e-06	-8.09294e-10
1.36e-06	-5.44e-06	1.63116e-09
2.04e-06	-5.44e-06	-2.8432e-09
2.72e-06	-5.44e-06	4.39585e-09
3.4e-06	-5.44e-06	-6.20283e-09
4.08e-06	-5.44e-06	8.15607e-09
4.76e-06	-5.44e-06	-1.01313e-08
5.44e-06	-5.44e-06	1.19976e-08
6.12e-06	-5.44e-06	-1.36303e-08
6.8e-06	-5.44e-06	1.49257e-08
7.48e-06	-5.44e-06	-1.58263e-08
8.16e-06	-5.44e-06	1.63783e-08
8.84e-06	-5.44e-06	-1.68711e-08
9.52e-06	-5.44e-06	1.80664e-08
1.02e-05	-5.44e-06	-2.1142e-08
1.088e-05	-5.44e-06	2.60535e-08
1.156e-05	-5.44e-06	-2.85112e-08
1.224e-05	-5.44e-06	2.60613e-08
1.292e-05	-5.44e-06	-1.94189e-08

-1.292e-05	-6.12e-06	-4.41503e-09
-1.224e-05	-6.12e-06	2.89691e-10
-1.156e-05	-6.12e-06	1.68265e-09
-1.088e-05	-6.12e-06	-2.22901e-09
-1.02e-05	-6.12e-06	2.21577e-09
-9.52e-06	-6.12e-06	-2.09908e-09
-8.84e-06	-6.12e-06	1.98268e-09
-8.16e-06	-6.12e-06	-1.84719e-09
-7.48e-06	-6.12e-06	1.66782e-09
-6.8e-06	-6.12e-06	-1.44038e-09
-6.12e-06	-6.12e-06	1.17705e-09
-5.44e-06	-6.12e-06	-8.9881e-10
-4.76e-06	-6.12e-06	6.30139e-10
-4.08e-06	-6.12e-06	-3.9519e-10
-3.4e-06	-6.12e-06	2.13796e-10
-2.72e-06	-6.12e-06	-9.6233e-11
-2.04e-06	-6.12e-06	3.76472e-11
-1.36e-06	-6.12e-06	-1.97897e-11
-6.8e-07	-6.12e-06	3.01769e-11
0	-6.12e-06	-7.11589e-11
6.8e-07	-6.12e-06	1.57712e-10
1.36e-06	-6.12e-06	-3.06984e-10
2.04e-06	-6.12e-06	5.24222e-10
2.72e-06	-6.12e-06	-8.0158e-10
3.4e-06	-6.12e-06	1.12404e-09
4.08e-06	-6.12e-06	-1.47236e-09
4.76e-06	-6.12e-06	1.82444e-09
5.44e-06	-6.12e-06	-2.15711e-09
6.12e-06	-6.12e-06	2.44839e-09
6.8e-06	-6.12e-06	-2.68061e-09
7.48e-06	-6.12e-06	2.84551e-09
8.16e-06	-6.12e-06	-2.95584e-09
8.84e-06	-6.12e-06	3.06894e-09
9.52e-06	-6.12e-06	-3.31482e-09
1.02e-05	-6.12e-06	3.85681e-09
1.088e-05	-6.12e-06	-4.62666e-09
1.156e-05	-6.12e-06	4.99682e-09
1.224e-05	-6.12e-06	-4.5727e-09
1.292e-05	-6.12e-06	3.45116e-09

-1.292e-05	-6.8e-06	8.74576e-10
-1.224e-05	-6.8e-06	-1.21972e-10
-1.156e-05	-6.8e-06	-2.56367e-10
-1.088e-05	-6.8e-06	3.81269e-10
-1.02e-05	-6.8e-06	-3.94266e-10
-9.52e-06	-6.8e-06	3.77878e-10
-8.84e-06	-6.8e-06	-3.56968e-10
-8.16e-06	-6.8e-06	3.31914e-10
-7.48e-06	-6.8e-06	-2.99415e-10
-6.8e-06	-6.8e-06	2.58748e-10
-6.12e-06	-6.8e-06	-2.11906e-10
-5.44e-06	-6.8e-06	1.62498e-10
-4.76e-06	-6.8e-06	-1.14806e-10
-4.08e-06	-6.8e-06	7.30479e-11
-3.4e-06	-6.8e-06	-4.06357e-11
-2.72e-06	-6.8e-06	1.92779e-11
-2.04e-06	-6.8e-06	-8.19208e-12
-1.36e-06	-6.8e-06	4.60451e-12
-6.8e-07	-6.8e-06	-6.54669e-12
0	-6.8e-06	1.43844e-11
6.8e-07	-6.8e-06	-3.05032e-11
1.36e-06	-6.8e-06	5.76015e-11
2.04e-06	-6.8e-06	-9.65639e-11
2.72e-06	-6.8e-06	1.46123e-10
3.4e-06	-6.8e-06	-2.0367e-10
4.08e-06	-6.8e-06	2.65788e-10
4.76e-06	-6.8e-06	-3.28552e-10
5.44e-06	-6.8e-06	3.8786e-10
6.12e-06	-6.8e-06	-4.39862e-10
6.8e-06	-6.8e-06	4.81562e-10
7.48e-06	-6.8e-06	-5.1188e-10
8.16e-06	-6.8e-06	5.33813e-10
8.84e-06	-6.8e-06	-5.58221e-10
9.52e-06	-6.8e-06	6.06629e-10
1.02e-05	-6.8e-06	-7.00925e-10
1.088e-05	-6.8e-06	8.22461e-10
1.156e-05	-6.8e-06	-8.77593e-10
1.224e-05	-6.8e-06	8.03544e-10
1.292e-05	-6.8e-06	-6.13699e-10

-1.292e-05	-7.48e-06	-1.70524e-10
-1.224e-05	-7.48e-06	3.40352e-11
-1.156e-05	-7.48e-06	3.78633e-11
-1.088e-05	-7.48e-06	-6.47264e-11
-1.02e-05	-7.48e-06	6.98167e-11
-9.52e-06	-7.48e-06	-6.78643e-11
-8.84e-06	-7.48e-06	6.42311e-11
-8.16e-06	-7.48e-06	-5.96476e-11
-7.48e-06	-7.48e-06	5.37657e-11
-6.8e-06	-7.48e-06	-4.64902e-11
-6.12e-06	-7.48e-06	3.81538e-11
-5.44e-06	-7.48e-06	-2.9378e-11
-4.76e-06	-7.48e-06	2.09096e-11
-4.08e-06	-7.48e-06	-1.34843e-11
-3.4e-06	-7.48e-06	7.68961e-12
-2.72e-06	-7.48e-06	-3.81336e-12
-2.04e-06	-7.48e-06	1.73458e-12
-1.36e-06	-7.48e-06	-1.02998e-12
-6.8e-07	-7.48e-06	1.39109e-12
0	-7.48e-06	-2.87587e-12
6.8e-07	-7.48e-06	5.86333e-12
1.36e-06	-7.48e-06	-1.07801e-11
2.04e-06	-7.48e-06	1.77714e-11
2.72e-06	-7.48e-06	-2.66294e-11
3.4e-06	-7.48e-06	3.69e-11
4.08e-06	-7.48e-06	-4.79787e-11
4.76e-06	-7.48e-06	5.91684e-11
5.44e-06	-7.48e-06	-6.97445e-11
6.12e-06	-7.48e-06	7.90341e-11
6.8e-06	-7.48e-06	-8.65362e-11
7.48e-06	-7.48e-06	9.21277e-11
8.16e-06	-7.48e-06	-9.64555e-11
8.84e-06	-7.48e-06	1.01506e-10
9.52e-06	-7.48e-06	-1.10759e-10
1.02e-05	-7.48e-06	1.27028e-10
1.088e-05	-7.48e-06	-1.4632e-10
1.156e-05	-7.48e-06	1.54424e-10
1.224e-05	-7.48e-06	-1.41414e-10
1.292e-05	-7.48e-06	1.09183e-10

-1.292e-05	-8.16e-06	3.28413e-11
-1.224e-05	-8.16e-06	-8.20549e-12
-1.156e-05	-8.16e-06	-5.34297e-12
-1.088e-05	-8.16e-06	1.09027e-11
-1.02e-05	-8.16e-06	-1.23065e-11
-9.52e-06	-8.16e-06	1.21581e-11
-8.84e-06	-8.16e-06	-1.15484e-11
-8.16e-06	-8.16e-06	1.07191e-11
-7.48e-06	-8.16e-06	-9.65664e-12
-6.8e-06	-8.16e-06	8.35461e-12
-6.12e-06	-8.16e-06	-6.87041e-12
-5.44e-06	-8.16e-06	5.31115e-12
-4.76e-06	-8.16e-06	-3.807e-12
-4.08e-06	-8.16e-06	2.48609e-12
-3.4e-06	-8.16e-06	-1.44965e-12
-2.72e-06	-8.16e-06	7.46901e-13
-2.04e-06	-8.16e-06	-3.59893e-13
-1.36e-06	-8.16e-06	2.23708e-13
-6.8e-07	-8.16e-06	-2.90717e-13
0	-8.16e-06	5.69659e-13
6.8e-07	-8.16e-06	-1.12137e-12
1.36e-06	-8.16e-06	2.0128e-12
2.04e-06	-8.16e-06	-3.26792e-12
2.72e-06	-8.16e-06	4.85133e-12
3.4e-06	-8.16e-06	-6.68479e-12
4.08e-06	-8.16e-06	8.66064e-12
4.76e-06	-8.16e-06	-1.0656e-11
5.44e-06	-8.16e-06	1.25423e-11
6.12e-06	-8.16e-06	-1.42033e-11
6.8e-06	-8.16e-06	1.5555e-11
7.48e-06	-8.16e-06	-1.65887e-11
8.16e-06	-8.16e-06	1.74354e-11
8.84e-06	-8.16e-06	-1.84491e-11
9.52e-06	-8.16e-06	2.01814e-11
1.02e-05	-8.16e-06	-2.29722e-11
1.088e-05	-8.16e-06	2.6047e-11
1.156e-05	-8.16e-06	-2.72187e-11
1.224e-05	-8.16e-06	2.49223e-11
1.292e-05	-8.16e-06	-1.94332e-11

-1.292e-05	-8.84e-06	-6.26323e-12
-1.224e-05	-8.84e-06	1.8335e-12
-1.156e-05	-8.84e-06	7.00621e-13
-1.088e-05	-8.84e-06	-1.82119e-12
-1.02e-05	-8.84e-06	2.15966e-12
-9.52e-06	-8.84e-06	-2.17276e-12
-8.84e-06	-8.84e-06	2.0744e-12
-8.16e-06	-8.84e-06	-1.92606e-12
-7.48e-06	-8.84e-06	1.7347e-12
-6.8e-06	-8.84e-06	-1.5016e-12
-6.12e-06	-8.84e-06	1.23732e-12
-5.44e-06	-8.84e-06	-9.60099e-13
-4.76e-06	-8.84e-06	6.92944e-13
-4.08e-06	-8.84e-06	-4.57805e-13
-3.4e-06	-8.84e-06	2.72363e-13
-2.72e-06	-8.84e-06	-1.45172e-13
-2.04e-06	-8.84e-06	7.33929e-14
-1.36e-06	-8.84e-06	-4.75867e-14
-6.8e-07	-8.84e-06	5.97889e-14
0	-8.84e-06	-1.12063e-13
6.8e-07	-8.84e-06	2.13457e-13
1.36e-06	-8.84e-06	-3.75137e-13
2.04e-06	-8.84e-06	6.00353e-13
2.72e-06	-8.84e-06	-8.83662e-13
3.4e-06	-8.84e-06	1.21082e-12
4.08e-06	-8.84e-06	-1.56338e-12
4.76e-06	-8.84e-06	1.91902e-12
5.44e-06	-8.84e-06	-2.25584e-12
6.12e-06	-8.84e-06	2.55281e-12
6.8e-06	-8.84e-06	-2.797e-12
7.48e-06	-8.84e-06	2.98814e-12
8.16e-06	-8.84e-06	-3.15247e-12
8.84e-06	-8.84e-06	3.35131e-12
9.52e-06	-8.84e-06	-3.67066e-12
1.02e-05	-8.84e-06	4.1476e-12
1.088e-05	-8.84e-06	-4.63911e-12
1.156e-05	-8.84e-06	4.8048e-12
1.224e-05	-8.84e-06	-4.39807e-12
1.292e-05	-8.84e-06	3.46036e-12

-1.292e-05	-9.52e-06	1.18508e-12
-1.224e-05	-9.52e-06	-3.9098e-13
-1.156e-05	-9.52e-06	-7.99128e-14
-1.088e-05	-9.52e-06	3.01478e-13
-1.02e-05	-9.52e-06	-3.77286e-13
-9.52e-06	-9.52e-06	3.87444e-13
-8.84e-06	-9.52e-06	-3.7217e-13
-8.16e-06	-9.52e-06	3.4608e-13
-7.48e-06	-9.52e-06	-3.11498e-13
-6.8e-06	-9.52e-06	2.70043e-13
-6.12e-06	-9.52e-06	-2.22742e-13
-5.44e-06	-9.52e-06	1.73661e-13
-4.76e-06	-9.52e-06	-1.25973e-13
-4.08e-06	-9.52e-06	8.42329e-14
-3.4e-06	-9.52e-06	-5.10018e-14
-2.72e-06	-9.52e-06	2.79154e-14
-2.04e-06	-9.52e-06	-1.4928e-14
-1.36e-06	-9.52e-06	9.81912e-15
-6.8e-07	-9.52e-06	-1.23047e-14
0	-9.52e-06	2.17377e-14
6.8e-07	-9.52e-06	-4.0554e-14
1.36e-06	-9.52e-06	6.97213e-14
2.04e-06	-9.52e-06	-1.10275e-13
2.72e-06	-9.52e-06	1.6084e-13
3.4e-06	-9.52e-06	-2.19378e-13
4.08e-06	-9.52e-06	2.82137e-13
4.76e-06	-9.52e-06	-3.45749e-13
5.44e-06	-9.52e-06	4.05632e-13
6.12e-06	-9.52e-06	-4.59004e-13
6.8e-06	-9.52e-06	5.03004e-13
7.48e-06	-9.52e-06	-5.38525e-13
8.16e-06	-9.52e-06	5.70073e-13
8.84e-06	-9.52e-06	-6.08408e-13
9.52e-06	-9.52e-06	6.66604e-13
1.02e-05	-9.52e-06	-7.47816e-13
1.088e-05	-9.52e-06	8.26667e-13
1.156e-05	-9.52e-06	-8.49278e-13
1.224e-05	-9.52e-06	7.77128e-13
1.292e-05	-9.52e-06	-6.16364e-13

-1.292e-05	-1.02e-05	-2.22738e-13
-1.224e-05	-1.02e-05	8.07937e-14
-1.156e-05	-1.02e-05	6.271e-15
-1.088e-05	-1.02e-05	-4.93578e-14
-1.02e-05	-1.02e-05	6.56465e-14
-9.52e-06	-1.02e-05	-6.88355e-14
-8.84e-06	-1.02e-05	6.67464e-14
-8.16e-06	-1.02e-05	-6.21022e-14
-7.48e-06	-1.02e-05	5.60245e-14
-6.8e-06	-1.02e-05	-4.84851e-14
-6.12e-06	-1.02e-05	4.01972e-14
-5.44e-06	-1.02e-05	-3.13036e-14
-4.76e-06	-1.02e-05	2.29704e-14
-4.08e-06	-1.02e-05	-1.54116e-14
-3.4e-06	-1.02e-05	9.56972e-15
-2.72e-06	-1.02e-05	-5.35906e-15
-2.04e-06	-1.02e-05	2.92298e-15
-1.36e-06	-1.02e-05	-2.06768e-15
-6.8e-07	-1.02e-05	2.38474e-15
0	-1.02e-05	-4.33584e-15
6.8e-07	-1.02e-05	7.55578e-15
1.36e-06	-1.02e-05	-1.3037e-14
2.04e-06	-1.02e-05	2.01997e-14
2.72e-06	-1.02e-05	-2.93622e-14
3.4e-06	-1.02e-05	3.96943e-14
4.08e-06	-1.02e-05	-5.10084e-14
4.76e-06	-1.02e-05	6.21987e-14
5.44e-06	-1.02e-05	-7.30503e-14
6.12e-06	-1.02e-05	8.24653e-14
6.8e-06	-1.02e-05	-9.05176e-14
7.48e-06	-1.02e-05	9.69798e-14
8.16e-06	-1.02e-05	-1.03124e-13
8.84e-06	-1.02e-05	1.10362e-13
9.52e-06	-1.02e-05	-1.20883e-13
1.02e-05	-1.02e-05	1.34714e-13
1.088e-05	-1.02e-05	-1.47341e-13
1.156e-05	-1.02e-05	1.50313e-13
1.224e-05	-1.02e-05	-1.37433e-13
1.292e-05	-1.02e-05	1.09869e-13

-1.292e-05	-1.088e-05	4.17032e-14
-1.224e-05	-1.088e-05	-1.62512e-14
-1.156e-05	-1.088e-05	3.75277e-16
-1.088e-05	-1.088e-05	8.04316e-15
-1.02e-05	-1.088e-05	-1.13118e-14
-9.52e-06	-1.088e-05	1.22739e-14
-8.84e-06	-1.088e-05	-1.19107e-14
-8.16e-06	-1.088e-05	1.1191e-14
-7.48e-06	-1.088e-05	-1.00515e-14
-6.8e-06	-1.088e-05	8.69741e-15
-6.12e-06	-1.088e-05	-7.21835e-15
-5.44e-06	-1.088e-05	5.68242e-15
-4.76e-06	-1.088e-05	-4.17524e-15
-4.08e-06	-1.088e-05	2.82552e-15
-3.4e-06	-1.088e-05	-1.81784e-15
-2.72e-06	-1.088e-05	1.03868e-15
-2.04e-06	-1.088e-05	-5.93245e-16
-1.36e-06	-1.088e-05	4.17668e-16
-6.8e-07	-1.088e-05	-4.60989e-16
0	-1.088e-05	8.35749e-16
6.8e-07	-1.088e-05	-1.49621e-15
1.36e-06	-1.088e-05	2.31597e-15
2.04e-06	-1.088e-05	-3.81833e-15
2.72e-06	-1.088e-05	5.29961e-15
3.4e-06	-1.088e-05	-7.25001e-15
4.08e-06	-1.088e-05	9.17102e-15
4.76e-06	-1.088e-05	-1.12813e-14
5.44e-06	-1.088e-05	1.30659e-14
6.12e-06	-1.088e-05	-1.48722e-14
6.8e-06	-1.088e-05	1.62202e-14
7.48e-06	-1.088e-05	-1.75495e-14
8.16e-06	-1.088e-05	1.86021e-14
8.84e-06	-1.088e-05	-2.00604e-14
9.52e-06	-1.088e-05	2.19059e-14
1.02e-05	-1.088e-05	-2.42747e-14
1.088e-05	-1.088e-05	2.62616e-14
1.156e-05	-1.088e-05	-2.65988e-14
1.224e-05	-1.088e-05	2.43731e-14
1.292e-05	-1.088e-05	-1.9584e-14

-1.292e-05	-1.156e-05	-7.6736e-15
-1.224e-05	-1.156e-05	3.2724e-15
-1.156e-05	-1.156e-05	-2.34911e-16
-1.088e-05	-1.156e-05	-1.25851e-15
-1.02e-05	-1.156e-05	2.03528e-15
-9.52e-06	-1.156e-05	-2.11419e-15
-8.84e-06	-1.156e-05	2.17125e-15
-8.16e-06	-1.156e-05	-1.93222e-15
-7.48e-06	-1.156e-05	1.80681e-15
-6.8e-06	-1.156e-05	-1.54591e-15
-6.12e-06	-1.156e-05	1.2911e-15
-5.44e-06	-1.156e-05	-1.06219e-15
-4.76e-06	-1.156e-05	7.04003e-16
-4.08e-06	-1.156e-05	-5.59331e-16
-3.4e-06	-1.156e-05	2.84134e-16
-2.72e-06	-1.156e-05	-2.67753e-16
-2.04e-06	-1.156e-05	1.07168e-16
-1.36e-06	-1.156e-05	-9.41966e-17
-6.8e-07	-1.156e-05	1.36275e-16
0	-1.156e-05	-1.07912e-16
6.8e-07	-1.156e-05	2.4714e-16
1.36e-06	-1.156e-05	-4.47207e-16
2.04e-06	-1.156e-05	6.26029e-16
2.72e-06	-1.156e-05	-1.05082e-15
3.4e-06	-1.156e-05	1.2499e-15
4.08e-06	-1.156e-05	-1.73252e-15
4.76e-06	-1.156e-05	1.9693e-15
5.44e-06	-1.156e-05	-2.36292e-15
6.12e-06	-1.156e-05	2.64734e-15
6.8e-06	-1.156e-05	-2.96202e-15
7.48e-06	-1.156e-05	3.12369e-15
8.16e-06	-1.156e-05	-3.4079e-15
8.84e-06	-1.156e-05	3.59811e-15
9.52e-06	-1.156e-05	-3.97933e-15
1.02e-05	-1.156e-05	4.32445e-15
1.088e-05	-1.156e-05	-4.69012e-15
1.156e-05	-1.156e-05	4.72097e-15
1.224e-05	-1.156e-05	-4.34129e-15
1.292e-05	-1.156e-05	3.4896e-15

-1.292e-05	-1.224e-05	1.45495e-15
-1.224e-05	-1.224e-05	-5.93949e-16
-1.156e-05	-1.224e-05	1.31974e-16
-1.088e-05	-1.224e-05	1.93502e-16
-1.02e-05	-1.224e-05	-3.03012e-16
-9.52e-06	-1.224e-05	4.03615e-16
-8.84e-06	-1.224e-05	-3.66299e-16
-8.16e-06	-1.224e-05	3.38371e-16
-7.48e-06	-1.224e-05	-3.11618e-16
-6.8e-06	-1.224e-05	2.01233e-16
-6.12e-06	-1.224e-05	-2.85622e-16
-5.44e-06	-1.224e-05	1.93499e-16
-4.76e-06	-1.224e-05	-1.25089e-16
-4.08e-06	-1.224e-05	6.01755e-17
-3.4e-06	-1.224e-05	-1.07651e-16
-2.72e-06	-1.224e-05	2.04081e-17
-2.04e-06	-1.224e-05	-4.93738e-17
-1.36e-06	-1.224e-05	3.17486e-17
-6.8e-07	-1.224e-05	-4.14237e-18
0	-1.224e-05	4.48098e-17
6.8e-07	-1.224e-05	-3.24522e-17
1.36e-06	-1.224e-05	7.0587e-17
2.04e-06	-1.224e-05	-1.29477e-16
2.72e-06	-1.224e-05	1.0888e-16
3.4e-06	-1.224e-05	-2.92123e-16
4.08e-06	-1.224e-05	2.16728e-16
4.76e-06	-1.224e-05	-3.81758e-16
5.44e-06	-1.224e-05	4.36511e-16
6.12e-06	-1.224e-05	-4.73689e-16
6.8e-06	-1.224e-05	5.07632e-16
7.48e-06	-1.224e-05	-5.85815e-16
8.16e-06	-1.224e-05	5.54895e-16
8.84e-06	-1.224e-05	-7.00339e-16
9.52e-06	-1.224e-05	6.88968e-16
1.02e-05	-1.224e-05	-8.11759e-16
1.088e-05	-1.224e-05	7.8391e-16
1.156e-05	-1.224e-05	-8.50991e-16
1.224e-05	-1.224e-05	7.60011e-16
1.292e-05	-1.224e-05	-6.24597e-16

-1.292e-05	-1.292e-05	-2.80358e-16
-1.224e-05	-1.292e-05	1.46342e-16
-1.156e-05	-1.292e-05	-3.5001e-18
-1.088e-05	-1.292e-05	-5.59245e-17
-1.02e-05	-1.292e-05	3.31486e-17
-9.52e-06	-1.292e-05	-8.88142e-17
-8.84e-06	-1.292e-05	2.49249e-17
-8.16e-06	-1.292e-05	-8.62805e-17
-7.48e-06	-1.292e-05	1.76687e-17
-6.8e-06	-1.292e-05	-6.92657e-17
-6.12e-06	-1.292e-05	3.96056e-17
-5.44e-06	-1.292e-05	-1.79784e-17
-4.76e-06	-1.292e-05	1.69814e-17
-4.08e-06	-1.292e-05	-2.80768e-17
-3.4e-06	-1.292e-05	3.42722e-17
-2.72e-06	-1.292e-05	-4.57307e-17
-2.04e-06	-1.292e-05	-4.08654e-17
-1.36e-06	-1.292e-05	-7.00445e-18
-6.8e-07	-1.292e-05	-5.32755e-17
0	-1.292e-05	-1.42472e-18
6.8e-07	-1.292e-05	3.14327e-17
1.36e-06	-1.292e-05	3.42303e-18
2.04e-06	-1.292e-05	1.87554e-17
2.72e-06	-1.292e-05	-4.46869e-17
3.4e-06	-1.292e-05	2.07489e-18
4.08e-06	-1.292e-05	-1.02362e-16
4.76e-06	-1.292e-05	5.03101e-17
5.44e-06	-1.292e-05	-5.24799e-17
6.12e-06	-1.292e-05	8.78957e-17
6.8e-06	-1.292e-05	-1.21422e-16
7.48e-06	-1.292e-05	1.07214e-16
8.16e-06	-1.292e-05	-1.37118e-16
8.84e-06	-1.292e-05	6.97469e-17
9.52e-06	-1.292e-05	-1.30957e-16
1.02e-05	-1.292e-05	1.08009e-16
1.088e-05	-1.292e-05	-1.51208e-16
1.156e-05	-1.292e-05	1.36219e-16
1.224e-05	-1.292e-05	-7.64338e-17
1.292e-05	-1.292e-05	2.19108e-17
