
-1.368e-05	1.44e-05	2.85703e-16
-1.296e-05	1.44e-05	4.61244e-17
-1.224e-05	1.44e-05	1.76402e-17
-1.152e-05	1.44e-05	1.57706e-17
-1.08e-05	1.44e-05	1.1666e-16
-1.008e-05	1.44e-05	3.05573e-18
-9.36e-06	1.44e-05	1.84487e-17
-8.64e-06	1.44e-05	-2.98998e-17
-7.92e-06	1.44e-05	1.01943e-17
-7.2e-06	1.44e-05	-3.98869e-18
-6.48e-06	1.44e-05	1.34961e-17
-5.76e-06	1.44e-05	-7.33492e-18
-5.04e-06	1.44e-05	-7.97275e-17
-4.32e-06	1.44e-05	-1.69553e-16
-3.6e-06	1.44e-05	-2.52409e-16
-2.88e-06	1.44e-05	-4.7677e-16
-2.16e-06	1.44e-05	-7.00997e-16
-1.44e-06	1.44e-05	-7.96189e-16
-7.2e-07	1.44e-05	-1.04899e-15
0	1.44e-05	-8.55052e-16
7.2e-07	1.44e-05	-7.48643e-16
1.44e-06	1.44e-05	-6.14168e-16
2.16e-06	1.44e-05	-2.806e-16
2.88e-06	1.44e-05	-1.97938e-16
3.6e-06	1.44e-05	5.10646e-17
4.32e-06	1.44e-05	-8.8921e-17
5.04e-06	1.44e-05	3.91973e-17
5.76e-06	1.44e-05	-3.69249e-17
6.48e-06	1.44e-05	7.60016e-17
7.2e-06	1.44e-05	-5.06542e-17
7.92e-06	1.44e-05	-1.63086e-17
8.64e-06	1.44e-05	-8.06841e-17
9.36e-06	1.44e-05	-3.06903e-17
1.008e-05	1.44e-05	-1.07625e-16
1.08e-05	1.44e-05	-9.13409e-17
1.152e-05	1.44e-05	-5.65345e-17
1.224e-05	1.44e-05	7.96019e-18
1.296e-05	1.44e-05	-1.3808e-16
1.368e-05	1.44e-05	-2.3061e-16

-1.368e-05	1.368e-05	-2.09449e-16
-1.296e-05	1.368e-05	5.4157e-17
-1.224e-05	1.368e-05	1.12773e-16
-1.152e-05	1.368e-05	1.60923e-16
-1.08e-05	1.368e-05	-3.23314e-17
-1.008e-05	1.368e-05	1.06322e-17
-9.36e-06	1.368e-05	-9.96264e-18
-8.64e-06	1.368e-05	-5.41256e-17
-7.92e-06	1.368e-05	-1.8962e-16
-7.2e-06	1.368e-05	1.38191e-17
-6.48e-06	1.368e-05	-1.4604e-16
-5.76e-06	1.368e-05	-3.19114e-16
-5.04e-06	1.368e-05	-4.27344e-16
-4.32e-06	1.368e-05	-7.32126e-16
-3.6e-06	1.368e-05	-1.73339e-15
-2.88e-06	1.368e-05	-3.06033e-15
-2.16e-06	1.368e-05	-4.29165e-15
-1.44e-06	1.368e-05	-5.58133e-15
-7.2e-07	1.368e-05	-6.12674e-15
0	1.368e-05	-5.75791e-15
7.2e-07	1.368e-05	-4.66158e-15
1.44e-06	1.368e-05	-3.15789e-15
2.16e-06	1.368e-05	-2.04235e-15
2.88e-06	1.368e-05	-9.32654e-16
3.6e-06	1.368e-05	-6.78796e-16
4.32e-06	1.368e-05	-8.77368e-17
5.04e-06	1.368e-05	-1.57077e-16
5.76e-06	1.368e-05	-4.47393e-17
6.48e-06	1.368e-05	-1.35832e-16
7.2e-06	1.368e-05	7.7956e-17
7.92e-06	1.368e-05	-1.4105e-16
8.64e-06	1.368e-05	1.10841e-16
9.36e-06	1.368e-05	-2.69025e-16
1.008e-05	1.368e-05	-4.59255e-17
1.08e-05	1.368e-05	-7.84144e-18
1.152e-05	1.368e-05	-1.61243e-16
1.224e-05	1.368e-05	1.22165e-16
1.296e-05	1.368e-05	1.14614e-16
1.368e-05	1.368e-05	-2.52045e-16

-1.368e-05	1.296e-05	1.36505e-16
-1.296e-05	1.296e-05	2.4131e-16
-1.224e-05	1.296e-05	-1.43327e-16
-1.152e-05	1.296e-05	1.03807e-16
-1.08e-05	1.296e-05	5.41049e-17
-1.008e-05	1.296e-05	5.41871e-17
-9.36e-06	1.296e-05	-5.88058e-17
-8.64e-06	1.296e-05	-1.60175e-17
-7.92e-06	1.296e-05	1.81604e-16
-7.2e-06	1.296e-05	-5.87453e-17
-6.48e-06	1.296e-05	-3.39138e-16
-5.76e-06	1.296e-05	-1.14648e-15
-5.04e-06	1.296e-05	-2.20001e-15
-4.32e-06	1.296e-05	-5.26878e-15
-3.6e-06	1.296e-05	-1.01616e-14
-2.88e-06	1.296e-05	-1.75731e-14
-2.16e-06	1.296e-05	-2.61732e-14
-1.44e-06	1.296e-05	-3.41582e-14
-7.2e-07	1.296e-05	-3.76762e-14
0	1.296e-05	-3.53857e-14
7.2e-07	1.296e-05	-2.80935e-14
1.44e-06	1.296e-05	-1.95174e-14
2.16e-06	1.296e-05	-1.14541e-14
2.88e-06	1.296e-05	-6.04201e-15
3.6e-06	1.296e-05	-2.61132e-15
4.32e-06	1.296e-05	-1.24878e-15
5.04e-06	1.296e-05	-2.71511e-16
5.76e-06	1.296e-05	-2.47724e-16
6.48e-06	1.296e-05	1.43374e-16
7.2e-06	1.296e-05	-1.0745e-16
7.92e-06	1.296e-05	2.53713e-16
8.64e-06	1.296e-05	-2.34421e-17
9.36e-06	1.296e-05	-3.3375e-17
1.008e-05	1.296e-05	8.04172e-17
1.08e-05	1.296e-05	1.7834e-16
1.152e-05	1.296e-05	2.222e-17
1.224e-05	1.296e-05	1.34909e-16
1.296e-05	1.296e-05	1.13445e-17
1.368e-05	1.296e-05	-9.11342e-17

-1.368e-05	1.224e-05	1.03115e-16
-1.296e-05	1.224e-05	2.37917e-18
-1.224e-05	1.224e-05	4.54457e-17
-1.152e-05	1.224e-05	2.2433e-16
-1.08e-05	1.224e-05	8.72066e-17
-1.008e-05	1.224e-05	1.25699e-16
-9.36e-06	1.224e-05	2.37909e-16
-8.64e-06	1.224e-05	3.11536e-16
-7.92e-06	1.224e-05	-2.21495e-16
-7.2e-06	1.224e-05	-4.40672e-16
-6.48e-06	1.224e-05	-1.95277e-15
-5.76e-06	1.224e-05	-5.25485e-15
-5.04e-06	1.224e-05	-1.30053e-14
-4.32e-06	1.224e-05	-2.91618e-14
-3.6e-06	1.224e-05	-5.85812e-14
-2.88e-06	1.224e-05	-1.03441e-13
-2.16e-06	1.224e-05	-1.59316e-13
-1.44e-06	1.224e-05	-2.08843e-13
-7.2e-07	1.224e-05	-2.3149e-13
0	1.224e-05	-2.15828e-13
7.2e-07	1.224e-05	-1.7031e-13
1.44e-06	1.224e-05	-1.14374e-13
2.16e-06	1.224e-05	-6.6606e-14
2.88e-06	1.224e-05	-3.37819e-14
3.6e-06	1.224e-05	-1.56249e-14
4.32e-06	1.224e-05	-6.07847e-15
5.04e-06	1.224e-05	-2.42015e-15
5.76e-06	1.224e-05	-4.45349e-16
6.48e-06	1.224e-05	-8.40122e-17
7.2e-06	1.224e-05	3.55419e-16
7.92e-06	1.224e-05	2.32604e-16
8.64e-06	1.224e-05	2.65288e-16
9.36e-06	1.224e-05	2.38029e-16
1.008e-05	1.224e-05	2.80318e-16
1.08e-05	1.224e-05	1.45628e-16
1.152e-05	1.224e-05	1.74667e-16
1.224e-05	1.224e-05	1.61516e-16
1.296e-05	1.224e-05	1.13394e-16
1.368e-05	1.224e-05	1.12681e-16

-1.368e-05	1.152e-05	4.20812e-16
-1.296e-05	1.152e-05	3.62526e-16
-1.224e-05	1.152e-05	8.04243e-16
-1.152e-05	1.152e-05	8.35658e-16
-1.08e-05	1.152e-05	1.19423e-15
-1.008e-05	1.152e-05	1.41786e-15
-9.36e-06	1.152e-05	1.64649e-15
-8.64e-06	1.152e-05	1.35749e-15
-7.92e-06	1.152e-05	9.22812e-16
-7.2e-06	1.152e-05	-1.82967e-15
-6.48e-06	1.152e-05	-8.39762e-15
-5.76e-06	1.152e-05	-2.63969e-14
-5.04e-06	1.152e-05	-6.88899e-14
-4.32e-06	1.152e-05	-1.61096e-13
-3.6e-06	1.152e-05	-3.34267e-13
-2.88e-06	1.152e-05	-6.10239e-13
-2.16e-06	1.152e-05	-9.60146e-13
-1.44e-06	1.152e-05	-1.27945e-12
-7.2e-07	1.152e-05	-1.42559e-12
0	1.152e-05	-1.32525e-12
7.2e-07	1.152e-05	-1.03062e-12
1.44e-06	1.152e-05	-6.77675e-13
2.16e-06	1.152e-05	-3.82743e-13
2.88e-06	1.152e-05	-1.89232e-13
3.6e-06	1.152e-05	-8.27645e-14
4.32e-06	1.152e-05	-3.24e-14
5.04e-06	1.152e-05	-1.04956e-14
5.76e-06	1.152e-05	-2.38133e-15
6.48e-06	1.152e-05	9.39656e-16
7.2e-06	1.152e-05	1.6499e-15
7.92e-06	1.152e-05	2.03944e-15
8.64e-06	1.152e-05	1.92169e-15
9.36e-06	1.152e-05	1.73258e-15
1.008e-05	1.152e-05	1.47133e-15
1.08e-05	1.152e-05	1.19862e-15
1.152e-05	1.152e-05	7.95536e-16
1.224e-05	1.152e-05	7.00297e-16
1.296e-05	1.152e-05	5.1168e-16
1.368e-05	1.152e-05	7.00713e-16

-1.368e-05	1.08e-05	1.48323e-15
-1.296e-05	1.08e-05	2.43941e-15
-1.224e-05	1.08e-05	3.61374e-15
-1.152e-05	1.08e-05	5.24851e-15
-1.08e-05	1.08e-05	7.06391e-15
-1.008e-05	1.08e-05	8.85454e-15
-9.36e-06	1.08e-05	9.62178e-15
-8.64e-06	1.08e-05	9.74116e-15
-7.92e-06	1.08e-05	5.98849e-15
-7.2e-06	1.08e-05	-5.1483e-15
-6.48e-06	1.08e-05	-3.93852e-14
-5.76e-06	1.08e-05	-1.31713e-13
-5.04e-06	1.08e-05	-3.62702e-13
-4.32e-06	1.08e-05	-8.80934e-13
-3.6e-06	1.08e-05	-1.89886e-12
-2.88e-06	1.08e-05	-3.58031e-12
-2.16e-06	1.08e-05	-5.78592e-12
-1.44e-06	1.08e-05	-7.84411e-12
-7.2e-07	1.08e-05	-8.79661e-12
0	1.08e-05	-8.14027e-12
7.2e-07	1.08e-05	-6.23731e-12
1.44e-06	1.08e-05	-4.00103e-12
2.16e-06	1.08e-05	-2.19023e-12
2.88e-06	1.08e-05	-1.04379e-12
3.6e-06	1.08e-05	-4.39691e-13
4.32e-06	1.08e-05	-1.6301e-13
5.04e-06	1.08e-05	-5.01175e-14
5.76e-06	1.08e-05	-7.53048e-15
6.48e-06	1.08e-05	6.85056e-15
7.2e-06	1.08e-05	1.15589e-14
7.92e-06	1.08e-05	1.23173e-14
8.64e-06	1.08e-05	1.17486e-14
9.36e-06	1.08e-05	1.03765e-14
1.008e-05	1.08e-05	8.52451e-15
1.08e-05	1.08e-05	6.66574e-15
1.152e-05	1.08e-05	4.9878e-15
1.224e-05	1.08e-05	3.61803e-15
1.296e-05	1.08e-05	3.26649e-15
1.368e-05	1.08e-05	3.58838e-15

-1.368e-05	1.008e-05	8.44649e-15
-1.296e-05	1.008e-05	1.3708e-14
-1.224e-05	1.008e-05	2.14574e-14
-1.152e-05	1.008e-05	3.1441e-14
-1.08e-05	1.008e-05	4.27588e-14
-1.008e-05	1.008e-05	5.26611e-14
-9.36e-06	1.008e-05	6.00114e-14
-8.64e-06	1.008e-05	5.99052e-14
-7.92e-06	1.008e-05	4.58931e-14
-7.2e-06	1.008e-05	-8.58525e-15
-6.48e-06	1.008e-05	-1.74929e-13
-5.76e-06	1.008e-05	-6.47074e-13
-5.04e-06	1.008e-05	-1.87734e-12
-4.32e-06	1.008e-05	-4.76639e-12
-3.6e-06	1.008e-05	-1.0697e-11
-2.88e-06	1.008e-05	-2.09197e-11
-2.16e-06	1.008e-05	-3.48246e-11
-1.44e-06	1.008e-05	-4.81421e-11
-7.2e-07	1.008e-05	-5.43638e-11
0	1.008e-05	-5.00616e-11
7.2e-07	1.008e-05	-3.77199e-11
1.44e-06	1.008e-05	-2.35416e-11
2.16e-06	1.008e-05	-1.24424e-11
2.88e-06	1.008e-05	-5.69911e-12
3.6e-06	1.008e-05	-2.29712e-12
4.32e-06	1.008e-05	-8.09049e-13
5.04e-06	1.008e-05	-2.26127e-13
5.76e-06	1.008e-05	-1.70458e-14
6.48e-06	1.008e-05	5.26972e-14
7.2e-06	1.008e-05	7.3002e-14
7.92e-06	1.008e-05	7.57455e-14
8.64e-06	1.008e-05	7.11421e-14
9.36e-06	1.008e-05	6.22926e-14
1.008e-05	1.008e-05	5.12812e-14
1.08e-05	1.008e-05	3.92971e-14
1.152e-05	1.008e-05	2.89432e-14
1.224e-05	1.008e-05	2.1425e-14
1.296e-05	1.008e-05	1.86005e-14
1.368e-05	1.008e-05	2.11026e-14

-1.368e-05	9.36e-06	4.88068e-14
-1.296e-05	9.36e-06	7.9944e-14
-1.224e-05	9.36e-06	1.26221e-13
-1.152e-05	9.36e-06	1.87872e-13
-1.08e-05	9.36e-06	2.56158e-13
-1.008e-05	9.36e-06	3.20102e-13
-9.36e-06	9.36e-06	3.6467e-13
-8.64e-06	9.36e-06	3.75964e-13
-7.92e-06	9.36e-06	3.15208e-13
-7.2e-06	9.36e-06	6.60187e-14
-6.48e-06	9.36e-06	-7.33421e-13
-5.76e-06	9.36e-06	-3.09491e-12
-5.04e-06	9.36e-06	-9.54295e-12
-4.32e-06	9.36e-06	-2.54345e-11
-3.6e-06	9.36e-06	-5.96973e-11
-2.88e-06	9.36e-06	-1.21589e-10
-2.16e-06	9.36e-06	-2.09301e-10
-1.44e-06	9.36e-06	-2.95777e-10
-7.2e-07	9.36e-06	-3.36577e-10
0	9.36e-06	-3.08248e-10
7.2e-07	9.36e-06	-2.27933e-10
1.44e-06	9.36e-06	-1.37921e-10
2.16e-06	9.36e-06	-7.00927e-11
2.88e-06	9.36e-06	-3.07167e-11
3.6e-06	9.36e-06	-1.17969e-11
4.32e-06	9.36e-06	-3.91457e-12
5.04e-06	9.36e-06	-9.70084e-13
5.76e-06	9.36e-06	4.23299e-14
6.48e-06	9.36e-06	3.66361e-13
7.2e-06	9.36e-06	4.55987e-13
7.92e-06	9.36e-06	4.62055e-13
8.64e-06	9.36e-06	4.30429e-13
9.36e-06	9.36e-06	3.76348e-13
1.008e-05	9.36e-06	3.07648e-13
1.08e-05	9.36e-06	2.34767e-13
1.152e-05	9.36e-06	1.69365e-13
1.224e-05	9.36e-06	1.2417e-13
1.296e-05	9.36e-06	1.05505e-13
1.368e-05	9.36e-06	1.19686e-13

-1.368e-05	8.64e-06	2.80332e-13
-1.296e-05	8.64e-06	4.62341e-13
-1.224e-05	8.64e-06	7.42122e-13
-1.152e-05	8.64e-06	1.11678e-12
-1.08e-05	8.64e-06	1.54207e-12
-1.008e-05	8.64e-06	1.93554e-12
-9.36e-06	8.64e-06	2.22241e-12
-8.64e-06	8.64e-06	2.32636e-12
-7.92e-06	8.64e-06	2.08582e-12
-7.2e-06	8.64e-06	9.64293e-13
-6.48e-06	8.64e-06	-2.77926e-12
-5.76e-06	8.64e-06	-1.43302e-11
-5.04e-06	8.64e-06	-4.7456e-11
-4.32e-06	8.64e-06	-1.33525e-10
-3.6e-06	8.64e-06	-3.29372e-10
-2.88e-06	8.64e-06	-7.02179e-10
-2.16e-06	8.64e-06	-1.25558e-09
-1.44e-06	8.64e-06	-1.81935e-09
-7.2e-07	8.64e-06	-2.08788e-09
0	8.64e-06	-1.90055e-09
7.2e-07	8.64e-06	-1.37591e-09
1.44e-06	8.64e-06	-8.03787e-10
2.16e-06	8.64e-06	-3.90834e-10
2.88e-06	8.64e-06	-1.63043e-10
3.6e-06	8.64e-06	-5.93267e-11
4.32e-06	8.64e-06	-1.8365e-11
5.04e-06	8.64e-06	-3.8164e-12
5.76e-06	8.64e-06	9.65927e-13
6.48e-06	8.64e-06	2.43815e-12
7.2e-06	8.64e-06	2.82009e-12
7.92e-06	8.64e-06	2.80712e-12
8.64e-06	8.64e-06	2.60288e-12
9.36e-06	8.64e-06	2.27003e-12
1.008e-05	8.64e-06	1.84923e-12
1.08e-05	8.64e-06	1.39798e-12
1.152e-05	8.64e-06	9.96116e-13
1.224e-05	8.64e-06	7.15014e-13
1.296e-05	8.64e-06	5.99923e-13
1.368e-05	8.64e-06	6.75726e-13

-1.368e-05	7.92e-06	1.60127e-12
-1.296e-05	7.92e-06	2.67196e-12
-1.224e-05	7.92e-06	4.34728e-12
-1.152e-05	7.92e-06	6.64352e-12
-1.08e-05	7.92e-06	9.271e-12
-1.008e-05	7.92e-06	1.17107e-11
-9.36e-06	7.92e-06	1.35053e-11
-8.64e-06	7.92e-06	1.4299e-11
-7.92e-06	7.92e-06	1.34121e-11
-7.2e-06	7.92e-06	8.49688e-12
-6.48e-06	7.92e-06	-8.57848e-12
-5.76e-06	7.92e-06	-6.3594e-11
-5.04e-06	7.92e-06	-2.29816e-10
-4.32e-06	7.92e-06	-6.8722e-10
-3.6e-06	7.92e-06	-1.79208e-09
-2.88e-06	7.92e-06	-4.02282e-09
-2.16e-06	7.92e-06	-7.51399e-09
-1.44e-06	7.92e-06	-1.12055e-08
-7.2e-07	7.92e-06	-1.29794e-08
0	7.92e-06	-1.17353e-08
7.2e-07	7.92e-06	-8.29434e-09
1.44e-06	7.92e-06	-4.65376e-09
2.16e-06	7.92e-06	-2.15205e-09
2.88e-06	7.92e-06	-8.49453e-10
3.6e-06	7.92e-06	-2.90866e-10
4.32e-06	7.92e-06	-8.27903e-11
5.04e-06	7.92e-06	-1.27708e-11
5.76e-06	7.92e-06	9.21759e-12
6.48e-06	7.92e-06	1.57418e-11
7.2e-06	7.92e-06	1.73087e-11
7.92e-06	7.92e-06	1.70203e-11
8.64e-06	7.92e-06	1.57301e-11
9.36e-06	7.92e-06	1.36947e-11
1.008e-05	7.92e-06	1.11117e-11
1.08e-05	7.92e-06	8.32836e-12
1.152e-05	7.92e-06	5.84365e-12
1.224e-05	7.92e-06	4.11588e-12
1.296e-05	7.92e-06	3.39702e-12
1.368e-05	7.92e-06	3.81291e-12

-1.368e-05	7.2e-06	9.13162e-12
-1.296e-05	7.2e-06	1.53891e-11
-1.224e-05	7.2e-06	2.54162e-11
-1.152e-05	7.2e-06	3.94696e-11
-1.08e-05	7.2e-06	5.57513e-11
-1.008e-05	7.2e-06	7.08389e-11
-9.36e-06	7.2e-06	8.19649e-11
-8.64e-06	7.2e-06	8.74266e-11
-7.92e-06	7.2e-06	8.45546e-11
-7.2e-06	7.2e-06	6.3531e-11
-6.48e-06	7.2e-06	-1.21182e-11
-5.76e-06	7.2e-06	-2.66165e-10
-5.04e-06	7.2e-06	-1.07689e-09
-4.32e-06	7.2e-06	-3.45189e-09
-3.6e-06	7.2e-06	-9.58289e-09
-2.88e-06	7.2e-06	-2.28156e-08
-2.16e-06	7.2e-06	-4.48257e-08
-1.44e-06	7.2e-06	-6.91178e-08
-7.2e-07	7.2e-06	-8.08755e-08
0	7.2e-06	-7.25787e-08
7.2e-07	7.2e-06	-4.99119e-08
1.44e-06	7.2e-06	-2.67217e-08
2.16e-06	7.2e-06	-1.16654e-08
2.88e-06	7.2e-06	-4.32507e-09
3.6e-06	7.2e-06	-1.38173e-09
4.32e-06	7.2e-06	-3.53517e-10
5.04e-06	7.2e-06	-2.6813e-11
5.76e-06	7.2e-06	7.12738e-11
6.48e-06	7.2e-06	9.94786e-11
7.2e-06	7.2e-06	1.05647e-10
7.92e-06	7.2e-06	1.03029e-10
8.64e-06	7.2e-06	9.50308e-11
9.36e-06	7.2e-06	8.26274e-11
1.008e-05	7.2e-06	6.67942e-11
1.08e-05	7.2e-06	4.95997e-11
1.152e-05	7.2e-06	3.42423e-11
1.224e-05	7.2e-06	2.3626e-11
1.296e-05	7.2e-06	1.91907e-11
1.368e-05	7.2e-06	2.14717e-11

-1.368e-05	6.48e-06	5.19517e-11
-1.296e-05	6.48e-06	8.83475e-11
-1.224e-05	6.48e-06	1.48174e-10
-1.152e-05	6.48e-06	2.34239e-10
-1.08e-05	6.48e-06	3.35317e-10
-1.008e-05	6.48e-06	4.28577e-10
-9.36e-06	6.48e-06	4.97013e-10
-8.64e-06	6.48e-06	5.32532e-10
-7.92e-06	6.48e-06	5.25546e-10
-7.2e-06	6.48e-06	4.37442e-10
-6.48e-06	6.48e-06	1.12335e-10
-5.76e-06	6.48e-06	-1.01914e-09
-5.04e-06	6.48e-06	-4.83894e-09
-4.32e-06	6.48e-06	-1.68184e-08
-3.6e-06	6.48e-06	-5.01311e-08
-2.88e-06	6.48e-06	-1.2773e-07
-2.16e-06	6.48e-06	-2.66304e-07
-1.44e-06	6.48e-06	-4.27054e-07
-7.2e-07	6.48e-06	-5.0522e-07
0	6.48e-06	-4.49677e-07
7.2e-07	6.48e-06	-2.99657e-07
1.44e-06	6.48e-06	-1.51802e-07
2.16e-06	6.48e-06	-6.1984e-08
2.88e-06	6.48e-06	-2.13934e-08
3.6e-06	6.48e-06	-6.30462e-09
4.32e-06	6.48e-06	-1.39316e-09
5.04e-06	6.48e-06	7.62363e-11
5.76e-06	6.48e-06	4.99668e-10
6.48e-06	6.48e-06	6.19024e-10
7.2e-06	6.48e-06	6.42201e-10
7.92e-06	6.48e-06	6.22959e-10
8.64e-06	6.48e-06	5.74008e-10
9.36e-06	6.48e-06	4.98671e-10
1.008e-05	6.48e-06	4.01661e-10
1.08e-05	6.48e-06	2.9534e-10
1.152e-05	6.48e-06	2.00327e-10
1.224e-05	6.48e-06	1.35226e-10
1.296e-05	6.48e-06	1.0809e-10
1.368e-05	6.48e-06	1.20707e-10

-1.368e-05	5.76e-06	2.94931e-10
-1.296e-05	5.76e-06	5.05348e-10
-1.224e-05	5.76e-06	8.61007e-10
-1.152e-05	5.76e-06	1.38829e-09
-1.08e-05	5.76e-06	2.01742e-09
-1.008e-05	5.76e-06	2.59377e-09
-9.36e-06	5.76e-06	3.01226e-09
-8.64e-06	5.76e-06	3.23516e-09
-7.92e-06	5.76e-06	3.23361e-09
-7.2e-06	5.76e-06	2.86786e-09
-6.48e-06	5.76e-06	1.5104e-09
-5.76e-06	5.76e-06	-3.32281e-09
-5.04e-06	5.76e-06	-2.05685e-08
-4.32e-06	5.76e-06	-7.8806e-08
-3.6e-06	5.76e-06	-2.54909e-07
-2.88e-06	5.76e-06	-7.0295e-07
-2.16e-06	5.76e-06	-1.57327e-06
-1.44e-06	5.76e-06	-2.64386e-06
-7.2e-07	5.76e-06	-3.16469e-06
0	5.76e-06	-2.79164e-06
7.2e-07	5.76e-06	-1.79363e-06
1.44e-06	5.76e-06	-8.50255e-07
2.16e-06	5.76e-06	-3.20892e-07
2.88e-06	5.76e-06	-1.01944e-07
3.6e-06	5.76e-06	-2.72737e-08
4.32e-06	5.76e-06	-4.78546e-09
5.04e-06	5.76e-06	1.54235e-09
5.76e-06	5.76e-06	3.31046e-09
6.48e-06	5.76e-06	3.80952e-09
7.2e-06	5.76e-06	3.89235e-09
7.92e-06	5.76e-06	3.76374e-09
8.64e-06	5.76e-06	3.4669e-09
9.36e-06	5.76e-06	3.01057e-09
1.008e-05	5.76e-06	2.41651e-09
1.08e-05	5.76e-06	1.75821e-09
1.152e-05	5.76e-06	1.16974e-09
1.224e-05	5.76e-06	7.71321e-10
1.296e-05	5.76e-06	6.06828e-10
1.368e-05	5.76e-06	6.77422e-10

-1.368e-05	5.04e-06	1.67125e-09
-1.296e-05	5.04e-06	2.87906e-09
-1.224e-05	5.04e-06	4.98349e-09
-1.152e-05	5.04e-06	8.21497e-09
-1.08e-05	5.04e-06	1.21436e-08
-1.008e-05	5.04e-06	1.57053e-08
-9.36e-06	5.04e-06	1.82523e-08
-8.64e-06	5.04e-06	1.96185e-08
-7.92e-06	5.04e-06	1.97558e-08
-7.2e-06	5.04e-06	1.82186e-08
-6.48e-06	5.04e-06	1.26666e-08
-5.76e-06	5.04e-06	-7.03494e-09
-5.04e-06	5.04e-06	-8.08586e-08
-4.32e-06	5.04e-06	-3.50714e-07
-3.6e-06	5.04e-06	-1.24802e-06
-2.88e-06	5.04e-06	-3.77974e-06
-2.16e-06	5.04e-06	-9.22385e-06
-1.44e-06	5.04e-06	-1.64073e-05
-7.2e-07	5.04e-06	-1.98813e-05
0	5.04e-06	-1.73701e-05
7.2e-07	5.04e-06	-1.06934e-05
1.44e-06	5.04e-06	-4.67126e-06
2.16e-06	5.04e-06	-1.6041e-06
2.88e-06	5.04e-06	-4.62241e-07
3.6e-06	5.04e-06	-1.09503e-07
4.32e-06	5.04e-06	-1.1922e-08
5.04e-06	5.04e-06	1.39834e-08
5.76e-06	5.04e-06	2.11598e-08
6.48e-06	5.04e-06	2.32616e-08
7.2e-06	5.04e-06	2.35438e-08
7.92e-06	5.04e-06	2.27277e-08
8.64e-06	5.04e-06	2.09395e-08
9.36e-06	5.04e-06	1.81823e-08
1.008e-05	5.04e-06	1.45469e-08
1.08e-05	5.04e-06	1.04644e-08
1.152e-05	5.04e-06	6.81456e-09
1.224e-05	5.04e-06	4.38172e-09
1.296e-05	5.04e-06	3.39452e-09
1.368e-05	5.04e-06	3.79526e-09

-1.368e-05	4.32e-06	9.45783e-09
-1.296e-05	4.32e-06	1.63313e-08
-1.224e-05	4.32e-06	2.87073e-08
-1.152e-05	4.32e-06	4.85139e-08
-1.08e-05	4.32e-06	7.31466e-08
-1.008e-05	4.32e-06	9.51565e-08
-9.36e-06	4.32e-06	1.10592e-07
-8.64e-06	4.32e-06	1.18832e-07
-7.92e-06	4.32e-06	1.20125e-07
-7.2e-06	4.32e-06	1.13362e-07
-6.48e-06	4.32e-06	9.06578e-08
-5.76e-06	4.32e-06	1.41139e-08
-5.04e-06	4.32e-06	-2.8144e-07
-4.32e-06	4.32e-06	-1.45394e-06
-3.6e-06	4.32e-06	-5.79773e-06
-2.88e-06	4.32e-06	-1.96656e-05
-2.16e-06	4.32e-06	-5.35008e-05
-1.44e-06	4.32e-06	-0.000102125
-7.2e-07	4.32e-06	-0.000125277
0	4.32e-06	-0.000108363
7.2e-07	4.32e-06	-6.34168e-05
1.44e-06	4.32e-06	-2.49669e-05
2.16e-06	4.32e-06	-7.63413e-06
2.88e-06	4.32e-06	-1.95606e-06
3.6e-06	4.32e-06	-3.92044e-07
4.32e-06	4.32e-06	3.02845e-09
5.04e-06	4.32e-06	1.03316e-07
5.76e-06	4.32e-06	1.32096e-07
6.48e-06	4.32e-06	1.41288e-07
7.2e-06	4.32e-06	1.42222e-07
7.92e-06	4.32e-06	1.37197e-07
8.64e-06	4.32e-06	1.26477e-07
9.36e-06	4.32e-06	1.0986e-07
1.008e-05	4.32e-06	8.76306e-08
1.08e-05	4.32e-06	6.22632e-08
1.152e-05	4.32e-06	3.95869e-08
1.224e-05	4.32e-06	2.47718e-08
1.296e-05	4.32e-06	1.89135e-08
1.368e-05	4.32e-06	2.12251e-08

-1.368e-05	3.6e-06	5.34977e-08
-1.296e-05	3.6e-06	9.22094e-08
-1.224e-05	3.6e-06	1.64406e-07
-1.152e-05	3.6e-06	2.85776e-07
-1.08e-05	3.6e-06	4.41019e-07
-1.008e-05	3.6e-06	5.76977e-07
-9.36e-06	3.6e-06	6.70124e-07
-8.64e-06	3.6e-06	7.19266e-07
-7.92e-06	3.6e-06	7.28196e-07
-7.2e-06	3.6e-06	6.95969e-07
-6.48e-06	3.6e-06	5.99571e-07
-5.76e-06	3.6e-06	3.12978e-07
-5.04e-06	3.6e-06	-7.75706e-07
-4.32e-06	3.6e-06	-5.43337e-06
-3.6e-06	3.6e-06	-2.49384e-05
-2.88e-06	3.6e-06	-9.73816e-05
-2.16e-06	3.6e-06	-0.00030552
-1.44e-06	3.6e-06	-0.000638094
-7.2e-07	3.6e-06	-0.000791818
0	3.6e-06	-0.000678117
7.2e-07	3.6e-06	-0.000373419
1.44e-06	3.6e-06	-0.000127993
2.16e-06	3.6e-06	-3.37629e-05
2.88e-06	3.6e-06	-7.47188e-06
3.6e-06	3.6e-06	-1.13631e-06
4.32e-06	3.6e-06	3.25361e-07
5.04e-06	3.6e-06	6.93891e-07
5.76e-06	3.6e-06	8.12064e-07
6.48e-06	3.6e-06	8.55243e-07
7.2e-06	3.6e-06	8.58417e-07
7.92e-06	3.6e-06	8.28021e-07
8.64e-06	3.6e-06	7.63982e-07
9.36e-06	3.6e-06	6.64103e-07
1.008e-05	3.6e-06	5.28343e-07
1.08e-05	3.6e-06	3.70349e-07
1.152e-05	3.6e-06	2.29156e-07
1.224e-05	3.6e-06	1.39241e-07
1.296e-05	3.6e-06	1.04931e-07
1.368e-05	3.6e-06	1.18469e-07

-1.368e-05	2.88e-06	3.02835e-07
-1.296e-05	2.88e-06	5.1814e-07
-1.224e-05	2.88e-06	9.34761e-07
-1.152e-05	2.88e-06	1.67782e-06
-1.08e-05	2.88e-06	2.66255e-06
-1.008e-05	2.88e-06	3.50149e-06
-9.36e-06	2.88e-06	4.06098e-06
-8.64e-06	2.88e-06	4.35163e-06
-7.92e-06	2.88e-06	4.40629e-06
-7.2e-06	2.88e-06	4.23756e-06
-6.48e-06	2.88e-06	3.79254e-06
-5.76e-06	2.88e-06	2.71574e-06
-5.04e-06	2.88e-06	-9.27468e-07
-4.32e-06	2.88e-06	-1.7165e-05
-3.6e-06	2.88e-06	-9.487e-05
-2.88e-06	2.88e-06	-0.000444452
-2.16e-06	2.88e-06	-0.00170389
-1.44e-06	2.88e-06	-0.004007
-7.2e-07	2.88e-06	-0.00501927
0	2.88e-06	-0.00425943
7.2e-07	2.88e-06	-0.00217735
1.44e-06	2.88e-06	-0.000612198
2.16e-06	2.88e-06	-0.000132386
2.88e-06	2.88e-06	-2.41108e-05
3.6e-06	2.88e-06	-1.73309e-06
4.32e-06	2.88e-06	3.09415e-06
5.04e-06	2.88e-06	4.42099e-06
5.76e-06	2.88e-06	4.94473e-06
6.48e-06	2.88e-06	5.16651e-06
7.2e-06	2.88e-06	5.17868e-06
7.92e-06	2.88e-06	4.99656e-06
8.64e-06	2.88e-06	4.61504e-06
9.36e-06	2.88e-06	4.0165e-06
1.008e-05	2.88e-06	3.18888e-06
1.08e-05	2.88e-06	2.20207e-06
1.152e-05	2.88e-06	1.3206e-06
1.224e-05	2.88e-06	7.77267e-07
1.296e-05	2.88e-06	5.79553e-07
1.368e-05	2.88e-06	6.59714e-07

-1.368e-05	2.16e-06	1.71856e-06
-1.296e-05	2.16e-06	2.89791e-06
-1.224e-05	2.16e-06	5.26672e-06
-1.152e-05	2.16e-06	9.80696e-06
-1.08e-05	2.16e-06	1.61045e-05
-1.008e-05	2.16e-06	2.12696e-05
-9.36e-06	2.16e-06	2.46119e-05
-8.64e-06	2.16e-06	2.63202e-05
-7.92e-06	2.16e-06	2.66353e-05
-7.2e-06	2.16e-06	2.56812e-05
-6.48e-06	2.16e-06	2.3392e-05
-5.76e-06	2.16e-06	1.89808e-05
-5.04e-06	2.16e-06	7.65738e-06
-4.32e-06	2.16e-06	-3.88253e-05
-3.6e-06	2.16e-06	-0.000287528
-2.88e-06	2.16e-06	-0.00173032
-2.16e-06	2.16e-06	-0.00914573
-1.44e-06	2.16e-06	-0.0253335
-7.2e-07	2.16e-06	-0.031896
0	2.16e-06	-0.0268797
7.2e-07	2.16e-06	-0.0125209
1.44e-06	2.16e-06	-0.00255744
2.16e-06	2.16e-06	-0.000410119
2.88e-06	2.16e-06	-5.51393e-05
3.6e-06	2.16e-06	8.01204e-06
4.32e-06	2.16e-06	2.22331e-05
5.04e-06	2.16e-06	2.73399e-05
5.76e-06	2.16e-06	2.99465e-05
6.48e-06	2.16e-06	3.1177e-05
7.2e-06	2.16e-06	3.12335e-05
7.92e-06	2.16e-06	3.01472e-05
8.64e-06	2.16e-06	2.78789e-05
9.36e-06	2.16e-06	2.43043e-05
1.008e-05	2.16e-06	1.92725e-05
1.08e-05	2.16e-06	1.30877e-05
1.152e-05	2.16e-06	7.56682e-06
1.224e-05	2.16e-06	4.30264e-06
1.296e-05	2.16e-06	3.1869e-06
1.368e-05	2.16e-06	3.66325e-06

-1.368e-05	1.44e-06	9.80005e-06
-1.296e-05	1.44e-06	1.61418e-05
-1.224e-05	1.44e-06	2.93337e-05
-1.152e-05	1.44e-06	5.69699e-05
-1.08e-05	1.44e-06	9.76641e-05
-1.008e-05	1.44e-06	0.000129329
-9.36e-06	1.44e-06	0.000149168
-8.64e-06	1.44e-06	0.000159158
-7.92e-06	1.44e-06	0.000160921
-7.2e-06	1.44e-06	0.000155278
-6.48e-06	1.44e-06	0.00014241
-5.76e-06	1.44e-06	0.000121107
-5.04e-06	1.44e-06	8.32517e-05
-4.32e-06	1.44e-06	-1.9756e-05
-3.6e-06	1.44e-06	-0.000482036
-2.88e-06	1.44e-06	-0.00310155
-2.16e-06	1.44e-06	-0.0163746
-1.44e-06	1.44e-06	-0.0429661
-7.2e-07	1.44e-06	-0.0535823
0	1.44e-06	-0.0447105
7.2e-07	1.44e-06	-0.0195851
1.44e-06	1.44e-06	-0.00392725
2.16e-06	1.44e-06	-0.000601364
2.88e-06	1.44e-06	-2.36862e-05
3.6e-06	1.44e-06	0.000100013
4.32e-06	1.44e-06	0.000142963
5.04e-06	1.44e-06	0.000166477
5.76e-06	1.44e-06	0.000180884
6.48e-06	1.44e-06	0.000188039
7.2e-06	1.44e-06	0.000188344
7.92e-06	1.44e-06	0.000181874
8.64e-06	1.44e-06	0.000168409
9.36e-06	1.44e-06	0.00014714
1.008e-05	1.44e-06	0.000116671
1.08e-05	1.44e-06	7.77467e-05
1.152e-05	1.44e-06	4.30298e-05
1.224e-05	1.44e-06	2.3576e-05
1.296e-05	1.44e-06	1.74577e-05
1.368e-05	1.44e-06	2.02667e-05

-1.368e-05	7.2e-07	5.63256e-05
-1.296e-05	7.2e-07	8.96756e-05
-1.224e-05	7.2e-07	0.000160967
-1.152e-05	7.2e-07	0.000328036
-1.08e-05	7.2e-07	0.000594477
-1.008e-05	7.2e-07	0.000787147
-9.36e-06	7.2e-07	0.000904021
-8.64e-06	7.2e-07	0.000962228
-7.92e-06	7.2e-07	0.000971946
-7.2e-06	7.2e-07	0.000937966
-6.48e-06	7.2e-07	0.000862205
-5.76e-06	7.2e-07	0.000743516
-5.04e-06	7.2e-07	0.000570276
-4.32e-06	7.2e-07	0.000276412
-3.6e-06	7.2e-07	-0.000524295
-2.88e-06	7.2e-07	-0.00418878
-2.16e-06	7.2e-07	-0.0215321
-1.44e-06	7.2e-07	-0.0539846
-7.2e-07	7.2e-07	-0.0665858
0	7.2e-07	-0.0552882
7.2e-07	7.2e-07	-0.0237025
1.44e-06	7.2e-07	-0.0047532
2.16e-06	7.2e-07	-0.000545712
2.88e-06	7.2e-07	0.000363225
3.6e-06	7.2e-07	0.000688756
4.32e-06	7.2e-07	0.00087777
5.04e-06	7.2e-07	0.00100717
5.76e-06	7.2e-07	0.00109144
6.48e-06	7.2e-07	0.00113388
7.2e-06	7.2e-07	0.00113563
7.92e-06	7.2e-07	0.00109709
8.64e-06	7.2e-07	0.00101722
9.36e-06	7.2e-07	0.000891194
1.008e-05	7.2e-07	0.000707806
1.08e-05	7.2e-07	0.000461578
1.152e-05	7.2e-07	0.000242208
1.224e-05	7.2e-07	0.000127576
1.296e-05	7.2e-07	9.54152e-05
1.368e-05	7.2e-07	0.000111594

-1.368e-05	0	0.000327459
-1.296e-05	0	0.000498265
-1.224e-05	0	0.000866349
-1.152e-05	0	0.00186416
-1.08e-05	0	0.00363773
-1.008e-05	0	0.00479483
-9.36e-06	0	0.00547773
-8.64e-06	0	0.00581608
-7.92e-06	0	0.00586939
-7.2e-06	0	0.00566381
-6.48e-06	0	0.00521119
-5.76e-06	0	0.00451306
-5.04e-06	0	0.00354993
-4.32e-06	0	0.00222913
-3.6e-06	0	0.000116473
-2.88e-06	0	-0.0052013
-2.16e-06	0	-0.0242309
-1.44e-06	0	-0.0564721
-7.2e-07	0	-0.0684804
0	0	-0.0570862
7.2e-07	0	-0.0253964
1.44e-06	0	-0.00532746
2.16e-06	0	0.000538654
2.88e-06	0	0.00284434
3.6e-06	0	0.00427883
4.32e-06	0	0.0053232
5.04e-06	0	0.00608219
5.76e-06	0	0.00658358
6.48e-06	0	0.0068367
7.2e-06	0	0.00684673
7.92e-06	0	0.00661686
8.64e-06	0	0.00614324
9.36e-06	0	0.00539944
1.008e-05	0	0.00430584
1.08e-05	0	0.00273844
1.152e-05	0	0.00134409
1.224e-05	0	0.000679745
1.296e-05	0	0.000521904
1.368e-05	0	0.000610829

-1.368e-05	-7.2e-07	0.00193325
-1.296e-05	-7.2e-07	0.00278206
-1.224e-05	-7.2e-07	0.0045455
-1.152e-05	-7.2e-07	0.0103784
-1.08e-05	-7.2e-07	0.0224283
-1.008e-05	-7.2e-07	0.0292203
-9.36e-06	-7.2e-07	0.0331801
-8.64e-06	-7.2e-07	0.0351464
-7.92e-06	-7.2e-07	0.0354389
-7.2e-06	-7.2e-07	0.0341948
-6.48e-06	-7.2e-07	0.0314812
-5.76e-06	-7.2e-07	0.0273192
-5.04e-06	-7.2e-07	0.0216529
-4.32e-06	-7.2e-07	0.0142456
-3.6e-06	-7.2e-07	0.00444681
-2.88e-06	-7.2e-07	-0.00921766
-2.16e-06	-7.2e-07	-0.0287094
-1.44e-06	-7.2e-07	-0.0495022
-7.2e-07	-7.2e-07	-0.057774
0	-7.2e-07	-0.0491665
7.2e-07	-7.2e-07	-0.0278359
1.44e-06	-7.2e-07	-0.00726295
2.16e-06	-7.2e-07	0.00742392
2.88e-06	-7.2e-07	0.0180274
3.6e-06	-7.2e-07	0.0260564
4.32e-06	-7.2e-07	0.0321953
5.04e-06	-7.2e-07	0.0367131
5.76e-06	-7.2e-07	0.0397077
6.48e-06	-7.2e-07	0.0412192
7.2e-06	-7.2e-07	0.041276
7.92e-06	-7.2e-07	0.0399026
8.64e-06	-7.2e-07	0.0370916
9.36e-06	-7.2e-07	0.032716
1.008e-05	-7.2e-07	0.0262874
1.08e-05	-7.2e-07	0.0162326
1.152e-05	-7.2e-07	0.00730658
1.224e-05	-7.2e-07	0.00355274
1.296e-05	-7.2e-07	0.00287244
1.368e-05	-7.2e-07	0.00332064

-1.368e-05	-1.44e-06	0.0116348
-1.296e-05	-1.44e-06	0.015723
-1.224e-05	-1.44e-06	0.020227
-1.152e-05	-1.44e-06	0.0265763
-1.08e-05	-1.44e-06	0.034685
-1.008e-05	-1.44e-06	0.0411156
-9.36e-06	-1.44e-06	0.0454314
-8.64e-06	-1.44e-06	0.0476723
-7.92e-06	-1.44e-06	0.047913
-7.2e-06	-1.44e-06	0.0462174
-6.48e-06	-1.44e-06	0.0426482
-5.76e-06	-1.44e-06	0.0372668
-5.04e-06	-1.44e-06	0.0301128
-4.32e-06	-1.44e-06	0.0211638
-3.6e-06	-1.44e-06	0.010305
-2.88e-06	-1.44e-06	-0.00256061
-2.16e-06	-1.44e-06	-0.0167927
-1.44e-06	-1.44e-06	-0.0290276
-7.2e-07	-1.44e-06	-0.0335722
0	-1.44e-06	-0.0281208
7.2e-07	-1.44e-06	-0.0148831
1.44e-06	-1.44e-06	0.00050616
2.16e-06	-1.44e-06	0.0144894
2.88e-06	-1.44e-06	0.0263072
3.6e-06	-1.44e-06	0.0360248
4.32e-06	-1.44e-06	0.0437619
5.04e-06	-1.44e-06	0.0495652
5.76e-06	-1.44e-06	0.0534386
6.48e-06	-1.44e-06	0.0553855
7.2e-06	-1.44e-06	0.0554347
7.92e-06	-1.44e-06	0.053647
8.64e-06	-1.44e-06	0.0501038
9.36e-06	-1.44e-06	0.044885
1.008e-05	-1.44e-06	0.0380745
1.08e-05	-1.44e-06	0.0300008
1.152e-05	-1.44e-06	0.0227461
1.224e-05	-1.44e-06	0.0181295
1.296e-05	-1.44e-06	0.0160421
1.368e-05	-1.44e-06	0.0159705

-1.368e-05	-2.16e-06	0.0220465
-1.296e-05	-2.16e-06	0.0266784
-1.224e-05	-2.16e-06	0.0320442
-1.152e-05	-2.16e-06	0.0383616
-1.08e-05	-2.16e-06	0.0451574
-1.008e-05	-2.16e-06	0.051021
-9.36e-06	-2.16e-06	0.0552225
-8.64e-06	-2.16e-06	0.0574394
-7.92e-06	-2.16e-06	0.0575404
-7.2e-06	-2.16e-06	0.0554998
-6.48e-06	-2.16e-06	0.0513698
-5.76e-06	-2.16e-06	0.0452668
-5.04e-06	-2.16e-06	0.0373615
-4.32e-06	-2.16e-06	0.0278793
-3.6e-06	-2.16e-06	0.0171411
-2.88e-06	-2.16e-06	0.0057186
-2.16e-06	-2.16e-06	-0.00519686
-1.44e-06	-2.16e-06	-0.0133457
-7.2e-07	-2.16e-06	-0.0160149
0	-2.16e-06	-0.0120541
7.2e-07	-2.16e-06	-0.00259593
1.44e-06	-2.16e-06	0.0096307
2.16e-06	-2.16e-06	0.022274
2.88e-06	-2.16e-06	0.0340609
3.6e-06	-2.16e-06	0.0443776
4.32e-06	-2.16e-06	0.0528936
5.04e-06	-2.16e-06	0.0593993
5.76e-06	-2.16e-06	0.0637615
6.48e-06	-2.16e-06	0.0659205
7.2e-06	-2.16e-06	0.0658963
7.92e-06	-2.16e-06	0.0637914
8.64e-06	-2.16e-06	0.05979
9.36e-06	-2.16e-06	0.054165
1.008e-05	-2.16e-06	0.047324
1.08e-05	-2.16e-06	0.0399552
1.152e-05	-2.16e-06	0.0332767
1.224e-05	-2.16e-06	0.0283673
1.296e-05	-2.16e-06	0.0255945
1.368e-05	-2.16e-06	0.0249539

-1.368e-05	-2.88e-06	0.0297012
-1.296e-05	-2.88e-06	0.0342366
-1.224e-05	-2.88e-06	0.0397108
-1.152e-05	-2.88e-06	0.0458392
-1.08e-05	-2.88e-06	0.0520539
-1.008e-05	-2.88e-06	0.0574953
-9.36e-06	-2.88e-06	0.0614855
-8.64e-06	-2.88e-06	0.0635886
-7.92e-06	-2.88e-06	0.0635651
-7.2e-06	-2.88e-06	0.0613314
-6.48e-06	-2.88e-06	0.0569365
-5.76e-06	-2.88e-06	0.0505502
-5.04e-06	-2.88e-06	0.0424575
-4.32e-06	-2.88e-06	0.0330676
-3.6e-06	-2.88e-06	0.0229504
-2.88e-06	-2.88e-06	0.0129199
-2.16e-06	-2.88e-06	0.00415117
-1.44e-06	-2.88e-06	-0.00181128
-7.2e-07	-2.88e-06	-0.00348872
0	-2.88e-06	-0.000281399
7.2e-07	-2.88e-06	0.00718183
1.44e-06	-2.88e-06	0.0173772
2.16e-06	-2.88e-06	0.0286913
2.88e-06	-2.88e-06	0.0398846
3.6e-06	-2.88e-06	0.050101
4.32e-06	-2.88e-06	0.0587553
5.04e-06	-2.88e-06	0.0654473
5.76e-06	-2.88e-06	0.0699224
6.48e-06	-2.88e-06	0.0720579
7.2e-06	-2.88e-06	0.0718605
7.92e-06	-2.88e-06	0.0694643
8.64e-06	-2.88e-06	0.065131
9.36e-06	-2.88e-06	0.0592538
1.008e-05	-2.88e-06	0.0523771
1.08e-05	-2.88e-06	0.0452306
1.152e-05	-2.88e-06	0.0387163
1.224e-05	-2.88e-06	0.0336369
1.296e-05	-2.88e-06	0.0304595
1.368e-05	-2.88e-06	0.0293617

-1.368e-05	-3.6e-06	0.0331585
-1.296e-05	-3.6e-06	0.0374383
-1.224e-05	-3.6e-06	0.0427589
-1.152e-05	-3.6e-06	0.0486546
-1.08e-05	-3.6e-06	0.0545273
-1.008e-05	-3.6e-06	0.0596813
-9.36e-06	-3.6e-06	0.0634976
-8.64e-06	-3.6e-06	0.0655164
-7.92e-06	-3.6e-06	0.0654546
-7.2e-06	-3.6e-06	0.0632014
-6.48e-06	-3.6e-06	0.0588109
-5.76e-06	-3.6e-06	0.0524936
-5.04e-06	-3.6e-06	0.0446122
-4.32e-06	-3.6e-06	0.0356822
-3.6e-06	-3.6e-06	0.026382
-2.88e-06	-3.6e-06	0.0175697
-2.16e-06	-3.6e-06	0.0102785
-1.44e-06	-3.6e-06	0.00561898
-7.2e-07	-3.6e-06	0.00450091
0	-3.6e-06	0.00726345
7.2e-07	-3.6e-06	0.0135105
1.44e-06	-3.6e-06	0.0222702
2.16e-06	-3.6e-06	0.0323654
2.88e-06	-3.6e-06	0.0427035
3.6e-06	-3.6e-06	0.0523853
4.32e-06	-3.6e-06	0.0607139
5.04e-06	-3.6e-06	0.0671789
5.76e-06	-3.6e-06	0.0714427
6.48e-06	-3.6e-06	0.0733351
7.2e-06	-3.6e-06	0.0728496
7.92e-06	-3.6e-06	0.07014
8.64e-06	-3.6e-06	0.0655141
9.36e-06	-3.6e-06	0.0594269
1.008e-05	-3.6e-06	0.0524714
1.08e-05	-3.6e-06	0.0453587
1.152e-05	-3.6e-06	0.038856
1.224e-05	-3.6e-06	0.0336464
1.296e-05	-3.6e-06	0.0302044
1.368e-05	-3.6e-06	0.0287714

-1.368e-05	-4.32e-06	0.0318537
-1.296e-05	-4.32e-06	0.0358618
-1.224e-05	-4.32e-06	0.0409634
-1.152e-05	-4.32e-06	0.0466358
-1.08e-05	-4.32e-06	0.0522761
-1.008e-05	-4.32e-06	0.0572472
-9.36e-06	-4.32e-06	0.0609685
-8.64e-06	-4.32e-06	0.0629846
-7.92e-06	-4.32e-06	0.0630012
-7.2e-06	-4.32e-06	0.0608998
-6.48e-06	-4.32e-06	0.0567411
-5.76e-06	-4.32e-06	0.0507608
-5.04e-06	-4.32e-06	0.0433621
-4.32e-06	-4.32e-06	0.035105
-3.6e-06	-4.32e-06	0.0266921
-2.88e-06	-4.32e-06	0.0189443
-2.16e-06	-4.32e-06	0.0127482
-1.44e-06	-4.32e-06	0.00894683
-7.2e-07	-4.32e-06	0.00816061
0	-4.32e-06	0.0105987
7.2e-07	-4.32e-06	0.015978
1.44e-06	-4.32e-06	0.0236044
2.16e-06	-4.32e-06	0.0325656
2.88e-06	-4.32e-06	0.0419158
3.6e-06	-4.32e-06	0.0507931
4.32e-06	-4.32e-06	0.0584753
5.04e-06	-4.32e-06	0.0644053
5.76e-06	-4.32e-06	0.0682026
6.48e-06	-4.32e-06	0.0696693
7.2e-06	-4.32e-06	0.0687906
7.92e-06	-4.32e-06	0.06573
8.64e-06	-4.32e-06	0.0608184
9.36e-06	-4.32e-06	0.054536
1.008e-05	-4.32e-06	0.047485
1.08e-05	-4.32e-06	0.0403485
1.152e-05	-4.32e-06	0.0338238
1.224e-05	-4.32e-06	0.0285296
1.296e-05	-4.32e-06	0.0249249
1.368e-05	-4.32e-06	0.02327

-1.368e-05	-5.04e-06	0.0258373
-1.296e-05	-5.04e-06	0.0296119
-1.224e-05	-5.04e-06	0.0345079
-1.152e-05	-5.04e-06	0.0399937
-1.08e-05	-5.04e-06	0.0454756
-1.008e-05	-5.04e-06	0.050348
-9.36e-06	-5.04e-06	0.0540583
-8.64e-06	-5.04e-06	0.0561648
-7.92e-06	-5.04e-06	0.0563765
-7.2e-06	-5.04e-06	0.054576
-6.48e-06	-5.04e-06	0.0508285
-5.76e-06	-5.04e-06	0.0453791
-5.04e-06	-5.04e-06	0.0386418
-4.32e-06	-5.04e-06	0.0311792
-3.6e-06	-5.04e-06	0.0236724
-2.88e-06	-5.04e-06	0.0168759
-2.16e-06	-5.04e-06	0.0115507
-1.44e-06	-5.04e-06	0.00836636
-7.2e-07	-5.04e-06	0.00778136
0	-5.04e-06	0.00993468
7.2e-07	-5.04e-06	0.0146031
1.44e-06	-5.04e-06	0.0212477
2.16e-06	-5.04e-06	0.0291257
2.88e-06	-5.04e-06	0.0374168
3.6e-06	-5.04e-06	0.0453255
4.32e-06	-5.04e-06	0.0521514
5.04e-06	-5.04e-06	0.0573349
5.76e-06	-5.04e-06	0.0604847
6.48e-06	-5.04e-06	0.0613941
7.2e-06	-5.04e-06	0.0600462
7.92e-06	-5.04e-06	0.0566094
8.64e-06	-5.04e-06	0.0514224
9.36e-06	-5.04e-06	0.0449693
1.008e-05	-5.04e-06	0.0378437
1.08e-05	-5.04e-06	0.0306989
1.152e-05	-5.04e-06	0.0241845
1.224e-05	-5.04e-06	0.0188753
1.296e-05	-5.04e-06	0.0152076
1.368e-05	-5.04e-06	0.0134401

-1.368e-05	-5.76e-06	0.0156839
-1.296e-05	-5.76e-06	0.0192846
-1.224e-05	-5.76e-06	0.0240177
-1.152e-05	-5.76e-06	0.0293629
-1.08e-05	-5.76e-06	0.034745
-1.008e-05	-5.76e-06	0.0395849
-9.36e-06	-5.76e-06	0.0433554
-8.64e-06	-5.76e-06	0.0456329
-7.92e-06	-5.76e-06	0.046136
-7.2e-06	-5.76e-06	0.0447512
-6.48e-06	-5.76e-06	0.0415437
-5.76e-06	-5.76e-06	0.0367552
-5.04e-06	-5.76e-06	0.0307892
-4.32e-06	-5.76e-06	0.0241852
-3.6e-06	-5.76e-06	0.0175793
-2.88e-06	-5.76e-06	0.0116518
-2.16e-06	-5.76e-06	0.00705904
-1.44e-06	-5.76e-06	0.00435141
-7.2e-07	-5.76e-06	0.00388702
0	-5.76e-06	0.00576376
7.2e-07	-5.76e-06	0.00979443
1.44e-06	-5.76e-06	0.0155365
2.16e-06	-5.76e-06	0.0223652
2.88e-06	-5.76e-06	0.0295651
3.6e-06	-5.76e-06	0.036416
4.32e-06	-5.76e-06	0.042264
5.04e-06	-5.76e-06	0.0465746
5.76e-06	-5.76e-06	0.048969
6.48e-06	-5.76e-06	0.0492473
7.2e-06	-5.76e-06	0.0473966
7.92e-06	-5.76e-06	0.0435879
8.64e-06	-5.76e-06	0.0381589
9.36e-06	-5.76e-06	0.0315861
1.008e-05	-5.76e-06	0.024444
1.08e-05	-5.76e-06	0.017354
1.152e-05	-5.76e-06	0.0109258
1.224e-05	-5.76e-06	0.00569523
1.296e-05	-5.76e-06	0.0020718
1.368e-05	-5.76e-06	0.000301813

-1.368e-05	-6.48e-06	0.00240879
-1.296e-05	-6.48e-06	0.0058995
-1.224e-05	-6.48e-06	0.0105179
-1.152e-05	-6.48e-06	0.0157641
-1.08e-05	-6.48e-06	0.0210881
-1.008e-05	-6.48e-06	0.0259393
-9.36e-06	-6.48e-06	0.0298177
-8.64e-06	-6.48e-06	0.03232
-7.92e-06	-6.48e-06	0.0331778
-7.2e-06	-6.48e-06	0.0322818
-6.48e-06	-6.48e-06	0.0296928
-5.76e-06	-6.48e-06	0.0256395
-5.04e-06	-6.48e-06	0.0205011
-4.32e-06	-6.48e-06	0.0147787
-3.6e-06	-6.48e-06	0.0090528
-2.88e-06	-6.48e-06	0.0039296
-2.16e-06	-6.48e-06	-2.23459e-05
-1.44e-06	-6.48e-06	-0.00234117
-7.2e-07	-6.48e-06	-0.00273649
0	-6.48e-06	-0.00113646
7.2e-07	-6.48e-06	0.00229661
1.44e-06	-6.48e-06	0.00718755
2.16e-06	-6.48e-06	0.0130009
2.88e-06	-6.48e-06	0.0191109
3.6e-06	-6.48e-06	0.024874
4.32e-06	-6.48e-06	0.029695
5.04e-06	-6.48e-06	0.0330809
5.76e-06	-6.48e-06	0.0346812
6.48e-06	-6.48e-06	0.0343133
7.2e-06	-6.48e-06	0.0319737
7.92e-06	-6.48e-06	0.0278353
8.64e-06	-6.48e-06	0.02223
9.36e-06	-6.48e-06	0.0156191
1.008e-05	-6.48e-06	0.00855178
1.08e-05	-6.48e-06	0.00161517
1.152e-05	-6.48e-06	-0.00462131
1.224e-05	-6.48e-06	-0.00966049
1.296e-05	-6.48e-06	-0.0131242
1.368e-05	-6.48e-06	-0.0147864

-1.368e-05	-7.2e-06	-0.0126403
-1.296e-05	-7.2e-06	-0.00920217
-1.224e-05	-7.2e-06	-0.00465963
-1.152e-05	-7.2e-06	0.000513716
-1.08e-05	-7.2e-06	0.00579872
-1.008e-05	-7.2e-06	0.0106773
-9.36e-06	-7.2e-06	0.0146792
-8.64e-06	-7.2e-06	0.0174253
-7.92e-06	-7.2e-06	0.0186615
-7.2e-06	-7.2e-06	0.0182826
-6.48e-06	-7.2e-06	0.0163422
-5.76e-06	-7.2e-06	0.0130493
-5.04e-06	-7.2e-06	0.0087505
-4.32e-06	-7.2e-06	0.00390052
-3.6e-06	-7.2e-06	-0.000980119
-2.88e-06	-7.2e-06	-0.00535609
-2.16e-06	-7.2e-06	-0.00873462
-1.44e-06	-7.2e-06	-0.0107235
-7.2e-07	-7.2e-06	-0.0110822
0	-7.2e-06	-0.00975626
7.2e-07	-7.2e-06	-0.00688835
1.44e-06	-7.2e-06	-0.00280132
2.16e-06	-7.2e-06	0.00204221
2.88e-06	-7.2e-06	0.00709578
3.6e-06	-7.2e-06	0.0117909
4.32e-06	-7.2e-06	0.0155966
5.04e-06	-7.2e-06	0.0180706
5.76e-06	-7.2e-06	0.0188996
6.48e-06	-7.2e-06	0.0179254
7.2e-06	-7.2e-06	0.0151577
7.92e-06	-7.2e-06	0.0107709
8.64e-06	-7.2e-06	0.00508756
9.36e-06	-7.2e-06	-0.00145081
1.008e-05	-7.2e-06	-0.00832477
1.08e-05	-7.2e-06	-0.0149851
1.152e-05	-7.2e-06	-0.0209044
1.224e-05	-7.2e-06	-0.0256273
1.296e-05	-7.2e-06	-0.0288117
1.368e-05	-7.2e-06	-0.0302583

-1.368e-05	-7.92e-06	-0.0279174
-1.296e-05	-7.92e-06	-0.0244896
-1.224e-05	-7.92e-06	-0.0200028
-1.152e-05	-7.92e-06	-0.0148996
-1.08e-05	-7.92e-06	-0.00966305
-1.008e-05	-7.92e-06	-0.00477405
-9.36e-06	-7.92e-06	-0.000668629
-8.64e-06	-7.92e-06	0.00230087
-7.92e-06	-7.92e-06	0.00389727
-7.2e-06	-7.92e-06	0.00401976
-6.48e-06	-7.92e-06	0.00271283
-5.76e-06	-7.92e-06	0.000162174
-5.04e-06	-7.92e-06	-0.00332244
-4.32e-06	-7.92e-06	-0.00733643
-3.6e-06	-7.92e-06	-0.0114199
-2.88e-06	-7.92e-06	-0.0151045
-2.16e-06	-7.92e-06	-0.0179646
-1.44e-06	-7.92e-06	-0.0196657
-7.2e-07	-7.92e-06	-0.0200061
0	-7.92e-06	-0.0189441
7.2e-07	-7.92e-06	-0.0166048
1.44e-06	-7.92e-06	-0.013267
2.16e-06	-7.92e-06	-0.00933042
2.88e-06	-7.92e-06	-0.00526925
3.6e-06	-7.92e-06	-0.00157968
4.32e-06	-7.92e-06	0.00127294
5.04e-06	-7.92e-06	0.00290138
5.76e-06	-7.92e-06	0.00303426
6.48e-06	-7.92e-06	0.00154178
7.2e-06	-7.92e-06	-0.00155222
7.92e-06	-7.92e-06	-0.00607235
8.64e-06	-7.92e-06	-0.0117077
9.36e-06	-7.92e-06	-0.0180403
1.008e-05	-7.92e-06	-0.024584
1.08e-05	-7.92e-06	-0.0308303
1.152e-05	-7.92e-06	-0.0362971
1.224e-05	-7.92e-06	-0.0405741
1.296e-05	-7.92e-06	-0.0433609
1.368e-05	-7.92e-06	-0.0444911

-1.368e-05	-8.64e-06	-0.0418293
-1.296e-05	-8.64e-06	-0.0383913
-1.224e-05	-8.64e-06	-0.0339656
-1.152e-05	-8.64e-06	-0.0289588
-1.08e-05	-8.64e-06	-0.0238126
-1.008e-05	-8.64e-06	-0.0189652
-9.36e-06	-8.64e-06	-0.0148138
-8.64e-06	-8.64e-06	-0.0116801
-7.92e-06	-8.64e-06	-0.00978207
-7.2e-06	-8.64e-06	-0.00921493
-6.48e-06	-8.64e-06	-0.00994366
-5.76e-06	-8.64e-06	-0.0118071
-5.04e-06	-8.64e-06	-0.0145343
-4.32e-06	-8.64e-06	-0.0177715
-3.6e-06	-8.64e-06	-0.0211184
-2.88e-06	-8.64e-06	-0.0241697
-2.16e-06	-8.64e-06	-0.0265602
-1.44e-06	-8.64e-06	-0.0280052
-7.2e-07	-8.64e-06	-0.0283355
0	-8.64e-06	-0.0275181
7.2e-07	-8.64e-06	-0.0256621
1.44e-06	-8.64e-06	-0.0230072
2.16e-06	-8.64e-06	-0.0198962
2.88e-06	-8.64e-06	-0.0167367
3.6e-06	-8.64e-06	-0.0139557
4.32e-06	-8.64e-06	-0.0119536
5.04e-06	-8.64e-06	-0.0110619
5.76e-06	-8.64e-06	-0.0115086
6.48e-06	-8.64e-06	-0.0133943
7.2e-06	-8.64e-06	-0.0166811
7.92e-06	-8.64e-06	-0.0211942
8.64e-06	-8.64e-06	-0.0266369
9.36e-06	-8.64e-06	-0.0326177
1.008e-05	-8.64e-06	-0.0386863
1.08e-05	-8.64e-06	-0.0443775
1.152e-05	-8.64e-06	-0.0492562
1.224e-05	-8.64e-06	-0.0529609
1.296e-05	-8.64e-06	-0.055238
1.368e-05	-8.64e-06	-0.0559618

-1.368e-05	-9.36e-06	-0.0528909
-1.296e-05	-9.36e-06	-0.0494484
-1.224e-05	-9.36e-06	-0.0451185
-1.152e-05	-9.36e-06	-0.0402667
-1.08e-05	-9.36e-06	-0.0352863
-1.008e-05	-9.36e-06	-0.0305671
-9.36e-06	-9.36e-06	-0.0264625
-8.64e-06	-9.36e-06	-0.0232595
-7.92e-06	-9.36e-06	-0.021154
-7.2e-06	-9.36e-06	-0.0202338
-6.48e-06	-9.36e-06	-0.0204728
-5.76e-06	-9.36e-06	-0.021734
-5.04e-06	-9.36e-06	-0.0237853
-4.32e-06	-9.36e-06	-0.026323
-3.6e-06	-9.36e-06	-0.0290041
-2.88e-06	-9.36e-06	-0.0314831
-2.16e-06	-9.36e-06	-0.0334497
-1.44e-06	-9.36e-06	-0.0346638
-7.2e-07	-9.36e-06	-0.0349838
0	-9.36e-06	-0.0343835
7.2e-07	-9.36e-06	-0.0329566
1.44e-06	-9.36e-06	-0.0309067
2.16e-06	-9.36e-06	-0.0285243
2.88e-06	-9.36e-06	-0.0261547
3.6e-06	-9.36e-06	-0.0241596
4.32e-06	-9.36e-06	-0.0228765
5.04e-06	-9.36e-06	-0.0225826
5.76e-06	-9.36e-06	-0.0234635
6.48e-06	-9.36e-06	-0.0255922
7.2e-06	-9.36e-06	-0.0289184
7.92e-06	-9.36e-06	-0.0332706
8.64e-06	-9.36e-06	-0.0383691
9.36e-06	-9.36e-06	-0.0438511
1.008e-05	-9.36e-06	-0.0493043
1.08e-05	-9.36e-06	-0.054307
1.152e-05	-9.36e-06	-0.0584721
1.224e-05	-9.36e-06	-0.0614884
1.296e-05	-9.36e-06	-0.0631542
1.368e-05	-9.36e-06	-0.0633939

-1.368e-05	-1.008e-05	-0.0598681
-1.296e-05	-1.008e-05	-0.0564564
-1.224e-05	-1.008e-05	-0.0522895
-1.152e-05	-1.008e-05	-0.0476835
-1.08e-05	-1.008e-05	-0.0429763
-1.008e-05	-1.008e-05	-0.0385029
-9.36e-06	-1.008e-05	-0.0345679
-8.64e-06	-1.008e-05	-0.0314196
-7.92e-06	-1.008e-05	-0.0292287
-7.2e-06	-1.008e-05	-0.0280738
-6.48e-06	-1.008e-05	-0.0279358
-5.76e-06	-1.008e-05	-0.0287013
-5.04e-06	-1.008e-05	-0.0301755
-4.32e-06	-1.008e-05	-0.0321032
-3.6e-06	-1.008e-05	-0.0341966
-2.88e-06	-1.008e-05	-0.0361661
-2.16e-06	-1.008e-05	-0.0377525
-1.44e-06	-1.008e-05	-0.0387563
-7.2e-07	-1.008e-05	-0.0390601
0	-1.008e-05	-0.0386432
7.2e-07	-1.008e-05	-0.0375843
1.44e-06	-1.008e-05	-0.0360532
2.16e-06	-1.008e-05	-0.034292
2.88e-06	-1.008e-05	-0.0325876
3.6e-06	-1.008e-05	-0.0312396
4.32e-06	-1.008e-05	-0.0305265
5.04e-06	-1.008e-05	-0.030674
5.76e-06	-1.008e-05	-0.0318284
6.48e-06	-1.008e-05	-0.0340377
7.2e-06	-1.008e-05	-0.037243
7.92e-06	-1.008e-05	-0.0412793
8.64e-06	-1.008e-05	-0.0458875
9.36e-06	-1.008e-05	-0.0507359
1.008e-05	-1.008e-05	-0.0554507
1.08e-05	-1.008e-05	-0.0596528
1.152e-05	-1.008e-05	-0.0629996
1.224e-05	-1.008e-05	-0.0652281
1.296e-05	-1.008e-05	-0.0661919
1.368e-05	-1.008e-05	-0.0658793

-1.368e-05	-1.08e-05	-0.0618969
-1.296e-05	-1.08e-05	-0.0585836
-1.224e-05	-1.08e-05	-0.0546798
-1.152e-05	-1.08e-05	-0.0504412
-1.08e-05	-1.08e-05	-0.0461423
-1.008e-05	-1.08e-05	-0.0420568
-9.36e-06	-1.08e-05	-0.0384358
-8.64e-06	-1.08e-05	-0.0354858
-7.92e-06	-1.08e-05	-0.0333495
-7.2e-06	-1.08e-05	-0.0320943
-6.48e-06	-1.08e-05	-0.0317066
-5.76e-06	-1.08e-05	-0.0320947
-5.04e-06	-1.08e-05	-0.0330997
-4.32e-06	-1.08e-05	-0.034513
-3.6e-06	-1.08e-05	-0.0360992
-2.88e-06	-1.08e-05	-0.0376217
-2.16e-06	-1.08e-05	-0.0388693
-1.44e-06	-1.08e-05	-0.0396797
-7.2e-07	-1.08e-05	-0.0399578
0	-1.08e-05	-0.0396872
7.2e-07	-1.08e-05	-0.0389322
1.44e-06	-1.08e-05	-0.0378309
2.16e-06	-1.08e-05	-0.0365797
2.88e-06	-1.08e-05	-0.0354108
3.6e-06	-1.08e-05	-0.0345661
4.32e-06	-1.08e-05	-0.0342686
5.04e-06	-1.08e-05	-0.0346966
5.76e-06	-1.08e-05	-0.0359609
6.48e-06	-1.08e-05	-0.0380894
7.2e-06	-1.08e-05	-0.0410187
7.92e-06	-1.08e-05	-0.0445953
8.64e-06	-1.08e-05	-0.0485848
9.36e-06	-1.08e-05	-0.0526896
1.008e-05	-1.08e-05	-0.0565745
1.08e-05	-1.08e-05	-0.059899
1.152e-05	-1.08e-05	-0.0623565
1.224e-05	-1.08e-05	-0.0637211
1.296e-05	-1.08e-05	-0.0638983
1.368e-05	-1.08e-05	-0.062961

-1.368e-05	-1.152e-05	-0.0585633
-1.296e-05	-1.152e-05	-0.055453
-1.224e-05	-1.152e-05	-0.0519462
-1.152e-05	-1.152e-05	-0.048224
-1.08e-05	-1.152e-05	-0.0444885
-1.008e-05	-1.152e-05	-0.0409476
-9.36e-06	-1.152e-05	-0.037796
-8.64e-06	-1.152e-05	-0.0351956
-7.92e-06	-1.152e-05	-0.0332601
-7.2e-06	-1.152e-05	-0.0320435
-6.48e-06	-1.152e-05	-0.0315364
-5.76e-06	-1.152e-05	-0.0316673
-5.04e-06	-1.152e-05	-0.0323115
-4.32e-06	-1.152e-05	-0.0333047
-3.6e-06	-1.152e-05	-0.0344617
-2.88e-06	-1.152e-05	-0.0355966
-2.16e-06	-1.152e-05	-0.0365432
-1.44e-06	-1.152e-05	-0.0371743
-7.2e-07	-1.152e-05	-0.0374154
0	-1.152e-05	-0.0372538
7.2e-07	-1.152e-05	-0.03674
1.44e-06	-1.152e-05	-0.035982
2.16e-06	-1.152e-05	-0.0351333
2.88e-06	-1.152e-05	-0.034375
3.6e-06	-1.152e-05	-0.0338947
4.32e-06	-1.152e-05	-0.0338643
5.04e-06	-1.152e-05	-0.0344192
5.76e-06	-1.152e-05	-0.0356395
6.48e-06	-1.152e-05	-0.0375378
7.2e-06	-1.152e-05	-0.0400524
7.92e-06	-1.152e-05	-0.0430467
8.64e-06	-1.152e-05	-0.0463167
9.36e-06	-1.152e-05	-0.0496032
1.008e-05	-1.152e-05	-0.052611
1.08e-05	-1.152e-05	-0.0550325
1.152e-05	-1.152e-05	-0.0565814
1.224e-05	-1.152e-05	-0.0570404
1.296e-05	-1.152e-05	-0.0563403
1.368e-05	-1.152e-05	-0.0546632

-1.368e-05	-1.224e-05	-0.0499387
-1.296e-05	-1.224e-05	-0.0471833
-1.224e-05	-1.224e-05	-0.0442423
-1.152e-05	-1.224e-05	-0.0412062
-1.08e-05	-1.224e-05	-0.038199
-1.008e-05	-1.224e-05	-0.0353616
-9.36e-06	-1.224e-05	-0.0328318
-8.64e-06	-1.224e-05	-0.0307272
-7.92e-06	-1.224e-05	-0.0291313
-7.2e-06	-1.224e-05	-0.0280845
-6.48e-06	-1.224e-05	-0.02758
-5.76e-06	-1.224e-05	-0.0275655
-5.04e-06	-1.224e-05	-0.0279485
-4.32e-06	-1.224e-05	-0.0286079
-3.6e-06	-1.224e-05	-0.0294063
-2.88e-06	-1.224e-05	-0.0302061
-2.16e-06	-1.224e-05	-0.0308847
-1.44e-06	-1.224e-05	-0.0313478
-7.2e-07	-1.224e-05	-0.0315406
0	-1.224e-05	-0.0314536
7.2e-07	-1.224e-05	-0.0311242
1.44e-06	-1.224e-05	-0.0306318
2.16e-06	-1.224e-05	-0.0300893
2.88e-06	-1.224e-05	-0.0296295
3.6e-06	-1.224e-05	-0.0293896
4.32e-06	-1.224e-05	-0.0294944
5.04e-06	-1.224e-05	-0.0300403
5.76e-06	-1.224e-05	-0.0310821
6.48e-06	-1.224e-05	-0.0326228
7.2e-06	-1.224e-05	-0.0346079
7.92e-06	-1.224e-05	-0.0369253
8.64e-06	-1.224e-05	-0.0394084
9.36e-06	-1.224e-05	-0.0418439
1.008e-05	-1.224e-05	-0.0439816
1.08e-05	-1.224e-05	-0.0455451
1.152e-05	-1.224e-05	-0.0462477
1.224e-05	-1.224e-05	-0.0458247
1.296e-05	-1.224e-05	-0.0441349
1.368e-05	-1.224e-05	-0.0414407

-1.368e-05	-1.296e-05	-0.0365691
-1.296e-05	-1.296e-05	-0.0343891
-1.224e-05	-1.296e-05	-0.0322171
-1.152e-05	-1.296e-05	-0.0300458
-1.08e-05	-1.296e-05	-0.0279264
-1.008e-05	-1.296e-05	-0.0259378
-9.36e-06	-1.296e-05	-0.024165
-8.64e-06	-1.296e-05	-0.0226827
-7.92e-06	-1.296e-05	-0.0215454
-7.2e-06	-1.296e-05	-0.0207795
-6.48e-06	-1.296e-05	-0.0203806
-5.76e-06	-1.296e-05	-0.0203141
-5.04e-06	-1.296e-05	-0.0205194
-4.32e-06	-1.296e-05	-0.0209161
-3.6e-06	-1.296e-05	-0.0214138
-2.88e-06	-1.296e-05	-0.0219216
-2.16e-06	-1.296e-05	-0.0223584
-1.44e-06	-1.296e-05	-0.0226623
-7.2e-07	-1.296e-05	-0.0227969
0	-1.296e-05	-0.0227561
7.2e-07	-1.296e-05	-0.0225643
1.44e-06	-1.296e-05	-0.0222739
2.16e-06	-1.296e-05	-0.0219589
2.88e-06	-1.296e-05	-0.0217064
3.6e-06	-1.296e-05	-0.0216061
4.32e-06	-1.296e-05	-0.0217389
5.04e-06	-1.296e-05	-0.0221667
5.76e-06	-1.296e-05	-0.0229231
6.48e-06	-1.296e-05	-0.0240066
7.2e-06	-1.296e-05	-0.0253765
7.92e-06	-1.296e-05	-0.026952
8.64e-06	-1.296e-05	-0.0286136
9.36e-06	-1.296e-05	-0.0302054
1.008e-05	-1.296e-05	-0.0315357
1.08e-05	-1.296e-05	-0.0323721
1.152e-05	-1.296e-05	-0.0324227
1.224e-05	-1.296e-05	-0.0313014
1.296e-05	-1.296e-05	-0.0285281
1.368e-05	-1.296e-05	-0.0239687

-1.368e-05	-1.368e-05	-0.0194392
-1.296e-05	-1.368e-05	-0.0181538
-1.224e-05	-1.368e-05	-0.0169749
-1.152e-05	-1.368e-05	-0.0158341
-1.08e-05	-1.368e-05	-0.0147352
-1.008e-05	-1.368e-05	-0.0137092
-9.36e-06	-1.368e-05	-0.0127951
-8.64e-06	-1.368e-05	-0.012029
-7.92e-06	-1.368e-05	-0.0114373
-7.2e-06	-1.368e-05	-0.0110331
-6.48e-06	-1.368e-05	-0.0108141
-5.76e-06	-1.368e-05	-0.0107632
-5.04e-06	-1.368e-05	-0.0108503
-4.32e-06	-1.368e-05	-0.0110354
-3.6e-06	-1.368e-05	-0.0112735
-2.88e-06	-1.368e-05	-0.0115196
-2.16e-06	-1.368e-05	-0.0117332
-1.44e-06	-1.368e-05	-0.0118837
-7.2e-07	-1.368e-05	-0.0119529
0	-1.368e-05	-0.0119378
7.2e-07	-1.368e-05	-0.0118505
1.44e-06	-1.368e-05	-0.011717
2.16e-06	-1.368e-05	-0.0115739
2.88e-06	-1.368e-05	-0.0114643
3.6e-06	-1.368e-05	-0.0114325
4.32e-06	-1.368e-05	-0.0115182
5.04e-06	-1.368e-05	-0.0117517
5.76e-06	-1.368e-05	-0.0121488
6.48e-06	-1.368e-05	-0.0127075
7.2e-06	-1.368e-05	-0.0134061
7.92e-06	-1.368e-05	-0.014202
8.64e-06	-1.368e-05	-0.0150323
9.36e-06	-1.368e-05	-0.015813
1.008e-05	-1.368e-05	-0.0164357
1.08e-05	-1.368e-05	-0.0167533
1.152e-05	-1.368e-05	-0.016533
1.224e-05	-1.368e-05	-0.0153054
1.296e-05	-1.368e-05	-0.0118594
1.368e-05	-1.368e-05	-0.0024202
