-1.6e-05	-1.6e-05	-1.98781e-17
-1.52e-05	-1.6e-05	-1.4737e-16
-1.44e-05	-1.6e-05	-2.36197e-16
-1.36e-05	-1.6e-05	-3.49226e-16
-1.28e-05	-1.6e-05	5.70524e-17
-1.2e-05	-1.6e-05	-1.41098e-17
-1.12e-05	-1.6e-05	1.57595e-16
-1.04e-05	-1.6e-05	5.33708e-17
-9.6e-06	-1.6e-05	1.29662e-17
-8.8e-06	-1.6e-05	-1.48039e-17
-8e-06	-1.6e-05	8.59911e-17
-7.2e-06	-1.6e-05	-9.86837e-17
-6.4e-06	-1.6e-05	2.3971e-17
-5.6e-06	-1.6e-05	-9.84964e-18
-4.8e-06	-1.6e-05	9.89702e-17
-4e-06	-1.6e-05	-6.8003e-17
-3.2e-06	-1.6e-05	-3.18427e-17
-2.4e-06	-1.6e-05	-8.04574e-17
-1.6e-06	-1.6e-05	-1.95863e-17
-8e-07	-1.6e-05	8.07986e-20
0	-1.6e-05	-3.82497e-17
8e-07	-1.6e-05	5.04959e-17
1.6e-06	-1.6e-05	-2.991e-18
2.4e-06	-1.6e-05	2.02797e-17
3.2e-06	-1.6e-05	-5.90637e-18
4e-06	-1.6e-05	-5.89116e-17
4.8e-06	-1.6e-05	5.75608e-19
5.6e-06	-1.6e-05	-2.4598e-17
6.4e-06	-1.6e-05	-5.44858e-17
7.2e-06	-1.6e-05	6.95664e-17
8e-06	-1.6e-05	-1.03449e-16
8.8e-06	-1.6e-05	7.07645e-18
9.6e-06	-1.6e-05	-5.29034e-17
1.04e-05	-1.6e-05	1.22003e-16
1.12e-05	-1.6e-05	1.46276e-16
1.2e-05	-1.6e-05	-5.99787e-18
1.28e-05	-1.6e-05	-3.17812e-17
1.36e-05	-1.6e-05	3.88928e-18
1.44e-05	-1.6e-05	-1.72496e-16
1.52e-05	-1.6e-05	-1.12644e-17
-1.6e-05	-1.52e-05	4.29034e-17
-1.52e-05	-1.52e-05	-6.21222e-17
-1.44e-05	-1.52e-05	-2.99295e-16
-1.36e-05	-1.52e-05	1.11765e-16
-1.28e-05	-1.52e-05	6.85293e-17
-1.2e-05	-1.52e-05	1.39648e-17
-1.12e-05	-1.52e-05	-1.05804e-17
-1.04e-05	-1.52e-05	-1.07249e-17
-9.6e-06	-1.52e-05	6.96617e-17
-8.8e-06	-1.52e-05	8.71589e-17
-8e-06	-1.52e-05	-1.2062e-17
-7.2e-06	-1.52e-05	1.16834e-16
-6.4e-06	-1.52e-05	7.64148e-17
-5.6e-06	-1.52e-05	2.05191e-17
-4.8e-06	-1.52e-05	-2.58593e-16
-4e-06	-1.52e-05	-1.38129e-16
-3.2e-06	-1.52e-05	-1.32125e-17
-2.4e-06	-1.52e-05	-2.90742e-16
-1.6e-06	-1.52e-05	3.51024e-17
-8e-07	-1.52e-05	-3.71017e-16
0	-1.52e-05	-1.07266e-16
8e-07	-1.52e-05	-6.65382e-17
1.6e-06	-1.52e-05	1.31381e-17
2.4e-06	-1.52e-05	1.03539e-17
3.2e-06	-1.52e-05	-2.37882e-17
4e-06	-1.52e-05	-8.49323e-17
4.8e-06	-1.52e-05	-7.52268e-17
5.6e-06	-1.52e-05	-1.8286e-17
6.4e-06	-1.52e-05	5.98251e-17
7.2e-06	-1.52e-05	-4.55621e-17
8e-06	-1.52e-05	4.06112e-17
8.8e-06	-1.52e-05	-1.06656e-16
9.6e-06	-1.52e-05	1.1989e-16
1.04e-05	-1.52e-05	2.71632e-17
1.12e-05	-1.52e-05	1.32687e-16
1.2e-05	-1.52e-05	-8.23454e-17
1.28e-05	-1.52e-05	-1.5048e-16
1.36e-05	-1.52e-05	-9.75079e-17
1.44e-05	-1.52e-05	-2.85119e-16
1.52e-05	-1.52e-05	9.79878e-17
-1.6e-05	-1.44e-05	4.70352e-16
-1.52e-05	-1.44e-05	-7.31597e-18
-1.44e-05	-1.44e-05	1.61537e-16
-1.36e-05	-1.44e-05	1.15135e-16
-1.28e-05	-1.44e-05	-1.80682e-16
-1.2e-05	-1.44e-05	-8.17897e-17
-1.12e-05	-1.44e-05	-2.99233e-16
-1.04e-05	-1.44e-05	2.33167e-16
-9.6e-06	-1.44e-05	2.15338e-16
-8.8e-06	-1.44e-05	-1.27541e-16
-8e-06	-1.44e-05	-3.05624e-17
-7.2e-06	-1.44e-05	1.13992e-16
-6.4e-06	-1.44e-05	2.86033e-16
-5.6e-06	-1.44e-05	-2.19152e-17
-4.8e-06	-1.44e-05	-1.04008e-16
-4e-06	-1.44e-05	-8.93187e-17
-3.2e-06	-1.44e-05	-6.9234e-17
-2.4e-06	-1.44e-05	-1.2421e-16
-1.6e-06	-1.44e-05	6.51337e-17
-8e-07	-1.44e-05	-1.08077e-16
0	-1.44e-05	-3.83958e-17
8e-07	-1.44e-05	-1.03955e-16
1.6e-06	-1.44e-05	-4.21105e-17
2.4e-06	-1.44e-05	-1.02799e-17
3.2e-06	-1.44e-05	-4.25499e-17
4e-06	-1.44e-05	2.67889e-18
4.8e-06	-1.44e-05	-5.58494e-17
5.6e-06	-1.44e-05	6.80847e-17
6.4e-06	-1.44e-05	-4.44318e-17
7.2e-06	-1.44e-05	-2.29386e-17
8e-06	-1.44e-05	5.31098e-17
8.8e-06	-1.44e-05	-5.05963e-17
9.6e-06	-1.44e-05	4.06927e-17
1.04e-05	-1.44e-05	-7.20231e-18
1.12e-05	-1.44e-05	5.67872e-17
1.2e-05	-1.44e-05	-2.38435e-17
1.28e-05	-1.44e-05	-5.31194e-18
1.36e-05	-1.44e-05	-1.00824e-16
1.44e-05	-1.44e-05	3.42824e-17
1.52e-05	-1.44e-05	1.37278e-16
-1.6e-05	-1.36e-05	1.61869e-17
-1.52e-05	-1.36e-05	1.47012e-16
-1.44e-05	-1.36e-05	-4.08636e-19
-1.36e-05	-1.36e-05	-1.47612e-17
-1.28e-05	-1.36e-05	1.52506e-17
-1.2e-05	-1.36e-05	-1.93526e-17
-1.12e-05	-1.36e-05	-3.60542e-17
-1.04e-05	-1.36e-05	4.10815e-17
-9.6e-06	-1.36e-05	7.40966e-17
-8.8e-06	-1.36e-05	8.13176e-17
-8e-06	-1.36e-05	2.58859e-17
-7.2e-06	-1.36e-05	-1.99813e-17
-6.4e-06	-1.36e-05	2.78645e-17
-5.6e-06	-1.36e-05	-8.50979e-17
-4.8e-06	-1.36e-05	-6.73205e-18
-4e-06	-1.36e-05	-9.16746e-17
-3.2e-06	-1.36e-05	-2.08375e-16
-2.4e-06	-1.36e-05	-2.7114e-16
-1.6e-06	-1.36e-05	-4.59345e-16
-8e-07	-1.36e-05	-4.42233e-16
0	-1.36e-05	-4.99733e-16
8e-07	-1.36e-05	-3.19214e-16
1.6e-06	-1.36e-05	-1.89031e-16
2.4e-06	-1.36e-05	-1.14669e-16
3.2e-06	-1.36e-05	-1.49804e-17
4e-06	-1.36e-05	-9.51656e-17
4.8e-06	-1.36e-05	2.40715e-17
5.6e-06	-1.36e-05	-1.55393e-17
6.4e-06	-1.36e-05	9.34668e-20
7.2e-06	-1.36e-05	5.8235e-17
8e-06	-1.36e-05	1.03497e-17
8.8e-06	-1.36e-05	5.55575e-17
9.6e-06	-1.36e-05	-6.07401e-18
1.04e-05	-1.36e-05	2.61202e-17
1.12e-05	-1.36e-05	-4.9138e-17
1.2e-05	-1.36e-05	5.23728e-17
1.28e-05	-1.36e-05	-5.3303e-17
1.36e-05	-1.36e-05	3.78341e-17
1.44e-05	-1.36e-05	-2.34471e-17
1.52e-05	-1.36e-05	6.71828e-17
-1.6e-05	-1.28e-05	9.43677e-17
-1.52e-05	-1.28e-05	3.78158e-17
-1.44e-05	-1.28e-05	-2.6594e-17
-1.36e-05	-1.28e-05	5.07935e-18
-1.28e-05	-1.28e-05	-1.77206e-17
-1.2e-05	-1.28e-05	1.05291e-16
-1.12e-05	-1.28e-05	-1.66086e-17
-1.04e-05	-1.28e-05	-1.64415e-17
-9.6e-06	-1.28e-05	9.43076e-18
-8.8e-06	-1.28e-05	-5.32406e-17
-8e-06	-1.28e-05	6.64901e-17
-7.2e-06	-1.28e-05	-3.31408e-17
-6.4e-06	-1.28e-05	-7.36782e-17
-5.6e-06	-1.28e-05	-6.47013e-17
-4.8e-06	-1.28e-05	-2.97578e-16
-4e-06	-1.28e-05	-5.96938e-16
-3.2e-06	-1.28e-05	-1.24649e-15
-2.4e-06	-1.28e-05	-2.18651e-15
-1.6e-06	-1.28e-05	-3.32605e-15
-8e-07	-1.28e-05	-3.9119e-15
0	-1.28e-05	-3.58568e-15
8e-07	-1.28e-05	-2.53046e-15
1.6e-06	-1.28e-05	-1.51393e-15
2.4e-06	-1.28e-05	-7.51896e-16
3.2e-06	-1.28e-05	-3.23872e-16
4e-06	-1.28e-05	-1.59847e-16
4.8e-06	-1.28e-05	-3.00469e-17
5.6e-06	-1.28e-05	-3.88076e-17
6.4e-06	-1.28e-05	3.06572e-17
7.2e-06	-1.28e-05	-1.75809e-18
8e-06	-1.28e-05	-5.06529e-18
8.8e-06	-1.28e-05	-2.5968e-17
9.6e-06	-1.28e-05	-6.8401e-18
1.04e-05	-1.28e-05	-1.63035e-17
1.12e-05	-1.28e-05	-1.02686e-18
1.2e-05	-1.28e-05	-3.55194e-17
1.28e-05	-1.28e-05	4.62856e-17
1.36e-05	-1.28e-05	-2.90466e-17
1.44e-05	-1.28e-05	7.24404e-17
1.52e-05	-1.28e-05	2.04654e-18
-1.6e-05	-1.2e-05	5.22402e-17
-1.52e-05	-1.2e-05	-1.04672e-16
-1.44e-05	-1.2e-05	2.11162e-17
-1.36e-05	-1.2e-05	-1.20884e-16
-1.28e-05	-1.2e-05	-2.19526e-17
-1.2e-05	-1.2e-05	-1.664e-16
-1.12e-05	-1.2e-05	-6.7239e-17
-1.04e-05	-1.2e-05	-1.71646e-16
-9.6e-06	-1.2e-05	-1.33784e-16
-8.8e-06	-1.2e-05	-1.27021e-16
-8e-06	-1.2e-05	-1.97669e-16
-7.2e-06	-1.2e-05	-2.58426e-16
-6.4e-06	-1.2e-05	-3.53099e-16
-5.6e-06	-1.2e-05	-7.49886e-16
-4.8e-06	-1.2e-05	-1.74454e-15
-4e-06	-1.2e-05	-4.02512e-15
-3.2e-06	-1.2e-05	-8.72323e-15
-2.4e-06	-1.2e-05	-1.62608e-14
-1.6e-06	-1.2e-05	-2.48258e-14
-8e-07	-1.2e-05	-2.97179e-14
0	-1.2e-05	-2.70248e-14
8e-07	-1.2e-05	-1.90177e-14
1.6e-06	-1.2e-05	-1.07585e-14
2.4e-06	-1.2e-05	-5.1342e-15
3.2e-06	-1.2e-05	-2.27364e-15
4e-06	-1.2e-05	-9.65322e-16
4.8e-06	-1.2e-05	-4.99919e-16
5.6e-06	-1.2e-05	-2.18919e-16
6.4e-06	-1.2e-05	-2.30189e-16
7.2e-06	-1.2e-05	-1.45701e-16
8e-06	-1.2e-05	-1.56833e-16
8.8e-06	-1.2e-05	-2.33601e-16
9.6e-06	-1.2e-05	-1.66843e-16
1.04e-05	-1.2e-05	-1.71226e-16
1.12e-05	-1.2e-05	-2.11493e-16
1.2e-05	-1.2e-05	-1.48109e-16
1.28e-05	-1.2e-05	-2.15477e-16
1.36e-05	-1.2e-05	-1.32351e-16
1.44e-05	-1.2e-05	-2.84209e-16
1.52e-05	-1.2e-05	-2.17286e-16
-1.6e-05	-1.12e-05	-6.06327e-16
-1.52e-05	-1.12e-05	-5.38092e-16
-1.44e-05	-1.12e-05	-9.9141e-16
-1.36e-05	-1.12e-05	-9.92077e-16
-1.28e-05	-1.12e-05	-1.15075e-15
-1.2e-05	-1.12e-05	-1.14279e-15
-1.12e-05	-1.12e-05	-1.27277e-15
-1.04e-05	-1.12e-05	-1.29534e-15
-9.6e-06	-1.12e-05	-1.24104e-15
-8.8e-06	-1.12e-05	-1.37051e-15
-8e-06	-1.12e-05	-1.48048e-15
-7.2e-06	-1.12e-05	-1.66312e-15
-6.4e-06	-1.12e-05	-2.50528e-15
-5.6e-06	-1.12e-05	-4.75215e-15
-4.8e-06	-1.12e-05	-1.13212e-14
-4e-06	-1.12e-05	-2.75461e-14
-3.2e-06	-1.12e-05	-6.18775e-14
-2.4e-06	-1.12e-05	-1.19877e-13
-1.6e-06	-1.12e-05	-1.88831e-13
-8e-07	-1.12e-05	-2.29446e-13
0	-1.12e-05	-2.0712e-13
8e-07	-1.12e-05	-1.41733e-13
1.6e-06	-1.12e-05	-7.74639e-14
2.4e-06	-1.12e-05	-3.57856e-14
3.2e-06	-1.12e-05	-1.49661e-14
4e-06	-1.12e-05	-6.26774e-15
4.8e-06	-1.12e-05	-3.02178e-15
5.6e-06	-1.12e-05	-2.04582e-15
6.4e-06	-1.12e-05	-1.57984e-15
7.2e-06	-1.12e-05	-1.47835e-15
8e-06	-1.12e-05	-1.37563e-15
8.8e-06	-1.12e-05	-1.34239e-15
9.6e-06	-1.12e-05	-1.40605e-15
1.04e-05	-1.12e-05	-1.32927e-15
1.12e-05	-1.12e-05	-1.31005e-15
1.2e-05	-1.12e-05	-1.40866e-15
1.28e-05	-1.12e-05	-1.45412e-15
1.36e-05	-1.12e-05	-1.70777e-15
1.44e-05	-1.12e-05	-2.16367e-15
1.52e-05	-1.12e-05	-3.1776e-15
-1.6e-05	-1.04e-05	-4.18457e-15
-1.52e-05	-1.04e-05	-5.91461e-15
-1.44e-05	-1.04e-05	-7.16344e-15
-1.36e-05	-1.04e-05	-8.24926e-15
-1.28e-05	-1.04e-05	-8.91814e-15
-1.2e-05	-1.04e-05	-9.38511e-15
-1.12e-05	-1.04e-05	-9.63491e-15
-1.04e-05	-1.04e-05	-9.77059e-15
-9.6e-06	-1.04e-05	-1.00293e-14
-8.8e-06	-1.04e-05	-1.02135e-14
-8e-06	-1.04e-05	-1.07282e-14
-7.2e-06	-1.04e-05	-1.22283e-14
-6.4e-06	-1.04e-05	-1.66339e-14
-5.6e-06	-1.04e-05	-3.13239e-14
-4.8e-06	-1.04e-05	-7.40807e-14
-4e-06	-1.04e-05	-1.86442e-13
-3.2e-06	-1.04e-05	-4.37079e-13
-2.4e-06	-1.04e-05	-8.81615e-13
-1.6e-06	-1.04e-05	-1.43613e-12
-8e-07	-1.04e-05	-1.77273e-12
0	-1.04e-05	-1.58679e-12
8e-07	-1.04e-05	-1.05427e-12
1.6e-06	-1.04e-05	-5.54056e-13
2.4e-06	-1.04e-05	-2.45644e-13
3.2e-06	-1.04e-05	-9.89039e-14
4e-06	-1.04e-05	-4.05927e-14
4.8e-06	-1.04e-05	-2.02665e-14
5.6e-06	-1.04e-05	-1.37064e-14
6.4e-06	-1.04e-05	-1.17212e-14
7.2e-06	-1.04e-05	-1.08005e-14
8e-06	-1.04e-05	-1.0559e-14
8.8e-06	-1.04e-05	-1.02635e-14
9.6e-06	-1.04e-05	-1.00583e-14
1.04e-05	-1.04e-05	-1.00109e-14
1.12e-05	-1.04e-05	-9.95975e-15
1.2e-05	-1.04e-05	-1.01935e-14
1.28e-05	-1.04e-05	-1.08949e-14
1.36e-05	-1.04e-05	-1.26043e-14
1.44e-05	-1.04e-05	-1.62697e-14
1.52e-05	-1.04e-05	-2.27728e-14
-1.6e-05	-9.6e-06	-3.26025e-14
-1.52e-05	-9.6e-06	-4.37884e-14
-1.44e-05	-9.6e-06	-5.41134e-14
-1.36e-05	-9.6e-06	-6.17466e-14
-1.28e-05	-9.6e-06	-6.68156e-14
-1.2e-05	-9.6e-06	-6.9969e-14
-1.12e-05	-9.6e-06	-7.19131e-14
-1.04e-05	-9.6e-06	-7.33963e-14
-9.6e-06	-9.6e-06	-7.45353e-14
-8.8e-06	-9.6e-06	-7.61601e-14
-8e-06	-9.6e-06	-7.92619e-14
-7.2e-06	-9.6e-06	-8.74473e-14
-6.4e-06	-9.6e-06	-1.14585e-13
-5.6e-06	-9.6e-06	-2.03919e-13
-4.8e-06	-9.6e-06	-4.80802e-13
-4e-06	-9.6e-06	-1.24833e-12
-3.2e-06	-9.6e-06	-3.05868e-12
-2.4e-06	-9.6e-06	-6.4558e-12
-1.6e-06	-9.6e-06	-1.09186e-11
-8e-07	-9.6e-06	-1.37362e-11
0	-9.6e-06	-1.21723e-11
8e-07	-9.6e-06	-7.82138e-12
1.6e-06	-9.6e-06	-3.93202e-12
2.4e-06	-9.6e-06	-1.66563e-12
3.2e-06	-9.6e-06	-6.46759e-13
4e-06	-9.6e-06	-2.63788e-13
4.8e-06	-9.6e-06	-1.36771e-13
5.6e-06	-9.6e-06	-9.75881e-14
6.4e-06	-9.6e-06	-8.53237e-14
7.2e-06	-9.6e-06	-8.08079e-14
8e-06	-9.6e-06	-7.82395e-14
8.8e-06	-9.6e-06	-7.66257e-14
9.6e-06	-9.6e-06	-7.52736e-14
1.04e-05	-9.6e-06	-7.4445e-14
1.12e-05	-9.6e-06	-7.44055e-14
1.2e-05	-9.6e-06	-7.56353e-14
1.28e-05	-9.6e-06	-8.02795e-14
1.36e-05	-9.6e-06	-9.21096e-14
1.44e-05	-9.6e-06	-1.18351e-13
1.52e-05	-9.6e-06	-1.67092e-13
-1.6e-05	-8.8e-06	-2.41084e-13
-1.52e-05	-8.8e-06	-3.27822e-13
-1.44e-05	-8.8e-06	-4.05768e-13
-1.36e-05	-8.8e-06	-4.62852e-13
-1.28e-05	-8.8e-06	-4.99847e-13
-1.2e-05	-8.8e-06	-5.22503e-13
-1.12e-05	-8.8e-06	-5.36805e-13
-1.04e-05	-8.8e-06	-5.46697e-13
-9.6e-06	-8.8e-06	-5.55434e-13
-8.8e-06	-8.8e-06	-5.66067e-13
-8e-06	-8.8e-06	-5.84582e-13
-7.2e-06	-8.8e-06	-6.33151e-13
-6.4e-06	-8.8e-06	-7.90083e-13
-5.6e-06	-8.8e-06	-1.32725e-12
-4.8e-06	-8.8e-06	-3.08182e-12
-4e-06	-8.8e-06	-8.23553e-12
-3.2e-06	-8.8e-06	-2.11708e-11
-2.4e-06	-8.8e-06	-4.70072e-11
-1.6e-06	-8.8e-06	-8.30068e-11
-8e-07	-8.8e-06	-1.06771e-10
0	-8.8e-06	-9.35046e-11
8e-07	-8.8e-06	-5.77943e-11
1.6e-06	-8.8e-06	-2.76402e-11
2.4e-06	-8.8e-06	-1.1137e-11
3.2e-06	-8.8e-06	-4.17044e-12
4e-06	-8.8e-06	-1.70364e-12
4.8e-06	-8.8e-06	-9.28563e-13
5.6e-06	-8.8e-06	-6.99203e-13
6.4e-06	-8.8e-06	-6.27653e-13
7.2e-06	-8.8e-06	-5.99126e-13
8e-06	-8.8e-06	-5.82481e-13
8.8e-06	-8.8e-06	-5.70206e-13
9.6e-06	-8.8e-06	-5.6083e-13
1.04e-05	-8.8e-06	-5.54304e-13
1.12e-05	-8.8e-06	-5.52638e-13
1.2e-05	-8.8e-06	-5.60599e-13
1.28e-05	-8.8e-06	-5.90651e-13
1.36e-05	-8.8e-06	-6.72076e-13
1.44e-05	-8.8e-06	-8.58657e-13
1.52e-05	-8.8e-06	-1.21961e-12
-1.6e-05	-8e-06	-1.78213e-12
-1.52e-05	-8e-06	-2.45142e-12
-1.44e-05	-8e-06	-3.0438e-12
-1.36e-05	-8e-06	-3.46862e-12
-1.28e-05	-8e-06	-3.73801e-12
-1.2e-05	-8e-06	-3.90091e-12
-1.12e-05	-8e-06	-4.00251e-12
-1.04e-05	-8e-06	-4.07364e-12
-9.6e-06	-8e-06	-4.13591e-12
-8.8e-06	-8e-06	-4.20769e-12
-8e-06	-8e-06	-4.32506e-12
-7.2e-06	-8e-06	-4.60495e-12
-6.4e-06	-8e-06	-5.49613e-12
-5.6e-06	-8e-06	-8.6439e-12
-4.8e-06	-8e-06	-1.9488e-11
-4e-06	-8e-06	-5.34228e-11
-3.2e-06	-8e-06	-1.4458e-10
-2.4e-06	-8e-06	-3.39844e-10
-1.6e-06	-8e-06	-6.30767e-10
-8e-07	-8e-06	-8.32953e-10
0	-8e-06	-7.19328e-10
8e-07	-8e-06	-4.24884e-10
1.6e-06	-8e-06	-1.92015e-10
2.4e-06	-8e-06	-7.32515e-11
3.2e-06	-8e-06	-2.64785e-11
4e-06	-8e-06	-1.09631e-11
4.8e-06	-8e-06	-6.35977e-12
5.6e-06	-8e-06	-5.04647e-12
6.4e-06	-8e-06	-4.63153e-12
7.2e-06	-8e-06	-4.45019e-12
8e-06	-8e-06	-4.33462e-12
8.8e-06	-8e-06	-4.24499e-12
9.6e-06	-8e-06	-4.17414e-12
1.04e-05	-8e-06	-4.12457e-12
1.12e-05	-8e-06	-4.1069e-12
1.2e-05	-8e-06	-4.1529e-12
1.28e-05	-8e-06	-4.34772e-12
1.36e-05	-8e-06	-4.89916e-12
1.44e-05	-8e-06	-6.21882e-12
1.52e-05	-8e-06	-8.87949e-12
-1.6e-05	-7.2e-06	-1.31671e-11
-1.52e-05	-7.2e-06	-1.83383e-11
-1.44e-05	-7.2e-06	-2.28434e-11
-1.36e-05	-7.2e-06	-2.59959e-11
-1.28e-05	-7.2e-06	-2.7952e-11
-1.2e-05	-7.2e-06	-2.91203e-11
-1.12e-05	-7.2e-06	-2.98446e-11
-1.04e-05	-7.2e-06	-3.03542e-11
-9.6e-06	-7.2e-06	-3.07971e-11
-8.8e-06	-7.2e-06	-3.12969e-11
-8e-06	-7.2e-06	-3.20494e-11
-7.2e-06	-7.2e-06	-3.36749e-11
-6.4e-06	-7.2e-06	-3.86313e-11
-5.6e-06	-7.2e-06	-5.65223e-11
-4.8e-06	-7.2e-06	-1.2161e-10
-4e-06	-7.2e-06	-3.39652e-10
-3.2e-06	-7.2e-06	-9.71089e-10
-2.4e-06	-7.2e-06	-2.43441e-09
-1.6e-06	-7.2e-06	-4.78891e-09
-8e-07	-7.2e-06	-6.52542e-09
0	-7.2e-06	-5.54207e-09
8e-07	-7.2e-06	-3.10258e-09
1.6e-06	-7.2e-06	-1.31433e-09
2.4e-06	-7.2e-06	-4.72348e-10
3.2e-06	-7.2e-06	-1.65362e-10
4e-06	-7.2e-06	-7.05193e-11
4.8e-06	-7.2e-06	-4.40073e-11
5.6e-06	-7.2e-06	-3.66713e-11
6.4e-06	-7.2e-06	-3.42591e-11
7.2e-06	-7.2e-06	-3.30824e-11
8e-06	-7.2e-06	-3.22609e-11
8.8e-06	-7.2e-06	-3.16012e-11
9.6e-06	-7.2e-06	-3.10715e-11
1.04e-05	-7.2e-06	-3.06904e-11
1.12e-05	-7.2e-06	-3.05272e-11
1.2e-05	-7.2e-06	-3.0782e-11
1.28e-05	-7.2e-06	-3.20229e-11
1.36e-05	-7.2e-06	-3.57104e-11
1.44e-05	-7.2e-06	-4.49592e-11
1.52e-05	-7.2e-06	-6.44878e-11
-1.6e-05	-6.4e-06	-9.71828e-11
-1.52e-05	-6.4e-06	-1.37276e-10
-1.44e-05	-6.4e-06	-1.71534e-10
-1.36e-05	-6.4e-06	-1.94857e-10
-1.28e-05	-6.4e-06	-2.09015e-10
-1.2e-05	-6.4e-06	-2.17365e-10
-1.12e-05	-6.4e-06	-2.2253e-10
-1.04e-05	-6.4e-06	-2.26172e-10
-9.6e-06	-6.4e-06	-2.29347e-10
-8.8e-06	-6.4e-06	-2.32868e-10
-8e-06	-6.4e-06	-2.37836e-10
-7.2e-06	-6.4e-06	-2.47426e-10
-6.4e-06	-6.4e-06	-2.74513e-10
-5.6e-06	-6.4e-06	-3.72776e-10
-4.8e-06	-6.4e-06	-7.49736e-10
-4e-06	-6.4e-06	-2.10881e-09
-3.2e-06	-6.4e-06	-6.38742e-09
-2.4e-06	-6.4e-06	-1.72295e-08
-1.6e-06	-6.4e-06	-3.63021e-08
-8e-07	-6.4e-06	-5.137e-08
0	-6.4e-06	-4.2763e-08
8e-07	-6.4e-06	-2.24511e-08
1.6e-06	-6.4e-06	-8.82844e-09
2.4e-06	-6.4e-06	-2.97362e-09
3.2e-06	-6.4e-06	-1.01534e-09
4e-06	-6.4e-06	-4.55462e-10
4.8e-06	-6.4e-06	-3.08178e-10
5.6e-06	-6.4e-06	-2.68111e-10
6.4e-06	-6.4e-06	-2.53925e-10
7.2e-06	-6.4e-06	-2.46061e-10
8e-06	-6.4e-06	-2.40142e-10
8.8e-06	-6.4e-06	-2.3526e-10
9.6e-06	-6.4e-06	-2.31296e-10
1.04e-05	-6.4e-06	-2.28388e-10
1.12e-05	-6.4e-06	-2.26966e-10
1.2e-05	-6.4e-06	-2.28285e-10
1.28e-05	-6.4e-06	-2.36038e-10
1.36e-05	-6.4e-06	-2.60337e-10
1.44e-05	-6.4e-06	-3.24432e-10
1.52e-05	-6.4e-06	-4.66974e-10
-1.6e-05	-5.6e-06	-7.16384e-10
-1.52e-05	-5.6e-06	-1.02848e-09
-1.44e-05	-5.6e-06	-1.28886e-09
-1.36e-05	-5.6e-06	-1.4608e-09
-1.28e-05	-5.6e-06	-1.56284e-09
-1.2e-05	-5.6e-06	-1.62237e-09
-1.12e-05	-5.6e-06	-1.65915e-09
-1.04e-05	-5.6e-06	-1.6852e-09
-9.6e-06	-5.6e-06	-1.70802e-09
-8.8e-06	-5.6e-06	-1.73312e-09
-8e-06	-5.6e-06	-1.76687e-09
-7.2e-06	-5.6e-06	-1.82509e-09
-6.4e-06	-5.6e-06	-1.97186e-09
-5.6e-06	-5.6e-06	-2.49159e-09
-4.8e-06	-5.6e-06	-4.58163e-09
-4e-06	-5.6e-06	-1.27321e-08
-3.2e-06	-5.6e-06	-4.09021e-08
-2.4e-06	-5.6e-06	-1.19988e-07
-1.6e-06	-5.6e-06	-2.745e-07
-8e-07	-5.6e-06	-4.06694e-07
0	-5.6e-06	-3.3044e-07
8e-07	-5.6e-06	-1.60458e-07
1.6e-06	-5.6e-06	-5.78649e-08
2.4e-06	-5.6e-06	-1.81805e-08
3.2e-06	-5.6e-06	-6.13564e-09
4e-06	-5.6e-06	-2.97072e-09
4.8e-06	-5.6e-06	-2.18573e-09
5.6e-06	-5.6e-06	-1.97057e-09
6.4e-06	-5.6e-06	-1.88497e-09
7.2e-06	-5.6e-06	-1.83089e-09
8e-06	-5.6e-06	-1.78773e-09
8.8e-06	-5.6e-06	-1.75148e-09
9.6e-06	-5.6e-06	-1.72182e-09
1.04e-05	-5.6e-06	-1.69971e-09
1.12e-05	-5.6e-06	-1.68784e-09
1.2e-05	-5.6e-06	-1.6939e-09
1.28e-05	-5.6e-06	-1.74134e-09
1.36e-05	-5.6e-06	-1.89866e-09
1.44e-05	-5.6e-06	-2.3368e-09
1.52e-05	-5.6e-06	-3.36977e-09
-1.6e-05	-4.8e-06	-5.27256e-09
-1.52e-05	-4.8e-06	-7.71349e-09
-1.44e-05	-4.8e-06	-9.69047e-09
-1.36e-05	-4.8e-06	-1.09525e-08
-1.28e-05	-4.8e-06	-1.16847e-08
-1.2e-05	-4.8e-06	-1.2108e-08
-1.12e-05	-4.8e-06	-1.23697e-08
-1.04e-05	-4.8e-06	-1.25562e-08
-9.6e-06	-4.8e-06	-1.27205e-08
-8.8e-06	-4.8e-06	-1.2901e-08
-8e-06	-4.8e-06	-1.31361e-08
-7.2e-06	-4.8e-06	-1.35039e-08
-6.4e-06	-4.8e-06	-1.43054e-08
-5.6e-06	-4.8e-06	-1.69509e-08
-4.8e-06	-4.8e-06	-2.79328e-08
-4e-06	-4.8e-06	-7.44212e-08
-3.2e-06	-4.8e-06	-2.52862e-07
-2.4e-06	-4.8e-06	-8.17229e-07
-1.6e-06	-4.8e-06	-2.06758e-06
-8e-07	-4.8e-06	-3.24109e-06
0	-4.8e-06	-2.55673e-06
8e-07	-4.8e-06	-1.12693e-06
1.6e-06	-4.8e-06	-3.67059e-07
2.4e-06	-4.8e-06	-1.07252e-07
3.2e-06	-4.8e-06	-3.66321e-08
4e-06	-4.8e-06	-1.96919e-08
4.8e-06	-4.8e-06	-1.56966e-08
5.6e-06	-4.8e-06	-1.45454e-08
6.4e-06	-4.8e-06	-1.40085e-08
7.2e-06	-4.8e-06	-1.36269e-08
8e-06	-4.8e-06	-1.33095e-08
8.8e-06	-4.8e-06	-1.30399e-08
9.6e-06	-4.8e-06	-1.28179e-08
1.04e-05	-4.8e-06	-1.26505e-08
1.12e-05	-4.8e-06	-1.25542e-08
1.2e-05	-4.8e-06	-1.25754e-08
1.28e-05	-4.8e-06	-1.28589e-08
1.36e-05	-4.8e-06	-1.38567e-08
1.44e-05	-4.8e-06	-1.6801e-08
1.52e-05	-4.8e-06	-2.42166e-08
-1.6e-05	-4e-06	-3.8728e-08
-1.52e-05	-4e-06	-5.79278e-08
-1.44e-05	-4e-06	-7.29101e-08
-1.36e-05	-4e-06	-8.21228e-08
-1.28e-05	-4e-06	-8.73526e-08
-1.2e-05	-4e-06	-9.03561e-08
-1.12e-05	-4e-06	-9.22173e-08
-1.04e-05	-4e-06	-9.35518e-08
-9.6e-06	-4e-06	-9.47369e-08
-8.8e-06	-4e-06	-9.60418e-08
-8e-06	-4e-06	-9.77129e-08
-7.2e-06	-4e-06	-1.00143e-07
-6.4e-06	-4e-06	-1.04664e-07
-5.6e-06	-4e-06	-1.17713e-07
-4.8e-06	-4e-06	-1.7173e-07
-4e-06	-4e-06	-4.19661e-07
-3.2e-06	-4e-06	-1.49066e-06
-2.4e-06	-4e-06	-5.39118e-06
-1.6e-06	-4e-06	-1.5481e-05
-8e-07	-4e-06	-2.60288e-05
0	-4e-06	-1.9803e-05
8e-07	-4e-06	-7.7153e-06
1.6e-06	-4e-06	-2.22552e-06
2.4e-06	-4e-06	-6.05935e-07
3.2e-06	-4e-06	-2.17971e-07
4e-06	-4e-06	-1.3341e-07
4.8e-06	-4e-06	-1.14e-07
5.6e-06	-4e-06	-1.07715e-07
6.4e-06	-4e-06	-1.04188e-07
7.2e-06	-4e-06	-1.01439e-07
8e-06	-4e-06	-9.90924e-08
8.8e-06	-4e-06	-9.70836e-08
9.6e-06	-4e-06	-9.54237e-08
1.04e-05	-4e-06	-9.41595e-08
1.12e-05	-4e-06	-9.33951e-08
1.2e-05	-4e-06	-9.34041e-08
1.28e-05	-4e-06	-9.5055e-08
1.36e-05	-4e-06	-1.01231e-07
1.44e-05	-4e-06	-1.20596e-07
1.52e-05	-4e-06	-1.73172e-07
-1.6e-05	-3.2e-06	-2.83718e-07
-1.52e-05	-3.2e-06	-4.35778e-07
-1.44e-05	-3.2e-06	-5.48966e-07
-1.36e-05	-3.2e-06	-6.15778e-07
-1.28e-05	-3.2e-06	-6.52947e-07
-1.2e-05	-3.2e-06	-6.74216e-07
-1.12e-05	-3.2e-06	-6.87452e-07
-1.04e-05	-3.2e-06	-6.97008e-07
-9.6e-06	-3.2e-06	-7.05561e-07
-8.8e-06	-3.2e-06	-7.1503e-07
-8e-06	-3.2e-06	-7.27074e-07
-7.2e-06	-3.2e-06	-7.43801e-07
-6.4e-06	-3.2e-06	-7.70845e-07
-5.6e-06	-3.2e-06	-8.34713e-07
-4.8e-06	-3.2e-06	-1.0804e-06
-4e-06	-3.2e-06	-2.28485e-06
-3.2e-06	-3.2e-06	-8.22146e-06
-2.4e-06	-3.2e-06	-3.38754e-05
-1.6e-06	-3.2e-06	-0.000114869
-8e-07	-3.2e-06	-0.000210912
0	-3.2e-06	-0.000153473
8e-07	-3.2e-06	-5.07813e-05
1.6e-06	-3.2e-06	-1.26392e-05
2.4e-06	-3.2e-06	-3.256e-06
3.2e-06	-3.2e-06	-1.31286e-06
4e-06	-3.2e-06	-9.26826e-07
4.8e-06	-3.2e-06	-8.35654e-07
5.6e-06	-3.2e-06	-7.99509e-07
6.4e-06	-3.2e-06	-7.75281e-07
7.2e-06	-3.2e-06	-7.55197e-07
8e-06	-3.2e-06	-7.37782e-07
8.8e-06	-3.2e-06	-7.22808e-07
9.6e-06	-3.2e-06	-7.10396e-07
1.04e-05	-3.2e-06	-7.00873e-07
1.12e-05	-3.2e-06	-6.94899e-07
1.2e-05	-3.2e-06	-6.94078e-07
1.28e-05	-3.2e-06	-7.03429e-07
1.36e-05	-3.2e-06	-7.40606e-07
1.44e-05	-3.2e-06	-8.64479e-07
1.52e-05	-3.2e-06	-1.23099e-06
-1.6e-05	-2.4e-06	-2.07123e-06
-1.52e-05	-2.4e-06	-3.2855e-06
-1.44e-05	-2.4e-06	-4.13634e-06
-1.36e-05	-2.4e-06	-4.61704e-06
-1.28e-05	-2.4e-06	-4.87992e-06
-1.2e-05	-2.4e-06	-5.03034e-06
-1.12e-05	-2.4e-06	-5.1245e-06
-1.04e-05	-2.4e-06	-5.19295e-06
-9.6e-06	-2.4e-06	-5.2547e-06
-8.8e-06	-2.4e-06	-5.32354e-06
-8e-06	-2.4e-06	-5.4111e-06
-7.2e-06	-2.4e-06	-5.52988e-06
-6.4e-06	-2.4e-06	-5.70393e-06
-5.6e-06	-2.4e-06	-6.0302e-06
-4.8e-06	-2.4e-06	-7.06233e-06
-4e-06	-2.4e-06	-1.21745e-05
-3.2e-06	-2.4e-06	-4.11364e-05
-2.4e-06	-2.4e-06	-0.00019615
-1.6e-06	-2.4e-06	-0.000840536
-8e-07	-2.4e-06	-0.00172683
0	-2.4e-06	-0.00118926
8e-07	-2.4e-06	-0.000312815
1.6e-06	-2.4e-06	-6.48599e-05
2.4e-06	-2.4e-06	-1.66447e-05
3.2e-06	-2.4e-06	-8.18052e-06
4e-06	-2.4e-06	-6.59996e-06
4.8e-06	-2.4e-06	-6.16784e-06
5.6e-06	-2.4e-06	-5.94314e-06
6.4e-06	-2.4e-06	-5.77072e-06
7.2e-06	-2.4e-06	-5.62264e-06
8e-06	-2.4e-06	-5.49316e-06
8.8e-06	-2.4e-06	-5.3815e-06
9.6e-06	-2.4e-06	-5.2887e-06
1.04e-05	-2.4e-06	-5.2171e-06
1.12e-05	-2.4e-06	-5.17096e-06
1.2e-05	-2.4e-06	-5.1597e-06
1.28e-05	-2.4e-06	-5.21131e-06
1.36e-05	-2.4e-06	-5.42818e-06
1.44e-05	-2.4e-06	-6.19222e-06
1.52e-05	-2.4e-06	-8.68789e-06
-1.6e-05	-1.6e-06	-1.50486e-05
-1.52e-05	-1.6e-06	-2.4842e-05
-1.44e-05	-1.6e-06	-3.11875e-05
-1.36e-05	-1.6e-06	-3.46136e-05
-1.28e-05	-1.6e-06	-3.64646e-05
-1.2e-05	-1.6e-06	-3.75277e-05
-1.12e-05	-1.6e-06	-3.81979e-05
-1.04e-05	-1.6e-06	-3.86885e-05
-9.6e-06	-1.6e-06	-3.91344e-05
-8.8e-06	-1.6e-06	-3.96353e-05
-8e-06	-1.6e-06	-4.02747e-05
-7.2e-06	-1.6e-06	-4.11347e-05
-6.4e-06	-1.6e-06	-4.23305e-05
-5.6e-06	-1.6e-06	-4.41872e-05
-4.8e-06	-1.6e-06	-4.83941e-05
-4e-06	-1.6e-06	-6.61861e-05
-3.2e-06	-1.6e-06	-0.000177669
-2.4e-06	-1.6e-06	-0.000964184
-1.6e-06	-1.6e-06	-0.00601712
-8e-07	-1.6e-06	-0.0143077
0	-1.6e-06	-0.0092037
8e-07	-1.6e-06	-0.00169285
1.6e-06	-1.6e-06	-0.000279461
2.4e-06	-1.6e-06	-8.32116e-05
3.2e-06	-1.6e-06	-5.38374e-05
4e-06	-1.6e-06	-4.79731e-05
4.8e-06	-1.6e-06	-4.57284e-05
5.6e-06	-1.6e-06	-4.42158e-05
6.4e-06	-1.6e-06	-4.29605e-05
7.2e-06	-1.6e-06	-4.18634e-05
8e-06	-1.6e-06	-4.08997e-05
8.8e-06	-1.6e-06	-4.00669e-05
9.6e-06	-1.6e-06	-3.93733e-05
1.04e-05	-1.6e-06	-3.88356e-05
1.12e-05	-1.6e-06	-3.84822e-05
1.2e-05	-1.6e-06	-3.83697e-05
1.28e-05	-1.6e-06	-3.86493e-05
1.36e-05	-1.6e-06	-3.98748e-05
1.44e-05	-1.6e-06	-4.43602e-05
1.52e-05	-1.6e-06	-6.07853e-05
-1.6e-05	-8e-07	-0.000108612
-1.52e-05	-8e-07	-0.000188542
-1.44e-05	-8e-07	-0.000235282
-1.36e-05	-8e-07	-0.000259437
-1.28e-05	-8e-07	-0.000272423
-1.2e-05	-8e-07	-0.00027994
-1.12e-05	-8e-07	-0.000284715
-1.04e-05	-8e-07	-0.000288231
-9.6e-06	-8e-07	-0.000291452
-8.8e-06	-8e-07	-0.000295097
-8e-06	-8e-07	-0.000299776
-7.2e-06	-8e-07	-0.000306064
-6.4e-06	-8e-07	-0.000314633
-5.6e-06	-8e-07	-0.000326696
-4.8e-06	-8e-07	-0.000346331
-4e-06	-8e-07	-0.000396032
-3.2e-06	-8e-07	-0.000631115
-2.4e-06	-8e-07	-0.00220433
-1.6e-06	-8e-07	-0.0120226
-8e-07	-8e-07	-0.0261218
0	-8e-07	-0.0162894
8e-07	-8e-07	-0.00352692
1.6e-06	-8e-07	-0.000837193
2.4e-06	-8e-07	-0.000447483
3.2e-06	-8e-07	-0.000376565
4e-06	-8e-07	-0.000353566
4.8e-06	-8e-07	-0.000339864
5.6e-06	-8e-07	-0.000329093
6.4e-06	-8e-07	-0.000319846
7.2e-06	-8e-07	-0.000311699
8e-06	-8e-07	-0.000304523
8.8e-06	-8e-07	-0.000298312
9.6e-06	-8e-07	-0.000293128
1.04e-05	-8e-07	-0.000289093
1.12e-05	-8e-07	-0.000286404
1.2e-05	-8e-07	-0.00028541
1.28e-05	-8e-07	-0.000286925
1.36e-05	-8e-07	-0.000293687
1.44e-05	-8e-07	-0.000318257
1.52e-05	-8e-07	-0.000420853
-1.6e-05	0	-0.000776462
-1.52e-05	0	-0.00143809
-1.44e-05	0	-0.00177557
-1.36e-05	0	-0.0019439
-1.28e-05	0	-0.00203482
-1.2e-05	0	-0.00208804
-1.12e-05	0	-0.00212209
-1.04e-05	0	-0.0021473
-9.6e-06	0	-0.00217055
-8.8e-06	0	-0.00219709
-8e-06	0	-0.00223136
-7.2e-06	0	-0.0022775
-6.4e-06	0	-0.00234007
-5.6e-06	0	-0.00242562
-4.8e-06	0	-0.00254781
-4e-06	0	-0.00275159
-3.2e-06	0	-0.00327002
-2.4e-06	0	-0.00574618
-1.6e-06	0	-0.0191852
-8e-07	0	-0.0360131
0	0	-0.0243452
8e-07	0	-0.00837008
1.6e-06	0	-0.00376906
2.4e-06	0	-0.00299132
3.2e-06	0	-0.00275379
4e-06	0	-0.00262387
4.8e-06	0	-0.00252857
5.6e-06	0	-0.00244982
6.4e-06	0	-0.00238137
7.2e-06	0	-0.00232082
8e-06	0	-0.00226737
8.8e-06	0	-0.00222104
9.6e-06	0	-0.0021823
1.04e-05	0	-0.00215205
1.12e-05	0	-0.00213166
1.2e-05	0	-0.00212342
1.28e-05	0	-0.00213189
1.36e-05	0	-0.00216939
1.44e-05	0	-0.002291
1.52e-05	0	-0.00287758
-1.6e-05	8e-07	-0.00547338
-1.52e-05	8e-07	-0.0110408
-1.44e-05	8e-07	-0.0133982
-1.36e-05	8e-07	-0.0145588
-1.28e-05	8e-07	-0.0151956
-1.2e-05	8e-07	-0.015573
-1.12e-05	8e-07	-0.0158162
-1.04e-05	8e-07	-0.015997
-9.6e-06	8e-07	-0.0161648
-8.8e-06	8e-07	-0.016358
-8e-06	8e-07	-0.016609
-7.2e-06	8e-07	-0.0169481
-6.4e-06	8e-07	-0.0174075
-5.6e-06	8e-07	-0.0180304
-4.8e-06	8e-07	-0.0188924
-4e-06	8e-07	-0.020155
-3.2e-06	8e-07	-0.0222082
-2.4e-06	8e-07	-0.0259899
-1.6e-06	8e-07	-0.0329138
-8e-07	8e-07	-0.0387558
0	8e-07	-0.0351869
8e-07	8e-07	-0.0282345
1.6e-06	8e-07	-0.0239207
2.4e-06	8e-07	-0.0216958
3.2e-06	8e-07	-0.0203981
4e-06	8e-07	-0.0195089
4.8e-06	8e-07	-0.0188181
5.6e-06	8e-07	-0.0182378
6.4e-06	8e-07	-0.0177305
7.2e-06	8e-07	-0.0172803
8e-06	8e-07	-0.0168821
8.8e-06	8e-07	-0.0165365
9.6e-06	8e-07	-0.0162471
1.04e-05	8e-07	-0.0160203
1.12e-05	8e-07	-0.015866
1.2e-05	8e-07	-0.0158001
1.28e-05	8e-07	-0.0158505
1.36e-05	8e-07	-0.0160729
1.44e-05	8e-07	-0.0165897
1.52e-05	8e-07	-0.0176784
-1.6e-05	1.6e-06	-0.0197932
-1.52e-05	1.6e-06	-0.0227953
-1.44e-05	1.6e-06	-0.0249335
-1.36e-05	1.6e-06	-0.0263019
-1.28e-05	1.6e-06	-0.0271592
-1.2e-05	1.6e-06	-0.0276996
-1.12e-05	1.6e-06	-0.0280565
-1.04e-05	1.6e-06	-0.0283263
-9.6e-06	1.6e-06	-0.0285843
-8.8e-06	1.6e-06	-0.0288931
-8e-06	1.6e-06	-0.0293066
-7.2e-06	1.6e-06	-0.0298738
-6.4e-06	1.6e-06	-0.0306427
-5.6e-06	1.6e-06	-0.031668
-4.8e-06	1.6e-06	-0.0330256
-4e-06	1.6e-06	-0.0348358
-3.2e-06	1.6e-06	-0.037289
-2.4e-06	1.6e-06	-0.0406002
-1.6e-06	1.6e-06	-0.0445694
-8e-07	1.6e-06	-0.0471945
0	1.6e-06	-0.0460393
8e-07	1.6e-06	-0.0427539
1.6e-06	1.6e-06	-0.0396907
2.4e-06	1.6e-06	-0.0373935
3.2e-06	1.6e-06	-0.0356787
4e-06	1.6e-06	-0.0343256
4.8e-06	1.6e-06	-0.0331932
5.6e-06	1.6e-06	-0.0322049
6.4e-06	1.6e-06	-0.0313229
7.2e-06	1.6e-06	-0.0305313
8e-06	1.6e-06	-0.0298262
8.8e-06	1.6e-06	-0.0292107
9.6e-06	1.6e-06	-0.0286919
1.04e-05	1.6e-06	-0.0282805
1.12e-05	1.6e-06	-0.0279913
1.2e-05	1.6e-06	-0.0278459
1.28e-05	1.6e-06	-0.0278777
1.36e-05	1.6e-06	-0.0281415
1.44e-05	1.6e-06	-0.0287263
1.52e-05	1.6e-06	-0.0297585
-1.6e-05	2.4e-06	-0.0313285
-1.52e-05	2.4e-06	-0.0332285
-1.44e-05	2.4e-06	-0.0348487
-1.36e-05	2.4e-06	-0.0360351
-1.28e-05	2.4e-06	-0.0368365
-1.2e-05	2.4e-06	-0.0373547
-1.12e-05	2.4e-06	-0.0376946
-1.04e-05	2.4e-06	-0.0379522
-9.6e-06	2.4e-06	-0.0382132
-8.8e-06	2.4e-06	-0.0385539
-8e-06	2.4e-06	-0.0390414
-7.2e-06	2.4e-06	-0.0397343
-6.4e-06	2.4e-06	-0.0406842
-5.6e-06	2.4e-06	-0.0419379
-4.8e-06	2.4e-06	-0.0435405
-4e-06	2.4e-06	-0.0455344
-3.2e-06	2.4e-06	-0.0479377
-2.4e-06	2.4e-06	-0.0506609
-1.6e-06	2.4e-06	-0.0532971
-8e-07	2.4e-06	-0.0548897
0	2.4e-06	-0.0546089
8e-07	2.4e-06	-0.052953
1.6e-06	2.4e-06	-0.0508902
2.4e-06	2.4e-06	-0.0489245
3.2e-06	2.4e-06	-0.0471777
4e-06	2.4e-06	-0.0456314
4.8e-06	2.4e-06	-0.0442425
5.6e-06	2.4e-06	-0.0429786
6.4e-06	2.4e-06	-0.0418225
7.2e-06	2.4e-06	-0.0407693
8e-06	2.4e-06	-0.0398218
8.8e-06	2.4e-06	-0.0389881
9.6e-06	2.4e-06	-0.038279
1.04e-05	2.4e-06	-0.0377077
1.12e-05	2.4e-06	-0.0372898
1.2e-05	2.4e-06	-0.0370453
1.28e-05	2.4e-06	-0.0370007
1.36e-05	2.4e-06	-0.0371916
1.44e-05	2.4e-06	-0.037662
1.52e-05	2.4e-06	-0.0384483
-1.6e-05	3.2e-06	-0.0395311
-1.52e-05	3.2e-06	-0.0407563
-1.44e-05	3.2e-06	-0.0418574
-1.36e-05	3.2e-06	-0.0426991
-1.28e-05	3.2e-06	-0.0432659
-1.2e-05	3.2e-06	-0.0436075
-1.12e-05	3.2e-06	-0.043802
-1.04e-05	3.2e-06	-0.0439368
-9.6e-06	3.2e-06	-0.0440995
-8.8e-06	3.2e-06	-0.0443724
-8e-06	3.2e-06	-0.0448285
-7.2e-06	3.2e-06	-0.0455293
-6.4e-06	3.2e-06	-0.0465223
-5.6e-06	3.2e-06	-0.0478389
-4.8e-06	3.2e-06	-0.0494906
-4e-06	3.2e-06	-0.051459
-3.2e-06	3.2e-06	-0.0536715
-2.4e-06	3.2e-06	-0.0559525
-1.6e-06	3.2e-06	-0.0579597
-8e-07	3.2e-06	-0.0591972
0	3.2e-06	-0.0593189
8e-07	3.2e-06	-0.0584834
1.6e-06	3.2e-06	-0.0571146
2.4e-06	3.2e-06	-0.0555471
3.2e-06	3.2e-06	-0.0539542
4e-06	3.2e-06	-0.0524058
4.8e-06	3.2e-06	-0.0509261
5.6e-06	3.2e-06	-0.0495249
6.4e-06	3.2e-06	-0.0482106
7.2e-06	3.2e-06	-0.0469935
8e-06	3.2e-06	-0.0458866
8.8e-06	3.2e-06	-0.0449038
9.6e-06	3.2e-06	-0.0440593
1.04e-05	3.2e-06	-0.0433671
1.12e-05	3.2e-06	-0.0428406
1.2e-05	3.2e-06	-0.0424939
1.28e-05	3.2e-06	-0.0423414
1.36e-05	3.2e-06	-0.0423975
1.44e-05	3.2e-06	-0.0426717
1.52e-05	3.2e-06	-0.0431561
-1.6e-05	4e-06	-0.0438022
-1.52e-05	4e-06	-0.0445017
-1.44e-05	4e-06	-0.0451133
-1.36e-05	4e-06	-0.0455451
-1.28e-05	4e-06	-0.0457734
-1.2e-05	4e-06	-0.0458276
-1.12e-05	4e-06	-0.0457704
-1.04e-05	4e-06	-0.045682
-9.6e-06	4e-06	-0.0456487
-8.8e-06	4e-06	-0.0457544
-8e-06	4e-06	-0.046074
-7.2e-06	4e-06	-0.046668
-6.4e-06	4e-06	-0.0475774
-5.6e-06	4e-06	-0.0488192
-4.8e-06	4e-06	-0.0503802
-4e-06	4e-06	-0.0522071
-3.2e-06	4e-06	-0.0541922
-2.4e-06	4e-06	-0.0561549
-1.6e-06	4e-06	-0.0578362
-8e-07	4e-06	-0.058946
0	4e-06	-0.0593005
8e-07	4e-06	-0.0589413
1.6e-06	4e-06	-0.058063
2.4e-06	4e-06	-0.0568707
3.2e-06	4e-06	-0.0555144
4e-06	4e-06	-0.0540882
4.8e-06	4e-06	-0.0526497
5.6e-06	4e-06	-0.0512373
6.4e-06	4e-06	-0.0498801
7.2e-06	4e-06	-0.0486032
8e-06	4e-06	-0.0474289
8.8e-06	4e-06	-0.046377
9.6e-06	4e-06	-0.0454641
1.04e-05	4e-06	-0.0447037
1.12e-05	4e-06	-0.0441054
1.2e-05	4e-06	-0.0436752
1.28e-05	4e-06	-0.043415
1.36e-05	4e-06	-0.0433213
1.44e-05	4e-06	-0.0433811
1.52e-05	4e-06	-0.0435655
-1.6e-05	4.8e-06	-0.0438211
-1.52e-05	4.8e-06	-0.0440694
-1.44e-05	4.8e-06	-0.0442248
-1.36e-05	4.8e-06	-0.0442291
-1.28e-05	4.8e-06	-0.0440675
-1.2e-05	4.8e-06	-0.0437663
-1.12e-05	4.8e-06	-0.0433827
-1.04e-05	4.8e-06	-0.0429933
-9.6e-06	4.8e-06	-0.0426833
-8.8e-06	4.8e-06	-0.0425368
-8e-06	4.8e-06	-0.0426289
-7.2e-06	4.8e-06	-0.0430179
-6.4e-06	4.8e-06	-0.0437396
-5.6e-06	4.8e-06	-0.044801
-4.8e-06	4.8e-06	-0.0461748
-4e-06	4.8e-06	-0.0477928
-3.2e-06	4.8e-06	-0.0495407
-2.4e-06	4.8e-06	-0.0512559
-1.6e-06	4.8e-06	-0.0527405
-8e-07	4.8e-06	-0.0538002
0	4.8e-06	-0.0543114
8e-07	4.8e-06	-0.0542686
1.6e-06	4.8e-06	-0.0537598
2.4e-06	4.8e-06	-0.0529071
3.2e-06	4.8e-06	-0.0518233
4e-06	4.8e-06	-0.0505984
4.8e-06	4.8e-06	-0.0493007
5.6e-06	4.8e-06	-0.0479831
6.4e-06	4.8e-06	-0.0466882
7.2e-06	4.8e-06	-0.0454515
8e-06	4.8e-06	-0.0443027
8.8e-06	4.8e-06	-0.0432657
9.6e-06	4.8e-06	-0.0423586
1.04e-05	4.8e-06	-0.0415932
1.12e-05	4.8e-06	-0.0409743
1.2e-05	4.8e-06	-0.0404999
1.28e-05	4.8e-06	-0.0401607
1.36e-05	4.8e-06	-0.039939
1.44e-05	4.8e-06	-0.0398077
1.52e-05	4.8e-06	-0.0397277
-1.6e-05	5.6e-06	-0.0396471
-1.52e-05	5.6e-06	-0.0395059
-1.44e-05	5.6e-06	-0.0392481
-1.36e-05	5.6e-06	-0.0388394
-1.28e-05	5.6e-06	-0.0382772
-1.2e-05	5.6e-06	-0.0375923
-1.12e-05	5.6e-06	-0.0368424
-1.04e-05	5.6e-06	-0.0361042
-9.6e-06	5.6e-06	-0.035463
-8.8e-06	5.6e-06	-0.0350035
-8e-06	5.6e-06	-0.0348006
-7.2e-06	5.6e-06	-0.0349117
-6.4e-06	5.6e-06	-0.0353694
-5.6e-06	5.6e-06	-0.0361761
-4.8e-06	5.6e-06	-0.0372991
-4e-06	5.6e-06	-0.0386676
-3.2e-06	5.6e-06	-0.0401731
-2.4e-06	5.6e-06	-0.0416746
-1.6e-06	5.6e-06	-0.0430142
-8e-07	5.6e-06	-0.0440458
0	5.6e-06	-0.0446706
8e-07	5.6e-06	-0.04486
1.6e-06	5.6e-06	-0.0446477
2.4e-06	5.6e-06	-0.0441031
3.2e-06	5.6e-06	-0.0433058
4e-06	5.6e-06	-0.0423313
4.8e-06	5.6e-06	-0.0412459
5.6e-06	5.6e-06	-0.0401069
6.4e-06	5.6e-06	-0.038963
7.2e-06	5.6e-06	-0.0378553
8e-06	5.6e-06	-0.036818
8.8e-06	5.6e-06	-0.0358773
9.6e-06	5.6e-06	-0.0350514
1.04e-05	5.6e-06	-0.0343493
1.12e-05	5.6e-06	-0.0337713
1.2e-05	5.6e-06	-0.0333076
1.28e-05	5.6e-06	-0.0329393
1.36e-05	5.6e-06	-0.0326382
1.44e-05	5.6e-06	-0.0323674
1.52e-05	5.6e-06	-0.0320823
-1.6e-05	6.4e-06	-0.0317335
-1.52e-05	6.4e-06	-0.0312723
-1.44e-05	6.4e-06	-0.0306604
-1.36e-05	6.4e-06	-0.0298801
-1.28e-05	6.4e-06	-0.0289407
-1.2e-05	6.4e-06	-0.0278798
-1.12e-05	6.4e-06	-0.0267591
-1.04e-05	6.4e-06	-0.0256574
-9.6e-06	6.4e-06	-0.0246618
-8.8e-06	6.4e-06	-0.0238583
-8e-06	6.4e-06	-0.0233226
-7.2e-06	6.4e-06	-0.0231125
-6.4e-06	6.4e-06	-0.0232601
-5.6e-06	6.4e-06	-0.0237674
-4.8e-06	6.4e-06	-0.0246026
-4e-06	6.4e-06	-0.0256991
-3.2e-06	6.4e-06	-0.0269589
-2.4e-06	6.4e-06	-0.0282605
-1.6e-06	6.4e-06	-0.029473
-8e-07	6.4e-06	-0.0304763
0	6.4e-06	-0.0311834
8e-07	6.4e-06	-0.031553
1.6e-06	6.4e-06	-0.0315882
2.4e-06	6.4e-06	-0.0313245
3.2e-06	6.4e-06	-0.0308146
4e-06	6.4e-06	-0.0301174
4.8e-06	6.4e-06	-0.0292913
5.6e-06	6.4e-06	-0.0283913
6.4e-06	6.4e-06	-0.0274666
7.2e-06	6.4e-06	-0.0265603
8e-06	6.4e-06	-0.0257076
8.8e-06	6.4e-06	-0.0249353
9.6e-06	6.4e-06	-0.0242603
1.04e-05	6.4e-06	-0.0236891
1.12e-05	6.4e-06	-0.0232167
1.2e-05	6.4e-06	-0.0228271
1.28e-05	6.4e-06	-0.0224933
1.36e-05	6.4e-06	-0.0221786
1.44e-05	6.4e-06	-0.0218389
1.52e-05	6.4e-06	-0.0214256
-1.6e-05	7.2e-06	-0.0208904
-1.52e-05	7.2e-06	-0.0201918
-1.44e-05	7.2e-06	-0.0193023
-1.36e-05	7.2e-06	-0.0182159
-1.28e-05	7.2e-06	-0.0169518
-1.2e-05	7.2e-06	-0.0155548
-1.12e-05	7.2e-06	-0.0140917
-1.04e-05	7.2e-06	-0.0126451
-9.6e-06	7.2e-06	-0.0113046
-8.8e-06	7.2e-06	-0.0101583
-8e-06	7.2e-06	-0.00928367
-7.2e-06	7.2e-06	-0.00874
-6.4e-06	7.2e-06	-0.0085615
-5.6e-06	7.2e-06	-0.00875276
-4.8e-06	7.2e-06	-0.00928643
-4e-06	7.2e-06	-0.0101038
-3.2e-06	7.2e-06	-0.0111189
-2.4e-06	7.2e-06	-0.0122268
-1.6e-06	7.2e-06	-0.0133156
-8e-07	7.2e-06	-0.0142819
0	7.2e-06	-0.0150448
8e-07	7.2e-06	-0.0155558
1.6e-06	7.2e-06	-0.0157999
2.4e-06	7.2e-06	-0.0157896
3.2e-06	7.2e-06	-0.0155571
4e-06	7.2e-06	-0.0151454
4.8e-06	7.2e-06	-0.0146031
5.6e-06	7.2e-06	-0.0139789
6.4e-06	7.2e-06	-0.0133193
7.2e-06	7.2e-06	-0.0126657
8e-06	7.2e-06	-0.0120526
8.8e-06	7.2e-06	-0.0115057
9.6e-06	7.2e-06	-0.0110401
1.04e-05	7.2e-06	-0.0106593
1.12e-05	7.2e-06	-0.0103541
1.2e-05	7.2e-06	-0.0101029
1.28e-05	7.2e-06	-0.00987206
1.36e-05	7.2e-06	-0.00961812
1.44e-05	7.2e-06	-0.00929062
1.52e-05	7.2e-06	-0.00883695
-1.6e-05	8e-06	-0.00820832
-1.52e-05	8e-06	-0.00736658
-1.44e-05	8e-06	-0.00629097
-1.36e-05	8e-06	-0.00498336
-1.28e-05	8e-06	-0.00347078
-1.2e-05	8e-06	-0.00180473
-1.12e-05	8e-06	-5.72722e-05
-1.04e-05	8e-06	0.00168528
-9.6e-06	8e-06	0.00333026
-8.8e-06	8e-06	0.00478716
-8e-06	8e-06	0.00597611
-7.2e-06	8e-06	0.00683539
-6.4e-06	8e-06	0.00732751
-5.6e-06	8e-06	0.0074433
-4.8e-06	8e-06	0.00720355
-4e-06	8e-06	0.00665772
-3.2e-06	8e-06	0.00587964
-2.4e-06	8e-06	0.00495986
-1.6e-06	8e-06	0.00399545
-8e-07	8e-06	0.00307825
0	8e-06	0.00228409
8e-07	8e-06	0.00166537
1.6e-06	8e-06	0.0012486
2.4e-06	8e-06	0.00103647
3.2e-06	8e-06	0.00101266
4e-06	8e-06	0.00114748
4.8e-06	8e-06	0.0014031
5.6e-06	8e-06	0.00173802
6.4e-06	8e-06	0.00211087
7.2e-06	8e-06	0.00248349
8e-06	8e-06	0.00282375
8.8e-06	8e-06	0.00310799
9.6e-06	8e-06	0.00332304
1.04e-05	8e-06	0.00346796
1.12e-05	8e-06	0.00355505
1.2e-05	8e-06	0.00361022
1.28e-05	8e-06	0.00367226
1.36e-05	8e-06	0.00379071
1.44e-05	8e-06	0.00402201
1.52e-05	8e-06	0.00442374
-1.6e-05	8.8e-06	0.00504743
-1.52e-05	8.8e-06	0.00593083
-1.44e-05	8.8e-06	0.00709138
-1.36e-05	8.8e-06	0.00852191
-1.28e-05	8.8e-06	0.0101894
-1.2e-05	8.8e-06	0.0120369
-1.12e-05	8.8e-06	0.0139876
-1.04e-05	8.8e-06	0.0159518
-9.6e-06	8.8e-06	0.017834
-8.8e-06	8.8e-06	0.0195417
-8e-06	8.8e-06	0.0209927
-7.2e-06	8.8e-06	0.0221227
-6.4e-06	8.8e-06	0.0228905
-5.6e-06	8.8e-06	0.0232815
-4.8e-06	8.8e-06	0.0233091
-4e-06	8.8e-06	0.0230133
-3.2e-06	8.8e-06	0.0224563
-2.4e-06	8.8e-06	0.0217158
-1.6e-06	8.8e-06	0.0208763
-8e-07	8.8e-06	0.0200203
0	8.8e-06	0.0192186
8e-07	8.8e-06	0.018525
1.6e-06	8.8e-06	0.0179728
2.4e-06	8.8e-06	0.0175749
3.2e-06	8.8e-06	0.0173267
4e-06	8.8e-06	0.0172096
4.8e-06	8.8e-06	0.0171955
5.6e-06	8.8e-06	0.0172504
6.4e-06	8.8e-06	0.0173389
7.2e-06	8.8e-06	0.017427
8e-06	8.8e-06	0.0174855
8.8e-06	8.8e-06	0.017493
9.6e-06	8.8e-06	0.0174378
1.04e-05	8.8e-06	0.0173206
1.12e-05	8.8e-06	0.0171553
1.2e-05	8.8e-06	0.0169704
1.28e-05	8.8e-06	0.0168082
1.36e-05	8.8e-06	0.0167234
1.44e-05	8.8e-06	0.0167787
1.52e-05	8.8e-06	0.0170384
-1.6e-05	9.6e-06	0.0175596
-1.52e-05	9.6e-06	0.0183826
-1.44e-05	9.6e-06	0.019524
-1.36e-05	9.6e-06	0.0209733
-1.28e-05	9.6e-06	0.022693
-1.2e-05	9.6e-06	0.0246214
-1.12e-05	9.6e-06	0.0266783
-1.04e-05	9.6e-06	0.0287711
-9.6e-06	9.6e-06	0.0308029
-8.8e-06	9.6e-06	0.0326797
-8e-06	9.6e-06	0.0343182
-7.2e-06	9.6e-06	0.0356518
-6.4e-06	9.6e-06	0.0366361
-5.6e-06	9.6e-06	0.0372513
-4.8e-06	9.6e-06	0.0375038
-4e-06	9.6e-06	0.0374243
-3.2e-06	9.6e-06	0.037064
-2.4e-06	9.6e-06	0.036489
-1.6e-06	9.6e-06	0.0357728
-8e-07	9.6e-06	0.0349888
0	9.6e-06	0.0342028
8e-07	9.6e-06	0.0334676
1.6e-06	9.6e-06	0.0328198
2.4e-06	9.6e-06	0.032279
3.2e-06	9.6e-06	0.0318488
4e-06	9.6e-06	0.0315193
4.8e-06	9.6e-06	0.0312705
5.6e-06	9.6e-06	0.0310758
6.4e-06	9.6e-06	0.0309053
7.2e-06	9.6e-06	0.0307295
8e-06	9.6e-06	0.0305223
8.8e-06	9.6e-06	0.0302638
9.6e-06	9.6e-06	0.0299432
1.04e-05	9.6e-06	0.029561
1.12e-05	9.6e-06	0.0291309
1.2e-05	9.6e-06	0.0286811
1.28e-05	9.6e-06	0.0282556
1.36e-05	9.6e-06	0.0279129
1.44e-05	9.6e-06	0.0277226
1.52e-05	9.6e-06	0.0277585
-1.6e-05	1.04e-05	0.0280869
-1.52e-05	1.04e-05	0.0287539
-1.44e-05	1.04e-05	0.0297773
-1.36e-05	1.04e-05	0.0311441
-1.28e-05	1.04e-05	0.0328126
-1.2e-05	1.04e-05	0.0347175
-1.12e-05	1.04e-05	0.0367758
-1.04e-05	1.04e-05	0.0388937
-9.6e-06	1.04e-05	0.0409742
-8.8e-06	1.04e-05	0.0429236
-8e-06	1.04e-05	0.044659
-7.2e-06	1.04e-05	0.046113
-6.4e-06	1.04e-05	0.047239
-5.6e-06	1.04e-05	0.0480133
-4.8e-06	1.04e-05	0.0484358
-4e-06	1.04e-05	0.0485288
-3.2e-06	1.04e-05	0.0483337
-2.4e-06	1.04e-05	0.0479058
-1.6e-06	1.04e-05	0.0473082
-8e-07	1.04e-05	0.0466057
0	1.04e-05	0.0458578
8e-07	1.04e-05	0.0451148
1.6e-06	1.04e-05	0.0444141
2.4e-06	1.04e-05	0.0437785
3.2e-06	1.04e-05	0.0432173
4e-06	1.04e-05	0.0427269
4.8e-06	1.04e-05	0.0422941
5.6e-06	1.04e-05	0.0418982
6.4e-06	1.04e-05	0.0415147
7.2e-06	1.04e-05	0.041118
8e-06	1.04e-05	0.0406846
8.8e-06	1.04e-05	0.0401958
9.6e-06	1.04e-05	0.0396401
1.04e-05	1.04e-05	0.0390159
1.12e-05	1.04e-05	0.0383337
1.2e-05	1.04e-05	0.0376184
1.28e-05	1.04e-05	0.0369119
1.36e-05	1.04e-05	0.0362743
1.44e-05	1.04e-05	0.035783
1.52e-05	1.04e-05	0.0355255
-1.6e-05	1.12e-05	0.0355834
-1.52e-05	1.12e-05	0.0360127
-1.44e-05	1.12e-05	0.036833
-1.36e-05	1.12e-05	0.0380278
-1.28e-05	1.12e-05	0.0395506
-1.2e-05	1.12e-05	0.0413324
-1.12e-05	1.12e-05	0.0432885
-1.04e-05	1.12e-05	0.0453257
-9.6e-06	1.12e-05	0.0473489
-8.8e-06	1.12e-05	0.0492673
-8e-06	1.12e-05	0.0510003
-7.2e-06	1.12e-05	0.0524821
-6.4e-06	1.12e-05	0.0536657
-5.6e-06	1.12e-05	0.0545248
-4.8e-06	1.12e-05	0.0550544
-4e-06	1.12e-05	0.0552698
-3.2e-06	1.12e-05	0.0552032
-2.4e-06	1.12e-05	0.0549002
-1.6e-06	1.12e-05	0.0544141
-8e-07	1.12e-05	0.0538004
0	1.12e-05	0.0531123
8e-07	1.12e-05	0.0523955
1.6e-06	1.12e-05	0.0516859
2.4e-06	1.12e-05	0.0510075
3.2e-06	1.12e-05	0.0503724
4e-06	1.12e-05	0.0497816
4.8e-06	1.12e-05	0.0492267
5.6e-06	1.12e-05	0.0486922
6.4e-06	1.12e-05	0.0481579
7.2e-06	1.12e-05	0.0476019
8e-06	1.12e-05	0.0470027
8.8e-06	1.12e-05	0.0463418
9.6e-06	1.12e-05	0.0456059
1.04e-05	1.12e-05	0.0447891
1.12e-05	1.12e-05	0.0438952
1.2e-05	1.12e-05	0.0429411
1.28e-05	1.12e-05	0.0419611
1.36e-05	1.12e-05	0.0410125
1.44e-05	1.12e-05	0.0401798
1.52e-05	1.12e-05	0.0395717
-1.6e-05	1.2e-05	0.0392976
-1.52e-05	1.2e-05	0.0394286
-1.44e-05	1.2e-05	0.0399836
-1.36e-05	1.2e-05	0.0409383
-1.28e-05	1.2e-05	0.0422387
-1.2e-05	1.2e-05	0.0438113
-1.12e-05	1.2e-05	0.0455709
-1.04e-05	1.2e-05	0.0474271
-9.6e-06	1.2e-05	0.0492899
-8.8e-06	1.2e-05	0.051074
-8e-06	1.2e-05	0.0527043
-7.2e-06	1.2e-05	0.0541189
-6.4e-06	1.2e-05	0.0552729
-5.6e-06	1.2e-05	0.0561393
-4.8e-06	1.2e-05	0.0567102
-4e-06	1.2e-05	0.0569948
-3.2e-06	1.2e-05	0.0570178
-2.4e-06	1.2e-05	0.0568155
-1.6e-06	1.2e-05	0.0564316
-8e-07	1.2e-05	0.0559128
0	1.2e-05	0.0553044
8e-07	1.2e-05	0.0546467
1.6e-06	1.2e-05	0.0539721
2.4e-06	1.2e-05	0.0533038
3.2e-06	1.2e-05	0.0526548
4e-06	1.2e-05	0.0520286
4.8e-06	1.2e-05	0.0514204
5.6e-06	1.2e-05	0.0508186
6.4e-06	1.2e-05	0.0502069
7.2e-06	1.2e-05	0.0495663
8e-06	1.2e-05	0.0488771
8.8e-06	1.2e-05	0.0481207
9.6e-06	1.2e-05	0.0472811
1.04e-05	1.2e-05	0.0463461
1.12e-05	1.2e-05	0.0453094
1.2e-05	1.2e-05	0.0441737
1.28e-05	1.2e-05	0.0429569
1.36e-05	1.2e-05	0.0417035
1.44e-05	1.2e-05	0.0405009
1.52e-05	1.2e-05	0.0394906
-1.6e-05	1.28e-05	0.0388401
-1.52e-05	1.28e-05	0.0386412
-1.44e-05	1.28e-05	0.0389018
-1.36e-05	1.28e-05	0.0395791
-1.28e-05	1.28e-05	0.0406059
-1.2e-05	1.28e-05	0.0419035
-1.12e-05	1.28e-05	0.0433884
-1.04e-05	1.28e-05	0.0449761
-9.6e-06	1.28e-05	0.0465849
-8.8e-06	1.28e-05	0.048139
-8e-06	1.28e-05	0.0495719
-7.2e-06	1.28e-05	0.0508289
-6.4e-06	1.28e-05	0.0518694
-5.6e-06	1.28e-05	0.0526684
-4.8e-06	1.28e-05	0.0532163
-4e-06	1.28e-05	0.0535184
-3.2e-06	1.28e-05	0.0535924
-2.4e-06	1.28e-05	0.0534665
-1.6e-06	1.28e-05	0.0531749
-8e-07	1.28e-05	0.0527553
0	1.28e-05	0.0522447
8e-07	1.28e-05	0.0516767
1.6e-06	1.28e-05	0.0510788
2.4e-06	1.28e-05	0.0504715
3.2e-06	1.28e-05	0.0498673
4e-06	1.28e-05	0.0492706
4.8e-06	1.28e-05	0.0486789
5.6e-06	1.28e-05	0.0480838
6.4e-06	1.28e-05	0.0474722
7.2e-06	1.28e-05	0.0468281
8e-06	1.28e-05	0.0461337
8.8e-06	1.28e-05	0.0453705
9.6e-06	1.28e-05	0.0445197
1.04e-05	1.28e-05	0.0435623
1.12e-05	1.28e-05	0.0424795
1.2e-05	1.28e-05	0.0412532
1.28e-05	1.28e-05	0.0398718
1.36e-05	1.28e-05	0.0383462
1.44e-05	1.28e-05	0.0367474
1.52e-05	1.28e-05	0.0352646
-1.6e-05	1.36e-05	0.0342079
-1.52e-05	1.36e-05	0.0336906
-1.44e-05	1.36e-05	0.0336744
-1.36e-05	1.36e-05	0.0340766
-1.28e-05	1.36e-05	0.0348102
-1.2e-05	1.36e-05	0.035792
-1.12e-05	1.36e-05	0.0369441
-1.04e-05	1.36e-05	0.0381928
-9.6e-06	1.36e-05	0.0394692
-8.8e-06	1.36e-05	0.040711
-8e-06	1.36e-05	0.0418639
-7.2e-06	1.36e-05	0.0428832
-6.4e-06	1.36e-05	0.0437357
-5.6e-06	1.36e-05	0.0444001
-4.8e-06	1.36e-05	0.0448674
-4e-06	1.36e-05	0.04514
-3.2e-06	1.36e-05	0.0452301
-2.4e-06	1.36e-05	0.045158
-1.6e-06	1.36e-05	0.0449493
-8e-07	1.36e-05	0.0446321
0	1.36e-05	0.0442347
8e-07	1.36e-05	0.043783
1.6e-06	1.36e-05	0.0432988
2.4e-06	1.36e-05	0.0427984
3.2e-06	1.36e-05	0.0422923
4e-06	1.36e-05	0.0417849
4.8e-06	1.36e-05	0.0412749
5.6e-06	1.36e-05	0.0407565
6.4e-06	1.36e-05	0.0402196
7.2e-06	1.36e-05	0.0396515
8e-06	1.36e-05	0.039037
8.8e-06	1.36e-05	0.0383589
9.6e-06	1.36e-05	0.0375974
1.04e-05	1.36e-05	0.0367285
1.12e-05	1.36e-05	0.0357213
1.2e-05	1.36e-05	0.0345336
1.28e-05	1.36e-05	0.033109
1.36e-05	1.36e-05	0.0313866
1.44e-05	1.36e-05	0.0293555
1.52e-05	1.36e-05	0.0272322
-1.6e-05	1.44e-05	0.0257573
-1.52e-05	1.44e-05	0.0250095
-1.44e-05	1.44e-05	0.0248006
-1.36e-05	1.44e-05	0.0249765
-1.28e-05	1.44e-05	0.0254294
-1.2e-05	1.44e-05	0.0260795
-1.12e-05	1.44e-05	0.0268622
-1.04e-05	1.44e-05	0.0277208
-9.6e-06	1.44e-05	0.0286049
-8.8e-06	1.44e-05	0.0294697
-8e-06	1.44e-05	0.0302766
-7.2e-06	1.44e-05	0.0309939
-6.4e-06	1.44e-05	0.0315978
-5.6e-06	1.44e-05	0.0320731
-4.8e-06	1.44e-05	0.0324126
-4e-06	1.44e-05	0.0326172
-3.2e-06	1.44e-05	0.0326945
-2.4e-06	1.44e-05	0.0326577
-1.6e-06	1.44e-05	0.0325236
-8e-07	1.44e-05	0.032311
0	1.44e-05	0.032039
8e-07	1.44e-05	0.0317252
1.6e-06	1.44e-05	0.0313846
2.4e-06	1.44e-05	0.0310286
3.2e-06	1.44e-05	0.0306648
4e-06	1.44e-05	0.0302964
4.8e-06	1.44e-05	0.0299231
5.6e-06	1.44e-05	0.0295409
6.4e-06	1.44e-05	0.0291431
7.2e-06	1.44e-05	0.0287206
8e-06	1.44e-05	0.0282621
8.8e-06	1.44e-05	0.0277539
9.6e-06	1.44e-05	0.0271786
1.04e-05	1.44e-05	0.0265125
1.12e-05	1.44e-05	0.0257197
1.2e-05	1.44e-05	0.0247406
1.28e-05	1.44e-05	0.0234704
1.36e-05	1.44e-05	0.0217272
1.44e-05	1.44e-05	0.0192419
1.52e-05	1.44e-05	0.0159411
-1.6e-05	1.52e-05	0.0141108
-1.52e-05	1.52e-05	0.0133923
-1.44e-05	1.52e-05	0.013165
-1.36e-05	1.52e-05	0.0132053
-1.28e-05	1.52e-05	0.0134138
-1.2e-05	1.52e-05	0.0137348
-1.12e-05	1.52e-05	0.0141293
-1.04e-05	1.52e-05	0.0145661
-9.6e-06	1.52e-05	0.015018
-8.8e-06	1.52e-05	0.0154616
-8e-06	1.52e-05	0.0158768
-7.2e-06	1.52e-05	0.016247
-6.4e-06	1.52e-05	0.0165599
-5.6e-06	1.52e-05	0.0168075
-4.8e-06	1.52e-05	0.0169859
-4e-06	1.52e-05	0.0170952
-3.2e-06	1.52e-05	0.0171392
-2.4e-06	1.52e-05	0.0171243
-1.6e-06	1.52e-05	0.0170588
-8e-07	1.52e-05	0.0169522
0	1.52e-05	0.016814
8e-07	1.52e-05	0.0166532
1.6e-06	1.52e-05	0.0164774
2.4e-06	1.52e-05	0.0162925
3.2e-06	1.52e-05	0.0161024
4e-06	1.52e-05	0.0159089
4.8e-06	1.52e-05	0.0157118
5.6e-06	1.52e-05	0.0155093
6.4e-06	1.52e-05	0.0152979
7.2e-06	1.52e-05	0.0150728
8e-06	1.52e-05	0.014828
8.8e-06	1.52e-05	0.0145556
9.6e-06	1.52e-05	0.0142454
1.04e-05	1.52e-05	0.0138819
1.12e-05	1.52e-05	0.0134392
1.2e-05	1.52e-05	0.0128671
1.28e-05	1.52e-05	0.0120551
1.36e-05	1.52e-05	0.0107275
1.44e-05	1.52e-05	0.00809931
1.52e-05	1.52e-05	0.00165152
