-1.92e-05	-1.92e-05	-8.4506e-17
-1.824e-05	-1.92e-05	9.19265e-18
-1.728e-05	-1.92e-05	-1.12562e-16
-1.632e-05	-1.92e-05	-6.77714e-17
-1.536e-05	-1.92e-05	5.1161e-17
-1.44e-05	-1.92e-05	-3.24621e-17
-1.344e-05	-1.92e-05	-6.56501e-17
-1.248e-05	-1.92e-05	5.37877e-18
-1.152e-05	-1.92e-05	2.02374e-17
-1.056e-05	-1.92e-05	-2.70821e-17
-9.6e-06	-1.92e-05	1.89767e-17
-8.64e-06	-1.92e-05	4.07968e-17
-7.68e-06	-1.92e-05	-2.58741e-17
-6.72e-06	-1.92e-05	2.18547e-18
-5.76e-06	-1.92e-05	9.84122e-18
-4.8e-06	-1.92e-05	-1.38964e-17
-3.84e-06	-1.92e-05	6.46363e-18
-2.88e-06	-1.92e-05	-2.55166e-17
-1.92e-06	-1.92e-05	9.02819e-18
-9.6e-07	-1.92e-05	-3.52571e-18
0	-1.92e-05	2.457e-18
9.6e-07	-1.92e-05	6.78618e-18
1.92e-06	-1.92e-05	2.20541e-18
2.88e-06	-1.92e-05	1.23071e-17
3.84e-06	-1.92e-05	4.54213e-18
4.8e-06	-1.92e-05	5.52783e-17
5.76e-06	-1.92e-05	-4.78589e-17
6.72e-06	-1.92e-05	-5.56386e-18
7.68e-06	-1.92e-05	-4.02219e-17
8.64e-06	-1.92e-05	1.69859e-17
9.6e-06	-1.92e-05	-5.17854e-17
1.056e-05	-1.92e-05	2.73384e-17
1.152e-05	-1.92e-05	-3.00111e-18
1.248e-05	-1.92e-05	-1.82071e-17
1.344e-05	-1.92e-05	3.43368e-17
1.44e-05	-1.92e-05	-8.28977e-17
1.536e-05	-1.92e-05	-7.14428e-17
1.632e-05	-1.92e-05	-8.12578e-17
1.728e-05	-1.92e-05	-9.00002e-17
1.824e-05	-1.92e-05	1.55779e-17
-1.92e-05	-1.824e-05	-1.29167e-16
-1.824e-05	-1.824e-05	-1.89449e-16
-1.728e-05	-1.824e-05	-1.26671e-16
-1.632e-05	-1.824e-05	1.49385e-16
-1.536e-05	-1.824e-05	-2.35258e-16
-1.44e-05	-1.824e-05	8.15513e-17
-1.344e-05	-1.824e-05	2.37714e-16
-1.248e-05	-1.824e-05	-1.46716e-16
-1.152e-05	-1.824e-05	6.74481e-18
-1.056e-05	-1.824e-05	5.00191e-17
-9.6e-06	-1.824e-05	1.74983e-16
-8.64e-06	-1.824e-05	-5.15514e-17
-7.68e-06	-1.824e-05	-3.51821e-17
-6.72e-06	-1.824e-05	-5.80224e-17
-5.76e-06	-1.824e-05	5.10549e-17
-4.8e-06	-1.824e-05	-3.0568e-17
-3.84e-06	-1.824e-05	-4.54285e-17
-2.88e-06	-1.824e-05	-1.21311e-16
-1.92e-06	-1.824e-05	-1.08477e-16
-9.6e-07	-1.824e-05	1.59436e-16
0	-1.824e-05	-1.67818e-17
9.6e-07	-1.824e-05	1.46825e-16
1.92e-06	-1.824e-05	7.20735e-18
2.88e-06	-1.824e-05	1.35167e-16
3.84e-06	-1.824e-05	1.37452e-16
4.8e-06	-1.824e-05	1.15185e-16
5.76e-06	-1.824e-05	2.45985e-17
6.72e-06	-1.824e-05	2.64198e-17
7.68e-06	-1.824e-05	1.90184e-17
8.64e-06	-1.824e-05	5.94998e-17
9.6e-06	-1.824e-05	-4.25871e-16
1.056e-05	-1.824e-05	8.9192e-17
1.152e-05	-1.824e-05	6.36747e-17
1.248e-05	-1.824e-05	-3.16328e-17
1.344e-05	-1.824e-05	2.79394e-16
1.44e-05	-1.824e-05	-3.74673e-17
1.536e-05	-1.824e-05	4.06613e-17
1.632e-05	-1.824e-05	-7.53527e-17
1.728e-05	-1.824e-05	-3.93938e-18
1.824e-05	-1.824e-05	-1.44928e-16
-1.92e-05	-1.728e-05	9.16109e-17
-1.824e-05	-1.728e-05	-1.45184e-16
-1.728e-05	-1.728e-05	1.80095e-16
-1.632e-05	-1.728e-05	-2.0317e-16
-1.536e-05	-1.728e-05	2.98929e-17
-1.44e-05	-1.728e-05	-6.49763e-17
-1.344e-05	-1.728e-05	3.91557e-18
-1.248e-05	-1.728e-05	4.26448e-17
-1.152e-05	-1.728e-05	5.16287e-17
-1.056e-05	-1.728e-05	-3.57475e-19
-9.6e-06	-1.728e-05	1.15077e-16
-8.64e-06	-1.728e-05	8.84267e-18
-7.68e-06	-1.728e-05	1.39655e-18
-6.72e-06	-1.728e-05	3.66801e-17
-5.76e-06	-1.728e-05	-4.78107e-17
-4.8e-06	-1.728e-05	5.69976e-17
-3.84e-06	-1.728e-05	-3.73693e-17
-2.88e-06	-1.728e-05	-5.13159e-17
-1.92e-06	-1.728e-05	-1.07852e-17
-9.6e-07	-1.728e-05	4.73201e-17
0	-1.728e-05	7.13939e-17
9.6e-07	-1.728e-05	1.67958e-18
1.92e-06	-1.728e-05	5.94482e-19
2.88e-06	-1.728e-05	-3.27837e-17
3.84e-06	-1.728e-05	-1.57081e-17
4.8e-06	-1.728e-05	6.93239e-18
5.76e-06	-1.728e-05	-3.14842e-17
6.72e-06	-1.728e-05	5.51322e-17
7.68e-06	-1.728e-05	1.13585e-18
8.64e-06	-1.728e-05	-7.25156e-17
9.6e-06	-1.728e-05	-3.04534e-17
1.056e-05	-1.728e-05	7.38993e-17
1.152e-05	-1.728e-05	2.24217e-17
1.248e-05	-1.728e-05	6.3117e-17
1.344e-05	-1.728e-05	-1.30639e-17
1.44e-05	-1.728e-05	8.14055e-18
1.536e-05	-1.728e-05	-1.06232e-16
1.632e-05	-1.728e-05	3.39319e-18
1.728e-05	-1.728e-05	-1.60352e-16
1.824e-05	-1.728e-05	1.0479e-16
-1.92e-05	-1.632e-05	-2.49014e-16
-1.824e-05	-1.632e-05	1.22683e-16
-1.728e-05	-1.632e-05	-3.02001e-16
-1.632e-05	-1.632e-05	3.38338e-17
-1.536e-05	-1.632e-05	-1.62279e-17
-1.44e-05	-1.632e-05	-5.09375e-17
-1.344e-05	-1.632e-05	-7.87915e-17
-1.248e-05	-1.632e-05	7.46961e-17
-1.152e-05	-1.632e-05	-1.27088e-17
-1.056e-05	-1.632e-05	5.82989e-17
-9.6e-06	-1.632e-05	6.53408e-18
-8.64e-06	-1.632e-05	-7.31511e-18
-7.68e-06	-1.632e-05	-2.79193e-17
-6.72e-06	-1.632e-05	-1.94017e-17
-5.76e-06	-1.632e-05	-3.22576e-17
-4.8e-06	-1.632e-05	-1.37213e-17
-3.84e-06	-1.632e-05	-2.51052e-17
-2.88e-06	-1.632e-05	-3.11721e-17
-1.92e-06	-1.632e-05	-1.57327e-17
-9.6e-07	-1.632e-05	-3.84111e-17
0	-1.632e-05	-2.10007e-17
9.6e-07	-1.632e-05	-1.5859e-17
1.92e-06	-1.632e-05	-2.26778e-17
2.88e-06	-1.632e-05	-4.87508e-18
3.84e-06	-1.632e-05	-3.00204e-17
4.8e-06	-1.632e-05	-5.5154e-19
5.76e-06	-1.632e-05	-2.81968e-17
6.72e-06	-1.632e-05	-3.18948e-18
7.68e-06	-1.632e-05	-2.2573e-17
8.64e-06	-1.632e-05	-1.27931e-17
9.6e-06	-1.632e-05	-6.10943e-20
1.056e-05	-1.632e-05	-3.21264e-18
1.152e-05	-1.632e-05	5.3165e-17
1.248e-05	-1.632e-05	2.97839e-18
1.344e-05	-1.632e-05	6.83014e-17
1.44e-05	-1.632e-05	-6.75459e-17
1.536e-05	-1.632e-05	-1.65081e-17
1.632e-05	-1.632e-05	-7.43474e-17
1.728e-05	-1.632e-05	-1.38969e-17
1.824e-05	-1.632e-05	-1.73756e-16
-1.92e-05	-1.536e-05	-2.92715e-17
-1.824e-05	-1.536e-05	-1.47903e-16
-1.728e-05	-1.536e-05	-5.09389e-17
-1.632e-05	-1.536e-05	-8.92351e-17
-1.536e-05	-1.536e-05	-8.08026e-17
-1.44e-05	-1.536e-05	-1.31278e-16
-1.344e-05	-1.536e-05	9.31865e-17
-1.248e-05	-1.536e-05	1.08261e-17
-1.152e-05	-1.536e-05	1.1775e-16
-1.056e-05	-1.536e-05	-1.74339e-18
-9.6e-06	-1.536e-05	1.64305e-17
-8.64e-06	-1.536e-05	-4.75218e-17
-7.68e-06	-1.536e-05	-5.65523e-18
-6.72e-06	-1.536e-05	-7.24786e-17
-5.76e-06	-1.536e-05	8.7827e-18
-4.8e-06	-1.536e-05	-5.33054e-17
-3.84e-06	-1.536e-05	-8.10956e-17
-2.88e-06	-1.536e-05	-1.98342e-16
-1.92e-06	-1.536e-05	-2.85692e-16
-9.6e-07	-1.536e-05	-3.66173e-16
0	-1.536e-05	-2.91821e-16
9.6e-07	-1.536e-05	-2.00427e-16
1.92e-06	-1.536e-05	-8.37714e-17
2.88e-06	-1.536e-05	-5.50225e-17
3.84e-06	-1.536e-05	1.46564e-17
4.8e-06	-1.536e-05	-3.43806e-17
5.76e-06	-1.536e-05	1.92577e-17
6.72e-06	-1.536e-05	1.53699e-17
7.68e-06	-1.536e-05	-2.79215e-17
8.64e-06	-1.536e-05	1.78093e-17
9.6e-06	-1.536e-05	-3.09697e-17
1.056e-05	-1.536e-05	2.79871e-17
1.152e-05	-1.536e-05	-8.71438e-18
1.248e-05	-1.536e-05	6.32144e-17
1.344e-05	-1.536e-05	-1.49713e-17
1.44e-05	-1.536e-05	7.95412e-17
1.536e-05	-1.536e-05	-8.53965e-17
1.632e-05	-1.536e-05	1.38898e-17
1.728e-05	-1.536e-05	-1.03405e-16
1.824e-05	-1.536e-05	-4.62153e-17
-1.92e-05	-1.44e-05	-1.14878e-16
-1.824e-05	-1.44e-05	-5.04677e-17
-1.728e-05	-1.44e-05	-9.69882e-17
-1.632e-05	-1.44e-05	-2.98841e-17
-1.536e-05	-1.44e-05	-1.31824e-16
-1.44e-05	-1.44e-05	7.9588e-17
-1.344e-05	-1.44e-05	3.29685e-17
-1.248e-05	-1.44e-05	1.02207e-16
-1.152e-05	-1.44e-05	-7.79436e-18
-1.056e-05	-1.44e-05	2.86742e-17
-9.6e-06	-1.44e-05	-3.35809e-17
-8.64e-06	-1.44e-05	1.16906e-17
-7.68e-06	-1.44e-05	-5.51865e-17
-6.72e-06	-1.44e-05	2.50915e-17
-5.76e-06	-1.44e-05	-1.08444e-16
-4.8e-06	-1.44e-05	-2.46696e-16
-3.84e-06	-1.44e-05	-7.90583e-16
-2.88e-06	-1.44e-05	-1.58092e-15
-1.92e-06	-1.44e-05	-2.84871e-15
-9.6e-07	-1.44e-05	-3.4882e-15
0	-1.44e-05	-3.04002e-15
9.6e-07	-1.44e-05	-1.83439e-15
1.92e-06	-1.44e-05	-8.82915e-16
2.88e-06	-1.44e-05	-3.63226e-16
3.84e-06	-1.44e-05	-1.13076e-16
4.8e-06	-1.44e-05	-3.89253e-17
5.76e-06	-1.44e-05	-7.49735e-18
6.72e-06	-1.44e-05	-4.28221e-17
7.68e-06	-1.44e-05	3.36457e-17
8.64e-06	-1.44e-05	-4.77971e-17
9.6e-06	-1.44e-05	3.61162e-17
1.056e-05	-1.44e-05	-5.36483e-17
1.152e-05	-1.44e-05	3.31194e-17
1.248e-05	-1.44e-05	-1.75982e-17
1.344e-05	-1.44e-05	8.43003e-17
1.44e-05	-1.44e-05	7.65075e-19
1.536e-05	-1.44e-05	1.02575e-16
1.632e-05	-1.44e-05	-4.79966e-17
1.728e-05	-1.44e-05	5.31191e-17
1.824e-05	-1.44e-05	-8.21432e-17
-1.92e-05	-1.344e-05	-3.85275e-19
-1.824e-05	-1.344e-05	-6.48315e-17
-1.728e-05	-1.344e-05	5.72378e-17
-1.632e-05	-1.344e-05	-3.83708e-17
-1.536e-05	-1.344e-05	1.30534e-16
-1.44e-05	-1.344e-05	4.18869e-17
-1.344e-05	-1.344e-05	7.96735e-17
-1.248e-05	-1.344e-05	2.4451e-17
-1.152e-05	-1.344e-05	3.90675e-17
-1.056e-05	-1.344e-05	-1.9052e-17
-9.6e-06	-1.344e-05	-2.67546e-17
-8.64e-06	-1.344e-05	-7.99123e-17
-7.68e-06	-1.344e-05	-5.49562e-18
-6.72e-06	-1.344e-05	-2.80363e-16
-5.76e-06	-1.344e-05	-6.81561e-16
-4.8e-06	-1.344e-05	-2.48649e-15
-3.84e-06	-1.344e-05	-6.89288e-15
-2.88e-06	-1.344e-05	-1.61237e-14
-1.92e-06	-1.344e-05	-2.87126e-14
-9.6e-07	-1.344e-05	-3.65906e-14
0	-1.344e-05	-3.11606e-14
9.6e-07	-1.344e-05	-1.84737e-14
1.92e-06	-1.344e-05	-8.25763e-15
2.88e-06	-1.344e-05	-2.98677e-15
3.84e-06	-1.344e-05	-9.40375e-16
4.8e-06	-1.344e-05	-2.38542e-16
5.76e-06	-1.344e-05	-9.76281e-17
6.72e-06	-1.344e-05	-2.11439e-17
7.68e-06	-1.344e-05	-5.89356e-17
8.64e-06	-1.344e-05	4.63425e-17
9.6e-06	-1.344e-05	-5.09662e-17
1.056e-05	-1.344e-05	2.09978e-17
1.152e-05	-1.344e-05	-4.89041e-17
1.248e-05	-1.344e-05	8.10296e-18
1.344e-05	-1.344e-05	-1.40011e-17
1.44e-05	-1.344e-05	7.21848e-17
1.536e-05	-1.344e-05	1.10366e-17
1.632e-05	-1.344e-05	8.39791e-17
1.728e-05	-1.344e-05	-4.6166e-18
1.824e-05	-1.344e-05	6.23552e-17
-1.92e-05	-1.248e-05	-2.66838e-17
-1.824e-05	-1.248e-05	7.03704e-17
-1.728e-05	-1.248e-05	-3.59326e-17
-1.632e-05	-1.248e-05	6.73262e-17
-1.536e-05	-1.248e-05	-4.07828e-17
-1.44e-05	-1.248e-05	4.08267e-17
-1.344e-05	-1.248e-05	-3.59073e-17
-1.248e-05	-1.248e-05	-3.89051e-17
-1.152e-05	-1.248e-05	-6.26379e-17
-1.056e-05	-1.248e-05	-1.2094e-16
-9.6e-06	-1.248e-05	-1.60614e-16
-8.64e-06	-1.248e-05	-1.36921e-16
-7.68e-06	-1.248e-05	-4.9245e-16
-6.72e-06	-1.248e-05	-1.60653e-15
-5.76e-06	-1.248e-05	-6.31968e-15
-4.8e-06	-1.248e-05	-2.17455e-14
-3.84e-06	-1.248e-05	-6.48172e-14
-2.88e-06	-1.248e-05	-1.57948e-13
-1.92e-06	-1.248e-05	-2.94213e-13
-9.6e-07	-1.248e-05	-3.80759e-13
0	-1.248e-05	-3.21194e-13
9.6e-07	-1.248e-05	-1.82983e-13
1.92e-06	-1.248e-05	-7.79783e-14
2.88e-06	-1.248e-05	-2.69271e-14
3.84e-06	-1.248e-05	-7.87539e-15
4.8e-06	-1.248e-05	-2.16083e-15
5.76e-06	-1.248e-05	-5.37294e-16
6.72e-06	-1.248e-05	-2.76367e-16
7.68e-06	-1.248e-05	-6.29256e-17
8.64e-06	-1.248e-05	-1.34103e-16
9.6e-06	-1.248e-05	-6.05412e-17
1.056e-05	-1.248e-05	-7.05444e-17
1.152e-05	-1.248e-05	-7.71634e-17
1.248e-05	-1.248e-05	-6.54723e-17
1.344e-05	-1.248e-05	-4.88276e-17
1.44e-05	-1.248e-05	-4.17271e-17
1.536e-05	-1.248e-05	-3.06643e-17
1.632e-05	-1.248e-05	-5.2508e-17
1.728e-05	-1.248e-05	-3.08352e-17
1.824e-05	-1.248e-05	-1.41938e-16
-1.92e-05	-1.152e-05	-1.54132e-16
-1.824e-05	-1.152e-05	-3.47637e-16
-1.728e-05	-1.152e-05	-3.67431e-16
-1.632e-05	-1.152e-05	-5.45054e-16
-1.536e-05	-1.152e-05	-5.3046e-16
-1.44e-05	-1.152e-05	-6.27853e-16
-1.344e-05	-1.152e-05	-6.52322e-16
-1.248e-05	-1.152e-05	-7.16571e-16
-1.152e-05	-1.152e-05	-7.68731e-16
-1.056e-05	-1.152e-05	-8.31723e-16
-9.6e-06	-1.152e-05	-9.57611e-16
-8.64e-06	-1.152e-05	-1.40787e-15
-7.68e-06	-1.152e-05	-3.62851e-15
-6.72e-06	-1.152e-05	-1.33142e-14
-5.76e-06	-1.152e-05	-5.2409e-14
-4.8e-06	-1.152e-05	-1.90668e-13
-3.84e-06	-1.152e-05	-6.00484e-13
-2.88e-06	-1.152e-05	-1.54555e-12
-1.92e-06	-1.152e-05	-3.00805e-12
-9.6e-07	-1.152e-05	-3.97648e-12
0	-1.152e-05	-3.30895e-12
9.6e-07	-1.152e-05	-1.80679e-12
1.92e-06	-1.152e-05	-7.29937e-13
2.88e-06	-1.152e-05	-2.37694e-13
3.84e-06	-1.152e-05	-6.64465e-14
4.8e-06	-1.152e-05	-1.6878e-14
5.76e-06	-1.152e-05	-4.5191e-15
6.72e-06	-1.152e-05	-1.57134e-15
7.68e-06	-1.152e-05	-9.81265e-16
8.64e-06	-1.152e-05	-7.82922e-16
9.6e-06	-1.152e-05	-7.93416e-16
1.056e-05	-1.152e-05	-7.62399e-16
1.152e-05	-1.152e-05	-7.58568e-16
1.248e-05	-1.152e-05	-7.55572e-16
1.344e-05	-1.152e-05	-6.71626e-16
1.44e-05	-1.152e-05	-7.4553e-16
1.536e-05	-1.152e-05	-7.10178e-16
1.632e-05	-1.152e-05	-8.22488e-16
1.728e-05	-1.152e-05	-1.08243e-15
1.824e-05	-1.152e-05	-1.66583e-15
-1.92e-05	-1.056e-05	-2.74456e-15
-1.824e-05	-1.056e-05	-3.90149e-15
-1.728e-05	-1.056e-05	-5.03967e-15
-1.632e-05	-1.056e-05	-5.72747e-15
-1.536e-05	-1.056e-05	-6.26909e-15
-1.44e-05	-1.056e-05	-6.67375e-15
-1.344e-05	-1.056e-05	-6.96669e-15
-1.248e-05	-1.056e-05	-7.26208e-15
-1.152e-05	-1.056e-05	-7.59917e-15
-1.056e-05	-1.056e-05	-8.00988e-15
-9.6e-06	-1.056e-05	-9.00063e-15
-8.64e-06	-1.056e-05	-1.2518e-14
-7.68e-06	-1.056e-05	-2.88543e-14
-6.72e-06	-1.056e-05	-1.04415e-13
-5.76e-06	-1.056e-05	-4.26737e-13
-4.8e-06	-1.056e-05	-1.64256e-12
-3.84e-06	-1.056e-05	-5.49837e-12
-2.88e-06	-1.056e-05	-1.50205e-11
-1.92e-06	-1.056e-05	-3.0748e-11
-9.6e-07	-1.056e-05	-4.16378e-11
0	-1.056e-05	-3.41172e-11
9.6e-07	-1.056e-05	-1.77402e-11
1.92e-06	-1.056e-05	-6.74945e-12
2.88e-06	-1.056e-05	-2.06674e-12
3.84e-06	-1.056e-05	-5.44303e-13
4.8e-06	-1.056e-05	-1.32698e-13
5.76e-06	-1.056e-05	-3.49811e-14
6.72e-06	-1.056e-05	-1.38827e-14
7.68e-06	-1.056e-05	-9.28332e-15
8.64e-06	-1.056e-05	-8.13787e-15
9.6e-06	-1.056e-05	-7.75757e-15
1.056e-05	-1.056e-05	-7.48779e-15
1.152e-05	-1.056e-05	-7.38035e-15
1.248e-05	-1.056e-05	-7.25246e-15
1.344e-05	-1.056e-05	-7.1937e-15
1.44e-05	-1.056e-05	-7.21404e-15
1.536e-05	-1.056e-05	-7.50144e-15
1.632e-05	-1.056e-05	-8.3947e-15
1.728e-05	-1.056e-05	-1.10472e-14
1.824e-05	-1.056e-05	-1.69899e-14
-1.92e-05	-9.6e-06	-2.74223e-14
-1.824e-05	-9.6e-06	-4.03092e-14
-1.728e-05	-9.6e-06	-5.11792e-14
-1.632e-05	-9.6e-06	-5.85818e-14
-1.536e-05	-9.6e-06	-6.35137e-14
-1.44e-05	-9.6e-06	-6.69935e-14
-1.344e-05	-9.6e-06	-6.98807e-14
-1.248e-05	-9.6e-06	-7.27101e-14
-1.152e-05	-9.6e-06	-7.56898e-14
-1.056e-05	-9.6e-06	-7.97242e-14
-9.6e-06	-9.6e-06	-8.73289e-14
-8.64e-06	-9.6e-06	-1.12924e-13
-7.68e-06	-9.6e-06	-2.30562e-13
-6.72e-06	-9.6e-06	-7.99865e-13
-5.76e-06	-9.6e-06	-3.38797e-12
-4.8e-06	-9.6e-06	-1.38497e-11
-3.84e-06	-9.6e-06	-4.95715e-11
-2.88e-06	-9.6e-06	-1.44788e-10
-1.92e-06	-9.6e-06	-3.14089e-10
-9.6e-07	-9.6e-06	-4.37282e-10
0	-9.6e-06	-3.52022e-10
9.6e-07	-9.6e-06	-1.72966e-10
1.92e-06	-9.6e-06	-6.15056e-11
2.88e-06	-9.6e-06	-1.759e-11
3.84e-06	-9.6e-06	-4.35134e-12
4.8e-06	-9.6e-06	-1.01604e-12
5.76e-06	-9.6e-06	-2.74831e-13
6.72e-06	-9.6e-06	-1.21997e-13
7.68e-06	-9.6e-06	-9.00855e-14
8.64e-06	-9.6e-06	-8.15856e-14
9.6e-06	-9.6e-06	-7.78718e-14
1.056e-05	-9.6e-06	-7.54778e-14
1.152e-05	-9.6e-06	-7.37423e-14
1.248e-05	-9.6e-06	-7.24924e-14
1.344e-05	-9.6e-06	-7.18069e-14
1.44e-05	-9.6e-06	-7.20048e-14
1.536e-05	-9.6e-06	-7.43499e-14
1.632e-05	-9.6e-06	-8.27194e-14
1.728e-05	-9.6e-06	-1.07268e-13
1.824e-05	-9.6e-06	-1.66137e-13
-1.92e-05	-8.64e-06	-2.73681e-13
-1.824e-05	-8.64e-06	-4.07559e-13
-1.728e-05	-8.64e-06	-5.17884e-13
-1.632e-05	-8.64e-06	-5.9182e-13
-1.536e-05	-8.64e-06	-6.39652e-13
-1.44e-05	-8.64e-06	-6.73808e-13
-1.344e-05	-8.64e-06	-7.02496e-13
-1.248e-05	-8.64e-06	-7.30123e-13
-1.152e-05	-8.64e-06	-7.60316e-13
-1.056e-05	-8.64e-06	-7.97711e-13
-9.6e-06	-8.64e-06	-8.60456e-13
-8.64e-06	-8.64e-06	-1.04256e-12
-7.68e-06	-8.64e-06	-1.86066e-12
-6.72e-06	-8.64e-06	-6.00043e-12
-5.76e-06	-8.64e-06	-2.61052e-11
-4.8e-06	-8.64e-06	-1.13746e-10
-3.84e-06	-8.64e-06	-4.38426e-10
-2.88e-06	-8.64e-06	-1.38128e-09
-1.92e-06	-8.64e-06	-3.20506e-09
-9.6e-07	-8.64e-06	-4.6076e-09
0	-8.64e-06	-3.63461e-09
9.6e-07	-8.64e-06	-1.6712e-09
1.92e-06	-8.64e-06	-5.5032e-10
2.88e-06	-8.64e-06	-1.4589e-10
3.84e-06	-8.64e-06	-3.37422e-11
4.8e-06	-8.64e-06	-7.59147e-12
5.76e-06	-8.64e-06	-2.16682e-12
6.72e-06	-8.64e-06	-1.10481e-12
7.68e-06	-8.64e-06	-8.8186e-13
8.64e-06	-8.64e-06	-8.15491e-13
9.6e-06	-8.64e-06	-7.81775e-13
1.056e-05	-8.64e-06	-7.58476e-13
1.152e-05	-8.64e-06	-7.41044e-13
1.248e-05	-8.64e-06	-7.28596e-13
1.344e-05	-8.64e-06	-7.21186e-13
1.44e-05	-8.64e-06	-7.21858e-13
1.536e-05	-8.64e-06	-7.41216e-13
1.632e-05	-8.64e-06	-8.15385e-13
1.728e-05	-8.64e-06	-1.04341e-12
1.824e-05	-8.64e-06	-1.62136e-12
-1.92e-05	-7.68e-06	-2.72542e-12
-1.824e-05	-7.68e-06	-4.12178e-12
-1.728e-05	-7.68e-06	-5.24434e-12
-1.632e-05	-7.68e-06	-5.97711e-12
-1.536e-05	-7.68e-06	-6.44584e-12
-1.44e-05	-7.68e-06	-6.78152e-12
-1.344e-05	-7.68e-06	-7.0645e-12
-1.248e-05	-7.68e-06	-7.33997e-12
-1.152e-05	-7.68e-06	-7.6381e-12
-1.056e-05	-7.68e-06	-7.99669e-12
-9.6e-06	-7.68e-06	-8.5316e-12
-8.64e-06	-7.68e-06	-9.83812e-12
-7.68e-06	-7.68e-06	-1.53438e-11
-6.72e-06	-7.68e-06	-4.41722e-11
-5.76e-06	-7.68e-06	-1.94185e-10
-4.8e-06	-7.68e-06	-9.0425e-10
-3.84e-06	-7.68e-06	-3.78465e-09
-2.88e-06	-7.68e-06	-1.30017e-08
-1.92e-06	-7.68e-06	-3.26559e-08
-9.6e-07	-7.68e-06	-4.87303e-08
0	-7.68e-06	-3.75493e-08
9.6e-07	-7.68e-06	-1.59563e-08
1.92e-06	-7.68e-06	-4.81077e-09
2.88e-06	-7.68e-06	-1.1717e-09
3.84e-06	-7.68e-06	-2.52317e-10
4.8e-06	-7.68e-06	-5.53524e-11
5.76e-06	-7.68e-06	-1.73673e-11
6.72e-06	-7.68e-06	-1.02583e-11
7.68e-06	-7.68e-06	-8.70974e-12
8.64e-06	-7.68e-06	-8.16754e-12
9.6e-06	-7.68e-06	-7.85113e-12
1.056e-05	-7.68e-06	-7.62125e-12
1.152e-05	-7.68e-06	-7.44748e-12
1.248e-05	-7.68e-06	-7.32112e-12
1.344e-05	-7.68e-06	-7.24442e-12
1.44e-05	-7.68e-06	-7.23975e-12
1.536e-05	-7.68e-06	-7.39838e-12
1.632e-05	-7.68e-06	-8.04372e-12
1.728e-05	-7.68e-06	-1.01391e-11
1.824e-05	-7.68e-06	-1.57726e-11
-1.92e-05	-6.72e-06	-2.71113e-11
-1.824e-05	-6.72e-06	-4.17245e-11
-1.728e-05	-6.72e-06	-5.31302e-11
-1.632e-05	-6.72e-06	-6.03714e-11
-1.536e-05	-6.72e-06	-6.49535e-11
-1.44e-05	-6.72e-06	-6.82471e-11
-1.344e-05	-6.72e-06	-7.1048e-11
-1.248e-05	-6.72e-06	-7.37872e-11
-1.152e-05	-6.72e-06	-7.67474e-11
-1.056e-05	-6.72e-06	-8.02358e-11
-9.6e-06	-6.72e-06	-8.5009e-11
-8.64e-06	-6.72e-06	-9.46687e-11
-7.68e-06	-6.72e-06	-1.3064e-10
-6.72e-06	-6.72e-06	-3.21403e-10
-5.76e-06	-6.72e-06	-1.38587e-09
-4.8e-06	-6.72e-06	-6.89895e-09
-3.84e-06	-6.72e-06	-3.16596e-08
-2.88e-06	-6.72e-06	-1.2022e-07
-1.92e-06	-6.72e-06	-3.32009e-07
-9.6e-07	-6.72e-06	-5.17524e-07
0	-6.72e-06	-3.88107e-07
9.6e-07	-6.72e-06	-1.49924e-07
1.92e-06	-6.72e-06	-4.07985e-08
2.88e-06	-6.72e-06	-9.03354e-09
3.84e-06	-6.72e-06	-1.80622e-09
4.8e-06	-6.72e-06	-3.95555e-10
5.76e-06	-6.72e-06	-1.43329e-10
6.72e-06	-6.72e-06	-9.75122e-11
7.68e-06	-6.72e-06	-8.65624e-11
8.64e-06	-6.72e-06	-8.19037e-11
9.6e-06	-6.72e-06	-7.88629e-11
1.056e-05	-6.72e-06	-7.65826e-11
1.152e-05	-6.72e-06	-7.4843e-11
1.248e-05	-6.72e-06	-7.35708e-11
1.344e-05	-6.72e-06	-7.27768e-11
1.44e-05	-6.72e-06	-7.26376e-11
1.536e-05	-6.72e-06	-7.39053e-11
1.632e-05	-6.72e-06	-7.9422e-11
1.728e-05	-6.72e-06	-9.8384e-11
1.824e-05	-6.72e-06	-1.52851e-10
-1.92e-05	-5.76e-06	-2.69327e-10
-1.824e-05	-5.76e-06	-4.22815e-10
-1.728e-05	-5.76e-06	-5.38479e-10
-1.632e-05	-5.76e-06	-6.09779e-10
-1.536e-05	-5.76e-06	-6.54471e-10
-1.44e-05	-5.76e-06	-6.86789e-10
-1.344e-05	-5.76e-06	-7.14518e-10
-1.248e-05	-5.76e-06	-7.41779e-10
-1.152e-05	-5.76e-06	-7.71236e-10
-1.056e-05	-5.76e-06	-8.05545e-10
-9.6e-06	-5.76e-06	-8.49883e-10
-8.64e-06	-5.76e-06	-9.2525e-10
-7.68e-06	-5.76e-06	-1.15657e-09
-6.72e-06	-5.76e-06	-2.3461e-09
-5.76e-06	-5.76e-06	-9.43128e-09
-4.8e-06	-5.76e-06	-4.99098e-08
-3.84e-06	-5.76e-06	-2.53932e-07
-2.88e-06	-5.76e-06	-1.08465e-06
-1.92e-06	-5.76e-06	-3.3653e-06
-9.6e-07	-5.76e-06	-5.52188e-06
0	-5.76e-06	-4.0126e-06
9.6e-07	-5.76e-06	-1.37752e-06
1.92e-06	-5.76e-06	-3.32155e-07
2.88e-06	-5.76e-06	-6.60299e-08
3.84e-06	-5.76e-06	-1.2274e-08
4.8e-06	-5.76e-06	-2.80324e-09
5.76e-06	-5.76e-06	-1.23179e-09
6.72e-06	-5.76e-06	-9.45152e-10
7.68e-06	-5.76e-06	-8.64076e-10
8.64e-06	-5.76e-06	-8.2198e-10
9.6e-06	-5.76e-06	-7.92273e-10
1.056e-05	-5.76e-06	-7.69565e-10
1.152e-05	-5.76e-06	-7.52147e-10
1.248e-05	-5.76e-06	-7.39342e-10
1.344e-05	-5.76e-06	-7.31179e-10
1.44e-05	-5.76e-06	-7.29017e-10
1.536e-05	-5.76e-06	-7.38891e-10
1.632e-05	-5.76e-06	-7.85074e-10
1.728e-05	-5.76e-06	-9.53486e-10
1.824e-05	-5.76e-06	-1.47448e-09
-1.92e-05	-4.8e-06	-2.671e-09
-1.824e-05	-4.8e-06	-4.28996e-09
-1.728e-05	-4.8e-06	-5.45971e-09
-1.632e-05	-4.8e-06	-6.1588e-09
-1.536e-05	-4.8e-06	-6.59385e-09
-1.44e-05	-4.8e-06	-6.91097e-09
-1.344e-05	-4.8e-06	-7.18565e-09
-1.248e-05	-4.8e-06	-7.45709e-09
-1.152e-05	-4.8e-06	-7.75062e-09
-1.056e-05	-4.8e-06	-8.09038e-09
-9.6e-06	-4.8e-06	-8.51487e-09
-8.64e-06	-4.8e-06	-9.14567e-09
-7.68e-06	-4.8e-06	-1.06566e-08
-6.72e-06	-4.8e-06	-1.76086e-08
-5.76e-06	-4.8e-06	-6.09993e-08
-4.8e-06	-4.8e-06	-3.36413e-07
-3.84e-06	-4.8e-06	-1.92043e-06
-2.88e-06	-4.8e-06	-9.44493e-06
-1.92e-06	-4.8e-06	-3.39681e-05
-9.6e-07	-4.8e-06	-5.92253e-05
0	-4.8e-06	-4.14873e-05
9.6e-07	-4.8e-06	-1.22497e-05
1.92e-06	-4.8e-06	-2.55313e-06
2.88e-06	-4.8e-06	-4.49158e-07
3.84e-06	-4.8e-06	-7.85556e-08
4.8e-06	-4.8e-06	-2.01732e-08
5.76e-06	-4.8e-06	-1.10811e-08
6.72e-06	-4.8e-06	-9.29533e-09
7.68e-06	-4.8e-06	-8.64951e-09
8.64e-06	-4.8e-06	-8.25326e-09
9.6e-06	-4.8e-06	-7.96e-09
1.056e-05	-4.8e-06	-7.73338e-09
1.152e-05	-4.8e-06	-7.55891e-09
1.248e-05	-4.8e-06	-7.43011e-09
1.344e-05	-4.8e-06	-7.34665e-09
1.44e-05	-4.8e-06	-7.3188e-09
1.536e-05	-4.8e-06	-7.39353e-09
1.632e-05	-4.8e-06	-7.7711e-09
1.728e-05	-4.8e-06	-9.23208e-09
1.824e-05	-4.8e-06	-1.41456e-08
-1.92e-05	-3.84e-06	-2.64333e-08
-1.824e-05	-3.84e-06	-4.35927e-08
-1.728e-05	-3.84e-06	-5.53778e-08
-1.632e-05	-3.84e-06	-6.21994e-08
-1.536e-05	-3.84e-06	-6.64267e-08
-1.44e-05	-3.84e-06	-6.95394e-08
-1.344e-05	-3.84e-06	-7.2262e-08
-1.248e-05	-3.84e-06	-7.49659e-08
-1.152e-05	-3.84e-06	-7.78932e-08
-1.056e-05	-3.84e-06	-8.12709e-08
-9.6e-06	-3.84e-06	-8.54159e-08
-8.64e-06	-3.84e-06	-9.10727e-08
-7.68e-06	-3.84e-06	-1.01624e-07
-6.72e-06	-3.84e-06	-1.40038e-07
-5.76e-06	-3.84e-06	-3.78018e-07
-4.8e-06	-3.84e-06	-2.0579e-06
-3.84e-06	-3.84e-06	-1.33083e-05
-2.88e-06	-3.84e-06	-7.78339e-05
-1.92e-06	-3.84e-06	-0.000340861
-9.6e-07	-3.84e-06	-0.00063893
0	-3.84e-06	-0.000428807
9.6e-07	-3.84e-06	-0.000103482
1.92e-06	-3.84e-06	-1.80033e-05
2.88e-06	-3.84e-06	-2.76199e-06
3.84e-06	-3.84e-06	-4.7327e-07
4.8e-06	-3.84e-06	-1.52774e-07
5.76e-06	-3.84e-06	-1.03996e-07
6.72e-06	-3.84e-06	-9.23128e-08
7.68e-06	-3.84e-06	-8.67256e-08
8.64e-06	-3.84e-06	-8.28903e-08
9.6e-06	-3.84e-06	-7.99781e-08
1.056e-05	-3.84e-06	-7.7714e-08
1.152e-05	-3.84e-06	-7.5966e-08
1.248e-05	-3.84e-06	-7.46712e-08
1.344e-05	-3.84e-06	-7.38214e-08
1.44e-05	-3.84e-06	-7.34938e-08
1.536e-05	-3.84e-06	-7.40426e-08
1.632e-05	-3.84e-06	-7.70503e-08
1.728e-05	-3.84e-06	-8.93495e-08
1.824e-05	-3.84e-06	-1.34806e-07
-1.92e-05	-2.88e-06	-2.60899e-07
-1.824e-05	-2.88e-06	-4.43786e-07
-1.728e-05	-2.88e-06	-5.61889e-07
-1.632e-05	-2.88e-06	-6.28096e-07
-1.536e-05	-2.88e-06	-6.69111e-07
-1.44e-05	-2.88e-06	-6.9968e-07
-1.344e-05	-2.88e-06	-7.26683e-07
-1.248e-05	-2.88e-06	-7.53629e-07
-1.152e-05	-2.88e-06	-7.82837e-07
-1.056e-05	-2.88e-06	-8.16482e-07
-9.6e-06	-2.88e-06	-8.57407e-07
-8.64e-06	-2.88e-06	-9.10841e-07
-7.68e-06	-2.88e-06	-9.93516e-07
-6.72e-06	-2.88e-06	-1.20497e-06
-5.76e-06	-2.88e-06	-2.33603e-06
-4.8e-06	-2.88e-06	-1.09919e-05
-3.84e-06	-2.88e-06	-7.99555e-05
-2.88e-06	-2.88e-06	-0.000582489
-1.92e-06	-2.88e-06	-0.00339257
-9.6e-07	-2.88e-06	-0.00693757
0	-2.88e-06	-0.00442843
9.6e-07	-2.88e-06	-0.000798809
1.92e-06	-2.88e-06	-0.00011004
2.88e-06	-2.88e-06	-1.46474e-05
3.84e-06	-2.88e-06	-2.75947e-06
4.8e-06	-2.88e-06	-1.25959e-06
5.76e-06	-2.88e-06	-1.00794e-06
6.72e-06	-2.88e-06	-9.22084e-07
7.68e-06	-2.88e-06	-8.70333e-07
8.64e-06	-2.88e-06	-8.32608e-07
9.6e-06	-2.88e-06	-8.03603e-07
1.056e-05	-2.88e-06	-7.80968e-07
1.152e-05	-2.88e-06	-7.63454e-07
1.248e-05	-2.88e-06	-7.50442e-07
1.344e-05	-2.88e-06	-7.41818e-07
1.44e-05	-2.88e-06	-7.38165e-07
1.536e-05	-2.88e-06	-7.42081e-07
1.632e-05	-2.88e-06	-7.65415e-07
1.728e-05	-2.88e-06	-8.64991e-07
1.824e-05	-2.88e-06	-1.27423e-06
-1.92e-05	-1.92e-06	-2.56631e-06
-1.824e-05	-1.92e-06	-4.52802e-06
-1.728e-05	-1.92e-06	-5.70273e-06
-1.632e-05	-1.92e-06	-6.34156e-06
-1.536e-05	-1.92e-06	-6.73912e-06
-1.44e-05	-1.92e-06	-7.03957e-06
-1.344e-05	-1.92e-06	-7.30756e-06
-1.248e-05	-1.92e-06	-7.57619e-06
-1.152e-05	-1.92e-06	-7.8677e-06
-1.056e-05	-1.92e-06	-8.20316e-06
-9.6e-06	-1.92e-06	-8.6094e-06
-8.64e-06	-1.92e-06	-9.12965e-06
-7.68e-06	-1.92e-06	-9.85917e-06
-6.72e-06	-1.92e-06	-1.11773e-05
-5.76e-06	-1.92e-06	-1.58205e-05
-4.8e-06	-1.92e-06	-4.92619e-05
-3.84e-06	-1.92e-06	-0.000365102
-2.88e-06	-1.92e-06	-0.00353004
-1.92e-06	-1.92e-06	-0.0333772
-9.6e-07	-1.92e-06	-0.0758691
0	-1.92e-06	-0.0456642
9.6e-07	-1.92e-06	-0.0050679
1.92e-06	-1.92e-06	-0.000506127
2.88e-06	-1.92e-06	-6.24831e-05
3.84e-06	-1.92e-06	-1.71623e-05
4.8e-06	-1.92e-06	-1.13907e-05
5.76e-06	-1.92e-06	-9.96627e-06
6.72e-06	-1.92e-06	-9.23772e-06
7.68e-06	-1.92e-06	-8.73784e-06
8.64e-06	-1.92e-06	-8.36387e-06
9.6e-06	-1.92e-06	-8.07457e-06
1.056e-05	-1.92e-06	-7.84822e-06
1.152e-05	-1.92e-06	-7.67272e-06
1.248e-05	-1.92e-06	-7.54198e-06
1.344e-05	-1.92e-06	-7.45468e-06
1.44e-05	-1.92e-06	-7.41531e-06
1.536e-05	-1.92e-06	-7.44267e-06
1.632e-05	-1.92e-06	-7.61981e-06
1.728e-05	-1.92e-06	-8.38533e-06
1.824e-05	-1.92e-06	-1.19227e-05
-1.92e-05	-9.6e-07	-2.51314e-05
-1.824e-05	-9.6e-07	-4.63271e-05
-1.728e-05	-9.6e-07	-5.78876e-05
-1.632e-05	-9.6e-07	-6.40143e-05
-1.536e-05	-9.6e-07	-6.78665e-05
-1.44e-05	-9.6e-07	-7.08225e-05
-1.344e-05	-9.6e-07	-7.3484e-05
-1.248e-05	-9.6e-07	-7.61628e-05
-1.152e-05	-9.6e-07	-7.9073e-05
-1.056e-05	-9.6e-07	-8.24192e-05
-9.6e-06	-9.6e-07	-8.64605e-05
-8.64e-06	-9.6e-07	-9.15952e-05
-7.68e-06	-9.6e-07	-9.85418e-05
-6.72e-06	-9.6e-07	-0.00010898
-5.76e-06	-9.6e-07	-0.00012953
-4.8e-06	-9.6e-07	-0.000206884
-3.84e-06	-9.6e-07	-0.000778716
-2.88e-06	-9.6e-07	-0.00629958
-1.92e-06	-9.6e-07	-0.0574893
-9.6e-07	-9.6e-07	-0.118143
0	-9.6e-07	-0.0653212
9.6e-07	-9.6e-07	-0.00759712
1.92e-06	-9.6e-07	-0.000911761
2.88e-06	-9.6e-07	-0.000221571
3.84e-06	-9.6e-07	-0.000131981
4.8e-06	-9.6e-07	-0.00011007
5.76e-06	-9.6e-07	-9.95078e-05
6.72e-06	-9.6e-07	-9.26621e-05
7.68e-06	-9.6e-07	-8.77402e-05
8.64e-06	-9.6e-07	-8.40213e-05
9.6e-06	-9.6e-07	-8.11341e-05
1.056e-05	-9.6e-07	-7.88701e-05
1.152e-05	-9.6e-07	-7.71114e-05
1.248e-05	-9.6e-07	-7.57981e-05
1.344e-05	-9.6e-07	-7.49156e-05
1.44e-05	-9.6e-07	-7.45006e-05
1.536e-05	-9.6e-07	-7.46916e-05
1.632e-05	-9.6e-07	-7.60285e-05
1.728e-05	-9.6e-07	-8.15196e-05
1.824e-05	-9.6e-07	-0.000110134
-1.92e-05	0	-0.000244666
-1.824e-05	0	-0.000475578
-1.728e-05	0	-0.000587603
-1.632e-05	0	-0.000646025
-1.536e-05	0	-0.00068337
-1.44e-05	0	-0.000712486
-1.344e-05	0	-0.000738935
-1.248e-05	0	-0.000765657
-1.152e-05	0	-0.000794715
-1.056e-05	0	-0.000828102
-9.6e-06	0	-0.00086834
-8.64e-06	0	-0.000919246
-7.68e-06	0	-0.000987383
-6.72e-06	0	-0.00108544
-5.76e-06	0	-0.0012428
-4.8e-06	0	-0.00155726
-3.84e-06	0	-0.00259405
-2.88e-06	0	-0.00931501
-1.92e-06	0	-0.0647794
-9.6e-07	0	-0.119179
0	0	-0.0659977
9.6e-07	0	-0.0108158
1.92e-06	0	-0.00275801
2.88e-06	0	-0.00158706
3.84e-06	0	-0.00125548
4.8e-06	0	-0.00109507
5.76e-06	0	-0.00099686
6.72e-06	0	-0.000929861
7.68e-06	0	-0.000881096
8.64e-06	0	-0.000844075
9.6e-06	0	-0.000815252
1.056e-05	0	-0.000792605
1.152e-05	0	-0.00077498
1.248e-05	0	-0.000761788
1.344e-05	0	-0.000752877
1.44e-05	0	-0.000748563
1.536e-05	0	-0.000749935
1.632e-05	0	-0.000760327
1.728e-05	0	-0.000796357
1.824e-05	0	-0.00100062
-1.92e-05	9.6e-07	-0.00236318
-1.824e-05	9.6e-07	-0.00490225
-1.728e-05	9.6e-07	-0.00596307
-1.632e-05	9.6e-07	-0.00651771
-1.536e-05	9.6e-07	-0.00688027
-1.44e-05	9.6e-07	-0.00716744
-1.344e-05	9.6e-07	-0.00743044
-1.248e-05	9.6e-07	-0.00769707
-1.152e-05	9.6e-07	-0.00798726
-1.056e-05	9.6e-07	-0.00832045
-9.6e-06	9.6e-07	-0.00872122
-8.64e-06	9.6e-07	-0.0092265
-7.68e-06	9.6e-07	-0.00989881
-6.72e-06	9.6e-07	-0.0108548
-5.76e-06	9.6e-07	-0.0123346
-4.8e-06	9.6e-07	-0.0148853
-3.84e-06	9.6e-07	-0.0198808
-2.88e-06	9.6e-07	-0.0308799
-1.92e-06	9.6e-07	-0.0546557
-9.6e-07	9.6e-07	-0.0717245
0	9.6e-07	-0.0552027
9.6e-07	9.6e-07	-0.0315703
1.92e-06	9.6e-07	-0.0202101
2.88e-06	9.6e-07	-0.0150563
3.84e-06	9.6e-07	-0.0124468
4.8e-06	9.6e-07	-0.0109486
5.76e-06	9.6e-07	-0.00999281
6.72e-06	9.6e-07	-0.00933222
7.68e-06	9.6e-07	-0.00884842
8.64e-06	9.6e-07	-0.00847971
9.6e-06	9.6e-07	-0.00819191
1.056e-05	9.6e-07	-0.00796533
1.152e-05	9.6e-07	-0.0077887
1.248e-05	9.6e-07	-0.00765619
1.344e-05	9.6e-07	-0.00756626
1.44e-05	9.6e-07	-0.00752178
1.536e-05	9.6e-07	-0.00753219
1.632e-05	9.6e-07	-0.00761977
1.728e-05	9.6e-07	-0.00783758
1.824e-05	9.6e-07	-0.00831652
-1.92e-05	1.92e-06	-0.00931731
-1.824e-05	1.92e-06	-0.0106978
-1.728e-05	1.92e-06	-0.0117116
-1.632e-05	1.92e-06	-0.0124361
-1.536e-05	1.92e-06	-0.012999
-1.44e-05	1.92e-06	-0.0134866
-1.344e-05	1.92e-06	-0.0139525
-1.248e-05	1.92e-06	-0.0144332
-1.152e-05	1.92e-06	-0.0149586
-1.056e-05	1.92e-06	-0.0155596
-9.6e-06	1.92e-06	-0.016275
-8.64e-06	1.92e-06	-0.0171608
-7.68e-06	1.92e-06	-0.0183057
-6.72e-06	1.92e-06	-0.0198583
-5.76e-06	1.92e-06	-0.0220801
-4.8e-06	1.92e-06	-0.0254366
-3.84e-06	1.92e-06	-0.0307203
-2.88e-06	1.92e-06	-0.0389792
-1.92e-06	1.92e-06	-0.0500195
-9.6e-07	1.92e-06	-0.0562602
0	1.92e-06	-0.0502866
9.6e-07	1.92e-06	-0.039348
1.92e-06	1.92e-06	-0.0310049
2.88e-06	1.92e-06	-0.0256453
3.84e-06	1.92e-06	-0.022249
4.8e-06	1.92e-06	-0.0200154
5.76e-06	1.92e-06	-0.0184706
6.72e-06	1.92e-06	-0.0173496
7.68e-06	1.92e-06	-0.0165032
8.64e-06	1.92e-06	-0.0158452
9.6e-06	1.92e-06	-0.0153246
1.056e-05	1.92e-06	-0.0149104
1.152e-05	1.92e-06	-0.0145845
1.248e-05	1.92e-06	-0.0143372
1.344e-05	1.92e-06	-0.0141653
1.44e-05	1.92e-06	-0.0140723
1.536e-05	1.92e-06	-0.0140692
1.632e-05	1.92e-06	-0.014179
1.728e-05	1.92e-06	-0.0144428
1.824e-05	1.92e-06	-0.014925
-1.92e-05	2.88e-06	-0.0156838
-1.824e-05	2.88e-06	-0.0166213
-1.728e-05	2.88e-06	-0.0174883
-1.632e-05	2.88e-06	-0.0182384
-1.536e-05	2.88e-06	-0.0189031
-1.44e-05	2.88e-06	-0.0195266
-1.344e-05	2.88e-06	-0.0201485
-1.248e-05	2.88e-06	-0.0208025
-1.152e-05	2.88e-06	-0.0215205
-1.056e-05	2.88e-06	-0.0223371
-9.6e-06	2.88e-06	-0.0232952
-8.64e-06	2.88e-06	-0.0244533
-7.68e-06	2.88e-06	-0.0258962
-6.72e-06	2.88e-06	-0.0277496
-5.76e-06	2.88e-06	-0.0301981
-4.8e-06	2.88e-06	-0.0334931
-3.84e-06	2.88e-06	-0.0378991
-2.88e-06	2.88e-06	-0.0434271
-1.92e-06	2.88e-06	-0.0490669
-9.6e-07	2.88e-06	-0.0517549
0	2.88e-06	-0.0492136
9.6e-07	2.88e-06	-0.0436521
1.92e-06	2.88e-06	-0.0381243
2.88e-06	2.88e-06	-0.0336989
3.84e-06	2.88e-06	-0.0303922
4.8e-06	2.88e-06	-0.0279467
5.76e-06	2.88e-06	-0.0261124
6.72e-06	2.88e-06	-0.0247052
7.68e-06	2.88e-06	-0.0236013
8.64e-06	2.88e-06	-0.0227199
9.6e-06	2.88e-06	-0.0220088
1.056e-05	2.88e-06	-0.0214344
1.152e-05	2.88e-06	-0.0209763
1.248e-05	2.88e-06	-0.0206228
1.344e-05	2.88e-06	-0.0203696
1.44e-05	2.88e-06	-0.0202188
1.536e-05	2.88e-06	-0.0201794
1.632e-05	2.88e-06	-0.0202677
1.728e-05	2.88e-06	-0.0205074
1.824e-05	2.88e-06	-0.0209238
-1.92e-05	3.84e-06	-0.0215217
-1.824e-05	3.84e-06	-0.0222444
-1.728e-05	3.84e-06	-0.0229917
-1.632e-05	3.84e-06	-0.0237192
-1.536e-05	3.84e-06	-0.0244264
-1.44e-05	3.84e-06	-0.0251325
-1.344e-05	3.84e-06	-0.0258627
-1.248e-05	3.84e-06	-0.0266436
-1.152e-05	3.84e-06	-0.0275036
-1.056e-05	3.84e-06	-0.0284747
-9.6e-06	3.84e-06	-0.0295955
-8.64e-06	3.84e-06	-0.0309153
-7.68e-06	3.84e-06	-0.0324983
-6.72e-06	3.84e-06	-0.0344266
-5.76e-06	3.84e-06	-0.036796
-4.8e-06	3.84e-06	-0.0396911
-3.84e-06	3.84e-06	-0.0431101
-2.88e-06	3.84e-06	-0.0467944
-1.92e-06	3.84e-06	-0.049971
-9.6e-07	3.84e-06	-0.051324
0	3.84e-06	-0.0500627
9.6e-07	3.84e-06	-0.0469483
1.92e-06	3.84e-06	-0.0432908
2.88e-06	3.84e-06	-0.0398818
3.84e-06	3.84e-06	-0.0369958
4.8e-06	3.84e-06	-0.0346435
5.76e-06	3.84e-06	-0.0327444
6.72e-06	3.84e-06	-0.0312062
7.68e-06	3.84e-06	-0.0299503
8.64e-06	3.84e-06	-0.0289174
9.6e-06	3.84e-06	-0.028065
1.056e-05	3.84e-06	-0.027364
1.152e-05	3.84e-06	-0.0267954
1.248e-05	3.84e-06	-0.0263479
1.344e-05	3.84e-06	-0.0260169
1.44e-05	3.84e-06	-0.0258029
1.536e-05	3.84e-06	-0.0257116
1.632e-05	3.84e-06	-0.0257527
1.728e-05	3.84e-06	-0.0259377
1.824e-05	3.84e-06	-0.0262742
-1.92e-05	4.8e-06	-0.0267548
-1.824e-05	4.8e-06	-0.0273464
-1.728e-05	4.8e-06	-0.0280018
-1.632e-05	4.8e-06	-0.0286909
-1.536e-05	4.8e-06	-0.0294059
-1.44e-05	4.8e-06	-0.0301537
-1.344e-05	4.8e-06	-0.030949
-1.248e-05	4.8e-06	-0.0318111
-1.152e-05	4.8e-06	-0.0327621
-1.056e-05	4.8e-06	-0.0338273
-9.6e-06	4.8e-06	-0.0350364
-8.64e-06	4.8e-06	-0.0364242
-7.68e-06	4.8e-06	-0.03803
-6.72e-06	4.8e-06	-0.0398944
-5.76e-06	4.8e-06	-0.042047
-4.8e-06	4.8e-06	-0.0444797
-3.84e-06	4.8e-06	-0.047094
-2.88e-06	4.8e-06	-0.0496251
-1.92e-06	4.8e-06	-0.0515839
-9.6e-07	4.8e-06	-0.0523621
0	4.8e-06	-0.051648
9.6e-07	4.8e-06	-0.0497399
1.92e-06	4.8e-06	-0.0472427
2.88e-06	4.8e-06	-0.0446517
3.84e-06	4.8e-06	-0.0422404
4.8e-06	4.8e-06	-0.0401138
5.76e-06	4.8e-06	-0.038285
6.72e-06	4.8e-06	-0.0367285
7.68e-06	4.8e-06	-0.0354079
8.64e-06	4.8e-06	-0.034289
9.6e-06	4.8e-06	-0.0333437
1.056e-05	4.8e-06	-0.0325507
1.152e-05	4.8e-06	-0.0318954
1.248e-05	4.8e-06	-0.0313688
1.344e-05	4.8e-06	-0.0309665
1.44e-05	4.8e-06	-0.0306884
1.536e-05	4.8e-06	-0.0305377
1.632e-05	4.8e-06	-0.0305192
1.728e-05	4.8e-06	-0.0306379
1.824e-05	4.8e-06	-0.0308941
-1.92e-05	5.76e-06	-0.0312797
-1.824e-05	5.76e-06	-0.0317746
-1.728e-05	5.76e-06	-0.0323533
-1.632e-05	5.76e-06	-0.0329967
-1.536e-05	5.76e-06	-0.0336966
-1.44e-05	5.76e-06	-0.0344543
-1.344e-05	5.76e-06	-0.035278
-1.248e-05	5.76e-06	-0.0361799
-1.152e-05	5.76e-06	-0.0371751
-1.056e-05	5.76e-06	-0.0382811
-9.6e-06	5.76e-06	-0.039517
-8.64e-06	5.76e-06	-0.0409022
-7.68e-06	5.76e-06	-0.0424546
-6.72e-06	5.76e-06	-0.0441837
-5.76e-06	5.76e-06	-0.0460798
-4.8e-06	5.76e-06	-0.0480939
-3.84e-06	5.76e-06	-0.0501105
-2.88e-06	5.76e-06	-0.0519206
-1.92e-06	5.76e-06	-0.0532264
-9.6e-07	5.76e-06	-0.053724
0	5.76e-06	-0.0532747
9.6e-07	5.76e-06	-0.0520109
1.92e-06	5.76e-06	-0.0502344
2.88e-06	5.76e-06	-0.0482455
3.84e-06	5.76e-06	-0.0462577
4.8e-06	5.76e-06	-0.0443912
5.76e-06	5.76e-06	-0.0426992
6.72e-06	5.76e-06	-0.0411952
7.68e-06	5.76e-06	-0.0398738
8.64e-06	5.76e-06	-0.0387221
9.6e-06	5.76e-06	-0.037726
1.056e-05	5.76e-06	-0.0368734
1.152e-05	5.76e-06	-0.0361551
1.248e-05	5.76e-06	-0.0355653
1.344e-05	5.76e-06	-0.0351009
1.44e-05	5.76e-06	-0.034762
1.536e-05	5.76e-06	-0.03455
1.632e-05	5.76e-06	-0.0344677
1.728e-05	5.76e-06	-0.0345167
1.824e-05	5.76e-06	-0.0346955
-1.92e-05	6.72e-06	-0.0349973
-1.824e-05	6.72e-06	-0.0354099
-1.728e-05	6.72e-06	-0.0359181
-1.632e-05	6.72e-06	-0.0365096
-1.536e-05	6.72e-06	-0.0371774
-1.44e-05	6.72e-06	-0.0379203
-1.344e-05	6.72e-06	-0.0387416
-1.248e-05	6.72e-06	-0.039648
-1.152e-05	6.72e-06	-0.040648
-1.056e-05	6.72e-06	-0.041751
-9.6e-06	6.72e-06	-0.0429662
-8.64e-06	6.72e-06	-0.0443005
-7.68e-06	6.72e-06	-0.0457551
-6.72e-06	6.72e-06	-0.0473202
-5.76e-06	6.72e-06	-0.0489663
-4.8e-06	6.72e-06	-0.0506326
-3.84e-06	6.72e-06	-0.0522152
-2.88e-06	6.72e-06	-0.053562
-1.92e-06	6.72e-06	-0.0544895
-9.6e-07	6.72e-06	-0.0548342
0	6.72e-06	-0.0545271
9.6e-07	6.72e-06	-0.0536341
1.92e-06	6.72e-06	-0.0523174
2.88e-06	6.72e-06	-0.0507617
3.84e-06	6.72e-06	-0.0491215
4.8e-06	6.72e-06	-0.0475037
5.76e-06	6.72e-06	-0.0459724
6.72e-06	6.72e-06	-0.0445602
7.68e-06	6.72e-06	-0.0432804
8.64e-06	6.72e-06	-0.0421354
9.6e-06	6.72e-06	-0.0411229
1.056e-05	6.72e-06	-0.0402389
1.152e-05	6.72e-06	-0.0394796
1.248e-05	6.72e-06	-0.0388426
1.344e-05	6.72e-06	-0.0383268
1.44e-05	6.72e-06	-0.0379328
1.536e-05	6.72e-06	-0.0376618
1.632e-05	6.72e-06	-0.0375158
1.728e-05	6.72e-06	-0.0374955
1.824e-05	6.72e-06	-0.0375995
-1.92e-05	7.68e-06	-0.0378234
-1.824e-05	7.68e-06	-0.0381594
-1.728e-05	7.68e-06	-0.0385982
-1.632e-05	7.68e-06	-0.0391316
-1.536e-05	7.68e-06	-0.0397536
-1.44e-05	7.68e-06	-0.0404617
-1.344e-05	7.68e-06	-0.0412558
-1.248e-05	7.68e-06	-0.0421378
-1.152e-05	7.68e-06	-0.0431107
-1.056e-05	7.68e-06	-0.044177
-9.6e-06	7.68e-06	-0.0453377
-8.64e-06	7.68e-06	-0.04659
-7.68e-06	7.68e-06	-0.0479242
-6.72e-06	7.68e-06	-0.0493198
-5.76e-06	7.68e-06	-0.0507399
-4.8e-06	7.68e-06	-0.0521252
-3.84e-06	7.68e-06	-0.0533905
-2.88e-06	7.68e-06	-0.0544274
-1.92e-06	7.68e-06	-0.0551196
-9.6e-07	7.68e-06	-0.0553726
0	7.68e-06	-0.0551487
9.6e-07	7.68e-06	-0.0544841
1.92e-06	7.68e-06	-0.0534722
2.88e-06	7.68e-06	-0.0522298
3.84e-06	7.68e-06	-0.0508666
4.8e-06	7.68e-06	-0.0494699
5.76e-06	7.68e-06	-0.0481008
6.72e-06	7.68e-06	-0.0467986
7.68e-06	7.68e-06	-0.0455863
8.64e-06	7.68e-06	-0.0444761
9.6e-06	7.68e-06	-0.0434738
1.056e-05	7.68e-06	-0.0425818
1.152e-05	7.68e-06	-0.041801
1.248e-05	7.68e-06	-0.041132
1.344e-05	7.68e-06	-0.0405758
1.44e-05	7.68e-06	-0.040134
1.536e-05	7.68e-06	-0.0398084
1.632e-05	7.68e-06	-0.0396011
1.728e-05	7.68e-06	-0.0395133
1.824e-05	7.68e-06	-0.0395448
-1.92e-05	8.64e-06	-0.0396933
-1.824e-05	8.64e-06	-0.0399545
-1.728e-05	8.64e-06	-0.0403226
-1.632e-05	8.64e-06	-0.0407917
-1.536e-05	8.64e-06	-0.0413568
-1.44e-05	8.64e-06	-0.0420142
-1.344e-05	8.64e-06	-0.0427614
-1.248e-05	8.64e-06	-0.0435966
-1.152e-05	8.64e-06	-0.044518
-1.056e-05	8.64e-06	-0.045523
-9.6e-06	8.64e-06	-0.0466061
-8.64e-06	8.64e-06	-0.0477579
-7.68e-06	8.64e-06	-0.0489625
-6.72e-06	8.64e-06	-0.0501945
-5.76e-06	8.64e-06	-0.0514161
-4.8e-06	8.64e-06	-0.0525747
-3.84e-06	8.64e-06	-0.0536029
-2.88e-06	8.64e-06	-0.0544232
-1.92e-06	8.64e-06	-0.0549589
-9.6e-07	8.64e-06	-0.0551522
0	8.64e-06	-0.0549806
9.6e-07	8.64e-06	-0.0544655
1.92e-06	8.64e-06	-0.0536642
2.88e-06	8.64e-06	-0.0526531
3.84e-06	8.64e-06	-0.0515104
4.8e-06	8.64e-06	-0.0503044
5.76e-06	8.64e-06	-0.0490889
6.72e-06	8.64e-06	-0.0479028
7.68e-06	8.64e-06	-0.0467729
8.64e-06	8.64e-06	-0.0457164
9.6e-06	8.64e-06	-0.0447443
1.056e-05	8.64e-06	-0.0438634
1.152e-05	8.64e-06	-0.0430778
1.248e-05	8.64e-06	-0.0423908
1.344e-05	8.64e-06	-0.0418051
1.44e-05	8.64e-06	-0.0413233
1.536e-05	8.64e-06	-0.0409484
1.632e-05	8.64e-06	-0.0406831
1.728e-05	8.64e-06	-0.0405301
1.824e-05	8.64e-06	-0.0404907
-1.92e-05	9.6e-06	-0.040565
-1.824e-05	9.6e-06	-0.0407512
-1.728e-05	9.6e-06	-0.0410462
-1.632e-05	9.6e-06	-0.0414456
-1.536e-05	9.6e-06	-0.0419449
-1.44e-05	9.6e-06	-0.0425394
-1.344e-05	9.6e-06	-0.0432247
-1.248e-05	9.6e-06	-0.0439962
-1.152e-05	9.6e-06	-0.0448486
-1.056e-05	9.6e-06	-0.0457749
-9.6e-06	9.6e-06	-0.0467657
-8.64e-06	9.6e-06	-0.0478074
-7.68e-06	9.6e-06	-0.0488809
-6.72e-06	9.6e-06	-0.0499595
-5.76e-06	9.6e-06	-0.051008
-4.8e-06	9.6e-06	-0.0519815
-3.84e-06	9.6e-06	-0.0528273
-2.88e-06	9.6e-06	-0.053489
-1.92e-06	9.6e-06	-0.0539144
-9.6e-07	9.6e-06	-0.0540659
0	9.6e-06	-0.0539293
9.6e-07	9.6e-06	-0.0535179
1.92e-06	9.6e-06	-0.0528686
2.88e-06	9.6e-06	-0.0520333
3.84e-06	9.6e-06	-0.0510681
4.8e-06	9.6e-06	-0.0500261
5.76e-06	9.6e-06	-0.0489522
6.72e-06	9.6e-06	-0.047882
7.68e-06	9.6e-06	-0.0468423
8.64e-06	9.6e-06	-0.0458523
9.6e-06	9.6e-06	-0.0449253
1.056e-05	9.6e-06	-0.0440707
1.152e-05	9.6e-06	-0.0432948
1.248e-05	9.6e-06	-0.0426025
1.344e-05	9.6e-06	-0.0419976
1.44e-05	9.6e-06	-0.0414838
1.536e-05	9.6e-06	-0.041065
1.632e-05	9.6e-06	-0.0407452
1.728e-05	9.6e-06	-0.0405288
1.824e-05	9.6e-06	-0.0404194
-1.92e-05	1.056e-05	-0.0404195
-1.824e-05	1.056e-05	-0.0405299
-1.728e-05	1.056e-05	-0.0407494
-1.632e-05	1.056e-05	-0.0410748
-1.536e-05	1.056e-05	-0.0415017
-1.44e-05	1.056e-05	-0.0420246
-1.344e-05	1.056e-05	-0.0426374
-1.248e-05	1.056e-05	-0.0433334
-1.152e-05	1.056e-05	-0.0441044
-1.056e-05	1.056e-05	-0.044941
-9.6e-06	1.056e-05	-0.0458308
-8.64e-06	1.056e-05	-0.0467583
-7.68e-06	1.056e-05	-0.0477033
-6.72e-06	1.056e-05	-0.04864
-5.76e-06	1.056e-05	-0.0495368
-4.8e-06	1.056e-05	-0.0503562
-3.84e-06	1.056e-05	-0.051057
-2.88e-06	1.056e-05	-0.0515974
-1.92e-06	1.056e-05	-0.0519408
-9.6e-07	1.056e-05	-0.0520613
0	1.056e-05	-0.0519495
9.6e-07	1.056e-05	-0.0516139
1.92e-06	1.056e-05	-0.0510794
2.88e-06	1.056e-05	-0.0503822
3.84e-06	1.056e-05	-0.0495632
4.8e-06	1.056e-05	-0.0486633
5.76e-06	1.056e-05	-0.0477194
6.72e-06	1.056e-05	-0.0467623
7.68e-06	1.056e-05	-0.0458168
8.64e-06	1.056e-05	-0.0449019
9.6e-06	1.056e-05	-0.0440316
1.056e-05	1.056e-05	-0.0432159
1.152e-05	1.056e-05	-0.0424623
1.248e-05	1.056e-05	-0.0417761
1.344e-05	1.056e-05	-0.0411618
1.44e-05	1.056e-05	-0.0406237
1.536e-05	1.056e-05	-0.0401662
1.632e-05	1.056e-05	-0.0397949
1.728e-05	1.056e-05	-0.0395162
1.824e-05	1.056e-05	-0.0393366
-1.92e-05	1.152e-05	-0.0392618
-1.824e-05	1.152e-05	-0.0392952
-1.728e-05	1.152e-05	-0.0394375
-1.632e-05	1.152e-05	-0.0396861
-1.536e-05	1.152e-05	-0.0400364
-1.44e-05	1.152e-05	-0.0404821
-1.344e-05	1.152e-05	-0.0410157
-1.248e-05	1.152e-05	-0.0416285
-1.152e-05	1.152e-05	-0.0423107
-1.056e-05	1.152e-05	-0.0430509
-9.6e-06	1.152e-05	-0.0438357
-8.64e-06	1.152e-05	-0.0446485
-7.68e-06	1.152e-05	-0.0454695
-6.72e-06	1.152e-05	-0.0462751
-5.76e-06	1.152e-05	-0.0470375
-4.8e-06	1.152e-05	-0.0477259
-3.84e-06	1.152e-05	-0.0483077
-2.88e-06	1.152e-05	-0.0487517
-1.92e-06	1.152e-05	-0.049031
-9.6e-07	1.152e-05	-0.0491275
0	1.152e-05	-0.0490342
9.6e-07	1.152e-05	-0.0487571
1.92e-06	1.152e-05	-0.0483133
2.88e-06	1.152e-05	-0.0477285
3.84e-06	1.152e-05	-0.0470332
4.8e-06	1.152e-05	-0.0462588
5.76e-06	1.152e-05	-0.0454349
6.72e-06	1.152e-05	-0.0445876
7.68e-06	1.152e-05	-0.0437385
8.64e-06	1.152e-05	-0.0429051
9.6e-06	1.152e-05	-0.0421006
1.056e-05	1.152e-05	-0.0413348
1.152e-05	1.152e-05	-0.0406148
1.248e-05	1.152e-05	-0.0399457
1.344e-05	1.152e-05	-0.0393315
1.44e-05	1.152e-05	-0.0387763
1.536e-05	1.152e-05	-0.0382849
1.632e-05	1.152e-05	-0.037864
1.728e-05	1.152e-05	-0.0375227
1.824e-05	1.152e-05	-0.0372712
-1.92e-05	1.248e-05	-0.0371197
-1.824e-05	1.248e-05	-0.037075
-1.728e-05	1.248e-05	-0.0371391
-1.632e-05	1.248e-05	-0.0373101
-1.536e-05	1.248e-05	-0.0375824
-1.44e-05	1.248e-05	-0.0379485
-1.344e-05	1.248e-05	-0.0383995
-1.248e-05	1.248e-05	-0.0389252
-1.152e-05	1.248e-05	-0.0395148
-1.056e-05	1.248e-05	-0.0401558
-9.6e-06	1.248e-05	-0.0408343
-8.64e-06	1.248e-05	-0.0415341
-7.68e-06	1.248e-05	-0.0422367
-6.72e-06	1.248e-05	-0.0429207
-5.76e-06	1.248e-05	-0.0435626
-4.8e-06	1.248e-05	-0.0441371
-3.84e-06	1.248e-05	-0.0446184
-2.88e-06	1.248e-05	-0.0449827
-1.92e-06	1.248e-05	-0.04521
-9.6e-07	1.248e-05	-0.0452871
0	1.248e-05	-0.0452087
9.6e-07	1.248e-05	-0.044979
1.92e-06	1.248e-05	-0.04461
2.88e-06	1.248e-05	-0.0441204
3.84e-06	1.248e-05	-0.0435329
4.8e-06	1.248e-05	-0.0428716
5.76e-06	1.248e-05	-0.0421601
6.72e-06	1.248e-05	-0.0414196
7.68e-06	1.248e-05	-0.0406686
8.64e-06	1.248e-05	-0.039922
9.6e-06	1.248e-05	-0.0391915
1.056e-05	1.248e-05	-0.0384856
1.152e-05	1.248e-05	-0.0378101
1.248e-05	1.248e-05	-0.0371689
1.344e-05	1.248e-05	-0.0365647
1.44e-05	1.248e-05	-0.0359999
1.536e-05	1.248e-05	-0.0354788
1.632e-05	1.248e-05	-0.0350088
1.728e-05	1.248e-05	-0.0346019
1.824e-05	1.248e-05	-0.0342743
-1.92e-05	1.344e-05	-0.0340427
-1.824e-05	1.344e-05	-0.0339185
-1.728e-05	1.344e-05	-0.0339053
-1.632e-05	1.344e-05	-0.0340002
-1.536e-05	1.344e-05	-0.034196
-1.44e-05	1.344e-05	-0.0344833
-1.344e-05	1.344e-05	-0.0348516
-1.248e-05	1.344e-05	-0.0352896
-1.152e-05	1.344e-05	-0.0357857
-1.056e-05	1.344e-05	-0.0363272
-9.6e-06	1.344e-05	-0.0369004
-8.64e-06	1.344e-05	-0.0374903
-7.68e-06	1.344e-05	-0.0380799
-6.72e-06	1.344e-05	-0.0386508
-5.76e-06	1.344e-05	-0.0391832
-4.8e-06	1.344e-05	-0.0396566
-3.84e-06	1.344e-05	-0.0400506
-2.88e-06	1.344e-05	-0.0403469
-1.92e-06	1.344e-05	-0.0405306
-9.6e-07	1.344e-05	-0.0405915
0	1.344e-05	-0.0405259
9.6e-07	1.344e-05	-0.0403365
1.92e-06	1.344e-05	-0.0400318
2.88e-06	1.344e-05	-0.0396257
3.84e-06	1.344e-05	-0.039135
4.8e-06	1.344e-05	-0.0385781
5.76e-06	1.344e-05	-0.0379734
6.72e-06	1.344e-05	-0.037338
7.68e-06	1.344e-05	-0.0366867
8.64e-06	1.344e-05	-0.036032
9.6e-06	1.344e-05	-0.0353833
1.056e-05	1.344e-05	-0.0347471
1.152e-05	1.344e-05	-0.0341275
1.248e-05	1.344e-05	-0.0335259
1.344e-05	1.344e-05	-0.0329424
1.44e-05	1.344e-05	-0.0323766
1.536e-05	1.344e-05	-0.03183
1.632e-05	1.344e-05	-0.0313093
1.728e-05	1.344e-05	-0.0308297
1.824e-05	1.344e-05	-0.0304166
-1.92e-05	1.44e-05	-0.0300987
-1.824e-05	1.44e-05	-0.0298942
-1.728e-05	1.44e-05	-0.0298068
-1.632e-05	1.44e-05	-0.0298307
-1.536e-05	1.44e-05	-0.029955
-1.44e-05	1.44e-05	-0.0301677
-1.344e-05	1.44e-05	-0.0304563
-1.248e-05	1.44e-05	-0.0308086
-1.152e-05	1.44e-05	-0.0312127
-1.056e-05	1.44e-05	-0.0316563
-9.6e-06	1.44e-05	-0.0321266
-8.64e-06	1.44e-05	-0.0326101
-7.68e-06	1.44e-05	-0.033092
-6.72e-06	1.44e-05	-0.033557
-5.76e-06	1.44e-05	-0.0339886
-4.8e-06	1.44e-05	-0.0343705
-3.84e-06	1.44e-05	-0.0346868
-2.88e-06	1.44e-05	-0.0349236
-1.92e-06	1.44e-05	-0.0350694
-9.6e-07	1.44e-05	-0.0351167
0	1.44e-05	-0.0350627
9.6e-07	1.44e-05	-0.034909
1.92e-06	1.44e-05	-0.034662
2.88e-06	1.44e-05	-0.0343315
3.84e-06	1.44e-05	-0.0339301
4.8e-06	1.44e-05	-0.0334716
5.76e-06	1.44e-05	-0.0329701
6.72e-06	1.44e-05	-0.032439
7.68e-06	1.44e-05	-0.0318897
8.64e-06	1.44e-05	-0.031332
9.6e-06	1.44e-05	-0.030773
1.056e-05	1.44e-05	-0.0302169
1.152e-05	1.44e-05	-0.0296653
1.248e-05	1.44e-05	-0.0291167
1.344e-05	1.44e-05	-0.0285673
1.44e-05	1.44e-05	-0.0280116
1.536e-05	1.44e-05	-0.0274452
1.632e-05	1.44e-05	-0.02687
1.728e-05	1.44e-05	-0.0263032
1.824e-05	1.44e-05	-0.0257848
-1.92e-05	1.536e-05	-0.0253697
-1.824e-05	1.536e-05	-0.0250857
-1.728e-05	1.536e-05	-0.0249321
-1.632e-05	1.536e-05	-0.024895
-1.536e-05	1.536e-05	-0.0249574
-1.44e-05	1.536e-05	-0.025103
-1.344e-05	1.536e-05	-0.0253176
-1.248e-05	1.536e-05	-0.0255884
-1.152e-05	1.536e-05	-0.0259037
-1.056e-05	1.536e-05	-0.0262522
-9.6e-06	1.536e-05	-0.0266228
-8.64e-06	1.536e-05	-0.0270037
-7.68e-06	1.536e-05	-0.0273828
-6.72e-06	1.536e-05	-0.0277477
-5.76e-06	1.536e-05	-0.0280853
-4.8e-06	1.536e-05	-0.028383
-3.84e-06	1.536e-05	-0.0286287
-2.88e-06	1.536e-05	-0.0288119
-1.92e-06	1.536e-05	-0.0289241
-9.6e-07	1.536e-05	-0.0289598
0	1.536e-05	-0.0289167
9.6e-07	1.536e-05	-0.028796
1.92e-06	1.536e-05	-0.0286021
2.88e-06	1.536e-05	-0.0283421
3.84e-06	1.536e-05	-0.028025
4.8e-06	1.536e-05	-0.0276612
5.76e-06	1.536e-05	-0.0272609
6.72e-06	1.536e-05	-0.0268342
7.68e-06	1.536e-05	-0.0263896
8.64e-06	1.536e-05	-0.0259343
9.6e-06	1.536e-05	-0.025473
1.056e-05	1.536e-05	-0.0250079
1.152e-05	1.536e-05	-0.024538
1.248e-05	1.536e-05	-0.0240587
1.344e-05	1.536e-05	-0.0235612
1.44e-05	1.536e-05	-0.0230323
1.536e-05	1.536e-05	-0.0224566
1.632e-05	1.536e-05	-0.0218228
1.728e-05	1.536e-05	-0.0211414
1.824e-05	1.536e-05	-0.0204745
-1.92e-05	1.632e-05	-0.0199435
-1.824e-05	1.632e-05	-0.0195869
-1.728e-05	1.632e-05	-0.0193845
-1.632e-05	1.632e-05	-0.0193044
-1.536e-05	1.632e-05	-0.0193196
-1.44e-05	1.632e-05	-0.0194092
-1.344e-05	1.632e-05	-0.0195577
-1.248e-05	1.632e-05	-0.0197527
-1.152e-05	1.632e-05	-0.0199834
-1.056e-05	1.632e-05	-0.0202404
-9.6e-06	1.632e-05	-0.0205145
-8.64e-06	1.632e-05	-0.0207965
-7.68e-06	1.632e-05	-0.021077
-6.72e-06	1.632e-05	-0.0213464
-5.76e-06	1.632e-05	-0.0215952
-4.8e-06	1.632e-05	-0.0218141
-3.84e-06	1.632e-05	-0.0219943
-2.88e-06	1.632e-05	-0.0221283
-1.92e-06	1.632e-05	-0.02221
-9.6e-07	1.632e-05	-0.0222355
0	1.632e-05	-0.0222031
9.6e-07	1.632e-05	-0.0221137
1.92e-06	1.632e-05	-0.0219701
2.88e-06	1.632e-05	-0.0217773
3.84e-06	1.632e-05	-0.0215415
4.8e-06	1.632e-05	-0.0212699
5.76e-06	1.632e-05	-0.0209699
6.72e-06	1.632e-05	-0.0206484
7.68e-06	1.632e-05	-0.0203115
8.64e-06	1.632e-05	-0.0199639
9.6e-06	1.632e-05	-0.0196085
1.056e-05	1.632e-05	-0.0192456
1.152e-05	1.632e-05	-0.0188726
1.248e-05	1.632e-05	-0.0184821
1.344e-05	1.632e-05	-0.0180606
1.44e-05	1.632e-05	-0.017586
1.536e-05	1.632e-05	-0.017025
1.632e-05	1.632e-05	-0.0163361
1.728e-05	1.632e-05	-0.0154935
1.824e-05	1.632e-05	-0.0145714
-1.92e-05	1.728e-05	-0.0138977
-1.824e-05	1.728e-05	-0.0134971
-1.728e-05	1.728e-05	-0.013282
-1.632e-05	1.728e-05	-0.0131879
-1.536e-05	1.728e-05	-0.0131762
-1.44e-05	1.728e-05	-0.0132235
-1.344e-05	1.728e-05	-0.0133151
-1.248e-05	1.728e-05	-0.0134403
-1.152e-05	1.728e-05	-0.013591
-1.056e-05	1.728e-05	-0.0137599
-9.6e-06	1.728e-05	-0.0139407
-8.64e-06	1.728e-05	-0.0141267
-7.68e-06	1.728e-05	-0.0143118
-6.72e-06	1.728e-05	-0.0144894
-5.76e-06	1.728e-05	-0.0146532
-4.8e-06	1.728e-05	-0.0147971
-3.84e-06	1.728e-05	-0.0149154
-2.88e-06	1.728e-05	-0.0150031
-1.92e-06	1.728e-05	-0.0150565
-9.6e-07	1.728e-05	-0.0150729
0	1.728e-05	-0.0150512
9.6e-07	1.728e-05	-0.014992
1.92e-06	1.728e-05	-0.0148971
2.88e-06	1.728e-05	-0.0147694
3.84e-06	1.728e-05	-0.0146131
4.8e-06	1.728e-05	-0.0144326
5.76e-06	1.728e-05	-0.0142325
6.72e-06	1.728e-05	-0.0140173
7.68e-06	1.728e-05	-0.0137908
8.64e-06	1.728e-05	-0.0135558
9.6e-06	1.728e-05	-0.0133138
1.056e-05	1.728e-05	-0.0130642
1.152e-05	1.728e-05	-0.0128035
1.248e-05	1.728e-05	-0.012524
1.344e-05	1.728e-05	-0.0122103
1.44e-05	1.728e-05	-0.0118336
1.536e-05	1.728e-05	-0.0113414
1.632e-05	1.728e-05	-0.0106387
1.728e-05	1.728e-05	-0.00957923
1.824e-05	1.728e-05	-0.00809469
-1.92e-05	1.824e-05	-0.00726879
-1.824e-05	1.824e-05	-0.00692059
-1.728e-05	1.824e-05	-0.00676205
-1.632e-05	1.824e-05	-0.00669474
-1.536e-05	1.824e-05	-0.00667964
-1.44e-05	1.824e-05	-0.00669859
-1.344e-05	1.824e-05	-0.00674171
-1.248e-05	1.824e-05	-0.00680269
-1.152e-05	1.824e-05	-0.00687694
-1.056e-05	1.824e-05	-0.00696064
-9.6e-06	1.824e-05	-0.00705036
-8.64e-06	1.824e-05	-0.00714281
-7.68e-06	1.824e-05	-0.00723475
-6.72e-06	1.824e-05	-0.00732296
-5.76e-06	1.824e-05	-0.00740425
-4.8e-06	1.824e-05	-0.00747558
-3.84e-06	1.824e-05	-0.00753416
-2.88e-06	1.824e-05	-0.00757756
-1.92e-06	1.824e-05	-0.0076039
-9.6e-07	1.824e-05	-0.00761193
0	1.824e-05	-0.0076011
9.6e-07	1.824e-05	-0.0075716
1.92e-06	1.824e-05	-0.00752433
2.88e-06	1.824e-05	-0.00746077
3.84e-06	1.824e-05	-0.00738282
4.8e-06	1.824e-05	-0.00729267
5.76e-06	1.824e-05	-0.00719258
6.72e-06	1.824e-05	-0.00708469
7.68e-06	1.824e-05	-0.00697082
8.64e-06	1.824e-05	-0.00685228
9.6e-06	1.824e-05	-0.0067296
1.056e-05	1.824e-05	-0.0066022
1.152e-05	1.824e-05	-0.00646771
1.248e-05	1.824e-05	-0.00632076
1.344e-05	1.824e-05	-0.00615027
1.44e-05	1.824e-05	-0.00593283
1.536e-05	1.824e-05	-0.00561506
1.632e-05	1.824e-05	-0.00506075
1.728e-05	1.824e-05	-0.0038763
1.824e-05	1.824e-05	-0.000778735
