-1.92e-05	-1.92e-05	-2.9894e-17
-1.824e-05	-1.92e-05	-4.0882e-17
-1.728e-05	-1.92e-05	-5.19454e-17
-1.632e-05	-1.92e-05	3.827e-17
-1.536e-05	-1.92e-05	-4.3978e-17
-1.44e-05	-1.92e-05	-2.45548e-17
-1.344e-05	-1.92e-05	-8.22475e-17
-1.248e-05	-1.92e-05	-8.14005e-18
-1.152e-05	-1.92e-05	9.97491e-17
-1.056e-05	-1.92e-05	4.65633e-17
-9.6e-06	-1.92e-05	6.47065e-17
-8.64e-06	-1.92e-05	9.93496e-17
-7.68e-06	-1.92e-05	5.32165e-17
-6.72e-06	-1.92e-05	5.19854e-18
-5.76e-06	-1.92e-05	6.14226e-19
-4.8e-06	-1.92e-05	-4.36854e-17
-3.84e-06	-1.92e-05	9.11636e-18
-2.88e-06	-1.92e-05	-1.23757e-17
-1.92e-06	-1.92e-05	-1.88169e-17
-9.6e-07	-1.92e-05	1.98424e-17
0	-1.92e-05	1.91815e-18
9.6e-07	-1.92e-05	-2.50515e-17
1.92e-06	-1.92e-05	7.94195e-17
2.88e-06	-1.92e-05	1.67501e-17
3.84e-06	-1.92e-05	4.08927e-17
4.8e-06	-1.92e-05	5.6035e-18
5.76e-06	-1.92e-05	7.52402e-17
6.72e-06	-1.92e-05	-1.10446e-18
7.68e-06	-1.92e-05	2.11473e-17
8.64e-06	-1.92e-05	-1.7914e-17
9.6e-06	-1.92e-05	-3.36524e-17
1.056e-05	-1.92e-05	7.31687e-17
1.152e-05	-1.92e-05	-9.02562e-18
1.248e-05	-1.92e-05	-2.18595e-17
1.344e-05	-1.92e-05	2.91724e-17
1.44e-05	-1.92e-05	2.64156e-17
1.536e-05	-1.92e-05	-1.07725e-16
1.632e-05	-1.92e-05	-2.21763e-16
1.728e-05	-1.92e-05	-7.159e-17
1.824e-05	-1.92e-05	-1.49608e-17
-1.92e-05	-1.824e-05	1.09044e-16
-1.824e-05	-1.824e-05	-1.23501e-16
-1.728e-05	-1.824e-05	1.10095e-16
-1.632e-05	-1.824e-05	-5.81546e-17
-1.536e-05	-1.824e-05	-1.34908e-16
-1.44e-05	-1.824e-05	4.20525e-17
-1.344e-05	-1.824e-05	5.52864e-17
-1.248e-05	-1.824e-05	1.23606e-17
-1.152e-05	-1.824e-05	-3.28299e-17
-1.056e-05	-1.824e-05	3.82318e-17
-9.6e-06	-1.824e-05	-8.4069e-18
-8.64e-06	-1.824e-05	1.08365e-17
-7.68e-06	-1.824e-05	-2.10504e-17
-6.72e-06	-1.824e-05	7.14985e-17
-5.76e-06	-1.824e-05	-2.41328e-17
-4.8e-06	-1.824e-05	1.89863e-17
-3.84e-06	-1.824e-05	1.09097e-16
-2.88e-06	-1.824e-05	9.52537e-17
-1.92e-06	-1.824e-05	4.02507e-17
-9.6e-07	-1.824e-05	5.37755e-17
0	-1.824e-05	-4.44999e-17
9.6e-07	-1.824e-05	-1.29273e-17
1.92e-06	-1.824e-05	-6.92452e-17
2.88e-06	-1.824e-05	-7.1422e-17
3.84e-06	-1.824e-05	-1.53364e-16
4.8e-06	-1.824e-05	4.7612e-17
5.76e-06	-1.824e-05	-3.16164e-17
6.72e-06	-1.824e-05	-1.98154e-17
7.68e-06	-1.824e-05	-1.94914e-17
8.64e-06	-1.824e-05	-4.22807e-17
9.6e-06	-1.824e-05	2.22209e-16
1.056e-05	-1.824e-05	-4.9978e-17
1.152e-05	-1.824e-05	1.4004e-16
1.248e-05	-1.824e-05	-1.0548e-16
1.344e-05	-1.824e-05	-1.07835e-17
1.44e-05	-1.824e-05	-6.78689e-17
1.536e-05	-1.824e-05	-7.3298e-17
1.632e-05	-1.824e-05	-6.30154e-17
1.728e-05	-1.824e-05	5.44074e-17
1.824e-05	-1.824e-05	2.16674e-16
-1.92e-05	-1.728e-05	-2.27751e-16
-1.824e-05	-1.728e-05	4.32628e-17
-1.728e-05	-1.728e-05	-2.07288e-16
-1.632e-05	-1.728e-05	-1.34549e-16
-1.536e-05	-1.728e-05	-1.08107e-16
-1.44e-05	-1.728e-05	-9.40743e-17
-1.344e-05	-1.728e-05	4.17426e-17
-1.248e-05	-1.728e-05	-8.6833e-17
-1.152e-05	-1.728e-05	-1.48346e-17
-1.056e-05	-1.728e-05	-8.20759e-17
-9.6e-06	-1.728e-05	-8.68247e-17
-8.64e-06	-1.728e-05	3.64299e-19
-7.68e-06	-1.728e-05	7.5585e-17
-6.72e-06	-1.728e-05	-5.3366e-17
-5.76e-06	-1.728e-05	-1.07765e-16
-4.8e-06	-1.728e-05	1.02293e-16
-3.84e-06	-1.728e-05	-6.00081e-17
-2.88e-06	-1.728e-05	-4.66261e-17
-1.92e-06	-1.728e-05	-2.12693e-17
-9.6e-07	-1.728e-05	8.92615e-17
0	-1.728e-05	-2.28824e-17
9.6e-07	-1.728e-05	4.08402e-17
1.92e-06	-1.728e-05	2.08805e-17
2.88e-06	-1.728e-05	-4.15484e-17
3.84e-06	-1.728e-05	-6.66236e-17
4.8e-06	-1.728e-05	-4.4536e-17
5.76e-06	-1.728e-05	8.17005e-17
6.72e-06	-1.728e-05	6.44378e-17
7.68e-06	-1.728e-05	-9.9324e-17
8.64e-06	-1.728e-05	-5.85617e-17
9.6e-06	-1.728e-05	2.21823e-16
1.056e-05	-1.728e-05	-9.2041e-19
1.152e-05	-1.728e-05	1.20729e-16
1.248e-05	-1.728e-05	1.05836e-16
1.344e-05	-1.728e-05	-7.87946e-17
1.44e-05	-1.728e-05	-4.06925e-17
1.536e-05	-1.728e-05	-1.75897e-16
1.632e-05	-1.728e-05	3.45274e-18
1.728e-05	-1.728e-05	-1.09872e-16
1.824e-05	-1.728e-05	-8.15282e-17
-1.92e-05	-1.632e-05	1.90929e-16
-1.824e-05	-1.632e-05	9.64974e-18
-1.728e-05	-1.632e-05	-2.30723e-16
-1.632e-05	-1.632e-05	-1.24945e-16
-1.536e-05	-1.632e-05	-1.71895e-16
-1.44e-05	-1.632e-05	-2.49975e-17
-1.344e-05	-1.632e-05	-2.00257e-16
-1.248e-05	-1.632e-05	-8.40209e-17
-1.152e-05	-1.632e-05	-4.56977e-16
-1.056e-05	-1.632e-05	-2.37868e-16
-9.6e-06	-1.632e-05	-1.88645e-16
-8.64e-06	-1.632e-05	-3.35703e-16
-7.68e-06	-1.632e-05	-3.79392e-17
-6.72e-06	-1.632e-05	1.26682e-16
-5.76e-06	-1.632e-05	-1.86885e-16
-4.8e-06	-1.632e-05	-1.34095e-16
-3.84e-06	-1.632e-05	-7.1144e-17
-2.88e-06	-1.632e-05	-3.37696e-16
-1.92e-06	-1.632e-05	-1.42388e-16
-9.6e-07	-1.632e-05	-5.5289e-17
0	-1.632e-05	1.51177e-16
9.6e-07	-1.632e-05	1.15477e-16
1.92e-06	-1.632e-05	-4.00976e-17
2.88e-06	-1.632e-05	3.04901e-17
3.84e-06	-1.632e-05	-6.72002e-17
4.8e-06	-1.632e-05	4.27919e-17
5.76e-06	-1.632e-05	8.92605e-17
6.72e-06	-1.632e-05	7.90858e-17
7.68e-06	-1.632e-05	5.70327e-17
8.64e-06	-1.632e-05	8.21504e-17
9.6e-06	-1.632e-05	5.00728e-17
1.056e-05	-1.632e-05	9.42839e-18
1.152e-05	-1.632e-05	-5.16786e-17
1.248e-05	-1.632e-05	-1.4323e-17
1.344e-05	-1.632e-05	-2.22186e-17
1.44e-05	-1.632e-05	-1.00846e-17
1.536e-05	-1.632e-05	2.81889e-17
1.632e-05	-1.632e-05	-7.41757e-17
1.728e-05	-1.632e-05	-9.29582e-17
1.824e-05	-1.632e-05	-1.18715e-16
-1.92e-05	-1.536e-05	-7.42341e-17
-1.824e-05	-1.536e-05	-3.72655e-17
-1.728e-05	-1.536e-05	-1.16464e-16
-1.632e-05	-1.536e-05	-1.058e-16
-1.536e-05	-1.536e-05	-1.16285e-16
-1.44e-05	-1.536e-05	-1.55586e-16
-1.344e-05	-1.536e-05	1.73957e-17
-1.248e-05	-1.536e-05	-2.29864e-17
-1.152e-05	-1.536e-05	3.05457e-17
-1.056e-05	-1.536e-05	-5.12344e-18
-9.6e-06	-1.536e-05	-9.4188e-19
-8.64e-06	-1.536e-05	1.10642e-17
-7.68e-06	-1.536e-05	1.96826e-17
-6.72e-06	-1.536e-05	7.39128e-17
-5.76e-06	-1.536e-05	-2.31744e-17
-4.8e-06	-1.536e-05	-4.57918e-17
-3.84e-06	-1.536e-05	-4.03541e-17
-2.88e-06	-1.536e-05	-2.31291e-17
-1.92e-06	-1.536e-05	2.57877e-18
-9.6e-07	-1.536e-05	9.90185e-17
0	-1.536e-05	2.44074e-17
9.6e-07	-1.536e-05	6.89937e-17
1.92e-06	-1.536e-05	-1.93248e-19
2.88e-06	-1.536e-05	3.2233e-17
3.84e-06	-1.536e-05	-1.08577e-17
4.8e-06	-1.536e-05	1.97779e-17
5.76e-06	-1.536e-05	-3.08806e-17
6.72e-06	-1.536e-05	-9.07146e-18
7.68e-06	-1.536e-05	6.17183e-17
8.64e-06	-1.536e-05	-6.90207e-17
9.6e-06	-1.536e-05	7.86809e-17
1.056e-05	-1.536e-05	-1.14666e-16
1.152e-05	-1.536e-05	1.15075e-16
1.248e-05	-1.536e-05	-5.49018e-17
1.344e-05	-1.536e-05	1.5426e-17
1.44e-05	-1.536e-05	-4.11422e-17
1.536e-05	-1.536e-05	-2.09616e-17
1.632e-05	-1.536e-05	-9.25326e-17
1.728e-05	-1.536e-05	-7.43769e-17
1.824e-05	-1.536e-05	7.17606e-18
-1.92e-05	-1.44e-05	-1.01423e-16
-1.824e-05	-1.44e-05	-2.3203e-16
-1.728e-05	-1.44e-05	-1.05519e-16
-1.632e-05	-1.44e-05	-6.18587e-17
-1.536e-05	-1.44e-05	-6.05664e-17
-1.44e-05	-1.44e-05	1.01619e-17
-1.344e-05	-1.44e-05	-3.27806e-17
-1.248e-05	-1.44e-05	1.60585e-16
-1.152e-05	-1.44e-05	-5.13407e-17
-1.056e-05	-1.44e-05	-5.6012e-17
-9.6e-06	-1.44e-05	4.12996e-17
-8.64e-06	-1.44e-05	-4.80196e-17
-7.68e-06	-1.44e-05	5.37839e-17
-6.72e-06	-1.44e-05	-3.17149e-17
-5.76e-06	-1.44e-05	-3.21212e-17
-4.8e-06	-1.44e-05	-2.59395e-17
-3.84e-06	-1.44e-05	-3.16663e-17
-2.88e-06	-1.44e-05	1.45184e-18
-1.92e-06	-1.44e-05	2.96976e-17
-9.6e-07	-1.44e-05	6.76756e-17
0	-1.44e-05	-1.40075e-17
9.6e-07	-1.44e-05	-1.04683e-17
1.92e-06	-1.44e-05	3.06638e-17
2.88e-06	-1.44e-05	6.97258e-18
3.84e-06	-1.44e-05	5.67303e-17
4.8e-06	-1.44e-05	-4.16529e-17
5.76e-06	-1.44e-05	5.97378e-17
6.72e-06	-1.44e-05	-1.92278e-18
7.68e-06	-1.44e-05	3.8115e-17
8.64e-06	-1.44e-05	-6.17935e-18
9.6e-06	-1.44e-05	-4.40768e-17
1.056e-05	-1.44e-05	9.11583e-17
1.152e-05	-1.44e-05	-1.51236e-16
1.248e-05	-1.44e-05	1.3208e-16
1.344e-05	-1.44e-05	-5.10786e-17
1.44e-05	-1.44e-05	3.22482e-17
1.536e-05	-1.44e-05	-1.54861e-18
1.632e-05	-1.44e-05	-1.7755e-17
1.728e-05	-1.44e-05	4.61499e-18
1.824e-05	-1.44e-05	-1.77689e-17
-1.92e-05	-1.344e-05	-1.08172e-16
-1.824e-05	-1.344e-05	-1.24848e-16
-1.728e-05	-1.344e-05	-1.80712e-17
-1.632e-05	-1.344e-05	-1.71099e-17
-1.536e-05	-1.344e-05	1.04477e-16
-1.44e-05	-1.344e-05	-2.03918e-17
-1.344e-05	-1.344e-05	1.43195e-16
-1.248e-05	-1.344e-05	-3.73687e-17
-1.152e-05	-1.344e-05	-9.08316e-17
-1.056e-05	-1.344e-05	4.85442e-17
-9.6e-06	-1.344e-05	-5.86445e-17
-8.64e-06	-1.344e-05	-3.53001e-17
-7.68e-06	-1.344e-05	2.88694e-17
-6.72e-06	-1.344e-05	-4.09217e-18
-5.76e-06	-1.344e-05	9.96891e-18
-4.8e-06	-1.344e-05	-3.58299e-17
-3.84e-06	-1.344e-05	-1.61817e-17
-2.88e-06	-1.344e-05	1.93361e-17
-1.92e-06	-1.344e-05	1.31391e-16
-9.6e-07	-1.344e-05	1.45273e-16
0	-1.344e-05	1.65662e-16
9.6e-07	-1.344e-05	1.01114e-16
1.92e-06	-1.344e-05	3.77645e-17
2.88e-06	-1.344e-05	8.54403e-17
3.84e-06	-1.344e-05	-4.64465e-17
4.8e-06	-1.344e-05	8.98493e-17
5.76e-06	-1.344e-05	-3.14586e-17
6.72e-06	-1.344e-05	1.69705e-17
7.68e-06	-1.344e-05	7.09244e-19
8.64e-06	-1.344e-05	1.41668e-17
9.6e-06	-1.344e-05	5.15342e-17
1.056e-05	-1.344e-05	-6.87308e-17
1.152e-05	-1.344e-05	1.14671e-16
1.248e-05	-1.344e-05	-1.09809e-16
1.344e-05	-1.344e-05	9.62943e-17
1.44e-05	-1.344e-05	2.82721e-17
1.536e-05	-1.344e-05	3.3108e-17
1.632e-05	-1.344e-05	-1.57908e-17
1.728e-05	-1.344e-05	-5.69593e-18
1.824e-05	-1.344e-05	8.62064e-17
-1.92e-05	-1.248e-05	-2.67539e-17
-1.824e-05	-1.248e-05	1.60151e-16
-1.728e-05	-1.248e-05	-9.94815e-17
-1.632e-05	-1.248e-05	6.26123e-17
-1.536e-05	-1.248e-05	-1.40042e-16
-1.44e-05	-1.248e-05	-5.60516e-18
-1.344e-05	-1.248e-05	-1.58272e-16
-1.248e-05	-1.248e-05	-1.69665e-16
-1.152e-05	-1.248e-05	-7.86878e-17
-1.056e-05	-1.248e-05	-1.67835e-17
-9.6e-06	-1.248e-05	8.75671e-18
-8.64e-06	-1.248e-05	-6.51855e-17
-7.68e-06	-1.248e-05	-1.05058e-16
-6.72e-06	-1.248e-05	-1.04254e-16
-5.76e-06	-1.248e-05	-8.38746e-17
-4.8e-06	-1.248e-05	1.35519e-17
-3.84e-06	-1.248e-05	1.17048e-16
-2.88e-06	-1.248e-05	4.87653e-16
-1.92e-06	-1.248e-05	9.72056e-16
-9.6e-07	-1.248e-05	1.41561e-15
0	-1.248e-05	1.32533e-15
9.6e-07	-1.248e-05	8.75533e-16
1.92e-06	-1.248e-05	4.99339e-16
2.88e-06	-1.248e-05	1.90343e-16
3.84e-06	-1.248e-05	1.91738e-16
4.8e-06	-1.248e-05	1.17977e-16
5.76e-06	-1.248e-05	1.40515e-16
6.72e-06	-1.248e-05	6.85176e-17
7.68e-06	-1.248e-05	7.48889e-17
8.64e-06	-1.248e-05	1.0824e-16
9.6e-06	-1.248e-05	2.21116e-17
1.056e-05	-1.248e-05	2.27596e-16
1.152e-05	-1.248e-05	7.48384e-17
1.248e-05	-1.248e-05	2.03089e-16
1.344e-05	-1.248e-05	2.99683e-17
1.44e-05	-1.248e-05	6.77278e-17
1.536e-05	-1.248e-05	8.13558e-18
1.632e-05	-1.248e-05	3.57265e-17
1.728e-05	-1.248e-05	7.57247e-17
1.824e-05	-1.248e-05	-1.41672e-16
-1.92e-05	-1.152e-05	-9.77499e-17
-1.824e-05	-1.152e-05	-4.50652e-16
-1.728e-05	-1.152e-05	-4.83982e-16
-1.632e-05	-1.152e-05	-7.95756e-16
-1.536e-05	-1.152e-05	-7.31334e-16
-1.44e-05	-1.152e-05	-9.97204e-16
-1.344e-05	-1.152e-05	-1.07071e-15
-1.248e-05	-1.152e-05	-1.06669e-15
-1.152e-05	-1.152e-05	-1.12237e-15
-1.056e-05	-1.152e-05	-1.09851e-15
-9.6e-06	-1.152e-05	-1.19396e-15
-8.64e-06	-1.152e-05	-1.04707e-15
-7.68e-06	-1.152e-05	-9.78891e-16
-6.72e-06	-1.152e-05	-9.22694e-16
-5.76e-06	-1.152e-05	-6.2837e-16
-4.8e-06	-1.152e-05	-1.33568e-16
-3.84e-06	-1.152e-05	1.38028e-15
-2.88e-06	-1.152e-05	4.58277e-15
-1.92e-06	-1.152e-05	1.00731e-14
-9.6e-07	-1.152e-05	1.46204e-14
0	-1.152e-05	1.37665e-14
9.6e-07	-1.152e-05	8.38815e-15
1.92e-06	-1.152e-05	3.95297e-15
2.88e-06	-1.152e-05	1.76906e-15
3.84e-06	-1.152e-05	1.1616e-15
4.8e-06	-1.152e-05	9.78788e-16
5.76e-06	-1.152e-05	1.04947e-15
6.72e-06	-1.152e-05	1.09472e-15
7.68e-06	-1.152e-05	1.14223e-15
8.64e-06	-1.152e-05	1.11863e-15
9.6e-06	-1.152e-05	1.19037e-15
1.056e-05	-1.152e-05	1.05113e-15
1.152e-05	-1.152e-05	1.07541e-15
1.248e-05	-1.152e-05	9.18247e-16
1.344e-05	-1.152e-05	8.72703e-16
1.44e-05	-1.152e-05	6.39254e-16
1.536e-05	-1.152e-05	4.74699e-16
1.632e-05	-1.152e-05	2.35148e-16
1.728e-05	-1.152e-05	-2.2219e-16
1.824e-05	-1.152e-05	-8.05403e-16
-1.92e-05	-1.056e-05	-2.08616e-15
-1.824e-05	-1.056e-05	-3.42216e-15
-1.728e-05	-1.056e-05	-5.1827e-15
-1.632e-05	-1.056e-05	-6.54836e-15
-1.536e-05	-1.056e-05	-8.06979e-15
-1.44e-05	-1.056e-05	-9.23576e-15
-1.344e-05	-1.056e-05	-1.01292e-14
-1.248e-05	-1.056e-05	-1.09845e-14
-1.152e-05	-1.056e-05	-1.12757e-14
-1.056e-05	-1.056e-05	-1.15836e-14
-9.6e-06	-1.056e-05	-1.1402e-14
-8.64e-06	-1.056e-05	-1.09932e-14
-7.68e-06	-1.056e-05	-1.0381e-14
-6.72e-06	-1.056e-05	-9.26883e-15
-5.76e-06	-1.056e-05	-7.22978e-15
-4.8e-06	-1.056e-05	-2.20188e-15
-3.84e-06	-1.056e-05	1.12308e-14
-2.88e-06	-1.056e-05	4.39251e-14
-1.92e-06	-1.056e-05	1.01323e-13
-9.6e-07	-1.056e-05	1.52652e-13
0	-1.056e-05	1.43029e-13
9.6e-07	-1.056e-05	8.37956e-14
1.92e-06	-1.056e-05	3.75698e-14
2.88e-06	-1.056e-05	1.69234e-14
3.84e-06	-1.056e-05	1.06234e-14
4.8e-06	-1.056e-05	9.65308e-15
5.76e-06	-1.056e-05	1.00497e-14
6.72e-06	-1.056e-05	1.06605e-14
7.68e-06	-1.056e-05	1.11108e-14
8.64e-06	-1.056e-05	1.13247e-14
9.6e-06	-1.056e-05	1.11347e-14
1.056e-05	-1.056e-05	1.08538e-14
1.152e-05	-1.056e-05	1.00913e-14
1.248e-05	-1.056e-05	9.25016e-15
1.344e-05	-1.056e-05	7.98147e-15
1.44e-05	-1.056e-05	6.57258e-15
1.536e-05	-1.056e-05	4.67854e-15
1.632e-05	-1.056e-05	2.31116e-15
1.728e-05	-1.056e-05	-1.5387e-15
1.824e-05	-1.056e-05	-8.32364e-15
-1.92e-05	-9.6e-06	-1.95713e-14
-1.824e-05	-9.6e-06	-3.49742e-14
-1.728e-05	-9.6e-06	-5.13803e-14
-1.632e-05	-9.6e-06	-6.69691e-14
-1.536e-05	-9.6e-06	-8.08241e-14
-1.44e-05	-9.6e-06	-9.25318e-14
-1.344e-05	-9.6e-06	-1.02154e-13
-1.248e-05	-9.6e-06	-1.09253e-13
-1.152e-05	-9.6e-06	-1.13927e-13
-1.056e-05	-9.6e-06	-1.15718e-13
-9.6e-06	-9.6e-06	-1.14768e-13
-8.64e-06	-9.6e-06	-1.11006e-13
-7.68e-06	-9.6e-06	-1.04494e-13
-6.72e-06	-9.6e-06	-9.39934e-14
-5.76e-06	-9.6e-06	-7.52508e-14
-4.8e-06	-9.6e-06	-3.12504e-14
-3.84e-06	-9.6e-06	9.29168e-14
-2.88e-06	-9.6e-06	4.14821e-13
-1.92e-06	-9.6e-06	1.02222e-12
-9.6e-07	-9.6e-06	1.59204e-12
0	-9.6e-06	1.48534e-12
9.6e-07	-9.6e-06	8.27144e-13
1.92e-06	-9.6e-06	3.51733e-13
2.88e-06	-9.6e-06	1.55098e-13
3.84e-06	-9.6e-06	1.00843e-13
4.8e-06	-9.6e-06	9.47555e-14
5.76e-06	-9.6e-06	1.00512e-13
6.72e-06	-9.6e-06	1.06985e-13
7.68e-06	-9.6e-06	1.11477e-13
8.64e-06	-9.6e-06	1.13311e-13
9.6e-06	-9.6e-06	1.124e-13
1.056e-05	-9.6e-06	1.0853e-13
1.152e-05	-9.6e-06	1.01899e-13
1.248e-05	-9.6e-06	9.2586e-14
1.344e-05	-9.6e-06	8.0555e-14
1.44e-05	-9.6e-06	6.60038e-14
1.536e-05	-9.6e-06	4.82186e-14
1.632e-05	-9.6e-06	2.45234e-14
1.728e-05	-9.6e-06	-1.25676e-14
1.824e-05	-9.6e-06	-7.89294e-14
-1.92e-05	-8.64e-06	-1.9255e-13
-1.824e-05	-8.64e-06	-3.49234e-13
-1.728e-05	-8.64e-06	-5.16294e-13
-1.632e-05	-8.64e-06	-6.73093e-13
-1.536e-05	-8.64e-06	-8.12103e-13
-1.44e-05	-8.64e-06	-9.30835e-13
-1.344e-05	-8.64e-06	-1.02698e-12
-1.248e-05	-8.64e-06	-1.09901e-12
-1.152e-05	-8.64e-06	-1.14475e-12
-1.056e-05	-8.64e-06	-1.16342e-12
-9.6e-06	-8.64e-06	-1.15401e-12
-8.64e-06	-8.64e-06	-1.11669e-12
-7.68e-06	-8.64e-06	-1.05069e-12
-6.72e-06	-8.64e-06	-9.50164e-13
-5.76e-06	-8.64e-06	-7.81366e-13
-4.8e-06	-8.64e-06	-3.94414e-13
-3.84e-06	-8.64e-06	7.32155e-13
-2.88e-06	-8.64e-06	3.87181e-12
-1.92e-06	-8.64e-06	1.02899e-11
-9.6e-07	-8.64e-06	1.66491e-11
0	-8.64e-06	1.54531e-11
9.6e-07	-8.64e-06	8.11104e-12
1.92e-06	-8.64e-06	3.24578e-12
2.88e-06	-8.64e-06	1.41155e-12
3.84e-06	-8.64e-06	9.62091e-13
4.8e-06	-8.64e-06	9.38461e-13
5.76e-06	-8.64e-06	1.00614e-12
6.72e-06	-8.64e-06	1.0743e-12
7.68e-06	-8.64e-06	1.12054e-12
8.64e-06	-8.64e-06	1.13963e-12
9.6e-06	-8.64e-06	1.1299e-12
1.056e-05	-8.64e-06	1.09152e-12
1.152e-05	-8.64e-06	1.02478e-12
1.248e-05	-8.64e-06	9.30807e-13
1.344e-05	-8.64e-06	8.11027e-13
1.44e-05	-8.64e-06	6.65398e-13
1.536e-05	-8.64e-06	4.8925e-13
1.632e-05	-8.64e-06	2.59442e-13
1.728e-05	-8.64e-06	-9.70179e-14
1.824e-05	-8.64e-06	-7.43541e-13
-1.92e-05	-7.68e-06	-1.88688e-12
-1.824e-05	-7.68e-06	-3.49159e-12
-1.728e-05	-7.68e-06	-5.18903e-12
-1.632e-05	-7.68e-06	-6.76889e-12
-1.536e-05	-7.68e-06	-8.16619e-12
-1.44e-05	-7.68e-06	-9.35798e-12
-1.344e-05	-7.68e-06	-1.03253e-11
-1.248e-05	-7.68e-06	-1.10479e-11
-1.152e-05	-7.68e-06	-1.1509e-11
-1.056e-05	-7.68e-06	-1.16956e-11
-9.6e-06	-7.68e-06	-1.16021e-11
-8.64e-06	-7.68e-06	-1.12279e-11
-7.68e-06	-7.68e-06	-1.05724e-11
-6.72e-06	-7.68e-06	-9.59907e-12
-5.76e-06	-7.68e-06	-8.05689e-12
-4.8e-06	-7.68e-06	-4.70299e-12
-3.84e-06	-7.68e-06	5.30936e-12
-2.88e-06	-7.68e-06	3.55238e-11
-1.92e-06	-7.68e-06	1.0326e-10
-9.6e-07	-7.68e-06	1.74599e-10
0	-7.68e-06	1.61182e-10
9.6e-07	-7.68e-06	7.88512e-11
1.92e-06	-7.68e-06	2.94924e-11
2.88e-06	-7.68e-06	1.27576e-11
3.84e-06	-7.68e-06	9.21825e-12
4.8e-06	-7.68e-06	9.3187e-12
5.76e-06	-7.68e-06	1.00909e-11
6.72e-06	-7.68e-06	1.0796e-11
7.68e-06	-7.68e-06	1.12656e-11
8.64e-06	-7.68e-06	1.1458e-11
9.6e-06	-7.68e-06	1.13617e-11
1.056e-05	-7.68e-06	1.09754e-11
1.152e-05	-7.68e-06	1.03051e-11
1.248e-05	-7.68e-06	9.36186e-12
1.344e-05	-7.68e-06	8.15942e-12
1.44e-05	-7.68e-06	6.70445e-12
1.536e-05	-7.68e-06	4.96101e-12
1.632e-05	-7.68e-06	2.72913e-12
1.728e-05	-7.68e-06	-6.7978e-13
1.824e-05	-7.68e-06	-6.95663e-12
-1.92e-05	-6.72e-06	-1.84584e-11
-1.824e-05	-6.72e-06	-3.49241e-11
-1.728e-05	-6.72e-06	-5.21598e-11
-1.632e-05	-6.72e-06	-6.80711e-11
-1.536e-05	-6.72e-06	-8.2107e-11
-1.44e-05	-6.72e-06	-9.40793e-11
-1.344e-05	-6.72e-06	-1.038e-10
-1.248e-05	-6.72e-06	-1.11066e-10
-1.152e-05	-6.72e-06	-1.157e-10
-1.056e-05	-6.72e-06	-1.17579e-10
-9.6e-06	-6.72e-06	-1.16642e-10
-8.64e-06	-6.72e-06	-1.1289e-10
-7.68e-06	-6.72e-06	-1.06353e-10
-6.72e-06	-6.72e-06	-9.68461e-11
-5.76e-06	-6.72e-06	-8.2636e-11
-4.8e-06	-6.72e-06	-5.39001e-11
-3.84e-06	-6.72e-06	3.28434e-11
-2.88e-06	-6.72e-06	3.1842e-10
-1.92e-06	-6.72e-06	1.032e-09
-9.6e-07	-6.72e-06	1.83658e-09
0	-6.72e-06	1.68603e-09
9.6e-07	-6.72e-06	7.57583e-10
1.92e-06	-6.72e-06	2.62853e-10
2.88e-06	-6.72e-06	1.14611e-10
3.84e-06	-6.72e-06	8.87674e-11
4.8e-06	-6.72e-06	9.2777e-11
5.76e-06	-6.72e-06	1.0127e-10
6.72e-06	-6.72e-06	1.08512e-10
7.68e-06	-6.72e-06	1.13263e-10
8.64e-06	-6.72e-06	1.15205e-10
9.6e-06	-6.72e-06	1.1424e-10
1.056e-05	-6.72e-06	1.10361e-10
1.152e-05	-6.72e-06	1.03626e-10
1.248e-05	-6.72e-06	9.41526e-11
1.344e-05	-6.72e-06	8.20867e-11
1.44e-05	-6.72e-06	6.75313e-11
1.536e-05	-6.72e-06	5.0247e-11
1.632e-05	-6.72e-06	2.85604e-11
1.728e-05	-6.72e-06	-3.921e-12
1.824e-05	-6.72e-06	-6.44933e-11
-1.92e-05	-5.76e-06	-1.80111e-10
-1.824e-05	-5.76e-06	-3.49477e-10
-1.728e-05	-5.76e-06	-5.24451e-10
-1.632e-05	-5.76e-06	-6.84584e-10
-1.536e-05	-5.76e-06	-8.25542e-10
-1.44e-05	-5.76e-06	-9.45803e-10
-1.344e-05	-5.76e-06	-1.04349e-09
-1.248e-05	-5.76e-06	-1.11654e-09
-1.152e-05	-5.76e-06	-1.16315e-09
-1.056e-05	-5.76e-06	-1.18206e-09
-9.6e-06	-5.76e-06	-1.17265e-09
-8.64e-06	-5.76e-06	-1.135e-09
-7.68e-06	-5.76e-06	-1.06962e-09
-6.72e-06	-5.76e-06	-9.76037e-10
-5.76e-06	-5.76e-06	-8.43472e-10
-4.8e-06	-5.76e-06	-5.99247e-10
-3.84e-06	-5.76e-06	1.28521e-10
-2.88e-06	-5.76e-06	2.76168e-09
-1.92e-06	-5.76e-06	1.02587e-08
-9.6e-07	-5.76e-06	1.93829e-08
0	-5.76e-06	1.76942e-08
9.6e-07	-5.76e-06	7.16083e-09
1.92e-06	-5.76e-06	2.2864e-09
2.88e-06	-5.76e-06	1.02572e-09
3.84e-06	-5.76e-06	8.60033e-10
4.8e-06	-5.76e-06	9.25917e-10
5.76e-06	-5.76e-06	1.0169e-09
6.72e-06	-5.76e-06	1.09079e-09
7.68e-06	-5.76e-06	1.13876e-09
8.64e-06	-5.76e-06	1.15834e-09
9.6e-06	-5.76e-06	1.14867e-09
1.056e-05	-5.76e-06	1.1097e-09
1.152e-05	-5.76e-06	1.04204e-09
1.248e-05	-5.76e-06	9.46882e-10
1.344e-05	-5.76e-06	8.25769e-10
1.44e-05	-5.76e-06	6.80035e-10
1.536e-05	-5.76e-06	5.08383e-10
1.632e-05	-5.76e-06	2.97347e-10
1.728e-05	-5.76e-06	-1.09438e-11
1.824e-05	-5.76e-06	-5.91237e-10
-1.92e-05	-4.8e-06	-1.7521e-09
-1.824e-05	-4.8e-06	-3.49925e-09
-1.728e-05	-4.8e-06	-5.27473e-09
-1.632e-05	-4.8e-06	-6.88511e-09
-1.536e-05	-4.8e-06	-8.30033e-09
-1.44e-05	-4.8e-06	-9.50834e-09
-1.344e-05	-4.8e-06	-1.04902e-08
-1.248e-05	-4.8e-06	-1.12246e-08
-1.152e-05	-4.8e-06	-1.16933e-08
-1.056e-05	-4.8e-06	-1.18836e-08
-9.6e-06	-4.8e-06	-1.17892e-08
-8.64e-06	-4.8e-06	-1.1411e-08
-7.68e-06	-4.8e-06	-1.07558e-08
-6.72e-06	-4.8e-06	-9.8282e-09
-5.76e-06	-4.8e-06	-8.57238e-09
-4.8e-06	-4.8e-06	-6.49929e-09
-3.84e-06	-4.8e-06	-6.36467e-10
-2.88e-06	-4.8e-06	2.27902e-08
-1.92e-06	-4.8e-06	1.01249e-07
-9.6e-07	-4.8e-06	2.05301e-07
0	-4.8e-06	1.8638e-07
9.6e-07	-4.8e-06	6.6114e-08
1.92e-06	-4.8e-06	1.92819e-08
2.88e-06	-4.8e-06	9.17971e-09
3.84e-06	-4.8e-06	8.39075e-09
4.8e-06	-4.8e-06	9.26054e-09
5.76e-06	-4.8e-06	1.02158e-08
6.72e-06	-4.8e-06	1.09658e-08
7.68e-06	-4.8e-06	1.14494e-08
8.64e-06	-4.8e-06	1.16466e-08
9.6e-06	-4.8e-06	1.15496e-08
1.056e-05	-4.8e-06	1.11582e-08
1.152e-05	-4.8e-06	1.04785e-08
1.248e-05	-4.8e-06	9.52257e-09
1.344e-05	-4.8e-06	8.30658e-09
1.44e-05	-4.8e-06	6.84631e-09
1.536e-05	-4.8e-06	5.13845e-09
1.632e-05	-4.8e-06	3.08046e-09
1.728e-05	-4.8e-06	1.65077e-10
1.824e-05	-4.8e-06	-5.34346e-09
-1.92e-05	-3.84e-06	-1.69802e-08
-1.824e-05	-3.84e-06	-3.50654e-08
-1.728e-05	-3.84e-06	-5.30673e-08
-1.632e-05	-3.84e-06	-6.92485e-08
-1.536e-05	-3.84e-06	-8.3454e-08
-1.44e-05	-3.84e-06	-9.55883e-08
-1.344e-05	-3.84e-06	-1.05457e-07
-1.248e-05	-3.84e-06	-1.12841e-07
-1.152e-05	-3.84e-06	-1.17555e-07
-1.056e-05	-3.84e-06	-1.19469e-07
-9.6e-06	-3.84e-06	-1.18521e-07
-8.64e-06	-3.84e-06	-1.14722e-07
-7.68e-06	-3.84e-06	-1.08147e-07
-6.72e-06	-3.84e-06	-9.89e-08
-5.76e-06	-3.84e-06	-8.68016e-08
-4.8e-06	-3.84e-06	-6.90204e-08
-3.84e-06	-3.84e-06	-2.4139e-08
-2.88e-06	-3.84e-06	1.73043e-07
-1.92e-06	-3.84e-06	9.89677e-07
-9.6e-07	-3.84e-06	2.18305e-06
0	-3.84e-06	1.97145e-06
9.6e-07	-3.84e-06	5.8906e-07
1.92e-06	-3.84e-06	1.56286e-07
2.88e-06	-3.84e-06	8.26404e-08
3.84e-06	-3.84e-06	8.24694e-08
4.8e-06	-3.84e-06	9.27867e-08
5.76e-06	-3.84e-06	1.02662e-07
6.72e-06	-3.84e-06	1.10246e-07
7.68e-06	-3.84e-06	1.15116e-07
8.64e-06	-3.84e-06	1.17102e-07
9.6e-06	-3.84e-06	1.1613e-07
1.056e-05	-3.84e-06	1.12198e-07
1.152e-05	-3.84e-06	1.05369e-07
1.248e-05	-3.84e-06	9.57652e-08
1.344e-05	-3.84e-06	8.35541e-08
1.44e-05	-3.84e-06	6.89124e-08
1.536e-05	-3.84e-06	5.1888e-08
1.632e-05	-3.84e-06	3.17614e-08
1.728e-05	-3.84e-06	4.27613e-09
1.824e-05	-3.84e-06	-4.74033e-08
-1.92e-05	-2.88e-06	-1.63789e-07
-1.824e-05	-2.88e-06	-3.51754e-07
-1.728e-05	-2.88e-06	-5.34053e-07
-1.632e-05	-2.88e-06	-6.96494e-07
-1.536e-05	-2.88e-06	-8.39059e-07
-1.44e-05	-2.88e-06	-9.60952e-07
-1.344e-05	-2.88e-06	-1.06014e-06
-1.248e-05	-2.88e-06	-1.13439e-06
-1.152e-05	-2.88e-06	-1.18179e-06
-1.056e-05	-2.88e-06	-1.20105e-06
-9.6e-06	-2.88e-06	-1.19154e-06
-8.64e-06	-2.88e-06	-1.15336e-06
-7.68e-06	-2.88e-06	-1.08731e-06
-6.72e-06	-2.88e-06	-9.94761e-07
-5.76e-06	-2.88e-06	-8.76306e-07
-4.8e-06	-2.88e-06	-7.19694e-07
-3.84e-06	-2.88e-06	-3.96162e-07
-2.88e-06	-2.88e-06	1.11047e-06
-1.92e-06	-2.88e-06	9.54625e-06
-9.6e-07	-2.88e-06	2.33113e-05
0	-2.88e-06	2.09528e-05
9.6e-07	-2.88e-06	4.95074e-06
1.92e-06	-2.88e-06	1.20458e-06
2.88e-06	-2.88e-06	7.54393e-07
3.84e-06	-2.88e-06	8.16436e-07
4.8e-06	-2.88e-06	9.30999e-07
5.76e-06	-2.88e-06	1.03191e-06
6.72e-06	-2.88e-06	1.10841e-06
7.68e-06	-2.88e-06	1.15742e-06
8.64e-06	-2.88e-06	1.17741e-06
9.6e-06	-2.88e-06	1.16766e-06
1.056e-05	-2.88e-06	1.12817e-06
1.152e-05	-2.88e-06	1.05956e-06
1.248e-05	-2.88e-06	9.63071e-07
1.344e-05	-2.88e-06	8.40426e-07
1.44e-05	-2.88e-06	6.93536e-07
1.536e-05	-2.88e-06	5.23526e-07
1.632e-05	-2.88e-06	3.25982e-07
1.728e-05	-2.88e-06	6.73411e-08
1.824e-05	-2.88e-06	-4.10088e-07
-1.92e-05	-1.92e-06	-1.57042e-06
-1.824e-05	-1.92e-06	-3.53344e-06
-1.728e-05	-1.92e-06	-5.3761e-06
-1.632e-05	-1.92e-06	-7.00527e-06
-1.536e-05	-1.92e-06	-8.43587e-06
-1.44e-05	-1.92e-06	-9.66039e-06
-1.344e-05	-1.92e-06	-1.06574e-05
-1.248e-05	-1.92e-06	-1.1404e-05
-1.152e-05	-1.92e-06	-1.18807e-05
-1.056e-05	-1.92e-06	-1.20745e-05
-9.6e-06	-1.92e-06	-1.1979e-05
-8.64e-06	-1.92e-06	-1.15953e-05
-7.68e-06	-1.92e-06	-1.09315e-05
-6.72e-06	-1.92e-06	-1.00027e-05
-5.76e-06	-1.92e-06	-8.82728e-06
-4.8e-06	-1.92e-06	-7.38753e-06
-3.84e-06	-1.92e-06	-5.17161e-06
-2.88e-06	-1.92e-06	4.14557e-06
-1.92e-06	-1.92e-06	9.0373e-05
-9.6e-07	-1.92e-06	0.000250056
0	-1.92e-06	0.000223899
9.6e-07	-1.92e-06	3.73e-05
1.92e-06	-1.92e-06	8.74867e-06
2.88e-06	-1.92e-06	7.04621e-06
3.84e-06	-1.92e-06	8.13452e-06
4.8e-06	-1.92e-06	9.35076e-06
5.76e-06	-1.92e-06	1.03738e-05
6.72e-06	-1.92e-06	1.11441e-05
7.68e-06	-1.92e-06	1.16371e-05
8.64e-06	-1.92e-06	1.18384e-05
9.6e-06	-1.92e-06	1.17407e-05
1.056e-05	-1.92e-06	1.13439e-05
1.152e-05	-1.92e-06	1.06545e-05
1.248e-05	-1.92e-06	9.68514e-06
1.344e-05	-1.92e-06	8.45319e-06
1.44e-05	-1.92e-06	6.97889e-06
1.536e-05	-1.92e-06	5.27833e-06
1.632e-05	-1.92e-06	3.33114e-06
1.728e-05	-1.92e-06	8.96596e-07
1.824e-05	-1.92e-06	-3.42339e-06
-1.92e-05	-9.6e-07	-1.494e-05
-1.824e-05	-9.6e-07	-3.55581e-05
-1.728e-05	-9.6e-07	-5.41329e-05
-1.632e-05	-9.6e-07	-7.0457e-05
-1.536e-05	-9.6e-07	-8.48122e-05
-1.44e-05	-9.6e-07	-9.71146e-05
-1.344e-05	-9.6e-07	-0.000107137
-1.248e-05	-9.6e-07	-0.000114644
-1.152e-05	-9.6e-07	-0.000119438
-1.056e-05	-9.6e-07	-0.000121388
-9.6e-06	-9.6e-07	-0.00012043
-8.64e-06	-9.6e-07	-0.000116573
-7.68e-06	-9.6e-07	-0.0001099
-6.72e-06	-9.6e-07	-0.000100567
-5.76e-06	-9.6e-07	-8.87976e-05
-4.8e-06	-9.6e-07	-7.48832e-05
-3.84e-06	-9.6e-07	-5.90873e-05
-2.88e-06	-9.6e-07	-3.89512e-05
-1.92e-06	-9.6e-07	6.11959e-05
-9.6e-07	-9.6e-07	0.000328522
0	-9.6e-07	0.000424149
9.6e-07	-9.6e-07	0.000124768
1.92e-06	-9.6e-07	6.056e-05
2.88e-06	-9.6e-07	6.78245e-05
3.84e-06	-9.6e-07	8.14485e-05
4.8e-06	-9.6e-07	9.39741e-05
5.76e-06	-9.6e-07	0.000104295
6.72e-06	-9.6e-07	0.000112045
7.68e-06	-9.6e-07	0.000117005
8.64e-06	-9.6e-07	0.00011903
9.6e-06	-9.6e-07	0.00011805
1.056e-05	-9.6e-07	0.000114064
1.152e-05	-9.6e-07	0.000107138
1.248e-05	-9.6e-07	9.73982e-05
1.344e-05	-9.6e-07	8.50225e-05
1.44e-05	-9.6e-07	7.02204e-05
1.536e-05	-9.6e-07	5.31862e-05
1.632e-05	-9.6e-07	3.39018e-05
1.728e-05	-9.6e-07	1.08995e-05
1.824e-05	-9.6e-07	-2.70681e-05
-1.92e-05	0	-0.000140652
-1.824e-05	0	-0.00035867
-1.728e-05	0	-0.000545175
-1.632e-05	0	-0.000708607
-1.536e-05	0	-0.000852662
-1.44e-05	0	-0.000976273
-1.344e-05	0	-0.00107703
-1.248e-05	0	-0.00115251
-1.152e-05	0	-0.00120073
-1.056e-05	0	-0.00122035
-9.6e-06	0	-0.00121073
-8.64e-06	0	-0.00117196
-7.68e-06	0	-0.00110489
-6.72e-06	0	-0.00101106
-5.76e-06	0	-0.00089273
-4.8e-06	0	-0.000752971
-3.84e-06	0	-0.000597651
-2.88e-06	0	-0.000459348
-1.92e-06	0	-0.000411594
-9.6e-07	0	0.000139727
0	0	0.000812698
9.6e-07	0	0.000592687
1.92e-06	0	0.000533179
2.88e-06	0	0.000673574
3.84e-06	0	0.000817939
4.8e-06	0	0.000944698
5.76e-06	0	0.00104857
6.72e-06	0	0.00112653
7.68e-06	0	0.00117641
8.64e-06	0	0.00119679
9.6e-06	0	0.00118697
1.056e-05	0	0.00114693
1.152e-05	0	0.00107734
1.248e-05	0	0.000979477
1.344e-05	0	0.000855148
1.44e-05	0	0.000706501
1.536e-05	0	0.000535684
1.632e-05	0	0.000343771
1.728e-05	0	0.000124468
1.824e-05	0	-0.000195127
-1.92e-05	9.6e-07	-0.00130527
-1.824e-05	9.6e-07	-0.00362885
-1.728e-05	9.6e-07	-0.0054909
-1.632e-05	9.6e-07	-0.00712626
-1.536e-05	9.6e-07	-0.00857206
-1.44e-05	9.6e-07	-0.0098142
-1.344e-05	9.6e-07	-0.0108272
-1.248e-05	9.6e-07	-0.0115862
-1.152e-05	9.6e-07	-0.0120711
-1.056e-05	9.6e-07	-0.0122685
-9.6e-06	9.6e-07	-0.0121719
-8.64e-06	9.6e-07	-0.0117823
-7.68e-06	9.6e-07	-0.011108
-6.72e-06	9.6e-07	-0.0101648
-5.76e-06	9.6e-07	-0.0089749
-4.8e-06	9.6e-07	-0.00756736
-3.84e-06	9.6e-07	-0.00597738
-2.88e-06	9.6e-07	-0.00424631
-1.92e-06	9.6e-07	-0.00239997
-9.6e-07	9.6e-07	-0.000357418
0	9.6e-07	0.00169546
9.6e-07	9.6e-07	0.00346414
1.92e-06	9.6e-07	0.00514
2.88e-06	9.6e-07	0.00675069
3.84e-06	9.6e-07	0.00822089
4.8e-06	9.6e-07	0.00949756
5.76e-06	9.6e-07	0.0105424
6.72e-06	9.6e-07	0.0113264
7.68e-06	9.6e-07	0.0118281
8.64e-06	9.6e-07	0.0120333
9.6e-06	9.6e-07	0.0119347
1.056e-05	9.6e-07	0.0115325
1.152e-05	9.6e-07	0.0108333
1.248e-05	9.6e-07	0.00984999
1.344e-05	9.6e-07	0.00860091
1.44e-05	9.6e-07	0.00710795
1.536e-05	9.6e-07	0.00539374
1.632e-05	9.6e-07	0.00347548
1.728e-05	9.6e-07	0.0013501
1.824e-05	9.6e-07	-0.00104341
-1.92e-05	1.92e-06	-0.0038902
-1.824e-05	1.92e-06	-0.00718299
-1.728e-05	1.92e-06	-0.0103946
-1.632e-05	1.92e-06	-0.0133847
-1.536e-05	1.92e-06	-0.0160756
-1.44e-05	1.92e-06	-0.018401
-1.344e-05	1.92e-06	-0.0203015
-1.248e-05	1.92e-06	-0.0217268
-1.152e-05	1.92e-06	-0.0226384
-1.056e-05	1.92e-06	-0.0230103
-9.6e-06	1.92e-06	-0.0228304
-8.64e-06	1.92e-06	-0.0221006
-7.68e-06	1.92e-06	-0.0208366
-6.72e-06	1.92e-06	-0.0190676
-5.76e-06	1.92e-06	-0.0168356
-4.8e-06	1.92e-06	-0.0141939
-3.84e-06	1.92e-06	-0.0112057
-2.88e-06	1.92e-06	-0.00794074
-1.92e-06	1.92e-06	-0.00446713
-9.6e-07	1.92e-06	-0.0008474
0	1.92e-06	0.00277947
9.6e-07	1.92e-06	0.00625888
1.92e-06	1.92e-06	0.00956045
2.88e-06	1.92e-06	0.012638
3.84e-06	1.92e-06	0.0154151
4.8e-06	1.92e-06	0.0178175
5.76e-06	1.92e-06	0.0197812
6.72e-06	1.92e-06	0.0212544
7.68e-06	1.92e-06	0.0221976
8.64e-06	1.92e-06	0.0225845
9.6e-06	1.92e-06	0.0224022
1.056e-05	1.92e-06	0.0216507
1.152e-05	1.92e-06	0.0203431
1.248e-05	1.92e-06	0.0185043
1.344e-05	1.92e-06	0.0161697
1.44e-05	1.92e-06	0.0133828
1.536e-05	1.92e-06	0.0101919
1.632e-05	1.92e-06	0.00664421
1.728e-05	1.92e-06	0.0027778
1.824e-05	1.92e-06	-0.00138736
-1.92e-05	2.88e-06	-0.00583877
-1.824e-05	2.88e-06	-0.0104668
-1.728e-05	2.88e-06	-0.0150113
-1.632e-05	2.88e-06	-0.0192874
-1.536e-05	2.88e-06	-0.0231581
-1.44e-05	2.88e-06	-0.0265123
-1.344e-05	2.88e-06	-0.0292574
-1.248e-05	2.88e-06	-0.0313181
-1.152e-05	2.88e-06	-0.0326374
-1.056e-05	2.88e-06	-0.0331779
-9.6e-06	2.88e-06	-0.0329217
-8.64e-06	2.88e-06	-0.0318717
-7.68e-06	2.88e-06	-0.0300505
-6.72e-06	2.88e-06	-0.0275005
-5.76e-06	2.88e-06	-0.0242821
-4.8e-06	2.88e-06	-0.0204723
-3.84e-06	2.88e-06	-0.0161624
-2.88e-06	2.88e-06	-0.0114553
-1.92e-06	2.88e-06	-0.00646179
-9.6e-07	2.88e-06	-0.00130306
0	2.88e-06	0.00387493
9.6e-07	2.88e-06	0.00892518
1.92e-06	2.88e-06	0.0137371
2.88e-06	2.88e-06	0.0182072
3.84e-06	2.88e-06	0.0222296
4.8e-06	2.88e-06	0.0257041
5.76e-06	2.88e-06	0.0285426
6.72e-06	2.88e-06	0.0306722
7.68e-06	2.88e-06	0.032037
8.64e-06	2.88e-06	0.0325999
9.6e-06	2.88e-06	0.0323425
1.056e-05	2.88e-06	0.0312655
1.152e-05	2.88e-06	0.0293886
1.248e-05	2.88e-06	0.0267489
1.344e-05	2.88e-06	0.0233994
1.44e-05	2.88e-06	0.0194069
1.536e-05	2.88e-06	0.0148481
1.632e-05	2.88e-06	0.00980653
1.728e-05	2.88e-06	0.00436831
1.824e-05	2.88e-06	-0.00137718
-1.92e-05	3.84e-06	-0.00732502
-1.824e-05	3.84e-06	-0.0133218
-1.728e-05	3.84e-06	-0.0191617
-1.632e-05	3.84e-06	-0.0246515
-1.536e-05	3.84e-06	-0.0296238
-1.44e-05	3.84e-06	-0.0339354
-1.344e-05	3.84e-06	-0.037466
-1.248e-05	3.84e-06	-0.0401181
-1.152e-05	3.84e-06	-0.0418183
-1.056e-05	3.84e-06	-0.0425184
-9.6e-06	3.84e-06	-0.0421958
-8.64e-06	3.84e-06	-0.0408541
-7.68e-06	3.84e-06	-0.0385227
-6.72e-06	3.84e-06	-0.035256
-5.76e-06	3.84e-06	-0.0311316
-4.8e-06	3.84e-06	-0.0262489
-3.84e-06	3.84e-06	-0.0207256
-2.88e-06	3.84e-06	-0.0146955
-1.92e-06	3.84e-06	-0.0083055
-9.6e-07	3.84e-06	-0.00171422
0	3.84e-06	0.00490849
9.6e-07	3.84e-06	0.011393
1.92e-06	3.84e-06	0.0175834
2.88e-06	3.84e-06	0.0233332
3.84e-06	3.84e-06	0.0285041
4.8e-06	3.84e-06	0.0329689
5.76e-06	3.84e-06	0.0366162
6.72e-06	3.84e-06	0.0393536
7.68e-06	3.84e-06	0.0411108
8.64e-06	3.84e-06	0.0418403
9.6e-06	3.84e-06	0.0415196
1.056e-05	3.84e-06	0.0401504
1.152e-05	3.84e-06	0.0377588
1.248e-05	3.84e-06	0.0343942
1.344e-05	3.84e-06	0.0301272
1.44e-05	3.84e-06	0.0250474
1.536e-05	3.84e-06	0.0192606
1.632e-05	3.84e-06	0.0128856
1.728e-05	3.84e-06	0.00605234
1.824e-05	3.84e-06	-0.00109725
-1.92e-05	4.8e-06	-0.00840384
-1.824e-05	4.8e-06	-0.015682
-1.728e-05	4.8e-06	-0.0227245
-1.632e-05	4.8e-06	-0.0293268
-1.536e-05	4.8e-06	-0.0353006
-1.44e-05	4.8e-06	-0.0404789
-1.344e-05	4.8e-06	-0.0447195
-1.248e-05	4.8e-06	-0.0479067
-1.152e-05	4.8e-06	-0.049953
-1.056e-05	4.8e-06	-0.050801
-9.6e-06	4.8e-06	-0.0504242
-8.64e-06	4.8e-06	-0.0488271
-7.68e-06	4.8e-06	-0.0460452
-6.72e-06	4.8e-06	-0.0421438
-5.76e-06	4.8e-06	-0.0372162
-4.8e-06	4.8e-06	-0.0313815
-3.84e-06	4.8e-06	-0.0247812
-2.88e-06	4.8e-06	-0.0175765
-1.92e-06	4.8e-06	-0.00994407
-9.6e-07	4.8e-06	-0.00207291
0	4.8e-06	0.00584004
9.6e-07	4.8e-06	0.0135975
1.92e-06	4.8e-06	0.0210097
2.88e-06	4.8e-06	0.0278964
3.84e-06	4.8e-06	0.0340899
4.8e-06	4.8e-06	0.0394379
5.76e-06	4.8e-06	0.0438077
6.72e-06	4.8e-06	0.0470897
7.68e-06	4.8e-06	0.0492002
8.64e-06	4.8e-06	0.0500836
9.6e-06	4.8e-06	0.0497134
1.056e-05	4.8e-06	0.0480927
1.152e-05	4.8e-06	0.0452543
1.248e-05	4.8e-06	0.0412588
1.344e-05	4.8e-06	0.0361934
1.44e-05	4.8e-06	0.0301693
1.536e-05	4.8e-06	0.0233187
1.632e-05	4.8e-06	0.0157923
1.728e-05	4.8e-06	0.00775655
1.824e-05	4.8e-06	-0.000606635
-1.92e-05	5.76e-06	-0.00909989
-1.824e-05	5.76e-06	-0.0175103
-1.728e-05	5.76e-06	-0.0256154
-1.632e-05	5.76e-06	-0.0331956
-1.536e-05	5.76e-06	-0.0400453
-1.44e-05	5.76e-06	-0.0459793
-1.344e-05	5.76e-06	-0.0508382
-1.248e-05	5.76e-06	-0.0544918
-1.152e-05	5.76e-06	-0.0568414
-1.056e-05	5.76e-06	-0.0578225
-9.6e-06	5.76e-06	-0.0574052
-8.64e-06	5.76e-06	-0.0555954
-7.68e-06	5.76e-06	-0.0524339
-6.72e-06	5.76e-06	-0.0479954
-5.76e-06	5.76e-06	-0.0423868
-4.8e-06	5.76e-06	-0.0357439
-3.84e-06	5.76e-06	-0.0282287
-2.88e-06	5.76e-06	-0.0200251
-1.92e-06	5.76e-06	-0.0113347
-9.6e-07	5.76e-06	-0.00237196
0	5.76e-06	0.00664123
9.6e-07	5.76e-06	0.0154821
1.92e-06	5.76e-06	0.0239332
2.88e-06	5.76e-06	0.0317877
3.84e-06	5.76e-06	0.0388529
4.8e-06	5.76e-06	0.0449551
5.76e-06	5.76e-06	0.0499433
6.72e-06	5.76e-06	0.0536929
7.68e-06	5.76e-06	0.0561092
8.64e-06	5.76e-06	0.0571296
9.6e-06	5.76e-06	0.0567248
1.056e-05	5.76e-06	0.0548995
1.152e-05	5.76e-06	0.0516922
1.248e-05	5.76e-06	0.0471742
1.344e-05	5.76e-06	0.0414472
1.44e-05	5.76e-06	0.0346413
1.536e-05	5.76e-06	0.0269116
1.632e-05	5.76e-06	0.0184354
1.728e-05	5.76e-06	0.00940867
1.824e-05	5.76e-06	4.3741e-05
-1.92e-05	6.72e-06	-0.00943349
-1.824e-05	6.72e-06	-0.0187871
-1.728e-05	6.72e-06	-0.0277775
-1.632e-05	6.72e-06	-0.0361706
-1.536e-05	6.72e-06	-0.043746
-1.44e-05	6.72e-06	-0.0503047
-1.344e-05	6.72e-06	-0.0556745
-1.248e-05	6.72e-06	-0.0597141
-1.152e-05	6.72e-06	-0.0623169
-1.056e-05	6.72e-06	-0.0634127
-9.6e-06	6.72e-06	-0.0629697
-8.64e-06	6.72e-06	-0.0609949
-7.68e-06	6.72e-06	-0.0575336
-6.72e-06	6.72e-06	-0.0526686
-5.76e-06	6.72e-06	-0.0465173
-4.8e-06	6.72e-06	-0.0392295
-3.84e-06	6.72e-06	-0.0309832
-2.88e-06	6.72e-06	-0.0219807
-1.92e-06	6.72e-06	-0.0124431
-9.6e-07	6.72e-06	-0.00260537
0	6.72e-06	0.00728982
9.6e-07	6.72e-06	0.0169986
1.92e-06	6.72e-06	0.0262822
2.88e-06	6.72e-06	0.0349126
3.84e-06	6.72e-06	0.0426778
4.8e-06	6.72e-06	0.0493866
5.76e-06	6.72e-06	0.0548733
6.72e-06	6.72e-06	0.0590018
7.68e-06	6.72e-06	0.0616684
8.64e-06	6.72e-06	0.0628052
9.6e-06	6.72e-06	0.0623808
1.056e-05	6.72e-06	0.0604016
1.152e-05	6.72e-06	0.0569114
1.248e-05	6.72e-06	0.05199
1.344e-05	6.72e-06	0.0457517
1.44e-05	6.72e-06	0.0383418
1.536e-05	6.72e-06	0.0299342
1.632e-05	6.72e-06	0.0207269
1.728e-05	6.72e-06	0.0109386
1.824e-05	6.72e-06	0.000804271
-1.92e-05	7.68e-06	-0.00942907
-1.824e-05	7.68e-06	-0.0195077
-1.728e-05	7.68e-06	-0.0291778
-1.632e-05	7.68e-06	-0.0381931
-1.536e-05	7.68e-06	-0.0463226
-1.44e-05	7.68e-06	-0.0533573
-1.344e-05	7.68e-06	-0.0591164
-1.248e-05	7.68e-06	-0.0634513
-1.152e-05	7.68e-06	-0.0662498
-1.056e-05	7.68e-06	-0.0674385
-9.6e-06	7.68e-06	-0.0669845
-8.64e-06	7.68e-06	-0.0648959
-7.68e-06	7.68e-06	-0.0612218
-6.72e-06	7.68e-06	-0.0560506
-5.76e-06	7.68e-06	-0.049508
-4.8e-06	7.68e-06	-0.0417537
-3.84e-06	7.68e-06	-0.0329778
-2.88e-06	7.68e-06	-0.0233956
-1.92e-06	7.68e-06	-0.0132426
-9.6e-07	7.68e-06	-0.00276877
0	7.68e-06	0.00776807
9.6e-07	7.68e-06	0.0181085
1.92e-06	7.68e-06	0.0279983
2.88e-06	7.68e-06	0.0371943
3.84e-06	7.68e-06	0.0454705
4.8e-06	7.68e-06	0.0526233
5.76e-06	7.68e-06	0.0584764
6.72e-06	7.68e-06	0.0628851
7.68e-06	7.68e-06	0.0657398
8.64e-06	7.68e-06	0.0669685
9.6e-06	7.68e-06	0.0665389
1.056e-05	7.68e-06	0.064459
1.152e-05	7.68e-06	0.0607767
1.248e-05	7.68e-06	0.0555788
1.344e-05	7.68e-06	0.0489887
1.44e-05	7.68e-06	0.0411638
1.536e-05	7.68e-06	0.0322915
1.632e-05	7.68e-06	0.0225851
1.728e-05	7.68e-06	0.0122792
1.824e-05	7.68e-06	0.00162446
-1.92e-05	8.64e-06	-0.00911793
-1.824e-05	8.64e-06	-0.0196822
-1.728e-05	8.64e-06	-0.0298051
-1.632e-05	8.64e-06	-0.0392325
-1.536e-05	8.64e-06	-0.0477271
-1.44e-05	8.64e-06	-0.0550746
-1.344e-05	8.64e-06	-0.0610895
-1.248e-05	8.64e-06	-0.0656198
-1.152e-05	8.64e-06	-0.0685505
-1.056e-05	8.64e-06	-0.0698069
-9.6e-06	8.64e-06	-0.0693559
-8.64e-06	8.64e-06	-0.0672068
-7.68e-06	8.64e-06	-0.0634111
-6.72e-06	8.64e-06	-0.0580611
-5.76e-06	8.64e-06	-0.0512876
-4.8e-06	8.64e-06	-0.0432565
-3.84e-06	8.64e-06	-0.0341649
-2.88e-06	8.64e-06	-0.0242364
-1.92e-06	8.64e-06	-0.013715
-9.6e-07	8.64e-06	-0.00285966
0	8.64e-06	0.00806258
9.6e-07	8.64e-06	0.018783
1.92e-06	8.64e-06	0.029038
2.88e-06	8.64e-06	0.0385756
3.84e-06	8.64e-06	0.0471615
4.8e-06	8.64e-06	0.0545846
5.76e-06	8.64e-06	0.0606624
6.72e-06	8.64e-06	0.0652452
7.68e-06	8.64e-06	0.06822
8.64e-06	8.64e-06	0.0695129
9.6e-06	8.64e-06	0.0690913
1.056e-05	8.64e-06	0.0669645
1.152e-05	8.64e-06	0.0631835
1.248e-05	8.64e-06	0.0578398
1.344e-05	8.64e-06	0.0510633
1.44e-05	8.64e-06	0.0430188
1.536e-05	8.64e-06	0.0339027
1.632e-05	8.64e-06	0.0239377
1.728e-05	8.64e-06	0.0133678
1.824e-05	8.64e-06	0.00245279
-1.92e-05	9.6e-06	-0.00853867
-1.824e-05	9.6e-06	-0.0193351
-1.728e-05	9.6e-06	-0.0296692
-1.632e-05	9.6e-06	-0.0392847
-1.536e-05	9.6e-06	-0.0479431
-1.44e-05	9.6e-06	-0.0554294
-1.344e-05	9.6e-06	-0.0615579
-1.248e-05	9.6e-06	-0.0661766
-1.152e-05	9.6e-06	-0.069171
-1.056e-05	9.6e-06	-0.0704667
-9.6e-06	9.6e-06	-0.0700314
-8.64e-06	9.6e-06	-0.0678755
-7.68e-06	9.6e-06	-0.0640517
-6.72e-06	9.6e-06	-0.0586539
-5.76e-06	9.6e-06	-0.0518149
-4.8e-06	9.6e-06	-0.0437028
-3.84e-06	9.6e-06	-0.0345172
-2.88e-06	9.6e-06	-0.024484
-1.92e-06	9.6e-06	-0.0138503
-9.6e-07	9.6e-06	-0.00287748
0	9.6e-06	0.00816435
9.6e-07	9.6e-06	0.0190037
1.92e-06	9.6e-06	0.0293742
2.88e-06	9.6e-06	0.039021
3.84e-06	9.6e-06	0.0477073
4.8e-06	9.6e-06	0.05522
5.76e-06	9.6e-06	0.0613747
6.72e-06	9.6e-06	0.0660205
7.68e-06	9.6e-06	0.0690437
8.64e-06	9.6e-06	0.0703702
9.6e-06	9.6e-06	0.0699679
1.056e-05	9.6e-06	0.0678472
1.152e-05	9.6e-06	0.0640611
1.248e-05	9.6e-06	0.0587034
1.344e-05	9.6e-06	0.051907
1.44e-05	9.6e-06	0.0438404
1.536e-05	9.6e-06	0.0347037
1.632e-05	9.6e-06	0.0247236
1.728e-05	9.6e-06	0.0141475
1.824e-05	9.6e-06	0.0032375
-1.92e-05	1.056e-05	-0.00773662
-1.824e-05	1.056e-05	-0.0185041
-1.728e-05	1.056e-05	-0.0288
-1.632e-05	1.056e-05	-0.0383718
-1.536e-05	1.056e-05	-0.046985
-1.44e-05	1.056e-05	-0.0544295
-1.344e-05	1.056e-05	-0.0605237
-1.248e-05	1.056e-05	-0.0651194
-1.152e-05	1.056e-05	-0.0681053
-1.056e-05	1.056e-05	-0.0694092
-9.6e-06	1.056e-05	-0.0690005
-8.64e-06	1.056e-05	-0.0668904
-7.68e-06	1.056e-05	-0.0631317
-6.72e-06	1.056e-05	-0.0578177
-5.76e-06	1.056e-05	-0.0510797
-4.8e-06	1.056e-05	-0.0430841
-3.84e-06	1.056e-05	-0.0340278
-2.88e-06	1.056e-05	-0.0241342
-1.92e-06	1.056e-05	-0.0136467
-9.6e-07	1.056e-05	-0.00282353
0	1.056e-05	0.00806909
9.6e-07	1.056e-05	0.0187633
1.92e-06	1.056e-05	0.0289965
2.88e-06	1.056e-05	0.0385173
3.84e-06	1.056e-05	0.0470922
4.8e-06	1.056e-05	0.0545112
5.76e-06	1.056e-05	0.0605925
6.72e-06	1.056e-05	0.0651878
7.68e-06	1.056e-05	0.0681853
8.64e-06	1.056e-05	0.0695126
9.6e-06	1.056e-05	0.0691388
1.056e-05	1.056e-05	0.0670753
1.152e-05	1.056e-05	0.0633753
1.248e-05	1.056e-05	0.0581329
1.344e-05	1.056e-05	0.0514807
1.44e-05	1.056e-05	0.0435867
1.536e-05	1.056e-05	0.0346499
1.632e-05	1.056e-05	0.0248956
1.728e-05	1.056e-05	0.0145688
1.824e-05	1.056e-05	0.00392789
-1.92e-05	1.152e-05	-0.00676261
-1.824e-05	1.152e-05	-0.0172391
-1.728e-05	1.152e-05	-0.0272457
-1.632e-05	1.152e-05	-0.0365395
-1.536e-05	1.152e-05	-0.0448965
-1.44e-05	1.152e-05	-0.0521163
-1.344e-05	1.152e-05	-0.0580262
-1.248e-05	1.152e-05	-0.0624855
-1.152e-05	1.152e-05	-0.0653886
-1.056e-05	1.152e-05	-0.0666677
-9.6e-06	1.152e-05	-0.0662945
-8.64e-06	1.152e-05	-0.0642807
-7.68e-06	1.152e-05	-0.0606777
-6.72e-06	1.152e-05	-0.0555761
-5.76e-06	1.152e-05	-0.0491026
-4.8e-06	1.152e-05	-0.0414175
-3.84e-06	1.152e-05	-0.0327108
-2.88e-06	1.152e-05	-0.0231971
-1.92e-06	1.152e-05	-0.013111
-9.6e-07	1.152e-05	-0.00270086
0	1.152e-05	0.00777731
9.6e-07	1.152e-05	0.0180659
1.92e-06	1.152e-05	0.0279122
2.88e-06	1.152e-05	0.0370746
3.84e-06	1.152e-05	0.0453287
4.8e-06	1.152e-05	0.0524723
5.76e-06	1.152e-05	0.0583313
6.72e-06	1.152e-05	0.062763
7.68e-06	1.152e-05	0.0656603
8.64e-06	1.152e-05	0.0669544
9.6e-06	1.152e-05	0.0666162
1.056e-05	1.152e-05	0.0646575
1.152e-05	1.152e-05	0.0611306
1.248e-05	1.152e-05	0.0561274
1.344e-05	1.152e-05	0.049777
1.44e-05	1.152e-05	0.0422427
1.536e-05	1.152e-05	0.0337182
1.632e-05	1.152e-05	0.0244219
1.728e-05	1.152e-05	0.0145913
1.824e-05	1.152e-05	0.00447566
-1.92e-05	1.248e-05	-0.00567163
-1.824e-05	1.248e-05	-0.0156006
-1.728e-05	1.248e-05	-0.0250707
-1.632e-05	1.248e-05	-0.0338559
-1.536e-05	1.248e-05	-0.0417483
-1.44e-05	1.248e-05	-0.0485627
-1.344e-05	1.248e-05	-0.0541397
-1.248e-05	1.248e-05	-0.0583498
-1.152e-05	1.248e-05	-0.061096
-1.056e-05	1.248e-05	-0.0623162
-9.6e-06	1.248e-05	-0.061985
-8.64e-06	1.248e-05	-0.0601143
-7.68e-06	1.248e-05	-0.0567532
-6.72e-06	1.248e-05	-0.0519867
-5.76e-06	1.248e-05	-0.0459342
-4.8e-06	1.248e-05	-0.0387459
-3.84e-06	1.248e-05	-0.0305999
-2.88e-06	1.248e-05	-0.0216973
-1.92e-06	1.248e-05	-0.0122579
-9.6e-07	1.248e-05	-0.002514
0	1.248e-05	0.00729454
9.6e-07	1.248e-05	0.0169267
1.92e-06	1.248e-05	0.0261459
2.88e-06	1.248e-05	0.0347261
3.84e-06	1.248e-05	0.0424572
4.8e-06	1.248e-05	0.0491505
5.76e-06	1.248e-05	0.0546428
6.72e-06	1.248e-05	0.0588011
7.68e-06	1.248e-05	0.0615255
8.64e-06	1.248e-05	0.0627521
9.6e-06	1.248e-05	0.0624542
1.056e-05	1.248e-05	0.0606438
1.152e-05	1.248e-05	0.0573708
1.248e-05	1.248e-05	0.0527225
1.344e-05	1.248e-05	0.0468212
1.44e-05	1.248e-05	0.0398219
1.536e-05	1.248e-05	0.0319081
1.632e-05	1.248e-05	0.0232873
1.728e-05	1.248e-05	0.0141847
1.824e-05	1.248e-05	0.00483607
-1.92e-05	1.344e-05	-0.00452142
-1.824e-05	1.344e-05	-0.0136574
-1.728e-05	1.344e-05	-0.022354
-1.632e-05	1.344e-05	-0.0304082
-1.536e-05	1.344e-05	-0.0376352
-1.44e-05	1.344e-05	-0.0438699
-1.344e-05	1.344e-05	-0.0489708
-1.248e-05	1.344e-05	-0.0528228
-1.152e-05	1.344e-05	-0.0553396
-1.056e-05	1.344e-05	-0.0564666
-9.6e-06	1.344e-05	-0.0561817
-8.64e-06	1.344e-05	-0.0544966
-7.68e-06	1.344e-05	-0.0514567
-6.72e-06	1.344e-05	-0.0471395
-5.76e-06	1.344e-05	-0.0416536
-4.8e-06	1.344e-05	-0.0351359
-3.84e-06	1.344e-05	-0.027748
-2.88e-06	1.344e-05	-0.0196727
-1.92e-06	1.344e-05	-0.0111093
-9.6e-07	1.344e-05	-0.00226878
0	1.344e-05	0.00663124
9.6e-07	1.344e-05	0.015372
1.92e-06	1.344e-05	0.023739
2.88e-06	1.344e-05	0.0315272
3.84e-06	1.344e-05	0.0385461
4.8e-06	1.344e-05	0.0446244
5.76e-06	1.344e-05	0.0496144
6.72e-06	1.344e-05	0.0533956
7.68e-06	1.344e-05	0.0558778
8.64e-06	1.344e-05	0.0570033
9.6e-06	1.344e-05	0.0567486
1.056e-05	1.344e-05	0.055125
1.152e-05	1.344e-05	0.0521789
1.248e-05	1.344e-05	0.0479905
1.344e-05	1.344e-05	0.0426723
1.44e-05	1.344e-05	0.0363668
1.536e-05	1.344e-05	0.0292436
1.632e-05	1.344e-05	0.0214949
1.728e-05	1.344e-05	0.0133301
1.824e-05	1.344e-05	0.00496867
-1.92e-05	1.44e-05	-0.00337144
-1.824e-05	1.44e-05	-0.0114854
-1.728e-05	1.44e-05	-0.0191855
-1.632e-05	1.44e-05	-0.0262999
-1.536e-05	1.44e-05	-0.0326725
-1.44e-05	1.44e-05	-0.0381641
-1.344e-05	1.44e-05	-0.0426545
-1.248e-05	1.44e-05	-0.046046
-1.152e-05	1.44e-05	-0.0482651
-1.056e-05	1.44e-05	-0.0492656
-9.6e-06	1.44e-05	-0.0490292
-8.64e-06	1.44e-05	-0.0475671
-7.68e-06	1.44e-05	-0.0449193
-6.72e-06	1.44e-05	-0.0411541
-5.76e-06	1.44e-05	-0.0363666
-4.8e-06	1.44e-05	-0.0306767
-3.84e-06	1.44e-05	-0.0242257
-2.88e-06	1.44e-05	-0.0171735
-1.92e-06	1.44e-05	-0.00969411
-9.6e-07	1.44e-05	-0.00197204
0	1.44e-05	0.00580265
9.6e-07	1.44e-05	0.0134389
1.92e-06	1.44e-05	0.0207493
2.88e-06	1.44e-05	0.0275549
3.84e-06	1.44e-05	0.0336892
4.8e-06	1.44e-05	0.0390028
5.76e-06	1.44e-05	0.0433668
6.72e-06	1.44e-05	0.0466762
7.68e-06	1.44e-05	0.0488523
8.64e-06	1.44e-05	0.0498452
9.6e-06	1.44e-05	0.0496347
1.056e-05	1.44e-05	0.0482312
1.152e-05	1.44e-05	0.0456759
1.248e-05	1.44e-05	0.0420398
1.344e-05	1.44e-05	0.0374223
1.44e-05	1.44e-05	0.0319499
1.536e-05	1.44e-05	0.0257737
1.632e-05	1.44e-05	0.0190665
1.728e-05	1.44e-05	0.0120199
1.824e-05	1.44e-05	0.00483681
-1.92e-05	1.536e-05	-0.00228258
-1.824e-05	1.536e-05	-0.00916531
-1.728e-05	1.536e-05	-0.0156639
-1.632e-05	1.536e-05	-0.0216464
-1.536e-05	1.536e-05	-0.0269921
-1.44e-05	1.536e-05	-0.0315917
-1.344e-05	1.536e-05	-0.0353499
-1.248e-05	1.536e-05	-0.0381881
-1.152e-05	1.536e-05	-0.0400474
-1.056e-05	1.536e-05	-0.0408905
-9.6e-06	1.536e-05	-0.0407033
-8.64e-06	1.536e-05	-0.0394956
-7.68e-06	1.536e-05	-0.0373011
-6.72e-06	1.536e-05	-0.0341769
-5.76e-06	1.536e-05	-0.0302025
-4.8e-06	1.536e-05	-0.0254774
-3.84e-06	1.536e-05	-0.0201193
-2.88e-06	1.536e-05	-0.0142609
-1.92e-06	1.536e-05	-0.00804726
-9.6e-07	1.536e-05	-0.00163145
0	1.536e-05	0.00482856
9.6e-07	1.536e-05	0.011174
1.92e-06	1.536e-05	0.0172492
2.88e-06	1.536e-05	0.0229054
3.84e-06	1.536e-05	0.0280044
4.8e-06	1.536e-05	0.0324222
5.76e-06	1.536e-05	0.0360517
6.72e-06	1.536e-05	0.0388059
7.68e-06	1.536e-05	0.0406195
8.64e-06	1.536e-05	0.0414513
9.6e-06	1.536e-05	0.0412848
1.056e-05	1.536e-05	0.0401291
1.152e-05	1.536e-05	0.0380187
1.248e-05	1.536e-05	0.0350131
1.344e-05	1.536e-05	0.031196
1.44e-05	1.536e-05	0.0266734
1.536e-05	1.536e-05	0.0215734
1.632e-05	1.536e-05	0.0160447
1.728e-05	1.536e-05	0.0102578
1.824e-05	1.536e-05	0.00440457
-1.92e-05	1.632e-05	-0.00131868
-1.824e-05	1.632e-05	-0.00678083
-1.728e-05	1.632e-05	-0.0118918
-1.632e-05	1.632e-05	-0.0165704
-1.536e-05	1.632e-05	-0.0207369
-1.44e-05	1.632e-05	-0.0243149
-1.344e-05	1.632e-05	-0.0272354
-1.248e-05	1.632e-05	-0.0294404
-1.152e-05	1.632e-05	-0.0308861
-1.056e-05	1.632e-05	-0.0315447
-9.6e-06	1.632e-05	-0.031406
-8.64e-06	1.632e-05	-0.030478
-7.68e-06	1.632e-05	-0.0287872
-6.72e-06	1.632e-05	-0.0263777
-5.76e-06	1.632e-05	-0.0233111
-4.8e-06	1.632e-05	-0.0196643
-3.84e-06	1.632e-05	-0.0155284
-2.88e-06	1.632e-05	-0.0110059
-1.92e-06	1.632e-05	-0.00620874
-9.6e-07	1.632e-05	-0.0012552
0	1.632e-05	0.00373274
9.6e-07	1.632e-05	0.0086325
1.92e-06	1.632e-05	0.0133239
2.88e-06	1.632e-05	0.0176921
3.84e-06	1.632e-05	0.0216305
4.8e-06	1.632e-05	0.0250432
5.76e-06	1.632e-05	0.0278478
6.72e-06	1.632e-05	0.0299771
7.68e-06	1.632e-05	0.0313808
8.64e-06	1.632e-05	0.0320273
9.6e-06	1.632e-05	0.0319039
1.056e-05	1.632e-05	0.0310178
1.152e-05	1.632e-05	0.029396
1.248e-05	1.632e-05	0.0270847
1.344e-05	1.632e-05	0.0241484
1.44e-05	1.632e-05	0.0206692
1.536e-05	1.632e-05	0.0167461
1.632e-05	1.632e-05	0.0124958
1.728e-05	1.632e-05	0.00806019
1.824e-05	1.632e-05	0.00362679
-1.92e-05	1.728e-05	-0.000551351
-1.824e-05	1.728e-05	-0.00441574
-1.728e-05	1.728e-05	-0.00797004
-1.632e-05	1.728e-05	-0.0111956
-1.536e-05	1.728e-05	-0.0140554
-1.44e-05	1.728e-05	-0.0165057
-1.344e-05	1.728e-05	-0.0185035
-1.248e-05	1.728e-05	-0.0200113
-1.152e-05	1.728e-05	-0.0210004
-1.056e-05	1.728e-05	-0.0214526
-9.6e-06	1.728e-05	-0.0213612
-8.64e-06	1.728e-05	-0.020732
-7.68e-06	1.728e-05	-0.0195831
-6.72e-06	1.728e-05	-0.0179448
-5.76e-06	1.728e-05	-0.015859
-4.8e-06	1.728e-05	-0.0133781
-3.84e-06	1.728e-05	-0.0105642
-2.88e-06	1.728e-05	-0.00748702
-1.92e-06	1.728e-05	-0.00422275
-9.6e-07	1.728e-05	-0.000851928
0	1.728e-05	0.00254244
9.6e-07	1.728e-05	0.00587695
1.92e-06	1.728e-05	0.0090698
2.88e-06	1.728e-05	0.0120429
3.84e-06	1.728e-05	0.0147236
4.8e-06	1.728e-05	0.0170469
5.76e-06	1.728e-05	0.0189565
6.72e-06	1.728e-05	0.0204069
7.68e-06	1.728e-05	0.0213638
8.64e-06	1.728e-05	0.0218058
9.6e-06	1.728e-05	0.0217244
1.056e-05	1.728e-05	0.0211245
1.152e-05	1.728e-05	0.0200245
1.248e-05	1.728e-05	0.0184558
1.344e-05	1.728e-05	0.0164619
1.44e-05	1.728e-05	0.0140975
1.536e-05	1.728e-05	0.0114265
1.632e-05	1.728e-05	0.00852077
1.728e-05	1.728e-05	0.00546592
1.824e-05	1.728e-05	0.00241627
-1.92e-05	1.824e-05	-7.07961e-05
-1.824e-05	1.824e-05	-0.00214464
-1.728e-05	1.824e-05	-0.00398709
-1.632e-05	1.824e-05	-0.00563856
-1.536e-05	1.824e-05	-0.00709566
-1.44e-05	1.824e-05	-0.00834143
-1.344e-05	1.824e-05	-0.00935612
-1.248e-05	1.824e-05	-0.0101217
-1.152e-05	1.824e-05	-0.010624
-1.056e-05	1.824e-05	-0.0108541
-9.6e-06	1.824e-05	-0.0108088
-8.64e-06	1.824e-05	-0.0104911
-7.68e-06	1.824e-05	-0.0099101
-6.72e-06	1.824e-05	-0.00908129
-5.76e-06	1.824e-05	-0.00802585
-4.8e-06	1.824e-05	-0.00677039
-3.84e-06	1.824e-05	-0.00534626
-2.88e-06	1.824e-05	-0.00378884
-1.92e-06	1.824e-05	-0.00213667
-9.6e-07	1.824e-05	-0.000430516
0	1.824e-05	0.0012876
9.6e-07	1.824e-05	0.00297545
1.92e-06	1.824e-05	0.00459165
2.88e-06	1.824e-05	0.00609665
3.84e-06	1.824e-05	0.00745374
4.8e-06	1.824e-05	0.00862995
5.76e-06	1.824e-05	0.00959688
6.72e-06	1.824e-05	0.0103314
7.68e-06	1.824e-05	0.0108163
8.64e-06	1.824e-05	0.0110406
9.6e-06	1.824e-05	0.0110002
1.056e-05	1.824e-05	0.0106975
1.152e-05	1.824e-05	0.0101418
1.248e-05	1.824e-05	0.00934883
1.344e-05	1.824e-05	0.00834032
1.44e-05	1.824e-05	0.00714244
1.536e-05	1.824e-05	0.00578244
1.632e-05	1.824e-05	0.00427788
1.728e-05	1.824e-05	0.00259898
1.824e-05	1.824e-05	0.000524934
