
-1.976e-05	2.08e-05	6.4908e-17
-1.872e-05	2.08e-05	-4.25788e-18
-1.768e-05	2.08e-05	-2.35407e-17
-1.664e-05	2.08e-05	2.76684e-17
-1.56e-05	2.08e-05	-5.59759e-17
-1.456e-05	2.08e-05	6.36881e-17
-1.352e-05	2.08e-05	3.94914e-18
-1.248e-05	2.08e-05	-1.25937e-17
-1.144e-05	2.08e-05	-1.06699e-17
-1.04e-05	2.08e-05	7.36248e-18
-9.36e-06	2.08e-05	1.01367e-17
-8.32e-06	2.08e-05	3.14357e-17
-7.28e-06	2.08e-05	-1.67717e-17
-6.24e-06	2.08e-05	1.72599e-17
-5.2e-06	2.08e-05	-4.55205e-17
-4.16e-06	2.08e-05	-8.54679e-18
-3.12e-06	2.08e-05	6.9868e-18
-2.08e-06	2.08e-05	-2.05769e-17
-1.04e-06	2.08e-05	2.14448e-17
0	2.08e-05	-2.52399e-17
1.04e-06	2.08e-05	-1.17432e-17
2.08e-06	2.08e-05	8.41864e-18
3.12e-06	2.08e-05	2.16194e-17
4.16e-06	2.08e-05	3.28787e-17
5.2e-06	2.08e-05	-3.35826e-18
6.24e-06	2.08e-05	1.17698e-17
7.28e-06	2.08e-05	1.89491e-18
8.32e-06	2.08e-05	-9.48003e-18
9.36e-06	2.08e-05	-5.70601e-17
1.04e-05	2.08e-05	2.43153e-17
1.144e-05	2.08e-05	1.47716e-17
1.248e-05	2.08e-05	2.6075e-18
1.352e-05	2.08e-05	3.99547e-17
1.456e-05	2.08e-05	-1.19881e-17
1.56e-05	2.08e-05	1.40368e-16
1.664e-05	2.08e-05	6.40819e-17
1.768e-05	2.08e-05	1.62219e-17
1.872e-05	2.08e-05	-1.11474e-16
1.976e-05	2.08e-05	-5.29375e-17

-1.976e-05	1.976e-05	4.52925e-17
-1.872e-05	1.976e-05	-2.38685e-17
-1.768e-05	1.976e-05	7.59939e-17
-1.664e-05	1.976e-05	5.15558e-17
-1.56e-05	1.976e-05	8.16566e-17
-1.456e-05	1.976e-05	1.25901e-16
-1.352e-05	1.976e-05	3.10969e-16
-1.248e-05	1.976e-05	-3.26632e-17
-1.144e-05	1.976e-05	7.86134e-17
-1.04e-05	1.976e-05	2.73793e-17
-9.36e-06	1.976e-05	2.44865e-17
-8.32e-06	1.976e-05	-2.33978e-17
-7.28e-06	1.976e-05	-9.7012e-17
-6.24e-06	1.976e-05	-1.38668e-17
-5.2e-06	1.976e-05	1.98827e-17
-4.16e-06	1.976e-05	7.82671e-18
-3.12e-06	1.976e-05	1.02782e-17
-2.08e-06	1.976e-05	2.71907e-16
-1.04e-06	1.976e-05	1.06071e-16
0	1.976e-05	1.16575e-16
1.04e-06	1.976e-05	-6.46975e-17
2.08e-06	1.976e-05	-4.29087e-18
3.12e-06	1.976e-05	1.15516e-16
4.16e-06	1.976e-05	2.37241e-16
5.2e-06	1.976e-05	1.69848e-16
6.24e-06	1.976e-05	7.77895e-17
7.28e-06	1.976e-05	5.51514e-17
8.32e-06	1.976e-05	-3.80438e-17
9.36e-06	1.976e-05	7.08599e-17
1.04e-05	1.976e-05	-9.50233e-18
1.144e-05	1.976e-05	4.40722e-17
1.248e-05	1.976e-05	8.20695e-17
1.352e-05	1.976e-05	6.90609e-17
1.456e-05	1.976e-05	-1.06356e-16
1.56e-05	1.976e-05	-2.17386e-16
1.664e-05	1.976e-05	7.04077e-17
1.768e-05	1.976e-05	9.10669e-17
1.872e-05	1.976e-05	-2.14438e-17
1.976e-05	1.976e-05	-1.37442e-16

-1.976e-05	1.872e-05	7.84681e-18
-1.872e-05	1.872e-05	1.35568e-17
-1.768e-05	1.872e-05	-8.57123e-17
-1.664e-05	1.872e-05	9.3507e-17
-1.56e-05	1.872e-05	8.64287e-17
-1.456e-05	1.872e-05	1.55801e-16
-1.352e-05	1.872e-05	1.39328e-16
-1.248e-05	1.872e-05	-1.85045e-17
-1.144e-05	1.872e-05	-1.26682e-16
-1.04e-05	1.872e-05	2.03178e-17
-9.36e-06	1.872e-05	3.00756e-16
-8.32e-06	1.872e-05	3.51119e-17
-7.28e-06	1.872e-05	1.20423e-16
-6.24e-06	1.872e-05	1.98199e-16
-5.2e-06	1.872e-05	8.33591e-17
-4.16e-06	1.872e-05	-1.21777e-16
-3.12e-06	1.872e-05	1.37616e-17
-2.08e-06	1.872e-05	3.58025e-17
-1.04e-06	1.872e-05	-1.36318e-16
0	1.872e-05	7.66546e-17
1.04e-06	1.872e-05	-8.42645e-17
2.08e-06	1.872e-05	-1.16846e-16
3.12e-06	1.872e-05	-6.19066e-17
4.16e-06	1.872e-05	-2.29235e-17
5.2e-06	1.872e-05	1.11132e-16
6.24e-06	1.872e-05	6.53177e-17
7.28e-06	1.872e-05	1.16041e-16
8.32e-06	1.872e-05	-6.88697e-18
9.36e-06	1.872e-05	3.84231e-17
1.04e-05	1.872e-05	5.85291e-17
1.144e-05	1.872e-05	-2.96309e-18
1.248e-05	1.872e-05	4.00706e-17
1.352e-05	1.872e-05	-9.22001e-17
1.456e-05	1.872e-05	6.35246e-17
1.56e-05	1.872e-05	-7.8691e-17
1.664e-05	1.872e-05	-3.55637e-17
1.768e-05	1.872e-05	-1.59875e-16
1.872e-05	1.872e-05	1.87055e-17
1.976e-05	1.872e-05	-6.18823e-17

-1.976e-05	1.768e-05	1.06654e-17
-1.872e-05	1.768e-05	-1.47105e-16
-1.768e-05	1.768e-05	-3.64924e-18
-1.664e-05	1.768e-05	-8.83311e-18
-1.56e-05	1.768e-05	1.53608e-16
-1.456e-05	1.768e-05	6.057e-17
-1.352e-05	1.768e-05	9.24569e-17
-1.248e-05	1.768e-05	1.25252e-17
-1.144e-05	1.768e-05	4.32167e-17
-1.04e-05	1.768e-05	8.28632e-17
-9.36e-06	1.768e-05	2.51775e-17
-8.32e-06	1.768e-05	-1.53409e-17
-7.28e-06	1.768e-05	4.33248e-17
-6.24e-06	1.768e-05	-4.44616e-17
-5.2e-06	1.768e-05	-1.78383e-16
-4.16e-06	1.768e-05	-3.33709e-16
-3.12e-06	1.768e-05	-6.70709e-16
-2.08e-06	1.768e-05	-7.60866e-16
-1.04e-06	1.768e-05	-8.22276e-16
0	1.768e-05	-6.36047e-16
1.04e-06	1.768e-05	-5.02831e-16
2.08e-06	1.768e-05	-2.67076e-16
3.12e-06	1.768e-05	-1.11044e-16
4.16e-06	1.768e-05	-9.59187e-17
5.2e-06	1.768e-05	2.31166e-17
6.24e-06	1.768e-05	-1.03515e-17
7.28e-06	1.768e-05	1.00216e-17
8.32e-06	1.768e-05	1.18948e-17
9.36e-06	1.768e-05	-5.60406e-17
1.04e-05	1.768e-05	4.54579e-17
1.144e-05	1.768e-05	1.22734e-17
1.248e-05	1.768e-05	-1.42467e-17
1.352e-05	1.768e-05	1.09039e-16
1.456e-05	1.768e-05	6.38026e-18
1.56e-05	1.768e-05	3.96687e-17
1.664e-05	1.768e-05	6.85012e-17
1.768e-05	1.768e-05	2.67574e-17
1.872e-05	1.768e-05	3.16423e-17
1.976e-05	1.768e-05	-1.38487e-17

-1.976e-05	1.664e-05	-9.38669e-17
-1.872e-05	1.664e-05	3.75398e-17
-1.768e-05	1.664e-05	-2.77421e-17
-1.664e-05	1.664e-05	1.22757e-16
-1.56e-05	1.664e-05	6.6022e-17
-1.456e-05	1.664e-05	1.30146e-16
-1.352e-05	1.664e-05	9.5705e-17
-1.248e-05	1.664e-05	5.67717e-17
-1.144e-05	1.664e-05	3.29882e-17
-1.04e-05	1.664e-05	-1.14901e-18
-9.36e-06	1.664e-05	-8.87131e-18
-8.32e-06	1.664e-05	-3.25902e-17
-7.28e-06	1.664e-05	-2.18809e-16
-6.24e-06	1.664e-05	-7.42527e-16
-5.2e-06	1.664e-05	-1.95877e-15
-4.16e-06	1.664e-05	-4.11795e-15
-3.12e-06	1.664e-05	-6.56675e-15
-2.08e-06	1.664e-05	-8.37514e-15
-1.04e-06	1.664e-05	-8.45615e-15
0	1.664e-05	-7.28408e-15
1.04e-06	1.664e-05	-5.13526e-15
2.08e-06	1.664e-05	-2.96122e-15
3.12e-06	1.664e-05	-1.41153e-15
4.16e-06	1.664e-05	-4.81611e-16
5.2e-06	1.664e-05	-1.92492e-16
6.24e-06	1.664e-05	-3.51819e-17
7.28e-06	1.664e-05	2.72302e-18
8.32e-06	1.664e-05	-2.34221e-17
9.36e-06	1.664e-05	2.29069e-17
1.04e-05	1.664e-05	1.23833e-17
1.144e-05	1.664e-05	-2.34752e-17
1.248e-05	1.664e-05	4.76715e-17
1.352e-05	1.664e-05	2.34513e-17
1.456e-05	1.664e-05	1.07751e-16
1.56e-05	1.664e-05	7.1967e-17
1.664e-05	1.664e-05	9.03654e-17
1.768e-05	1.664e-05	9.55654e-17
1.872e-05	1.664e-05	1.07939e-16
1.976e-05	1.664e-05	9.77352e-17

-1.976e-05	1.56e-05	1.48647e-16
-1.872e-05	1.56e-05	2.96036e-17
-1.768e-05	1.56e-05	1.29934e-16
-1.664e-05	1.56e-05	1.25921e-16
-1.56e-05	1.56e-05	1.08345e-16
-1.456e-05	1.56e-05	1.44412e-16
-1.352e-05	1.56e-05	-2.4653e-17
-1.248e-05	1.56e-05	1.7229e-17
-1.144e-05	1.56e-05	3.37766e-17
-1.04e-05	1.56e-05	2.52125e-17
-9.36e-06	1.56e-05	-7.348e-17
-8.32e-06	1.56e-05	-5.88524e-16
-7.28e-06	1.56e-05	-2.22041e-15
-6.24e-06	1.56e-05	-7.31711e-15
-5.2e-06	1.56e-05	-2.00132e-14
-4.16e-06	1.56e-05	-4.352e-14
-3.12e-06	1.56e-05	-7.18679e-14
-2.08e-06	1.56e-05	-9.09847e-14
-1.04e-06	1.56e-05	-9.2941e-14
0	1.56e-05	-7.87936e-14
1.04e-06	1.56e-05	-5.54236e-14
2.08e-06	1.56e-05	-3.1412e-14
3.12e-06	1.56e-05	-1.39685e-14
4.16e-06	1.56e-05	-5.03269e-15
5.2e-06	1.56e-05	-1.5136e-15
6.24e-06	1.56e-05	-4.16222e-16
7.28e-06	1.56e-05	-6.67542e-17
8.32e-06	1.56e-05	-1.03428e-17
9.36e-06	1.56e-05	-3.2889e-17
1.04e-05	1.56e-05	-3.47868e-17
1.144e-05	1.56e-05	4.98935e-17
1.248e-05	1.56e-05	5.81336e-17
1.352e-05	1.56e-05	1.50954e-17
1.456e-05	1.56e-05	1.1597e-17
1.56e-05	1.56e-05	1.27051e-16
1.664e-05	1.56e-05	-8.60361e-18
1.768e-05	1.56e-05	1.82258e-16
1.872e-05	1.56e-05	7.98493e-17
1.976e-05	1.56e-05	1.35046e-16

-1.976e-05	1.456e-05	1.28731e-16
-1.872e-05	1.456e-05	8.92568e-17
-1.768e-05	1.456e-05	2.01537e-16
-1.664e-05	1.456e-05	3.76373e-17
-1.56e-05	1.456e-05	1.36774e-16
-1.456e-05	1.456e-05	-3.46629e-17
-1.352e-05	1.456e-05	-3.06622e-17
-1.248e-05	1.456e-05	8.80004e-17
-1.144e-05	1.456e-05	4.3415e-17
-1.04e-05	1.456e-05	-2.15965e-16
-9.36e-06	1.456e-05	-1.13284e-15
-8.32e-06	1.456e-05	-5.13071e-15
-7.28e-06	1.456e-05	-2.04686e-14
-6.24e-06	1.456e-05	-7.11692e-14
-5.2e-06	1.456e-05	-2.04756e-13
-4.16e-06	1.456e-05	-4.63758e-13
-3.12e-06	1.456e-05	-7.83095e-13
-2.08e-06	1.456e-05	-9.97589e-13
-1.04e-06	1.456e-05	-1.01727e-12
0	1.456e-05	-8.58263e-13
1.04e-06	1.456e-05	-5.97884e-13
2.08e-06	1.456e-05	-3.31629e-13
3.12e-06	1.456e-05	-1.41833e-13
4.16e-06	1.456e-05	-4.83808e-14
5.2e-06	1.456e-05	-1.37983e-14
6.24e-06	1.456e-05	-3.41311e-15
7.28e-06	1.456e-05	-7.72647e-16
8.32e-06	1.456e-05	-1.33775e-16
9.36e-06	1.456e-05	-2.10618e-17
1.04e-05	1.456e-05	-3.1324e-17
1.144e-05	1.456e-05	-7.10463e-18
1.248e-05	1.456e-05	6.05764e-17
1.352e-05	1.456e-05	5.40624e-17
1.456e-05	1.456e-05	4.4651e-17
1.56e-05	1.456e-05	-2.07147e-17
1.664e-05	1.456e-05	1.19876e-16
1.768e-05	1.456e-05	-2.5582e-18
1.872e-05	1.456e-05	8.27158e-17
1.976e-05	1.456e-05	6.09887e-17

-1.976e-05	1.352e-05	2.18968e-17
-1.872e-05	1.352e-05	1.35627e-16
-1.768e-05	1.352e-05	2.09157e-18
-1.664e-05	1.352e-05	5.13577e-17
-1.56e-05	1.352e-05	5.39538e-17
-1.456e-05	1.352e-05	2.12965e-17
-1.352e-05	1.352e-05	1.06317e-16
-1.248e-05	1.352e-05	9.05162e-17
-1.144e-05	1.352e-05	-3.59706e-16
-1.04e-05	1.352e-05	-1.81322e-15
-9.36e-06	1.352e-05	-9.11287e-15
-8.32e-06	1.352e-05	-4.34901e-14
-7.28e-06	1.352e-05	-1.8537e-13
-6.24e-06	1.352e-05	-6.82474e-13
-5.2e-06	1.352e-05	-2.07948e-12
-4.16e-06	1.352e-05	-4.93449e-12
-3.12e-06	1.352e-05	-8.54175e-12
-2.08e-06	1.352e-05	-1.09428e-11
-1.04e-06	1.352e-05	-1.11389e-11
0	1.352e-05	-9.34807e-12
1.04e-06	1.352e-05	-6.44676e-12
2.08e-06	1.352e-05	-3.49583e-12
3.12e-06	1.352e-05	-1.43049e-12
4.16e-06	1.352e-05	-4.62146e-13
5.2e-06	1.352e-05	-1.24116e-13
6.24e-06	1.352e-05	-2.89318e-14
7.28e-06	1.352e-05	-6.06174e-15
8.32e-06	1.352e-05	-1.17608e-15
9.36e-06	1.352e-05	-1.70718e-16
1.04e-05	1.352e-05	-7.0479e-17
1.144e-05	1.352e-05	-6.08405e-17
1.248e-05	1.352e-05	-4.05211e-17
1.352e-05	1.352e-05	1.05467e-16
1.456e-05	1.352e-05	-2.63941e-17
1.56e-05	1.352e-05	1.19287e-16
1.664e-05	1.352e-05	2.83365e-18
1.768e-05	1.352e-05	2.57299e-17
1.872e-05	1.352e-05	7.37743e-17
1.976e-05	1.352e-05	1.32203e-16

-1.976e-05	1.248e-05	3.81938e-17
-1.872e-05	1.248e-05	2.33887e-17
-1.768e-05	1.248e-05	6.24959e-17
-1.664e-05	1.248e-05	4.89268e-17
-1.56e-05	1.248e-05	3.1155e-17
-1.456e-05	1.248e-05	-3.06057e-17
-1.352e-05	1.248e-05	-3.15216e-17
-1.248e-05	1.248e-05	-5.07201e-16
-1.144e-05	1.248e-05	-2.34043e-15
-1.04e-05	1.248e-05	-1.28617e-14
-9.36e-06	1.248e-05	-7.10079e-14
-8.32e-06	1.248e-05	-3.6051e-13
-7.28e-06	1.248e-05	-1.63796e-12
-6.24e-06	1.248e-05	-6.44422e-12
-5.2e-06	1.248e-05	-2.09308e-11
-4.16e-06	1.248e-05	-5.23997e-11
-3.12e-06	1.248e-05	-9.32313e-11
-2.08e-06	1.248e-05	-1.20106e-10
-1.04e-06	1.248e-05	-1.21997e-10
0	1.248e-05	-1.01823e-10
1.04e-06	1.248e-05	-6.94984e-11
2.08e-06	1.248e-05	-3.6766e-11
3.12e-06	1.248e-05	-1.43044e-11
4.16e-06	1.248e-05	-4.34185e-12
5.2e-06	1.248e-05	-1.09305e-12
6.24e-06	1.248e-05	-2.38624e-13
7.28e-06	1.248e-05	-4.67112e-14
8.32e-06	1.248e-05	-8.55019e-15
9.36e-06	1.248e-05	-1.60268e-15
1.04e-05	1.248e-05	-3.20347e-16
1.144e-05	1.248e-05	-1.84852e-16
1.248e-05	1.248e-05	-1.65909e-16
1.352e-05	1.248e-05	-1.79013e-16
1.456e-05	1.248e-05	7.02981e-18
1.56e-05	1.248e-05	-9.98824e-17
1.664e-05	1.248e-05	4.36175e-17
1.768e-05	1.248e-05	-1.16808e-17
1.872e-05	1.248e-05	9.27863e-17
1.976e-05	1.248e-05	-9.43548e-17

-1.976e-05	1.144e-05	-2.29359e-17
-1.872e-05	1.144e-05	-5.75965e-19
-1.768e-05	1.144e-05	-1.92994e-16
-1.664e-05	1.144e-05	-3.07563e-16
-1.56e-05	1.144e-05	-7.63661e-16
-1.456e-05	1.144e-05	-9.82679e-16
-1.352e-05	1.144e-05	-1.59011e-15
-1.248e-05	1.144e-05	-3.57955e-15
-1.144e-05	1.144e-05	-1.55115e-14
-1.04e-05	1.144e-05	-9.09588e-14
-9.36e-06	1.144e-05	-5.31407e-13
-8.32e-06	1.144e-05	-2.88499e-12
-7.28e-06	1.144e-05	-1.40826e-11
-6.24e-06	1.144e-05	-5.96554e-11
-5.2e-06	1.144e-05	-2.08359e-10
-4.16e-06	1.144e-05	-5.55043e-10
-3.12e-06	1.144e-05	-1.01841e-09
-2.08e-06	1.144e-05	-1.31903e-09
-1.04e-06	1.144e-05	-1.33647e-09
0	1.144e-05	-1.10914e-09
1.04e-06	1.144e-05	-7.49087e-10
2.08e-06	1.144e-05	-3.8571e-10
3.12e-06	1.144e-05	-1.41492e-10
4.16e-06	1.144e-05	-4.00006e-11
5.2e-06	1.144e-05	-9.35625e-12
6.24e-06	1.144e-05	-1.90203e-12
7.28e-06	1.144e-05	-3.48292e-13
8.32e-06	1.144e-05	-5.9937e-14
9.36e-06	1.144e-05	-1.08978e-14
1.04e-05	1.144e-05	-3.19778e-15
1.144e-05	1.144e-05	-1.80895e-15
1.248e-05	1.144e-05	-1.51496e-15
1.352e-05	1.144e-05	-1.24399e-15
1.456e-05	1.144e-05	-9.78596e-16
1.56e-05	1.144e-05	-5.95626e-16
1.664e-05	1.144e-05	-3.26503e-16
1.768e-05	1.144e-05	-6.49313e-17
1.872e-05	1.144e-05	-1.50789e-16
1.976e-05	1.144e-05	-6.93022e-17

-1.976e-05	1.04e-05	-4.13401e-16
-1.872e-05	1.04e-05	-1.13634e-15
-1.768e-05	1.04e-05	-2.40501e-15
-1.664e-05	1.04e-05	-4.98716e-15
-1.56e-05	1.04e-05	-8.04086e-15
-1.456e-05	1.04e-05	-1.1218e-14
-1.352e-05	1.04e-05	-1.51724e-14
-1.248e-05	1.04e-05	-2.7388e-14
-1.144e-05	1.04e-05	-1.03935e-13
-1.04e-05	1.04e-05	-6.10494e-13
-9.36e-06	1.04e-05	-3.78944e-12
-8.32e-06	1.04e-05	-2.21419e-11
-7.28e-06	1.04e-05	-1.16999e-10
-6.24e-06	1.04e-05	-5.38602e-10
-5.2e-06	1.04e-05	-2.04498e-09
-4.16e-06	1.04e-05	-5.86166e-09
-3.12e-06	1.04e-05	-1.11349e-08
-2.08e-06	1.04e-05	-1.44948e-08
-1.04e-06	1.04e-05	-1.4644e-08
0	1.04e-05	-1.20822e-08
1.04e-06	1.04e-05	-8.07291e-09
2.08e-06	1.04e-05	-4.03495e-09
3.12e-06	1.04e-05	-1.38033e-09
4.16e-06	1.04e-05	-3.59432e-10
5.2e-06	1.04e-05	-7.73762e-11
6.24e-06	1.04e-05	-1.4526e-11
7.28e-06	1.04e-05	-2.47251e-12
8.32e-06	1.04e-05	-4.02676e-13
9.36e-06	1.04e-05	-7.5944e-14
1.04e-05	1.04e-05	-2.6978e-14
1.144e-05	1.04e-05	-1.91178e-14
1.248e-05	1.04e-05	-1.62412e-14
1.352e-05	1.04e-05	-1.36242e-14
1.456e-05	1.04e-05	-1.03024e-14
1.56e-05	1.04e-05	-6.74474e-15
1.664e-05	1.04e-05	-3.61832e-15
1.768e-05	1.04e-05	-1.85666e-15
1.872e-05	1.04e-05	-1.13748e-15
1.976e-05	1.04e-05	-1.30954e-15

-1.976e-05	9.36e-06	-5.11392e-15
-1.872e-05	9.36e-06	-1.14925e-14
-1.768e-05	9.36e-06	-2.60502e-14
-1.664e-05	9.36e-06	-5.25501e-14
-1.56e-05	9.36e-06	-8.71772e-14
-1.456e-05	9.36e-06	-1.20914e-13
-1.352e-05	9.36e-06	-1.54301e-13
-1.248e-05	9.36e-06	-2.30998e-13
-1.144e-05	9.36e-06	-6.83455e-13
-1.04e-05	9.36e-06	-3.86938e-12
-9.36e-06	9.36e-06	-2.5469e-11
-8.32e-06	9.36e-06	-1.61189e-10
-7.28e-06	9.36e-06	-9.30408e-10
-6.24e-06	9.36e-06	-4.70766e-09
-5.2e-06	9.36e-06	-1.97008e-08
-4.16e-06	9.36e-06	-6.16775e-08
-3.12e-06	9.36e-06	-1.21879e-07
-2.08e-06	9.36e-06	-1.59383e-07
-1.04e-06	9.36e-06	-1.60487e-07
0	9.36e-06	-1.31615e-07
1.04e-06	9.36e-06	-8.69947e-08
2.08e-06	9.36e-06	-4.20721e-08
3.12e-06	9.36e-06	-1.32225e-08
4.16e-06	9.36e-06	-3.12652e-09
5.2e-06	9.36e-06	-6.12158e-10
6.24e-06	9.36e-06	-1.05131e-10
7.28e-06	9.36e-06	-1.65321e-11
8.32e-06	9.36e-06	-2.57231e-12
9.36e-06	9.36e-06	-5.35468e-13
1.04e-05	9.36e-06	-2.49339e-13
1.144e-05	9.36e-06	-1.99766e-13
1.248e-05	9.36e-06	-1.75421e-13
1.352e-05	9.36e-06	-1.47142e-13
1.456e-05	9.36e-06	-1.11742e-13
1.56e-05	9.36e-06	-7.21002e-14
1.664e-05	9.36e-06	-3.83448e-14
1.768e-05	9.36e-06	-1.86278e-14
1.872e-05	9.36e-06	-1.16424e-14
1.976e-05	9.36e-06	-1.36069e-14

-1.976e-05	8.32e-06	-5.18237e-14
-1.872e-05	8.32e-06	-1.16392e-13
-1.768e-05	8.32e-06	-2.68626e-13
-1.664e-05	8.32e-06	-5.58115e-13
-1.56e-05	8.32e-06	-9.40251e-13
-1.456e-05	8.32e-06	-1.30277e-12
-1.352e-05	8.32e-06	-1.61823e-12
-1.248e-05	8.32e-06	-2.10689e-12
-1.144e-05	8.32e-06	-4.58893e-12
-1.04e-05	8.32e-06	-2.30176e-11
-9.36e-06	8.32e-06	-1.5882e-10
-8.32e-06	8.32e-06	-1.09574e-09
-7.28e-06	8.32e-06	-6.98418e-09
-6.24e-06	8.32e-06	-3.93959e-08
-5.2e-06	8.32e-06	-1.85028e-07
-4.16e-06	8.32e-06	-6.46061e-07
-3.12e-06	8.32e-06	-1.33582e-06
-2.08e-06	8.32e-06	-1.75366e-06
-1.04e-06	8.32e-06	-1.75908e-06
0	8.32e-06	-1.43371e-06
1.04e-06	8.32e-06	-9.37458e-07
2.08e-06	8.32e-06	-4.37021e-07
3.12e-06	8.32e-06	-1.23534e-07
4.16e-06	8.32e-06	-2.60296e-08
5.2e-06	8.32e-06	-4.56661e-09
6.24e-06	8.32e-06	-7.09331e-10
7.28e-06	8.32e-06	-1.02516e-10
8.32e-06	8.32e-06	-1.56221e-11
9.36e-06	8.32e-06	-3.99118e-12
1.04e-05	8.32e-06	-2.44487e-12
1.144e-05	8.32e-06	-2.12667e-12
1.248e-05	8.32e-06	-1.89294e-12
1.352e-05	8.32e-06	-1.59316e-12
1.456e-05	8.32e-06	-1.20719e-12
1.56e-05	8.32e-06	-7.71936e-13
1.664e-05	8.32e-06	-3.98442e-13
1.768e-05	8.32e-06	-1.88743e-13
1.872e-05	8.32e-06	-1.16479e-13
1.976e-05	8.32e-06	-1.38051e-13

-1.976e-05	7.28e-06	-5.20523e-13
-1.872e-05	7.28e-06	-1.16575e-12
-1.768e-05	7.28e-06	-2.75634e-12
-1.664e-05	7.28e-06	-5.91875e-12
-1.56e-05	7.28e-06	-1.01489e-11
-1.456e-05	7.28e-06	-1.40815e-11
-1.352e-05	7.28e-06	-1.72549e-11
-1.248e-05	7.28e-06	-2.06683e-11
-1.144e-05	7.28e-06	-3.32296e-11
-1.04e-05	7.28e-06	-1.28852e-10
-9.36e-06	7.28e-06	-8.99054e-10
-8.32e-06	7.28e-06	-6.79288e-09
-7.28e-06	7.28e-06	-4.84319e-08
-6.24e-06	7.28e-06	-3.10123e-07
-5.2e-06	7.28e-06	-1.67529e-06
-4.16e-06	7.28e-06	-6.72928e-06
-3.12e-06	7.28e-06	-1.46642e-05
-2.08e-06	7.28e-06	-1.93072e-05
-1.04e-06	7.28e-06	-1.92834e-05
0	7.28e-06	-1.56171e-05
1.04e-06	7.28e-06	-1.0103e-05
2.08e-06	7.28e-06	-4.51936e-06
3.12e-06	7.28e-06	-1.11303e-06
4.16e-06	7.28e-06	-2.03653e-07
5.2e-06	7.28e-06	-3.14e-08
6.24e-06	7.28e-06	-4.35154e-09
7.28e-06	7.28e-06	-5.77422e-10
8.32e-06	7.28e-06	-9.19055e-11
9.36e-06	7.28e-06	-3.27445e-11
1.04e-05	7.28e-06	-2.50868e-11
1.144e-05	7.28e-06	-2.28222e-11
1.248e-05	7.28e-06	-2.04588e-11
1.352e-05	7.28e-06	-1.72486e-11
1.456e-05	7.28e-06	-1.30547e-11
1.56e-05	7.28e-06	-8.25285e-12
1.664e-05	7.28e-06	-4.12778e-12
1.768e-05	7.28e-06	-1.89457e-12
1.872e-05	7.28e-06	-1.16062e-12
1.976e-05	7.28e-06	-1.39272e-12

-1.976e-05	6.24e-06	-5.226e-12
-1.872e-05	6.24e-06	-1.16051e-11
-1.768e-05	6.24e-06	-2.81079e-11
-1.664e-05	6.24e-06	-6.26842e-11
-1.56e-05	6.24e-06	-1.09628e-10
-1.456e-05	6.24e-06	-1.52456e-10
-1.352e-05	6.24e-06	-1.85623e-10
-1.248e-05	6.24e-06	-2.13314e-10
-1.144e-05	6.24e-06	-2.73402e-10
-1.04e-05	6.24e-06	-7.02426e-10
-9.36e-06	6.24e-06	-4.4861e-09
-8.32e-06	6.24e-06	-3.69661e-08
-7.28e-06	6.24e-06	-2.99194e-07
-6.24e-06	6.24e-06	-2.22672e-06
-5.2e-06	6.24e-06	-1.43288e-05
-4.16e-06	6.24e-06	-6.9589e-05
-3.12e-06	6.24e-06	-0.000161288
-2.08e-06	6.24e-06	-0.000212693
-1.04e-06	6.24e-06	-0.000211404
0	6.24e-06	-0.000170099
1.04e-06	6.24e-06	-0.000108905
2.08e-06	6.24e-06	-4.64901e-05
3.12e-06	6.24e-06	-9.47302e-06
4.16e-06	6.24e-06	-1.44961e-06
5.2e-06	6.24e-06	-1.914e-07
6.24e-06	6.24e-06	-2.32974e-08
7.28e-06	6.24e-06	-2.88277e-09
8.32e-06	6.24e-06	-5.56607e-10
9.36e-06	6.24e-06	-3.00286e-10
1.04e-05	6.24e-06	-2.64738e-10
1.144e-05	6.24e-06	-2.45944e-10
1.248e-05	6.24e-06	-2.21245e-10
1.352e-05	6.24e-06	-1.86803e-10
1.456e-05	6.24e-06	-1.41245e-10
1.56e-05	6.24e-06	-8.82222e-11
1.664e-05	6.24e-06	-4.25594e-11
1.768e-05	6.24e-06	-1.88972e-11
1.872e-05	6.24e-06	-1.15279e-11
1.976e-05	6.24e-06	-1.40456e-11

-1.976e-05	5.2e-06	-5.25352e-11
-1.872e-05	5.2e-06	-1.14804e-10
-1.768e-05	5.2e-06	-2.84573e-10
-1.664e-05	5.2e-06	-6.628e-10
-1.56e-05	5.2e-06	-1.18512e-09
-1.456e-05	5.2e-06	-1.65207e-09
-1.352e-05	5.2e-06	-2.00508e-09
-1.248e-05	5.2e-06	-2.26466e-09
-1.144e-05	5.2e-06	-2.56844e-09
-1.04e-05	5.2e-06	-4.14861e-09
-9.36e-06	5.2e-06	-1.91477e-08
-8.32e-06	5.2e-06	-1.65109e-07
-7.28e-06	5.2e-06	-1.53712e-06
-6.24e-06	5.2e-06	-1.37094e-05
-5.2e-06	5.2e-06	-0.000110854
-4.16e-06	5.2e-06	-0.00071294
-3.12e-06	5.2e-06	-0.00177809
-2.08e-06	5.2e-06	-0.00234437
-1.04e-06	5.2e-06	-0.00231771
0	5.2e-06	-0.00185246
1.04e-06	5.2e-06	-0.00117441
2.08e-06	5.2e-06	-0.000475215
3.12e-06	5.2e-06	-7.2821e-05
4.16e-06	5.2e-06	-8.78168e-06
5.2e-06	5.2e-06	-9.58127e-07
6.24e-06	5.2e-06	-1.01094e-07
7.28e-06	5.2e-06	-1.26565e-08
8.32e-06	5.2e-06	-3.88598e-09
9.36e-06	5.2e-06	-3.0092e-09
1.04e-05	5.2e-06	-2.83463e-09
1.144e-05	5.2e-06	-2.65535e-09
1.248e-05	5.2e-06	-2.3932e-09
1.352e-05	5.2e-06	-2.02355e-09
1.456e-05	5.2e-06	-1.52908e-09
1.56e-05	5.2e-06	-9.42952e-10
1.664e-05	5.2e-06	-4.36296e-10
1.768e-05	5.2e-06	-1.87137e-10
1.872e-05	5.2e-06	-1.14207e-10
1.976e-05	5.2e-06	-1.41538e-10

-1.976e-05	4.16e-06	-5.29612e-10
-1.872e-05	4.16e-06	-1.12828e-09
-1.768e-05	4.16e-06	-2.85542e-09
-1.664e-05	4.16e-06	-6.99478e-09
-1.56e-05	4.16e-06	-1.28224e-08
-1.456e-05	4.16e-06	-1.79119e-08
-1.352e-05	4.16e-06	-2.16937e-08
-1.248e-05	4.16e-06	-2.43489e-08
-1.144e-05	4.16e-06	-2.63573e-08
-1.04e-05	4.16e-06	-3.09547e-08
-9.36e-06	4.16e-06	-7.25988e-08
-8.32e-06	4.16e-06	-5.30954e-07
-7.28e-06	4.16e-06	-5.60184e-06
-6.24e-06	4.16e-06	-6.17583e-05
-5.2e-06	4.16e-06	-0.000685203
-4.16e-06	4.16e-06	-0.0072137
-3.12e-06	4.16e-06	-0.0196571
-2.08e-06	4.16e-06	-0.0258527
-1.04e-06	4.16e-06	-0.0254099
0	4.16e-06	-0.0201703
1.04e-06	4.16e-06	-0.0126726
2.08e-06	4.16e-06	-0.00482009
3.12e-06	4.16e-06	-0.000443399
4.16e-06	4.16e-06	-3.77507e-05
5.2e-06	4.16e-06	-3.25247e-06
6.24e-06	4.16e-06	-3.06535e-07
7.28e-06	4.16e-06	-5.49673e-08
8.32e-06	4.16e-06	-3.37722e-08
9.36e-06	4.16e-06	-3.16935e-08
1.04e-05	4.16e-06	-3.05393e-08
1.144e-05	4.16e-06	-2.86883e-08
1.248e-05	4.16e-06	-2.58892e-08
1.352e-05	4.16e-06	-2.19246e-08
1.456e-05	4.16e-06	-1.65644e-08
1.56e-05	4.16e-06	-1.00778e-08
1.664e-05	4.16e-06	-4.44045e-09
1.768e-05	4.16e-06	-1.83818e-09
1.872e-05	4.16e-06	-1.12911e-09
1.976e-05	4.16e-06	-1.42422e-09

-1.976e-05	3.12e-06	-5.36437e-09
-1.872e-05	3.12e-06	-1.10159e-08
-1.768e-05	3.12e-06	-2.83283e-08
-1.664e-05	3.12e-06	-7.36497e-08
-1.56e-05	3.12e-06	-1.38873e-07
-1.456e-05	3.12e-06	-1.94274e-07
-1.352e-05	3.12e-06	-2.34831e-07
-1.248e-05	3.12e-06	-2.62941e-07
-1.144e-05	3.12e-06	-2.81224e-07
-1.04e-05	3.12e-06	-2.95139e-07
-9.36e-06	3.12e-06	-3.52952e-07
-8.32e-06	3.12e-06	-9.91366e-07
-7.28e-06	3.12e-06	-8.24335e-06
-6.24e-06	3.12e-06	-9.00276e-05
-5.2e-06	3.12e-06	-0.00101209
-4.16e-06	3.12e-06	-0.0105311
-3.12e-06	3.12e-06	-0.0258991
-2.08e-06	3.12e-06	-0.0324773
-1.04e-06	3.12e-06	-0.03018
0	3.12e-06	-0.0223944
1.04e-06	3.12e-06	-0.0129955
2.08e-06	3.12e-06	-0.00407735
3.12e-06	3.12e-06	-0.0003554
4.16e-06	3.12e-06	-3.02433e-05
5.2e-06	3.12e-06	-2.82884e-06
6.24e-06	3.12e-06	-5.35154e-07
7.28e-06	3.12e-06	-3.5421e-07
8.32e-06	3.12e-06	-3.43944e-07
9.36e-06	3.12e-06	-3.40428e-07
1.04e-05	3.12e-06	-3.29682e-07
1.144e-05	3.12e-06	-3.10001e-07
1.248e-05	3.12e-06	-2.80067e-07
1.352e-05	3.12e-06	-2.3759e-07
1.456e-05	3.12e-06	-1.79576e-07
1.56e-05	3.12e-06	-1.07707e-07
1.664e-05	3.12e-06	-4.47757e-08
1.768e-05	3.12e-06	-1.78922e-08
1.872e-05	3.12e-06	-1.11498e-08
1.976e-05	3.12e-06	-1.4296e-08

-1.976e-05	2.08e-06	-5.47125e-08
-1.872e-05	2.08e-06	-1.06903e-07
-1.768e-05	2.08e-06	-2.76933e-07
-1.664e-05	2.08e-06	-7.73333e-07
-1.56e-05	2.08e-06	-1.50591e-06
-1.456e-05	2.08e-06	-2.10779e-06
-1.352e-05	2.08e-06	-2.54227e-06
-1.248e-05	2.08e-06	-2.84243e-06
-1.144e-05	2.08e-06	-3.0336e-06
-1.04e-05	2.08e-06	-3.13194e-06
-9.36e-06	2.08e-06	-3.18175e-06
-8.32e-06	2.08e-06	-3.62702e-06
-7.28e-06	2.08e-06	-9.43282e-06
-6.24e-06	2.08e-06	-7.61474e-05
-5.2e-06	2.08e-06	-0.00082548
-4.16e-06	2.08e-06	-0.00826184
-3.12e-06	2.08e-06	-0.0173666
-2.08e-06	2.08e-06	-0.0184282
-1.04e-06	2.08e-06	-0.0129792
0	2.08e-06	-0.00585636
1.04e-06	2.08e-06	-0.00101372
2.08e-06	2.08e-06	0.000910763
3.12e-06	2.08e-06	0.000108153
4.16e-06	2.08e-06	6.88901e-06
5.2e-06	2.08e-06	-2.36306e-06
6.24e-06	2.08e-06	-3.39536e-06
7.28e-06	2.08e-06	-3.62297e-06
8.32e-06	2.08e-06	-3.69656e-06
9.36e-06	2.08e-06	-3.67441e-06
1.04e-05	2.08e-06	-3.56051e-06
1.144e-05	2.08e-06	-3.34984e-06
1.248e-05	2.08e-06	-3.02969e-06
1.352e-05	2.08e-06	-2.57512e-06
1.456e-05	2.08e-06	-1.94845e-06
1.56e-05	2.08e-06	-1.15126e-06
1.664e-05	2.08e-06	-4.46016e-07
1.768e-05	2.08e-06	-1.72426e-07
1.872e-05	2.08e-06	-1.10128e-07
1.976e-05	2.08e-06	-1.42944e-07

-1.976e-05	1.04e-06	-5.63223e-07
-1.872e-05	1.04e-06	-1.03268e-06
-1.768e-05	1.04e-06	-2.65428e-06
-1.664e-05	1.04e-06	-8.09271e-06
-1.56e-05	1.04e-06	-1.63541e-05
-1.456e-05	1.04e-06	-2.2875e-05
-1.352e-05	1.04e-06	-2.75222e-05
-1.248e-05	1.04e-06	-3.07301e-05
-1.144e-05	1.04e-06	-3.27728e-05
-1.04e-05	1.04e-06	-3.3783e-05
-9.36e-06	1.04e-06	-3.38225e-05
-8.32e-06	1.04e-06	-3.3057e-05
-7.28e-06	1.04e-06	-3.33387e-05
-6.24e-06	1.04e-06	-5.4724e-05
-5.2e-06	1.04e-06	-0.000307476
-4.16e-06	1.04e-06	-0.00238313
-3.12e-06	1.04e-06	-0.00107634
-2.08e-06	1.04e-06	0.00587707
-1.04e-06	1.04e-06	0.0143568
0	1.04e-06	0.0182903
1.04e-06	1.04e-06	0.0148085
2.08e-06	1.04e-06	0.00613863
3.12e-06	1.04e-06	0.000506969
4.16e-06	1.04e-06	1.30828e-05
5.2e-06	1.04e-06	-3.10664e-05
6.24e-06	1.04e-06	-3.71613e-05
7.28e-06	1.04e-06	-3.91647e-05
8.32e-06	1.04e-06	-3.99162e-05
9.36e-06	1.04e-06	-3.96751e-05
1.04e-05	1.04e-06	-3.84533e-05
1.144e-05	1.04e-06	-3.61967e-05
1.248e-05	1.04e-06	-3.2773e-05
1.352e-05	1.04e-06	-2.79141e-05
1.456e-05	1.04e-06	-2.11615e-05
1.56e-05	1.04e-06	-1.23092e-05
1.664e-05	1.04e-06	-4.36969e-06
1.768e-05	1.04e-06	-1.64428e-06
1.872e-05	1.04e-06	-1.09032e-06
1.976e-05	1.04e-06	-1.42092e-06

-1.976e-05	0	-5.865e-06
-1.872e-05	0	-9.96141e-06
-1.768e-05	0	-2.47459e-05
-1.664e-05	0	-8.4334e-05
-1.56e-05	0	-0.000177927
-1.456e-05	0	-0.000248311
-1.352e-05	0	-0.000297936
-1.248e-05	0	-0.000332216
-1.144e-05	0	-0.000354087
-1.04e-05	0	-0.000364903
-9.36e-06	0	-0.000365117
-8.32e-06	0	-0.000354502
-7.28e-06	0	-0.000331701
-6.24e-06	0	-0.000287082
-5.2e-06	0	-9.89998e-05
-4.16e-06	0	0.00216952
-3.12e-06	0	0.0105466
-2.08e-06	0	0.0233088
-1.04e-06	0	0.0331765
0	0	0.0332108
1.04e-06	0	0.0223455
2.08e-06	0	0.00643558
3.12e-06	0	-2.02336e-06
4.16e-06	0	-0.000314476
5.2e-06	0	-0.000373239
6.24e-06	0	-0.000404467
7.28e-06	0	-0.000423167
8.32e-06	0	-0.000431
9.36e-06	0	-0.00042839
1.04e-05	0	-0.000415283
1.144e-05	0	-0.000391107
1.248e-05	0	-0.000354495
1.352e-05	0	-0.000302615
1.456e-05	0	-0.000230079
1.56e-05	0	-0.000131679
1.664e-05	0	-4.18182e-05
1.768e-05	0	-1.55218e-05
1.872e-05	0	-1.0852e-05
1.976e-05	0	-1.40037e-05

-1.976e-05	-1.04e-06	-6.18869e-05
-1.872e-05	-1.04e-06	-9.65135e-05
-1.768e-05	-1.04e-06	-0.000221415
-1.664e-05	-1.04e-06	-0.000874221
-1.56e-05	-1.04e-06	-0.0019401
-1.456e-05	-1.04e-06	-0.00269587
-1.352e-05	-1.04e-06	-0.003225
-1.248e-05	-1.04e-06	-0.00359132
-1.144e-05	-1.04e-06	-0.00382556
-1.04e-05	-1.04e-06	-0.00394163
-9.36e-06	-1.04e-06	-0.00394413
-8.32e-06	-1.04e-06	-0.00383092
-7.28e-06	-1.04e-06	-0.00359252
-6.24e-06	-1.04e-06	-0.00320799
-5.2e-06	-1.04e-06	-0.00263572
-4.16e-06	-1.04e-06	-0.000470182
-3.12e-06	-1.04e-06	0.00818862
-2.08e-06	-1.04e-06	0.0224277
-1.04e-06	-1.04e-06	0.0316443
0	-1.04e-06	0.0288143
1.04e-06	-1.04e-06	0.0145961
2.08e-06	-1.04e-06	-0.00200868
3.12e-06	-1.04e-06	-0.00436606
4.16e-06	-1.04e-06	-0.00368367
5.2e-06	-1.04e-06	-0.00405184
6.24e-06	-1.04e-06	-0.00437005
7.28e-06	-1.04e-06	-0.00456957
8.32e-06	-1.04e-06	-0.00465349
9.36e-06	-1.04e-06	-0.00462544
1.04e-05	-1.04e-06	-0.00448481
1.144e-05	-1.04e-06	-0.00422575
1.248e-05	-1.04e-06	-0.00383422
1.352e-05	-1.04e-06	-0.00328076
1.456e-05	-1.04e-06	-0.00250459
1.56e-05	-1.04e-06	-0.00140989
1.664e-05	-1.04e-06	-0.000386435
1.768e-05	-1.04e-06	-0.00014538
1.872e-05	-1.04e-06	-0.000108999
1.976e-05	-1.04e-06	-0.00013631

-1.976e-05	-2.08e-06	-0.000662239
-1.872e-05	-2.08e-06	-0.000948416
-1.768e-05	-2.08e-06	-0.00185311
-1.664e-05	-2.08e-06	-0.00900131
-1.56e-05	-2.08e-06	-0.021212
-1.456e-05	-2.08e-06	-0.02927
-1.352e-05	-2.08e-06	-0.0349056
-1.248e-05	-2.08e-06	-0.0388208
-1.144e-05	-2.08e-06	-0.0413302
-1.04e-05	-2.08e-06	-0.0425758
-9.36e-06	-2.08e-06	-0.0426049
-8.32e-06	-2.08e-06	-0.041395
-7.28e-06	-2.08e-06	-0.0388485
-6.24e-06	-2.08e-06	-0.0347566
-5.2e-06	-2.08e-06	-0.0286998
-4.16e-06	-2.08e-06	-0.0197855
-3.12e-06	-2.08e-06	-0.00719998
-2.08e-06	-2.08e-06	0.00616332
-1.04e-06	-2.08e-06	0.0133672
0	-2.08e-06	0.00958937
1.04e-06	-2.08e-06	-0.0040468
2.08e-06	-2.08e-06	-0.0205539
3.12e-06	-2.08e-06	-0.0316244
4.16e-06	-2.08e-06	-0.0386593
5.2e-06	-2.08e-06	-0.0437015
6.24e-06	-2.08e-06	-0.0471963
7.28e-06	-2.08e-06	-0.0493424
8.32e-06	-2.08e-06	-0.0502428
9.36e-06	-2.08e-06	-0.0499412
1.04e-05	-2.08e-06	-0.0484323
1.144e-05	-2.08e-06	-0.0456557
1.248e-05	-2.08e-06	-0.0414676
1.352e-05	-2.08e-06	-0.0355667
1.456e-05	-2.08e-06	-0.0273018
1.56e-05	-2.08e-06	-0.0151161
1.664e-05	-2.08e-06	-0.00337454
1.768e-05	-2.08e-06	-0.0013594
1.872e-05	-2.08e-06	-0.00110977
1.976e-05	-2.08e-06	-0.00130333

-1.976e-05	-3.12e-06	-0.0071823
-1.872e-05	-3.12e-06	-0.00958986
-1.768e-05	-3.12e-06	-0.0125831
-1.664e-05	-3.12e-06	-0.0180413
-1.56e-05	-3.12e-06	-0.0253371
-1.456e-05	-3.12e-06	-0.0316352
-1.352e-05	-3.12e-06	-0.0365481
-1.248e-05	-3.12e-06	-0.0401352
-1.144e-05	-3.12e-06	-0.0424945
-1.04e-05	-3.12e-06	-0.0436891
-9.36e-06	-3.12e-06	-0.043741
-8.32e-06	-3.12e-06	-0.0426325
-7.28e-06	-3.12e-06	-0.0403038
-6.24e-06	-3.12e-06	-0.036647
-5.2e-06	-3.12e-06	-0.031509
-4.16e-06	-3.12e-06	-0.0247702
-3.12e-06	-3.12e-06	-0.0168155
-2.08e-06	-3.12e-06	-0.00954926
-1.04e-06	-3.12e-06	-0.00609034
0	-3.12e-06	-0.00850198
1.04e-06	-3.12e-06	-0.0161368
2.08e-06	-3.12e-06	-0.025835
3.12e-06	-3.12e-06	-0.0341449
4.16e-06	-3.12e-06	-0.0404539
5.2e-06	-3.12e-06	-0.0451368
6.24e-06	-3.12e-06	-0.0484301
7.28e-06	-3.12e-06	-0.050467
8.32e-06	-3.12e-06	-0.051321
9.36e-06	-3.12e-06	-0.0510255
1.04e-05	-3.12e-06	-0.0495816
1.144e-05	-3.12e-06	-0.0469575
1.248e-05	-3.12e-06	-0.0430846
1.352e-05	-3.12e-06	-0.0378565
1.456e-05	-3.12e-06	-0.0311793
1.56e-05	-3.12e-06	-0.0232812
1.664e-05	-3.12e-06	-0.0162652
1.768e-05	-3.12e-06	-0.0128595
1.872e-05	-3.12e-06	-0.0115059
1.976e-05	-3.12e-06	-0.0114207

-1.976e-05	-4.16e-06	-0.0149436
-1.872e-05	-4.16e-06	-0.0174424
-1.768e-05	-4.16e-06	-0.0205815
-1.664e-05	-4.16e-06	-0.0248613
-1.56e-05	-4.16e-06	-0.0299229
-1.456e-05	-4.16e-06	-0.0347154
-1.352e-05	-4.16e-06	-0.0387416
-1.248e-05	-4.16e-06	-0.0418271
-1.144e-05	-4.16e-06	-0.0439231
-1.04e-05	-4.16e-06	-0.0450193
-9.36e-06	-4.16e-06	-0.0451106
-8.32e-06	-4.16e-06	-0.0441868
-7.28e-06	-4.16e-06	-0.0422332
-6.24e-06	-4.16e-06	-0.0392421
-5.2e-06	-4.16e-06	-0.0352513
-4.16e-06	-4.16e-06	-0.030446
-3.12e-06	-4.16e-06	-0.0253864
-2.08e-06	-4.16e-06	-0.0212521
-1.04e-06	-4.16e-06	-0.0195482
0	-4.16e-06	-0.02119
1.04e-06	-4.16e-06	-0.0258215
2.08e-06	-4.16e-06	-0.0319569
3.12e-06	-4.16e-06	-0.0379428
4.16e-06	-4.16e-06	-0.0430172
5.2e-06	-4.16e-06	-0.0470052
6.24e-06	-4.16e-06	-0.049894
7.28e-06	-4.16e-06	-0.0517052
8.32e-06	-4.16e-06	-0.0524611
9.36e-06	-4.16e-06	-0.052177
1.04e-05	-4.16e-06	-0.0508603
1.144e-05	-4.16e-06	-0.0485133
1.248e-05	-4.16e-06	-0.0451438
1.352e-05	-4.16e-06	-0.0407933
1.456e-05	-4.16e-06	-0.0356171
1.56e-05	-4.16e-06	-0.030071
1.664e-05	-4.16e-06	-0.0252009
1.768e-05	-4.16e-06	-0.022035
1.872e-05	-4.16e-06	-0.0203898
1.976e-05	-4.16e-06	-0.0199693

-1.976e-05	-5.2e-06	-0.022171
-1.872e-05	-5.2e-06	-0.0242852
-1.768e-05	-5.2e-06	-0.0270029
-1.664e-05	-5.2e-06	-0.0303726
-1.56e-05	-5.2e-06	-0.0341438
-1.456e-05	-5.2e-06	-0.0378263
-1.352e-05	-5.2e-06	-0.041055
-1.248e-05	-5.2e-06	-0.043622
-1.144e-05	-5.2e-06	-0.0454208
-1.04e-05	-5.2e-06	-0.0464005
-9.36e-06	-5.2e-06	-0.0465393
-8.32e-06	-5.2e-06	-0.0458346
-7.28e-06	-5.2e-06	-0.0443051
-6.24e-06	-5.2e-06	-0.0420054
-5.2e-06	-5.2e-06	-0.039061
-4.16e-06	-5.2e-06	-0.035731
-3.12e-06	-5.2e-06	-0.0324939
-2.08e-06	-5.2e-06	-0.0300742
-1.04e-06	-5.2e-06	-0.0292463
0	-5.2e-06	-0.0304391
1.04e-06	-5.2e-06	-0.0334554
2.08e-06	-5.2e-06	-0.0375509
3.12e-06	-5.2e-06	-0.0418482
4.16e-06	-5.2e-06	-0.0457555
5.2e-06	-5.2e-06	-0.0489768
6.24e-06	-5.2e-06	-0.0513783
7.28e-06	-5.2e-06	-0.0529029
8.32e-06	-5.2e-06	-0.0535296
9.36e-06	-5.2e-06	-0.0532556
1.04e-05	-5.2e-06	-0.0520915
1.144e-05	-5.2e-06	-0.0500638
1.248e-05	-5.2e-06	-0.0472272
1.352e-05	-5.2e-06	-0.0436914
1.456e-05	-5.2e-06	-0.03967
1.56e-05	-5.2e-06	-0.0355477
1.664e-05	-5.2e-06	-0.0318983
1.768e-05	-5.2e-06	-0.029223
1.872e-05	-5.2e-06	-0.027617
1.976e-05	-5.2e-06	-0.0270087

-1.976e-05	-6.24e-06	-0.0283506
-1.872e-05	-6.24e-06	-0.0300097
-1.768e-05	-6.24e-06	-0.0322003
-1.664e-05	-6.24e-06	-0.0348387
-1.56e-05	-6.24e-06	-0.0377301
-1.456e-05	-6.24e-06	-0.0405892
-1.352e-05	-6.24e-06	-0.0431603
-1.248e-05	-6.24e-06	-0.0452607
-1.144e-05	-6.24e-06	-0.0467752
-1.04e-05	-6.24e-06	-0.0476393
-9.36e-06	-6.24e-06	-0.0478252
-8.32e-06	-6.24e-06	-0.0473361
-7.28e-06	-6.24e-06	-0.0462083
-6.24e-06	-6.24e-06	-0.0445233
-5.2e-06	-6.24e-06	-0.0424284
-4.16e-06	-6.24e-06	-0.0401661
-3.12e-06	-6.24e-06	-0.0380956
-2.08e-06	-6.24e-06	-0.0366672
-1.04e-06	-6.24e-06	-0.0363039
0	-6.24e-06	-0.0372198
1.04e-06	-6.24e-06	-0.039301
2.08e-06	-6.24e-06	-0.0421476
3.12e-06	-6.24e-06	-0.0452567
4.16e-06	-6.24e-06	-0.0482103
5.2e-06	-6.24e-06	-0.0507305
6.24e-06	-6.24e-06	-0.0526507
7.28e-06	-6.24e-06	-0.0538776
8.32e-06	-6.24e-06	-0.0543644
9.36e-06	-6.24e-06	-0.0540958
1.04e-05	-6.24e-06	-0.0530824
1.144e-05	-6.24e-06	-0.0513622
1.248e-05	-6.24e-06	-0.0490092
1.352e-05	-6.24e-06	-0.0461494
1.456e-05	-6.24e-06	-0.0429829
1.56e-05	-6.24e-06	-0.0397983
1.664e-05	-6.24e-06	-0.0369457
1.768e-05	-6.24e-06	-0.0347225
1.872e-05	-6.24e-06	-0.0332612
1.976e-05	-6.24e-06	-0.0325768

-1.976e-05	-7.28e-06	-0.0333217
-1.872e-05	-7.28e-06	-0.0345669
-1.768e-05	-7.28e-06	-0.0362674
-1.664e-05	-7.28e-06	-0.0383137
-1.56e-05	-7.28e-06	-0.0405491
-1.456e-05	-7.28e-06	-0.0427801
-1.352e-05	-7.28e-06	-0.0448218
-1.248e-05	-7.28e-06	-0.0465261
-1.144e-05	-7.28e-06	-0.0477889
-1.04e-05	-7.28e-06	-0.0485469
-9.36e-06	-7.28e-06	-0.0487728
-8.32e-06	-7.28e-06	-0.048473
-7.28e-06	-7.28e-06	-0.0476897
-6.24e-06	-7.28e-06	-0.0465077
-5.2e-06	-7.28e-06	-0.0450643
-4.16e-06	-7.28e-06	-0.0435583
-3.12e-06	-7.28e-06	-0.0422477
-2.08e-06	-7.28e-06	-0.0414182
-1.04e-06	-7.28e-06	-0.0413132
0	-7.28e-06	-0.0420463
1.04e-06	-7.28e-06	-0.0435484
2.08e-06	-7.28e-06	-0.0455889
3.12e-06	-7.28e-06	-0.0478615
4.16e-06	-7.28e-06	-0.0500769
5.2e-06	-7.28e-06	-0.0520092
6.24e-06	-7.28e-06	-0.0535007
7.28e-06	-7.28e-06	-0.0544507
8.32e-06	-7.28e-06	-0.0548026
9.36e-06	-7.28e-06	-0.0545345
1.04e-05	-7.28e-06	-0.0536553
1.144e-05	-7.28e-06	-0.0522051
1.248e-05	-7.28e-06	-0.0502593
1.352e-05	-7.28e-06	-0.0479363
1.456e-05	-7.28e-06	-0.0454032
1.56e-05	-7.28e-06	-0.0428736
1.664e-05	-7.28e-06	-0.0405808
1.768e-05	-7.28e-06	-0.0387244
1.872e-05	-7.28e-06	-0.0374237
1.976e-05	-7.28e-06	-0.0367223

-1.976e-05	-8.32e-06	-0.0370383
-1.872e-05	-8.32e-06	-0.0379364
-1.768e-05	-8.32e-06	-0.0392202
-1.664e-05	-8.32e-06	-0.0407878
-1.56e-05	-8.32e-06	-0.0425132
-1.456e-05	-8.32e-06	-0.0442537
-1.352e-05	-8.32e-06	-0.0458708
-1.248e-05	-8.32e-06	-0.047247
-1.144e-05	-8.32e-06	-0.0482947
-1.04e-05	-8.32e-06	-0.048958
-9.36e-06	-8.32e-06	-0.0492127
-8.32e-06	-8.32e-06	-0.0490662
-7.28e-06	-8.32e-06	-0.0485592
-6.24e-06	-8.32e-06	-0.0477679
-5.2e-06	-8.32e-06	-0.0468077
-4.16e-06	-8.32e-06	-0.0458322
-3.12e-06	-8.32e-06	-0.0450236
-2.08e-06	-8.32e-06	-0.0445669
-1.04e-06	-8.32e-06	-0.0446089
0	-8.32e-06	-0.045213
1.04e-06	-8.32e-06	-0.0463345
2.08e-06	-8.32e-06	-0.0478319
3.12e-06	-8.32e-06	-0.0495094
4.16e-06	-8.32e-06	-0.0511656
5.2e-06	-8.32e-06	-0.0526266
6.24e-06	-8.32e-06	-0.0537585
7.28e-06	-8.32e-06	-0.0544682
8.32e-06	-8.32e-06	-0.0546995
9.36e-06	-8.32e-06	-0.0544286
1.04e-05	-8.32e-06	-0.0536623
1.144e-05	-8.32e-06	-0.0524373
1.248e-05	-8.32e-06	-0.0508217
1.352e-05	-8.32e-06	-0.0489173
1.456e-05	-8.32e-06	-0.0468581
1.56e-05	-8.32e-06	-0.0448036
1.664e-05	-8.32e-06	-0.0429195
1.768e-05	-8.32e-06	-0.0413499
1.872e-05	-8.32e-06	-0.0401938
1.976e-05	-8.32e-06	-0.0395008

-1.976e-05	-9.36e-06	-0.0395003
-1.872e-05	-9.36e-06	-0.0401164
-1.768e-05	-9.36e-06	-0.041058
-1.664e-05	-9.36e-06	-0.0422399
-1.56e-05	-9.36e-06	-0.0435613
-1.456e-05	-9.36e-06	-0.0449131
-1.352e-05	-9.36e-06	-0.0461887
-1.248e-05	-9.36e-06	-0.0472954
-1.144e-05	-9.36e-06	-0.0481615
-1.04e-05	-9.36e-06	-0.0487401
-9.36e-06	-9.36e-06	-0.0490108
-8.32e-06	-9.36e-06	-0.0489804
-7.28e-06	-9.36e-06	-0.0486839
-6.24e-06	-9.36e-06	-0.0481849
-5.2e-06	-9.36e-06	-0.0475746
-4.16e-06	-9.36e-06	-0.0469681
-3.12e-06	-9.36e-06	-0.0464933
-2.08e-06	-9.36e-06	-0.0462725
-1.04e-06	-9.36e-06	-0.0463973
0	-9.36e-06	-0.0469042
1.04e-06	-9.36e-06	-0.0477628
2.08e-06	-9.36e-06	-0.0488814
3.12e-06	-9.36e-06	-0.0501295
4.16e-06	-9.36e-06	-0.0513653
5.2e-06	-9.36e-06	-0.0524579
6.24e-06	-9.36e-06	-0.0532993
7.28e-06	-9.36e-06	-0.05381
8.32e-06	-9.36e-06	-0.0539394
9.36e-06	-9.36e-06	-0.0536648
1.04e-05	-9.36e-06	-0.0529909
1.144e-05	-9.36e-06	-0.0519488
1.248e-05	-9.36e-06	-0.0505962
1.352e-05	-9.36e-06	-0.0490164
1.456e-05	-9.36e-06	-0.0473153
1.56e-05	-9.36e-06	-0.0456137
1.664e-05	-9.36e-06	-0.0440343
1.768e-05	-9.36e-06	-0.0426858
1.872e-05	-9.36e-06	-0.041649
1.976e-05	-9.36e-06	-0.0409718

-1.976e-05	-1.04e-05	-0.0407312
-1.872e-05	-1.04e-05	-0.0411209
-1.768e-05	-1.04e-05	-0.0417856
-1.664e-05	-1.04e-05	-0.0426572
-1.56e-05	-1.04e-05	-0.0436561
-1.456e-05	-1.04e-05	-0.044697
-1.352e-05	-1.04e-05	-0.0456968
-1.248e-05	-1.04e-05	-0.0465822
-1.144e-05	-1.04e-05	-0.0472952
-1.04e-05	-1.04e-05	-0.0477974
-9.36e-06	-1.04e-05	-0.0480715
-8.32e-06	-1.04e-05	-0.0481228
-7.28e-06	-1.04e-05	-0.0479796
-6.24e-06	-1.04e-05	-0.047692
-5.2e-06	-1.04e-05	-0.0473297
-4.16e-06	-1.04e-05	-0.0469771
-3.12e-06	-1.04e-05	-0.0467239
-2.08e-06	-1.04e-05	-0.0466521
-1.04e-06	-1.04e-05	-0.0468202
0	-1.04e-05	-0.0472499
1.04e-06	-1.04e-05	-0.047919
2.08e-06	-1.04e-05	-0.0487655
3.12e-06	-1.04e-05	-0.0496995
4.16e-06	-1.04e-05	-0.0506199
5.2e-06	-1.04e-05	-0.0514287
6.24e-06	-1.04e-05	-0.0520413
7.28e-06	-1.04e-05	-0.0523929
8.32e-06	-1.04e-05	-0.0524402
9.36e-06	-1.04e-05	-0.0521633
1.04e-05	-1.04e-05	-0.0515648
1.144e-05	-1.04e-05	-0.05067
1.248e-05	-1.04e-05	-0.0495256
1.352e-05	-1.04e-05	-0.0481982
1.456e-05	-1.04e-05	-0.0467705
1.56e-05	-1.04e-05	-0.045335
1.664e-05	-1.04e-05	-0.0439852
1.768e-05	-1.04e-05	-0.0428054
1.872e-05	-1.04e-05	-0.0418622
1.976e-05	-1.04e-05	-0.0411993

-1.976e-05	-1.144e-05	-0.0407707
-1.872e-05	-1.144e-05	-0.0409789
-1.768e-05	-1.144e-05	-0.0414209
-1.664e-05	-1.144e-05	-0.0420434
-1.56e-05	-1.144e-05	-0.0427837
-1.456e-05	-1.144e-05	-0.0435747
-1.352e-05	-1.144e-05	-0.044351
-1.248e-05	-1.144e-05	-0.0450542
-1.144e-05	-1.144e-05	-0.0456377
-1.04e-05	-1.144e-05	-0.0460699
-9.36e-06	-1.144e-05	-0.0463362
-8.32e-06	-1.144e-05	-0.0464401
-7.28e-06	-1.144e-05	-0.046403
-6.24e-06	-1.144e-05	-0.0462631
-5.2e-06	-1.144e-05	-0.0460721
-4.16e-06	-1.144e-05	-0.0458912
-3.12e-06	-1.144e-05	-0.0457831
-2.08e-06	-1.144e-05	-0.0458032
-1.04e-06	-1.144e-05	-0.0459896
0	-1.144e-05	-0.0463549
1.04e-06	-1.144e-05	-0.0468824
2.08e-06	-1.144e-05	-0.0475287
3.12e-06	-1.144e-05	-0.0482301
4.16e-06	-1.144e-05	-0.0489135
5.2e-06	-1.144e-05	-0.0495058
6.24e-06	-1.144e-05	-0.0499418
7.28e-06	-1.144e-05	-0.0501697
8.32e-06	-1.144e-05	-0.0501542
9.36e-06	-1.144e-05	-0.049878
1.04e-05	-1.144e-05	-0.0493425
1.144e-05	-1.144e-05	-0.0485671
1.248e-05	-1.144e-05	-0.0475886
1.352e-05	-1.144e-05	-0.046459
1.456e-05	-1.144e-05	-0.0452424
1.56e-05	-1.144e-05	-0.04401
1.664e-05	-1.144e-05	-0.042834
1.768e-05	-1.144e-05	-0.0417815
1.872e-05	-1.144e-05	-0.040908
1.976e-05	-1.144e-05	-0.0402536

-1.976e-05	-1.248e-05	-0.0396724
-1.872e-05	-1.248e-05	-0.0397347
-1.768e-05	-1.248e-05	-0.0399981
-1.664e-05	-1.248e-05	-0.040421
-1.56e-05	-1.248e-05	-0.0409539
-1.456e-05	-1.248e-05	-0.0415438
-1.352e-05	-1.248e-05	-0.0421385
-1.248e-05	-1.248e-05	-0.0426913
-1.144e-05	-1.248e-05	-0.0431645
-1.04e-05	-1.248e-05	-0.043532
-9.36e-06	-1.248e-05	-0.0437814
-8.32e-06	-1.248e-05	-0.0439143
-7.28e-06	-1.248e-05	-0.0439461
-6.24e-06	-1.248e-05	-0.0439048
-5.2e-06	-1.248e-05	-0.0438283
-4.16e-06	-1.248e-05	-0.04376
-3.12e-06	-1.248e-05	-0.0437439
-2.08e-06	-1.248e-05	-0.0438174
-1.04e-06	-1.248e-05	-0.0440055
0	-1.248e-05	-0.0443153
1.04e-06	-1.248e-05	-0.0447338
2.08e-06	-1.248e-05	-0.0452295
3.12e-06	-1.248e-05	-0.0457567
4.16e-06	-1.248e-05	-0.0462618
5.2e-06	-1.248e-05	-0.0466902
6.24e-06	-1.248e-05	-0.0469921
7.28e-06	-1.248e-05	-0.0471268
8.32e-06	-1.248e-05	-0.047066
9.36e-06	-1.248e-05	-0.0467952
1.04e-05	-1.248e-05	-0.0463144
1.144e-05	-1.248e-05	-0.0456381
1.248e-05	-1.248e-05	-0.0447943
1.352e-05	-1.248e-05	-0.0438225
1.456e-05	-1.248e-05	-0.0427715
1.56e-05	-1.248e-05	-0.0416958
1.664e-05	-1.248e-05	-0.0406517
1.768e-05	-1.248e-05	-0.0396931
1.872e-05	-1.248e-05	-0.0388677
1.976e-05	-1.248e-05	-0.0382137

-1.976e-05	-1.352e-05	-0.0375028
-1.872e-05	-1.352e-05	-0.0374475
-1.768e-05	-1.352e-05	-0.0375681
-1.664e-05	-1.352e-05	-0.0378319
-1.56e-05	-1.352e-05	-0.0381994
-1.456e-05	-1.352e-05	-0.0386277
-1.352e-05	-1.352e-05	-0.039075
-1.248e-05	-1.352e-05	-0.0395034
-1.144e-05	-1.352e-05	-0.0398821
-1.04e-05	-1.352e-05	-0.0401898
-9.36e-06	-1.352e-05	-0.0404154
-8.32e-06	-1.352e-05	-0.0405589
-7.28e-06	-1.352e-05	-0.040631
-6.24e-06	-1.352e-05	-0.0406515
-5.2e-06	-1.352e-05	-0.0406474
-4.16e-06	-1.352e-05	-0.0406495
-3.12e-06	-1.352e-05	-0.0406881
-2.08e-06	-1.352e-05	-0.0407886
-1.04e-06	-1.352e-05	-0.0409673
0	-1.352e-05	-0.0412279
1.04e-06	-1.352e-05	-0.04156
2.08e-06	-1.352e-05	-0.0419404
3.12e-06	-1.352e-05	-0.0423357
4.16e-06	-1.352e-05	-0.0427065
5.2e-06	-1.352e-05	-0.0430117
6.24e-06	-1.352e-05	-0.0432137
7.28e-06	-1.352e-05	-0.0432808
8.32e-06	-1.352e-05	-0.0431905
9.36e-06	-1.352e-05	-0.0429307
1.04e-05	-1.352e-05	-0.0425004
1.144e-05	-1.352e-05	-0.0419096
1.248e-05	-1.352e-05	-0.0411786
1.352e-05	-1.352e-05	-0.0403364
1.456e-05	-1.352e-05	-0.0394189
1.56e-05	-1.352e-05	-0.0384666
1.664e-05	-1.352e-05	-0.0375225
1.768e-05	-1.352e-05	-0.0366303
1.872e-05	-1.352e-05	-0.0358326
1.976e-05	-1.352e-05	-0.0351679

-1.976e-05	-1.456e-05	-0.034341
-1.872e-05	-1.456e-05	-0.0341909
-1.768e-05	-1.456e-05	-0.0341987
-1.664e-05	-1.456e-05	-0.0343376
-1.56e-05	-1.456e-05	-0.0345746
-1.456e-05	-1.456e-05	-0.0348743
-1.352e-05	-1.456e-05	-0.0352023
-1.248e-05	-1.456e-05	-0.0355279
-1.144e-05	-1.456e-05	-0.0358258
-1.04e-05	-1.456e-05	-0.0360781
-9.36e-06	-1.456e-05	-0.0362752
-8.32e-06	-1.456e-05	-0.0364156
-7.28e-06	-1.456e-05	-0.0365064
-6.24e-06	-1.456e-05	-0.0365613
-5.2e-06	-1.456e-05	-0.036599
-4.16e-06	-1.456e-05	-0.036641
-3.12e-06	-1.456e-05	-0.0367081
-2.08e-06	-1.456e-05	-0.0368174
-1.04e-06	-1.456e-05	-0.0369792
0	-1.456e-05	-0.0371952
1.04e-06	-1.456e-05	-0.0374572
2.08e-06	-1.456e-05	-0.0377478
3.12e-06	-1.456e-05	-0.0380423
4.16e-06	-1.456e-05	-0.0383116
5.2e-06	-1.456e-05	-0.0385252
6.24e-06	-1.456e-05	-0.0386544
7.28e-06	-1.456e-05	-0.0386751
8.32e-06	-1.456e-05	-0.0385693
9.36e-06	-1.456e-05	-0.038327
1.04e-05	-1.456e-05	-0.0379463
1.144e-05	-1.456e-05	-0.0374333
1.248e-05	-1.456e-05	-0.0368017
1.352e-05	-1.456e-05	-0.036071
1.456e-05	-1.456e-05	-0.0352658
1.56e-05	-1.456e-05	-0.034414
1.664e-05	-1.456e-05	-0.0335462
1.768e-05	-1.456e-05	-0.0326969
1.872e-05	-1.456e-05	-0.0319052
1.976e-05	-1.456e-05	-0.0312143

-1.976e-05	-1.56e-05	-0.0302766
-1.872e-05	-1.56e-05	-0.0300517
-1.768e-05	-1.56e-05	-0.0299737
-1.664e-05	-1.56e-05	-0.0300177
-1.56e-05	-1.56e-05	-0.0301543
-1.456e-05	-1.56e-05	-0.0303534
-1.352e-05	-1.56e-05	-0.0305862
-1.248e-05	-1.56e-05	-0.0308273
-1.144e-05	-1.56e-05	-0.0310559
-1.04e-05	-1.56e-05	-0.0312573
-9.36e-06	-1.56e-05	-0.0314227
-8.32e-06	-1.56e-05	-0.0315504
-7.28e-06	-1.56e-05	-0.0316442
-6.24e-06	-1.56e-05	-0.0317134
-5.2e-06	-1.56e-05	-0.0317709
-4.16e-06	-1.56e-05	-0.0318311
-3.12e-06	-1.56e-05	-0.0319082
-2.08e-06	-1.56e-05	-0.0320134
-1.04e-06	-1.56e-05	-0.0321534
0	-1.56e-05	-0.0323284
1.04e-06	-1.56e-05	-0.032532
2.08e-06	-1.56e-05	-0.0327513
3.12e-06	-1.56e-05	-0.032968
4.16e-06	-1.56e-05	-0.0331607
5.2e-06	-1.56e-05	-0.0333067
6.24e-06	-1.56e-05	-0.0333847
7.28e-06	-1.56e-05	-0.0333762
8.32e-06	-1.56e-05	-0.0332673
9.36e-06	-1.56e-05	-0.0330495
1.04e-05	-1.56e-05	-0.0327203
1.144e-05	-1.56e-05	-0.0322825
1.248e-05	-1.56e-05	-0.0317439
1.352e-05	-1.56e-05	-0.0311158
1.456e-05	-1.56e-05	-0.0304121
1.56e-05	-1.56e-05	-0.029648
1.664e-05	-1.56e-05	-0.0288407
1.768e-05	-1.56e-05	-0.0280132
1.872e-05	-1.56e-05	-0.0272008
1.976e-05	-1.56e-05	-0.0264583

-1.976e-05	-1.664e-05	-0.0254081
-1.872e-05	-1.664e-05	-0.0251289
-1.768e-05	-1.664e-05	-0.0249916
-1.664e-05	-1.664e-05	-0.024969
-1.56e-05	-1.664e-05	-0.0250326
-1.456e-05	-1.664e-05	-0.0251557
-1.352e-05	-1.664e-05	-0.0253137
-1.248e-05	-1.664e-05	-0.0254859
-1.144e-05	-1.664e-05	-0.0256553
-1.04e-05	-1.664e-05	-0.0258099
-9.36e-06	-1.664e-05	-0.0259423
-8.32e-06	-1.664e-05	-0.0260504
-7.28e-06	-1.664e-05	-0.0261361
-6.24e-06	-1.664e-05	-0.0262054
-5.2e-06	-1.664e-05	-0.0262667
-4.16e-06	-1.664e-05	-0.0263298
-3.12e-06	-1.664e-05	-0.0264039
-2.08e-06	-1.664e-05	-0.0264963
-1.04e-06	-1.664e-05	-0.0266112
0	-1.664e-05	-0.026748
1.04e-06	-1.664e-05	-0.0269019
2.08e-06	-1.664e-05	-0.0270633
3.12e-06	-1.664e-05	-0.0272191
4.16e-06	-1.664e-05	-0.0273536
5.2e-06	-1.664e-05	-0.0274505
6.24e-06	-1.664e-05	-0.0274941
7.28e-06	-1.664e-05	-0.0274705
8.32e-06	-1.664e-05	-0.0273692
9.36e-06	-1.664e-05	-0.0271833
1.04e-05	-1.664e-05	-0.0269095
1.144e-05	-1.664e-05	-0.0265484
1.248e-05	-1.664e-05	-0.0261028
1.352e-05	-1.664e-05	-0.025577
1.456e-05	-1.664e-05	-0.0249744
1.56e-05	-1.664e-05	-0.0242969
1.664e-05	-1.664e-05	-0.0235443
1.768e-05	-1.664e-05	-0.0227206
1.872e-05	-1.664e-05	-0.0218503
1.976e-05	-1.664e-05	-0.0210072

-1.976e-05	-1.768e-05	-0.0198383
-1.872e-05	-1.768e-05	-0.0195316
-1.768e-05	-1.768e-05	-0.0193653
-1.664e-05	-1.768e-05	-0.0193048
-1.56e-05	-1.768e-05	-0.0193212
-1.456e-05	-1.768e-05	-0.0193899
-1.352e-05	-1.768e-05	-0.0194907
-1.248e-05	-1.768e-05	-0.0196071
-1.144e-05	-1.768e-05	-0.0197259
-1.04e-05	-1.768e-05	-0.0198376
-9.36e-06	-1.768e-05	-0.0199366
-8.32e-06	-1.768e-05	-0.0200206
-7.28e-06	-1.768e-05	-0.0200906
-6.24e-06	-1.768e-05	-0.02015
-5.2e-06	-1.768e-05	-0.0202042
-4.16e-06	-1.768e-05	-0.0202595
-3.12e-06	-1.768e-05	-0.0203217
-2.08e-06	-1.768e-05	-0.0203954
-1.04e-06	-1.768e-05	-0.020483
0	-1.768e-05	-0.0205838
1.04e-06	-1.768e-05	-0.0206942
2.08e-06	-1.768e-05	-0.0208076
3.12e-06	-1.768e-05	-0.0209146
4.16e-06	-1.768e-05	-0.0210046
5.2e-06	-1.768e-05	-0.0210661
6.24e-06	-1.768e-05	-0.0210879
7.28e-06	-1.768e-05	-0.0210605
8.32e-06	-1.768e-05	-0.0209759
9.36e-06	-1.768e-05	-0.0208287
1.04e-05	-1.768e-05	-0.0206159
1.144e-05	-1.768e-05	-0.0203362
1.248e-05	-1.768e-05	-0.019989
1.352e-05	-1.768e-05	-0.0195728
1.456e-05	-1.768e-05	-0.0190826
1.56e-05	-1.768e-05	-0.0185059
1.664e-05	-1.768e-05	-0.01782
1.768e-05	-1.768e-05	-0.0169934
1.872e-05	-1.768e-05	-0.0160094
1.976e-05	-1.768e-05	-0.0149524

-1.976e-05	-1.872e-05	-0.0136706
-1.872e-05	-1.872e-05	-0.0133799
-1.768e-05	-1.872e-05	-0.0132227
-1.664e-05	-1.872e-05	-0.0131549
-1.56e-05	-1.872e-05	-0.0131478
-1.456e-05	-1.872e-05	-0.0131811
-1.352e-05	-1.872e-05	-0.0132393
-1.248e-05	-1.872e-05	-0.0133104
-1.144e-05	-1.872e-05	-0.0133854
-1.04e-05	-1.872e-05	-0.0134578
-9.36e-06	-1.872e-05	-0.0135235
-8.32e-06	-1.872e-05	-0.0135807
-7.28e-06	-1.872e-05	-0.0136298
-6.24e-06	-1.872e-05	-0.0136728
-5.2e-06	-1.872e-05	-0.0137126
-4.16e-06	-1.872e-05	-0.013753
-3.12e-06	-1.872e-05	-0.0137974
-2.08e-06	-1.872e-05	-0.0138485
-1.04e-06	-1.872e-05	-0.0139075
0	-1.872e-05	-0.0139738
1.04e-06	-1.872e-05	-0.0140452
2.08e-06	-1.872e-05	-0.0141172
3.12e-06	-1.872e-05	-0.0141841
4.16e-06	-1.872e-05	-0.014239
5.2e-06	-1.872e-05	-0.0142748
6.24e-06	-1.872e-05	-0.0142843
7.28e-06	-1.872e-05	-0.0142613
8.32e-06	-1.872e-05	-0.0142006
9.36e-06	-1.872e-05	-0.0140985
1.04e-05	-1.872e-05	-0.0139524
1.144e-05	-1.872e-05	-0.0137604
1.248e-05	-1.872e-05	-0.0135205
1.352e-05	-1.872e-05	-0.013228
1.456e-05	-1.872e-05	-0.0128728
1.56e-05	-1.872e-05	-0.012432
1.664e-05	-1.872e-05	-0.0118588
1.768e-05	-1.872e-05	-0.0110634
1.872e-05	-1.872e-05	-0.00990229
1.976e-05	-1.872e-05	-0.00831201

-1.976e-05	-1.976e-05	-0.00701032
-1.872e-05	-1.976e-05	-0.00681124
-1.768e-05	-1.976e-05	-0.00671041
-1.664e-05	-1.976e-05	-0.00666555
-1.56e-05	-1.976e-05	-0.00665562
-1.456e-05	-1.976e-05	-0.00666807
-1.352e-05	-1.976e-05	-0.00669425
-1.248e-05	-1.976e-05	-0.00672782
-1.144e-05	-1.976e-05	-0.00676404
-1.04e-05	-1.976e-05	-0.00679956
-9.36e-06	-1.976e-05	-0.00683227
-8.32e-06	-1.976e-05	-0.00686121
-7.28e-06	-1.976e-05	-0.00688646
-6.24e-06	-1.976e-05	-0.00690886
-5.2e-06	-1.976e-05	-0.00692984
-4.16e-06	-1.976e-05	-0.00695106
-3.12e-06	-1.976e-05	-0.00697412
-2.08e-06	-1.976e-05	-0.0070002
-1.04e-06	-1.976e-05	-0.00702985
0	-1.976e-05	-0.00706278
1.04e-06	-1.976e-05	-0.00709777
2.08e-06	-1.976e-05	-0.00713274
3.12e-06	-1.976e-05	-0.00716487
4.16e-06	-1.976e-05	-0.00719086
5.2e-06	-1.976e-05	-0.0072072
6.24e-06	-1.976e-05	-0.00721045
7.28e-06	-1.976e-05	-0.00719753
8.32e-06	-1.976e-05	-0.00716588
9.36e-06	-1.976e-05	-0.00711355
1.04e-05	-1.976e-05	-0.00703906
1.144e-05	-1.976e-05	-0.00694113
1.248e-05	-1.976e-05	-0.00681795
1.352e-05	-1.976e-05	-0.00666573
1.456e-05	-1.976e-05	-0.0064757
1.56e-05	-1.976e-05	-0.00622709
1.664e-05	-1.976e-05	-0.00586871
1.768e-05	-1.976e-05	-0.00526455
1.872e-05	-1.976e-05	-0.00401456
1.976e-05	-1.976e-05	-0.000806329
