-2.32e-05	-2.32e-05	2.71038e-16
-2.204e-05	-2.32e-05	5.08951e-17
-2.088e-05	-2.32e-05	6.89695e-17
-1.972e-05	-2.32e-05	9.63222e-17
-1.856e-05	-2.32e-05	7.49057e-17
-1.74e-05	-2.32e-05	-3.38843e-17
-1.624e-05	-2.32e-05	1.61861e-17
-1.508e-05	-2.32e-05	1.11734e-17
-1.392e-05	-2.32e-05	9.02433e-18
-1.276e-05	-2.32e-05	-2.34793e-17
-1.16e-05	-2.32e-05	-4.80436e-18
-1.044e-05	-2.32e-05	-2.2066e-17
-9.28e-06	-2.32e-05	1.63151e-17
-8.12e-06	-2.32e-05	-2.11338e-17
-6.96e-06	-2.32e-05	-1.39268e-17
-5.8e-06	-2.32e-05	-2.41086e-17
-4.64e-06	-2.32e-05	3.3902e-18
-3.48e-06	-2.32e-05	-9.33399e-18
-2.32e-06	-2.32e-05	5.62156e-19
-1.16e-06	-2.32e-05	3.22519e-18
0	-2.32e-05	8.49561e-18
1.16e-06	-2.32e-05	1.04195e-17
2.32e-06	-2.32e-05	2.69837e-17
3.48e-06	-2.32e-05	-6.67522e-18
4.64e-06	-2.32e-05	-3.58961e-19
5.8e-06	-2.32e-05	-1.23564e-17
6.96e-06	-2.32e-05	-1.50153e-17
8.12e-06	-2.32e-05	7.53186e-18
9.28e-06	-2.32e-05	-1.33585e-17
1.044e-05	-2.32e-05	4.98158e-18
1.16e-05	-2.32e-05	3.21598e-17
1.276e-05	-2.32e-05	-2.31013e-17
1.392e-05	-2.32e-05	5.56548e-17
1.508e-05	-2.32e-05	3.06853e-17
1.624e-05	-2.32e-05	3.44929e-17
1.74e-05	-2.32e-05	-7.25773e-18
1.856e-05	-2.32e-05	-5.42655e-17
1.972e-05	-2.32e-05	6.5088e-18
2.088e-05	-2.32e-05	2.95728e-17
2.204e-05	-2.32e-05	6.92449e-18
-2.32e-05	-2.204e-05	-5.68162e-17
-2.204e-05	-2.204e-05	-2.26081e-17
-2.088e-05	-2.204e-05	1.13503e-16
-1.972e-05	-2.204e-05	3.98782e-17
-1.856e-05	-2.204e-05	-4.69594e-17
-1.74e-05	-2.204e-05	-2.73289e-17
-1.624e-05	-2.204e-05	-2.17419e-17
-1.508e-05	-2.204e-05	2.56548e-17
-1.392e-05	-2.204e-05	-2.86314e-17
-1.276e-05	-2.204e-05	2.43453e-17
-1.16e-05	-2.204e-05	5.50479e-18
-1.044e-05	-2.204e-05	-3.87974e-17
-9.28e-06	-2.204e-05	7.60523e-18
-8.12e-06	-2.204e-05	-8.769e-18
-6.96e-06	-2.204e-05	-1.55886e-17
-5.8e-06	-2.204e-05	5.22356e-17
-4.64e-06	-2.204e-05	-4.59811e-18
-3.48e-06	-2.204e-05	-6.55109e-17
-2.32e-06	-2.204e-05	8.52552e-17
-1.16e-06	-2.204e-05	3.57048e-18
0	-2.204e-05	1.11571e-17
1.16e-06	-2.204e-05	2.00277e-17
2.32e-06	-2.204e-05	-2.31914e-17
3.48e-06	-2.204e-05	-9.34212e-17
4.64e-06	-2.204e-05	7.14107e-17
5.8e-06	-2.204e-05	-7.78525e-17
6.96e-06	-2.204e-05	5.54446e-17
8.12e-06	-2.204e-05	7.41277e-17
9.28e-06	-2.204e-05	-3.65875e-17
1.044e-05	-2.204e-05	-3.80658e-17
1.16e-05	-2.204e-05	1.27216e-16
1.276e-05	-2.204e-05	5.94011e-16
1.392e-05	-2.204e-05	1.71485e-16
1.508e-05	-2.204e-05	2.92625e-16
1.624e-05	-2.204e-05	1.3811e-16
1.74e-05	-2.204e-05	1.83721e-16
1.856e-05	-2.204e-05	-2.91695e-16
1.972e-05	-2.204e-05	5.62341e-17
2.088e-05	-2.204e-05	-2.33966e-16
2.204e-05	-2.204e-05	1.19368e-16
-2.32e-05	-2.088e-05	-1.49986e-16
-2.204e-05	-2.088e-05	5.53737e-18
-2.088e-05	-2.088e-05	9.35073e-17
-1.972e-05	-2.088e-05	-6.31619e-17
-1.856e-05	-2.088e-05	-1.88034e-16
-1.74e-05	-2.088e-05	-1.39864e-16
-1.624e-05	-2.088e-05	3.84217e-18
-1.508e-05	-2.088e-05	1.7837e-17
-1.392e-05	-2.088e-05	3.75972e-18
-1.276e-05	-2.088e-05	2.49366e-17
-1.16e-05	-2.088e-05	7.26094e-18
-1.044e-05	-2.088e-05	5.30908e-18
-9.28e-06	-2.088e-05	-2.71085e-17
-8.12e-06	-2.088e-05	1.89297e-17
-6.96e-06	-2.088e-05	-2.78079e-17
-5.8e-06	-2.088e-05	3.15619e-18
-4.64e-06	-2.088e-05	-3.39072e-17
-3.48e-06	-2.088e-05	8.52547e-18
-2.32e-06	-2.088e-05	-4.77423e-18
-1.16e-06	-2.088e-05	1.16584e-17
0	-2.088e-05	-1.55502e-17
1.16e-06	-2.088e-05	3.08478e-17
2.32e-06	-2.088e-05	8.52478e-18
3.48e-06	-2.088e-05	5.22739e-18
4.64e-06	-2.088e-05	-8.53755e-18
5.8e-06	-2.088e-05	5.22475e-18
6.96e-06	-2.088e-05	-9.96641e-18
8.12e-06	-2.088e-05	-3.49874e-18
9.28e-06	-2.088e-05	-1.63039e-17
1.044e-05	-2.088e-05	-3.76613e-18
1.16e-05	-2.088e-05	5.0977e-17
1.276e-05	-2.088e-05	2.86836e-17
1.392e-05	-2.088e-05	3.38519e-17
1.508e-05	-2.088e-05	4.39191e-17
1.624e-05	-2.088e-05	1.07944e-16
1.74e-05	-2.088e-05	-3.42392e-17
1.856e-05	-2.088e-05	-4.98745e-17
1.972e-05	-2.088e-05	6.51668e-17
2.088e-05	-2.088e-05	2.32097e-18
2.204e-05	-2.088e-05	-4.79781e-17
-2.32e-05	-1.972e-05	2.1039e-17
-2.204e-05	-1.972e-05	3.05166e-17
-2.088e-05	-1.972e-05	-8.94762e-17
-1.972e-05	-1.972e-05	-1.35413e-16
-1.856e-05	-1.972e-05	-1.45146e-16
-1.74e-05	-1.972e-05	-2.50181e-17
-1.624e-05	-1.972e-05	-3.46331e-17
-1.508e-05	-1.972e-05	4.23935e-17
-1.392e-05	-1.972e-05	1.06982e-17
-1.276e-05	-1.972e-05	7.62686e-17
-1.16e-05	-1.972e-05	1.43783e-17
-1.044e-05	-1.972e-05	-2.49246e-17
-9.28e-06	-1.972e-05	2.5467e-17
-8.12e-06	-1.972e-05	-3.1202e-17
-6.96e-06	-1.972e-05	2.44762e-17
-5.8e-06	-1.972e-05	-1.38428e-17
-4.64e-06	-1.972e-05	-2.16205e-18
-3.48e-06	-1.972e-05	-5.33461e-17
-2.32e-06	-1.972e-05	2.23579e-17
-1.16e-06	-1.972e-05	1.21986e-17
0	-1.972e-05	9.84794e-18
1.16e-06	-1.972e-05	1.18914e-18
2.32e-06	-1.972e-05	1.94196e-17
3.48e-06	-1.972e-05	-1.97498e-17
4.64e-06	-1.972e-05	9.52722e-18
5.8e-06	-1.972e-05	-2.68337e-17
6.96e-06	-1.972e-05	1.03165e-17
8.12e-06	-1.972e-05	-1.82663e-17
9.28e-06	-1.972e-05	-3.26094e-18
1.044e-05	-1.972e-05	-4.28493e-18
1.16e-05	-1.972e-05	-3.0295e-17
1.276e-05	-1.972e-05	1.54537e-17
1.392e-05	-1.972e-05	3.09304e-17
1.508e-05	-1.972e-05	1.36957e-17
1.624e-05	-1.972e-05	6.10477e-17
1.74e-05	-1.972e-05	-1.19831e-17
1.856e-05	-1.972e-05	-6.6535e-18
1.972e-05	-1.972e-05	-5.59929e-17
2.088e-05	-1.972e-05	-7.47314e-17
2.204e-05	-1.972e-05	-6.06698e-17
-2.32e-05	-1.856e-05	-2.52677e-17
-2.204e-05	-1.856e-05	-1.05222e-16
-2.088e-05	-1.856e-05	-9.14037e-17
-1.972e-05	-1.856e-05	-8.81902e-17
-1.856e-05	-1.856e-05	-2.88761e-17
-1.74e-05	-1.856e-05	8.03446e-18
-1.624e-05	-1.856e-05	2.60497e-17
-1.508e-05	-1.856e-05	1.5513e-17
-1.392e-05	-1.856e-05	8.17989e-17
-1.276e-05	-1.856e-05	3.66415e-17
-1.16e-05	-1.856e-05	-2.54683e-17
-1.044e-05	-1.856e-05	1.29636e-17
-9.28e-06	-1.856e-05	-5.13677e-18
-8.12e-06	-1.856e-05	1.89768e-18
-6.96e-06	-1.856e-05	-6.64671e-17
-5.8e-06	-1.856e-05	2.00659e-17
-4.64e-06	-1.856e-05	-5.57387e-17
-3.48e-06	-1.856e-05	2.14178e-17
-2.32e-06	-1.856e-05	2.31348e-17
-1.16e-06	-1.856e-05	4.26255e-17
0	-1.856e-05	-8.52557e-19
1.16e-06	-1.856e-05	4.15863e-17
2.32e-06	-1.856e-05	1.32687e-17
3.48e-06	-1.856e-05	-8.38042e-18
4.64e-06	-1.856e-05	-1.92122e-17
5.8e-06	-1.856e-05	-2.16058e-17
6.96e-06	-1.856e-05	-2.9664e-17
8.12e-06	-1.856e-05	-4.12415e-18
9.28e-06	-1.856e-05	4.30089e-18
1.044e-05	-1.856e-05	-4.25993e-19
1.16e-05	-1.856e-05	-5.13356e-18
1.276e-05	-1.856e-05	-2.17155e-18
1.392e-05	-1.856e-05	1.69355e-17
1.508e-05	-1.856e-05	4.81726e-17
1.624e-05	-1.856e-05	1.29111e-17
1.74e-05	-1.856e-05	5.07649e-17
1.856e-05	-1.856e-05	1.06061e-17
1.972e-05	-1.856e-05	1.80855e-18
2.088e-05	-1.856e-05	-3.99291e-17
2.204e-05	-1.856e-05	-6.84375e-17
-2.32e-05	-1.74e-05	-3.37909e-17
-2.204e-05	-1.74e-05	-6.63811e-17
-2.088e-05	-1.74e-05	-7.34444e-17
-1.972e-05	-1.74e-05	-1.48882e-17
-1.856e-05	-1.74e-05	-7.64958e-18
-1.74e-05	-1.74e-05	4.85062e-17
-1.624e-05	-1.74e-05	-3.9358e-17
-1.508e-05	-1.74e-05	8.02669e-17
-1.392e-05	-1.74e-05	8.14673e-17
-1.276e-05	-1.74e-05	6.53889e-17
-1.16e-05	-1.74e-05	-1.35295e-17
-1.044e-05	-1.74e-05	-3.68499e-17
-9.28e-06	-1.74e-05	1.57887e-17
-8.12e-06	-1.74e-05	-5.39646e-17
-6.96e-06	-1.74e-05	7.06364e-18
-5.8e-06	-1.74e-05	2.08156e-17
-4.64e-06	-1.74e-05	4.26015e-17
-3.48e-06	-1.74e-05	5.47279e-17
-2.32e-06	-1.74e-05	1.71183e-16
-1.16e-06	-1.74e-05	2.04014e-16
0	-1.74e-05	1.79915e-16
1.16e-06	-1.74e-05	9.44239e-17
2.32e-06	-1.74e-05	5.84784e-17
3.48e-06	-1.74e-05	-1.18594e-17
4.64e-06	-1.74e-05	-5.02291e-18
5.8e-06	-1.74e-05	1.08293e-17
6.96e-06	-1.74e-05	2.01138e-17
8.12e-06	-1.74e-05	-5.46405e-18
9.28e-06	-1.74e-05	3.62539e-19
1.044e-05	-1.74e-05	-1.7332e-17
1.16e-05	-1.74e-05	-4.37263e-17
1.276e-05	-1.74e-05	-2.03902e-17
1.392e-05	-1.74e-05	2.59124e-17
1.508e-05	-1.74e-05	4.4636e-17
1.624e-05	-1.74e-05	6.36936e-17
1.74e-05	-1.74e-05	2.50201e-17
1.856e-05	-1.74e-05	5.65616e-17
1.972e-05	-1.74e-05	-2.91013e-17
2.088e-05	-1.74e-05	4.04355e-17
2.204e-05	-1.74e-05	-1.99037e-17
-2.32e-05	-1.624e-05	-1.88346e-17
-2.204e-05	-1.624e-05	-1.64977e-17
-2.088e-05	-1.624e-05	3.91366e-17
-1.972e-05	-1.624e-05	-2.21629e-17
-1.856e-05	-1.624e-05	3.98784e-17
-1.74e-05	-1.624e-05	1.17596e-17
-1.624e-05	-1.624e-05	7.61462e-17
-1.508e-05	-1.624e-05	1.41179e-16
-1.392e-05	-1.624e-05	8.03829e-17
-1.276e-05	-1.624e-05	1.65724e-17
-1.16e-05	-1.624e-05	-1.08651e-16
-1.044e-05	-1.624e-05	-3.06569e-17
-9.28e-06	-1.624e-05	-3.13553e-17
-8.12e-06	-1.624e-05	-3.31145e-17
-6.96e-06	-1.624e-05	-2.21693e-17
-5.8e-06	-1.624e-05	4.40496e-17
-4.64e-06	-1.624e-05	2.66345e-16
-3.48e-06	-1.624e-05	9.81842e-16
-2.32e-06	-1.624e-05	2.04086e-15
-1.16e-06	-1.624e-05	2.82154e-15
0	-1.624e-05	2.2034e-15
1.16e-06	-1.624e-05	1.11866e-15
2.32e-06	-1.624e-05	3.99367e-16
3.48e-06	-1.624e-05	1.29756e-16
4.64e-06	-1.624e-05	5.49912e-18
5.8e-06	-1.624e-05	2.19583e-17
6.96e-06	-1.624e-05	1.69865e-17
8.12e-06	-1.624e-05	-3.24721e-18
9.28e-06	-1.624e-05	-1.68778e-18
1.044e-05	-1.624e-05	1.82291e-17
1.16e-05	-1.624e-05	-3.51798e-17
1.276e-05	-1.624e-05	-6.89957e-17
1.392e-05	-1.624e-05	-2.37925e-17
1.508e-05	-1.624e-05	1.90484e-17
1.624e-05	-1.624e-05	3.01849e-17
1.74e-05	-1.624e-05	5.15566e-17
1.856e-05	-1.624e-05	3.76252e-17
1.972e-05	-1.624e-05	4.88601e-17
2.088e-05	-1.624e-05	2.81633e-17
2.204e-05	-1.624e-05	5.2438e-17
-2.32e-05	-1.508e-05	1.40757e-17
-2.204e-05	-1.508e-05	4.39093e-17
-2.088e-05	-1.508e-05	1.75605e-17
-1.972e-05	-1.508e-05	5.77092e-17
-1.856e-05	-1.508e-05	6.14371e-17
-1.74e-05	-1.508e-05	9.00148e-17
-1.624e-05	-1.508e-05	8.39292e-17
-1.508e-05	-1.508e-05	5.63417e-17
-1.392e-05	-1.508e-05	1.65014e-18
-1.276e-05	-1.508e-05	-8.29001e-17
-1.16e-05	-1.508e-05	-5.73814e-18
-1.044e-05	-1.508e-05	-2.19533e-18
-9.28e-06	-1.508e-05	2.37463e-17
-8.12e-06	-1.508e-05	-6.40654e-18
-6.96e-06	-1.508e-05	2.576e-16
-5.8e-06	-1.508e-05	1.0375e-15
-4.64e-06	-1.508e-05	4.2675e-15
-3.48e-06	-1.508e-05	1.31707e-14
-2.32e-06	-1.508e-05	2.95225e-14
-1.16e-06	-1.508e-05	4.11395e-14
0	-1.508e-05	3.26529e-14
1.16e-06	-1.508e-05	1.54083e-14
2.32e-06	-1.508e-05	5.15037e-15
3.48e-06	-1.508e-05	1.28801e-15
4.64e-06	-1.508e-05	3.14107e-16
5.8e-06	-1.508e-05	4.31441e-17
6.96e-06	-1.508e-05	1.46764e-17
8.12e-06	-1.508e-05	-1.47835e-18
9.28e-06	-1.508e-05	-3.49557e-17
1.044e-05	-1.508e-05	1.96258e-17
1.16e-05	-1.508e-05	-6.75941e-17
1.276e-05	-1.508e-05	-1.89955e-17
1.392e-05	-1.508e-05	-4.7961e-17
1.508e-05	-1.508e-05	6.9972e-18
1.624e-05	-1.508e-05	3.48046e-17
1.74e-05	-1.508e-05	4.70883e-17
1.856e-05	-1.508e-05	8.6947e-17
1.972e-05	-1.508e-05	3.65104e-17
2.088e-05	-1.508e-05	1.08898e-16
2.204e-05	-1.508e-05	2.8246e-17
-2.32e-05	-1.392e-05	1.35321e-16
-2.204e-05	-1.392e-05	2.61916e-17
-2.088e-05	-1.392e-05	1.38565e-16
-1.972e-05	-1.392e-05	4.09399e-17
-1.856e-05	-1.392e-05	1.35797e-16
-1.74e-05	-1.392e-05	4.48421e-17
-1.624e-05	-1.392e-05	6.89659e-17
-1.508e-05	-1.392e-05	-5.43286e-17
-1.392e-05	-1.392e-05	-4.16767e-17
-1.276e-05	-1.392e-05	1.00548e-17
-1.16e-05	-1.392e-05	-5.52059e-17
-1.044e-05	-1.392e-05	5.60518e-17
-9.28e-06	-1.392e-05	4.06312e-18
-8.12e-06	-1.392e-05	5.03946e-16
-6.96e-06	-1.392e-05	2.6375e-15
-5.8e-06	-1.392e-05	1.32755e-14
-4.64e-06	-1.392e-05	5.50178e-14
-3.48e-06	-1.392e-05	1.81274e-13
-2.32e-06	-1.392e-05	4.27369e-13
-1.16e-06	-1.392e-05	6.09362e-13
0	-1.392e-05	4.7598e-13
1.16e-06	-1.392e-05	2.1324e-13
2.32e-06	-1.392e-05	6.67916e-14
3.48e-06	-1.392e-05	1.64236e-14
4.64e-06	-1.392e-05	3.38328e-15
5.8e-06	-1.392e-05	6.31433e-16
6.96e-06	-1.392e-05	1.08633e-16
8.12e-06	-1.392e-05	3.00141e-18
9.28e-06	-1.392e-05	9.60409e-18
1.044e-05	-1.392e-05	-8.8068e-17
1.16e-05	-1.392e-05	1.04459e-17
1.276e-05	-1.392e-05	-3.67757e-17
1.392e-05	-1.392e-05	-8.57379e-18
1.508e-05	-1.392e-05	-6.23181e-17
1.624e-05	-1.392e-05	2.69251e-18
1.74e-05	-1.392e-05	-1.60588e-17
1.856e-05	-1.392e-05	3.78709e-17
1.972e-05	-1.392e-05	1.11375e-16
2.088e-05	-1.392e-05	2.62292e-17
2.204e-05	-1.392e-05	1.07047e-16
-2.32e-05	-1.276e-05	4.35849e-17
-2.204e-05	-1.276e-05	1.51418e-16
-2.088e-05	-1.276e-05	4.46531e-17
-1.972e-05	-1.276e-05	8.93447e-17
-1.856e-05	-1.276e-05	3.69573e-17
-1.74e-05	-1.276e-05	3.23893e-17
-1.624e-05	-1.276e-05	6.56431e-18
-1.508e-05	-1.276e-05	-5.91461e-17
-1.392e-05	-1.276e-05	4.8034e-18
-1.276e-05	-1.276e-05	-3.95307e-17
-1.16e-05	-1.276e-05	-2.43985e-17
-1.044e-05	-1.276e-05	1.14361e-16
-9.28e-06	-1.276e-05	7.48546e-16
-8.12e-06	-1.276e-05	5.06447e-15
-6.96e-06	-1.276e-05	3.02521e-14
-5.8e-06	-1.276e-05	1.58477e-13
-4.64e-06	-1.276e-05	7.03663e-13
-3.48e-06	-1.276e-05	2.47497e-12
-2.32e-06	-1.276e-05	6.18336e-12
-1.16e-06	-1.276e-05	9.0423e-12
0	-1.276e-05	6.9461e-12
1.16e-06	-1.276e-05	2.93656e-12
2.32e-06	-1.276e-05	8.60136e-13
3.48e-06	-1.276e-05	1.97399e-13
4.64e-06	-1.276e-05	3.8135e-14
5.8e-06	-1.276e-05	6.50837e-15
6.96e-06	-1.276e-05	9.68154e-16
8.12e-06	-1.276e-05	1.5344e-16
9.28e-06	-1.276e-05	1.55844e-18
1.044e-05	-1.276e-05	2.01194e-17
1.16e-05	-1.276e-05	-6.00146e-17
1.276e-05	-1.276e-05	-3.43746e-17
1.392e-05	-1.276e-05	-5.42835e-18
1.508e-05	-1.276e-05	-3.52284e-17
1.624e-05	-1.276e-05	-2.20609e-17
1.74e-05	-1.276e-05	-5.48286e-17
1.856e-05	-1.276e-05	-3.95909e-17
1.972e-05	-1.276e-05	-5.4955e-17
2.088e-05	-1.276e-05	4.02593e-17
2.204e-05	-1.276e-05	-2.38932e-17
-2.32e-05	-1.16e-05	2.55866e-17
-2.204e-05	-1.16e-05	-1.95276e-17
-2.088e-05	-1.16e-05	1.74224e-17
-1.972e-05	-1.16e-05	9.1695e-18
-1.856e-05	-1.16e-05	-3.68579e-17
-1.74e-05	-1.16e-05	-4.60331e-17
-1.624e-05	-1.16e-05	-6.62694e-17
-1.508e-05	-1.16e-05	-4.65795e-17
-1.392e-05	-1.16e-05	1.31505e-17
-1.276e-05	-1.16e-05	-2.56672e-17
-1.16e-05	-1.16e-05	1.44429e-16
-1.044e-05	-1.16e-05	1.02782e-15
-9.28e-06	-1.16e-05	7.3698e-15
-8.12e-06	-1.16e-05	5.17558e-14
-6.96e-06	-1.16e-05	3.28933e-13
-5.8e-06	-1.16e-05	1.85184e-12
-4.64e-06	-1.16e-05	8.84283e-12
-3.48e-06	-1.16e-05	3.34939e-11
-2.32e-06	-1.16e-05	8.93963e-11
-1.16e-06	-1.16e-05	1.34459e-10
0	-1.16e-05	1.01386e-10
1.16e-06	-1.16e-05	4.01083e-11
2.32e-06	-1.16e-05	1.08966e-11
3.48e-06	-1.16e-05	2.32131e-12
4.64e-06	-1.16e-05	4.16969e-13
5.8e-06	-1.16e-05	6.60262e-14
6.96e-06	-1.16e-05	9.53041e-15
8.12e-06	-1.16e-05	1.27893e-15
9.28e-06	-1.16e-05	1.67469e-16
1.044e-05	-1.16e-05	-2.20328e-17
1.16e-05	-1.16e-05	-1.1418e-17
1.276e-05	-1.16e-05	-2.93825e-17
1.392e-05	-1.16e-05	-1.72167e-17
1.508e-05	-1.16e-05	1.86807e-18
1.624e-05	-1.16e-05	-1.2252e-17
1.74e-05	-1.16e-05	1.11518e-17
1.856e-05	-1.16e-05	-2.14299e-17
1.972e-05	-1.16e-05	-4.79987e-18
2.088e-05	-1.16e-05	1.96221e-17
2.204e-05	-1.16e-05	3.38611e-18
-2.32e-05	-1.044e-05	-5.76565e-17
-2.204e-05	-1.044e-05	4.46816e-18
-2.088e-05	-1.044e-05	-2.76839e-17
-1.972e-05	-1.044e-05	3.19456e-18
-1.856e-05	-1.044e-05	2.43543e-17
-1.74e-05	-1.044e-05	2.34801e-17
-1.624e-05	-1.044e-05	8.58821e-18
-1.508e-05	-1.044e-05	3.23579e-17
-1.392e-05	-1.044e-05	7.58024e-17
-1.276e-05	-1.044e-05	1.48981e-16
-1.16e-05	-1.044e-05	1.228e-15
-1.044e-05	-1.044e-05	8.73314e-15
-9.28e-06	-1.044e-05	6.82277e-14
-8.12e-06	-1.044e-05	5.0661e-13
-6.96e-06	-1.044e-05	3.45845e-12
-5.8e-06	-1.044e-05	2.10199e-11
-4.64e-06	-1.044e-05	1.08878e-10
-3.48e-06	-1.044e-05	4.48227e-10
-2.32e-06	-1.044e-05	1.29101e-09
-1.16e-06	-1.044e-05	2.00386e-09
0	-1.044e-05	1.48013e-09
1.16e-06	-1.044e-05	5.42127e-10
2.32e-06	-1.044e-05	1.35298e-10
3.48e-06	-1.044e-05	2.65342e-11
4.64e-06	-1.044e-05	4.40796e-12
5.8e-06	-1.044e-05	6.49212e-13
6.96e-06	-1.044e-05	8.76292e-14
8.12e-06	-1.044e-05	1.12942e-14
9.28e-06	-1.044e-05	1.48236e-15
1.044e-05	-1.044e-05	1.74895e-16
1.16e-05	-1.044e-05	2.52896e-17
1.276e-05	-1.044e-05	-2.4055e-17
1.392e-05	-1.044e-05	-1.84515e-17
1.508e-05	-1.044e-05	-4.24968e-17
1.624e-05	-1.044e-05	4.02113e-18
1.74e-05	-1.044e-05	-1.84008e-17
1.856e-05	-1.044e-05	-7.08328e-19
1.972e-05	-1.044e-05	-7.48367e-18
2.088e-05	-1.044e-05	1.58883e-17
2.204e-05	-1.044e-05	-7.44483e-18
-2.32e-05	-9.28e-06	1.08707e-17
-2.204e-05	-9.28e-06	-2.38855e-17
-2.088e-05	-9.28e-06	1.42405e-17
-1.972e-05	-9.28e-06	-3.93836e-18
-1.856e-05	-9.28e-06	1.87615e-17
-1.74e-05	-9.28e-06	2.85662e-17
-1.624e-05	-9.28e-06	1.64835e-16
-1.508e-05	-9.28e-06	2.0946e-16
-1.392e-05	-9.28e-06	6.63096e-16
-1.276e-05	-9.28e-06	2.12866e-15
-1.16e-05	-9.28e-06	1.04519e-14
-1.044e-05	-9.28e-06	7.43191e-14
-9.28e-06	-9.28e-06	5.97014e-13
-8.12e-06	-9.28e-06	4.72437e-12
-6.96e-06	-9.28e-06	3.4826e-11
-5.8e-06	-9.28e-06	2.30313e-10
-4.64e-06	-9.28e-06	1.30634e-09
-3.48e-06	-9.28e-06	5.91275e-09
-2.32e-06	-9.28e-06	1.86172e-08
-1.16e-06	-9.28e-06	2.99363e-08
0	-9.28e-06	2.1611e-08
1.16e-06	-9.28e-06	7.22954e-09
2.32e-06	-9.28e-06	1.63788e-09
3.48e-06	-9.28e-06	2.9285e-10
4.64e-06	-9.28e-06	4.46433e-11
5.8e-06	-9.28e-06	6.07848e-12
6.96e-06	-9.28e-06	7.66289e-13
8.12e-06	-9.28e-06	9.38624e-14
9.28e-06	-9.28e-06	1.25085e-14
1.044e-05	-9.28e-06	2.25202e-15
1.16e-05	-9.28e-06	6.27912e-16
1.276e-05	-9.28e-06	2.67111e-16
1.392e-05	-9.28e-06	1.18495e-16
1.508e-05	-9.28e-06	5.66947e-17
1.624e-05	-9.28e-06	7.01482e-17
1.74e-05	-9.28e-06	4.42266e-17
1.856e-05	-9.28e-06	1.32649e-17
1.972e-05	-9.28e-06	1.04745e-17
2.088e-05	-9.28e-06	-2.76383e-17
2.204e-05	-9.28e-06	2.02645e-17
-2.32e-05	-8.12e-06	-4.47865e-17
-2.204e-05	-8.12e-06	1.74687e-17
-2.088e-05	-8.12e-06	3.14203e-17
-1.972e-05	-8.12e-06	1.32431e-16
-1.856e-05	-8.12e-06	2.90392e-16
-1.74e-05	-8.12e-06	6.69842e-16
-1.624e-05	-8.12e-06	1.52656e-15
-1.508e-05	-8.12e-06	3.52207e-15
-1.392e-05	-8.12e-06	8.34996e-15
-1.276e-05	-8.12e-06	2.30629e-14
-1.16e-05	-8.12e-06	9.34755e-14
-1.044e-05	-8.12e-06	6.02615e-13
-9.28e-06	-8.12e-06	4.917e-12
-8.12e-06	-8.12e-06	4.14983e-11
-6.96e-06	-8.12e-06	3.32278e-10
-5.8e-06	-8.12e-06	2.41248e-09
-4.64e-06	-8.12e-06	1.51581e-08
-3.48e-06	-8.12e-06	7.65339e-08
-2.32e-06	-8.12e-06	2.67983e-07
-1.16e-06	-8.12e-06	4.48402e-07
0	-8.12e-06	3.15543e-07
1.16e-06	-8.12e-06	9.4696e-08
2.32e-06	-8.12e-06	1.9186e-08
3.48e-06	-8.12e-06	3.09056e-09
4.64e-06	-8.12e-06	4.28336e-10
5.8e-06	-8.12e-06	5.35631e-11
6.96e-06	-8.12e-06	6.29904e-12
8.12e-06	-8.12e-06	7.48053e-13
9.28e-06	-8.12e-06	1.06905e-13
1.044e-05	-8.12e-06	2.37054e-14
1.16e-05	-8.12e-06	8.13987e-15
1.276e-05	-8.12e-06	3.42642e-15
1.392e-05	-8.12e-06	1.55767e-15
1.508e-05	-8.12e-06	6.96609e-16
1.624e-05	-8.12e-06	3.57924e-16
1.74e-05	-8.12e-06	1.70269e-16
1.856e-05	-8.12e-06	8.4262e-17
1.972e-05	-8.12e-06	3.79152e-17
2.088e-05	-8.12e-06	3.49535e-17
2.204e-05	-8.12e-06	3.51874e-17
-2.32e-05	-6.96e-06	1.66611e-16
-2.204e-05	-6.96e-06	4.17913e-16
-2.088e-05	-6.96e-06	9.7891e-16
-1.972e-05	-6.96e-06	2.05035e-15
-1.856e-05	-6.96e-06	4.49743e-15
-1.74e-05	-6.96e-06	9.69644e-15
-1.624e-05	-6.96e-06	2.13464e-14
-1.508e-05	-6.96e-06	4.74902e-14
-1.392e-05	-6.96e-06	1.09036e-13
-1.276e-05	-6.96e-06	2.73478e-13
-1.16e-05	-6.96e-06	8.95259e-13
-1.044e-05	-6.96e-06	4.79049e-12
-9.28e-06	-6.96e-06	3.78869e-11
-8.12e-06	-6.96e-06	3.3821e-10
-6.96e-06	-6.96e-06	2.957e-09
-5.8e-06	-6.96e-06	2.38181e-08
-4.64e-06	-6.96e-06	1.68178e-07
-3.48e-06	-6.96e-06	9.65284e-07
-2.32e-06	-6.96e-06	3.84849e-06
-1.16e-06	-6.96e-06	6.73553e-06
0	-6.96e-06	4.60682e-06
1.16e-06	-6.96e-06	1.21004e-06
2.32e-06	-6.96e-06	2.1502e-07
3.48e-06	-6.96e-06	3.07449e-08
4.64e-06	-6.96e-06	3.83136e-09
5.8e-06	-6.96e-06	4.3715e-10
6.96e-06	-6.96e-06	4.81589e-11
8.12e-06	-6.96e-06	5.76021e-12
9.28e-06	-6.96e-06	9.67401e-13
1.044e-05	-6.96e-06	2.71816e-13
1.16e-05	-6.96e-06	1.05343e-13
1.276e-05	-6.96e-06	4.56536e-14
1.392e-05	-6.96e-06	2.05141e-14
1.508e-05	-6.96e-06	9.31251e-15
1.624e-05	-6.96e-06	4.31515e-15
1.74e-05	-6.96e-06	1.9446e-15
1.856e-05	-6.96e-06	9.02242e-16
1.972e-05	-6.96e-06	4.56927e-16
2.088e-05	-6.96e-06	3.26495e-16
2.204e-05	-6.96e-06	7.79314e-16
-2.32e-05	-5.8e-06	2.24218e-15
-2.204e-05	-5.8e-06	6.027e-15
-2.088e-05	-5.8e-06	1.32653e-14
-1.972e-05	-5.8e-06	2.85547e-14
-1.856e-05	-5.8e-06	6.13741e-14
-1.74e-05	-5.8e-06	1.33025e-13
-1.624e-05	-5.8e-06	2.91079e-13
-1.508e-05	-5.8e-06	6.45113e-13
-1.392e-05	-5.8e-06	1.45871e-12
-1.276e-05	-5.8e-06	3.45611e-12
-1.16e-05	-5.8e-06	9.51611e-12
-1.044e-05	-5.8e-06	3.91285e-11
-9.28e-06	-5.8e-06	2.73022e-10
-8.12e-06	-5.8e-06	2.50664e-09
-6.96e-06	-5.8e-06	2.39745e-08
-5.8e-06	-5.8e-06	2.16815e-07
-4.64e-06	-5.8e-06	1.75206e-06
-3.48e-06	-5.8e-06	1.17271e-05
-2.32e-06	-5.8e-06	5.51053e-05
-1.16e-06	-5.8e-06	0.000101487
0	-5.8e-06	6.72414e-05
1.16e-06	-5.8e-06	1.49152e-05
2.32e-06	-5.8e-06	2.26406e-06
3.48e-06	-5.8e-06	2.81944e-07
4.64e-06	-5.8e-06	3.11829e-08
5.8e-06	-5.8e-06	3.23149e-09
6.96e-06	-5.8e-06	3.40081e-10
8.12e-06	-5.8e-06	4.45299e-11
9.28e-06	-5.8e-06	9.71558e-12
1.044e-05	-5.8e-06	3.35785e-12
1.16e-05	-5.8e-06	1.40055e-12
1.276e-05	-5.8e-06	6.18345e-13
1.392e-05	-5.8e-06	2.79037e-13
1.508e-05	-5.8e-06	1.27526e-13
1.624e-05	-5.8e-06	5.88488e-14
1.74e-05	-5.8e-06	2.7491e-14
1.856e-05	-5.8e-06	1.30221e-14
1.972e-05	-5.8e-06	6.65644e-15
2.088e-05	-5.8e-06	4.91554e-15
2.204e-05	-5.8e-06	9.67369e-15
-2.32e-05	-4.64e-06	3.10392e-14
-2.204e-05	-4.64e-06	8.24097e-14
-2.088e-05	-4.64e-06	1.82372e-13
-1.972e-05	-4.64e-06	3.91199e-13
-1.856e-05	-4.64e-06	8.40124e-13
-1.74e-05	-4.64e-06	1.81799e-12
-1.624e-05	-4.64e-06	3.97158e-12
-1.508e-05	-4.64e-06	8.7772e-12
-1.392e-05	-4.64e-06	1.96969e-11
-1.276e-05	-4.64e-06	4.53954e-11
-1.16e-05	-4.64e-06	1.12482e-10
-1.044e-05	-4.64e-06	3.5396e-10
-9.28e-06	-4.64e-06	1.89098e-09
-8.12e-06	-4.64e-06	1.64963e-08
-6.96e-06	-4.64e-06	1.70646e-07
-5.8e-06	-4.64e-06	1.75359e-06
-4.64e-06	-4.64e-06	1.66029e-05
-3.48e-06	-4.64e-06	0.000134376
-2.32e-06	-4.64e-06	0.000786075
-1.16e-06	-4.64e-06	0.00153422
0	-4.64e-06	0.00098103
1.16e-06	-4.64e-06	0.000173734
2.32e-06	-4.64e-06	2.16941e-05
3.48e-06	-4.64e-06	2.29488e-06
4.64e-06	-4.64e-06	2.22058e-07
5.8e-06	-4.64e-06	2.10018e-08
6.96e-06	-4.64e-06	2.24951e-09
8.12e-06	-4.64e-06	3.74257e-10
9.28e-06	-4.64e-06	1.10376e-10
1.044e-05	-4.64e-06	4.36451e-11
1.16e-05	-4.64e-06	1.88714e-11
1.276e-05	-4.64e-06	8.40826e-12
1.392e-05	-4.64e-06	3.80621e-12
1.508e-05	-4.64e-06	1.7432e-12
1.624e-05	-4.64e-06	8.06298e-13
1.74e-05	-4.64e-06	3.7682e-13
1.856e-05	-4.64e-06	1.79117e-13
1.972e-05	-4.64e-06	9.07413e-14
2.088e-05	-4.64e-06	6.46254e-14
2.204e-05	-4.64e-06	1.22073e-13
-2.32e-05	-3.48e-06	4.1489e-13
-2.204e-05	-3.48e-06	1.13142e-12
-2.088e-05	-3.48e-06	2.50335e-12
-1.972e-05	-3.48e-06	5.3604e-12
-1.856e-05	-3.48e-06	1.14985e-11
-1.74e-05	-3.48e-06	2.48508e-11
-1.624e-05	-3.48e-06	5.42056e-11
-1.508e-05	-3.48e-06	1.19538e-10
-1.392e-05	-3.48e-06	2.67186e-10
-1.276e-05	-3.48e-06	6.08363e-10
-1.16e-05	-3.48e-06	1.43463e-09
-1.044e-05	-3.48e-06	3.75856e-09
-9.28e-06	-3.48e-06	1.38686e-08
-8.12e-06	-3.48e-06	9.53194e-08
-6.96e-06	-3.48e-06	1.0027e-06
-5.8e-06	-3.48e-06	1.17498e-05
-4.64e-06	-3.48e-06	0.000134227
-3.48e-06	-3.48e-06	0.00138793
-2.32e-06	-3.48e-06	0.0111595
-1.16e-06	-3.48e-06	0.0232761
0	-3.48e-06	0.0143032
1.16e-06	-3.48e-06	0.00182974
2.32e-06	-3.48e-06	0.000177258
3.48e-06	-3.48e-06	1.54134e-05
4.64e-06	-3.48e-06	1.29231e-06
5.8e-06	-3.48e-06	1.16665e-07
6.96e-06	-3.48e-06	1.51517e-08
8.12e-06	-3.48e-06	3.7294e-09
9.28e-06	-3.48e-06	1.38137e-09
1.044e-05	-3.48e-06	5.82707e-10
1.16e-05	-3.48e-06	2.55835e-10
1.276e-05	-3.48e-06	1.14509e-10
1.392e-05	-3.48e-06	5.19508e-11
1.508e-05	-3.48e-06	2.38294e-11
1.624e-05	-3.48e-06	1.10359e-11
1.74e-05	-3.48e-06	5.1618e-12
1.856e-05	-3.48e-06	2.45478e-12
1.972e-05	-3.48e-06	1.23654e-12
2.088e-05	-3.48e-06	8.41409e-13
2.204e-05	-3.48e-06	1.51137e-12
-2.32e-05	-2.32e-06	5.51559e-12
-2.204e-05	-2.32e-06	1.55425e-11
-2.088e-05	-2.32e-06	3.43544e-11
-1.972e-05	-2.32e-06	7.34589e-11
-1.856e-05	-2.32e-06	1.57402e-10
-1.74e-05	-2.32e-06	3.39763e-10
-1.624e-05	-2.32e-06	7.40031e-10
-1.508e-05	-2.32e-06	1.62898e-09
-1.392e-05	-2.32e-06	3.6314e-09
-1.276e-05	-2.32e-06	8.22343e-09
-1.16e-05	-2.32e-06	1.90331e-08
-1.044e-05	-2.32e-06	4.5943e-08
-9.28e-06	-2.32e-06	1.26327e-07
-8.12e-06	-2.32e-06	5.29149e-07
-6.96e-06	-2.32e-06	4.4178e-06
-5.8e-06	-2.32e-06	5.55882e-05
-4.64e-06	-2.32e-06	0.000783606
-3.48e-06	-2.32e-06	0.0113191
-2.32e-06	-2.32e-06	0.157446
-1.16e-06	-2.32e-06	0.354482
0	-2.32e-06	0.208332
1.16e-06	-2.32e-06	0.015334
2.32e-06	-2.32e-06	0.00103828
3.48e-06	-2.32e-06	7.177e-05
4.64e-06	-2.32e-06	5.42789e-06
5.8e-06	-2.32e-06	5.83591e-07
6.96e-06	-2.32e-06	1.25682e-07
8.12e-06	-2.32e-06	4.42149e-08
9.28e-06	-2.32e-06	1.82172e-08
1.044e-05	-2.32e-06	7.8693e-09
1.16e-05	-2.32e-06	3.47686e-09
1.276e-05	-2.32e-06	1.56053e-09
1.392e-05	-2.32e-06	7.09292e-10
1.508e-05	-2.32e-06	3.25817e-10
1.624e-05	-2.32e-06	1.51072e-10
1.74e-05	-2.32e-06	7.07304e-11
1.856e-05	-2.32e-06	3.36531e-11
1.972e-05	-2.32e-06	1.68788e-11
2.088e-05	-2.32e-06	1.09761e-11
2.204e-05	-2.32e-06	1.82918e-11
-2.32e-05	-1.16e-06	7.29259e-11
-2.204e-05	-1.16e-06	2.13729e-10
-2.088e-05	-1.16e-06	4.71538e-10
-1.972e-05	-1.16e-06	1.00682e-09
-1.856e-05	-1.16e-06	2.15498e-09
-1.74e-05	-1.16e-06	4.6462e-09
-1.624e-05	-1.16e-06	1.01056e-08
-1.508e-05	-1.16e-06	2.22068e-08
-1.392e-05	-1.16e-06	4.93964e-08
-1.276e-05	-1.16e-06	1.11503e-07
-1.16e-05	-1.16e-06	2.56338e-07
-1.044e-05	-1.16e-06	6.03855e-07
-9.28e-06	-1.16e-06	1.48145e-06
-8.12e-06	-1.16e-06	4.03294e-06
-6.96e-06	-1.16e-06	1.52845e-05
-5.8e-06	-1.16e-06	0.000111277
-4.64e-06	-1.16e-06	0.00133385
-3.48e-06	-1.16e-06	0.0188344
-2.32e-06	-1.16e-06	0.259007
-1.16e-06	-1.16e-06	0.521892
0	-1.16e-06	0.274938
1.16e-06	-1.16e-06	0.0203107
2.32e-06	-1.16e-06	0.00143366
3.48e-06	-1.16e-06	0.000117137
4.64e-06	-1.16e-06	1.53133e-05
5.8e-06	-1.16e-06	3.89441e-06
6.96e-06	-1.16e-06	1.41688e-06
8.12e-06	-1.16e-06	5.77022e-07
9.28e-06	-1.16e-06	2.45102e-07
1.044e-05	-1.16e-06	1.06695e-07
1.16e-05	-1.16e-06	4.72977e-08
1.276e-05	-1.16e-06	2.12753e-08
1.392e-05	-1.16e-06	9.68649e-09
1.508e-05	-1.16e-06	4.45572e-09
1.624e-05	-1.16e-06	2.06838e-09
1.74e-05	-1.16e-06	9.69335e-10
1.856e-05	-1.16e-06	4.61487e-10
1.972e-05	-1.16e-06	2.30765e-10
2.088e-05	-1.16e-06	1.43878e-10
2.204e-05	-1.16e-06	2.14375e-10
-2.32e-05	0	9.57668e-10
-2.204e-05	0	2.94286e-09
-2.088e-05	0	6.47326e-09
-1.972e-05	0	1.38012e-08
-1.856e-05	0	2.95082e-08
-1.74e-05	0	6.35475e-08
-1.624e-05	0	1.38031e-07
-1.508e-05	0	3.02823e-07
-1.392e-05	0	6.72231e-07
-1.276e-05	0	1.5135e-06
-1.16e-05	0	3.46681e-06
-1.044e-05	0	8.11302e-06
-9.28e-06	0	1.95168e-05
-8.12e-06	0	4.88018e-05
-6.96e-06	0	0.000130775
-5.8e-06	0	0.000419036
-4.64e-06	0	0.00213159
-3.48e-06	0	0.0202704
-2.32e-06	0	0.250456
-1.16e-06	0	0.452727
0	0	0.224483
1.16e-06	0	0.0192142
2.32e-06	0	0.00203057
3.48e-06	0	0.000399053
4.64e-06	0	0.000124515
5.8e-06	0	4.65129e-05
6.96e-06	0	1.86246e-05
8.12e-06	0	7.75079e-06
9.28e-06	0	3.31511e-06
1.044e-05	0	1.44839e-06
1.16e-05	0	6.43728e-07
1.276e-05	0	2.90142e-07
1.392e-05	0	1.32314e-07
1.508e-05	0	6.09454e-08
1.624e-05	0	2.83232e-08
1.74e-05	0	1.32861e-08
1.856e-05	0	6.32969e-09
1.972e-05	0	3.15984e-09
2.088e-05	0	1.90194e-09
2.204e-05	0	2.39361e-09
-2.32e-05	1.16e-06	1.24653e-08
-2.204e-05	1.16e-06	4.05868e-08
-2.088e-05	1.16e-06	8.88766e-08
-1.972e-05	1.16e-06	1.89203e-07
-1.856e-05	1.16e-06	4.04115e-07
-1.74e-05	1.16e-06	8.69313e-07
-1.624e-05	1.16e-06	1.88576e-06
-1.508e-05	1.16e-06	4.13059e-06
-1.392e-05	1.16e-06	9.15167e-06
-1.276e-05	1.16e-06	2.05547e-05
-1.16e-05	1.16e-06	4.69356e-05
-1.044e-05	1.16e-06	0.000109379
-9.28e-06	1.16e-06	0.00026147
-8.12e-06	1.16e-06	0.000645503
-6.96e-06	1.16e-06	0.00166018
-5.8e-06	1.16e-06	0.00449406
-4.64e-06	1.16e-06	0.012912
-3.48e-06	1.16e-06	0.0390715
-2.32e-06	1.16e-06	0.114204
-1.16e-06	1.16e-06	0.166585
0	1.16e-06	0.107451
1.16e-06	1.16e-06	0.0369056
2.32e-06	1.16e-06	0.0122326
3.48e-06	1.16e-06	0.00426797
4.64e-06	1.16e-06	0.00157983
5.8e-06	1.16e-06	0.000615279
6.96e-06	1.16e-06	0.000249563
8.12e-06	1.16e-06	0.000104513
9.28e-06	1.16e-06	4.4888e-05
1.044e-05	1.16e-06	1.96726e-05
1.16e-05	1.16e-06	8.76441e-06
1.276e-05	1.16e-06	3.95791e-06
1.392e-05	1.16e-06	1.80777e-06
1.508e-05	1.16e-06	8.33758e-07
1.624e-05	1.16e-06	3.87898e-07
1.74e-05	1.16e-06	1.82128e-07
1.856e-05	1.16e-06	8.68317e-08
1.972e-05	1.16e-06	4.33251e-08
2.088e-05	1.16e-06	2.54741e-08
2.204e-05	1.16e-06	2.32938e-08
-2.32e-05	2.32e-06	3.74311e-08
-2.204e-05	2.32e-06	7.62957e-08
-2.088e-05	2.32e-06	1.59171e-07
-1.972e-05	2.32e-06	3.35018e-07
-1.856e-05	2.32e-06	7.09981e-07
-1.74e-05	2.32e-06	1.51437e-06
-1.624e-05	2.32e-06	3.25226e-06
-1.508e-05	2.32e-06	7.03778e-06
-1.392e-05	2.32e-06	1.53605e-05
-1.276e-05	2.32e-06	3.38521e-05
-1.16e-05	2.32e-06	7.54274e-05
-1.044e-05	2.32e-06	0.000170137
-9.28e-06	2.32e-06	0.000388943
-8.12e-06	2.32e-06	0.00090155
-6.96e-06	2.32e-06	0.00211621
-5.8e-06	2.32e-06	0.00500401
-4.64e-06	2.32e-06	0.0117514
-3.48e-06	2.32e-06	0.0264524
-2.32e-06	2.32e-06	0.0520089
-1.16e-06	2.32e-06	0.0667968
0	2.32e-06	0.0501014
1.16e-06	2.32e-06	0.0253043
2.32e-06	2.32e-06	0.0112219
3.48e-06	2.32e-06	0.00477773
4.64e-06	2.32e-06	0.0020213
5.8e-06	2.32e-06	0.000861618
6.96e-06	2.32e-06	0.000371951
8.12e-06	2.32e-06	0.000162803
9.28e-06	2.32e-06	7.22167e-05
1.044e-05	2.32e-06	3.24276e-05
1.16e-05	2.32e-06	1.47207e-05
1.276e-05	2.32e-06	6.74739e-06
1.392e-05	2.32e-06	3.11922e-06
1.508e-05	2.32e-06	1.45299e-06
1.624e-05	2.32e-06	6.81644e-07
1.74e-05	2.32e-06	3.22315e-07
1.856e-05	2.32e-06	1.54553e-07
1.972e-05	2.32e-06	7.72985e-08
2.088e-05	2.32e-06	4.48196e-08
2.204e-05	2.32e-06	3.83409e-08
-2.32e-05	3.48e-06	5.44854e-08
-2.204e-05	3.48e-06	1.0227e-07
-2.088e-05	3.48e-06	2.08e-07
-1.972e-05	3.48e-06	4.32223e-07
-1.856e-05	3.48e-06	9.0538e-07
-1.74e-05	3.48e-06	1.90624e-06
-1.624e-05	3.48e-06	4.0322e-06
-1.508e-05	3.48e-06	8.56949e-06
-1.392e-05	3.48e-06	1.8301e-05
-1.276e-05	3.48e-06	3.92739e-05
-1.16e-05	3.48e-06	8.46699e-05
-1.044e-05	3.48e-06	0.000183232
-9.28e-06	3.48e-06	0.000397348
-8.12e-06	3.48e-06	0.000860554
-6.96e-06	3.48e-06	0.00184981
-5.8e-06	3.48e-06	0.00390245
-4.64e-06	3.48e-06	0.00791628
-3.48e-06	3.48e-06	0.0148614
-2.32e-06	3.48e-06	0.0239475
-1.16e-06	3.48e-06	0.0284997
0	3.48e-06	0.0233615
1.16e-06	3.48e-06	0.0143563
2.32e-06	3.48e-06	0.00761442
3.48e-06	3.48e-06	0.00374611
4.64e-06	3.48e-06	0.00177407
5.8e-06	3.48e-06	0.00082502
6.96e-06	3.48e-06	0.000380916
8.12e-06	3.48e-06	0.000175672
9.28e-06	3.48e-06	8.11907e-05
1.044e-05	3.48e-06	3.76682e-05
1.16e-05	3.48e-06	1.75568e-05
1.276e-05	3.48e-06	8.22292e-06
1.392e-05	3.48e-06	3.87004e-06
1.508e-05	3.48e-06	1.83007e-06
1.624e-05	3.48e-06	8.69606e-07
1.74e-05	3.48e-06	4.15733e-07
1.856e-05	3.48e-06	2.012e-07
1.972e-05	3.48e-06	1.01222e-07
2.088e-05	3.48e-06	5.83e-08
2.204e-05	3.48e-06	4.79893e-08
-2.32e-05	4.64e-06	6.43773e-08
-2.204e-05	4.64e-06	1.16242e-07
-2.088e-05	4.64e-06	2.31779e-07
-1.972e-05	4.64e-06	4.74667e-07
-1.856e-05	4.64e-06	9.79814e-07
-1.74e-05	4.64e-06	2.02938e-06
-1.624e-05	4.64e-06	4.21226e-06
-1.508e-05	4.64e-06	8.75682e-06
-1.392e-05	4.64e-06	1.82215e-05
-1.276e-05	4.64e-06	3.79164e-05
-1.16e-05	4.64e-06	7.87838e-05
-1.044e-05	4.64e-06	0.00016309
-9.28e-06	4.64e-06	0.000335169
-8.12e-06	4.64e-06	0.000680105
-6.96e-06	4.64e-06	0.00135106
-5.8e-06	4.64e-06	0.00259286
-4.64e-06	4.64e-06	0.00470632
-3.48e-06	4.64e-06	0.00780567
-2.32e-06	4.64e-06	0.0111784
-1.16e-06	4.64e-06	0.0126965
0	4.64e-06	0.0109836
1.16e-06	4.64e-06	0.00759448
2.32e-06	4.64e-06	0.00455409
3.48e-06	4.64e-06	0.00250114
4.64e-06	4.64e-06	0.00130085
5.8e-06	4.64e-06	0.00065411
6.96e-06	4.64e-06	0.000322149
8.12e-06	4.64e-06	0.000156696
9.28e-06	4.64e-06	7.56808e-05
1.044e-05	4.64e-06	3.64202e-05
1.16e-05	4.64e-06	1.75025e-05
1.276e-05	4.64e-06	8.41162e-06
1.392e-05	4.64e-06	4.04653e-06
1.508e-05	4.64e-06	1.94979e-06
1.624e-05	4.64e-06	9.41646e-07
1.74e-05	4.64e-06	4.56577e-07
1.856e-05	4.64e-06	2.2368e-07
1.972e-05	4.64e-06	1.13563e-07
2.088e-05	4.64e-06	6.53602e-08
2.204e-05	4.64e-06	5.24979e-08
-2.32e-05	5.8e-06	6.77138e-08
-2.204e-05	5.8e-06	1.18763e-07
-2.088e-05	5.8e-06	2.32332e-07
-1.972e-05	5.8e-06	4.68094e-07
-1.856e-05	5.8e-06	9.50004e-07
-1.74e-05	5.8e-06	1.9309e-06
-1.624e-05	5.8e-06	3.923e-06
-1.508e-05	5.8e-06	7.95795e-06
-1.392e-05	5.8e-06	1.6098e-05
-1.276e-05	5.8e-06	3.242e-05
-1.16e-05	5.8e-06	6.48522e-05
-1.044e-05	5.8e-06	0.000128441
-9.28e-06	5.8e-06	0.000250708
-8.12e-06	5.8e-06	0.00047917
-6.96e-06	5.8e-06	0.000888415
-5.8e-06	5.8e-06	0.00157644
-4.64e-06	5.8e-06	0.00262476
-3.48e-06	5.8e-06	0.0039833
-2.32e-06	5.8e-06	0.00528563
-1.16e-06	5.8e-06	0.00582816
0	5.8e-06	0.0052163
1.16e-06	5.8e-06	0.00389571
2.32e-06	5.8e-06	0.00255221
3.48e-06	5.8e-06	0.00152713
4.64e-06	5.8e-06	0.000858501
5.8e-06	5.8e-06	0.000462271
6.96e-06	5.8e-06	0.000241596
8.12e-06	5.8e-06	0.000123679
9.28e-06	5.8e-06	6.24153e-05
1.044e-05	5.8e-06	3.11909e-05
1.16e-05	5.8e-06	1.54842e-05
1.276e-05	5.8e-06	7.65343e-06
1.392e-05	5.8e-06	3.77258e-06
1.508e-05	5.8e-06	1.85683e-06
1.624e-05	5.8e-06	9.13645e-07
1.74e-05	5.8e-06	4.50364e-07
1.856e-05	5.8e-06	2.23868e-07
1.972e-05	5.8e-06	1.15008e-07
2.088e-05	5.8e-06	6.64425e-08
2.204e-05	5.8e-06	5.25126e-08
-2.32e-05	6.96e-06	6.5637e-08
-2.204e-05	6.96e-06	1.12119e-07
-2.088e-05	6.96e-06	2.15066e-07
-1.972e-05	6.96e-06	4.25664e-07
-1.856e-05	6.96e-06	8.4799e-07
-1.74e-05	6.96e-06	1.68868e-06
-1.624e-05	6.96e-06	3.35326e-06
-1.508e-05	6.96e-06	6.62906e-06
-1.392e-05	6.96e-06	1.30245e-05
-1.276e-05	6.96e-06	2.53778e-05
-1.16e-05	6.96e-06	4.88982e-05
-1.044e-05	6.96e-06	9.28173e-05
-9.28e-06	6.96e-06	0.000172682
-8.12e-06	6.96e-06	0.000312717
-6.96e-06	6.96e-06	0.000546105
-5.8e-06	6.96e-06	0.00090794
-4.64e-06	6.96e-06	0.00141215
-3.48e-06	6.96e-06	0.00200662
-2.32e-06	6.96e-06	0.00252725
-1.16e-06	6.96e-06	0.00273246
0	6.96e-06	0.00250112
1.16e-06	6.96e-06	0.00197
2.32e-06	6.96e-06	0.00137847
3.48e-06	6.96e-06	0.000882726
4.64e-06	6.96e-06	0.000529429
5.8e-06	6.96e-06	0.00030255
6.96e-06	6.96e-06	0.000166821
8.12e-06	6.96e-06	8.95706e-05
9.28e-06	6.96e-06	4.71504e-05
1.044e-05	6.96e-06	2.44564e-05
1.16e-05	6.96e-06	1.25462e-05
1.276e-05	6.96e-06	6.38358e-06
1.392e-05	6.96e-06	3.22833e-06
1.508e-05	6.96e-06	1.6255e-06
1.624e-05	6.96e-06	8.16186e-07
1.74e-05	6.96e-06	4.0969e-07
1.856e-05	6.96e-06	2.06993e-07
1.972e-05	6.96e-06	1.07824e-07
2.088e-05	6.96e-06	6.27384e-08
2.204e-05	6.96e-06	4.90641e-08
-2.32e-05	8.12e-06	5.96894e-08
-2.204e-05	8.12e-06	9.93796e-08
-2.088e-05	8.12e-06	1.86768e-07
-1.972e-05	8.12e-06	3.62732e-07
-1.856e-05	8.12e-06	7.08566e-07
-1.74e-05	8.12e-06	1.3812e-06
-1.624e-05	8.12e-06	2.67873e-06
-1.508e-05	8.12e-06	5.15863e-06
-1.392e-05	8.12e-06	9.84433e-06
-1.276e-05	8.12e-06	1.85693e-05
-1.16e-05	8.12e-06	3.45129e-05
-1.044e-05	8.12e-06	6.29457e-05
-9.28e-06	8.12e-06	0.000112061
-8.12e-06	8.12e-06	0.000193399
-6.96e-06	8.12e-06	0.000320684
-5.8e-06	8.12e-06	0.000504947
-4.64e-06	8.12e-06	0.000743698
-3.48e-06	8.12e-06	0.00100524
-2.32e-06	8.12e-06	0.00121964
-1.16e-06	8.12e-06	0.00130087
0	8.12e-06	0.00120933
1.16e-06	8.12e-06	0.000989713
2.32e-06	8.12e-06	0.000728234
3.48e-06	8.12e-06	0.000492431
4.64e-06	8.12e-06	0.000311781
5.8e-06	8.12e-06	0.000187599
6.96e-06	8.12e-06	0.000108511
8.12e-06	8.12e-06	6.08712e-05
9.28e-06	8.12e-06	3.33414e-05
1.044e-05	8.12e-06	1.79249e-05
1.16e-05	8.12e-06	9.49689e-06
1.276e-05	8.12e-06	4.97419e-06
1.392e-05	8.12e-06	2.58198e-06
1.508e-05	8.12e-06	1.33091e-06
1.624e-05	8.12e-06	6.82572e-07
1.74e-05	8.12e-06	3.49269e-07
1.856e-05	8.12e-06	1.79581e-07
1.972e-05	8.12e-06	9.4997e-08
2.088e-05	8.12e-06	5.58078e-08
2.204e-05	8.12e-06	4.33577e-08
-2.32e-05	9.28e-06	5.14923e-08
-2.204e-05	9.28e-06	8.35874e-08
-2.088e-05	9.28e-06	1.53799e-07
-1.972e-05	9.28e-06	2.92885e-07
-1.856e-05	9.28e-06	5.60658e-07
-1.74e-05	9.28e-06	1.06935e-06
-1.624e-05	9.28e-06	2.02521e-06
-1.508e-05	9.28e-06	3.79991e-06
-1.392e-05	9.28e-06	7.04741e-06
-1.276e-05	9.28e-06	1.28844e-05
-1.16e-05	9.28e-06	2.3143e-05
-1.044e-05	9.28e-06	4.06702e-05
-9.28e-06	9.28e-06	6.95585e-05
-8.12e-06	9.28e-06	0.000115018
-6.96e-06	9.28e-06	0.00018235
-5.8e-06	9.28e-06	0.000274311
-4.64e-06	9.28e-06	0.000386555
-3.48e-06	9.28e-06	0.000502594
-2.32e-06	9.28e-06	0.00059313
-1.16e-06	9.28e-06	0.000626458
0	9.28e-06	0.00058891
1.16e-06	9.28e-06	0.000495908
2.32e-06	9.28e-06	0.000379474
3.48e-06	9.28e-06	0.000268207
4.64e-06	9.28e-06	0.000177733
5.8e-06	9.28e-06	0.000111832
6.96e-06	9.28e-06	6.75016e-05
8.12e-06	9.28e-06	3.94078e-05
9.28e-06	9.28e-06	2.23977e-05
1.044e-05	9.28e-06	1.24576e-05
1.16e-05	9.28e-06	6.80873e-06
1.276e-05	9.28e-06	3.66893e-06
1.392e-05	9.28e-06	1.95442e-06
1.508e-05	9.28e-06	1.03151e-06
1.624e-05	9.28e-06	5.40564e-07
1.74e-05	9.28e-06	2.82138e-07
1.856e-05	9.28e-06	1.47741e-07
1.972e-05	9.28e-06	7.94519e-08
2.088e-05	9.28e-06	4.72096e-08
2.204e-05	9.28e-06	3.65449e-08
-2.32e-05	1.044e-05	4.24674e-08
-2.204e-05	1.044e-05	6.72299e-08
-2.088e-05	1.044e-05	1.2105e-07
-1.972e-05	1.044e-05	2.25928e-07
-1.856e-05	1.044e-05	4.23707e-07
-1.74e-05	1.044e-05	7.90709e-07
-1.624e-05	1.044e-05	1.4627e-06
-1.508e-05	1.044e-05	2.67545e-06
-1.392e-05	1.044e-05	4.82706e-06
-1.276e-05	1.044e-05	8.56613e-06
-1.16e-05	1.044e-05	1.49013e-05
-1.044e-05	1.044e-05	2.53044e-05
-9.28e-06	1.044e-05	4.17342e-05
-8.12e-06	1.044e-05	6.64362e-05
-6.96e-06	1.044e-05	0.000101306
-5.8e-06	1.044e-05	0.000146627
-4.64e-06	1.044e-05	0.000199273
-3.48e-06	1.044e-05	0.000251242
-2.32e-06	1.044e-05	0.000290285
-1.16e-06	1.044e-05	0.000304355
0	1.044e-05	0.000288507
1.16e-06	1.044e-05	0.000248319
2.32e-06	1.044e-05	0.000196026
3.48e-06	1.044e-05	0.000143679
4.64e-06	1.044e-05	9.89584e-05
5.8e-06	1.044e-05	6.47322e-05
6.96e-06	1.044e-05	4.05808e-05
8.12e-06	1.044e-05	2.45645e-05
9.28e-06	1.044e-05	1.44462e-05
1.044e-05	1.044e-05	8.29542e-06
1.16e-05	1.044e-05	4.67032e-06
1.276e-05	1.044e-05	2.58665e-06
1.392e-05	1.044e-05	1.41326e-06
1.508e-05	1.044e-05	7.6355e-07
1.624e-05	1.044e-05	4.08879e-07
1.74e-05	1.044e-05	2.17729e-07
1.856e-05	1.044e-05	1.16167e-07
1.972e-05	1.044e-05	6.3553e-08
2.088e-05	1.044e-05	3.82425e-08
2.204e-05	1.044e-05	2.95626e-08
-2.32e-05	1.16e-05	3.36806e-08
-2.204e-05	1.16e-05	5.2017e-08
-2.088e-05	1.16e-05	9.16253e-08
-1.972e-05	1.16e-05	1.67568e-07
-1.856e-05	1.16e-05	3.07882e-07
-1.74e-05	1.16e-05	5.62307e-07
-1.624e-05	1.16e-05	1.01653e-06
-1.508e-05	1.16e-05	1.81409e-06
-1.392e-05	1.16e-05	3.18778e-06
-1.276e-05	1.16e-05	5.50007e-06
-1.16e-05	1.16e-05	9.28604e-06
-1.044e-05	1.16e-05	1.528e-05
-9.28e-06	1.16e-05	2.43865e-05
-8.12e-06	1.16e-05	3.75321e-05
-6.96e-06	1.16e-05	5.53245e-05
-5.8e-06	1.16e-05	7.74871e-05
-4.64e-06	1.16e-05	0.000102192
-3.48e-06	1.16e-05	0.000125685
-2.32e-06	1.16e-05	0.000142822
-1.16e-06	1.16e-05	0.000148899
0	1.16e-05	0.000142056
1.16e-06	1.16e-05	0.000124389
2.32e-06	1.16e-05	0.000100698
3.48e-06	1.16e-05	7.60713e-05
4.64e-06	1.16e-05	5.4146e-05
5.8e-06	1.16e-05	3.66387e-05
6.96e-06	1.16e-05	2.37558e-05
8.12e-06	1.16e-05	1.48588e-05
9.28e-06	1.16e-05	9.017e-06
1.044e-05	1.16e-05	5.33429e-06
1.16e-05	1.16e-05	3.08858e-06
1.276e-05	1.16e-05	1.75614e-06
1.392e-05	1.16e-05	9.83335e-07
1.508e-05	1.16e-05	5.43568e-07
1.624e-05	1.16e-05	2.97362e-07
1.74e-05	1.16e-05	1.61545e-07
1.856e-05	1.16e-05	8.78317e-08
1.972e-05	1.16e-05	4.89016e-08
2.088e-05	1.16e-05	2.98249e-08
2.204e-05	1.16e-05	2.30633e-08
-2.32e-05	1.276e-05	2.58064e-08
-2.204e-05	1.276e-05	3.89008e-08
-2.088e-05	1.276e-05	6.70279e-08
-1.972e-05	1.276e-05	1.20115e-07
-1.856e-05	1.276e-05	2.16263e-07
-1.74e-05	1.276e-05	3.86723e-07
-1.624e-05	1.276e-05	6.83681e-07
-1.508e-05	1.276e-05	1.19156e-06
-1.392e-05	1.276e-05	2.042e-06
-1.276e-05	1.276e-05	3.4312e-06
-1.16e-05	1.276e-05	5.63449e-06
-1.044e-05	1.276e-05	9.00754e-06
-9.28e-06	1.276e-05	1.39552e-05
-8.12e-06	1.276e-05	2.08426e-05
-6.96e-06	1.276e-05	2.98266e-05
-5.8e-06	1.276e-05	4.06158e-05
-4.64e-06	1.276e-05	5.22329e-05
-3.48e-06	1.276e-05	6.29476e-05
-2.32e-06	1.276e-05	7.05828e-05
-1.16e-06	1.276e-05	7.32564e-05
0	1.276e-05	7.02459e-05
1.16e-06	1.276e-05	6.23659e-05
2.32e-06	1.276e-05	5.15415e-05
3.48e-06	1.276e-05	3.99373e-05
4.64e-06	1.276e-05	2.92403e-05
5.8e-06	1.276e-05	2.03809e-05
6.96e-06	1.276e-05	1.36168e-05
8.12e-06	1.276e-05	8.77322e-06
9.28e-06	1.276e-05	5.47955e-06
1.044e-05	1.276e-05	3.33255e-06
1.16e-05	1.276e-05	1.98112e-06
1.276e-05	1.276e-05	1.15494e-06
1.392e-05	1.276e-05	6.62123e-07
1.508e-05	1.276e-05	3.74222e-07
1.624e-05	1.276e-05	2.09043e-07
1.74e-05	1.276e-05	1.1583e-07
1.856e-05	1.276e-05	6.41715e-08
1.972e-05	1.276e-05	3.63655e-08
2.088e-05	1.276e-05	2.2491e-08
2.204e-05	1.276e-05	1.74205e-08
-2.32e-05	1.392e-05	1.91743e-08
-2.204e-05	1.392e-05	2.8228e-08
-2.088e-05	1.392e-05	4.7582e-08
-1.972e-05	1.392e-05	8.35641e-08
-1.856e-05	1.392e-05	1.47486e-07
-1.74e-05	1.392e-05	2.58376e-07
-1.624e-05	1.392e-05	4.47062e-07
-1.508e-05	1.392e-05	7.61752e-07
-1.392e-05	1.392e-05	1.27484e-06
-1.276e-05	1.392e-05	2.0897e-06
-1.16e-05	1.392e-05	3.34445e-06
-1.044e-05	1.392e-05	5.20704e-06
-9.28e-06	1.392e-05	7.8535e-06
-8.12e-06	1.392e-05	1.14198e-05
-6.96e-06	1.392e-05	1.5923e-05
-5.8e-06	1.392e-05	2.11628e-05
-4.64e-06	1.392e-05	2.66416e-05
-3.48e-06	1.392e-05	3.15685e-05
-2.32e-06	1.392e-05	3.50135e-05
-1.16e-06	1.392e-05	3.62079e-05
0	1.392e-05	3.48632e-05
1.16e-06	1.392e-05	3.13045e-05
2.32e-06	1.392e-05	2.632e-05
3.48e-06	1.392e-05	2.08379e-05
4.64e-06	1.392e-05	1.5633e-05
5.8e-06	1.392e-05	1.11837e-05
6.96e-06	1.392e-05	7.6746e-06
8.12e-06	1.392e-05	5.07905e-06
9.28e-06	1.392e-05	3.25709e-06
1.044e-05	1.392e-05	2.03236e-06
1.16e-05	1.392e-05	1.23841e-06
1.276e-05	1.392e-05	7.39234e-07
1.392e-05	1.392e-05	4.33448e-07
1.508e-05	1.392e-05	2.50272e-07
1.624e-05	1.392e-05	1.4267e-07
1.74e-05	1.392e-05	8.05964e-08
1.856e-05	1.392e-05	4.54878e-08
1.972e-05	1.392e-05	2.62351e-08
2.088e-05	1.392e-05	1.64571e-08
2.204e-05	1.392e-05	1.27796e-08
-2.32e-05	1.508e-05	1.3856e-08
-2.204e-05	1.508e-05	1.99364e-08
-2.088e-05	1.508e-05	3.2884e-08
-1.972e-05	1.508e-05	5.66141e-08
-1.856e-05	1.508e-05	9.79972e-08
-1.74e-05	1.508e-05	1.68306e-07
-1.624e-05	1.508e-05	2.85279e-07
-1.508e-05	1.508e-05	4.75762e-07
-1.392e-05	1.508e-05	7.78624e-07
-1.276e-05	1.508e-05	1.24712e-06
-1.16e-05	1.508e-05	1.94902e-06
-1.044e-05	1.508e-05	2.96193e-06
-9.28e-06	1.508e-05	4.36014e-06
-8.12e-06	1.508e-05	6.19032e-06
-6.96e-06	1.508e-05	8.43599e-06
-5.8e-06	1.508e-05	1.09783e-05
-4.64e-06	1.508e-05	1.35707e-05
-3.48e-06	1.508e-05	1.58532e-05
-2.32e-06	1.508e-05	1.74245e-05
-1.16e-06	1.508e-05	1.79649e-05
0	1.508e-05	1.73565e-05
1.16e-06	1.508e-05	1.57322e-05
2.32e-06	1.508e-05	1.34204e-05
3.48e-06	1.508e-05	1.08226e-05
4.64e-06	1.508e-05	8.29311e-06
5.8e-06	1.508e-05	6.07056e-06
6.96e-06	1.508e-05	4.26665e-06
8.12e-06	1.508e-05	2.89303e-06
9.28e-06	1.508e-05	1.90062e-06
1.044e-05	1.508e-05	1.21444e-06
1.16e-05	1.508e-05	7.57295e-07
1.276e-05	1.508e-05	4.62229e-07
1.392e-05	1.508e-05	2.76888e-07
1.508e-05	1.508e-05	1.63181e-07
1.624e-05	1.508e-05	9.48625e-08
1.74e-05	1.508e-05	5.46057e-08
1.856e-05	1.508e-05	3.13832e-08
1.972e-05	1.508e-05	1.84161e-08
2.088e-05	1.508e-05	1.17158e-08
2.204e-05	1.508e-05	9.12602e-09
-2.32e-05	1.624e-05	9.75848e-09
-2.204e-05	1.624e-05	1.37338e-08
-2.088e-05	1.624e-05	2.21764e-08
-1.972e-05	1.624e-05	3.74448e-08
-1.856e-05	1.624e-05	6.36076e-08
-1.74e-05	1.624e-05	1.07184e-07
-1.624e-05	1.624e-05	1.78148e-07
-1.508e-05	1.624e-05	2.91128e-07
-1.392e-05	1.624e-05	4.66569e-07
-1.276e-05	1.624e-05	7.31376e-07
-1.16e-05	1.624e-05	1.1182e-06
-1.044e-05	1.624e-05	1.66214e-06
-9.28e-06	1.624e-05	2.39359e-06
-8.12e-06	1.624e-05	3.32638e-06
-6.96e-06	1.624e-05	4.44223e-06
-5.8e-06	1.624e-05	5.67558e-06
-4.64e-06	1.624e-05	6.90644e-06
-3.48e-06	1.624e-05	7.97088e-06
-2.32e-06	1.624e-05	8.69428e-06
-1.16e-06	1.624e-05	8.94144e-06
0	1.624e-05	8.66323e-06
1.16e-06	1.624e-05	7.915e-06
2.32e-06	1.624e-05	6.8358e-06
3.48e-06	1.624e-05	5.60084e-06
4.64e-06	1.624e-05	4.372e-06
5.8e-06	1.624e-05	3.26598e-06
6.96e-06	1.624e-05	2.34517e-06
8.12e-06	1.624e-05	1.62549e-06
9.28e-06	1.624e-05	1.09176e-06
1.044e-05	1.624e-05	7.1306e-07
1.16e-05	1.624e-05	4.54308e-07
1.276e-05	1.624e-05	2.83155e-07
1.392e-05	1.624e-05	1.73082e-07
1.508e-05	1.624e-05	1.04012e-07
1.624e-05	1.624e-05	6.16098e-08
1.74e-05	1.624e-05	3.61121e-08
1.856e-05	1.624e-05	2.11219e-08
1.972e-05	1.624e-05	1.26038e-08
2.088e-05	1.624e-05	8.12725e-09
2.204e-05	1.624e-05	6.35004e-09
-2.32e-05	1.74e-05	6.70201e-09
-2.204e-05	1.74e-05	9.23389e-09
-2.088e-05	1.74e-05	1.46057e-08
-1.972e-05	1.74e-05	2.42032e-08
-1.856e-05	1.74e-05	4.03801e-08
-1.74e-05	1.74e-05	6.68246e-08
-1.624e-05	1.74e-05	1.09032e-07
-1.508e-05	1.74e-05	1.7482e-07
-1.392e-05	1.74e-05	2.74751e-07
-1.276e-05	1.74e-05	4.2219e-07
-1.16e-05	1.74e-05	6.32598e-07
-1.044e-05	1.74e-05	9.21549e-07
-9.28e-06	1.74e-05	1.301e-06
-8.12e-06	1.74e-05	1.77373e-06
-6.96e-06	1.74e-05	2.32663e-06
-5.8e-06	1.74e-05	2.92507e-06
-4.64e-06	1.74e-05	3.51128e-06
-3.48e-06	1.74e-05	4.01055e-06
-2.32e-06	1.74e-05	4.34617e-06
-1.16e-06	1.74e-05	4.46021e-06
0	1.74e-05	4.33186e-06
1.16e-06	1.74e-05	3.98454e-06
2.32e-06	1.74e-05	3.47794e-06
3.48e-06	1.74e-05	2.88915e-06
4.64e-06	1.74e-05	2.29217e-06
5.8e-06	1.74e-05	1.74341e-06
6.96e-06	1.74e-05	1.27612e-06
8.12e-06	1.74e-05	9.02255e-07
9.28e-06	1.74e-05	6.18338e-07
1.044e-05	1.74e-05	4.12072e-07
1.16e-05	1.74e-05	2.67818e-07
1.276e-05	1.74e-05	1.70206e-07
1.392e-05	1.74e-05	1.06032e-07
1.508e-05	1.74e-05	6.48994e-08
1.624e-05	1.74e-05	3.9131e-08
1.74e-05	1.74e-05	2.33342e-08
1.856e-05	1.74e-05	1.38775e-08
1.972e-05	1.74e-05	8.41191e-09
2.088e-05	1.74e-05	5.49055e-09
2.204e-05	1.74e-05	4.29758e-09
-2.32e-05	1.856e-05	4.4765e-09
-2.204e-05	1.856e-05	6.04233e-09
-2.088e-05	1.856e-05	9.37082e-09
-1.972e-05	1.856e-05	1.52552e-08
-1.856e-05	1.856e-05	2.50256e-08
-1.74e-05	1.856e-05	4.07237e-08
-1.624e-05	1.856e-05	6.53166e-08
-1.508e-05	1.856e-05	1.02907e-07
-1.392e-05	1.856e-05	1.58857e-07
-1.276e-05	1.856e-05	2.39702e-07
-1.16e-05	1.856e-05	3.52646e-07
-1.044e-05	1.856e-05	5.04461e-07
-9.28e-06	1.856e-05	6.99618e-07
-8.12e-06	1.856e-05	9.37728e-07
-6.96e-06	1.856e-05	1.21074e-06
-5.8e-06	1.856e-05	1.50086e-06
-4.64e-06	1.856e-05	1.78051e-06
-3.48e-06	1.856e-05	2.01558e-06
-2.32e-06	1.856e-05	2.17215e-06
-1.16e-06	1.856e-05	2.2251e-06
0	1.856e-05	2.16551e-06
1.16e-06	1.856e-05	2.00342e-06
2.32e-06	1.856e-05	1.76472e-06
3.48e-06	1.856e-05	1.48359e-06
4.64e-06	1.856e-05	1.19387e-06
5.8e-06	1.856e-05	9.22589e-07
6.96e-06	1.856e-05	6.86928e-07
8.12e-06	1.856e-05	4.94407e-07
9.28e-06	1.856e-05	3.45051e-07
1.044e-05	1.856e-05	2.34194e-07
1.16e-05	1.856e-05	1.55001e-07
1.276e-05	1.856e-05	1.00285e-07
1.392e-05	1.856e-05	6.35748e-08
1.508e-05	1.856e-05	3.95788e-08
1.624e-05	1.856e-05	2.42601e-08
1.74e-05	1.856e-05	1.46988e-08
1.856e-05	1.856e-05	8.87638e-09
1.972e-05	1.856e-05	5.45488e-09
2.088e-05	1.856e-05	3.59207e-09
2.204e-05	1.856e-05	2.80392e-09
-2.32e-05	1.972e-05	2.87511e-09
-2.204e-05	1.972e-05	3.80261e-09
-2.088e-05	1.972e-05	5.78982e-09
-1.972e-05	1.972e-05	9.27474e-09
-1.856e-05	1.972e-05	1.49861e-08
-1.74e-05	1.972e-05	2.40231e-08
-1.624e-05	1.972e-05	3.79476e-08
-1.508e-05	1.972e-05	5.88628e-08
-1.392e-05	1.972e-05	8.94357e-08
-1.276e-05	1.972e-05	1.32799e-07
-1.16e-05	1.972e-05	1.92247e-07
-1.044e-05	1.972e-05	2.70657e-07
-9.28e-06	1.972e-05	3.69581e-07
-8.12e-06	1.972e-05	4.88098e-07
-6.96e-06	1.972e-05	6.2166e-07
-5.8e-06	1.972e-05	7.61364e-07
-4.64e-06	1.972e-05	8.94186e-07
-3.48e-06	1.972e-05	1.00461e-06
-2.32e-06	1.972e-05	1.07758e-06
-1.16e-06	1.972e-05	1.10216e-06
0	1.972e-05	1.0745e-06
1.16e-06	1.972e-05	9.98925e-07
2.32e-06	1.972e-05	8.8674e-07
3.48e-06	1.972e-05	7.5311e-07
4.64e-06	1.972e-05	6.13469e-07
5.8e-06	1.972e-05	4.8062e-07
6.96e-06	1.972e-05	3.63197e-07
8.12e-06	1.972e-05	2.65503e-07
9.28e-06	1.972e-05	1.88278e-07
1.044e-05	1.972e-05	1.29864e-07
1.16e-05	1.972e-05	8.73412e-08
1.276e-05	1.972e-05	5.74113e-08
1.392e-05	1.972e-05	3.69637e-08
1.508e-05	1.972e-05	2.33616e-08
1.624e-05	1.972e-05	1.45304e-08
1.74e-05	1.972e-05	8.92816e-09
1.856e-05	1.972e-05	5.46196e-09
1.972e-05	1.972e-05	3.38976e-09
2.088e-05	1.972e-05	2.23265e-09
2.204e-05	1.972e-05	1.71056e-09
-2.32e-05	2.088e-05	1.70906e-09
-2.204e-05	2.088e-05	2.2115e-09
-2.088e-05	2.088e-05	3.31215e-09
-1.972e-05	2.088e-05	5.23449e-09
-1.856e-05	2.088e-05	8.35322e-09
-1.74e-05	2.088e-05	1.32272e-08
-1.624e-05	2.088e-05	2.06358e-08
-1.508e-05	2.088e-05	3.16052e-08
-1.392e-05	2.088e-05	4.74027e-08
-1.276e-05	2.088e-05	6.94688e-08
-1.16e-05	2.088e-05	9.92542e-08
-1.044e-05	2.088e-05	1.37932e-07
-9.28e-06	2.088e-05	1.85983e-07
-8.12e-06	2.088e-05	2.42698e-07
-6.96e-06	2.088e-05	3.05718e-07
-5.8e-06	2.088e-05	3.70793e-07
-4.64e-06	2.088e-05	4.31977e-07
-3.48e-06	2.088e-05	4.8239e-07
-2.32e-06	2.088e-05	5.155e-07
-1.16e-06	2.088e-05	5.26619e-07
0	2.088e-05	5.14106e-07
1.16e-06	2.088e-05	4.79808e-07
2.32e-06	2.088e-05	4.28566e-07
3.48e-06	2.088e-05	3.66971e-07
4.64e-06	2.088e-05	3.01877e-07
5.8e-06	2.088e-05	2.39142e-07
6.96e-06	2.088e-05	1.82902e-07
8.12e-06	2.088e-05	1.35405e-07
9.28e-06	2.088e-05	9.72771e-08
1.044e-05	2.088e-05	6.79837e-08
1.16e-05	2.088e-05	4.63257e-08
1.276e-05	2.088e-05	3.08468e-08
1.392e-05	2.088e-05	2.0113e-08
1.508e-05	2.088e-05	1.28687e-08
1.624e-05	2.088e-05	8.09933e-09
1.74e-05	2.088e-05	5.03238e-09
1.856e-05	2.088e-05	3.10731e-09
1.972e-05	2.088e-05	1.93237e-09
2.088e-05	2.088e-05	1.24123e-09
2.204e-05	2.088e-05	8.65091e-10
-2.32e-05	2.204e-05	8.06845e-10
-2.204e-05	2.204e-05	1.0157e-09
-2.088e-05	2.204e-05	1.50076e-09
-1.972e-05	2.204e-05	2.3494e-09
-1.856e-05	2.204e-05	3.71782e-09
-1.74e-05	2.204e-05	5.83888e-09
-1.624e-05	2.204e-05	9.03362e-09
-1.508e-05	2.204e-05	1.37181e-08
-1.392e-05	2.204e-05	2.03965e-08
-1.276e-05	2.204e-05	2.96283e-08
-1.16e-05	2.204e-05	4.19581e-08
-1.044e-05	2.204e-05	5.77993e-08
-9.28e-06	2.204e-05	7.7273e-08
-8.12e-06	2.204e-05	1.00024e-07
-6.96e-06	2.204e-05	1.25062e-07
-5.8e-06	2.204e-05	1.50691e-07
-4.64e-06	2.204e-05	1.74604e-07
-3.48e-06	2.204e-05	1.94188e-07
-2.32e-06	2.204e-05	2.06996e-07
-1.16e-06	2.204e-05	2.11288e-07
0	2.204e-05	2.06458e-07
1.16e-06	2.204e-05	1.93188e-07
2.32e-06	2.204e-05	1.73276e-07
3.48e-06	2.204e-05	1.49191e-07
4.64e-06	2.204e-05	1.23543e-07
5.8e-06	2.204e-05	9.86044e-08
6.96e-06	2.204e-05	7.60296e-08
8.12e-06	2.204e-05	5.67686e-08
9.28e-06	2.204e-05	4.11429e-08
1.044e-05	2.204e-05	2.90093e-08
1.16e-05	2.204e-05	1.99427e-08
1.276e-05	2.204e-05	1.3395e-08
1.392e-05	2.204e-05	8.80828e-09
1.508e-05	2.204e-05	5.68218e-09
1.624e-05	2.204e-05	3.60444e-09
1.74e-05	2.204e-05	2.2555e-09
1.856e-05	2.204e-05	1.39846e-09
1.972e-05	2.204e-05	8.59304e-10
2.088e-05	2.204e-05	4.9242e-10
2.204e-05	2.204e-05	9.03648e-11
