
-2.28e-05	2.4e-05	4.16573e-17
-2.16e-05	2.4e-05	-2.50311e-16
-2.04e-05	2.4e-05	-1.19848e-16
-1.92e-05	2.4e-05	-7.37808e-17
-1.8e-05	2.4e-05	7.33629e-17
-1.68e-05	2.4e-05	4.45273e-18
-1.56e-05	2.4e-05	-4.46329e-17
-1.44e-05	2.4e-05	-3.51037e-17
-1.32e-05	2.4e-05	-2.07855e-17
-1.2e-05	2.4e-05	4.78411e-17
-1.08e-05	2.4e-05	2.92447e-18
-9.6e-06	2.4e-05	9.7462e-18
-8.4e-06	2.4e-05	-3.72779e-17
-7.2e-06	2.4e-05	3.79733e-17
-6e-06	2.4e-05	-2.50733e-17
-4.8e-06	2.4e-05	4.60149e-17
-3.6e-06	2.4e-05	-3.2765e-17
-2.4e-06	2.4e-05	7.04319e-17
-1.2e-06	2.4e-05	-2.02877e-17
0	2.4e-05	4.14556e-17
1.2e-06	2.4e-05	-1.34528e-18
2.4e-06	2.4e-05	2.20762e-17
3.6e-06	2.4e-05	-1.17282e-18
4.8e-06	2.4e-05	-2.92957e-17
6e-06	2.4e-05	6.33118e-17
7.2e-06	2.4e-05	-2.61299e-18
8.4e-06	2.4e-05	-2.00772e-17
9.6e-06	2.4e-05	1.65448e-17
1.08e-05	2.4e-05	-2.42881e-17
1.2e-05	2.4e-05	1.05304e-17
1.32e-05	2.4e-05	5.99761e-17
1.44e-05	2.4e-05	-1.60742e-16
1.56e-05	2.4e-05	-2.0885e-17
1.68e-05	2.4e-05	-1.02209e-16
1.8e-05	2.4e-05	4.95888e-17
1.92e-05	2.4e-05	1.58139e-17
2.04e-05	2.4e-05	-2.03013e-16
2.16e-05	2.4e-05	-1.83547e-16
2.28e-05	2.4e-05	1.09281e-16

-2.28e-05	2.28e-05	1.17967e-16
-2.16e-05	2.28e-05	-4.28908e-17
-2.04e-05	2.28e-05	-7.22065e-17
-1.92e-05	2.28e-05	-1.87051e-16
-1.8e-05	2.28e-05	1.2779e-16
-1.68e-05	2.28e-05	-4.8238e-17
-1.56e-05	2.28e-05	6.54212e-17
-1.44e-05	2.28e-05	-1.1089e-16
-1.32e-05	2.28e-05	-5.84054e-17
-1.2e-05	2.28e-05	7.35726e-18
-1.08e-05	2.28e-05	3.97603e-17
-9.6e-06	2.28e-05	1.58019e-18
-8.4e-06	2.28e-05	5.82194e-18
-7.2e-06	2.28e-05	-9.77322e-17
-6e-06	2.28e-05	-1.30702e-17
-4.8e-06	2.28e-05	-3.12468e-17
-3.6e-06	2.28e-05	8.62789e-17
-2.4e-06	2.28e-05	4.86028e-17
-1.2e-06	2.28e-05	4.35385e-17
0	2.28e-05	-5.60807e-17
1.2e-06	2.28e-05	-7.60706e-17
2.4e-06	2.28e-05	4.76637e-17
3.6e-06	2.28e-05	2.98409e-17
4.8e-06	2.28e-05	1.88424e-16
6e-06	2.28e-05	2.77912e-17
7.2e-06	2.28e-05	6.65747e-17
8.4e-06	2.28e-05	1.09161e-17
9.6e-06	2.28e-05	-6.27398e-17
1.08e-05	2.28e-05	4.87211e-17
1.2e-05	2.28e-05	-1.32688e-17
1.32e-05	2.28e-05	6.46234e-17
1.44e-05	2.28e-05	-4.40312e-17
1.56e-05	2.28e-05	-5.43538e-17
1.68e-05	2.28e-05	-8.08415e-17
1.8e-05	2.28e-05	-2.27134e-17
1.92e-05	2.28e-05	-1.96217e-17
2.04e-05	2.28e-05	2.59052e-18
2.16e-05	2.28e-05	3.1734e-17
2.28e-05	2.28e-05	-1.51892e-16

-2.28e-05	2.16e-05	6.15502e-17
-2.16e-05	2.16e-05	1.87797e-16
-2.04e-05	2.16e-05	3.85647e-17
-1.92e-05	2.16e-05	-2.14453e-16
-1.8e-05	2.16e-05	-9.65864e-17
-1.68e-05	2.16e-05	-1.01459e-16
-1.56e-05	2.16e-05	-7.6993e-17
-1.44e-05	2.16e-05	-6.35278e-17
-1.32e-05	2.16e-05	-1.05782e-16
-1.2e-05	2.16e-05	4.01978e-17
-1.08e-05	2.16e-05	2.90264e-17
-9.6e-06	2.16e-05	2.66358e-17
-8.4e-06	2.16e-05	1.13248e-16
-7.2e-06	2.16e-05	-1.60817e-16
-6e-06	2.16e-05	-3.66146e-16
-4.8e-06	2.16e-05	-2.98874e-16
-3.6e-06	2.16e-05	1.31359e-17
-2.4e-06	2.16e-05	3.07199e-16
-1.2e-06	2.16e-05	6.24278e-17
0	2.16e-05	-1.30889e-16
1.2e-06	2.16e-05	1.04706e-16
2.4e-06	2.16e-05	-3.16782e-16
3.6e-06	2.16e-05	-7.70185e-17
4.8e-06	2.16e-05	6.91578e-17
6e-06	2.16e-05	-2.03237e-16
7.2e-06	2.16e-05	-3.33901e-16
8.4e-06	2.16e-05	3.81732e-18
9.6e-06	2.16e-05	1.18071e-16
1.08e-05	2.16e-05	2.6646e-18
1.2e-05	2.16e-05	-4.33101e-17
1.32e-05	2.16e-05	-8.03416e-17
1.44e-05	2.16e-05	-3.1006e-18
1.56e-05	2.16e-05	4.24133e-17
1.68e-05	2.16e-05	-9.65663e-17
1.8e-05	2.16e-05	7.42431e-18
1.92e-05	2.16e-05	-1.11399e-16
2.04e-05	2.16e-05	2.87487e-17
2.16e-05	2.16e-05	3.40263e-17
2.28e-05	2.16e-05	-1.39346e-17

-2.28e-05	2.04e-05	1.68355e-17
-2.16e-05	2.04e-05	1.90276e-17
-2.04e-05	2.04e-05	-1.59006e-16
-1.92e-05	2.04e-05	-1.55067e-16
-1.8e-05	2.04e-05	-1.37743e-16
-1.68e-05	2.04e-05	-1.60422e-16
-1.56e-05	2.04e-05	-2.51859e-17
-1.44e-05	2.04e-05	-2.3484e-17
-1.32e-05	2.04e-05	5.6283e-18
-1.2e-05	2.04e-05	2.82956e-17
-1.08e-05	2.04e-05	-3.12238e-17
-9.6e-06	2.04e-05	1.36099e-17
-8.4e-06	2.04e-05	-2.09228e-18
-7.2e-06	2.04e-05	-3.70083e-17
-6e-06	2.04e-05	-4.09329e-17
-4.8e-06	2.04e-05	-1.59904e-17
-3.6e-06	2.04e-05	-4.28544e-17
-2.4e-06	2.04e-05	2.83323e-17
-1.2e-06	2.04e-05	-2.05812e-17
0	2.04e-05	-3.68239e-17
1.2e-06	2.04e-05	1.67662e-17
2.4e-06	2.04e-05	2.83573e-17
3.6e-06	2.04e-05	7.0619e-17
4.8e-06	2.04e-05	1.22677e-18
6e-06	2.04e-05	3.03344e-17
7.2e-06	2.04e-05	-4.67977e-17
8.4e-06	2.04e-05	9.31745e-17
9.6e-06	2.04e-05	1.30325e-17
1.08e-05	2.04e-05	-3.04297e-17
1.2e-05	2.04e-05	-3.21808e-18
1.32e-05	2.04e-05	-1.75408e-17
1.44e-05	2.04e-05	2.01572e-17
1.56e-05	2.04e-05	1.13878e-17
1.68e-05	2.04e-05	-5.83223e-18
1.8e-05	2.04e-05	-5.89288e-17
1.92e-05	2.04e-05	-6.24215e-17
2.04e-05	2.04e-05	-1.209e-16
2.16e-05	2.04e-05	-1.16159e-16
2.28e-05	2.04e-05	-8.20766e-17

-2.28e-05	1.92e-05	-1.24451e-16
-2.16e-05	1.92e-05	-1.34137e-16
-2.04e-05	1.92e-05	-1.6681e-16
-1.92e-05	1.92e-05	-1.3346e-16
-1.8e-05	1.92e-05	-1.27088e-16
-1.68e-05	1.92e-05	-3.92193e-17
-1.56e-05	1.92e-05	-1.93513e-17
-1.44e-05	1.92e-05	-7.74976e-17
-1.32e-05	1.92e-05	1.88213e-17
-1.2e-05	1.92e-05	4.17338e-17
-1.08e-05	1.92e-05	1.19257e-18
-9.6e-06	1.92e-05	-2.78852e-17
-8.4e-06	1.92e-05	-1.36745e-17
-7.2e-06	1.92e-05	-5.84385e-17
-6e-06	1.92e-05	-7.24638e-17
-4.8e-06	1.92e-05	-2.64847e-16
-3.6e-06	1.92e-05	-3.66574e-16
-2.4e-06	1.92e-05	-3.0093e-16
-1.2e-06	1.92e-05	-7.10208e-17
0	1.92e-05	8.57906e-17
1.2e-06	1.92e-05	3.50821e-16
2.4e-06	1.92e-05	4.3422e-16
3.6e-06	1.92e-05	2.38183e-16
4.8e-06	1.92e-05	1.56771e-16
6e-06	1.92e-05	1.81904e-17
7.2e-06	1.92e-05	2.81196e-17
8.4e-06	1.92e-05	-4.76555e-18
9.6e-06	1.92e-05	3.88019e-17
1.08e-05	1.92e-05	3.9542e-17
1.2e-05	1.92e-05	-1.52696e-17
1.32e-05	1.92e-05	4.69271e-17
1.44e-05	1.92e-05	1.33985e-17
1.56e-05	1.92e-05	2.17992e-17
1.68e-05	1.92e-05	-5.96253e-17
1.8e-05	1.92e-05	-2.97353e-17
1.92e-05	1.92e-05	-8.15402e-17
2.04e-05	1.92e-05	-1.16975e-16
2.16e-05	1.92e-05	-1.69766e-16
2.28e-05	1.92e-05	-1.20937e-16

-2.28e-05	1.8e-05	-1.3456e-16
-2.16e-05	1.8e-05	-2.00048e-16
-2.04e-05	1.8e-05	-1.27121e-16
-1.92e-05	1.8e-05	-1.72463e-16
-1.8e-05	1.8e-05	-7.43123e-17
-1.68e-05	1.8e-05	-1.23785e-16
-1.56e-05	1.8e-05	-1.48425e-17
-1.44e-05	1.8e-05	2.50596e-17
-1.32e-05	1.8e-05	7.54434e-17
-1.2e-05	1.8e-05	3.18562e-17
-1.08e-05	1.8e-05	-5.55882e-17
-9.6e-06	1.8e-05	-8.39744e-18
-8.4e-06	1.8e-05	-1.19195e-16
-7.2e-06	1.8e-05	-4.23086e-16
-6e-06	1.8e-05	-1.33342e-15
-4.8e-06	1.8e-05	-3.25083e-15
-3.6e-06	1.8e-05	-5.03636e-15
-2.4e-06	1.8e-05	-4.6871e-15
-1.2e-06	1.8e-05	-1.76261e-15
0	1.8e-05	2.36734e-15
1.2e-06	1.8e-05	5.43267e-15
2.4e-06	1.8e-05	5.82051e-15
3.6e-06	1.8e-05	4.00478e-15
4.8e-06	1.8e-05	1.72758e-15
6e-06	1.8e-05	5.95637e-16
7.2e-06	1.8e-05	1.47135e-16
8.4e-06	1.8e-05	1.55997e-17
9.6e-06	1.8e-05	1.89419e-17
1.08e-05	1.8e-05	1.96837e-17
1.2e-05	1.8e-05	1.36362e-17
1.32e-05	1.8e-05	-2.21325e-18
1.44e-05	1.8e-05	4.06115e-17
1.56e-05	1.8e-05	5.69649e-17
1.68e-05	1.8e-05	2.60088e-17
1.8e-05	1.8e-05	1.46033e-17
1.92e-05	1.8e-05	-3.18476e-17
2.04e-05	1.8e-05	-1.51535e-16
2.16e-05	1.8e-05	-5.32205e-18
2.28e-05	1.8e-05	-1.97866e-16

-2.28e-05	1.68e-05	-2.1145e-16
-2.16e-05	1.68e-05	-6.62578e-17
-2.04e-05	1.68e-05	-1.71962e-16
-1.92e-05	1.68e-05	-3.43435e-17
-1.8e-05	1.68e-05	-9.31078e-17
-1.68e-05	1.68e-05	-1.33448e-17
-1.56e-05	1.68e-05	9.36469e-17
-1.44e-05	1.68e-05	6.35326e-17
-1.32e-05	1.68e-05	2.37344e-18
-1.2e-05	1.68e-05	-3.24369e-17
-1.08e-05	1.68e-05	-7.08481e-17
-9.6e-06	1.68e-05	-2.45828e-16
-8.4e-06	1.68e-05	-1.32109e-15
-7.2e-06	1.68e-05	-5.39999e-15
-6e-06	1.68e-05	-1.83184e-14
-4.8e-06	1.68e-05	-4.5735e-14
-3.6e-06	1.68e-05	-7.37398e-14
-2.4e-06	1.68e-05	-6.96072e-14
-1.2e-06	1.68e-05	-2.60694e-14
0	1.68e-05	3.51144e-14
1.2e-06	1.68e-05	7.9961e-14
2.4e-06	1.68e-05	8.56423e-14
3.6e-06	1.68e-05	5.68346e-14
4.8e-06	1.68e-05	2.38959e-14
6e-06	1.68e-05	7.27607e-15
7.2e-06	1.68e-05	1.77505e-15
8.4e-06	1.68e-05	3.88842e-16
9.6e-06	1.68e-05	5.88166e-17
1.08e-05	1.68e-05	-8.49769e-18
1.2e-05	1.68e-05	2.33228e-17
1.32e-05	1.68e-05	5.03281e-17
1.44e-05	1.68e-05	-3.96637e-17
1.56e-05	1.68e-05	1.9546e-17
1.68e-05	1.68e-05	7.16565e-17
1.8e-05	1.68e-05	-2.80502e-18
1.92e-05	1.68e-05	1.85411e-17
2.04e-05	1.68e-05	2.56756e-17
2.16e-05	1.68e-05	-1.13005e-16
2.28e-05	1.68e-05	-8.59533e-17

-2.28e-05	1.56e-05	-9.12387e-17
-2.16e-05	1.56e-05	-7.77861e-17
-2.04e-05	1.56e-05	-4.86211e-17
-1.92e-05	1.56e-05	-2.07211e-17
-1.8e-05	1.56e-05	-6.24781e-17
-1.68e-05	1.56e-05	5.62603e-17
-1.56e-05	1.56e-05	1.41077e-17
-1.44e-05	1.56e-05	-1.07265e-16
-1.32e-05	1.56e-05	7.79541e-17
-1.2e-05	1.56e-05	-1.08264e-16
-1.08e-05	1.56e-05	-4.77134e-16
-9.6e-06	1.56e-05	-2.91826e-15
-8.4e-06	1.56e-05	-1.51936e-14
-7.2e-06	1.56e-05	-6.82609e-14
-6e-06	1.56e-05	-2.45903e-13
-4.8e-06	1.56e-05	-6.48298e-13
-3.6e-06	1.56e-05	-1.07834e-12
-2.4e-06	1.56e-05	-1.02931e-12
-1.2e-06	1.56e-05	-3.87991e-13
0	1.56e-05	5.16059e-13
1.2e-06	1.56e-05	1.1762e-12
2.4e-06	1.56e-05	1.24979e-12
3.6e-06	1.56e-05	8.1151e-13
4.8e-06	1.56e-05	3.23059e-13
6e-06	1.56e-05	9.23719e-14
7.2e-06	1.56e-05	2.09983e-14
8.4e-06	1.56e-05	4.07732e-15
9.6e-06	1.56e-05	6.98442e-16
1.08e-05	1.56e-05	7.01666e-17
1.2e-05	1.56e-05	-5.71617e-17
1.32e-05	1.56e-05	5.74901e-17
1.44e-05	1.56e-05	7.73423e-17
1.56e-05	1.56e-05	-2.26758e-17
1.68e-05	1.56e-05	5.65917e-17
1.8e-05	1.56e-05	1.6262e-17
1.92e-05	1.56e-05	5.07533e-17
2.04e-05	1.56e-05	-2.16373e-18
2.16e-05	1.56e-05	-3.91348e-17
2.28e-05	1.56e-05	-4.66028e-17

-2.28e-05	1.44e-05	-5.30086e-17
-2.16e-05	1.44e-05	-8.4914e-17
-2.04e-05	1.44e-05	-3.19275e-17
-1.92e-05	1.44e-05	-4.24686e-17
-1.8e-05	1.44e-05	1.91372e-17
-1.68e-05	1.44e-05	7.81441e-17
-1.56e-05	1.44e-05	-5.98465e-17
-1.44e-05	1.44e-05	7.56734e-17
-1.32e-05	1.44e-05	-1.00083e-16
-1.2e-05	1.44e-05	-7.77766e-16
-1.08e-05	1.44e-05	-4.95147e-15
-9.6e-06	1.44e-05	-3.09931e-14
-8.4e-06	1.44e-05	-1.75238e-13
-7.2e-06	1.44e-05	-8.44044e-13
-6e-06	1.44e-05	-3.26656e-12
-4.8e-06	1.44e-05	-9.17576e-12
-3.6e-06	1.44e-05	-1.57934e-11
-2.4e-06	1.44e-05	-1.52098e-11
-1.2e-06	1.44e-05	-5.77264e-12
0	1.44e-05	7.57387e-12
1.2e-06	1.44e-05	1.7289e-11
2.4e-06	1.44e-05	1.82604e-11
3.6e-06	1.44e-05	1.15719e-11
4.8e-06	1.44e-05	4.32814e-12
6e-06	1.44e-05	1.15141e-12
7.2e-06	1.44e-05	2.43471e-13
8.4e-06	1.44e-05	4.36924e-14
9.6e-06	1.44e-05	6.96731e-15
1.08e-05	1.44e-05	1.00958e-15
1.2e-05	1.44e-05	6.81819e-17
1.32e-05	1.44e-05	-6.54109e-17
1.44e-05	1.44e-05	2.18733e-17
1.56e-05	1.44e-05	3.03327e-18
1.68e-05	1.44e-05	1.06817e-17
1.8e-05	1.44e-05	1.14686e-16
1.92e-05	1.44e-05	-1.45132e-17
2.04e-05	1.44e-05	3.45038e-17
2.16e-05	1.44e-05	1.35423e-17
2.28e-05	1.44e-05	9.96995e-17

-2.28e-05	1.32e-05	2.14302e-17
-2.16e-05	1.32e-05	-2.04416e-17
-2.04e-05	1.32e-05	6.21361e-17
-1.92e-05	1.32e-05	3.06222e-17
-1.8e-05	1.32e-05	1.59563e-16
-1.68e-05	1.32e-05	8.13072e-17
-1.56e-05	1.32e-05	5.83069e-17
-1.44e-05	1.32e-05	2.50935e-17
-1.32e-05	1.32e-05	-7.79541e-16
-1.2e-05	1.32e-05	-6.26499e-15
-1.08e-05	1.32e-05	-4.69096e-14
-9.6e-06	1.32e-05	-3.21751e-13
-8.4e-06	1.32e-05	-1.95991e-12
-7.2e-06	1.32e-05	-1.02226e-11
-6e-06	1.32e-05	-4.28765e-11
-4.8e-06	1.32e-05	-1.2957e-10
-3.6e-06	1.32e-05	-2.31473e-10
-2.4e-06	1.32e-05	-2.24849e-10
-1.2e-06	1.32e-05	-8.58893e-11
0	1.32e-05	1.11185e-10
1.2e-06	1.32e-05	2.5426e-10
2.4e-06	1.32e-05	2.66961e-10
3.6e-06	1.32e-05	1.6486e-10
4.8e-06	1.32e-05	5.73665e-11
6e-06	1.32e-05	1.40681e-11
7.2e-06	1.32e-05	2.74447e-12
8.4e-06	1.32e-05	4.55763e-13
9.6e-06	1.32e-05	6.70777e-14
1.08e-05	1.32e-05	8.92236e-15
1.2e-05	1.32e-05	9.8815e-16
1.32e-05	1.32e-05	1.65538e-17
1.44e-05	1.32e-05	-1.38125e-16
1.56e-05	1.32e-05	-1.05894e-16
1.68e-05	1.32e-05	-1.1104e-16
1.8e-05	1.32e-05	-8.26775e-17
1.92e-05	1.32e-05	-1.40147e-17
2.04e-05	1.32e-05	-3.43996e-17
2.16e-05	1.32e-05	2.13945e-17
2.28e-05	1.32e-05	-7.6382e-17

-2.28e-05	1.2e-05	9.81751e-18
-2.16e-05	1.2e-05	7.02506e-17
-2.04e-05	1.2e-05	9.19596e-17
-1.92e-05	1.2e-05	3.97787e-16
-1.8e-05	1.2e-05	7.6746e-16
-1.68e-05	1.2e-05	1.13766e-15
-1.56e-05	1.2e-05	1.4962e-15
-1.44e-05	1.2e-05	1.16911e-15
-1.32e-05	1.2e-05	-4.17798e-15
-1.2e-05	1.2e-05	-5.16107e-14
-1.08e-05	1.2e-05	-4.30736e-13
-9.6e-06	1.2e-05	-3.19654e-12
-8.4e-06	1.2e-05	-2.11655e-11
-7.2e-06	1.2e-05	-1.20627e-10
-6e-06	1.2e-05	-5.54484e-10
-4.8e-06	1.2e-05	-1.8244e-09
-3.6e-06	1.2e-05	-3.39555e-09
-2.4e-06	1.2e-05	-3.32543e-09
-1.2e-06	1.2e-05	-1.27787e-09
0	1.2e-05	1.63289e-09
1.2e-06	1.2e-05	3.74104e-09
2.4e-06	1.2e-05	3.90571e-09
3.6e-06	1.2e-05	2.34615e-09
4.8e-06	1.2e-05	7.5002e-10
6e-06	1.2e-05	1.67607e-10
7.2e-06	1.2e-05	2.98819e-11
8.4e-06	1.2e-05	4.55927e-12
9.6e-06	1.2e-05	6.19531e-13
1.08e-05	1.2e-05	7.56897e-14
1.2e-05	1.2e-05	7.21628e-15
1.32e-05	1.2e-05	-7.02615e-16
1.44e-05	1.2e-05	-1.32972e-15
1.56e-05	1.2e-05	-1.09961e-15
1.68e-05	1.2e-05	-8.05902e-16
1.8e-05	1.2e-05	-4.35497e-16
1.92e-05	1.2e-05	-2.3091e-16
2.04e-05	1.2e-05	-1.32283e-16
2.16e-05	1.2e-05	-1.34734e-16
2.28e-05	1.2e-05	-8.58552e-17

-2.28e-05	1.08e-05	9.52659e-17
-2.16e-05	1.08e-05	5.98915e-16
-2.04e-05	1.08e-05	2.30049e-15
-1.92e-05	1.08e-05	6.08785e-15
-1.8e-05	1.08e-05	1.19342e-14
-1.68e-05	1.08e-05	1.81475e-14
-1.56e-05	1.08e-05	2.32436e-14
-1.44e-05	1.08e-05	2.31853e-14
-1.32e-05	1.08e-05	-1.59389e-14
-1.2e-05	1.08e-05	-3.98988e-13
-1.08e-05	1.08e-05	-3.71292e-12
-9.6e-06	1.08e-05	-3.00837e-11
-8.4e-06	1.08e-05	-2.18551e-10
-7.2e-06	1.08e-05	-1.37657e-09
-6e-06	1.08e-05	-7.03282e-09
-4.8e-06	1.08e-05	-2.5601e-08
-3.6e-06	1.08e-05	-4.98597e-08
-2.4e-06	1.08e-05	-4.9202e-08
-1.2e-06	1.08e-05	-1.90108e-08
0	1.08e-05	2.39907e-08
1.2e-06	1.08e-05	5.50688e-08
2.4e-06	1.08e-05	5.71866e-08
3.6e-06	1.08e-05	3.33481e-08
4.8e-06	1.08e-05	9.63071e-09
6e-06	1.08e-05	1.93277e-09
7.2e-06	1.08e-05	3.11229e-10
8.4e-06	1.08e-05	4.32166e-11
9.6e-06	1.08e-05	5.37651e-12
1.08e-05	1.08e-05	5.96285e-13
1.2e-05	1.08e-05	4.12757e-14
1.32e-05	1.08e-05	-1.71181e-14
1.44e-05	1.08e-05	-1.98828e-14
1.56e-05	1.08e-05	-1.5899e-14
1.68e-05	1.08e-05	-1.07375e-14
1.8e-05	1.08e-05	-5.77919e-15
1.92e-05	1.08e-05	-2.3274e-15
2.04e-05	1.08e-05	-7.88901e-16
2.16e-05	1.08e-05	-2.66664e-16
2.28e-05	1.08e-05	-7.64842e-17

-2.28e-05	9.6e-06	2.0022e-15
-2.16e-05	9.6e-06	8.84772e-15
-2.04e-05	9.6e-06	3.14253e-14
-1.92e-05	9.6e-06	8.57919e-14
-1.8e-05	9.6e-06	1.70001e-13
-1.68e-05	9.6e-06	2.59426e-13
-1.56e-05	9.6e-06	3.35543e-13
-1.44e-05	9.6e-06	3.684e-13
-1.32e-05	9.6e-06	1.2034e-13
-1.2e-05	9.6e-06	-2.71093e-12
-1.08e-05	9.6e-06	-2.94888e-11
-9.6e-06	9.6e-06	-2.63961e-10
-8.4e-06	9.6e-06	-2.12771e-09
-7.2e-06	9.6e-06	-1.5023e-08
-6e-06	9.6e-06	-8.68826e-08
-4.8e-06	9.6e-06	-3.57777e-07
-3.6e-06	9.6e-06	-7.32953e-07
-2.4e-06	9.6e-06	-7.28256e-07
-1.2e-06	9.6e-06	-2.82791e-07
0	9.6e-06	3.52605e-07
1.2e-06	9.6e-06	8.10978e-07
2.4e-06	9.6e-06	8.38028e-07
3.6e-06	9.6e-06	4.73367e-07
4.8e-06	9.6e-06	1.20648e-07
6e-06	9.6e-06	2.1334e-08
7.2e-06	9.6e-06	3.05741e-09
8.4e-06	9.6e-06	3.81912e-10
9.6e-06	9.6e-06	4.30367e-11
1.08e-05	9.6e-06	4.20676e-12
1.2e-05	9.6e-06	8.57987e-14
1.32e-05	9.6e-06	-2.98687e-13
1.44e-05	9.6e-06	-2.88606e-13
1.56e-05	9.6e-06	-2.26719e-13
1.68e-05	9.6e-06	-1.52131e-13
1.8e-05	9.6e-06	-8.03957e-14
1.92e-05	9.6e-06	-3.06066e-14
2.04e-05	9.6e-06	-8.9234e-15
2.16e-05	9.6e-06	-2.09038e-15
2.28e-05	9.6e-06	2.13743e-16

-2.28e-05	8.4e-06	2.41924e-14
-2.16e-05	8.4e-06	1.10775e-13
-2.04e-05	8.4e-06	4.15547e-13
-1.92e-05	8.4e-06	1.1886e-12
-1.8e-05	8.4e-06	2.40915e-12
-1.68e-05	8.4e-06	3.69617e-12
-1.56e-05	8.4e-06	4.8088e-12
-1.44e-05	8.4e-06	5.5149e-12
-1.32e-05	8.4e-06	4.31706e-12
-1.2e-05	8.4e-06	-1.43343e-11
-1.08e-05	8.4e-06	-2.09358e-10
-9.6e-06	8.4e-06	-2.10701e-09
-8.4e-06	8.4e-06	-1.91094e-08
-7.2e-06	8.4e-06	-1.54018e-07
-6e-06	8.4e-06	-1.03363e-06
-4.8e-06	8.4e-06	-4.97512e-06
-3.6e-06	8.4e-06	-1.07883e-05
-2.4e-06	8.4e-06	-1.07828e-05
-1.2e-06	8.4e-06	-4.20597e-06
0	8.4e-06	5.18424e-06
1.2e-06	8.4e-06	1.19478e-05
2.4e-06	8.4e-06	1.22921e-05
3.6e-06	8.4e-06	6.70902e-06
4.8e-06	8.4e-06	1.45845e-06
6e-06	8.4e-06	2.21438e-07
7.2e-06	8.4e-06	2.77129e-08
8.4e-06	8.4e-06	3.06954e-09
9.6e-06	8.4e-06	3.08653e-10
1.08e-05	8.4e-06	2.47203e-11
1.2e-05	8.4e-06	-2.55431e-12
1.32e-05	8.4e-06	-4.63943e-12
1.44e-05	8.4e-06	-4.15016e-12
1.56e-05	8.4e-06	-3.23147e-12
1.68e-05	8.4e-06	-2.15693e-12
1.8e-05	8.4e-06	-1.11895e-12
1.92e-05	8.4e-06	-4.05501e-13
2.04e-05	8.4e-06	-1.10621e-13
2.16e-05	8.4e-06	-2.34938e-14
2.28e-05	8.4e-06	3.12673e-15

-2.28e-05	7.2e-06	2.76929e-13
-2.16e-05	7.2e-06	1.35549e-12
-2.04e-05	7.2e-06	5.43079e-12
-1.92e-05	7.2e-06	1.64281e-11
-1.8e-05	7.2e-06	3.41379e-11
-1.68e-05	7.2e-06	5.2656e-11
-1.56e-05	7.2e-06	6.86869e-11
-1.44e-05	7.2e-06	8.02259e-11
-1.32e-05	7.2e-06	7.89329e-11
-1.2e-05	7.2e-06	-2.54485e-11
-1.08e-05	7.2e-06	-1.25513e-09
-9.6e-06	7.2e-06	-1.46956e-08
-8.4e-06	7.2e-06	-1.52632e-07
-7.2e-06	7.2e-06	-1.43791e-06
-6e-06	7.2e-06	-1.15998e-05
-4.8e-06	7.2e-06	-6.87589e-05
-3.6e-06	7.2e-06	-0.00015902
-2.4e-06	7.2e-06	-0.000159699
-1.2e-06	7.2e-06	-6.25442e-05
0	7.2e-06	7.62462e-05
1.2e-06	7.2e-06	0.000176088
2.4e-06	7.2e-06	0.000180481
3.6e-06	7.2e-06	9.4923e-05
4.8e-06	7.2e-06	1.66759e-05
6e-06	7.2e-06	2.09501e-06
7.2e-06	7.2e-06	2.23286e-07
8.4e-06	7.2e-06	2.15339e-08
9.6e-06	7.2e-06	1.88408e-09
1.08e-05	7.2e-06	9.18612e-11
1.2e-05	7.2e-06	-6.17223e-11
1.32e-05	7.2e-06	-6.84743e-11
1.44e-05	7.2e-06	-5.9358e-11
1.56e-05	7.2e-06	-4.60387e-11
1.68e-05	7.2e-06	-3.0588e-11
1.8e-05	7.2e-06	-1.55613e-11
1.92e-05	7.2e-06	-5.33634e-12
2.04e-05	7.2e-06	-1.36147e-12
2.16e-05	7.2e-06	-2.71852e-13
2.28e-05	7.2e-06	2.60708e-14

-2.28e-05	6e-06	3.07758e-12
-2.16e-05	6e-06	1.62341e-11
-2.04e-05	6e-06	7.01526e-11
-1.92e-05	6e-06	2.26504e-10
-1.8e-05	6e-06	4.83886e-10
-1.68e-05	6e-06	7.50122e-10
-1.56e-05	6e-06	9.79753e-10
-1.44e-05	6e-06	1.15204e-09
-1.32e-05	6e-06	1.22504e-09
-1.2e-05	6e-06	7.76521e-10
-1.08e-05	6e-06	-5.48897e-09
-9.6e-06	6e-06	-8.30831e-08
-8.4e-06	6e-06	-1.01141e-06
-7.2e-06	6e-06	-1.14864e-05
-6e-06	6e-06	-0.000117483
-4.8e-06	6e-06	-0.000943021
-3.6e-06	6e-06	-0.0023478
-2.4e-06	6e-06	-0.00236575
-1.2e-06	6e-06	-0.000929851
0	6e-06	0.0011217
1.2e-06	6e-06	0.00259605
2.4e-06	6e-06	0.00265288
3.6e-06	6e-06	0.00134041
4.8e-06	6e-06	0.000172819
6e-06	6e-06	1.69624e-05
7.2e-06	6e-06	1.48831e-06
8.4e-06	6e-06	1.22088e-07
9.6e-06	6e-06	8.71708e-09
1.08e-05	6e-06	-3.52619e-10
1.2e-05	6e-06	-1.02497e-09
1.32e-05	6e-06	-9.88266e-10
1.44e-05	6e-06	-8.47013e-10
1.56e-05	6e-06	-6.5581e-10
1.68e-05	6e-06	-4.33869e-10
1.8e-05	6e-06	-2.16118e-10
1.92e-05	6e-06	-6.9487e-11
2.04e-05	6e-06	-1.64301e-11
2.16e-05	6e-06	-3.06436e-12
2.28e-05	6e-06	1.91853e-13

-2.28e-05	4.8e-06	3.3056e-11
-2.16e-05	4.8e-06	1.8952e-10
-2.04e-05	4.8e-06	8.9312e-10
-1.92e-05	4.8e-06	3.11445e-09
-1.8e-05	4.8e-06	6.86142e-09
-1.68e-05	4.8e-06	1.06872e-08
-1.56e-05	4.8e-06	1.39684e-08
-1.44e-05	4.8e-06	1.64571e-08
-1.32e-05	4.8e-06	1.79223e-08
-1.2e-05	4.8e-06	1.69223e-08
-1.08e-05	4.8e-06	-5.7366e-09
-9.6e-06	4.8e-06	-3.20053e-07
-8.4e-06	4.8e-06	-4.73228e-06
-7.2e-06	4.8e-06	-6.69359e-05
-6e-06	4.8e-06	-0.000945181
-4.8e-06	4.8e-06	-0.0128077
-3.6e-06	4.8e-06	-0.0347278
-2.4e-06	4.8e-06	-0.0350503
-1.2e-06	4.8e-06	-0.0138208
0	4.8e-06	0.0165061
1.2e-06	4.8e-06	0.0382836
2.4e-06	4.8e-06	0.0390419
3.6e-06	4.8e-06	0.018886
4.8e-06	4.8e-06	0.00143749
6e-06	4.8e-06	9.95534e-05
7.2e-06	4.8e-06	6.90512e-06
8.4e-06	4.8e-06	4.67648e-07
9.6e-06	4.8e-06	1.81956e-08
1.08e-05	4.8e-06	-1.35206e-08
1.2e-05	4.8e-06	-1.52723e-08
1.32e-05	4.8e-06	-1.41373e-08
1.44e-05	4.8e-06	-1.20763e-08
1.56e-05	4.8e-06	-9.34224e-09
1.68e-05	4.8e-06	-6.15595e-09
1.8e-05	4.8e-06	-2.99703e-09
1.92e-05	4.8e-06	-8.92576e-10
2.04e-05	4.8e-06	-1.93382e-10
2.16e-05	4.8e-06	-3.33424e-11
2.28e-05	4.8e-06	1.16021e-12

-2.28e-05	3.6e-06	3.4018e-10
-2.16e-05	3.6e-06	2.14083e-09
-2.04e-05	3.6e-06	1.11558e-08
-1.92e-05	3.6e-06	4.2687e-08
-1.8e-05	3.6e-06	9.73406e-08
-1.68e-05	3.6e-06	1.52287e-07
-1.56e-05	3.6e-06	1.99124e-07
-1.44e-05	3.6e-06	2.34692e-07
-1.32e-05	3.6e-06	2.56967e-07
-1.2e-05	3.6e-06	2.62342e-07
-1.08e-05	3.6e-06	2.15293e-07
-9.6e-06	3.6e-06	-3.85738e-07
-8.4e-06	3.6e-06	-8.72048e-06
-7.2e-06	3.6e-06	-0.000127559
-6e-06	3.6e-06	-0.00182813
-4.8e-06	3.6e-06	-0.0247242
-3.6e-06	3.6e-06	-0.0628106
-2.4e-06	3.6e-06	-0.0631515
-1.2e-06	3.6e-06	-0.0255038
0	3.6e-06	0.0281321
1.2e-06	3.6e-06	0.0664441
2.4e-06	3.6e-06	0.0672336
3.6e-06	3.6e-06	0.0302366
4.8e-06	3.6e-06	0.00228029
6e-06	3.6e-06	0.000158243
7.2e-06	3.6e-06	1.08278e-05
8.4e-06	3.6e-06	5.62605e-07
9.6e-06	3.6e-06	-1.66825e-07
1.08e-05	3.6e-06	-2.22533e-07
1.2e-05	3.6e-06	-2.19777e-07
1.32e-05	3.6e-06	-2.01659e-07
1.44e-05	3.6e-06	-1.72139e-07
1.56e-05	3.6e-06	-1.33098e-07
1.68e-05	3.6e-06	-8.7376e-08
1.8e-05	3.6e-06	-4.1493e-08
1.92e-05	3.6e-06	-1.12611e-08
2.04e-05	3.6e-06	-2.20372e-09
2.16e-05	3.6e-06	-3.47149e-10
2.28e-05	3.6e-06	4.42784e-12

-2.28e-05	2.4e-06	3.31279e-09
-2.16e-05	2.4e-06	2.31431e-08
-2.04e-05	2.4e-06	1.35768e-07
-1.92e-05	2.4e-06	5.8285e-07
-1.8e-05	2.4e-06	1.38177e-06
-1.68e-05	2.4e-06	2.17035e-06
-1.56e-05	2.4e-06	2.83854e-06
-1.44e-05	2.4e-06	3.34558e-06
-1.32e-05	2.4e-06	3.66555e-06
-1.2e-05	2.4e-06	3.77877e-06
-1.08e-05	2.4e-06	3.63166e-06
-9.6e-06	2.4e-06	2.5498e-06
-8.4e-06	2.4e-06	-9.19399e-06
-7.2e-06	2.4e-06	-0.00017142
-6e-06	2.4e-06	-0.0024917
-4.8e-06	2.4e-06	-0.0335275
-3.6e-06	2.4e-06	-0.0818042
-2.4e-06	2.4e-06	-0.0821525
-1.2e-06	2.4e-06	-0.0341581
0	2.4e-06	0.0341054
1.2e-06	2.4e-06	0.0825831
2.4e-06	2.4e-06	0.083079
3.6e-06	2.4e-06	0.0357316
4.8e-06	2.4e-06	0.00267125
6e-06	2.4e-06	0.000183741
7.2e-06	2.4e-06	1.04424e-05
8.4e-06	2.4e-06	-1.97577e-06
9.6e-06	2.4e-06	-3.07229e-06
1.08e-05	2.4e-06	-3.2202e-06
1.2e-05	2.4e-06	-3.13602e-06
1.32e-05	2.4e-06	-2.87466e-06
1.44e-05	2.4e-06	-2.45365e-06
1.56e-05	2.4e-06	-1.89647e-06
1.68e-05	2.4e-06	-1.24075e-06
1.8e-05	2.4e-06	-5.73402e-07
1.92e-05	2.4e-06	-1.38614e-07
2.04e-05	2.4e-06	-2.40499e-08
2.16e-05	2.4e-06	-3.41503e-09
2.28e-05	2.4e-06	-9.9803e-12

-2.28e-05	1.2e-06	2.99835e-08
-2.16e-05	1.2e-06	2.35285e-07
-2.04e-05	1.2e-06	1.59162e-06
-1.92e-05	1.2e-06	7.92197e-06
-1.8e-05	1.2e-06	1.9629e-05
-1.68e-05	1.2e-06	3.09361e-05
-1.56e-05	1.2e-06	4.04642e-05
-1.44e-05	1.2e-06	4.76893e-05
-1.32e-05	1.2e-06	5.22524e-05
-1.2e-05	1.2e-06	5.39161e-05
-1.08e-05	1.2e-06	5.25384e-05
-9.6e-06	1.2e-06	4.743e-05
-8.4e-06	1.2e-06	2.8017e-05
-7.2e-06	1.2e-06	-0.000160333
-6e-06	1.2e-06	-0.00274681
-4.8e-06	1.2e-06	-0.0370692
-3.6e-06	1.2e-06	-0.0877291
-2.4e-06	1.2e-06	-0.0882392
-1.2e-06	1.2e-06	-0.0376115
0	1.2e-06	0.0344339
1.2e-06	1.2e-06	0.0851258
2.4e-06	1.2e-06	0.08482
3.6e-06	1.2e-06	0.0348509
4.8e-06	1.2e-06	0.00253497
6e-06	1.2e-06	0.000149296
7.2e-06	1.2e-06	-2.2709e-05
8.4e-06	1.2e-06	-4.00758e-05
9.6e-06	1.2e-06	-4.46193e-05
1.08e-05	1.2e-06	-4.59575e-05
1.2e-05	1.2e-06	-4.47042e-05
1.32e-05	1.2e-06	-4.09756e-05
1.44e-05	1.2e-06	-3.49743e-05
1.56e-05	1.2e-06	-2.70255e-05
1.68e-05	1.2e-06	-1.7628e-05
1.8e-05	1.2e-06	-7.90764e-06
1.92e-05	1.2e-06	-1.64636e-06
2.04e-05	1.2e-06	-2.47027e-07
2.16e-05	1.2e-06	-3.11509e-08
2.28e-05	1.2e-06	-3.4999e-10

-2.28e-05	0	2.45595e-07
-2.16e-05	0	2.18302e-06
-2.04e-05	0	1.76006e-05
-1.92e-05	0	0.000107076
-1.8e-05	0	0.000279098
-1.68e-05	0	0.000441026
-1.56e-05	0	0.000576834
-1.44e-05	0	0.000679779
-1.32e-05	0	0.000744806
-1.2e-05	0	0.000768573
-1.08e-05	0	0.000749752
-9.6e-06	0	0.000688518
-8.4e-06	0	0.000577897
-7.2e-06	0	0.000281801
-6e-06	0	-0.00222173
-4.8e-06	0	-0.0337049
-3.6e-06	0	-0.0783886
-2.4e-06	0	-0.0796682
-1.2e-06	0	-0.0344376
0	0	0.0304403
1.2e-06	0	0.075192
2.4e-06	0	0.0729784
3.6e-06	0	0.0273023
4.8e-06	0	0.00147087
6e-06	0	-0.000267165
7.2e-06	0	-0.000489107
8.4e-06	0	-0.000582676
9.6e-06	0	-0.000636792
1.08e-05	0	-0.000655123
1.2e-05	0	-0.000637209
1.32e-05	0	-0.000584066
1.44e-05	0	-0.000498531
1.56e-05	0	-0.00038517
1.68e-05	0	-0.000250611
1.8e-05	0	-0.000108799
1.92e-05	0	-1.84908e-05
2.04e-05	0	-2.31724e-06
2.16e-05	0	-2.55992e-07
2.28e-05	0	-2.66983e-09

-2.28e-05	-1.2e-06	1.75436e-06
-2.16e-05	-1.2e-06	1.74335e-05
-2.04e-05	-1.2e-06	0.000175487
-1.92e-05	-1.2e-06	0.00143737
-1.8e-05	-1.2e-06	0.00397282
-1.68e-05	-1.2e-06	0.00628803
-1.56e-05	-1.2e-06	0.00822306
-1.44e-05	-1.2e-06	0.00968977
-1.32e-05	-1.2e-06	0.0106164
-1.2e-05	-1.2e-06	0.0109552
-1.08e-05	-1.2e-06	0.0106878
-9.6e-06	-1.2e-06	0.00982619
-8.4e-06	-1.2e-06	0.00840328
-7.2e-06	-1.2e-06	0.00638869
-6e-06	-1.2e-06	0.00262792
-4.8e-06	-1.2e-06	-0.0202927
-3.6e-06	-1.2e-06	-0.0540016
-2.4e-06	-1.2e-06	-0.058203
-1.2e-06	-1.2e-06	-0.0252326
0	-1.2e-06	0.0238752
1.2e-06	-1.2e-06	0.0561566
2.4e-06	-1.2e-06	0.050183
3.6e-06	-1.2e-06	0.0121076
4.8e-06	-1.2e-06	-0.00420758
6e-06	-1.2e-06	-0.00547747
7.2e-06	-1.2e-06	-0.00708457
8.4e-06	-1.2e-06	-0.0083134
9.6e-06	-1.2e-06	-0.00907733
1.08e-05	-1.2e-06	-0.00933803
1.2e-05	-1.2e-06	-0.00908266
1.32e-05	-1.2e-06	-0.00832526
1.44e-05	-1.2e-06	-0.00710622
1.56e-05	-1.2e-06	-0.00549004
1.68e-05	-1.2e-06	-0.00356551
1.8e-05	-1.2e-06	-0.00149301
1.92e-05	-1.2e-06	-0.000188058
2.04e-05	-1.2e-06	-1.87046e-05
2.16e-05	-1.2e-06	-1.81359e-06
2.28e-05	-1.2e-06	4.00142e-09

-2.28e-05	-2.4e-06	1.06531e-05
-2.16e-05	-2.4e-06	0.000104195
-2.04e-05	-2.4e-06	0.00138253
-1.92e-05	-2.4e-06	0.0191287
-1.8e-05	-2.4e-06	0.0566279
-1.68e-05	-2.4e-06	0.0896611
-1.56e-05	-2.4e-06	0.117224
-1.44e-05	-2.4e-06	0.138121
-1.32e-05	-2.4e-06	0.151325
-1.2e-05	-2.4e-06	0.156154
-1.08e-05	-2.4e-06	0.152346
-9.6e-06	-2.4e-06	0.140079
-8.4e-06	-2.4e-06	0.119917
-7.2e-06	-2.4e-06	0.0926225
-6e-06	-2.4e-06	0.0586657
-4.8e-06	-2.4e-06	0.01766
-3.6e-06	-2.4e-06	-0.0188558
-2.4e-06	-2.4e-06	-0.0305105
-1.2e-06	-2.4e-06	-0.0133503
0	-2.4e-06	0.0163339
1.2e-06	-2.4e-06	0.033503
2.4e-06	-2.4e-06	0.0220704
3.6e-06	-2.4e-06	-0.0132322
4.8e-06	-2.4e-06	-0.0487913
6e-06	-2.4e-06	-0.0775518
7.2e-06	-2.4e-06	-0.100976
8.4e-06	-2.4e-06	-0.118503
9.6e-06	-2.4e-06	-0.129388
1.08e-05	-2.4e-06	-0.133102
1.2e-05	-2.4e-06	-0.129462
1.32e-05	-2.4e-06	-0.118668
1.44e-05	-2.4e-06	-0.101295
1.56e-05	-2.4e-06	-0.0782588
1.68e-05	-2.4e-06	-0.0507724
1.8e-05	-2.4e-06	-0.0204269
1.92e-05	-2.4e-06	-0.00152925
2.04e-05	-2.4e-06	-0.000112111
2.16e-05	-2.4e-06	-1.05481e-05
2.28e-05	-2.4e-06	2.6256e-07

-2.28e-05	-3.6e-06	6.57439e-05
-2.16e-05	-3.6e-06	0.000284502
-2.04e-05	-3.6e-06	0.00226741
-1.92e-05	-3.6e-06	0.0269295
-1.8e-05	-3.6e-06	0.0715246
-1.68e-05	-3.6e-06	0.111649
-1.56e-05	-3.6e-06	0.145482
-1.44e-05	-3.6e-06	0.171254
-1.32e-05	-3.6e-06	0.187574
-1.2e-05	-3.6e-06	0.193553
-1.08e-05	-3.6e-06	0.188866
-9.6e-06	-3.6e-06	0.173778
-8.4e-06	-3.6e-06	0.149148
-7.2e-06	-3.6e-06	0.116454
-6e-06	-3.6e-06	0.0780085
-4.8e-06	-3.6e-06	0.0379546
-3.6e-06	-3.6e-06	0.00548865
-2.4e-06	-3.6e-06	-0.0088828
-1.2e-06	-3.6e-06	-0.00403739
0	-3.6e-06	0.00912841
1.2e-06	-3.6e-06	0.0144696
2.4e-06	-3.6e-06	0.0013711
3.6e-06	-3.6e-06	-0.0284487
4.8e-06	-3.6e-06	-0.0637925
6e-06	-3.6e-06	-0.0971356
7.2e-06	-3.6e-06	-0.125473
8.4e-06	-3.6e-06	-0.146974
9.6e-06	-3.6e-06	-0.160391
1.08e-05	-3.6e-06	-0.164973
1.2e-05	-3.6e-06	-0.160463
1.32e-05	-3.6e-06	-0.147104
1.44e-05	-3.6e-06	-0.125616
1.56e-05	-3.6e-06	-0.0971242
1.68e-05	-3.6e-06	-0.06298
1.8e-05	-3.6e-06	-0.0241634
1.92e-05	-3.6e-06	-0.00219891
2.04e-05	-3.6e-06	-0.000265404
2.16e-05	-3.6e-06	-5.79407e-05
2.28e-05	-3.6e-06	-6.5409e-07

-2.28e-05	-4.8e-06	0.000758941
-2.16e-05	-4.8e-06	0.00219112
-2.04e-05	-4.8e-06	0.00637932
-1.92e-05	-4.8e-06	0.0185288
-1.8e-05	-4.8e-06	0.0375597
-1.68e-05	-4.8e-06	0.056677
-1.56e-05	-4.8e-06	0.0733228
-1.44e-05	-4.8e-06	0.0861447
-1.32e-05	-4.8e-06	0.0942996
-1.2e-05	-4.8e-06	0.0972948
-1.08e-05	-4.8e-06	0.0949588
-9.6e-06	-4.8e-06	0.0874415
-8.4e-06	-4.8e-06	0.0752304
-7.2e-06	-4.8e-06	0.0592038
-6e-06	-4.8e-06	0.0407923
-4.8e-06	-4.8e-06	0.0223605
-3.6e-06	-4.8e-06	0.00764599
-2.4e-06	-4.8e-06	0.000151519
-1.2e-06	-4.8e-06	-3.44061e-05
0	-4.8e-06	0.00294091
1.2e-06	-4.8e-06	0.00308666
2.4e-06	-4.8e-06	-0.00362928
3.6e-06	-4.8e-06	-0.0169286
4.8e-06	-4.8e-06	-0.0332276
6e-06	-4.8e-06	-0.0492957
7.2e-06	-4.8e-06	-0.0632478
8.4e-06	-4.8e-06	-0.0739363
9.6e-06	-4.8e-06	-0.0806339
1.08e-05	-4.8e-06	-0.0829231
1.2e-05	-4.8e-06	-0.0806632
1.32e-05	-4.8e-06	-0.0739824
1.44e-05	-4.8e-06	-0.0632756
1.56e-05	-4.8e-06	-0.0492212
1.68e-05	-4.8e-06	-0.0328989
1.8e-05	-4.8e-06	-0.0163872
1.92e-05	-4.8e-06	-0.00568536
2.04e-05	-4.8e-06	-0.00194881
2.16e-05	-4.8e-06	-0.000666012
2.28e-05	-4.8e-06	-0.000136813

-2.28e-05	-6e-06	0.000926872
-2.16e-05	-6e-06	0.00230026
-2.04e-05	-6e-06	0.00532067
-1.92e-05	-6e-06	0.0113527
-1.8e-05	-6e-06	0.0199395
-1.68e-05	-6e-06	0.0289711
-1.56e-05	-6e-06	0.0370642
-1.44e-05	-6e-06	0.0433881
-1.32e-05	-6e-06	0.047438
-1.2e-05	-6e-06	0.0489319
-1.08e-05	-6e-06	0.0477747
-9.6e-06	-6e-06	0.0440518
-8.4e-06	-6e-06	0.0380394
-7.2e-06	-6e-06	0.0302381
-6e-06	-6e-06	0.0214419
-4.8e-06	-6e-06	0.0128313
-3.6e-06	-6e-06	0.00592817
-2.4e-06	-6e-06	0.00194357
-1.2e-06	-6e-06	0.000792292
0	-6e-06	0.000869521
1.2e-06	-6e-06	-8.42842e-05
2.4e-06	-6e-06	-0.00363401
3.6e-06	-6e-06	-0.00981441
4.8e-06	-6e-06	-0.0174299
6e-06	-6e-06	-0.025137
7.2e-06	-6e-06	-0.0319553
8.4e-06	-6e-06	-0.0372346
9.6e-06	-6e-06	-0.0405605
1.08e-05	-6e-06	-0.0416989
1.2e-05	-6e-06	-0.0405721
1.32e-05	-6e-06	-0.0372515
1.44e-05	-6e-06	-0.0319637
1.56e-05	-6e-06	-0.0251191
1.68e-05	-6e-06	-0.0173996
1.8e-05	-6e-06	-0.00997015
1.92e-05	-6e-06	-0.00469367
2.04e-05	-6e-06	-0.002031
2.16e-05	-6e-06	-0.000811848
2.28e-05	-6e-06	-0.00021036

-2.28e-05	-7.2e-06	0.000783838
-2.16e-05	-7.2e-06	0.00176869
-2.04e-05	-7.2e-06	0.003578
-1.92e-05	-7.2e-06	0.00658844
-1.8e-05	-7.2e-06	0.0105973
-1.68e-05	-7.2e-06	0.0148776
-1.56e-05	-7.2e-06	0.0187892
-1.44e-05	-7.2e-06	0.0218865
-1.32e-05	-7.2e-06	0.0238852
-1.2e-05	-7.2e-06	0.0246262
-1.08e-05	-7.2e-06	0.0240563
-9.6e-06	-7.2e-06	0.0222229
-8.4e-06	-7.2e-06	0.0192786
-7.2e-06	-7.2e-06	0.0154956
-6e-06	-7.2e-06	0.0112861
-4.8e-06	-7.2e-06	0.0072077
-3.6e-06	-7.2e-06	0.00388528
-2.4e-06	-7.2e-06	0.00175255
-1.2e-06	-7.2e-06	0.000737087
0	-7.2e-06	0.000209562
1.2e-06	-7.2e-06	-0.000696173
2.4e-06	-7.2e-06	-0.00259785
3.6e-06	-7.2e-06	-0.00555871
4.8e-06	-7.2e-06	-0.0091654
6e-06	-7.2e-06	-0.0128639
7.2e-06	-7.2e-06	-0.0161815
8.4e-06	-7.2e-06	-0.0187752
9.6e-06	-7.2e-06	-0.0204185
1.08e-05	-7.2e-06	-0.0209822
1.2e-05	-7.2e-06	-0.0204238
1.32e-05	-7.2e-06	-0.0187841
1.44e-05	-7.2e-06	-0.0161919
1.56e-05	-7.2e-06	-0.0128807
1.68e-05	-7.2e-06	-0.00922201
1.8e-05	-7.2e-06	-0.00576176
1.92e-05	-7.2e-06	-0.0031415
2.04e-05	-7.2e-06	-0.00155819
2.16e-05	-7.2e-06	-0.00069518
2.28e-05	-7.2e-06	-0.000208478

-2.28e-05	-8.4e-06	0.000559024
-2.16e-05	-8.4e-06	0.0011864
-2.04e-05	-8.4e-06	0.00219949
-1.92e-05	-8.4e-06	0.00370796
-1.8e-05	-8.4e-06	0.00561972
-1.68e-05	-8.4e-06	0.00766133
-1.56e-05	-8.4e-06	0.00954839
-1.44e-05	-8.4e-06	0.0110581
-1.32e-05	-8.4e-06	0.0120392
-1.2e-05	-8.4e-06	0.0124048
-1.08e-05	-8.4e-06	0.0121255
-9.6e-06	-8.4e-06	0.0112267
-8.4e-06	-8.4e-06	0.00979028
-7.2e-06	-8.4e-06	0.00795848
-6e-06	-8.4e-06	0.00593657
-4.8e-06	-8.4e-06	0.00398132
-3.6e-06	-8.4e-06	0.0023524
-2.4e-06	-8.4e-06	0.00121094
-1.2e-06	-8.4e-06	0.000516399
0	-8.4e-06	1.94899e-05
1.2e-06	-8.4e-06	-0.000616675
2.4e-06	-8.4e-06	-0.00163899
3.6e-06	-8.4e-06	-0.00308895
4.8e-06	-8.4e-06	-0.00481876
6e-06	-8.4e-06	-0.00659917
7.2e-06	-8.4e-06	-0.00821049
8.4e-06	-8.4e-06	-0.00948
9.6e-06	-8.4e-06	-0.0102884
1.08e-05	-8.4e-06	-0.0105665
1.2e-05	-8.4e-06	-0.0102916
1.32e-05	-8.4e-06	-0.00948665
1.44e-05	-8.4e-06	-0.0082225
1.56e-05	-8.4e-06	-0.00662458
1.68e-05	-8.4e-06	-0.00488038
1.8e-05	-8.4e-06	-0.00323396
1.92e-05	-8.4e-06	-0.00192669
2.04e-05	-8.4e-06	-0.00104673
2.16e-05	-8.4e-06	-0.000506329
2.28e-05	-8.4e-06	-0.000168717

-2.28e-05	-9.6e-06	0.000361271
-2.16e-05	-9.6e-06	0.00073741
-2.04e-05	-9.6e-06	0.0012878
-1.92e-05	-9.6e-06	0.00204633
-1.8e-05	-9.6e-06	0.00297075
-1.68e-05	-9.6e-06	0.0039512
-1.56e-05	-9.6e-06	0.00486204
-1.44e-05	-9.6e-06	0.0055959
-1.32e-05	-9.6e-06	0.00607553
-1.2e-05	-9.6e-06	0.00625505
-1.08e-05	-9.6e-06	0.00611862
-9.6e-06	-9.6e-06	0.00567951
-8.4e-06	-9.6e-06	0.00498029
-7.2e-06	-9.6e-06	0.00409308
-6e-06	-9.6e-06	0.00311745
-4.8e-06	-9.6e-06	0.00217032
-3.6e-06	-9.6e-06	0.00136115
-2.4e-06	-9.6e-06	0.000752174
-1.2e-06	-9.6e-06	0.000323989
0	-9.6e-06	-2.28009e-05
1.2e-06	-9.6e-06	-0.000420799
2.4e-06	-9.6e-06	-0.000969504
3.6e-06	-9.6e-06	-0.00169067
4.8e-06	-9.6e-06	-0.00252958
6e-06	-9.6e-06	-0.00339051
7.2e-06	-9.6e-06	-0.00417313
8.4e-06	-9.6e-06	-0.0047931
9.6e-06	-9.6e-06	-0.00518956
1.08e-05	-9.6e-06	-0.00532642
1.2e-05	-9.6e-06	-0.00519191
1.32e-05	-9.6e-06	-0.00479852
1.44e-05	-9.6e-06	-0.00418399
1.56e-05	-9.6e-06	-0.00341284
1.68e-05	-9.6e-06	-0.00257601
1.8e-05	-9.6e-06	-0.00178179
1.92e-05	-9.6e-06	-0.00112744
2.04e-05	-9.6e-06	-0.000653612
2.16e-05	-9.6e-06	-0.000336197
2.28e-05	-9.6e-06	-0.000121468

-2.28e-05	-1.08e-05	0.000219096
-2.16e-05	-1.08e-05	0.000436768
-2.04e-05	-1.08e-05	0.000731337
-1.92e-05	-1.08e-05	0.00111402
-1.8e-05	-1.08e-05	0.00156538
-1.68e-05	-1.08e-05	0.0020392
-1.56e-05	-1.08e-05	0.00247966
-1.44e-05	-1.08e-05	0.00283598
-1.32e-05	-1.08e-05	0.00306981
-1.2e-05	-1.08e-05	0.00315763
-1.08e-05	-1.08e-05	0.00309114
-9.6e-06	-1.08e-05	0.00287707
-8.4e-06	-1.08e-05	0.00253701
-7.2e-06	-1.08e-05	0.00210669
-6e-06	-1.08e-05	0.00163362
-4.8e-06	-1.08e-05	0.00117082
-3.6e-06	-1.08e-05	0.000765158
-2.4e-06	-1.08e-05	0.000441674
-1.2e-06	-1.08e-05	0.000191917
0	-1.08e-05	-2.38583e-05
1.2e-06	-1.08e-05	-0.000258302
2.4e-06	-1.08e-05	-0.000551686
3.6e-06	-1.08e-05	-0.000914262
4.8e-06	-1.08e-05	-0.00132499
6e-06	-1.08e-05	-0.0017434
7.2e-06	-1.08e-05	-0.00212404
8.4e-06	-1.08e-05	-0.00242653
9.6e-06	-1.08e-05	-0.00262059
1.08e-05	-1.08e-05	-0.00268785
1.2e-05	-1.08e-05	-0.00262236
1.32e-05	-1.08e-05	-0.00243075
1.44e-05	-1.08e-05	-0.00213248
1.56e-05	-1.08e-05	-0.0017598
1.68e-05	-1.08e-05	-0.00135594
1.8e-05	-1.08e-05	-0.000969242
1.92e-05	-1.08e-05	-0.0006409
2.04e-05	-1.08e-05	-0.00039002
2.16e-05	-1.08e-05	-0.000210454
2.28e-05	-1.08e-05	-8.11148e-05

-2.28e-05	-1.2e-05	0.000127173
-2.16e-05	-1.2e-05	0.000250301
-2.04e-05	-1.2e-05	0.000406702
-1.92e-05	-1.2e-05	0.000600368
-1.8e-05	-1.2e-05	0.000822375
-1.68e-05	-1.2e-05	0.00105265
-1.56e-05	-1.2e-05	0.0012662
-1.44e-05	-1.2e-05	0.00143922
-1.32e-05	-1.2e-05	0.00155304
-1.2e-05	-1.2e-05	0.00159589
-1.08e-05	-1.2e-05	0.00156352
-9.6e-06	-1.2e-05	0.00145926
-8.4e-06	-1.2e-05	0.00129384
-7.2e-06	-1.2e-05	0.00108467
-6e-06	-1.2e-05	0.000854166
-4.8e-06	-1.2e-05	0.000626392
-3.6e-06	-1.2e-05	0.000421724
-2.4e-06	-1.2e-05	0.000250666
-1.2e-06	-1.2e-05	0.000109822
0	-1.2e-05	-1.66848e-05
1.2e-06	-1.2e-05	-0.000149863
2.4e-06	-1.2e-05	-0.000306022
3.6e-06	-1.2e-05	-0.000489665
4.8e-06	-1.2e-05	-0.000692362
6e-06	-1.2e-05	-0.00089676
7.2e-06	-1.2e-05	-0.00108231
8.4e-06	-1.2e-05	-0.00122993
9.6e-06	-1.2e-05	-0.00132485
1.08e-05	-1.2e-05	-0.0013579
1.2e-05	-1.2e-05	-0.00132614
1.32e-05	-1.2e-05	-0.001233
1.44e-05	-1.2e-05	-0.00108829
1.56e-05	-1.2e-05	-0.000907796
1.68e-05	-1.2e-05	-0.000711886
1.8e-05	-1.2e-05	-0.000522352
1.92e-05	-1.2e-05	-0.00035727
2.04e-05	-1.2e-05	-0.000225734
2.16e-05	-1.2e-05	-0.000126552
2.28e-05	-1.2e-05	-5.14397e-05

-2.28e-05	-1.32e-05	7.15134e-05
-2.16e-05	-1.32e-05	0.000140061
-2.04e-05	-1.32e-05	0.000222723
-1.92e-05	-1.32e-05	0.000321021
-1.8e-05	-1.32e-05	0.000430859
-1.68e-05	-1.32e-05	0.000543346
-1.56e-05	-1.32e-05	0.000647186
-1.44e-05	-1.32e-05	0.000731285
-1.32e-05	-1.32e-05	0.000786665
-1.2e-05	-1.32e-05	0.000807538
-1.08e-05	-1.32e-05	0.00079177
-9.6e-06	-1.32e-05	0.000740991
-8.4e-06	-1.32e-05	0.000660442
-7.2e-06	-1.32e-05	0.000558494
-6e-06	-1.32e-05	0.00044566
-4.8e-06	-1.32e-05	0.000332885
-3.6e-06	-1.32e-05	0.000229171
-2.4e-06	-1.32e-05	0.000139101
-1.2e-06	-1.32e-05	6.14334e-05
0	-1.32e-05	-1.01387e-05
1.2e-06	-1.32e-05	-8.40058e-05
2.4e-06	-1.32e-05	-0.000166747
3.6e-06	-1.32e-05	-0.000260229
4.8e-06	-1.32e-05	-0.000360921
6e-06	-1.32e-05	-0.00046127
7.2e-06	-1.32e-05	-0.000551978
8.4e-06	-1.32e-05	-0.000624108
9.6e-06	-1.32e-05	-0.000670539
1.08e-05	-1.32e-05	-0.000686797
1.2e-05	-1.32e-05	-0.000671442
1.32e-05	-1.32e-05	-0.000626215
1.44e-05	-1.32e-05	-0.000555974
1.56e-05	-1.32e-05	-0.000468346
1.68e-05	-1.32e-05	-0.000372887
1.8e-05	-1.32e-05	-0.000279523
1.92e-05	-1.32e-05	-0.000196387
2.04e-05	-1.32e-05	-0.000127848
2.16e-05	-1.32e-05	-7.3944e-05
2.28e-05	-1.32e-05	-3.14305e-05

-2.28e-05	-1.44e-05	3.92686e-05
-2.16e-05	-1.44e-05	7.69798e-05
-2.04e-05	-1.44e-05	0.000120543
-1.92e-05	-1.44e-05	0.00017057
-1.8e-05	-1.44e-05	0.000225182
-1.68e-05	-1.44e-05	0.000280383
-1.56e-05	-1.44e-05	0.000331037
-1.44e-05	-1.44e-05	0.00037198
-1.32e-05	-1.44e-05	0.000398937
-1.2e-05	-1.44e-05	0.000409097
-1.08e-05	-1.44e-05	0.000401409
-9.6e-06	-1.44e-05	0.000376656
-8.4e-06	-1.44e-05	0.000337367
-7.2e-06	-1.44e-05	0.00028753
-6e-06	-1.44e-05	0.000232056
-4.8e-06	-1.44e-05	0.000175944
-3.6e-06	-1.44e-05	0.000123231
-2.4e-06	-1.44e-05	7.59873e-05
-1.2e-06	-1.44e-05	3.38247e-05
0	-1.44e-05	-5.73287e-06
1.2e-06	-1.44e-05	-4.60239e-05
2.4e-06	-1.44e-05	-8.96802e-05
3.6e-06	-1.44e-05	-0.000137425
4.8e-06	-1.44e-05	-0.000187716
6e-06	-1.44e-05	-0.000237214
7.2e-06	-1.44e-05	-0.0002817
8.4e-06	-1.44e-05	-0.000317009
9.6e-06	-1.44e-05	-0.000339749
1.08e-05	-1.44e-05	-0.00034776
1.2e-05	-1.44e-05	-0.000340354
1.32e-05	-1.44e-05	-0.000318398
1.44e-05	-1.44e-05	-0.000284267
1.56e-05	-1.44e-05	-0.000241615
1.68e-05	-1.44e-05	-0.000194921
1.8e-05	-1.44e-05	-0.000148748
1.92e-05	-1.44e-05	-0.000106822
2.04e-05	-1.44e-05	-7.12545e-05
2.16e-05	-1.44e-05	-4.22939e-05
2.28e-05	-1.44e-05	-1.868e-05

-2.28e-05	-1.56e-05	2.11688e-05
-2.16e-05	-1.56e-05	4.17224e-05
-2.04e-05	-1.56e-05	6.46335e-05
-1.92e-05	-1.56e-05	9.01555e-05
-1.8e-05	-1.56e-05	0.000117424
-1.68e-05	-1.56e-05	0.000144628
-1.56e-05	-1.56e-05	0.000169417
-1.44e-05	-1.56e-05	0.000189392
-1.32e-05	-1.56e-05	0.000202527
-1.2e-05	-1.56e-05	0.000207473
-1.08e-05	-1.56e-05	0.000203718
-9.6e-06	-1.56e-05	0.000191634
-8.4e-06	-1.56e-05	0.000172428
-7.2e-06	-1.56e-05	0.00014799
-6e-06	-1.56e-05	0.000120608
-4.8e-06	-1.56e-05	9.25762e-05
-3.6e-06	-1.56e-05	6.57298e-05
-2.4e-06	-1.56e-05	4.10346e-05
-1.2e-06	-1.56e-05	1.84084e-05
0	-1.56e-05	-3.10156e-06
1.2e-06	-1.56e-05	-2.4811e-05
2.4e-06	-1.56e-05	-4.77568e-05
3.6e-06	-1.56e-05	-7.21949e-05
4.8e-06	-1.56e-05	-9.74231e-05
6e-06	-1.56e-05	-0.000121944
7.2e-06	-1.56e-05	-0.000143835
8.4e-06	-1.56e-05	-0.00016116
9.6e-06	-1.56e-05	-0.000172318
1.08e-05	-1.56e-05	-0.000176276
1.2e-05	-1.56e-05	-0.00017271
1.32e-05	-1.56e-05	-0.000162048
1.44e-05	-1.56e-05	-0.000145439
1.56e-05	-1.56e-05	-0.000124625
1.68e-05	-1.56e-05	-0.000101707
1.8e-05	-1.56e-05	-7.87985e-05
1.92e-05	-1.56e-05	-5.76297e-05
2.04e-05	-1.56e-05	-3.92265e-05
2.16e-05	-1.56e-05	-2.37993e-05
2.28e-05	-1.56e-05	-1.08686e-05

-2.28e-05	-1.68e-05	1.12436e-05
-2.16e-05	-1.68e-05	2.23598e-05
-2.04e-05	-1.68e-05	3.43882e-05
-1.92e-05	-1.68e-05	4.74346e-05
-1.8e-05	-1.68e-05	6.11e-05
-1.68e-05	-1.68e-05	7.45578e-05
-1.56e-05	-1.68e-05	8.67282e-05
-1.44e-05	-1.68e-05	9.64953e-05
-1.32e-05	-1.68e-05	0.000102906
-1.2e-05	-1.68e-05	0.000105315
-1.08e-05	-1.68e-05	0.000103476
-9.6e-06	-1.68e-05	9.75654e-05
-8.4e-06	-1.68e-05	8.81551e-05
-7.2e-06	-1.68e-05	7.61347e-05
-6e-06	-1.68e-05	6.25709e-05
-4.8e-06	-1.68e-05	4.8522e-05
-3.6e-06	-1.68e-05	3.48327e-05
-2.4e-06	-1.68e-05	2.19641e-05
-1.2e-06	-1.68e-05	9.92901e-06
0	-1.68e-05	-1.62767e-06
1.2e-06	-1.68e-05	-1.32155e-05
2.4e-06	-1.68e-05	-2.52335e-05
3.6e-06	-1.68e-05	-3.77576e-05
4.8e-06	-1.68e-05	-5.04573e-05
6e-06	-1.68e-05	-6.26514e-05
7.2e-06	-1.68e-05	-7.34593e-05
8.4e-06	-1.68e-05	-8.19831e-05
9.6e-06	-1.68e-05	-8.74699e-05
1.08e-05	-1.68e-05	-8.94317e-05
1.2e-05	-1.68e-05	-8.77171e-05
1.32e-05	-1.68e-05	-8.25359e-05
1.44e-05	-1.68e-05	-7.44403e-05
1.56e-05	-1.68e-05	-6.42585e-05
1.68e-05	-1.68e-05	-5.29771e-05
1.8e-05	-1.68e-05	-4.15816e-05
1.92e-05	-1.68e-05	-3.08833e-05
2.04e-05	-1.68e-05	-2.13828e-05
2.16e-05	-1.68e-05	-1.32197e-05
2.28e-05	-1.68e-05	-6.21822e-06

-2.28e-05	-1.8e-05	5.8963e-06
-2.16e-05	-1.8e-05	1.18666e-05
-2.04e-05	-1.8e-05	1.81686e-05
-1.92e-05	-1.8e-05	2.48459e-05
-1.8e-05	-1.8e-05	3.17134e-05
-1.68e-05	-1.8e-05	3.83917e-05
-1.56e-05	-1.8e-05	4.43834e-05
-1.44e-05	-1.8e-05	4.91697e-05
-1.32e-05	-1.8e-05	5.23028e-05
-1.2e-05	-1.8e-05	5.34776e-05
-1.08e-05	-1.8e-05	5.25753e-05
-9.6e-06	-1.8e-05	4.96783e-05
-8.4e-06	-1.8e-05	4.50573e-05
-7.2e-06	-1.8e-05	3.91294e-05
-6e-06	-1.8e-05	3.23919e-05
-4.8e-06	-1.8e-05	2.53355e-05
-3.6e-06	-1.8e-05	1.8353e-05
-2.4e-06	-1.8e-05	1.1669e-05
-1.2e-06	-1.8e-05	5.31482e-06
0	-1.8e-05	-8.34669e-07
1.2e-06	-1.8e-05	-6.97137e-06
2.4e-06	-1.8e-05	-1.3243e-05
3.6e-06	-1.8e-05	-1.96627e-05
4.8e-06	-1.8e-05	-2.60706e-05
6e-06	-1.8e-05	-3.21528e-05
7.2e-06	-1.8e-05	-3.75041e-05
8.4e-06	-1.8e-05	-4.17079e-05
9.6e-06	-1.8e-05	-4.44122e-05
1.08e-05	-1.8e-05	-4.53878e-05
1.2e-05	-1.8e-05	-4.45646e-05
1.32e-05	-1.8e-05	-4.20451e-05
1.44e-05	-1.8e-05	-3.80937e-05
1.56e-05	-1.8e-05	-3.3103e-05
1.68e-05	-1.8e-05	-2.75372e-05
1.8e-05	-1.8e-05	-2.18583e-05
1.92e-05	-1.8e-05	-1.64495e-05
2.04e-05	-1.8e-05	-1.15559e-05
2.16e-05	-1.8e-05	-7.26182e-06
2.28e-05	-1.8e-05	-3.5074e-06

-2.28e-05	-1.92e-05	3.05184e-06
-2.16e-05	-1.92e-05	6.23317e-06
-2.04e-05	-1.92e-05	9.52205e-06
-1.92e-05	-1.92e-05	1.29362e-05
-1.8e-05	-1.92e-05	1.63895e-05
-1.68e-05	-1.92e-05	1.97075e-05
-1.56e-05	-1.92e-05	2.26605e-05
-1.44e-05	-1.92e-05	2.50077e-05
-1.32e-05	-1.92e-05	2.65394e-05
-1.2e-05	-1.92e-05	2.7112e-05
-1.08e-05	-1.92e-05	2.66687e-05
-9.6e-06	-1.92e-05	2.52482e-05
-8.4e-06	-1.92e-05	2.29774e-05
-7.2e-06	-1.92e-05	2.00516e-05
-6e-06	-1.92e-05	1.67026e-05
-4.8e-06	-1.92e-05	1.31584e-05
-3.6e-06	-1.92e-05	9.60365e-06
-2.4e-06	-1.92e-05	6.14881e-06
-1.2e-06	-1.92e-05	2.82105e-06
0	-1.92e-05	-4.19594e-07
1.2e-06	-1.92e-05	-3.64209e-06
2.4e-06	-1.92e-05	-6.89772e-06
3.6e-06	-1.92e-05	-1.01815e-05
4.8e-06	-1.92e-05	-1.34146e-05
6e-06	-1.92e-05	-1.64509e-05
7.2e-06	-1.92e-05	-1.91032e-05
8.4e-06	-1.92e-05	-2.11784e-05
9.6e-06	-1.92e-05	-2.25124e-05
1.08e-05	-1.92e-05	-2.29983e-05
1.2e-05	-1.92e-05	-2.26042e-05
1.32e-05	-1.92e-05	-2.13798e-05
1.44e-05	-1.92e-05	-1.94511e-05
1.56e-05	-1.92e-05	-1.70041e-05
1.68e-05	-1.92e-05	-1.42571e-05
1.8e-05	-1.92e-05	-1.14274e-05
1.92e-05	-1.92e-05	-8.69663e-06
2.04e-05	-1.92e-05	-6.18505e-06
2.16e-05	-1.92e-05	-3.94105e-06
2.28e-05	-1.92e-05	-1.94863e-06

-2.28e-05	-2.04e-05	1.54829e-06
-2.16e-05	-2.04e-05	3.21898e-06
-2.04e-05	-2.04e-05	4.91587e-06
-1.92e-05	-2.04e-05	6.64645e-06
-1.8e-05	-2.04e-05	8.37107e-06
-1.68e-05	-2.04e-05	1.00096e-05
-1.56e-05	-2.04e-05	1.14567e-05
-1.44e-05	-2.04e-05	1.26011e-05
-1.32e-05	-2.04e-05	1.33455e-05
-1.2e-05	-2.04e-05	1.36227e-05
-1.08e-05	-2.04e-05	1.34063e-05
-9.6e-06	-2.04e-05	1.27138e-05
-8.4e-06	-2.04e-05	1.16045e-05
-7.2e-06	-2.04e-05	1.01691e-05
-6e-06	-2.04e-05	8.51511e-06
-4.8e-06	-2.04e-05	6.74841e-06
-3.6e-06	-2.04e-05	4.95571e-06
-2.4e-06	-2.04e-05	3.19149e-06
-1.2e-06	-2.04e-05	1.47428e-06
0	-2.04e-05	-2.06227e-07
1.2e-06	-2.04e-05	-1.87297e-06
2.4e-06	-2.04e-05	-3.54183e-06
3.6e-06	-2.04e-05	-5.20519e-06
4.8e-06	-2.04e-05	-6.82391e-06
6e-06	-2.04e-05	-8.32981e-06
7.2e-06	-2.04e-05	-9.63649e-06
8.4e-06	-2.04e-05	-1.06549e-05
9.6e-06	-2.04e-05	-1.13091e-05
1.08e-05	-2.04e-05	-1.15499e-05
1.2e-05	-2.04e-05	-1.13627e-05
1.32e-05	-2.04e-05	-1.07717e-05
1.44e-05	-2.04e-05	-9.83625e-06
1.56e-05	-2.04e-05	-8.64385e-06
1.68e-05	-2.04e-05	-7.29674e-06
1.8e-05	-2.04e-05	-5.89661e-06
1.92e-05	-2.04e-05	-4.52912e-06
2.04e-05	-2.04e-05	-3.25237e-06
2.16e-05	-2.04e-05	-2.0928e-06
2.28e-05	-2.04e-05	-1.05118e-06

-2.28e-05	-2.16e-05	7.4703e-07
-2.16e-05	-2.16e-05	1.58682e-06
-2.04e-05	-2.16e-05	2.42653e-06
-1.92e-05	-2.16e-05	3.27032e-06
-1.8e-05	-2.16e-05	4.10075e-06
-1.68e-05	-2.16e-05	4.88219e-06
-1.56e-05	-2.16e-05	5.56759e-06
-1.44e-05	-2.16e-05	6.10711e-06
-1.32e-05	-2.16e-05	6.45697e-06
-1.2e-05	-2.16e-05	6.58683e-06
-1.08e-05	-2.16e-05	6.4846e-06
-9.6e-06	-2.16e-05	6.15824e-06
-8.4e-06	-2.16e-05	5.6344e-06
-7.2e-06	-2.16e-05	4.95399e-06
-6e-06	-2.16e-05	4.16544e-06
-4.8e-06	-2.16e-05	3.31665e-06
-3.6e-06	-2.16e-05	2.44728e-06
-2.4e-06	-2.16e-05	1.58336e-06
-1.2e-06	-2.16e-05	7.35741e-07
0	-2.16e-05	-9.68424e-08
1.2e-06	-2.16e-05	-9.21083e-07
2.4e-06	-2.16e-05	-1.74091e-06
3.6e-06	-2.16e-05	-2.5506e-06
4.8e-06	-2.16e-05	-3.33132e-06
6e-06	-2.16e-05	-4.05198e-06
7.2e-06	-2.16e-05	-4.67376e-06
8.4e-06	-2.16e-05	-5.15671e-06
9.6e-06	-2.16e-05	-5.46685e-06
1.08e-05	-2.16e-05	-5.58205e-06
1.2e-05	-2.16e-05	-5.49612e-06
1.32e-05	-2.16e-05	-5.22015e-06
1.44e-05	-2.16e-05	-4.78145e-06
1.56e-05	-2.16e-05	-4.21977e-06
1.68e-05	-2.16e-05	-3.58154e-06
1.8e-05	-2.16e-05	-2.91281e-06
1.92e-05	-2.16e-05	-2.25221e-06
2.04e-05	-2.16e-05	-1.62533e-06
2.16e-05	-2.16e-05	-1.04215e-06
2.28e-05	-2.16e-05	-5.04888e-07

-2.28e-05	-2.28e-05	2.98072e-07
-2.16e-05	-2.28e-05	6.48911e-07
-2.04e-05	-2.28e-05	9.94635e-07
-1.92e-05	-2.28e-05	1.33823e-06
-1.8e-05	-2.28e-05	1.67339e-06
-1.68e-05	-2.28e-05	1.98662e-06
-1.56e-05	-2.28e-05	2.25999e-06
-1.44e-05	-2.28e-05	2.47445e-06
-1.32e-05	-2.28e-05	2.6132e-06
-1.2e-05	-2.28e-05	2.66456e-06
-1.08e-05	-2.28e-05	2.62387e-06
-9.6e-06	-2.28e-05	2.49417e-06
-8.4e-06	-2.28e-05	2.28571e-06
-7.2e-06	-2.28e-05	2.0142e-06
-6e-06	-2.28e-05	1.69827e-06
-4.8e-06	-2.28e-05	1.35639e-06
-3.6e-06	-2.28e-05	1.00401e-06
-2.4e-06	-2.28e-05	6.51588e-07
-1.2e-06	-2.28e-05	3.04039e-07
0	-2.28e-05	-3.81667e-08
1.2e-06	-2.28e-05	-3.7656e-07
2.4e-06	-2.28e-05	-7.11724e-07
3.6e-06	-2.28e-05	-1.04078e-06
4.8e-06	-2.28e-05	-1.35612e-06
6e-06	-2.28e-05	-1.64566e-06
7.2e-06	-2.28e-05	-1.89448e-06
8.4e-06	-2.28e-05	-2.08728e-06
9.6e-06	-2.28e-05	-2.21106e-06
1.08e-05	-2.28e-05	-2.25737e-06
1.2e-05	-2.28e-05	-2.22391e-06
1.32e-05	-2.28e-05	-2.11504e-06
1.44e-05	-2.28e-05	-1.94137e-06
1.56e-05	-2.28e-05	-1.71828e-06
1.68e-05	-2.28e-05	-1.46366e-06
1.8e-05	-2.28e-05	-1.19513e-06
1.92e-05	-2.28e-05	-9.26872e-07
2.04e-05	-2.28e-05	-6.65626e-07
2.16e-05	-2.28e-05	-4.01494e-07
2.28e-05	-2.28e-05	-7.38383e-08
