1.40134e+13	0
1.36481e+13	0
1.35013e+13	0
1.34263e+13	0
1.34184e+13	0
1.33523e+13	0
1.33341e+13	0
1.32505e+13	0
1.32225e+13	0
1.31418e+13	0
1.31033e+13	0
1.30231e+13	0
1.29749e+13	0
1.29635e+13	0
1.29487e+13	0
1.29485e+13	0
1.28739e+13	0
1.29112e+13	0
1.2904e+13	0
1.29039e+13	0
1.28968e+13	0
1.28956e+13	0
1.28518e+13	0
1.28511e+13	0
1.28311e+13	0
1.28304e+13	0
1.28127e+13	0
1.28249e+13	0
1.27988e+13	0
1.28104e+13	0
1.27782e+13	0
1.27765e+13	0
1.27661e+13	0
1.27646e+13	0
1.27171e+13	0
1.27306e+13	0
1.2731e+13	0
1.27038e+13	0
1.26993e+13	0
1.26879e+13	0
1.26966e+13	0
1.26923e+13	0
1.2678e+13	0
1.2676e+13	0
1.26547e+13	0
1.26506e+13	0
1.26205e+13	0
1.25932e+13	0
1.25974e+13	0
1.26063e+13	0
1.26065e+13	0
1.25807e+13	0
1.25777e+13	0
1.25669e+13	0
1.25701e+13	0
1.2539e+13	0
1.25175e+13	0
1.2552e+13	0
1.25541e+13	0
1.25547e+13	0
1.25133e+13	0
1.24848e+13	0
1.248e+13	1.50538e+09
1.248e+13	-1.50538e+09
1.24679e+13	0
1.24584e+13	3.96608e+09
1.24584e+13	-3.96608e+09
1.24616e+13	0
1.24607e+13	0
1.24394e+13	0
1.2418e+13	3.2303e+09
1.2418e+13	-3.2303e+09
1.24066e+13	0
1.24029e+13	0
1.23805e+13	0
1.23967e+13	0
1.23911e+13	0
1.23627e+13	0
1.23579e+13	0
1.23521e+13	0
1.2344e+13	0
1.22778e+13	0
1.23314e+13	0
1.23259e+13	0
1.23232e+13	0
1.23056e+13	0
1.22685e+13	0
1.22364e+13	0
1.232e+13	0
1.22971e+13	0
1.22444e+13	0
1.22974e+13	0
1.2225e+13	0
1.22112e+13	0
1.2213e+13	0
1.22092e+13	0
1.22452e+13	0
1.22213e+13	0
-7.58775e+11	0
-7.56063e+11	0
-7.28379e+11	0
-7.27785e+11	0
-7.22218e+11	0
-7.13475e+11	0
-6.91059e+11	0
-6.85379e+11	0
-6.63022e+11	0
-6.6827e+11	0
-6.67973e+11	0
-6.50268e+11	0
-6.35105e+11	0
-6.33243e+11	0
-6.23821e+11	0
-6.0756e+11	0
-5.84889e+11	0
-5.81802e+11	0
-5.79483e+11	0
-5.7397e+11	0
-5.69102e+11	0
-5.61266e+11	0
-5.48538e+11	0
-5.35006e+11	0
-5.11411e+11	0
-5.44214e+11	0
-4.96123e+11	0
1.22013e+13	0
1.21916e+13	0
1.21832e+13	0
1.21764e+13	0
1.21525e+13	0
1.216e+13	2.31576e+08
1.216e+13	-2.31576e+08
1.21613e+13	0
1.21176e+13	0
1.21214e+13	0
1.21204e+13	0
1.21027e+13	0
1.2092e+13	0
1.1941e+13	1.09996e+10
1.1941e+13	-1.09996e+10
1.20627e+13	0
1.20784e+13	5.0005e+08
1.20784e+13	-5.0005e+08
1.19568e+13	0
1.20501e+13	0
1.20675e+13	1.12434e+08
1.20675e+13	-1.12434e+08
1.20435e+13	0
1.2016e+13	0
1.19945e+13	0
1.19741e+13	4.05023e+09
1.19741e+13	-4.05023e+09
1.20239e+13	0
1.20025e+13	0
1.20359e+13	0
1.20324e+13	1.44716e+09
1.20324e+13	-1.44716e+09
1.19804e+13	0
1.19852e+13	0
-4.9027e+11	0
-4.78619e+11	0
-4.73939e+11	0
-4.74052e+11	0
-4.68199e+11	0
-4.63138e+11	0
-4.51649e+11	0
-4.4564e+11	0
-4.12126e+11	0
-4.22182e+11	0
-4.32266e+11	0
-3.98661e+11	0
-4.01714e+11	0
-3.81599e+11	0
-3.72311e+11	0
-3.59616e+11	0
-3.50535e+11	0
-3.45878e+11	0
-3.20707e+11	0
-3.34902e+11	0
-3.26458e+11	0
-3.2997e+11	0
1.1811e+13	8.6073e+10
1.1811e+13	-8.6073e+10
1.19344e+13	0
1.19341e+13	0
1.19276e+13	0
1.19209e+13	0
1.1906e+13	0
1.18997e+13	4.92812e+08
1.18997e+13	-4.92812e+08
1.189e+13	0
1.17726e+13	0
1.18481e+13	4.00795e+09
1.18481e+13	-4.00795e+09
1.18824e+13	0
1.1881e+13	0
1.1858e+13	0
1.17773e+13	0
1.18318e+13	0
1.18084e+13	0
1.18176e+13	0
1.18259e+13	0
1.18001e+13	0
1.18639e+13	6.49861e+08
1.18639e+13	-6.49861e+08
1.17941e+13	0
1.17967e+13	0
-3.06993e+11	0
-3.05654e+11	0
-2.93834e+11	0
-2.92646e+11	0
-2.91698e+11	0
-2.66852e+11	0
-2.68016e+11	0
-2.54416e+11	0
-2.34824e+11	0
-2.24493e+11	0
-2.07509e+11	0
-2.12045e+11	0
8.11855e+12	0
8.11911e+12	0
8.14851e+12	0
8.14895e+12	0
8.16655e+12	0
8.16866e+12	0
8.19659e+12	0
8.20813e+12	0
8.19816e+12	0
8.20803e+12	0
8.27577e+12	0
8.24513e+12	0
8.2487e+12	0
8.25693e+12	0
8.2562e+12	0
1.17203e+13	0
1.17501e+13	0
1.17588e+13	1.14641e+08
1.17588e+13	-1.14641e+08
1.17113e+13	0
1.1706e+13	0
1.17334e+13	0
1.17318e+13	0
1.16679e+13	0
1.16959e+13	0
1.16661e+13	0
1.16797e+13	0
1.16785e+13	0
1.16902e+13	3.98029e+08
1.16902e+13	-3.98029e+08
1.17431e+13	0
1.17432e+13	0
-1.95654e+11	0
-1.91508e+11	0
-1.87856e+11	0
-1.60217e+11	0
-1.72566e+11	0
-1.78159e+11	0
-1.77099e+11	0
-1.75597e+11	0
-1.51334e+11	0
-1.4593e+11	0
-1.3719e+11	0
-1.25012e+11	0
8.33537e+12	0
8.27972e+12	0
-1.16475e+11	0
8.33336e+12	0
8.29499e+12	0
8.29482e+12	0
8.3448e+12	0
8.34512e+12	0
8.35238e+12	0
8.35901e+12	0
8.38303e+12	0
1.16344e+13	0
1.16316e+13	0
1.1621e+13	1.06544e+09
1.1621e+13	-1.06544e+09
1.16123e+13	0
1.1605e+13	9.91789e+08
1.1605e+13	-9.91789e+08
1.16036e+13	0
1.15875e+13	6.45851e+08
1.15875e+13	-6.45851e+08
1.15774e+13	0
1.15795e+13	0
1.15636e+13	0
1.15621e+13	0
4.09474e+12	0
4.07871e+12	0
4.08066e+12	0
8.3897e+12	0
8.4223e+12	0
8.42098e+12	0
8.44378e+12	0
8.44806e+12	0
8.40743e+12	0
8.40733e+12	0
8.45703e+12	0
1.15359e+13	1.43732e+09
1.15359e+13	-1.43732e+09
1.15529e+13	0
1.15513e+13	0
1.1527e+13	0
1.15523e+13	0
2.42724e+11	0
2.31603e+11	0
2.19771e+11	0
2.23576e+11	0
-1.06234e+11	0
6.75839e+10	0
5.38193e+10	0
-8.44009e+10	0
-7.84451e+10	0
5.20959e+10	0
4.73317e+10	0
3.02433e+10	0
3.71767e+10	0
2.06849e+10	0
-7.19438e+10	0
4.80355e+09	0
-6.27356e+10	0
-6.92789e+10	0
-1.45909e+10	0
-5.22974e+10	0
-3.91261e+10	0
-2.83986e+10	4.74292e+08
-2.83986e+10	-4.74292e+08
-4.97022e+10	0
-9.70372e+09	0
-6.47229e+09	0
-7.51734e+09	0
4.05698e+12	0
8.45611e+12	0
8.48525e+12	0
8.49339e+12	0
8.51504e+12	0
8.5198e+12	0
8.52745e+12	0
8.58328e+12	0
8.57642e+12	0
8.53202e+12	0
8.59197e+12	0
1.1524e+13	0
1.15155e+13	0
8.54023e+12	0
8.54355e+12	0
1.14274e+13	0
1.14311e+13	0
8.59222e+12	0
8.53953e+12	0
1.14804e+13	0
1.14981e+13	2.00591e+09
1.14981e+13	-2.00591e+09
1.15006e+13	0
1.14883e+13	0
1.14923e+13	0
1.14372e+13	0
1.14686e+13	0
8.54319e+12	0
1.14527e+13	0
1.14859e+13	0
4.04388e+12	0
4.0408e+12	0
4.03058e+12	0
4.03592e+12	0
4.00089e+12	0
3.99743e+12	0
8.63804e+12	0
8.63865e+12	0
1.14193e+13	0
1.14115e+13	0
1.14149e+13	0
3.99512e+12	0
3.98344e+12	0
1.57515e+11	0
1.0381e+11	0
7.53848e+10	0
8.30403e+10	0
8.5676e+10	0
8.64076e+12	0
8.6501e+12	0
1.13899e+13	0
1.13948e+13	0
1.14038e+13	0
1.14046e+13	0
1.1409e+13	0
3.97362e+12	0
3.96214e+12	0
3.95866e+12	0
1.22045e+11	0
9.98892e+10	0
1.07724e+11	0
8.66317e+12	0
8.66814e+12	0
8.67638e+12	0
1.13396e+13	8.02092e+10
1.13396e+13	-8.02092e+10
1.13708e+13	1.08361e+10
1.13708e+13	-1.08361e+10
1.1369e+13	0
1.13663e+13	1.73903e+08
1.13663e+13	-1.73903e+08
3.94098e+12	0
3.92509e+12	0
3.91799e+12	0
3.93592e+12	0
2.16731e+11	0
1.98949e+11	0
1.90556e+11	0
1.83155e+11	0
1.1511e+11	0
1.51e+11	0
8.68883e+12	0
8.6721e+12	0
1.30696e+11	0
1.38779e+11	0
8.67171e+12	0
1.13607e+13	0
1.13514e+13	0
1.13464e+13	0
3.91183e+12	0
3.89175e+12	0
3.90027e+12	0
1.72114e+11	0
8.69783e+12	0
8.69769e+12	0
8.73149e+12	0
8.73982e+12	0
8.74616e+12	0
8.74716e+12	0
8.7679e+12	0
8.76806e+12	0
1.13421e+13	0
1.13349e+13	0
1.13244e+13	0
1.13306e+13	0
1.72933e+11	0
1.87328e+11	0
2.00979e+11	0
3.86874e+12	0
3.86495e+12	0
3.85873e+12	0
3.83876e+12	0
3.86041e+12	2.07039e+08
3.86041e+12	-2.07039e+08
3.82156e+12	0
3.81504e+12	0
3.79273e+12	0
3.80844e+12	0
3.79726e+12	0
8.7885e+12	0
8.78576e+12	0
8.81325e+12	0
8.84681e+12	0
8.81709e+12	0
8.82317e+12	0
8.86421e+12	0
8.86824e+12	0
8.82931e+12	0
1.13046e+13	0
1.13131e+13	0
1.12324e+13	0
1.12707e+13	0
1.13121e+13	0
1.12997e+13	0
1.12974e+13	0
8.83009e+12	0
8.82508e+12	0
1.12661e+13	0
1.1248e+13	0
1.1245e+13	0
1.12421e+13	0
1.12938e+13	0
8.86838e+12	0
2.45259e+11	0
3.78554e+12	0
3.77864e+12	0
8.90561e+12	0
8.90064e+12	0
8.89909e+12	0
1.1213e+13	0
1.1227e+13	8.3882e+08
1.1227e+13	-8.3882e+08
1.12237e+13	0
1.12195e+13	0
1.12192e+13	0
2.59272e+11	0
2.61965e+11	0
2.78654e+11	0
2.72616e+11	0
2.70043e+11	0
3.76473e+12	0
3.74177e+12	0
3.75407e+12	0
3.75264e+12	0
8.91597e+12	0
8.91895e+12	0
8.93646e+12	0
8.93839e+12	0
1.12035e+13	4.1606e+09
1.12035e+13	-4.1606e+09
1.12008e+13	0
1.11931e+13	0
1.1188e+13	0
1.11891e+13	0
3.73524e+12	0
3.72098e+12	0
2.91722e+11	0
3.70106e+12	0
3.00825e+11	0
2.99136e+11	0
3.69582e+12	0
3.77028e+11	0
3.13137e+11	0
3.41824e+11	0
3.63654e+11	7.75311e+08
3.63654e+11	-7.75311e+08
3.57533e+11	0
3.3109e+11	0
3.18481e+11	0
8.94364e+12	0
8.91731e+12	0
8.94195e+12	0
8.98947e+12	0
9.00391e+12	0
9.0004e+12	0
1.11784e+13	0
1.11747e+13	0
1.11694e+13	0
3.44352e+11	0
3.72406e+11	0
3.69276e+12	0
3.60419e+11	0
3.68277e+12	0
3.68549e+12	0
3.67419e+12	0
3.67037e+12	0
3.66699e+12	0
3.65292e+12	0
3.62586e+12	0
3.63103e+12	0
3.63366e+12	0
8.99745e+12	0
8.99649e+12	0
1.1156e+13	0
1.11321e+13	0
1.11402e+13	0
1.11515e+13	0
9.01333e+12	0
9.03317e+12	0
1.11482e+13	0
1.11495e+13	0
1.11351e+13	0
1.11354e+13	0
9.07234e+12	0
9.07901e+12	0
9.12056e+12	0
9.12334e+12	0
9.11135e+12	0
9.05187e+12	2.74906e+08
9.05187e+12	-2.74906e+08
9.10577e+12	0
9.09032e+12	0
9.10171e+12	0
9.09828e+12	0
9.05045e+12	0
9.05021e+12	0
9.09874e+12	0
9.05033e+12	0
3.89178e+11	0
1.11193e+13	0
1.11123e+13	6.13504e+08
1.11123e+13	-6.13504e+08
4.44547e+11	0
3.95018e+11	0
4.02813e+11	8.25691e+08
4.02813e+11	-8.25691e+08
4.22975e+11	0
4.12447e+11	0
4.17848e+11	0
3.53095e+12	0
3.60031e+12	0
3.57917e+12	0
3.5858e+12	0
3.58972e+12	0
9.17202e+12	0
1.1101e+13	0
1.11059e+13	0
1.10945e+13	0
4.45249e+11	0
4.47783e+11	0
3.56542e+12	0
3.58933e+12	0
3.56232e+12	0
3.55632e+12	0
3.55174e+12	0
3.53923e+12	0
3.53674e+12	0
3.52447e+12	0
9.17835e+12	0
9.18768e+12	0
9.18055e+12	0
9.20495e+12	0
9.2113e+12	0
9.19733e+12	0
1.10673e+13	0
1.10758e+13	0
1.10743e+13	0
1.10719e+13	0
4.59717e+11	1.94941e+09
4.59717e+11	-1.94941e+09
4.62731e+11	0
4.71148e+11	0
4.94027e+11	0
4.97579e+11	0
4.85053e+11	0
4.83453e+11	0
3.50739e+12	0
3.49963e+12	0
3.47814e+12	1.5652e+09
3.47814e+12	-1.5652e+09
3.46924e+12	0
9.21006e+12	0
9.22718e+12	0
9.23595e+12	0
9.32029e+12	0
9.31024e+12	0
9.24697e+12	0
9.24037e+12	0
9.23905e+12	0
9.23976e+12	0
9.2577e+12	0
9.25606e+12	0
1.10537e+13	0
9.28048e+12	0
9.29523e+12	0
1.1008e+13	0
1.10067e+13	0
1.10487e+13	0
1.10496e+13	0
9.29224e+12	0
1.10154e+13	0
1.10435e+13	0
1.10458e+13	0
1.10388e+13	0
9.28341e+12	0
9.2873e+12	0
9.28653e+12	0
1.10324e+13	2.02976e+09
1.10324e+13	-2.02976e+09
1.10365e+13	0
1.10341e+13	0
1.10255e+13	4.49674e+07
1.10255e+13	-4.49674e+07
5.08196e+11	0
5.13916e+11	0
5.24451e+11	0
3.45391e+12	0
3.44559e+12	0
3.4667e+12	0
9.36046e+12	0
1.09839e+13	0
1.09928e+13	0
1.09958e+13	0
1.09758e+13	0
3.42958e+12	1.49761e+09
3.42958e+12	-1.49761e+09
3.42092e+12	0
3.42544e+12	0
3.41458e+12	0
3.40439e+12	0
5.33763e+11	0
3.39593e+12	0
5.41261e+11	0
5.99576e+11	3.11357e+08
5.99576e+11	-3.11357e+08
3.38918e+12	0
5.78802e+11	0
5.68713e+11	0
5.50528e+11	0
5.49651e+11	0
5.555e+11	0
5.59058e+11	0
9.37985e+12	0
9.36587e+12	1.89802e+08
9.36587e+12	-1.89802e+08
9.40145e+12	0
9.37353e+12	0
9.37389e+12	0
1.09714e+13	0
1.09718e+13	0
1.09641e+13	0
1.09616e+13	0
5.63067e+11	0
5.74477e+11	0
5.92383e+11	0
3.37995e+12	0
3.37052e+12	9.64955e+08
3.37052e+12	-9.64955e+08
3.35739e+12	0
3.34959e+12	0
3.32455e+12	1.4847e+09
3.32455e+12	-1.4847e+09
3.33388e+12	1.90182e+09
3.33388e+12	-1.90182e+09
9.3964e+12	0
9.40875e+12	0
9.41117e+12	0
1.09561e+13	0
1.09595e+13	0
1.09586e+13	0
1.09418e+13	0
9.5069e+12	0
9.44003e+12	0
9.45537e+12	0
1.09006e+13	0
9.42664e+12	0
1.09069e+13	0
9.42741e+12	0
1.09338e+13	0
9.43439e+12	0
1.09324e+13	0
9.4291e+12	0
9.48659e+12	0
1.09206e+13	0
1.09273e+13	0
1.09191e+13	0
9.47401e+12	0
9.43133e+12	0
9.48098e+12	0
9.43152e+12	0
9.47583e+12	0
9.47928e+12	0
9.47681e+12	0
6.13834e+11	0
6.20293e+11	0
3.31147e+12	0
3.29948e+12	0
3.29617e+12	0
9.52099e+12	0
1.08962e+13	0
6.2428e+11	0
6.31773e+11	0
3.27841e+12	0
3.2905e+12	0
9.5478e+12	0
9.54054e+12	0
9.54362e+12	0
1.08903e+13	0
1.08879e+13	0
1.08868e+13	2.25527e+09
1.08868e+13	-2.25527e+09
1.08769e+13	0
1.08798e+13	3.61429e+08
1.08798e+13	-3.61429e+08
6.36189e+11	0
3.25553e+12	2.43487e+09
3.25553e+12	-2.43487e+09
6.4569e+11	0
6.46203e+11	0
6.50315e+11	0
3.25168e+12	0
6.54754e+11	1.50574e+09
6.54754e+11	-1.50574e+09
3.23795e+12	0
3.25099e+12	0
7.07023e+11	2.15675e+09
7.07023e+11	-2.15675e+09
6.71375e+11	0
6.85398e+11	0
6.80667e+11	0
6.77019e+11	0
9.55856e+12	0
9.5718e+12	0
9.56858e+12	0
9.56155e+12	0
1.0855e+13	3.64673e+10
1.0855e+13	-3.64673e+10
9.58445e+12	0
1.086e+13	0
3.22716e+12	0
3.22395e+12	0
3.16228e+12	0
3.21556e+12	0
3.21229e+12	0
3.20874e+12	0
3.20644e+12	0
3.1964e+12	0
3.18237e+12	2.57641e+09
3.18237e+12	-2.57641e+09
3.18046e+12	0
1.08527e+13	0
1.08474e+13	0
1.08469e+13	0
9.59364e+12	0
1.08134e+13	0
1.08389e+13	0
1.08347e+13	0
1.08325e+13	0
9.60368e+12	0
9.60643e+12	0
1.08225e+13	0
9.63586e+12	0
9.65121e+12	0
9.63148e+12	0
9.62647e+12	0
1.08241e+13	0
1.08266e+13	3.90536e+08
1.08266e+13	-3.90536e+08
9.68032e+12	0
9.61068e+12	0
9.62153e+12	0
9.61641e+12	0
9.6631e+12	0
9.67173e+12	0
9.60946e+12	0
9.67101e+12	0
9.66739e+12	3.01761e+08
9.66739e+12	-3.01761e+08
9.62016e+12	0
6.99157e+11	0
7.61617e+11	2.62955e+09
7.61617e+11	-2.62955e+09
3.15025e+12	1.92422e+09
3.15025e+12	-1.92422e+09
3.14649e+12	0
9.70282e+12	0
1.08019e+13	0
7.2562e+11	0
3.13954e+12	0
3.1235e+12	0
7.79114e+11	0
7.3087e+11	0
7.32277e+11	0
3.12953e+12	0
7.3825e+11	0
7.50927e+11	0
7.45531e+11	6.56385e+08
7.45531e+11	-6.56385e+08
3.10594e+12	0
7.40194e+11	0
9.71615e+12	0
9.72046e+12	0
9.73225e+12	0
9.72452e+12	0
1.07888e+13	0
1.07864e+13	1.59466e+09
1.07864e+13	-1.59466e+09
1.07874e+13	0
1.07862e+13	0
7.93622e+11	0
3.08353e+12	0
3.08106e+12	0
3.04986e+12	1.92585e+09
3.04986e+12	-1.92585e+09
3.0755e+12	0
3.06229e+12	0
3.0662e+12	0
3.06839e+12	0
3.05626e+12	0
9.74212e+12	0
9.74526e+12	0
9.7525e+12	0
9.75987e+12	0
9.77402e+12	0
9.76352e+12	0
9.78565e+12	0
9.78179e+12	0
1.07762e+13	8.39119e+08
1.07762e+13	-8.39119e+08
1.07696e+13	0
1.07657e+13	1.71344e+09
1.07657e+13	-1.71344e+09
1.07614e+13	0
1.07347e+13	0
1.07404e+13	0
1.07406e+13	1.22696e+09
1.07406e+13	-1.22696e+09
1.07425e+13	0
1.07555e+13	0
1.07551e+13	3.1824e+07
1.07551e+13	-3.1824e+07
1.07579e+13	0
7.87445e+11	0
7.8611e+11	0
7.96392e+11	0
3.04445e+12	0
3.03948e+12	0
3.03099e+12	0
9.79156e+12	0
8.08797e+11	1.11375e+09
8.08797e+11	-1.11375e+09
8.04251e+11	0
3.02026e+12	0
2.99558e+12	2.63688e+09
2.99558e+12	-2.63688e+09
8.19255e+11	0
8.34523e+11	1.83277e+09
8.34523e+11	-1.83277e+09
3.0183e+12	0
3.01552e+12	0
8.21241e+11	0
3.00436e+12	0
2.98302e+12	0
9.82869e+12	1.81722e+09
9.82869e+12	-1.81722e+09
9.81663e+12	0
9.80972e+12	0
1.07157e+13	0
9.80664e+12	0
9.80346e+12	0
9.79979e+12	0
9.80224e+12	1.89376e+08
9.80224e+12	-1.89376e+08
8.72352e+11	0
8.39552e+11	0
8.46162e+11	0
8.48186e+11	0
8.52588e+11	0
8.64621e+11	0
2.97119e+12	7.93612e+08
2.97119e+12	-7.93612e+08
2.95284e+12	0
2.95527e+12	2.24059e+09
2.95527e+12	-2.24059e+09
2.93027e+12	0
2.91948e+12	0
9.83812e+12	0
9.89717e+12	0
9.87402e+12	0
9.86418e+12	0
9.85941e+12	9.68635e+08
9.85941e+12	-9.68635e+08
9.90472e+12	0
9.90796e+12	0
1.06902e+13	0
1.06751e+13	0
1.07035e+13	0
9.8509e+12	4.70329e+08
9.8509e+12	-4.70329e+08
1.06822e+13	0
1.0679e+13	0
1.07001e+13	0
1.07016e+13	0
1.07023e+13	0
9.91029e+12	0
9.8509e+12	0
2.91373e+12	0
2.90574e+12	0
9.9247e+12	3.34708e+09
9.9247e+12	-3.34708e+09
1.06684e+13	0
8.77249e+11	0
8.86123e+11	0
2.89972e+12	0
8.94956e+11	0
8.98437e+11	0
9.09394e+11	0
9.11685e+11	0
2.88848e+12	0
2.87965e+12	0
2.88171e+12	0
9.92251e+12	0
9.93193e+12	0
9.93022e+12	0
1.06655e+13	0
1.06597e+13	0
1.06597e+13	0
1.06525e+13	0
1.06553e+13	3.71393e+08
1.06553e+13	-3.71393e+08
1.06555e+13	0
9.31163e+11	0
9.17002e+11	0
9.18512e+11	0
9.45556e+11	0
9.3906e+11	0
9.22568e+11	0
9.25045e+11	0
2.87708e+12	0
2.86792e+12	0
2.87318e+12	0
2.85672e+12	0
2.87245e+12	0
2.85147e+12	0
2.84647e+12	2.12343e+09
2.84647e+12	-2.12343e+09
2.80101e+12	1.80774e+09
2.80101e+12	-1.80774e+09
2.8311e+12	0
2.81763e+12	0
2.84092e+12	0
2.80419e+12	0
2.82401e+12	0
1.06501e+13	0
1.06311e+13	0
1.06287e+13	0
1.06458e+13	0
1.06498e+13	0
9.96054e+12	5.03904e+09
9.96054e+12	-5.03904e+09
9.96077e+12	0
1.06274e+13	0
1.06435e+13	0
1.06426e+13	0
9.96814e+12	0
9.98655e+12	0
1.00586e+13	0
9.97629e+12	0
9.97939e+12	0
9.99693e+12	6.3861e+08
9.99693e+12	-6.3861e+08
9.99416e+12	0
9.97459e+12	0
1.00402e+13	9.037e+08
1.00402e+13	-9.037e+08
1.00374e+13	0
1.00111e+13	0
1.00152e+13	0
1.00251e+13	0
1.00323e+13	0
9.97317e+12	0
9.97286e+12	0
1.00224e+13	0
1.0022e+13	0
9.51998e+11	0
2.79287e+12	0
2.77904e+12	0
1.06221e+13	0
9.54267e+11	0
9.61332e+11	0
2.76767e+12	0
2.77308e+12	0
9.6955e+11	0
9.66639e+11	0
9.79969e+11	0
9.75486e+11	0
9.74488e+11	0
2.7481e+12	0
2.75481e+12	5.39958e+08
2.75481e+12	-5.39958e+08
1.06178e+13	0
1.06116e+13	0
9.89366e+11	0
2.73876e+12	0
1.00703e+12	0
9.93369e+11	0
1.00147e+12	0
9.99291e+11	0
2.7066e+12	1.97617e+09
2.7066e+12	-1.97617e+09
2.7245e+12	0
2.71846e+12	0
1.00854e+13	0
1.00886e+13	0
1.00933e+13	2.01302e+09
1.00933e+13	-2.01302e+09
1.01088e+13	0
1.01107e+13	0
1.0101e+13	1.87358e+08
1.0101e+13	-1.87358e+08
1.00982e+13	0
1.06103e+13	0
1.06089e+13	5.73019e+08
1.06089e+13	-5.73019e+08
1.06041e+13	0
1.05797e+13	0
1.05924e+13	0
1.05892e+13	0
1.06016e+13	5.54056e+08
1.06016e+13	-5.54056e+08
1.0568e+13	0
1.05708e+13	0
1.05707e+13	0
1.06007e+13	0
1.05899e+13	0
1.05819e+13	0
1.05821e+13	0
1.06004e+13	0
1.02371e+12	4.9864e+08
1.02371e+12	-4.9864e+08
2.69178e+12	0
2.69456e+12	0
2.69834e+12	0
1.01207e+13	0
1.05555e+13	0
1.01739e+12	0
1.0322e+12	0
1.04092e+12	0
1.04521e+12	0
1.0538e+12	0
2.6856e+12	2.06623e+09
2.6856e+12	-2.06623e+09
1.06203e+12	0
1.04348e+12	0
2.66426e+12	0
2.68443e+12	0
2.67015e+12	0
2.67594e+12	0
2.65883e+12	0
2.64995e+12	0
2.64777e+12	0
1.01393e+13	0
1.01421e+13	0
1.01494e+13	1.3005e+09
1.01494e+13	-1.3005e+09
1.01525e+13	0
1.01285e+13	0
1.0128e+13	0
1.05527e+13	0
1.0735e+12	0
1.08701e+12	0
1.07749e+12	0
1.08291e+12	0
2.63811e+12	0
2.62573e+12	0
2.63311e+12	0
2.61862e+12	0
2.60407e+12	0
2.57554e+12	0
2.62963e+12	0
2.59568e+12	0
2.59169e+12	0
2.58172e+12	0
2.58434e+12	0
2.58811e+12	0
1.05524e+13	0
1.01615e+13	0
1.01281e+13	0
1.05421e+13	0
1.01656e+13	0
1.05381e+13	0
1.05373e+13	0
1.05318e+13	0
1.01719e+13	0
1.01998e+13	2.06081e+09
1.01998e+13	-2.06081e+09
1.0211e+13	0
1.01865e+13	0
1.05303e+13	0
1.05298e+13	0
1.02128e+13	0
1.02047e+13	0
1.0182e+13	9.06711e+08
1.0182e+13	-9.06711e+08
1.01791e+13	0
1.01772e+13	2.00372e+07
1.01772e+13	-2.00372e+07
1.08891e+12	0
2.56303e+12	0
1.02244e+13	0
1.09671e+12	8.50253e+08
1.09671e+12	-8.50253e+08
1.10589e+12	0
1.09754e+12	0
2.5532e+12	0
1.11002e+12	0
1.11496e+12	0
1.11717e+12	0
2.55076e+12	0
2.53359e+12	0
1.05235e+13	0
1.05202e+13	0
1.05217e+13	0
1.05226e+13	0
1.0516e+13	0
1.05224e+13	0
1.12784e+12	0
1.12638e+12	9.43059e+08
1.12638e+12	-9.43059e+08
1.13133e+12	0
2.5284e+12	0
2.5293e+12	0
1.14668e+12	0
1.15218e+12	0
1.1472e+12	0
2.52291e+12	0
2.51605e+12	3.02046e+09
2.51605e+12	-3.02046e+09
2.48645e+12	0
2.4906e+12	0
2.51332e+12	0
2.49721e+12	0
2.50519e+12	0
2.50078e+12	0
1.02456e+13	0
1.05043e+13	0
1.05068e+13	0
1.05087e+13	0
1.05106e+13	0
1.05194e+13	0
1.05123e+13	0
1.04951e+13	1.42064e+09
1.04951e+13	-1.42064e+09
1.04447e+13	0
1.04461e+13	0
1.05126e+13	0
1.04969e+13	0
1.04571e+13	0
1.04783e+13	0
1.04866e+13	1.98976e+08
1.04866e+13	-1.98976e+08
1.04848e+13	0
1.04842e+13	0
1.04735e+13	0
1.04808e+13	0
1.04705e+13	3.0238e+08
1.04705e+13	-3.0238e+08
1.04712e+13	0
1.04662e+13	7.17669e+07
1.04662e+13	-7.17669e+07
1.16231e+12	0
1.15672e+12	1.53019e+09
1.15672e+12	-1.53019e+09
1.16898e+12	0
2.47526e+12	7.02576e+08
2.47526e+12	-7.02576e+08
2.46811e+12	0
2.45671e+12	0
2.46133e+12	0
1.02563e+13	0
1.02563e+13	0
1.04378e+13	0
1.17132e+12	0
1.18423e+12	9.93715e+08
1.18423e+12	-9.93715e+08
2.44937e+12	0
2.45953e+12	0
2.43782e+12	2.68977e+09
2.43782e+12	-2.68977e+09
2.42865e+12	0
1.02575e+13	0
1.02688e+13	2.88106e+09
1.02688e+13	-2.88106e+09
1.02852e+13	4.6664e+09
1.02852e+13	-4.6664e+09
1.02928e+13	0
1.02987e+13	0
1.03204e+13	6.37081e+09
1.03204e+13	-6.37081e+09
1.02834e+13	0
1.03052e+13	0
1.04193e+13	0
1.03184e+13	0
1.0278e+13	7.98516e+08
1.0278e+13	-7.98516e+08
1.04252e+13	9.12266e+07
1.04252e+13	-9.12266e+07
1.02616e+13	0
1.19379e+12	0
1.20816e+12	0
1.20423e+12	0
1.19844e+12	1.12178e+09
1.19844e+12	-1.12178e+09
2.38105e+12	2.35094e+09
2.38105e+12	-2.35094e+09
2.40771e+12	0
2.41169e+12	0
2.41359e+12	0
2.41728e+12	0
2.40357e+12	0
2.39433e+12	0
2.39725e+12	0
1.04134e+13	0
1.03261e+13	0
1.03369e+13	0
1.0407e+13	0
1.04633e+13	0
1.03426e+13	4.03436e+09
1.03426e+13	-4.03436e+09
1.02639e+13	5.63804e+07
1.02639e+13	-5.63804e+07
1.03318e+13	0
1.03123e+13	0
1.03117e+13	0
1.03569e+13	0
1.03634e+13	0
1.03932e+13	0
1.0388e+13	0
1.03807e+13	0
1.03528e+13	0
1.03522e+13	0
1.03689e+13	2.86647e+09
1.03689e+13	-2.86647e+09
1.03675e+13	0
1.03722e+13	0
1.21515e+12	0
2.36464e+12	0
1.22161e+12	0
1.26523e+12	2.3947e+09
1.26523e+12	-2.3947e+09
1.228e+12	0
1.2383e+12	0
1.0394e+13	0
1.24151e+12	0
1.24834e+12	0
1.26417e+12	0
1.25683e+12	0
1.25154e+12	3.98831e+08
1.25154e+12	-3.98831e+08
1.25418e+12	0
2.35678e+12	0
2.3532e+12	0
2.35103e+12	0
2.35488e+12	0
2.3468e+12	0
2.33868e+12	1.50959e+09
2.33868e+12	-1.50959e+09
2.33399e+12	0
2.26491e+12	0
2.27007e+12	0
2.27772e+12	0
2.30787e+12	5.32913e+08
2.30787e+12	-5.32913e+08
2.29416e+12	0
2.31595e+12	0
2.32047e+12	0
2.29073e+12	0
2.31964e+12	0
2.30023e+12	0
2.2845e+12	0
2.28269e+12	0
1.03971e+13	2.16484e+08
1.03971e+13	-2.16484e+08
1.03979e+13	0
1.04634e+13	0
1.03762e+13	0
1.03765e+13	0
1.27483e+12	2.89297e+08
1.27483e+12	-2.89297e+08
1.27106e+12	0
1.2817e+12	0
1.28914e+12	0
1.2871e+12	0
2.23453e+12	0
2.25021e+12	1.64002e+09
2.25021e+12	-1.64002e+09
2.24684e+12	8.34111e+08
2.24684e+12	-8.34111e+08
2.24582e+12	0
1.29923e+12	0
1.30145e+12	0
1.30987e+12	0
1.31256e+12	0
1.31417e+12	0
1.34331e+12	2.80213e+09
1.34331e+12	-2.80213e+09
1.32229e+12	0
1.32652e+12	0
1.33496e+12	0
1.33053e+12	0
2.2265e+12	0
2.22064e+12	0
2.21614e+12	0
2.21446e+12	0
2.18554e+12	0
2.17734e+12	0
2.16389e+12	2.46441e+09
2.16389e+12	-2.46441e+09
2.1507e+12	0
2.20915e+12	0
2.20342e+12	0
2.20148e+12	0
2.168e+12	0
2.1912e+12	0
2.19663e+12	0
1.34801e+12	0
1.3539e+12	0
2.13853e+12	4.11777e+09
2.13853e+12	-4.11777e+09
2.13726e+12	0
2.15522e+12	0
1.35693e+12	0
1.36089e+12	0
1.36838e+12	0
1.37231e+12	0
1.37652e+12	0
1.37562e+12	0
2.15656e+12	0
2.11802e+12	0
2.12468e+12	0
2.11185e+12	0
2.09498e+12	0
2.10179e+12	0
2.12954e+12	0
2.15408e+12	0
2.10643e+12	0
2.08981e+12	0
2.10401e+12	0
1.38255e+12	1.53582e+09
1.38255e+12	-1.53582e+09
1.39104e+12	0
1.38787e+12	0
1.39866e+12	0
1.38518e+12	0
1.40807e+12	1.84152e+09
1.40807e+12	-1.84152e+09
1.40607e+12	0
1.42153e+12	0
1.42353e+12	0
1.4441e+12	6.28699e+08
1.4441e+12	-6.28699e+08
2.08017e+12	3.44558e+08
2.08017e+12	-3.44558e+08
1.42583e+12	0
1.43421e+12	0
1.44705e+12	0
2.07654e+12	0
1.42883e+12	1.21149e+09
1.42883e+12	-1.21149e+09
1.43121e+12	0
2.0727e+12	0
2.06635e+12	0
2.07009e+12	0
2.05514e+12	1.91666e+09
2.05514e+12	-1.91666e+09
2.05241e+12	0
2.04275e+12	0
2.03893e+12	0
2.0236e+12	0
2.04426e+12	0
2.04903e+12	0
2.03216e+12	0
2.0186e+12	0
2.00458e+12	0
2.00799e+12	1.42609e+09
2.00799e+12	-1.42609e+09
1.97555e+12	0
1.97941e+12	0
2.01201e+12	0
1.99624e+12	0
1.9727e+12	0
1.98298e+12	0
1.98909e+12	1.02139e+09
1.98909e+12	-1.02139e+09
1.45151e+12	0
1.46272e+12	2.39971e+09
1.46272e+12	-2.39971e+09
1.46393e+12	0
1.96396e+12	0
1.98472e+12	0
1.94247e+12	1.09791e+09
1.94247e+12	-1.09791e+09
1.95666e+12	0
1.95461e+12	0
1.95381e+12	0
1.94935e+12	5.09634e+08
1.94935e+12	-5.09634e+08
1.47846e+12	0
1.4835e+12	1.85056e+09
1.4835e+12	-1.85056e+09
1.48529e+12	0
1.92405e+12	1.46645e+09
1.92405e+12	-1.46645e+09
1.92247e+12	2.16027e+09
1.92247e+12	-2.16027e+09
1.91567e+12	0
1.91432e+12	0
1.90955e+12	0
1.48912e+12	0
1.48799e+12	0
1.49329e+12	8.95462e+08
1.49329e+12	-8.95462e+08
1.91262e+12	0
1.90454e+12	0
1.49652e+12	0
1.50351e+12	0
1.50152e+12	0
1.52047e+12	1.168e+09
1.52047e+12	-1.168e+09
1.89925e+12	0
1.52665e+12	0
1.89756e+12	0
1.56039e+12	9.54128e+08
1.56039e+12	-9.54128e+08
1.53182e+12	1.20294e+09
1.53182e+12	-1.20294e+09
1.55249e+12	0
1.51054e+12	0
1.51408e+12	0
1.50002e+12	0
1.5383e+12	0
1.50961e+12	0
1.54306e+12	4.00575e+08
1.54306e+12	-4.00575e+08
1.54068e+12	0
1.88713e+12	0
1.88039e+12	0
1.88419e+12	0
1.87269e+12	0
1.86817e+12	0
1.88681e+12	1.90854e+09
1.88681e+12	-1.90854e+09
1.86437e+12	0
1.86241e+12	0
1.86019e+12	0
1.7926e+12	0
1.85085e+12	0
1.80136e+12	2.13786e+09
1.80136e+12	-2.13786e+09
1.83905e+12	0
1.82439e+12	1.7189e+09
1.82439e+12	-1.7189e+09
1.84614e+12	0
1.84509e+12	0
1.84317e+12	0
1.84407e+12	0
1.82058e+12	0
1.81515e+12	0
1.81247e+12	0
1.81296e+12	0
1.81631e+12	0
1.81827e+12	0
1.56681e+12	7.78076e+08
1.56681e+12	-7.78076e+08
1.78895e+12	0
1.78797e+12	0
1.7857e+12	0
1.56988e+12	0
1.57308e+12	0
1.58046e+12	0
1.60351e+12	0
1.59918e+12	0
1.59672e+12	0
1.58452e+12	0
1.59168e+12	0
1.7812e+12	2.70522e+08
1.7812e+12	-2.70522e+08
1.77505e+12	0
1.73172e+12	0
1.77061e+12	0
1.73439e+12	0
1.73829e+12	0
1.76057e+12	3.58616e+08
1.76057e+12	-3.58616e+08
1.74541e+12	1.23372e+09
1.74541e+12	-1.23372e+09
1.74295e+12	0
1.75608e+12	0
1.76528e+12	0
1.76708e+12	0
1.76653e+12	0
1.75395e+12	0
1.75141e+12	0
1.76904e+12	0
1.58685e+12	0
1.5877e+12	0
1.58889e+12	0
1.5872e+12	0
1.72695e+12	1.82187e+09
1.72695e+12	-1.82187e+09
1.72626e+12	0
1.71608e+12	0
1.60665e+12	0
1.61165e+12	0
1.60913e+12	0
1.71338e+12	0
1.71147e+12	0
1.71041e+12	0
1.61719e+12	0
1.61912e+12	0
1.69973e+12	0
1.70427e+12	0
1.70989e+12	0
1.6233e+12	0
1.61818e+12	0
1.69598e+12	7.12692e+08
1.69598e+12	-7.12692e+08
1.62048e+12	0
1.63343e+12	0
1.62682e+12	0
1.62854e+12	0
1.63481e+12	0
1.63833e+12	0
1.64339e+12	2.0974e+09
1.64339e+12	-2.0974e+09
1.65611e+12	3.86382e+09
1.65611e+12	-3.86382e+09
1.6303e+12	0
1.65181e+12	0
1.6855e+12	0
1.64586e+12	0
1.66592e+12	3.95418e+09
1.66592e+12	-3.95418e+09
1.68659e+12	6.33696e+08
1.68659e+12	-6.33696e+08
1.66246e+12	0
1.64868e+12	0
1.64803e+12	0
1.68272e+12	0
1.6695e+12	0
1.67964e+12	0
1.67645e+12	1.7377e+09
1.67645e+12	-1.7377e+09
1.67783e+12	0
1.67156e+12	0
1.67482e+12	0
1.67603e+12	0
1.67278e+12	0
