-2.56e-05	-2.56e-05	8.37578e-17
-2.432e-05	-2.56e-05	-1.58805e-16
-2.304e-05	-2.56e-05	-2.33588e-16
-2.176e-05	-2.56e-05	-1.28775e-17
-2.048e-05	-2.56e-05	-9.4378e-17
-1.92e-05	-2.56e-05	-7.87625e-17
-1.792e-05	-2.56e-05	1.56711e-17
-1.664e-05	-2.56e-05	-7.16734e-17
-1.536e-05	-2.56e-05	-4.56798e-17
-1.408e-05	-2.56e-05	-3.4224e-17
-1.28e-05	-2.56e-05	-3.05408e-17
-1.152e-05	-2.56e-05	-1.70447e-17
-1.024e-05	-2.56e-05	2.58377e-17
-8.96e-06	-2.56e-05	1.89551e-17
-7.68e-06	-2.56e-05	-4.15449e-17
-6.4e-06	-2.56e-05	2.5477e-17
-5.12e-06	-2.56e-05	-2.94473e-18
-3.84e-06	-2.56e-05	2.94447e-17
-2.56e-06	-2.56e-05	-4.54566e-17
-1.28e-06	-2.56e-05	4.95124e-17
0	-2.56e-05	-2.62741e-17
1.28e-06	-2.56e-05	-1.20443e-17
2.56e-06	-2.56e-05	-3.67613e-17
3.84e-06	-2.56e-05	-1.44809e-17
5.12e-06	-2.56e-05	1.2087e-17
6.4e-06	-2.56e-05	4.02885e-17
7.68e-06	-2.56e-05	-5.95074e-17
8.96e-06	-2.56e-05	6.986e-18
1.024e-05	-2.56e-05	-3.64434e-17
1.152e-05	-2.56e-05	-7.42183e-18
1.28e-05	-2.56e-05	-4.03632e-17
1.408e-05	-2.56e-05	5.98608e-17
1.536e-05	-2.56e-05	-4.03897e-17
1.664e-05	-2.56e-05	-6.68147e-17
1.792e-05	-2.56e-05	1.20347e-17
1.92e-05	-2.56e-05	-2.0099e-16
2.048e-05	-2.56e-05	3.7489e-17
2.176e-05	-2.56e-05	-1.31621e-16
2.304e-05	-2.56e-05	-3.63939e-17
2.432e-05	-2.56e-05	-2.29531e-16
-2.56e-05	-2.432e-05	-1.79636e-16
-2.432e-05	-2.432e-05	-9.97651e-17
-2.304e-05	-2.432e-05	-4.99557e-17
-2.176e-05	-2.432e-05	2.9454e-16
-2.048e-05	-2.432e-05	9.68952e-17
-1.92e-05	-2.432e-05	-1.56471e-16
-1.792e-05	-2.432e-05	1.69585e-17
-1.664e-05	-2.432e-05	-7.13013e-17
-1.536e-05	-2.432e-05	1.71823e-17
-1.408e-05	-2.432e-05	-1.97433e-16
-1.28e-05	-2.432e-05	-4.32659e-17
-1.152e-05	-2.432e-05	-2.06885e-16
-1.024e-05	-2.432e-05	-1.4745e-17
-8.96e-06	-2.432e-05	-2.31858e-17
-7.68e-06	-2.432e-05	-5.58782e-18
-6.4e-06	-2.432e-05	-2.79161e-17
-5.12e-06	-2.432e-05	-8.91418e-18
-3.84e-06	-2.432e-05	-1.55217e-17
-2.56e-06	-2.432e-05	7.2271e-18
-1.28e-06	-2.432e-05	3.18941e-17
0	-2.432e-05	8.80311e-18
1.28e-06	-2.432e-05	-1.1538e-16
2.56e-06	-2.432e-05	-6.85948e-18
3.84e-06	-2.432e-05	-2.17531e-17
5.12e-06	-2.432e-05	4.74454e-17
6.4e-06	-2.432e-05	-2.13876e-17
7.68e-06	-2.432e-05	5.36575e-17
8.96e-06	-2.432e-05	-1.0726e-16
1.024e-05	-2.432e-05	1.26618e-16
1.152e-05	-2.432e-05	-2.64127e-17
1.28e-05	-2.432e-05	1.01391e-16
1.408e-05	-2.432e-05	-1.41813e-17
1.536e-05	-2.432e-05	1.55603e-17
1.664e-05	-2.432e-05	9.66432e-17
1.792e-05	-2.432e-05	-1.35101e-16
1.92e-05	-2.432e-05	-6.95094e-18
2.048e-05	-2.432e-05	-1.29209e-16
2.176e-05	-2.432e-05	5.40533e-17
2.304e-05	-2.432e-05	8.79161e-18
2.432e-05	-2.432e-05	-9.74461e-17
-2.56e-05	-2.304e-05	-1.17657e-16
-2.432e-05	-2.304e-05	-4.84521e-17
-2.304e-05	-2.304e-05	1.99174e-16
-2.176e-05	-2.304e-05	4.15895e-17
-2.048e-05	-2.304e-05	1.661e-16
-1.92e-05	-2.304e-05	1.79551e-16
-1.792e-05	-2.304e-05	2.32982e-16
-1.664e-05	-2.304e-05	1.1923e-16
-1.536e-05	-2.304e-05	3.7989e-17
-1.408e-05	-2.304e-05	-1.65123e-16
-1.28e-05	-2.304e-05	-2.00486e-16
-1.152e-05	-2.304e-05	-1.87825e-16
-1.024e-05	-2.304e-05	-1.2578e-16
-8.96e-06	-2.304e-05	-2.18031e-16
-7.68e-06	-2.304e-05	-1.1491e-16
-6.4e-06	-2.304e-05	-1.89031e-16
-5.12e-06	-2.304e-05	4.93805e-17
-3.84e-06	-2.304e-05	7.64244e-16
-2.56e-06	-2.304e-05	-8.47875e-17
-1.28e-06	-2.304e-05	-3.17502e-17
0	-2.304e-05	-2.16693e-16
1.28e-06	-2.304e-05	-2.32142e-16
2.56e-06	-2.304e-05	-9.03572e-17
3.84e-06	-2.304e-05	8.08971e-17
5.12e-06	-2.304e-05	-8.76246e-17
6.4e-06	-2.304e-05	6.03498e-17
7.68e-06	-2.304e-05	-1.12395e-17
8.96e-06	-2.304e-05	7.30405e-17
1.024e-05	-2.304e-05	-9.78204e-17
1.152e-05	-2.304e-05	4.59762e-17
1.28e-05	-2.304e-05	-1.35054e-16
1.408e-05	-2.304e-05	5.55916e-17
1.536e-05	-2.304e-05	-8.4731e-17
1.664e-05	-2.304e-05	-2.30777e-17
1.792e-05	-2.304e-05	-4.63311e-17
1.92e-05	-2.304e-05	-8.4924e-17
2.048e-05	-2.304e-05	-1.55416e-17
2.176e-05	-2.304e-05	-6.72021e-17
2.304e-05	-2.304e-05	2.56135e-17
2.432e-05	-2.304e-05	1.62631e-17
-2.56e-05	-2.176e-05	-8.50218e-18
-2.432e-05	-2.176e-05	4.20993e-17
-2.304e-05	-2.176e-05	-1.39234e-17
-2.176e-05	-2.176e-05	1.48659e-17
-2.048e-05	-2.176e-05	-5.04567e-17
-1.92e-05	-2.176e-05	-1.42172e-16
-1.792e-05	-2.176e-05	-5.25945e-17
-1.664e-05	-2.176e-05	-4.88486e-17
-1.536e-05	-2.176e-05	-5.68931e-17
-1.408e-05	-2.176e-05	-2.40035e-17
-1.28e-05	-2.176e-05	-9.39934e-17
-1.152e-05	-2.176e-05	-7.38564e-17
-1.024e-05	-2.176e-05	-5.30564e-17
-8.96e-06	-2.176e-05	-6.14174e-17
-7.68e-06	-2.176e-05	-2.57154e-18
-6.4e-06	-2.176e-05	-2.1314e-17
-5.12e-06	-2.176e-05	-5.42302e-18
-3.84e-06	-2.176e-05	2.2305e-17
-2.56e-06	-2.176e-05	-4.38455e-17
-1.28e-06	-2.176e-05	-4.55202e-17
0	-2.176e-05	-7.72476e-17
1.28e-06	-2.176e-05	-1.04741e-16
2.56e-06	-2.176e-05	-2.65878e-17
3.84e-06	-2.176e-05	-5.15957e-17
5.12e-06	-2.176e-05	4.0345e-17
6.4e-06	-2.176e-05	-8.51815e-17
7.68e-06	-2.176e-05	5.56763e-17
8.96e-06	-2.176e-05	-6.91789e-17
1.024e-05	-2.176e-05	4.55931e-17
1.152e-05	-2.176e-05	-8.77428e-17
1.28e-05	-2.176e-05	7.06475e-17
1.408e-05	-2.176e-05	-1.20547e-16
1.536e-05	-2.176e-05	6.20861e-18
1.664e-05	-2.176e-05	-8.40991e-17
1.792e-05	-2.176e-05	-4.23327e-17
1.92e-05	-2.176e-05	-4.59268e-17
2.048e-05	-2.176e-05	-1.45786e-16
2.176e-05	-2.176e-05	-3.15514e-17
2.304e-05	-2.176e-05	-9.3364e-17
2.432e-05	-2.176e-05	-2.93499e-17
-2.56e-05	-2.048e-05	-4.23447e-17
-2.432e-05	-2.048e-05	-4.01679e-17
-2.304e-05	-2.048e-05	-6.7639e-17
-2.176e-05	-2.048e-05	-4.85933e-17
-2.048e-05	-2.048e-05	-1.67011e-16
-1.92e-05	-2.048e-05	-3.62947e-17
-1.792e-05	-2.048e-05	-6.27627e-17
-1.664e-05	-2.048e-05	-1.04656e-16
-1.536e-05	-2.048e-05	-9.18847e-18
-1.408e-05	-2.048e-05	-1.17435e-16
-1.28e-05	-2.048e-05	-4.00388e-17
-1.152e-05	-2.048e-05	-6.54822e-17
-1.024e-05	-2.048e-05	-1.93006e-17
-8.96e-06	-2.048e-05	-4.39631e-17
-7.68e-06	-2.048e-05	-5.1269e-17
-6.4e-06	-2.048e-05	-5.17932e-18
-5.12e-06	-2.048e-05	-2.09091e-17
-3.84e-06	-2.048e-05	-5.28508e-17
-2.56e-06	-2.048e-05	-1.15299e-17
-1.28e-06	-2.048e-05	-4.89175e-17
0	-2.048e-05	-4.78381e-17
1.28e-06	-2.048e-05	-1.40967e-17
2.56e-06	-2.048e-05	-4.90062e-17
3.84e-06	-2.048e-05	-3.42558e-18
5.12e-06	-2.048e-05	-7.10202e-17
6.4e-06	-2.048e-05	5.40396e-18
7.68e-06	-2.048e-05	-7.47935e-17
8.96e-06	-2.048e-05	-2.89612e-17
1.024e-05	-2.048e-05	-1.1043e-16
1.152e-05	-2.048e-05	-1.53102e-17
1.28e-05	-2.048e-05	-7.13517e-17
1.408e-05	-2.048e-05	4.60156e-17
1.536e-05	-2.048e-05	-1.03334e-16
1.664e-05	-2.048e-05	-6.54752e-17
1.792e-05	-2.048e-05	-6.17259e-17
1.92e-05	-2.048e-05	-4.32316e-17
2.048e-05	-2.048e-05	-7.32425e-17
2.176e-05	-2.048e-05	-1.39719e-16
2.304e-05	-2.048e-05	-5.33625e-17
2.432e-05	-2.048e-05	-1.35262e-16
-2.56e-05	-1.92e-05	-5.45238e-17
-2.432e-05	-1.92e-05	-1.51484e-16
-2.304e-05	-1.92e-05	-1.90491e-17
-2.176e-05	-1.92e-05	-1.5587e-16
-2.048e-05	-1.92e-05	-2.99851e-17
-1.92e-05	-1.92e-05	-2.33653e-17
-1.792e-05	-1.92e-05	-9.2587e-17
-1.664e-05	-1.92e-05	-6.29872e-17
-1.536e-05	-1.92e-05	-8.59297e-17
-1.408e-05	-1.92e-05	-3.66521e-17
-1.28e-05	-1.92e-05	-1.1744e-16
-1.152e-05	-1.92e-05	1.41722e-17
-1.024e-05	-1.92e-05	-4.05214e-17
-8.96e-06	-1.92e-05	-8.56697e-17
-7.68e-06	-1.92e-05	-3.26831e-17
-6.4e-06	-1.92e-05	-3.63011e-17
-5.12e-06	-1.92e-05	-3.23458e-17
-3.84e-06	-1.92e-05	-5.92159e-17
-2.56e-06	-1.92e-05	-1.05357e-16
-1.28e-06	-1.92e-05	-1.03967e-16
0	-1.92e-05	-5.16951e-17
1.28e-06	-1.92e-05	-5.16155e-17
2.56e-06	-1.92e-05	-2.10101e-17
3.84e-06	-1.92e-05	-7.11323e-17
5.12e-06	-1.92e-05	-2.83038e-17
6.4e-06	-1.92e-05	-1.82454e-17
7.68e-06	-1.92e-05	-2.84836e-17
8.96e-06	-1.92e-05	-4.15483e-17
1.024e-05	-1.92e-05	-2.44541e-17
1.152e-05	-1.92e-05	-4.1964e-17
1.28e-05	-1.92e-05	-2.8722e-17
1.408e-05	-1.92e-05	-6.1695e-17
1.536e-05	-1.92e-05	1.80709e-17
1.664e-05	-1.92e-05	-1.09006e-16
1.792e-05	-1.92e-05	-1.08758e-16
1.92e-05	-1.92e-05	-1.26465e-16
2.048e-05	-1.92e-05	-6.65751e-17
2.176e-05	-1.92e-05	-1.02294e-16
2.304e-05	-1.92e-05	-8.87632e-17
2.432e-05	-1.92e-05	-5.82627e-17
-2.56e-05	-1.792e-05	-1.06959e-16
-2.432e-05	-1.792e-05	-3.39599e-17
-2.304e-05	-1.792e-05	-1.48714e-16
-2.176e-05	-1.792e-05	-1.37951e-17
-2.048e-05	-1.792e-05	-6.31099e-17
-1.92e-05	-1.792e-05	-7.84506e-17
-1.792e-05	-1.792e-05	-4.77816e-17
-1.664e-05	-1.792e-05	-8.79585e-17
-1.536e-05	-1.792e-05	1.11212e-17
-1.408e-05	-1.792e-05	-1.13038e-16
-1.28e-05	-1.792e-05	1.22366e-17
-1.152e-05	-1.792e-05	2.28269e-17
-1.024e-05	-1.792e-05	-3.61977e-17
-8.96e-06	-1.792e-05	-2.69486e-17
-7.68e-06	-1.792e-05	-1.6701e-17
-6.4e-06	-1.792e-05	-6.99599e-17
-5.12e-06	-1.792e-05	-2.11646e-16
-3.84e-06	-1.792e-05	-5.82599e-16
-2.56e-06	-1.792e-05	-8.13045e-16
-1.28e-06	-1.792e-05	-7.95925e-16
0	-1.792e-05	-5.68756e-16
1.28e-06	-1.792e-05	-2.6703e-16
2.56e-06	-1.792e-05	-9.21377e-17
3.84e-06	-1.792e-05	-5.72229e-17
5.12e-06	-1.792e-05	-5.57027e-17
6.4e-06	-1.792e-05	-7.1707e-17
7.68e-06	-1.792e-05	-2.10642e-17
8.96e-06	-1.792e-05	-3.21531e-17
1.024e-05	-1.792e-05	-3.55418e-17
1.152e-05	-1.792e-05	-2.00843e-17
1.28e-05	-1.792e-05	-4.83222e-17
1.408e-05	-1.792e-05	-1.03865e-16
1.536e-05	-1.792e-05	-7.07716e-17
1.664e-05	-1.792e-05	6.22926e-18
1.792e-05	-1.792e-05	-1.10536e-16
1.92e-05	-1.792e-05	-1.84074e-17
2.048e-05	-1.792e-05	-1.06562e-16
2.176e-05	-1.792e-05	6.06326e-18
2.304e-05	-1.792e-05	-6.02506e-17
2.432e-05	-1.792e-05	-6.18709e-17
-2.56e-05	-1.664e-05	-7.21203e-17
-2.432e-05	-1.664e-05	-5.41472e-17
-2.304e-05	-1.664e-05	2.31357e-17
-2.176e-05	-1.664e-05	1.78041e-17
-2.048e-05	-1.664e-05	-3.16554e-17
-1.92e-05	-1.664e-05	-5.94542e-17
-1.792e-05	-1.664e-05	6.45364e-19
-1.664e-05	-1.664e-05	3.82262e-17
-1.536e-05	-1.664e-05	-8.2057e-17
-1.408e-05	-1.664e-05	-1.34572e-17
-1.28e-05	-1.664e-05	7.09692e-17
-1.152e-05	-1.664e-05	2.61439e-17
-1.024e-05	-1.664e-05	-3.12675e-18
-8.96e-06	-1.664e-05	-5.08642e-17
-7.68e-06	-1.664e-05	-1.23335e-16
-6.4e-06	-1.664e-05	-8.23533e-16
-5.12e-06	-1.664e-05	-3.19218e-15
-3.84e-06	-1.664e-05	-8.44381e-15
-2.56e-06	-1.664e-05	-1.3846e-14
-1.28e-06	-1.664e-05	-1.34939e-14
0	-1.664e-05	-8.84148e-15
1.28e-06	-1.664e-05	-3.99173e-15
2.56e-06	-1.664e-05	-1.29134e-15
3.84e-06	-1.664e-05	-3.7403e-16
5.12e-06	-1.664e-05	-5.17172e-17
6.4e-06	-1.664e-05	-7.04702e-17
7.68e-06	-1.664e-05	-4.5491e-17
8.96e-06	-1.664e-05	-3.76847e-17
1.024e-05	-1.664e-05	-1.09894e-16
1.152e-05	-1.664e-05	3.96296e-17
1.28e-05	-1.664e-05	-2.8125e-17
1.408e-05	-1.664e-05	-4.42269e-17
1.536e-05	-1.664e-05	-9.55771e-17
1.664e-05	-1.664e-05	-7.29679e-17
1.792e-05	-1.664e-05	-2.83203e-17
1.92e-05	-1.664e-05	-6.57309e-17
2.048e-05	-1.664e-05	2.19462e-17
2.176e-05	-1.664e-05	-4.96538e-17
2.304e-05	-1.664e-05	5.64596e-17
2.432e-05	-1.664e-05	-5.84723e-18
-2.56e-05	-1.536e-05	2.6291e-17
-2.432e-05	-1.536e-05	6.07767e-17
-2.304e-05	-1.536e-05	8.83937e-17
-2.176e-05	-1.536e-05	-3.48615e-17
-2.048e-05	-1.536e-05	-5.69946e-17
-1.92e-05	-1.536e-05	-1.34872e-17
-1.792e-05	-1.536e-05	-3.14274e-18
-1.664e-05	-1.536e-05	-9.4463e-17
-1.536e-05	-1.536e-05	-3.57302e-17
-1.408e-05	-1.536e-05	-6.87296e-17
-1.28e-05	-1.536e-05	4.86224e-17
-1.152e-05	-1.536e-05	-5.23757e-19
-1.024e-05	-1.536e-05	-1.35353e-16
-8.96e-06	-1.536e-05	-3.04121e-16
-7.68e-06	-1.536e-05	-2.336e-15
-6.4e-06	-1.536e-05	-1.23591e-14
-5.12e-06	-1.536e-05	-5.06936e-14
-3.84e-06	-1.536e-05	-1.45981e-13
-2.56e-06	-1.536e-05	-2.4175e-13
-1.28e-06	-1.536e-05	-2.35772e-13
0	-1.536e-05	-1.51832e-13
1.28e-06	-1.536e-05	-6.65781e-14
2.56e-06	-1.536e-05	-1.98195e-14
3.84e-06	-1.536e-05	-4.45158e-15
5.12e-06	-1.536e-05	-8.7509e-16
6.4e-06	-1.536e-05	-1.75525e-16
7.68e-06	-1.536e-05	-3.86061e-17
8.96e-06	-1.536e-05	-3.96083e-17
1.024e-05	-1.536e-05	-2.30042e-17
1.152e-05	-1.536e-05	-1.13987e-16
1.28e-05	-1.536e-05	6.30513e-17
1.408e-05	-1.536e-05	-7.28249e-17
1.536e-05	-1.536e-05	1.32896e-17
1.664e-05	-1.536e-05	-2.03711e-17
1.792e-05	-1.536e-05	-5.43391e-17
1.92e-05	-1.536e-05	-7.45051e-18
2.048e-05	-1.536e-05	-8.52052e-17
2.176e-05	-1.536e-05	7.16716e-17
2.304e-05	-1.536e-05	-9.21086e-17
2.432e-05	-1.536e-05	3.37381e-17
-2.56e-05	-1.408e-05	-5.69725e-17
-2.432e-05	-1.408e-05	3.11549e-17
-2.304e-05	-1.408e-05	-1.29675e-16
-2.176e-05	-1.408e-05	-6.40919e-17
-2.048e-05	-1.408e-05	-1.03169e-16
-1.92e-05	-1.408e-05	-4.13515e-17
-1.792e-05	-1.408e-05	-2.50109e-16
-1.664e-05	-1.408e-05	-2.05447e-16
-1.536e-05	-1.408e-05	-1.98853e-16
-1.408e-05	-1.408e-05	-2.37783e-16
-1.28e-05	-1.408e-05	-1.03805e-16
-1.152e-05	-1.408e-05	-3.8459e-16
-1.024e-05	-1.408e-05	-8.37377e-16
-8.96e-06	-1.408e-05	-5.0587e-15
-7.68e-06	-1.408e-05	-3.30272e-14
-6.4e-06	-1.408e-05	-1.84596e-13
-5.12e-06	-1.408e-05	-8.15686e-13
-3.84e-06	-1.408e-05	-2.51013e-12
-2.56e-06	-1.408e-05	-4.26225e-12
-1.28e-06	-1.408e-05	-4.1345e-12
0	-1.408e-05	-2.6132e-12
1.28e-06	-1.408e-05	-1.10585e-12
2.56e-06	-1.408e-05	-3.08581e-13
3.84e-06	-1.408e-05	-6.4231e-14
5.12e-06	-1.408e-05	-1.09876e-14
6.4e-06	-1.408e-05	-1.91751e-15
7.68e-06	-1.408e-05	-5.95432e-16
8.96e-06	-1.408e-05	-3.75106e-16
1.024e-05	-1.408e-05	-4.21137e-16
1.152e-05	-1.408e-05	-3.60917e-16
1.28e-05	-1.408e-05	-3.96677e-16
1.408e-05	-1.408e-05	-2.65094e-16
1.536e-05	-1.408e-05	-3.52398e-16
1.664e-05	-1.408e-05	-9.32144e-17
1.792e-05	-1.408e-05	-8.78908e-17
1.92e-05	-1.408e-05	-4.00295e-17
2.048e-05	-1.408e-05	2.62933e-17
2.176e-05	-1.408e-05	-3.53726e-17
2.304e-05	-1.408e-05	5.49927e-17
2.432e-05	-1.408e-05	-2.82556e-17
-2.56e-05	-1.28e-05	6.29273e-17
-2.432e-05	-1.28e-05	-4.68204e-17
-2.304e-05	-1.28e-05	-1.24333e-16
-2.176e-05	-1.28e-05	-2.46392e-16
-2.048e-05	-1.28e-05	-6.50523e-16
-1.92e-05	-1.28e-05	-1.52287e-15
-1.792e-05	-1.28e-05	-2.33825e-15
-1.664e-05	-1.28e-05	-2.9546e-15
-1.536e-05	-1.28e-05	-3.63312e-15
-1.408e-05	-1.28e-05	-3.9108e-15
-1.28e-05	-1.28e-05	-4.43803e-15
-1.152e-05	-1.28e-05	-5.19316e-15
-1.024e-05	-1.28e-05	-1.17324e-14
-8.96e-06	-1.28e-05	-6.53768e-14
-7.68e-06	-1.28e-05	-4.45294e-13
-6.4e-06	-1.28e-05	-2.69626e-12
-5.12e-06	-1.28e-05	-1.29696e-11
-3.84e-06	-1.28e-05	-4.31404e-11
-2.56e-06	-1.28e-05	-7.52333e-11
-1.28e-06	-1.28e-05	-7.25477e-11
0	-1.28e-05	-4.4956e-11
1.28e-06	-1.28e-05	-1.83173e-11
2.56e-06	-1.28e-05	-4.75437e-12
3.84e-06	-1.28e-05	-9.12212e-13
5.12e-06	-1.28e-05	-1.45402e-13
6.4e-06	-1.28e-05	-2.41203e-14
7.68e-06	-1.28e-05	-8.40887e-15
8.96e-06	-1.28e-05	-6.83262e-15
1.024e-05	-1.28e-05	-6.80865e-15
1.152e-05	-1.28e-05	-6.74836e-15
1.28e-05	-1.28e-05	-6.30065e-15
1.408e-05	-1.28e-05	-5.77082e-15
1.536e-05	-1.28e-05	-4.73334e-15
1.664e-05	-1.28e-05	-3.75596e-15
1.792e-05	-1.28e-05	-2.43689e-15
1.92e-05	-1.28e-05	-1.24991e-15
2.048e-05	-1.28e-05	-4.137e-16
2.176e-05	-1.28e-05	-8.48486e-17
2.304e-05	-1.28e-05	1.50909e-17
2.432e-05	-1.28e-05	9.67702e-17
-2.56e-05	-1.152e-05	-3.54785e-17
-2.432e-05	-1.152e-05	-1.90513e-16
-2.304e-05	-1.152e-05	-1.08281e-15
-2.176e-05	-1.152e-05	-4.28964e-15
-2.048e-05	-1.152e-05	-1.30151e-14
-1.92e-05	-1.152e-05	-2.60997e-14
-1.792e-05	-1.152e-05	-3.98178e-14
-1.664e-05	-1.152e-05	-5.21998e-14
-1.536e-05	-1.152e-05	-6.23467e-14
-1.408e-05	-1.152e-05	-6.99798e-14
-1.28e-05	-1.152e-05	-7.50557e-14
-1.152e-05	-1.152e-05	-8.40141e-14
-1.024e-05	-1.152e-05	-1.56257e-13
-8.96e-06	-1.152e-05	-7.99059e-13
-7.68e-06	-1.152e-05	-5.7861e-12
-6.4e-06	-1.152e-05	-3.83482e-11
-5.12e-06	-1.152e-05	-2.03233e-10
-3.84e-06	-1.152e-05	-7.40473e-10
-2.56e-06	-1.152e-05	-1.32957e-09
-1.28e-06	-1.152e-05	-1.27345e-09
0	-1.152e-05	-7.7269e-10
1.28e-06	-1.152e-05	-3.02104e-10
2.56e-06	-1.152e-05	-7.20639e-11
3.84e-06	-1.152e-05	-1.26109e-11
5.12e-06	-1.152e-05	-1.85407e-12
6.4e-06	-1.152e-05	-3.09618e-13
7.68e-06	-1.152e-05	-1.28933e-13
8.96e-06	-1.152e-05	-1.16308e-13
1.024e-05	-1.152e-05	-1.17897e-13
1.152e-05	-1.152e-05	-1.16366e-13
1.28e-05	-1.152e-05	-1.10044e-13
1.408e-05	-1.152e-05	-9.87335e-14
1.536e-05	-1.152e-05	-8.33953e-14
1.664e-05	-1.152e-05	-6.41914e-14
1.792e-05	-1.152e-05	-4.29682e-14
1.92e-05	-1.152e-05	-2.21834e-14
2.048e-05	-1.152e-05	-7.76661e-15
2.176e-05	-1.152e-05	-1.92498e-15
2.304e-05	-1.152e-05	-3.88917e-16
2.432e-05	-1.152e-05	-1.3531e-16
-2.56e-05	-1.024e-05	-5.65647e-16
-2.432e-05	-1.024e-05	-3.30863e-15
-2.304e-05	-1.024e-05	-1.6995e-14
-2.176e-05	-1.024e-05	-7.1146e-14
-2.048e-05	-1.024e-05	-2.19994e-13
-1.92e-05	-1.024e-05	-4.47645e-13
-1.792e-05	-1.024e-05	-6.86219e-13
-1.664e-05	-1.024e-05	-9.00654e-13
-1.536e-05	-1.024e-05	-1.07654e-12
-1.408e-05	-1.024e-05	-1.20557e-12
-1.28e-05	-1.024e-05	-1.28822e-12
-1.152e-05	-1.024e-05	-1.38275e-12
-1.024e-05	-1.024e-05	-2.11971e-12
-8.96e-06	-1.024e-05	-9.38841e-12
-7.68e-06	-1.024e-05	-7.18879e-11
-6.4e-06	-1.024e-05	-5.27141e-10
-5.12e-06	-1.024e-05	-3.12391e-09
-3.84e-06	-1.024e-05	-1.26908e-08
-2.56e-06	-1.024e-05	-2.35277e-08
-1.28e-06	-1.024e-05	-2.23608e-08
0	-1.024e-05	-1.32669e-08
1.28e-06	-1.024e-05	-4.95758e-09
2.56e-06	-1.024e-05	-1.06899e-09
3.84e-06	-1.024e-05	-1.68143e-10
5.12e-06	-1.024e-05	-2.2656e-11
6.4e-06	-1.024e-05	-3.95778e-12
7.68e-06	-1.024e-05	-2.05033e-12
8.96e-06	-1.024e-05	-1.98608e-12
1.024e-05	-1.024e-05	-2.03263e-12
1.152e-05	-1.024e-05	-2.00882e-12
1.28e-05	-1.024e-05	-1.89873e-12
1.408e-05	-1.024e-05	-1.70565e-12
1.536e-05	-1.024e-05	-1.43783e-12
1.664e-05	-1.024e-05	-1.10801e-12
1.792e-05	-1.024e-05	-7.37457e-13
1.92e-05	-1.024e-05	-3.76023e-13
2.048e-05	-1.024e-05	-1.24697e-13
2.176e-05	-1.024e-05	-3.04102e-14
2.304e-05	-1.024e-05	-6.14469e-15
2.432e-05	-1.024e-05	-2.30577e-15
-2.56e-05	-8.96e-06	-7.92334e-15
-2.432e-05	-8.96e-06	-4.67278e-14
-2.304e-05	-8.96e-06	-2.52907e-13
-2.176e-05	-8.96e-06	-1.13016e-12
-2.048e-05	-8.96e-06	-3.70486e-12
-1.92e-05	-8.96e-06	-7.69392e-12
-1.792e-05	-8.96e-06	-1.18333e-11
-1.664e-05	-8.96e-06	-1.55395e-11
-1.536e-05	-8.96e-06	-1.85721e-11
-1.408e-05	-8.96e-06	-2.07946e-11
-1.28e-05	-8.96e-06	-2.21569e-11
-1.152e-05	-8.96e-06	-2.31524e-11
-1.024e-05	-8.96e-06	-2.99142e-11
-8.96e-06	-8.96e-06	-1.06078e-10
-7.68e-06	-8.96e-06	-8.4275e-10
-6.4e-06	-8.96e-06	-6.92229e-09
-5.12e-06	-8.96e-06	-4.67673e-08
-3.84e-06	-8.96e-06	-2.17121e-07
-2.56e-06	-8.96e-06	-4.16927e-07
-1.28e-06	-8.96e-06	-3.92758e-07
0	-8.96e-06	-2.27523e-07
1.28e-06	-8.96e-06	-8.08797e-08
2.56e-06	-8.96e-06	-1.53984e-08
3.84e-06	-8.96e-06	-2.13537e-09
5.12e-06	-8.96e-06	-2.62559e-10
6.4e-06	-8.96e-06	-5.12382e-11
7.68e-06	-8.96e-06	-3.34306e-11
8.96e-06	-8.96e-06	-3.40677e-11
1.024e-05	-8.96e-06	-3.505e-11
1.152e-05	-8.96e-06	-3.46564e-11
1.28e-05	-8.96e-06	-3.2759e-11
1.408e-05	-8.96e-06	-2.94281e-11
1.536e-05	-8.96e-06	-2.48071e-11
1.664e-05	-8.96e-06	-1.91079e-11
1.792e-05	-8.96e-06	-1.26827e-11
1.92e-05	-8.96e-06	-6.36024e-12
2.048e-05	-8.96e-06	-1.98969e-12
2.176e-05	-8.96e-06	-4.52701e-13
2.304e-05	-8.96e-06	-8.66891e-14
2.432e-05	-8.96e-06	-2.98392e-14
-2.56e-05	-7.68e-06	-1.03716e-13
-2.432e-05	-7.68e-06	-6.36039e-13
-2.304e-05	-7.68e-06	-3.67916e-12
-2.176e-05	-7.68e-06	-1.77445e-11
-2.048e-05	-7.68e-06	-6.23385e-11
-1.92e-05	-7.68e-06	-1.32253e-10
-1.792e-05	-7.68e-06	-2.04074e-10
-1.664e-05	-7.68e-06	-2.68093e-10
-1.536e-05	-7.68e-06	-3.2042e-10
-1.408e-05	-7.68e-06	-3.58716e-10
-1.28e-05	-7.68e-06	-3.81664e-10
-1.152e-05	-7.68e-06	-3.92625e-10
-1.024e-05	-7.68e-06	-4.45004e-10
-8.96e-06	-7.68e-06	-1.16176e-09
-7.68e-06	-7.68e-06	-9.13702e-09
-6.4e-06	-7.68e-06	-8.52346e-08
-5.12e-06	-7.68e-06	-6.73898e-07
-3.84e-06	-7.68e-06	-3.70688e-06
-2.56e-06	-7.68e-06	-7.39954e-06
-1.28e-06	-7.68e-06	-6.90047e-06
0	-7.68e-06	-3.89677e-06
1.28e-06	-7.68e-06	-1.31043e-06
2.56e-06	-7.68e-06	-2.12597e-07
3.84e-06	-7.68e-06	-2.53131e-08
5.12e-06	-7.68e-06	-2.84946e-09
6.4e-06	-7.68e-06	-6.87259e-10
7.68e-06	-7.68e-06	-5.56752e-10
8.96e-06	-7.68e-06	-5.85916e-10
1.024e-05	-7.68e-06	-6.04552e-10
1.152e-05	-7.68e-06	-5.97907e-10
1.28e-05	-7.68e-06	-5.65185e-10
1.408e-05	-7.68e-06	-5.0772e-10
1.536e-05	-7.68e-06	-4.27986e-10
1.664e-05	-7.68e-06	-3.29554e-10
1.792e-05	-7.68e-06	-2.18152e-10
1.92e-05	-7.68e-06	-1.07495e-10
2.048e-05	-7.68e-06	-3.13982e-11
2.176e-05	-7.68e-06	-6.61585e-12
2.304e-05	-7.68e-06	-1.18207e-12
2.432e-05	-7.68e-06	-3.83204e-13
-2.56e-05	-6.4e-06	-1.32462e-12
-2.432e-05	-6.4e-06	-8.42633e-12
-2.304e-05	-6.4e-06	-5.22543e-11
-2.176e-05	-6.4e-06	-2.74737e-10
-2.048e-05	-6.4e-06	-1.04737e-09
-1.92e-05	-6.4e-06	-2.27402e-09
-1.792e-05	-6.4e-06	-3.51972e-09
-1.664e-05	-6.4e-06	-4.62532e-09
-1.536e-05	-6.4e-06	-5.52816e-09
-1.408e-05	-6.4e-06	-6.18852e-09
-1.28e-05	-6.4e-06	-6.58003e-09
-1.152e-05	-6.4e-06	-6.71489e-09
-1.024e-05	-6.4e-06	-6.9896e-09
-8.96e-06	-6.4e-06	-1.26956e-08
-7.68e-06	-6.4e-06	-8.8804e-08
-6.4e-06	-6.4e-06	-9.52258e-07
-5.12e-06	-6.4e-06	-9.14512e-06
-3.84e-06	-6.4e-06	-6.313e-05
-2.56e-06	-6.4e-06	-0.000131543
-1.28e-06	-6.4e-06	-0.000121262
0	-6.4e-06	-6.66408e-05
1.28e-06	-6.4e-06	-2.10579e-05
2.56e-06	-6.4e-06	-2.74497e-06
3.84e-06	-6.4e-06	-2.70126e-07
5.12e-06	-6.4e-06	-2.86377e-08
6.4e-06	-6.4e-06	-9.78397e-09
7.68e-06	-6.4e-06	-9.42033e-09
8.96e-06	-6.4e-06	-1.00935e-08
1.024e-05	-6.4e-06	-1.0429e-08
1.152e-05	-6.4e-06	-1.03155e-08
1.28e-05	-6.4e-06	-9.75105e-09
1.408e-05	-6.4e-06	-8.75965e-09
1.536e-05	-6.4e-06	-7.38392e-09
1.664e-05	-6.4e-06	-5.68428e-09
1.792e-05	-6.4e-06	-3.75341e-09
1.92e-05	-6.4e-06	-1.8152e-09
2.048e-05	-6.4e-06	-4.8885e-10
2.176e-05	-6.4e-06	-9.44347e-11
2.304e-05	-6.4e-06	-1.56903e-11
2.432e-05	-6.4e-06	-4.84684e-12
-2.56e-05	-5.12e-06	-1.66095e-11
-2.432e-05	-5.12e-06	-1.08136e-10
-2.304e-05	-5.12e-06	-7.19942e-10
-2.176e-05	-5.12e-06	-4.17598e-09
-2.048e-05	-5.12e-06	-1.75687e-08
-1.92e-05	-5.12e-06	-3.91143e-08
-1.792e-05	-5.12e-06	-6.0711e-08
-1.664e-05	-5.12e-06	-7.98e-08
-1.536e-05	-5.12e-06	-9.53768e-08
-1.408e-05	-5.12e-06	-1.06767e-07
-1.28e-05	-5.12e-06	-1.13493e-07
-1.152e-05	-5.12e-06	-1.15414e-07
-1.024e-05	-5.12e-06	-1.14813e-07
-8.96e-06	-5.12e-06	-1.4765e-07
-7.68e-06	-5.12e-06	-7.36897e-07
-6.4e-06	-5.12e-06	-9.02801e-06
-5.12e-06	-5.12e-06	-0.000111443
-3.84e-06	-5.12e-06	-0.00107193
-2.56e-06	-5.12e-06	-0.00234264
-1.28e-06	-5.12e-06	-0.00213128
0	-5.12e-06	-0.00113775
1.28e-06	-5.12e-06	-0.000335026
2.56e-06	-5.12e-06	-3.13467e-05
3.84e-06	-5.12e-06	-2.40559e-06
5.12e-06	-5.12e-06	-2.69004e-07
6.4e-06	-5.12e-06	-1.49763e-07
7.68e-06	-5.12e-06	-1.61067e-07
8.96e-06	-5.12e-06	-1.74036e-07
1.024e-05	-5.12e-06	-1.79923e-07
1.152e-05	-5.12e-06	-1.77971e-07
1.28e-05	-5.12e-06	-1.68233e-07
1.408e-05	-5.12e-06	-1.5113e-07
1.536e-05	-5.12e-06	-1.27394e-07
1.664e-05	-5.12e-06	-9.80522e-08
1.792e-05	-5.12e-06	-6.45994e-08
1.92e-05	-5.12e-06	-3.06238e-08
2.048e-05	-5.12e-06	-7.47763e-09
2.176e-05	-5.12e-06	-1.30832e-09
2.304e-05	-5.12e-06	-2.01842e-10
2.432e-05	-5.12e-06	-6.07012e-11
-2.56e-05	-3.84e-06	-2.05709e-10
-2.432e-05	-3.84e-06	-1.33848e-09
-2.304e-05	-3.84e-06	-9.53476e-09
-2.176e-05	-3.84e-06	-6.18953e-08
-2.048e-05	-3.84e-06	-2.94158e-07
-1.92e-05	-3.84e-06	-6.73062e-07
-1.792e-05	-3.84e-06	-1.04729e-06
-1.664e-05	-3.84e-06	-1.3768e-06
-1.536e-05	-3.84e-06	-1.64553e-06
-1.408e-05	-3.84e-06	-1.84203e-06
-1.28e-05	-3.84e-06	-1.9579e-06
-1.152e-05	-3.84e-06	-1.98866e-06
-1.024e-05	-3.84e-06	-1.94206e-06
-8.96e-06	-3.84e-06	-1.98037e-06
-7.68e-06	-3.84e-06	-4.93334e-06
-6.4e-06	-3.84e-06	-6.08106e-05
-5.12e-06	-3.84e-06	-0.00105707
-3.84e-06	-3.84e-06	-0.0181357
-2.56e-06	-3.84e-06	-0.041801
-1.28e-06	-3.84e-06	-0.0374617
0	-3.84e-06	-0.0193881
1.28e-06	-3.84e-06	-0.00526479
2.56e-06	-3.84e-06	-0.000263782
3.84e-06	-3.84e-06	-1.44627e-05
5.12e-06	-3.84e-06	-2.59891e-06
6.4e-06	-3.84e-06	-2.44562e-06
7.68e-06	-3.84e-06	-2.77007e-06
8.96e-06	-3.84e-06	-3.00207e-06
1.024e-05	-3.84e-06	-3.10414e-06
1.152e-05	-3.84e-06	-3.07049e-06
1.28e-05	-3.84e-06	-2.9025e-06
1.408e-05	-3.84e-06	-2.60743e-06
1.536e-05	-3.84e-06	-2.19794e-06
1.664e-05	-3.84e-06	-1.6915e-06
1.792e-05	-3.84e-06	-1.11221e-06
1.92e-05	-3.84e-06	-5.16137e-07
2.048e-05	-3.84e-06	-1.11651e-07
2.176e-05	-3.84e-06	-1.74335e-08
2.304e-05	-3.84e-06	-2.50418e-09
2.432e-05	-3.84e-06	-7.57136e-10
-2.56e-05	-2.56e-06	-2.5476e-09
-2.432e-05	-2.56e-06	-1.594e-08
-2.304e-05	-2.56e-06	-1.19753e-07
-2.176e-05	-2.56e-06	-8.84668e-07
-2.048e-05	-2.56e-06	-4.91503e-06
-1.92e-05	-2.56e-06	-1.15873e-05
-1.792e-05	-2.56e-06	-1.80675e-05
-1.664e-05	-2.56e-06	-2.37541e-05
-1.536e-05	-2.56e-06	-2.83903e-05
-1.408e-05	-2.56e-06	-3.17802e-05
-1.28e-05	-2.56e-06	-3.37787e-05
-1.152e-05	-2.56e-06	-3.43001e-05
-1.024e-05	-2.56e-06	-3.33338e-05
-8.96e-06	-2.56e-06	-3.11328e-05
-7.68e-06	-2.56e-06	-3.15228e-05
-6.4e-06	-2.56e-06	-0.000100609
-5.12e-06	-2.56e-06	-0.00140942
-3.84e-06	-2.56e-06	-0.0234092
-2.56e-06	-2.56e-06	-0.0440716
-1.28e-06	-2.56e-06	-0.0281017
0	-2.56e-06	-0.00345081
1.28e-06	-2.56e-06	0.00402765
2.56e-06	-2.56e-06	0.000240983
3.84e-06	-2.56e-06	-9.86741e-06
5.12e-06	-2.56e-06	-3.28959e-05
6.4e-06	-2.56e-06	-4.16011e-05
7.68e-06	-2.56e-06	-4.77622e-05
8.96e-06	-2.56e-06	-5.17927e-05
1.024e-05	-2.56e-06	-5.35551e-05
1.152e-05	-2.56e-06	-5.29745e-05
1.28e-05	-2.56e-06	-5.00763e-05
1.408e-05	-2.56e-06	-4.49858e-05
1.536e-05	-2.56e-06	-3.79214e-05
1.664e-05	-2.56e-06	-2.91819e-05
1.792e-05	-2.56e-06	-1.91567e-05
1.92e-05	-2.56e-06	-8.68994e-06
2.048e-05	-2.56e-06	-1.61013e-06
2.176e-05	-2.56e-06	-2.20428e-07
2.304e-05	-2.56e-06	-2.98555e-08
2.432e-05	-2.56e-06	-9.47527e-09
-2.56e-05	-1.28e-06	-3.21817e-08
-2.432e-05	-1.28e-06	-1.83477e-07
-2.304e-05	-1.28e-06	-1.39713e-06
-2.176e-05	-1.28e-06	-1.19482e-05
-2.048e-05	-1.28e-06	-8.19318e-05
-1.92e-05	-1.28e-06	-0.000199598
-1.792e-05	-1.28e-06	-0.000311718
-1.664e-05	-1.28e-06	-0.000409836
-1.536e-05	-1.28e-06	-0.000489816
-1.408e-05	-1.28e-06	-0.000548298
-1.28e-05	-1.28e-06	-0.000582777
-1.152e-05	-1.28e-06	-0.000591759
-1.024e-05	-1.28e-06	-0.000574867
-8.96e-06	-1.28e-06	-0.000532999
-7.68e-06	-1.28e-06	-0.000470676
-6.4e-06	-1.28e-06	-0.000436675
-5.12e-06	-1.28e-06	-0.00121827
-3.84e-06	-1.28e-06	-0.0146618
-2.56e-06	-1.28e-06	-0.0142412
-1.28e-06	-1.28e-06	0.0164043
0	-1.28e-06	0.0350408
1.28e-06	-1.28e-06	0.0176165
2.56e-06	-1.28e-06	0.000485454
3.84e-06	-1.28e-06	-0.00038374
5.12e-06	-1.28e-06	-0.000579738
6.4e-06	-1.28e-06	-0.000718425
7.68e-06	-1.28e-06	-0.000824071
8.96e-06	-1.28e-06	-0.000893571
1.024e-05	-1.28e-06	-0.000923975
1.152e-05	-1.28e-06	-0.000913959
1.28e-05	-1.28e-06	-0.000863959
1.408e-05	-1.28e-06	-0.000776137
1.536e-05	-1.28e-06	-0.000654266
1.664e-05	-1.28e-06	-0.000503478
1.792e-05	-1.28e-06	-0.000330108
1.92e-05	-1.28e-06	-0.000146146
2.048e-05	-1.28e-06	-2.20003e-05
2.176e-05	-1.28e-06	-2.58957e-06
2.304e-05	-1.28e-06	-3.4282e-07
2.432e-05	-1.28e-06	-1.19766e-07
-2.56e-05	0	-4.24546e-07
-2.432e-05	0	-2.0898e-06
-2.304e-05	0	-1.46671e-05
-2.176e-05	0	-0.000145993
-2.048e-05	0	-0.00136212
-1.92e-05	0	-0.00344041
-1.792e-05	0	-0.00537837
-1.664e-05	0	-0.00707103
-1.536e-05	0	-0.00845076
-1.408e-05	0	-0.0094597
-1.28e-05	0	-0.0100545
-1.152e-05	0	-0.0102095
-1.024e-05	0	-0.00991788
-8.96e-06	0	-0.00919262
-7.68e-06	0	-0.00806732
-6.4e-06	0	-0.00662387
-5.12e-06	0	-0.00550463
-3.84e-06	0	-0.0113799
-2.56e-06	0	0.00757474
-1.28e-06	0	0.0473353
0	0	0.0549442
1.28e-06	0	0.015462
2.56e-06	0	-0.00539366
3.84e-06	0	-0.00728938
5.12e-06	0	-0.0100348
6.4e-06	0	-0.0123965
7.68e-06	0	-0.0142176
8.96e-06	0	-0.0154166
1.024e-05	0	-0.0159411
1.152e-05	0	-0.0157684
1.28e-05	0	-0.0149057
1.408e-05	0	-0.0133906
1.536e-05	0	-0.0112882
1.664e-05	0	-0.00868696
1.792e-05	0	-0.00569142
1.92e-05	0	-0.002455
2.048e-05	0	-0.000273534
2.176e-05	0	-2.73297e-05
2.304e-05	0	-3.86592e-06
2.432e-05	0	-1.53069e-06
-2.56e-05	1.28e-06	-5.93799e-06
-2.432e-05	1.28e-06	-2.4989e-05
-2.304e-05	1.28e-06	-0.000133112
-2.176e-05	1.28e-06	-0.00142411
-2.048e-05	1.28e-06	-0.0225756
-1.92e-05	1.28e-06	-0.0593464
-1.792e-05	1.28e-06	-0.092802
-1.664e-05	1.28e-06	-0.121999
-1.536e-05	1.28e-06	-0.1458
-1.408e-05	1.28e-06	-0.163207
-1.28e-05	1.28e-06	-0.173469
-1.152e-05	1.28e-06	-0.176142
-1.024e-05	1.28e-06	-0.171111
-8.96e-06	1.28e-06	-0.158596
-7.68e-06	1.28e-06	-0.139146
-6.4e-06	1.28e-06	-0.113614
-5.12e-06	1.28e-06	-0.0831007
-3.84e-06	1.28e-06	-0.0483798
-2.56e-06	1.28e-06	-0.00322873
-1.28e-06	1.28e-06	0.0365946
0	1.28e-06	0.0362485
1.28e-06	1.28e-06	-0.0110563
2.56e-06	1.28e-06	-0.0704452
3.84e-06	1.28e-06	-0.124632
5.12e-06	1.28e-06	-0.173074
6.4e-06	1.28e-06	-0.213873
7.68e-06	1.28e-06	-0.245294
8.96e-06	1.28e-06	-0.26598
1.024e-05	1.28e-06	-0.275029
1.152e-05	1.28e-06	-0.272048
1.28e-05	1.28e-06	-0.257166
1.408e-05	1.28e-06	-0.231027
1.536e-05	1.28e-06	-0.194758
1.664e-05	1.28e-06	-0.149889
1.792e-05	1.28e-06	-0.0981846
1.92e-05	1.28e-06	-0.0411894
2.048e-05	1.28e-06	-0.00276586
2.176e-05	1.28e-06	-0.000246573
2.304e-05	1.28e-06	-4.52815e-05
2.432e-05	1.28e-06	-1.95681e-05
-2.56e-05	2.56e-06	-8.7463e-05
-2.432e-05	2.56e-06	-0.000340324
-2.304e-05	2.56e-06	-0.0011009
-2.176e-05	2.56e-06	-0.00371142
-2.048e-05	2.56e-06	-0.0123823
-1.92e-05	2.56e-06	-0.0260119
-1.792e-05	2.56e-06	-0.0397518
-1.664e-05	2.56e-06	-0.0520541
-1.536e-05	2.56e-06	-0.0621572
-1.408e-05	2.56e-06	-0.069563
-1.28e-05	2.56e-06	-0.0739325
-1.152e-05	2.56e-06	-0.0750705
-1.024e-05	2.56e-06	-0.0729257
-8.96e-06	2.56e-06	-0.0675909
-7.68e-06	2.56e-06	-0.0592967
-6.4e-06	2.56e-06	-0.0483936
-5.12e-06	2.56e-06	-0.0353024
-3.84e-06	2.56e-06	-0.0203573
-2.56e-06	2.56e-06	-0.00366906
-1.28e-06	2.56e-06	0.00895094
0	2.56e-06	0.0079789
1.28e-06	2.56e-06	-0.00824741
2.56e-06	2.56e-06	-0.030833
3.84e-06	2.56e-06	-0.053346
5.12e-06	2.56e-06	-0.073833
6.4e-06	2.56e-06	-0.0911731
7.68e-06	2.56e-06	-0.104549
8.96e-06	2.56e-06	-0.113361
1.024e-05	2.56e-06	-0.117216
1.152e-05	2.56e-06	-0.115947
1.28e-05	2.56e-06	-0.10961
1.408e-05	2.56e-06	-0.0984876
1.536e-05	2.56e-06	-0.0830873
1.664e-05	2.56e-06	-0.0641602
1.792e-05	2.56e-06	-0.0428417
1.92e-05	2.56e-06	-0.0213608
2.048e-05	2.56e-06	-0.0064567
2.176e-05	2.56e-06	-0.00191224
2.304e-05	2.56e-06	-0.000602432
2.432e-05	2.56e-06	-0.000231788
-2.56e-05	3.84e-06	-0.000193817
-2.432e-05	3.84e-06	-0.000395983
-2.304e-05	3.84e-06	-0.00102112
-2.176e-05	3.84e-06	-0.00264332
-2.048e-05	3.84e-06	-0.00625502
-1.92e-05	3.84e-06	-0.0115252
-1.792e-05	3.84e-06	-0.0171116
-1.664e-05	3.84e-06	-0.0222475
-1.536e-05	3.84e-06	-0.0265135
-1.408e-05	3.84e-06	-0.0296553
-1.28e-05	3.84e-06	-0.0315123
-1.152e-05	3.84e-06	-0.0319955
-1.024e-05	3.84e-06	-0.0310809
-8.96e-06	3.84e-06	-0.0288074
-7.68e-06	3.84e-06	-0.0252737
-6.4e-06	3.84e-06	-0.0206328
-5.12e-06	3.84e-06	-0.0150873
-3.84e-06	3.84e-06	-0.00891501
-2.56e-06	3.84e-06	-0.00271529
-1.28e-06	3.84e-06	0.00142305
0	3.84e-06	0.000778803
1.28e-06	3.84e-06	-0.00509014
2.56e-06	3.84e-06	-0.0137657
3.84e-06	3.84e-06	-0.0229659
5.12e-06	3.84e-06	-0.0315503
6.4e-06	3.84e-06	-0.0388874
7.68e-06	3.84e-06	-0.0445691
8.96e-06	3.84e-06	-0.0483177
1.024e-05	3.84e-06	-0.0499594
1.152e-05	3.84e-06	-0.0494203
1.28e-05	3.84e-06	-0.0467265
1.408e-05	3.84e-06	-0.0420067
1.536e-05	3.84e-06	-0.0354996
1.664e-05	3.84e-06	-0.0275854
1.792e-05	3.84e-06	-0.0188854
1.92e-05	3.84e-06	-0.0105238
2.048e-05	3.84e-06	-0.00449374
2.176e-05	3.84e-06	-0.00173698
2.304e-05	3.84e-06	-0.000659486
2.432e-05	3.84e-06	-0.00028027
-2.56e-05	5.12e-06	-0.000201293
-2.432e-05	5.12e-06	-0.000317275
-2.304e-05	5.12e-06	-0.00068851
-2.176e-05	5.12e-06	-0.00151227
-2.048e-05	5.12e-06	-0.00302807
-1.92e-05	5.12e-06	-0.00512242
-1.792e-05	5.12e-06	-0.00739335
-1.664e-05	5.12e-06	-0.00952535
-1.536e-05	5.12e-06	-0.0113179
-1.408e-05	5.12e-06	-0.0126461
-1.28e-05	5.12e-06	-0.0134332
-1.152e-05	5.12e-06	-0.0136376
-1.024e-05	5.12e-06	-0.0132476
-8.96e-06	5.12e-06	-0.0122799
-7.68e-06	5.12e-06	-0.0107782
-6.4e-06	5.12e-06	-0.00881424
-5.12e-06	5.12e-06	-0.00649513
-3.84e-06	5.12e-06	-0.0039977
-2.56e-06	5.12e-06	-0.00167913
-1.28e-06	5.12e-06	-0.000285115
0	5.12e-06	-0.000628971
1.28e-06	5.12e-06	-0.00283609
2.56e-06	5.12e-06	-0.00620679
3.84e-06	5.12e-06	-0.0099397
5.12e-06	5.12e-06	-0.0135101
6.4e-06	5.12e-06	-0.0165993
7.68e-06	5.12e-06	-0.0190054
8.96e-06	5.12e-06	-0.0205972
1.024e-05	5.12e-06	-0.0212954
1.152e-05	5.12e-06	-0.0210672
1.28e-05	5.12e-06	-0.019925
1.408e-05	5.12e-06	-0.0179287
1.536e-05	5.12e-06	-0.0151922
1.664e-05	5.12e-06	-0.0119016
1.792e-05	5.12e-06	-0.00835526
1.92e-05	5.12e-06	-0.00502509
2.048e-05	5.12e-06	-0.00253272
2.176e-05	5.12e-06	-0.00114842
2.304e-05	5.12e-06	-0.000498918
2.432e-05	5.12e-06	-0.000232782
-2.56e-05	6.4e-06	-0.000160518
-2.432e-05	6.4e-06	-0.000214553
-2.304e-05	6.4e-06	-0.000405182
-2.176e-05	6.4e-06	-0.000791358
-2.048e-05	6.4e-06	-0.00142951
-1.92e-05	6.4e-06	-0.00227643
-1.792e-05	6.4e-06	-0.00320257
-1.664e-05	6.4e-06	-0.00408509
-1.536e-05	6.4e-06	-0.00483531
-1.408e-05	6.4e-06	-0.00539486
-1.28e-05	6.4e-06	-0.00572746
-1.152e-05	6.4e-06	-0.00581351
-1.024e-05	6.4e-06	-0.00564738
-8.96e-06	6.4e-06	-0.00523636
-7.68e-06	6.4e-06	-0.00460062
-6.4e-06	6.4e-06	-0.00377495
-5.12e-06	6.4e-06	-0.00281512
-3.84e-06	6.4e-06	-0.00181521
-2.56e-06	6.4e-06	-0.000942217
-1.28e-06	6.4e-06	-0.000463203
0	6.4e-06	-0.000631896
1.28e-06	6.4e-06	-0.00148548
2.56e-06	6.4e-06	-0.00280934
3.84e-06	6.4e-06	-0.00432043
5.12e-06	6.4e-06	-0.00579758
6.4e-06	6.4e-06	-0.00709226
7.68e-06	6.4e-06	-0.00810779
8.96e-06	6.4e-06	-0.00878209
1.024e-05	6.4e-06	-0.00907855
1.152e-05	6.4e-06	-0.00898233
1.28e-05	6.4e-06	-0.00849947
1.408e-05	6.4e-06	-0.00765803
1.536e-05	6.4e-06	-0.00651168
1.664e-05	6.4e-06	-0.00514752
1.792e-05	6.4e-06	-0.00369854
1.92e-05	6.4e-06	-0.00235108
2.048e-05	6.4e-06	-0.00130957
2.176e-05	6.4e-06	-0.000662041
2.304e-05	6.4e-06	-0.000318614
2.432e-05	6.4e-06	-0.000161079
-2.56e-05	7.68e-06	-0.000110437
-2.432e-05	7.68e-06	-0.000131612
-2.304e-05	7.68e-06	-0.000221615
-2.176e-05	7.68e-06	-0.00039524
-2.048e-05	7.68e-06	-0.000664055
-1.92e-05	7.68e-06	-0.00101034
-1.792e-05	7.68e-06	-0.00138954
-1.664e-05	7.68e-06	-0.00175447
-1.536e-05	7.68e-06	-0.00206755
-1.408e-05	7.68e-06	-0.00230252
-1.28e-05	7.68e-06	-0.00244261
-1.152e-05	7.68e-06	-0.00247867
-1.024e-05	7.68e-06	-0.00240803
-8.96e-06	7.68e-06	-0.00223397
-7.68e-06	7.68e-06	-0.00196601
-6.4e-06	7.68e-06	-0.0016211
-5.12e-06	7.68e-06	-0.00122696
-3.84e-06	7.68e-06	-0.000828778
-2.56e-06	7.68e-06	-0.000498043
-1.28e-06	7.68e-06	-0.000331182
0	7.68e-06	-0.000410477
1.28e-06	7.68e-06	-0.000747265
2.56e-06	7.68e-06	-0.00127219
3.84e-06	7.68e-06	-0.00188398
5.12e-06	7.68e-06	-0.00249301
6.4e-06	7.68e-06	-0.00303348
7.68e-06	7.68e-06	-0.00346064
8.96e-06	7.68e-06	-0.0037455
1.024e-05	7.68e-06	-0.00387112
1.152e-05	7.68e-06	-0.00383074
1.28e-05	7.68e-06	-0.00362724
1.408e-05	7.68e-06	-0.00327367
1.536e-05	7.68e-06	-0.00279483
1.664e-05	7.68e-06	-0.00223001
1.792e-05	7.68e-06	-0.00163589
1.92e-05	7.68e-06	-0.00108468
2.048e-05	7.68e-06	-0.000646905
2.176e-05	7.68e-06	-0.000354075
2.304e-05	7.68e-06	-0.000184637
2.432e-05	7.68e-06	-9.98822e-05
-2.56e-05	8.96e-06	-6.90284e-05
-2.432e-05	8.96e-06	-7.57674e-05
-2.304e-05	8.96e-06	-0.000115946
-2.176e-05	8.96e-06	-0.000191995
-2.048e-05	8.96e-06	-0.000305119
-1.92e-05	8.96e-06	-0.000447687
-1.792e-05	8.96e-06	-0.000603519
-1.664e-05	8.96e-06	-0.000754421
-1.536e-05	8.96e-06	-0.000884816
-1.408e-05	8.96e-06	-0.000983213
-1.28e-05	8.96e-06	-0.00104204
-1.152e-05	8.96e-06	-0.00105709
-1.024e-05	8.96e-06	-0.00102712
-8.96e-06	8.96e-06	-0.000953678
-7.68e-06	8.96e-06	-0.000841257
-6.4e-06	8.96e-06	-0.000697994
-5.12e-06	8.96e-06	-0.000537075
-3.84e-06	8.96e-06	-0.000378943
-2.56e-06	8.96e-06	-0.000252983
-1.28e-06	8.96e-06	-0.000194382
0	8.96e-06	-0.000230735
1.28e-06	8.96e-06	-0.000365545
2.56e-06	8.96e-06	-0.000575367
3.84e-06	8.96e-06	-0.000823412
5.12e-06	8.96e-06	-0.00107399
6.4e-06	8.96e-06	-0.00129889
7.68e-06	8.96e-06	-0.00147799
8.96e-06	8.96e-06	-0.001598
1.024e-05	8.96e-06	-0.00165111
1.152e-05	8.96e-06	-0.00163423
1.28e-05	8.96e-06	-0.00154871
1.408e-05	8.96e-06	-0.00140055
1.536e-05	8.96e-06	-0.00120093
1.664e-05	8.96e-06	-0.00096709
1.792e-05	8.96e-06	-0.000722608
1.92e-05	8.96e-06	-0.00049539
2.048e-05	8.96e-06	-0.000310779
2.176e-05	8.96e-06	-0.000180779
2.304e-05	8.96e-06	-0.000100545
2.432e-05	8.96e-06	-5.75818e-05
-2.56e-05	1.024e-05	-4.0337e-05
-2.432e-05	1.024e-05	-4.17045e-05
-2.304e-05	1.024e-05	-5.89113e-05
-2.176e-05	1.024e-05	-9.1609e-05
-2.048e-05	1.024e-05	-0.000139119
-1.92e-05	1.024e-05	-0.000198063
-1.792e-05	1.024e-05	-0.000262294
-1.664e-05	1.024e-05	-0.000324723
-1.536e-05	1.024e-05	-0.00037896
-1.408e-05	1.024e-05	-0.000420073
-1.28e-05	1.024e-05	-0.000444709
-1.152e-05	1.024e-05	-0.000450972
-1.024e-05	1.024e-05	-0.000438303
-8.96e-06	1.024e-05	-0.000407429
-7.68e-06	1.024e-05	-0.000360476
-6.4e-06	1.024e-05	-0.000301262
-5.12e-06	1.024e-05	-0.000235842
-3.84e-06	1.024e-05	-0.000173122
-2.56e-06	1.024e-05	-0.000124947
-1.28e-06	1.024e-05	-0.0001043
0	1.024e-05	-0.000120701
1.28e-06	1.024e-05	-0.000175235
2.56e-06	1.024e-05	-0.000259672
3.84e-06	1.024e-05	-0.000360434
5.12e-06	1.024e-05	-0.000463418
6.4e-06	1.024e-05	-0.000556768
7.68e-06	1.024e-05	-0.000631649
8.96e-06	1.024e-05	-0.000682066
1.024e-05	1.024e-05	-0.000704464
1.152e-05	1.024e-05	-0.000697435
1.28e-05	1.024e-05	-0.000661592
1.408e-05	1.024e-05	-0.000599635
1.536e-05	1.024e-05	-0.000516525
1.664e-05	1.024e-05	-0.000419663
1.792e-05	1.024e-05	-0.000318726
1.92e-05	1.024e-05	-0.000224549
2.048e-05	1.024e-05	-0.000146547
2.176e-05	1.024e-05	-8.94744e-05
2.304e-05	1.024e-05	-5.24645e-05
2.432e-05	1.024e-05	-3.15302e-05
-2.56e-05	1.152e-05	-2.24324e-05
-2.432e-05	1.152e-05	-2.21977e-05
-2.304e-05	1.152e-05	-2.93224e-05
-2.176e-05	1.152e-05	-4.31783e-05
-2.048e-05	1.152e-05	-6.30779e-05
-1.92e-05	1.152e-05	-8.75053e-05
-1.792e-05	1.152e-05	-0.000114041
-1.664e-05	1.152e-05	-0.000139885
-1.536e-05	1.152e-05	-0.000162426
-1.408e-05	1.152e-05	-0.000179574
-1.28e-05	1.152e-05	-0.000189868
-1.152e-05	1.152e-05	-0.00019247
-1.024e-05	1.152e-05	-0.000187134
-8.96e-06	1.152e-05	-0.000174207
-7.68e-06	1.152e-05	-0.00015468
-6.4e-06	1.152e-05	-0.000130309
-5.12e-06	1.152e-05	-0.000103796
-3.84e-06	1.152e-05	-7.89343e-05
-2.56e-06	1.152e-05	-6.04498e-05
-1.28e-06	1.152e-05	-5.31854e-05
0	1.152e-05	-6.05048e-05
1.28e-06	1.152e-05	-8.27392e-05
2.56e-06	1.152e-05	-0.000116909
3.84e-06	1.152e-05	-0.000157927
5.12e-06	1.152e-05	-0.000200233
6.4e-06	1.152e-05	-0.000238907
7.68e-06	1.152e-05	-0.000270137
8.96e-06	1.152e-05	-0.000291262
1.024e-05	1.152e-05	-0.000300685
1.152e-05	1.152e-05	-0.000297765
1.28e-05	1.152e-05	-0.000282775
1.408e-05	1.152e-05	-0.00025691
1.536e-05	1.152e-05	-0.000222332
1.664e-05	1.152e-05	-0.000182174
1.792e-05	1.152e-05	-0.000140381
1.92e-05	1.152e-05	-0.000101191
2.048e-05	1.152e-05	-6.81939e-05
2.176e-05	1.152e-05	-4.33188e-05
2.304e-05	1.152e-05	-2.65459e-05
2.432e-05	1.152e-05	-1.66222e-05
-2.56e-05	1.28e-05	-1.20141e-05
-2.432e-05	1.28e-05	-1.15101e-05
-2.304e-05	1.28e-05	-1.43731e-05
-2.176e-05	1.28e-05	-2.01738e-05
-2.048e-05	1.28e-05	-2.84827e-05
-1.92e-05	1.28e-05	-3.86164e-05
-1.792e-05	1.28e-05	-4.95964e-05
-1.664e-05	1.28e-05	-6.03018e-05
-1.536e-05	1.28e-05	-6.96651e-05
-1.408e-05	1.28e-05	-7.68082e-05
-1.28e-05	1.28e-05	-8.11023e-05
-1.152e-05	1.28e-05	-8.21822e-05
-1.024e-05	1.28e-05	-7.99447e-05
-8.96e-06	1.28e-05	-7.45538e-05
-7.68e-06	1.28e-05	-6.64647e-05
-6.4e-06	1.28e-05	-5.64695e-05
-5.12e-06	1.28e-05	-4.57512e-05
-3.84e-06	1.28e-05	-3.58982e-05
-2.56e-06	1.28e-05	-2.87899e-05
-1.28e-06	1.28e-05	-2.62505e-05
0	1.28e-05	-2.94916e-05
1.28e-06	1.28e-05	-3.86112e-05
2.56e-06	1.28e-05	-5.2503e-05
3.84e-06	1.28e-05	-6.92363e-05
5.12e-06	1.28e-05	-8.66147e-05
6.4e-06	1.28e-05	-0.000102615
7.68e-06	1.28e-05	-0.000115612
8.96e-06	1.28e-05	-0.000124443
1.024e-05	1.28e-05	-0.000128397
1.152e-05	1.28e-05	-0.000127186
1.28e-05	1.28e-05	-0.000120927
1.408e-05	1.28e-05	-0.000110143
1.536e-05	1.28e-05	-9.57605e-05
1.664e-05	1.28e-05	-7.90943e-05
1.792e-05	1.28e-05	-6.17473e-05
1.92e-05	1.28e-05	-4.53904e-05
2.048e-05	1.28e-05	-3.1421e-05
2.176e-05	1.28e-05	-2.06332e-05
2.304e-05	1.28e-05	-1.31254e-05
2.432e-05	1.28e-05	-8.51348e-06
-2.56e-05	1.408e-05	-6.24809e-06
-2.432e-05	1.408e-05	-5.84433e-06
-2.304e-05	1.408e-05	-6.96184e-06
-2.176e-05	1.408e-05	-9.36426e-06
-2.048e-05	1.408e-05	-1.28216e-05
-1.92e-05	1.408e-05	-1.70261e-05
-1.792e-05	1.408e-05	-2.15739e-05
-1.664e-05	1.408e-05	-2.60107e-05
-1.536e-05	1.408e-05	-2.9899e-05
-1.408e-05	1.408e-05	-3.28715e-05
-1.28e-05	1.408e-05	-3.46605e-05
-1.152e-05	1.408e-05	-3.51093e-05
-1.024e-05	1.408e-05	-3.41754e-05
-8.96e-06	1.408e-05	-3.19358e-05
-7.68e-06	1.408e-05	-2.85969e-05
-6.4e-06	1.408e-05	-2.45102e-05
-5.12e-06	1.408e-05	-2.01854e-05
-3.84e-06	1.408e-05	-1.62814e-05
-2.56e-06	1.408e-05	-1.35442e-05
-1.28e-06	1.408e-05	-1.26674e-05
0	1.408e-05	-1.40943e-05
1.28e-06	1.408e-05	-1.78522e-05
2.56e-06	1.408e-05	-2.35219e-05
3.84e-06	1.408e-05	-3.03617e-05
5.12e-06	1.408e-05	-3.75023e-05
6.4e-06	1.408e-05	-4.41153e-05
7.68e-06	1.408e-05	-4.95148e-05
8.96e-06	1.408e-05	-5.31984e-05
1.024e-05	1.408e-05	-5.48536e-05
1.152e-05	1.408e-05	-5.43516e-05
1.28e-05	1.408e-05	-5.17418e-05
1.408e-05	1.408e-05	-4.72486e-05
1.536e-05	1.408e-05	-4.12664e-05
1.664e-05	1.408e-05	-3.43422e-05
1.792e-05	1.408e-05	-2.71268e-05
1.92e-05	1.408e-05	-2.02844e-05
2.048e-05	1.408e-05	-1.43674e-05
2.176e-05	1.408e-05	-9.70567e-06
2.304e-05	1.408e-05	-6.37524e-06
2.432e-05	1.408e-05	-4.26313e-06
-2.56e-05	1.536e-05	-3.17421e-06
-2.432e-05	1.536e-05	-2.91682e-06
-2.304e-05	1.536e-05	-3.33965e-06
-2.176e-05	1.536e-05	-4.32483e-06
-2.048e-05	1.536e-05	-5.75814e-06
-1.92e-05	1.536e-05	-7.50159e-06
-1.792e-05	1.536e-05	-9.38612e-06
-1.664e-05	1.536e-05	-1.12256e-05
-1.536e-05	1.536e-05	-1.28399e-05
-1.408e-05	1.536e-05	-1.40761e-05
-1.28e-05	1.536e-05	-1.48209e-05
-1.152e-05	1.536e-05	-1.50077e-05
-1.024e-05	1.536e-05	-1.46199e-05
-8.96e-06	1.536e-05	-1.36929e-05
-7.68e-06	1.536e-05	-1.23193e-05
-6.4e-06	1.536e-05	-1.06528e-05
-5.12e-06	1.536e-05	-8.91057e-06
-3.84e-06	1.536e-05	-7.3641e-06
-2.56e-06	1.536e-05	-6.30963e-06
-1.28e-06	1.536e-05	-6.01291e-06
0	1.536e-05	-6.63835e-06
1.28e-06	1.536e-05	-8.19255e-06
2.56e-06	1.536e-05	-1.05141e-05
3.84e-06	1.536e-05	-1.33151e-05
5.12e-06	1.536e-05	-1.62503e-05
6.4e-06	1.536e-05	-1.89816e-05
7.68e-06	1.536e-05	-2.12216e-05
8.96e-06	1.536e-05	-2.27552e-05
1.024e-05	1.536e-05	-2.34464e-05
1.152e-05	1.536e-05	-2.32381e-05
1.28e-05	1.536e-05	-2.21507e-05
1.408e-05	1.536e-05	-2.02796e-05
1.536e-05	1.536e-05	-1.77908e-05
1.664e-05	1.536e-05	-1.49109e-05
1.792e-05	1.536e-05	-1.19043e-05
1.92e-05	1.536e-05	-9.03692e-06
2.048e-05	1.536e-05	-6.52973e-06
2.176e-05	1.536e-05	-4.5207e-06
2.304e-05	1.536e-05	-3.05326e-06
2.432e-05	1.536e-05	-2.09668e-06
-2.56e-05	1.664e-05	-1.58228e-06
-2.432e-05	1.664e-05	-1.43495e-06
-2.304e-05	1.664e-05	-1.58916e-06
-2.176e-05	1.664e-05	-1.98933e-06
-2.048e-05	1.664e-05	-2.58125e-06
-1.92e-05	1.664e-05	-3.30342e-06
-1.792e-05	1.664e-05	-4.08436e-06
-1.664e-05	1.664e-05	-4.84707e-06
-1.536e-05	1.664e-05	-5.51723e-06
-1.408e-05	1.664e-05	-6.03104e-06
-1.28e-05	1.664e-05	-6.34099e-06
-1.152e-05	1.664e-05	-6.41909e-06
-1.024e-05	1.664e-05	-6.25881e-06
-8.96e-06	1.664e-05	-5.87652e-06
-7.68e-06	1.664e-05	-5.3131e-06
-6.4e-06	1.664e-05	-4.63515e-06
-5.12e-06	1.664e-05	-3.93434e-06
-3.84e-06	1.664e-05	-3.322e-06
-2.56e-06	1.664e-05	-2.91593e-06
-1.28e-06	1.664e-05	-2.81869e-06
0	1.664e-05	-3.09189e-06
1.28e-06	1.664e-05	-3.73659e-06
2.56e-06	1.664e-05	-4.68979e-06
3.84e-06	1.664e-05	-5.83879e-06
5.12e-06	1.664e-05	-7.04596e-06
6.4e-06	1.664e-05	-8.17351e-06
7.68e-06	1.664e-05	-9.1017e-06
8.96e-06	1.664e-05	-9.73914e-06
1.024e-05	1.664e-05	-1.00271e-05
1.152e-05	1.664e-05	-9.94058e-06
1.28e-05	1.664e-05	-9.48768e-06
1.408e-05	1.664e-05	-8.70855e-06
1.536e-05	1.664e-05	-7.67271e-06
1.664e-05	1.664e-05	-6.47365e-06
1.792e-05	1.664e-05	-5.21897e-06
1.92e-05	1.664e-05	-4.01565e-06
2.048e-05	1.664e-05	-2.95302e-06
2.176e-05	1.664e-05	-2.08897e-06
2.304e-05	1.664e-05	-1.44572e-06
2.432e-05	1.664e-05	-1.0162e-06
-2.56e-05	1.792e-05	-7.76495e-07
-2.432e-05	1.792e-05	-6.97364e-07
-2.304e-05	1.792e-05	-7.50952e-07
-2.176e-05	1.792e-05	-9.11958e-07
-2.048e-05	1.792e-05	-1.15543e-06
-1.92e-05	1.792e-05	-1.45412e-06
-1.792e-05	1.792e-05	-1.77762e-06
-1.664e-05	1.792e-05	-2.09385e-06
-1.536e-05	1.792e-05	-2.372e-06
-1.408e-05	1.792e-05	-2.58551e-06
-1.28e-05	1.792e-05	-2.71448e-06
-1.152e-05	1.792e-05	-2.74727e-06
-1.024e-05	1.792e-05	-2.68139e-06
-8.96e-06	1.792e-05	-2.52427e-06
-7.68e-06	1.792e-05	-2.29383e-06
-6.4e-06	1.792e-05	-2.01862e-06
-5.12e-06	1.792e-05	-1.73711e-06
-3.84e-06	1.792e-05	-1.4948e-06
-2.56e-06	1.792e-05	-1.33862e-06
-1.28e-06	1.792e-05	-1.30839e-06
0	1.792e-05	-1.4274e-06
1.28e-06	1.792e-05	-1.69547e-06
2.56e-06	1.792e-05	-2.08776e-06
3.84e-06	1.792e-05	-2.55981e-06
5.12e-06	1.792e-05	-3.05657e-06
6.4e-06	1.792e-05	-3.52192e-06
7.68e-06	1.792e-05	-3.90617e-06
8.96e-06	1.792e-05	-4.17073e-06
1.024e-05	1.792e-05	-4.29045e-06
1.152e-05	1.792e-05	-4.25439e-06
1.28e-05	1.792e-05	-4.06577e-06
1.408e-05	1.792e-05	-3.74133e-06
1.536e-05	1.792e-05	-3.31e-06
1.664e-05	1.792e-05	-2.81027e-06
1.792e-05	1.792e-05	-2.28598e-06
1.92e-05	1.792e-05	-1.78043e-06
2.048e-05	1.792e-05	-1.32997e-06
2.176e-05	1.792e-05	-9.58957e-07
2.304e-05	1.792e-05	-6.78114e-07
2.432e-05	1.792e-05	-4.86558e-07
-2.56e-05	1.92e-05	-3.76065e-07
-2.432e-05	1.92e-05	-3.35323e-07
-2.304e-05	1.92e-05	-3.52643e-07
-2.176e-05	1.92e-05	-4.16786e-07
-2.048e-05	1.92e-05	-5.16508e-07
-1.92e-05	1.92e-05	-6.39812e-07
-1.792e-05	1.92e-05	-7.73719e-07
-1.664e-05	1.92e-05	-9.04794e-07
-1.536e-05	1.92e-05	-1.02021e-06
-1.408e-05	1.92e-05	-1.1089e-06
-1.28e-05	1.92e-05	-1.16258e-06
-1.152e-05	1.92e-05	-1.17641e-06
-1.024e-05	1.92e-05	-1.14948e-06
-8.96e-06	1.92e-05	-1.08513e-06
-7.68e-06	1.92e-05	-9.91128e-07
-6.4e-06	1.92e-05	-8.79646e-07
-5.12e-06	1.92e-05	-7.66721e-07
-3.84e-06	1.92e-05	-6.70929e-07
-2.56e-06	1.92e-05	-6.1099e-07
-1.28e-06	1.92e-05	-6.02446e-07
0	1.92e-05	-6.54163e-07
1.28e-06	1.92e-05	-7.65846e-07
2.56e-06	1.92e-05	-9.27608e-07
3.84e-06	1.92e-05	-1.12179e-06
5.12e-06	1.92e-05	-1.32632e-06
6.4e-06	1.92e-05	-1.51833e-06
7.68e-06	1.92e-05	-1.67726e-06
8.96e-06	1.92e-05	-1.78692e-06
1.024e-05	1.92e-05	-1.83658e-06
1.152e-05	1.92e-05	-1.8215e-06
1.28e-05	1.92e-05	-1.74293e-06
1.408e-05	1.92e-05	-1.60781e-06
1.536e-05	1.92e-05	-1.42811e-06
1.664e-05	1.92e-05	-1.21966e-06
1.792e-05	1.92e-05	-1.00035e-06
1.92e-05	1.92e-05	-7.87773e-07
2.048e-05	1.92e-05	-5.96798e-07
2.176e-05	1.92e-05	-4.37693e-07
2.304e-05	1.92e-05	-3.15455e-07
2.432e-05	1.92e-05	-2.30467e-07
-2.56e-05	2.048e-05	-1.79973e-07
-2.432e-05	2.048e-05	-1.59615e-07
-2.304e-05	2.048e-05	-1.64529e-07
-2.176e-05	2.048e-05	-1.89803e-07
-2.048e-05	2.048e-05	-2.30449e-07
-1.92e-05	2.048e-05	-2.81219e-07
-1.792e-05	2.048e-05	-3.36566e-07
-1.664e-05	2.048e-05	-3.90841e-07
-1.536e-05	2.048e-05	-4.38689e-07
-1.408e-05	2.048e-05	-4.75507e-07
-1.28e-05	2.048e-05	-4.97842e-07
-1.152e-05	2.048e-05	-5.03702e-07
-1.024e-05	2.048e-05	-4.92763e-07
-8.96e-06	2.048e-05	-4.66507e-07
-7.68e-06	2.048e-05	-4.2828e-07
-6.4e-06	2.048e-05	-3.83228e-07
-5.12e-06	2.048e-05	-3.38013e-07
-3.84e-06	2.048e-05	-3.00203e-07
-2.56e-06	2.048e-05	-2.77276e-07
-1.28e-06	2.048e-05	-2.75323e-07
0	2.048e-05	-2.97739e-07
1.28e-06	2.048e-05	-3.44317e-07
2.56e-06	2.048e-05	-4.11097e-07
3.84e-06	2.048e-05	-4.91034e-07
5.12e-06	2.048e-05	-5.75244e-07
6.4e-06	2.048e-05	-6.54423e-07
7.68e-06	2.048e-05	-7.20086e-07
8.96e-06	2.048e-05	-7.65458e-07
1.024e-05	2.048e-05	-7.86005e-07
1.152e-05	2.048e-05	-7.79681e-07
1.28e-05	2.048e-05	-7.46955e-07
1.408e-05	2.048e-05	-6.90689e-07
1.536e-05	2.048e-05	-6.1582e-07
1.664e-05	2.048e-05	-5.28846e-07
1.792e-05	2.048e-05	-4.3707e-07
1.92e-05	2.048e-05	-3.47662e-07
2.048e-05	2.048e-05	-2.66722e-07
2.176e-05	2.048e-05	-1.98567e-07
2.304e-05	2.048e-05	-1.45462e-07
2.432e-05	2.048e-05	-1.07853e-07
-2.56e-05	2.176e-05	-8.49167e-08
-2.432e-05	2.176e-05	-7.49682e-08
-2.304e-05	2.176e-05	-7.59682e-08
-2.176e-05	2.176e-05	-8.57824e-08
-2.048e-05	2.176e-05	-1.02223e-07
-1.92e-05	2.176e-05	-1.23013e-07
-1.792e-05	2.176e-05	-1.45786e-07
-1.664e-05	2.176e-05	-1.6817e-07
-1.536e-05	2.176e-05	-1.87932e-07
-1.408e-05	2.176e-05	-2.03161e-07
-1.28e-05	2.176e-05	-2.12427e-07
-1.152e-05	2.176e-05	-2.14913e-07
-1.024e-05	2.176e-05	-2.10508e-07
-8.96e-06	2.176e-05	-1.99861e-07
-7.68e-06	2.176e-05	-1.844e-07
-6.4e-06	2.176e-05	-1.66281e-07
-5.12e-06	2.176e-05	-1.48255e-07
-3.84e-06	2.176e-05	-1.33391e-07
-2.56e-06	2.176e-05	-1.24674e-07
-1.28e-06	2.176e-05	-1.24494e-07
0	2.176e-05	-1.34154e-07
1.28e-06	2.176e-05	-1.53537e-07
2.56e-06	2.176e-05	-1.81051e-07
3.84e-06	2.176e-05	-2.13881e-07
5.12e-06	2.176e-05	-2.48456e-07
6.4e-06	2.176e-05	-2.80998e-07
7.68e-06	2.176e-05	-3.08021e-07
8.96e-06	2.176e-05	-3.26713e-07
1.024e-05	2.176e-05	-3.35169e-07
1.152e-05	2.176e-05	-3.32515e-07
1.28e-05	2.176e-05	-3.18924e-07
1.408e-05	2.176e-05	-2.95565e-07
1.536e-05	2.176e-05	-2.64464e-07
1.664e-05	2.176e-05	-2.28275e-07
1.792e-05	2.176e-05	-1.89972e-07
1.92e-05	2.176e-05	-1.5247e-07
2.048e-05	2.176e-05	-1.18257e-07
2.176e-05	2.176e-05	-8.91111e-08
2.304e-05	2.176e-05	-6.59881e-08
2.432e-05	2.176e-05	-4.91757e-08
-2.56e-05	2.304e-05	-3.87618e-08
-2.432e-05	2.304e-05	-3.4012e-08
-2.304e-05	2.304e-05	-3.39612e-08
-2.176e-05	2.304e-05	-3.76566e-08
-2.048e-05	2.304e-05	-4.4151e-08
-1.92e-05	2.304e-05	-5.24777e-08
-1.792e-05	2.304e-05	-6.16492e-08
-1.664e-05	2.304e-05	-7.06876e-08
-1.536e-05	2.304e-05	-7.86807e-08
-1.408e-05	2.304e-05	-8.485e-08
-1.28e-05	2.304e-05	-8.86159e-08
-1.152e-05	2.304e-05	-8.9651e-08
-1.024e-05	2.304e-05	-8.79188e-08
-8.96e-06	2.304e-05	-8.36956e-08
-7.68e-06	2.304e-05	-7.7573e-08
-6.4e-06	2.304e-05	-7.04335e-08
-5.12e-06	2.304e-05	-6.33862e-08
-3.84e-06	2.304e-05	-5.76525e-08
-2.56e-06	2.304e-05	-5.44029e-08
-1.28e-06	2.304e-05	-5.45615e-08
0	2.304e-05	-5.86221e-08
1.28e-06	2.304e-05	-6.65262e-08
2.56e-06	2.304e-05	-7.76442e-08
3.84e-06	2.304e-05	-9.08675e-08
5.12e-06	2.304e-05	-1.04784e-07
6.4e-06	2.304e-05	-1.1789e-07
7.68e-06	2.304e-05	-1.28783e-07
8.96e-06	2.304e-05	-1.36322e-07
1.024e-05	2.304e-05	-1.39727e-07
1.152e-05	2.304e-05	-1.38633e-07
1.28e-05	2.304e-05	-1.33102e-07
1.408e-05	2.304e-05	-1.23602e-07
1.536e-05	2.304e-05	-1.10945e-07
1.664e-05	2.304e-05	-9.61917e-08
1.792e-05	2.304e-05	-8.0529e-08
1.92e-05	2.304e-05	-6.51134e-08
2.048e-05	2.304e-05	-5.09164e-08
2.176e-05	2.304e-05	-3.85791e-08
2.304e-05	2.304e-05	-2.82985e-08
2.432e-05	2.304e-05	-1.994e-08
-2.56e-05	2.432e-05	-1.51936e-08
-2.432e-05	2.432e-05	-1.3146e-08
-2.304e-05	2.432e-05	-1.29597e-08
-2.176e-05	2.432e-05	-1.41773e-08
-2.048e-05	2.432e-05	-1.64255e-08
-1.92e-05	2.432e-05	-1.93453e-08
-1.792e-05	2.432e-05	-2.25774e-08
-1.664e-05	2.432e-05	-2.57702e-08
-1.536e-05	2.432e-05	-2.85978e-08
-1.408e-05	2.432e-05	-3.07833e-08
-1.28e-05	2.432e-05	-3.21212e-08
-1.152e-05	2.432e-05	-3.24966e-08
-1.024e-05	2.432e-05	-3.1899e-08
-8.96e-06	2.432e-05	-3.04294e-08
-7.68e-06	2.432e-05	-2.83009e-08
-6.4e-06	2.432e-05	-2.5828e-08
-5.12e-06	2.432e-05	-2.34018e-08
-3.84e-06	2.432e-05	-2.14489e-08
-2.56e-06	2.432e-05	-2.03739e-08
-1.28e-06	2.432e-05	-2.0493e-08
0	2.432e-05	-2.19723e-08
1.28e-06	2.432e-05	-2.47884e-08
2.56e-06	2.432e-05	-2.87217e-08
3.84e-06	2.432e-05	-3.33875e-08
5.12e-06	2.432e-05	-3.82945e-08
6.4e-06	2.432e-05	-4.29164e-08
7.68e-06	2.432e-05	-4.67599e-08
8.96e-06	2.432e-05	-4.94206e-08
1.024e-05	2.432e-05	-5.062e-08
1.152e-05	2.432e-05	-5.02264e-08
1.28e-05	2.432e-05	-4.82596e-08
1.408e-05	2.432e-05	-4.48827e-08
1.536e-05	2.432e-05	-4.03806e-08
1.664e-05	2.432e-05	-3.51258e-08
1.792e-05	2.432e-05	-2.95316e-08
1.92e-05	2.432e-05	-2.39954e-08
2.048e-05	2.432e-05	-1.88249e-08
2.176e-05	2.432e-05	-1.41082e-08
2.304e-05	2.432e-05	-9.3114e-09
2.432e-05	2.432e-05	-1.62536e-09
