
-2.66e-05	2.8e-05	1.2276e-16
-2.52e-05	2.8e-05	-6.91623e-17
-2.38e-05	2.8e-05	-1.5697e-16
-2.24e-05	2.8e-05	-5.4486e-17
-2.1e-05	2.8e-05	-2.87857e-17
-1.96e-05	2.8e-05	-1.72644e-17
-1.82e-05	2.8e-05	-2.56884e-17
-1.68e-05	2.8e-05	-4.61393e-17
-1.54e-05	2.8e-05	-7.48259e-18
-1.4e-05	2.8e-05	-8.16991e-18
-1.26e-05	2.8e-05	2.95754e-18
-1.12e-05	2.8e-05	-6.27961e-19
-9.8e-06	2.8e-05	-1.0563e-18
-8.4e-06	2.8e-05	1.93064e-17
-7e-06	2.8e-05	9.04064e-18
-5.6e-06	2.8e-05	-1.75652e-17
-4.2e-06	2.8e-05	-1.68149e-17
-2.8e-06	2.8e-05	-2.27671e-17
-1.4e-06	2.8e-05	3.68754e-17
0	2.8e-05	2.93624e-18
1.4e-06	2.8e-05	-1.13725e-17
2.8e-06	2.8e-05	1.90969e-17
4.2e-06	2.8e-05	1.24199e-17
5.6e-06	2.8e-05	6.95623e-18
7e-06	2.8e-05	-6.73741e-18
8.4e-06	2.8e-05	1.55529e-17
9.8e-06	2.8e-05	-2.1545e-17
1.12e-05	2.8e-05	-3.72774e-17
1.26e-05	2.8e-05	-3.42447e-17
1.4e-05	2.8e-05	5.26841e-18
1.54e-05	2.8e-05	-1.18293e-17
1.68e-05	2.8e-05	-9.15706e-18
1.82e-05	2.8e-05	-1.65194e-17
1.96e-05	2.8e-05	6.7269e-17
2.1e-05	2.8e-05	6.27986e-17
2.24e-05	2.8e-05	9.99163e-18
2.38e-05	2.8e-05	-4.54718e-17
2.52e-05	2.8e-05	-1.00614e-16
2.66e-05	2.8e-05	-4.59437e-17

-2.66e-05	2.66e-05	-6.6998e-17
-2.52e-05	2.66e-05	-1.51627e-16
-2.38e-05	2.66e-05	-1.2347e-16
-2.24e-05	2.66e-05	-8.24938e-17
-2.1e-05	2.66e-05	1.28776e-17
-1.96e-05	2.66e-05	1.1306e-16
-1.82e-05	2.66e-05	-2.09106e-16
-1.68e-05	2.66e-05	1.56212e-16
-1.54e-05	2.66e-05	1.60496e-16
-1.4e-05	2.66e-05	-1.49155e-16
-1.26e-05	2.66e-05	-1.28109e-16
-1.12e-05	2.66e-05	1.52079e-16
-9.8e-06	2.66e-05	2.31957e-17
-8.4e-06	2.66e-05	9.89137e-17
-7e-06	2.66e-05	-1.21681e-17
-5.6e-06	2.66e-05	-1.77614e-16
-4.2e-06	2.66e-05	1.82729e-16
-2.8e-06	2.66e-05	-8.38427e-17
-1.4e-06	2.66e-05	5.5707e-16
0	2.66e-05	4.7899e-17
1.4e-06	2.66e-05	-1.38391e-16
2.8e-06	2.66e-05	6.50606e-16
4.2e-06	2.66e-05	5.80769e-17
5.6e-06	2.66e-05	-1.48667e-16
7e-06	2.66e-05	3.43521e-16
8.4e-06	2.66e-05	4.90484e-16
9.8e-06	2.66e-05	-4.57814e-17
1.12e-05	2.66e-05	-3.40073e-16
1.26e-05	2.66e-05	-2.08546e-16
1.4e-05	2.66e-05	-3.9279e-17
1.54e-05	2.66e-05	-3.89605e-17
1.68e-05	2.66e-05	-1.01435e-16
1.82e-05	2.66e-05	3.40849e-18
1.96e-05	2.66e-05	2.54313e-16
2.1e-05	2.66e-05	2.06735e-16
2.24e-05	2.66e-05	1.42827e-16
2.38e-05	2.66e-05	1.56799e-16
2.52e-05	2.66e-05	-1.04671e-16
2.66e-05	2.66e-05	-8.75071e-17

-2.66e-05	2.52e-05	-4.64987e-17
-2.52e-05	2.52e-05	-2.74719e-16
-2.38e-05	2.52e-05	-1.55196e-17
-2.24e-05	2.52e-05	5.2232e-17
-2.1e-05	2.52e-05	-8.97364e-17
-1.96e-05	2.52e-05	-4.36084e-17
-1.82e-05	2.52e-05	6.55329e-17
-1.68e-05	2.52e-05	-7.54147e-17
-1.54e-05	2.52e-05	4.96561e-18
-1.4e-05	2.52e-05	-5.50671e-17
-1.26e-05	2.52e-05	-4.89008e-18
-1.12e-05	2.52e-05	2.99731e-17
-9.8e-06	2.52e-05	5.21186e-18
-8.4e-06	2.52e-05	2.00825e-17
-7e-06	2.52e-05	-6.28716e-18
-5.6e-06	2.52e-05	-2.68174e-17
-4.2e-06	2.52e-05	2.27907e-17
-2.8e-06	2.52e-05	5.87484e-18
-1.4e-06	2.52e-05	1.62084e-17
0	2.52e-05	-7.02533e-18
1.4e-06	2.52e-05	-2.45567e-17
2.8e-06	2.52e-05	4.43857e-17
4.2e-06	2.52e-05	-6.7769e-18
5.6e-06	2.52e-05	-1.99896e-17
7e-06	2.52e-05	7.06426e-18
8.4e-06	2.52e-05	9.81293e-18
9.8e-06	2.52e-05	-1.53136e-17
1.12e-05	2.52e-05	-1.08719e-17
1.26e-05	2.52e-05	-1.39029e-17
1.4e-05	2.52e-05	-2.77836e-17
1.54e-05	2.52e-05	2.74455e-19
1.68e-05	2.52e-05	1.03303e-17
1.82e-05	2.52e-05	-6.11443e-17
1.96e-05	2.52e-05	7.15065e-17
2.1e-05	2.52e-05	-5.21156e-17
2.24e-05	2.52e-05	-4.02295e-17
2.38e-05	2.52e-05	1.57209e-17
2.52e-05	2.52e-05	-4.06858e-17
2.66e-05	2.52e-05	-9.98505e-17

-2.66e-05	2.38e-05	-1.1887e-16
-2.52e-05	2.38e-05	-5.52398e-18
-2.38e-05	2.38e-05	4.65982e-17
-2.24e-05	2.38e-05	-1.23324e-16
-2.1e-05	2.38e-05	-5.30144e-17
-1.96e-05	2.38e-05	7.82618e-17
-1.82e-05	2.38e-05	-1.20332e-16
-1.68e-05	2.38e-05	5.78218e-17
-1.54e-05	2.38e-05	-2.21146e-17
-1.4e-05	2.38e-05	1.97546e-17
-1.26e-05	2.38e-05	-3.64028e-17
-1.12e-05	2.38e-05	-1.46449e-17
-9.8e-06	2.38e-05	3.71247e-18
-8.4e-06	2.38e-05	2.70469e-17
-7e-06	2.38e-05	-1.48496e-17
-5.6e-06	2.38e-05	2.25964e-17
-4.2e-06	2.38e-05	3.40316e-17
-2.8e-06	2.38e-05	4.81548e-17
-1.4e-06	2.38e-05	3.11584e-18
0	2.38e-05	2.86638e-17
1.4e-06	2.38e-05	6.225e-18
2.8e-06	2.38e-05	1.06079e-17
4.2e-06	2.38e-05	2.65148e-17
5.6e-06	2.38e-05	-2.89174e-18
7e-06	2.38e-05	4.70203e-18
8.4e-06	2.38e-05	1.76459e-20
9.8e-06	2.38e-05	-1.8403e-17
1.12e-05	2.38e-05	3.59587e-17
1.26e-05	2.38e-05	-3.12312e-18
1.4e-05	2.38e-05	-1.73141e-17
1.54e-05	2.38e-05	-5.36003e-18
1.68e-05	2.38e-05	-1.91744e-17
1.82e-05	2.38e-05	1.906e-17
1.96e-05	2.38e-05	-5.95409e-17
2.1e-05	2.38e-05	3.58627e-17
2.24e-05	2.38e-05	-7.35867e-17
2.38e-05	2.38e-05	-8.75217e-17
2.52e-05	2.38e-05	-2.16438e-17
2.66e-05	2.38e-05	-1.02019e-16

-2.66e-05	2.24e-05	-1.1183e-16
-2.52e-05	2.24e-05	-4.59804e-17
-2.38e-05	2.24e-05	-1.49211e-16
-2.24e-05	2.24e-05	-1.36284e-16
-2.1e-05	2.24e-05	7.58255e-17
-1.96e-05	2.24e-05	-1.05528e-16
-1.82e-05	2.24e-05	1.01504e-16
-1.68e-05	2.24e-05	-8.17992e-18
-1.54e-05	2.24e-05	2.6474e-17
-1.4e-05	2.24e-05	-8.17426e-17
-1.26e-05	2.24e-05	-5.5259e-18
-1.12e-05	2.24e-05	1.23406e-17
-9.8e-06	2.24e-05	4.2422e-17
-8.4e-06	2.24e-05	5.37127e-17
-7e-06	2.24e-05	2.29352e-16
-5.6e-06	2.24e-05	3.91213e-16
-4.2e-06	2.24e-05	6.84126e-16
-2.8e-06	2.24e-05	7.85216e-16
-1.4e-06	2.24e-05	8.43933e-16
0	2.24e-05	7.17904e-16
1.4e-06	2.24e-05	6.28436e-16
2.8e-06	2.24e-05	4.03071e-16
4.2e-06	2.24e-05	2.34299e-16
5.6e-06	2.24e-05	4.12017e-17
7e-06	2.24e-05	-3.24842e-17
8.4e-06	2.24e-05	1.17562e-17
9.8e-06	2.24e-05	2.00513e-17
1.12e-05	2.24e-05	-2.88319e-17
1.26e-05	2.24e-05	2.88805e-17
1.4e-05	2.24e-05	-3.09916e-17
1.54e-05	2.24e-05	-3.4215e-17
1.68e-05	2.24e-05	-6.03818e-18
1.82e-05	2.24e-05	-3.44136e-17
1.96e-05	2.24e-05	7.62907e-17
2.1e-05	2.24e-05	-4.65345e-17
2.24e-05	2.24e-05	8.9672e-17
2.38e-05	2.24e-05	-4.72179e-17
2.52e-05	2.24e-05	-6.28545e-17
2.66e-05	2.24e-05	-2.28424e-17

-2.66e-05	2.1e-05	-6.17114e-17
-2.52e-05	2.1e-05	-6.6895e-17
-2.38e-05	2.1e-05	-5.68877e-17
-2.24e-05	2.1e-05	1.06427e-16
-2.1e-05	2.1e-05	-7.15754e-17
-1.96e-05	2.1e-05	1.57413e-16
-1.82e-05	2.1e-05	-1.05816e-16
-1.68e-05	2.1e-05	4.83394e-17
-1.54e-05	2.1e-05	-6.84368e-17
-1.4e-05	2.1e-05	3.63824e-18
-1.26e-05	2.1e-05	6.75085e-18
-1.12e-05	2.1e-05	4.12037e-17
-9.8e-06	2.1e-05	3.00882e-16
-8.4e-06	2.1e-05	1.31394e-15
-7e-06	2.1e-05	3.9685e-15
-5.6e-06	2.1e-05	8.52501e-15
-4.2e-06	2.1e-05	1.26428e-14
-2.8e-06	2.1e-05	1.53498e-14
-1.4e-06	2.1e-05	1.60525e-14
0	2.1e-05	1.49266e-14
1.4e-06	2.1e-05	1.20589e-14
2.8e-06	2.1e-05	8.18359e-15
4.2e-06	2.1e-05	4.0948e-15
5.6e-06	2.1e-05	1.34404e-15
7e-06	2.1e-05	2.80035e-16
8.4e-06	2.1e-05	2.48594e-17
9.8e-06	2.1e-05	6.04091e-17
1.12e-05	2.1e-05	9.88642e-18
1.26e-05	2.1e-05	-3.58657e-17
1.4e-05	2.1e-05	1.24626e-17
1.54e-05	2.1e-05	-2.2228e-17
1.68e-05	2.1e-05	-1.49419e-17
1.82e-05	2.1e-05	1.51383e-17
1.96e-05	2.1e-05	-5.395e-17
2.1e-05	2.1e-05	6.00064e-17
2.24e-05	2.1e-05	-1.00326e-16
2.38e-05	2.1e-05	1.10833e-16
2.52e-05	2.1e-05	-1.49413e-16
2.66e-05	2.1e-05	8.58738e-17

-2.66e-05	1.96e-05	1.00027e-16
-2.52e-05	1.96e-05	-1.60705e-16
-2.38e-05	1.96e-05	1.28236e-16
-2.24e-05	1.96e-05	-1.62595e-16
-2.1e-05	1.96e-05	1.48244e-16
-1.96e-05	1.96e-05	-1.52864e-16
-1.82e-05	1.96e-05	3.06638e-17
-1.68e-05	1.96e-05	5.2533e-17
-1.54e-05	1.96e-05	-9.49556e-18
-1.4e-05	1.96e-05	-4.76013e-17
-1.26e-05	1.96e-05	5.43149e-17
-1.12e-05	1.96e-05	8.51117e-16
-9.8e-06	1.96e-05	4.84443e-15
-8.4e-06	1.96e-05	2.22448e-14
-7e-06	1.96e-05	7.56922e-14
-5.6e-06	1.96e-05	1.63546e-13
-4.2e-06	1.96e-05	2.44525e-13
-2.8e-06	1.96e-05	2.96174e-13
-1.4e-06	1.96e-05	3.1085e-13
0	1.96e-05	2.88191e-13
1.4e-06	1.96e-05	2.33496e-13
2.8e-06	1.96e-05	1.57078e-13
4.2e-06	1.96e-05	7.74595e-14
5.6e-06	1.96e-05	2.37284e-14
7e-06	1.96e-05	5.15625e-15
8.4e-06	1.96e-05	8.58382e-16
9.8e-06	1.96e-05	9.15024e-17
1.12e-05	1.96e-05	4.98731e-17
1.26e-05	1.96e-05	2.94898e-17
1.4e-05	1.96e-05	-5.28329e-17
1.54e-05	1.96e-05	-4.07959e-17
1.68e-05	1.96e-05	-2.6495e-17
1.82e-05	1.96e-05	3.23701e-17
1.96e-05	1.96e-05	1.25706e-17
2.1e-05	1.96e-05	-2.14598e-17
2.24e-05	1.96e-05	5.7358e-17
2.38e-05	1.96e-05	-1.06131e-16
2.52e-05	1.96e-05	1.21538e-16
2.66e-05	1.96e-05	-1.54601e-16

-2.66e-05	1.82e-05	-1.82982e-16
-2.52e-05	1.82e-05	1.51805e-16
-2.38e-05	1.82e-05	-1.36033e-16
-2.24e-05	1.82e-05	1.18986e-16
-2.1e-05	1.82e-05	-3.48123e-17
-1.96e-05	1.82e-05	3.00454e-17
-1.82e-05	1.82e-05	8.07515e-17
-1.68e-05	1.82e-05	6.95654e-17
-1.54e-05	1.82e-05	-1.34837e-16
-1.4e-05	1.82e-05	1.55034e-16
-1.26e-05	1.82e-05	1.75354e-15
-1.12e-05	1.82e-05	1.24286e-14
-9.8e-06	1.82e-05	7.79886e-14
-8.4e-06	1.82e-05	3.9226e-13
-7e-06	1.82e-05	1.41919e-12
-5.6e-06	1.82e-05	3.14971e-12
-4.2e-06	1.82e-05	4.72586e-12
-2.8e-06	1.82e-05	5.72655e-12
-1.4e-06	1.82e-05	6.00804e-12
0	1.82e-05	5.56812e-12
1.4e-06	1.82e-05	4.50662e-12
2.8e-06	1.82e-05	3.0208e-12
4.2e-06	1.82e-05	1.46154e-12
5.6e-06	1.82e-05	4.19913e-13
7e-06	1.82e-05	8.5345e-14
8.4e-06	1.82e-05	1.37303e-14
9.8e-06	1.82e-05	1.89126e-15
1.12e-05	1.82e-05	2.06348e-16
1.26e-05	1.82e-05	2.78185e-17
1.4e-05	1.82e-05	4.06984e-17
1.54e-05	1.82e-05	-6.19821e-17
1.68e-05	1.82e-05	-5.35843e-17
1.82e-05	1.82e-05	-1.8956e-17
1.96e-05	1.82e-05	-2.32414e-17
2.1e-05	1.82e-05	2.10743e-17
2.24e-05	1.82e-05	1.80984e-17
2.38e-05	1.82e-05	1.52241e-17
2.52e-05	1.82e-05	-3.45013e-17
2.66e-05	1.82e-05	9.91125e-17

-2.66e-05	1.68e-05	1.05676e-16
-2.52e-05	1.68e-05	-3.04898e-17
-2.38e-05	1.68e-05	8.23458e-17
-2.24e-05	1.68e-05	1.40613e-17
-2.1e-05	1.68e-05	4.10143e-17
-1.96e-05	1.68e-05	-2.43649e-17
-1.82e-05	1.68e-05	2.99778e-17
-1.68e-05	1.68e-05	-1.53756e-16
-1.54e-05	1.68e-05	1.82088e-16
-1.4e-05	1.68e-05	2.64718e-15
-1.26e-05	1.68e-05	2.28414e-14
-1.12e-05	1.68e-05	1.82862e-13
-9.8e-06	1.68e-05	1.24921e-12
-8.4e-06	1.68e-05	6.82035e-12
-7e-06	1.68e-05	2.65572e-11
-5.6e-06	1.68e-05	6.06571e-11
-4.2e-06	1.68e-05	9.13556e-11
-2.8e-06	1.68e-05	1.10722e-10
-1.4e-06	1.68e-05	1.16132e-10
0	1.68e-05	1.07581e-10
1.4e-06	1.68e-05	8.69927e-11
2.8e-06	1.68e-05	5.80991e-11
4.2e-06	1.68e-05	2.75563e-11
5.6e-06	1.68e-05	7.35644e-12
7e-06	1.68e-05	1.37577e-12
8.4e-06	1.68e-05	2.04005e-13
9.8e-06	1.68e-05	2.5712e-14
1.12e-05	1.68e-05	2.8781e-15
1.26e-05	1.68e-05	2.46817e-16
1.4e-05	1.68e-05	-1.40599e-17
1.54e-05	1.68e-05	6.14209e-17
1.68e-05	1.68e-05	-4.50989e-17
1.82e-05	1.68e-05	-1.15345e-17
1.96e-05	1.68e-05	-4.95904e-17
2.1e-05	1.68e-05	-3.93766e-17
2.24e-05	1.68e-05	-4.34817e-17
2.38e-05	1.68e-05	-2.13005e-17
2.52e-05	1.68e-05	2.97196e-17
2.66e-05	1.68e-05	-1.16477e-17

-2.66e-05	1.54e-05	-5.01099e-17
-2.52e-05	1.54e-05	4.96516e-17
-2.38e-05	1.54e-05	-3.82986e-17
-2.24e-05	1.54e-05	1.48371e-17
-2.1e-05	1.54e-05	-9.88279e-17
-1.96e-05	1.54e-05	-1.69511e-17
-1.82e-05	1.54e-05	-5.6435e-17
-1.68e-05	1.54e-05	1.69054e-16
-1.54e-05	1.54e-05	3.00149e-15
-1.4e-05	1.54e-05	3.06662e-14
-1.26e-05	1.54e-05	2.98823e-13
-1.12e-05	1.54e-05	2.6046e-12
-9.8e-06	1.54e-05	1.94774e-11
-8.4e-06	1.54e-05	1.16811e-10
-7e-06	1.54e-05	4.95737e-10
-5.6e-06	1.54e-05	1.16857e-09
-4.2e-06	1.54e-05	1.76621e-09
-2.8e-06	1.54e-05	2.14085e-09
-1.4e-06	1.54e-05	2.24478e-09
0	1.54e-05	2.07859e-09
1.4e-06	1.54e-05	1.67937e-09
2.8e-06	1.54e-05	1.11768e-09
4.2e-06	1.54e-05	5.18956e-10
5.6e-06	1.54e-05	1.27055e-10
7e-06	1.54e-05	2.16043e-11
8.4e-06	1.54e-05	2.92196e-12
9.8e-06	1.54e-05	3.37727e-13
1.12e-05	1.54e-05	3.47831e-14
1.26e-05	1.54e-05	3.26379e-15
1.4e-05	1.54e-05	2.10831e-16
1.54e-05	1.54e-05	1.33198e-17
1.68e-05	1.54e-05	4.62603e-17
1.82e-05	1.54e-05	-4.55768e-17
1.96e-05	1.54e-05	2.02705e-17
2.1e-05	1.54e-05	-4.89651e-17
2.24e-05	1.54e-05	-1.47405e-17
2.38e-05	1.54e-05	-1.15318e-17
2.52e-05	1.54e-05	-6.23549e-17
2.66e-05	1.54e-05	1.04335e-17

-2.66e-05	1.4e-05	3.52266e-18
-2.52e-05	1.4e-05	-5.30036e-17
-2.38e-05	1.4e-05	-3.28069e-17
-2.24e-05	1.4e-05	-6.29481e-17
-2.1e-05	1.4e-05	-4.811e-17
-1.96e-05	1.4e-05	1.75441e-17
-1.82e-05	1.4e-05	1.52807e-16
-1.68e-05	1.4e-05	2.58406e-15
-1.54e-05	1.4e-05	3.0194e-14
-1.4e-05	1.4e-05	3.47626e-13
-1.26e-05	1.4e-05	3.69741e-12
-1.12e-05	1.4e-05	3.54158e-11
-9.8e-06	1.4e-05	2.93448e-10
-8.4e-06	1.4e-05	1.96148e-09
-7e-06	1.4e-05	9.22794e-09
-5.6e-06	1.4e-05	2.25224e-08
-4.2e-06	1.4e-05	3.41507e-08
-2.8e-06	1.4e-05	4.1395e-08
-1.4e-06	1.4e-05	4.33908e-08
0	1.4e-05	4.01613e-08
1.4e-06	1.4e-05	3.24218e-08
2.8e-06	1.4e-05	2.15065e-08
4.2e-06	1.4e-05	9.76125e-09
5.6e-06	1.4e-05	2.1534e-09
7e-06	1.4e-05	3.27978e-10
8.4e-06	1.4e-05	3.99776e-11
9.8e-06	1.4e-05	4.19794e-12
1.12e-05	1.4e-05	3.9603e-13
1.26e-05	1.4e-05	3.44344e-14
1.4e-05	1.4e-05	2.80911e-15
1.54e-05	1.4e-05	1.4721e-16
1.68e-05	1.4e-05	-1.82771e-17
1.82e-05	1.4e-05	2.31968e-17
1.96e-05	1.4e-05	-8.83124e-17
2.1e-05	1.4e-05	5.67903e-17
2.24e-05	1.4e-05	-8.66167e-17
2.38e-05	1.4e-05	2.10201e-17
2.52e-05	1.4e-05	-6.05996e-17
2.66e-05	1.4e-05	1.59929e-17

-2.66e-05	1.26e-05	5.20656e-18
-2.52e-05	1.26e-05	-9.16978e-17
-2.38e-05	1.26e-05	7.03415e-18
-2.24e-05	1.26e-05	-9.14374e-17
-2.1e-05	1.26e-05	5.65229e-17
-1.96e-05	1.26e-05	5.16208e-17
-1.82e-05	1.26e-05	1.64509e-15
-1.68e-05	1.26e-05	2.17706e-14
-1.54e-05	1.26e-05	2.89156e-13
-1.4e-05	1.26e-05	3.63373e-12
-1.26e-05	1.26e-05	4.25481e-11
-1.12e-05	1.26e-05	4.53228e-10
-9.8e-06	1.26e-05	4.22263e-09
-8.4e-06	1.26e-05	3.20649e-08
-7e-06	1.26e-05	1.71216e-07
-5.6e-06	1.26e-05	4.34303e-07
-4.2e-06	1.26e-05	6.60395e-07
-2.8e-06	1.26e-05	8.00418e-07
-1.4e-06	1.26e-05	8.38732e-07
0	1.26e-05	7.75979e-07
1.4e-06	1.26e-05	6.25974e-07
2.8e-06	1.26e-05	4.1395e-07
4.2e-06	1.26e-05	1.83355e-07
5.6e-06	1.26e-05	3.55672e-08
7e-06	1.26e-05	4.75817e-09
8.4e-06	1.26e-05	5.14866e-10
9.8e-06	1.26e-05	4.85417e-11
1.12e-05	1.26e-05	4.1541e-12
1.26e-05	1.26e-05	3.30789e-13
1.4e-05	1.26e-05	2.48644e-14
1.54e-05	1.26e-05	1.80402e-15
1.68e-05	1.26e-05	8.55442e-17
1.82e-05	1.26e-05	-5.21592e-18
1.96e-05	1.26e-05	2.58576e-17
2.1e-05	1.26e-05	-5.42474e-17
2.24e-05	1.26e-05	5.51881e-17
2.38e-05	1.26e-05	-7.46537e-17
2.52e-05	1.26e-05	5.62562e-17
2.66e-05	1.26e-05	-7.17169e-17

-2.66e-05	1.12e-05	-8.48589e-17
-2.52e-05	1.12e-05	5.83558e-17
-2.38e-05	1.12e-05	-6.27116e-17
-2.24e-05	1.12e-05	1.86112e-17
-2.1e-05	1.12e-05	3.97671e-17
-1.96e-05	1.12e-05	6.64814e-16
-1.82e-05	1.12e-05	1.13013e-14
-1.68e-05	1.12e-05	1.69991e-13
-1.54e-05	1.12e-05	2.46329e-12
-1.4e-05	1.12e-05	3.40711e-11
-1.26e-05	1.12e-05	4.44059e-10
-1.12e-05	1.12e-05	5.3355e-09
-9.8e-06	1.12e-05	5.69659e-08
-8.4e-06	1.12e-05	5.04333e-07
-7e-06	1.12e-05	3.16463e-06
-5.6e-06	1.12e-05	8.3796e-06
-4.2e-06	1.12e-05	1.27718e-05
-2.8e-06	1.12e-05	1.54772e-05
-1.4e-06	1.12e-05	1.62125e-05
0	1.12e-05	1.49932e-05
1.4e-06	1.12e-05	1.20865e-05
2.8e-06	1.12e-05	7.97018e-06
4.2e-06	1.12e-05	3.43905e-06
5.6e-06	1.12e-05	5.65929e-07
7e-06	1.12e-05	6.47536e-08
8.4e-06	1.12e-05	6.09989e-09
9.8e-06	1.12e-05	5.08829e-10
1.12e-05	1.12e-05	3.90521e-11
1.26e-05	1.12e-05	2.82061e-12
1.4e-05	1.12e-05	1.94276e-13
1.54e-05	1.12e-05	1.27481e-14
1.68e-05	1.12e-05	7.00877e-16
1.82e-05	1.12e-05	-1.29986e-17
1.96e-05	1.12e-05	-5.9982e-17
2.1e-05	1.12e-05	-1.57188e-17
2.24e-05	1.12e-05	-2.28902e-17
2.38e-05	1.12e-05	3.1034e-17
2.52e-05	1.12e-05	-2.22764e-17
2.66e-05	1.12e-05	3.93643e-17

-2.66e-05	9.8e-06	4.14508e-17
-2.52e-05	9.8e-06	-1.99139e-17
-2.38e-05	9.8e-06	-6.91426e-17
-2.24e-05	9.8e-06	-1.831e-16
-2.1e-05	9.8e-06	-4.51478e-16
-1.96e-05	9.8e-06	2.91047e-15
-1.82e-05	9.8e-06	6.65846e-14
-1.68e-05	9.8e-06	1.11917e-12
-1.54e-05	9.8e-06	1.78401e-11
-1.4e-05	9.8e-06	2.74231e-10
-1.26e-05	9.8e-06	4.02904e-09
-1.12e-05	9.8e-06	5.5575e-08
-9.8e-06	9.8e-06	6.97262e-07
-8.4e-06	9.8e-06	7.46899e-06
-7e-06	9.8e-06	5.82281e-05
-5.6e-06	9.8e-06	0.000161788
-4.2e-06	9.8e-06	0.000247025
-2.8e-06	9.8e-06	0.000299277
-1.4e-06	9.8e-06	0.000313386
0	9.8e-06	0.000289697
1.4e-06	9.8e-06	0.000233382
2.8e-06	9.8e-06	0.000153515
4.2e-06	9.8e-06	6.43982e-05
5.6e-06	9.8e-06	8.49286e-06
7e-06	9.8e-06	7.99941e-07
8.4e-06	9.8e-06	6.39127e-08
9.8e-06	9.8e-06	4.63074e-09
1.12e-05	9.8e-06	3.14486e-10
1.26e-05	9.8e-06	2.03928e-11
1.4e-05	9.8e-06	1.27365e-12
1.54e-05	9.8e-06	7.49815e-14
1.68e-05	9.8e-06	2.85301e-15
1.82e-05	9.8e-06	-7.80169e-16
1.96e-05	9.8e-06	-5.30297e-16
2.1e-05	9.8e-06	-2.60691e-16
2.24e-05	9.8e-06	-6.42113e-17
2.38e-05	9.8e-06	-5.1553e-17
2.52e-05	9.8e-06	-2.38818e-17
2.66e-05	9.8e-06	-1.21181e-17

-2.66e-05	8.4e-06	-4.60444e-17
-2.52e-05	8.4e-06	-2.79707e-16
-2.38e-05	8.4e-06	-1.26068e-15
-2.24e-05	8.4e-06	-4.88085e-15
-2.1e-05	8.4e-06	-1.13762e-14
-1.96e-05	8.4e-06	-6.05387e-15
-1.82e-05	8.4e-06	2.82218e-13
-1.68e-05	8.4e-06	5.71745e-12
-1.54e-05	8.4e-06	1.01486e-10
-1.4e-05	8.4e-06	1.74949e-09
-1.26e-05	8.4e-06	2.93683e-08
-1.12e-05	8.4e-06	4.74956e-07
-9.8e-06	8.4e-06	7.24298e-06
-8.4e-06	8.4e-06	9.93687e-05
-7e-06	8.4e-06	0.00106557
-5.6e-06	8.4e-06	0.00312615
-4.2e-06	8.4e-06	0.00477816
-2.8e-06	8.4e-06	0.00578704
-1.4e-06	8.4e-06	0.00605772
0	8.4e-06	0.00559749
1.4e-06	8.4e-06	0.00450665
2.8e-06	8.4e-06	0.00295813
4.2e-06	8.4e-06	0.00120373
5.6e-06	8.4e-06	0.000114803
7e-06	8.4e-06	8.38605e-06
8.4e-06	8.4e-06	5.48178e-07
9.8e-06	8.4e-06	3.37183e-08
1.12e-05	8.4e-06	1.99611e-09
1.26e-05	8.4e-06	1.14992e-10
1.4e-05	8.4e-06	6.41843e-12
1.54e-05	8.4e-06	3.04991e-13
1.68e-05	8.4e-06	-1.37095e-14
1.82e-05	8.4e-06	-1.78076e-14
1.96e-05	8.4e-06	-9.80175e-15
2.1e-05	8.4e-06	-4.13639e-15
2.24e-05	8.4e-06	-1.15049e-15
2.38e-05	8.4e-06	-2.98621e-16
2.52e-05	8.4e-06	-6.81643e-17
2.66e-05	8.4e-06	-9.4571e-17

-2.66e-05	7e-06	-6.54986e-16
-2.52e-05	7e-06	-4.01451e-15
-2.38e-05	7e-06	-2.22939e-14
-2.24e-05	7e-06	-9.02623e-14
-2.1e-05	7e-06	-2.30034e-13
-1.96e-05	7e-06	-4.03218e-13
-1.82e-05	7e-06	2.22815e-13
-1.68e-05	7e-06	1.86731e-11
-1.54e-05	7e-06	3.84648e-10
-1.4e-05	7e-06	7.45187e-09
-1.26e-05	7e-06	1.43666e-07
-1.12e-05	7e-06	2.77014e-06
-9.8e-06	7e-06	5.34522e-05
-8.4e-06	7e-06	0.0010324
-7e-06	7e-06	0.0193713
-5.6e-06	7e-06	0.0604597
-4.2e-06	7e-06	0.0924284
-2.8e-06	7e-06	0.111903
-1.4e-06	7e-06	0.117095
0	7e-06	0.108154
1.4e-06	7e-06	0.0870271
2.8e-06	7e-06	0.057029
4.2e-06	7e-06	0.0224551
5.6e-06	7e-06	0.00122022
7e-06	7e-06	6.21451e-05
8.4e-06	7e-06	3.17115e-06
9.8e-06	7e-06	1.62082e-07
1.12e-05	7e-06	8.29154e-09
1.26e-05	7e-06	4.21931e-10
1.4e-05	7e-06	1.98913e-11
1.54e-05	7e-06	5.60493e-15
1.68e-05	7e-06	-5.81969e-13
1.82e-05	7e-06	-3.54539e-13
1.96e-05	7e-06	-1.84463e-13
2.1e-05	7e-06	-7.58681e-14
2.24e-05	7e-06	-1.92861e-14
2.38e-05	7e-06	-3.50131e-15
2.52e-05	7e-06	-5.70396e-16
2.66e-05	7e-06	-1.43737e-16

-2.66e-05	5.6e-06	-8.18953e-15
-2.52e-05	5.6e-06	-6.18905e-14
-2.38e-05	5.6e-06	-3.7699e-13
-2.24e-05	5.6e-06	-1.66097e-12
-2.1e-05	5.6e-06	-4.38494e-12
-1.96e-05	5.6e-06	-8.56059e-12
-1.82e-05	5.6e-06	-1.38132e-11
-1.68e-05	5.6e-06	6.42037e-12
-1.54e-05	5.6e-06	6.05995e-10
-1.4e-05	5.6e-06	1.2634e-08
-1.26e-05	5.6e-06	2.47533e-07
-1.12e-05	5.6e-06	4.82522e-06
-9.8e-06	5.6e-06	9.40358e-05
-8.4e-06	5.6e-06	0.00183292
-7e-06	5.6e-06	0.0342326
-5.6e-06	5.6e-06	0.0995304
-4.2e-06	5.6e-06	0.150711
-2.8e-06	5.6e-06	0.181621
-1.4e-06	5.6e-06	0.189233
0	5.6e-06	0.173914
1.4e-06	5.6e-06	0.139003
2.8e-06	5.6e-06	0.0898471
4.2e-06	5.6e-06	0.0325903
5.6e-06	5.6e-06	0.00175347
7e-06	5.6e-06	8.94875e-05
8.4e-06	5.6e-06	4.56653e-06
9.8e-06	5.6e-06	2.32878e-07
1.12e-05	5.6e-06	1.17864e-08
1.26e-05	5.6e-06	5.44263e-10
1.4e-05	5.6e-06	-5.44553e-12
1.54e-05	5.6e-06	-1.94959e-11
1.68e-05	5.6e-06	-1.20119e-11
1.82e-05	5.6e-06	-6.75323e-12
1.96e-05	5.6e-06	-3.48235e-12
2.1e-05	5.6e-06	-1.40498e-12
2.24e-05	5.6e-06	-3.28656e-13
2.38e-05	5.6e-06	-5.47836e-14
2.52e-05	5.6e-06	-7.41165e-15
2.66e-05	5.6e-06	-1.95688e-15

-2.66e-05	4.2e-06	-1.11301e-13
-2.52e-05	4.2e-06	-9.25286e-13
-2.38e-05	4.2e-06	-6.26981e-12
-2.24e-05	4.2e-06	-3.04616e-11
-2.1e-05	4.2e-06	-8.2778e-11
-1.96e-05	4.2e-06	-1.63404e-10
-1.82e-05	4.2e-06	-2.91766e-10
-1.68e-05	4.2e-06	-4.74352e-10
-1.54e-05	4.2e-06	-1.40949e-10
-1.4e-05	4.2e-06	1.30202e-08
-1.26e-05	4.2e-06	2.81285e-07
-1.12e-05	4.2e-06	5.53574e-06
-9.8e-06	4.2e-06	0.000108105
-8.4e-06	4.2e-06	0.00210977
-7e-06	4.2e-06	0.0391085
-5.6e-06	4.2e-06	0.10764
-4.2e-06	4.2e-06	0.161008
-2.8e-06	4.2e-06	0.192379
-1.4e-06	4.2e-06	0.198599
0	4.2e-06	0.180499
1.4e-06	4.2e-06	0.14227
2.8e-06	4.2e-06	0.0900736
4.2e-06	4.2e-06	0.0303787
5.6e-06	4.2e-06	0.00161574
7e-06	4.2e-06	8.24129e-05
8.4e-06	4.2e-06	4.19775e-06
9.8e-06	4.2e-06	2.10823e-07
1.12e-05	4.2e-06	8.8775e-09
1.26e-05	4.2e-06	-6.31296e-10
1.4e-05	4.2e-06	-6.60436e-10
1.54e-05	4.2e-06	-3.97051e-10
1.68e-05	4.2e-06	-2.28554e-10
1.82e-05	4.2e-06	-1.27733e-10
1.96e-05	4.2e-06	-6.56958e-11
2.1e-05	4.2e-06	-2.5984e-11
2.24e-05	4.2e-06	-5.50951e-12
2.38e-05	4.2e-06	-8.25345e-13
2.52e-05	4.2e-06	-1.0114e-13
2.66e-05	4.2e-06	-2.28719e-14

-2.66e-05	2.8e-06	-1.42158e-12
-2.52e-05	2.8e-06	-1.32294e-11
-2.38e-05	2.8e-06	-1.0154e-10
-2.24e-05	2.8e-06	-5.56936e-10
-2.1e-05	2.8e-06	-1.56169e-09
-1.96e-05	2.8e-06	-3.09102e-09
-1.82e-05	2.8e-06	-5.55167e-09
-1.68e-05	2.8e-06	-9.65891e-09
-1.54e-05	2.8e-06	-1.61486e-08
-1.4e-05	2.8e-06	-1.69543e-08
-1.26e-05	2.8e-06	1.84115e-07
-1.12e-05	2.8e-06	4.48444e-06
-9.8e-06	2.8e-06	8.90729e-05
-8.4e-06	2.8e-06	0.00174118
-7e-06	2.8e-06	0.0319711
-5.6e-06	2.8e-06	0.0821639
-4.2e-06	2.8e-06	0.12038
-2.8e-06	2.8e-06	0.141159
-1.4e-06	2.8e-06	0.142337
0	2.8e-06	0.125465
1.4e-06	2.8e-06	0.0950684
2.8e-06	2.8e-06	0.0570044
4.2e-06	2.8e-06	0.0164603
5.6e-06	2.8e-06	0.000847469
7e-06	2.8e-06	4.27584e-05
8.4e-06	2.8e-06	2.05815e-06
9.8e-06	2.8e-06	4.28096e-08
1.12e-05	2.8e-06	-3.32332e-08
1.26e-05	2.8e-06	-2.21833e-08
1.4e-05	2.8e-06	-1.30078e-08
1.54e-05	2.8e-06	-7.53322e-09
1.68e-05	2.8e-06	-4.32249e-09
1.82e-05	2.8e-06	-2.41473e-09
1.96e-05	2.8e-06	-1.23956e-09
2.1e-05	2.8e-06	-4.79837e-10
2.24e-05	2.8e-06	-8.99989e-11
2.38e-05	2.8e-06	-1.18832e-11
2.52e-05	2.8e-06	-1.2953e-12
2.66e-05	2.8e-06	-2.46539e-13

-2.66e-05	1.4e-06	-1.67461e-11
-2.52e-05	1.4e-06	-1.77383e-10
-2.38e-05	1.4e-06	-1.5824e-09
-2.24e-05	1.4e-06	-1.01473e-08
-2.1e-05	1.4e-06	-2.94725e-08
-1.96e-05	1.4e-06	-5.84416e-08
-1.82e-05	1.4e-06	-1.04993e-07
-1.68e-05	1.4e-06	-1.83184e-07
-1.54e-05	1.4e-06	-3.16582e-07
-1.4e-05	1.4e-06	-5.41453e-07
-1.26e-05	1.4e-06	-8.34284e-07
-1.12e-05	1.4e-06	5.51032e-07
-9.8e-06	1.4e-06	4.00117e-05
-8.4e-06	1.4e-06	0.000832238
-7e-06	1.4e-06	0.0149889
-5.6e-06	1.4e-06	0.0314524
-4.2e-06	1.4e-06	0.0426668
-2.8e-06	1.4e-06	0.0456103
-1.4e-06	1.4e-06	0.0396603
0	1.4e-06	0.027132
1.4e-06	1.4e-06	0.0124777
2.8e-06	1.4e-06	0.000597724
4.2e-06	1.4e-06	-0.00530968
5.6e-06	1.4e-06	-0.000357401
7e-06	1.4e-06	-2.28516e-05
8.4e-06	1.4e-06	-3.24054e-06
9.8e-06	1.4e-06	-1.32557e-06
1.12e-05	1.4e-06	-7.36076e-07
1.26e-05	1.4e-06	-4.24768e-07
1.4e-05	1.4e-06	-2.46182e-07
1.54e-05	1.4e-06	-1.42437e-07
1.68e-05	1.4e-06	-8.17241e-08
1.82e-05	1.4e-06	-4.56498e-08
1.96e-05	1.4e-06	-2.33941e-08
2.1e-05	1.4e-06	-8.84629e-09
2.24e-05	1.4e-06	-1.41624e-09
2.38e-05	1.4e-06	-1.6053e-10
2.52e-05	1.4e-06	-1.53078e-11
2.66e-05	1.4e-06	-2.45553e-12

-2.66e-05	0	-1.75767e-10
-2.52e-05	0	-2.15897e-09
-2.38e-05	0	-2.32172e-08
-2.24e-05	0	-1.84131e-07
-2.1e-05	0	-5.56465e-07
-1.96e-05	0	-1.10497e-06
-1.82e-05	0	-1.98507e-06
-1.68e-05	0	-3.46344e-06
-1.54e-05	0	-5.99007e-06
-1.4e-05	0	-1.0344e-05
-1.26e-05	0	-1.79314e-05
-1.12e-05	0	-3.19464e-05
-9.8e-06	0	-7.11705e-05
-8.4e-06	0	-0.000423834
-7e-06	0	-0.00679836
-5.6e-06	0	-0.0282549
-4.2e-06	0	-0.0460991
-2.8e-06	0	-0.0617023
-1.4e-06	0	-0.0744006
0	0	-0.0813632
1.4e-06	0	-0.0785386
2.8e-06	0	-0.0620522
4.2e-06	0	-0.0296937
5.6e-06	0	-0.00192049
7e-06	0	-0.000167965
8.4e-06	0	-4.67781e-05
9.8e-06	0	-2.42491e-05
1.12e-05	0	-1.38662e-05
1.26e-05	0	-8.02658e-06
1.4e-05	0	-4.65386e-06
1.54e-05	0	-2.69291e-06
1.68e-05	0	-1.54513e-06
1.82e-05	0	-8.63029e-07
1.96e-05	0	-4.41647e-07
2.1e-05	0	-1.62791e-07
2.24e-05	0	-2.10139e-08
2.38e-05	0	-1.96961e-09
2.52e-05	0	-1.61178e-10
2.66e-05	0	-2.25938e-11

-2.66e-05	-1.4e-06	-1.54722e-09
-2.52e-05	-1.4e-06	-2.23316e-08
-2.38e-05	-1.4e-06	-3.0575e-07
-2.24e-05	-1.4e-06	-3.32499e-06
-2.1e-05	-1.4e-06	-1.05124e-05
-1.96e-05	-1.4e-06	-2.08929e-05
-1.82e-05	-1.4e-06	-3.75313e-05
-1.68e-05	-1.4e-06	-6.5478e-05
-1.54e-05	-1.4e-06	-0.000113231
-1.4e-05	-1.4e-06	-0.000195462
-1.26e-05	-1.4e-06	-0.000338116
-1.12e-05	-1.4e-06	-0.000590662
-9.8e-06	-1.4e-06	-0.00109739
-8.4e-06	-1.4e-06	-0.00318777
-7e-06	-1.4e-06	-0.0293698
-5.6e-06	-1.4e-06	-0.0787779
-4.2e-06	-1.4e-06	-0.116227
-2.8e-06	-1.4e-06	-0.143975
-1.4e-06	-1.4e-06	-0.160501
0	-1.4e-06	-0.162796
1.4e-06	-1.4e-06	-0.147646
2.8e-06	-1.4e-06	-0.11247
4.2e-06	-1.4e-06	-0.0543793
5.6e-06	-1.4e-06	-0.00630422
7e-06	-1.4e-06	-0.001581
8.4e-06	-1.4e-06	-0.000799096
9.8e-06	-1.4e-06	-0.000453592
1.12e-05	-1.4e-06	-0.000261797
1.26e-05	-1.4e-06	-0.000151709
1.4e-05	-1.4e-06	-8.79802e-05
1.54e-05	-1.4e-06	-5.09127e-05
1.68e-05	-1.4e-06	-2.92134e-05
1.82e-05	-1.4e-06	-1.63165e-05
1.96e-05	-1.4e-06	-8.34065e-06
2.1e-05	-1.4e-06	-2.9896e-06
2.24e-05	-1.4e-06	-2.806e-07
2.38e-05	-1.4e-06	-2.05402e-08
2.52e-05	-1.4e-06	-1.4193e-09
2.66e-05	-1.4e-06	-1.9754e-10

-2.66e-05	-2.8e-06	-1.02689e-08
-2.52e-05	-2.8e-06	-1.65336e-07
-2.38e-05	-2.8e-06	-3.13002e-06
-2.24e-05	-2.8e-06	-5.96903e-05
-2.1e-05	-2.8e-06	-0.000198731
-1.96e-05	-2.8e-06	-0.000395056
-1.82e-05	-2.8e-06	-0.000709599
-1.68e-05	-2.8e-06	-0.00123791
-1.54e-05	-2.8e-06	-0.00214048
-1.4e-05	-2.8e-06	-0.00369403
-1.26e-05	-2.8e-06	-0.00638464
-1.12e-05	-2.8e-06	-0.0110906
-9.8e-06	-2.8e-06	-0.0194821
-8.4e-06	-2.8e-06	-0.0349924
-7e-06	-2.8e-06	-0.0646751
-5.6e-06	-2.8e-06	-0.105581
-4.2e-06	-2.8e-06	-0.143418
-2.8e-06	-2.8e-06	-0.172262
-1.4e-06	-2.8e-06	-0.18814
0	-2.8e-06	-0.187943
1.4e-06	-2.8e-06	-0.16991
2.8e-06	-2.8e-06	-0.134866
4.2e-06	-2.8e-06	-0.0884586
5.6e-06	-2.8e-06	-0.0478086
7e-06	-2.8e-06	-0.0263425
8.4e-06	-2.8e-06	-0.0149082
9.8e-06	-2.8e-06	-0.00855869
1.12e-05	-2.8e-06	-0.00494691
1.26e-05	-2.8e-06	-0.00286768
1.4e-05	-2.8e-06	-0.00166328
1.54e-05	-2.8e-06	-0.00096257
1.68e-05	-2.8e-06	-0.000552332
1.82e-05	-2.8e-06	-0.000308488
1.96e-05	-2.8e-06	-0.000157583
2.1e-05	-2.8e-06	-5.47779e-05
2.24e-05	-2.8e-06	-2.9347e-06
2.38e-05	-2.8e-06	-1.52717e-07
2.52e-05	-2.8e-06	-9.27684e-09
2.66e-05	-2.8e-06	-1.80772e-09

-2.66e-05	-4.2e-06	-5.04937e-08
-2.52e-05	-4.2e-06	-3.52599e-07
-2.38e-05	-4.2e-06	-4.5863e-06
-2.24e-05	-4.2e-06	-7.93961e-05
-2.1e-05	-4.2e-06	-0.00023966
-1.96e-05	-4.2e-06	-0.000472078
-1.82e-05	-4.2e-06	-0.000846522
-1.68e-05	-4.2e-06	-0.00147541
-1.54e-05	-4.2e-06	-0.00254733
-1.4e-05	-4.2e-06	-0.00438248
-1.26e-05	-4.2e-06	-0.00752416
-1.12e-05	-4.2e-06	-0.0128822
-9.8e-06	-4.2e-06	-0.0219243
-8.4e-06	-4.2e-06	-0.0367766
-7e-06	-4.2e-06	-0.0594656
-5.6e-06	-4.2e-06	-0.0876344
-4.2e-06	-4.2e-06	-0.114648
-2.8e-06	-4.2e-06	-0.135495
-1.4e-06	-4.2e-06	-0.146647
0	-4.2e-06	-0.145805
1.4e-06	-4.2e-06	-0.132233
2.8e-06	-4.2e-06	-0.107543
4.2e-06	-4.2e-06	-0.0767172
5.6e-06	-4.2e-06	-0.0484763
7e-06	-4.2e-06	-0.0291415
8.4e-06	-4.2e-06	-0.0171807
9.8e-06	-4.2e-06	-0.0100498
1.12e-05	-4.2e-06	-0.005859
1.26e-05	-4.2e-06	-0.00341003
1.4e-05	-4.2e-06	-0.00198157
1.54e-05	-4.2e-06	-0.00114781
1.68e-05	-4.2e-06	-0.000658905
1.82e-05	-4.2e-06	-0.000368004
1.96e-05	-4.2e-06	-0.000187356
2.1e-05	-4.2e-06	-6.10542e-05
2.24e-05	-4.2e-06	-3.70542e-06
2.38e-05	-4.2e-06	-2.82408e-07
2.52e-05	-4.2e-06	-4.12909e-08
2.66e-05	-4.2e-06	-1.93407e-08

-2.66e-05	-5.6e-06	-7.01061e-07
-2.52e-05	-5.6e-06	-2.69448e-06
-2.38e-05	-5.6e-06	-1.05889e-05
-2.24e-05	-5.6e-06	-4.04834e-05
-2.1e-05	-5.6e-06	-9.98911e-05
-1.96e-05	-5.6e-06	-0.000193269
-1.82e-05	-5.6e-06	-0.000345606
-1.68e-05	-5.6e-06	-0.000601679
-1.54e-05	-5.6e-06	-0.00103723
-1.4e-05	-5.6e-06	-0.00177957
-1.26e-05	-5.6e-06	-0.00303963
-1.12e-05	-5.6e-06	-0.0051552
-9.8e-06	-5.6e-06	-0.00862689
-8.4e-06	-5.6e-06	-0.0140678
-7e-06	-5.6e-06	-0.0218441
-5.6e-06	-5.6e-06	-0.0311533
-4.2e-06	-5.6e-06	-0.0401192
-2.8e-06	-5.6e-06	-0.0470587
-1.4e-06	-5.6e-06	-0.0507293
0	-5.6e-06	-0.0503621
1.4e-06	-5.6e-06	-0.0457845
2.8e-06	-5.6e-06	-0.0376499
4.2e-06	-5.6e-06	-0.0276453
5.6e-06	-5.6e-06	-0.0182828
7e-06	-5.6e-06	-0.0113684
8.4e-06	-5.6e-06	-0.00684194
9.8e-06	-5.6e-06	-0.00404914
1.12e-05	-5.6e-06	-0.00237573
1.26e-05	-5.6e-06	-0.00138745
1.4e-05	-5.6e-06	-0.000807721
1.54e-05	-5.6e-06	-0.000468333
1.68e-05	-5.6e-06	-0.000269057
1.82e-05	-5.6e-06	-0.000150597
1.96e-05	-5.6e-06	-7.7929e-05
2.1e-05	-5.6e-06	-3.13997e-05
2.24e-05	-5.6e-06	-8.24819e-06
2.38e-05	-5.6e-06	-2.10487e-06
2.52e-05	-5.6e-06	-5.66861e-07
2.66e-05	-5.6e-06	-2.06276e-07

-2.66e-05	-7e-06	-7.19461e-07
-2.52e-05	-7e-06	-2.2541e-06
-2.38e-05	-7e-06	-6.84765e-06
-2.24e-05	-7e-06	-1.8915e-05
-2.1e-05	-7e-06	-4.17721e-05
-1.96e-05	-7e-06	-7.91983e-05
-1.82e-05	-7e-06	-0.00014098
-1.68e-05	-7e-06	-0.000244877
-1.54e-05	-7e-06	-0.000420915
-1.4e-05	-7e-06	-0.0007187
-1.26e-05	-7e-06	-0.00121783
-1.12e-05	-7e-06	-0.00203899
-9.8e-06	-7e-06	-0.00334546
-8.4e-06	-7e-06	-0.00530644
-7e-06	-7e-06	-0.00797313
-5.6e-06	-7e-06	-0.0110742
-4.2e-06	-7e-06	-0.0140533
-2.8e-06	-7e-06	-0.0163591
-1.4e-06	-7e-06	-0.0175668
0	-7e-06	-0.0174215
1.4e-06	-7e-06	-0.0158863
2.8e-06	-7e-06	-0.0132046
4.2e-06	-7e-06	-0.00992928
5.6e-06	-7e-06	-0.00680289
7e-06	-7e-06	-0.00436567
8.4e-06	-7e-06	-0.00268878
9.8e-06	-7e-06	-0.0016158
1.12e-05	-7e-06	-0.000957156
1.26e-05	-7e-06	-0.000562227
1.4e-05	-7e-06	-0.000328426
1.54e-05	-7e-06	-0.000190821
1.68e-05	-7e-06	-0.000109813
1.82e-05	-7e-06	-6.17086e-05
1.96e-05	-7e-06	-3.25619e-05
2.1e-05	-7e-06	-1.47109e-05
2.24e-05	-7e-06	-5.32972e-06
2.38e-05	-7e-06	-1.75832e-06
2.52e-05	-7e-06	-5.7112e-07
2.66e-05	-7e-06	-2.26272e-07

-2.66e-05	-8.4e-06	-5.04032e-07
-2.52e-05	-8.4e-06	-1.36385e-06
-2.38e-05	-8.4e-06	-3.55836e-06
-2.24e-05	-8.4e-06	-8.45037e-06
-2.1e-05	-8.4e-06	-1.74331e-05
-1.96e-05	-8.4e-06	-3.24412e-05
-1.82e-05	-8.4e-06	-5.74154e-05
-1.68e-05	-8.4e-06	-9.93709e-05
-1.54e-05	-8.4e-06	-0.000170037
-1.4e-05	-8.4e-06	-0.000288352
-1.26e-05	-8.4e-06	-0.000483566
-1.12e-05	-8.4e-06	-0.000797497
-9.8e-06	-8.4e-06	-0.00128173
-8.4e-06	-8.4e-06	-0.00198133
-7e-06	-8.4e-06	-0.00289633
-5.6e-06	-8.4e-06	-0.00393502
-4.2e-06	-8.4e-06	-0.00492665
-2.8e-06	-8.4e-06	-0.00569239
-1.4e-06	-8.4e-06	-0.00608987
0	-8.4e-06	-0.00603546
1.4e-06	-8.4e-06	-0.00552232
2.8e-06	-8.4e-06	-0.00463669
4.2e-06	-8.4e-06	-0.00355708
5.6e-06	-8.4e-06	-0.0025078
7e-06	-8.4e-06	-0.00165567
8.4e-06	-8.4e-06	-0.00104387
9.8e-06	-8.4e-06	-0.000638322
1.12e-05	-8.4e-06	-0.000382731
1.26e-05	-8.4e-06	-0.000226628
1.4e-05	-8.4e-06	-0.000133072
1.54e-05	-8.4e-06	-7.75783e-05
1.68e-05	-8.4e-06	-4.47695e-05
1.82e-05	-8.4e-06	-2.52871e-05
1.96e-05	-8.4e-06	-1.35879e-05
2.1e-05	-8.4e-06	-6.57947e-06
2.24e-05	-8.4e-06	-2.77041e-06
2.38e-05	-8.4e-06	-1.06274e-06
2.52e-05	-8.4e-06	-3.94074e-07
2.66e-05	-8.4e-06	-1.70061e-07

-2.66e-05	-9.8e-06	-2.96686e-07
-2.52e-05	-9.8e-06	-7.17498e-07
-2.38e-05	-9.8e-06	-1.69021e-06
-2.24e-05	-9.8e-06	-3.67592e-06
-2.1e-05	-9.8e-06	-7.24671e-06
-1.96e-05	-9.8e-06	-1.32672e-05
-1.82e-05	-9.8e-06	-2.33253e-05
-1.68e-05	-9.8e-06	-4.01712e-05
-1.54e-05	-9.8e-06	-6.83192e-05
-1.4e-05	-9.8e-06	-0.000114859
-1.26e-05	-9.8e-06	-0.000190295
-1.12e-05	-9.8e-06	-0.000308769
-9.8e-06	-9.8e-06	-0.000486193
-8.4e-06	-9.8e-06	-0.000734103
-7e-06	-9.8e-06	-0.00104823
-5.6e-06	-9.8e-06	-0.0013975
-4.2e-06	-9.8e-06	-0.00172826
-2.8e-06	-9.8e-06	-0.00198266
-1.4e-06	-9.8e-06	-0.00211361
0	-9.8e-06	-0.00209389
1.4e-06	-9.8e-06	-0.00192266
2.8e-06	-9.8e-06	-0.0016295
4.2e-06	-9.8e-06	-0.00127169
5.6e-06	-9.8e-06	-0.000918223
7e-06	-9.8e-06	-0.000621713
8.4e-06	-9.8e-06	-0.000400952
9.8e-06	-9.8e-06	-0.000249714
1.12e-05	-9.8e-06	-0.000151813
1.26e-05	-9.8e-06	-9.07912e-05
1.4e-05	-9.8e-06	-5.36796e-05
1.54e-05	-9.8e-06	-3.14445e-05
1.68e-05	-9.8e-06	-1.82181e-05
1.82e-05	-9.8e-06	-1.03509e-05
1.96e-05	-9.8e-06	-5.65065e-06
2.1e-05	-9.8e-06	-2.8641e-06
2.24e-05	-9.8e-06	-1.31635e-06
2.38e-05	-9.8e-06	-5.58239e-07
2.52e-05	-9.8e-06	-2.28492e-07
2.66e-05	-9.8e-06	-1.06229e-07

-2.66e-05	-1.12e-05	-1.58106e-07
-2.52e-05	-1.12e-05	-3.49715e-07
-2.38e-05	-1.12e-05	-7.65422e-07
-2.24e-05	-1.12e-05	-1.57107e-06
-2.1e-05	-1.12e-05	-2.99839e-06
-1.96e-05	-1.12e-05	-5.41173e-06
-1.82e-05	-1.12e-05	-9.44508e-06
-1.68e-05	-1.12e-05	-1.6166e-05
-1.54e-05	-1.12e-05	-2.72864e-05
-1.4e-05	-1.12e-05	-4.54131e-05
-1.26e-05	-1.12e-05	-7.42463e-05
-1.12e-05	-1.12e-05	-0.000118475
-9.8e-06	-1.12e-05	-0.000182914
-8.4e-06	-1.12e-05	-0.000270356
-7e-06	-1.12e-05	-0.000378246
-5.6e-06	-1.12e-05	-0.000496046
-4.2e-06	-1.12e-05	-0.000606602
-2.8e-06	-1.12e-05	-0.000691206
-1.4e-06	-1.12e-05	-0.000734414
0	-1.12e-05	-0.00072742
1.4e-06	-1.12e-05	-0.000670304
2.8e-06	-1.12e-05	-0.000573016
4.2e-06	-1.12e-05	-0.000453906
5.6e-06	-1.12e-05	-0.000334487
7e-06	-1.12e-05	-0.000231611
8.4e-06	-1.12e-05	-0.000152591
9.8e-06	-1.12e-05	-9.6802e-05
1.12e-05	-1.12e-05	-5.9732e-05
1.26e-05	-1.12e-05	-3.61316e-05
1.4e-05	-1.12e-05	-2.15428e-05
1.54e-05	-1.12e-05	-1.26974e-05
1.68e-05	-1.12e-05	-7.39416e-06
1.82e-05	-1.12e-05	-4.22837e-06
1.96e-05	-1.12e-05	-2.34007e-06
2.1e-05	-1.12e-05	-1.22499e-06
2.24e-05	-1.12e-05	-5.96248e-07
2.38e-05	-1.12e-05	-2.71508e-07
2.52e-05	-1.12e-05	-1.19898e-07
2.66e-05	-1.12e-05	-5.93468e-08

-2.66e-05	-1.26e-05	-7.90537e-08
-2.52e-05	-1.26e-05	-1.62613e-07
-2.38e-05	-1.26e-05	-3.36634e-07
-2.24e-05	-1.26e-05	-6.62984e-07
-2.1e-05	-1.26e-05	-1.23458e-06
-1.96e-05	-1.26e-05	-2.20008e-06
-1.82e-05	-1.26e-05	-3.80958e-06
-1.68e-05	-1.26e-05	-6.47281e-06
-1.54e-05	-1.26e-05	-1.08299e-05
-1.4e-05	-1.26e-05	-1.78243e-05
-1.26e-05	-1.26e-05	-2.87381e-05
-1.12e-05	-1.26e-05	-4.51021e-05
-9.8e-06	-1.26e-05	-6.83467e-05
-8.4e-06	-1.26e-05	-9.90864e-05
-7e-06	-1.26e-05	-0.000136159
-5.6e-06	-1.26e-05	-0.000175983
-4.2e-06	-1.26e-05	-0.000213014
-2.8e-06	-1.26e-05	-0.00024119
-1.4e-06	-1.26e-05	-0.000255475
0	-1.26e-05	-0.000253029
1.4e-06	-1.26e-05	-0.000233969
2.8e-06	-1.26e-05	-0.0002016
4.2e-06	-1.26e-05	-0.000161801
5.6e-06	-1.26e-05	-0.000121361
7e-06	-1.26e-05	-8.57307e-05
8.4e-06	-1.26e-05	-5.76145e-05
9.8e-06	-1.26e-05	-3.72153e-05
1.12e-05	-1.26e-05	-2.33186e-05
1.26e-05	-1.26e-05	-1.4281e-05
1.4e-05	-1.26e-05	-8.59717e-06
1.54e-05	-1.26e-05	-5.1049e-06
1.68e-05	-1.26e-05	-2.99119e-06
1.82e-05	-1.26e-05	-1.7225e-06
1.96e-05	-1.26e-05	-9.64816e-07
2.1e-05	-1.26e-05	-5.17415e-07
2.24e-05	-1.26e-05	-2.62277e-07
2.38e-05	-1.26e-05	-1.25906e-07
2.52e-05	-1.26e-05	-5.90193e-08
2.66e-05	-1.26e-05	-3.07797e-08

-2.66e-05	-1.4e-05	-3.78245e-08
-2.52e-05	-1.4e-05	-7.32664e-08
-2.38e-05	-1.4e-05	-1.45154e-07
-2.24e-05	-1.4e-05	-2.77031e-07
-2.1e-05	-1.4e-05	-5.05817e-07
-1.96e-05	-1.4e-05	-8.90914e-07
-1.82e-05	-1.4e-05	-1.52974e-06
-1.68e-05	-1.4e-05	-2.57775e-06
-1.54e-05	-1.4e-05	-4.27118e-06
-1.4e-05	-1.4e-05	-6.94677e-06
-1.26e-05	-1.4e-05	-1.10427e-05
-1.12e-05	-1.4e-05	-1.70521e-05
-9.8e-06	-1.4e-05	-2.53922e-05
-8.4e-06	-1.4e-05	-3.6172e-05
-7e-06	-1.4e-05	-4.89156e-05
-5.6e-06	-1.4e-05	-6.24056e-05
-4.2e-06	-1.4e-05	-7.48343e-05
-2.8e-06	-1.4e-05	-8.42342e-05
-1.4e-06	-1.4e-05	-8.89668e-05
0	-1.4e-05	-8.81191e-05
1.4e-06	-1.4e-05	-8.17529e-05
2.8e-06	-1.4e-05	-7.09556e-05
4.2e-06	-1.4e-05	-5.76153e-05
5.6e-06	-1.4e-05	-4.38931e-05
7e-06	-1.4e-05	-3.15667e-05
8.4e-06	-1.4e-05	-2.16074e-05
9.8e-06	-1.4e-05	-1.42013e-05
1.12e-05	-1.4e-05	-9.03623e-06
1.26e-05	-1.4e-05	-5.60637e-06
1.4e-05	-1.4e-05	-3.41084e-06
1.54e-05	-1.4e-05	-2.04252e-06
1.68e-05	-1.4e-05	-1.20538e-06
1.82e-05	-1.4e-05	-6.99322e-07
1.96e-05	-1.4e-05	-3.9601e-07
2.1e-05	-1.4e-05	-2.16461e-07
2.24e-05	-1.4e-05	-1.13113e-07
2.38e-05	-1.4e-05	-5.65496e-08
2.52e-05	-1.4e-05	-2.78059e-08
2.66e-05	-1.4e-05	-1.51462e-08

-2.66e-05	-1.54e-05	-1.75251e-08
-2.52e-05	-1.54e-05	-3.22767e-08
-2.38e-05	-1.54e-05	-6.16934e-08
-2.24e-05	-1.54e-05	-1.14821e-07
-2.1e-05	-1.54e-05	-2.06205e-07
-1.96e-05	-1.54e-05	-3.59213e-07
-1.82e-05	-1.54e-05	-6.11336e-07
-1.68e-05	-1.54e-05	-1.02089e-06
-1.54e-05	-1.54e-05	-1.67403e-06
-1.4e-05	-1.54e-05	-2.6895e-06
-1.26e-05	-1.54e-05	-4.21531e-06
-1.12e-05	-1.54e-05	-6.40847e-06
-9.8e-06	-1.54e-05	-9.38813e-06
-8.4e-06	-1.54e-05	-1.31615e-05
-7e-06	-1.54e-05	-1.75439e-05
-5.6e-06	-1.54e-05	-2.21212e-05
-4.2e-06	-1.54e-05	-2.63008e-05
-2.8e-06	-1.54e-05	-2.94425e-05
-1.4e-06	-1.54e-05	-3.10141e-05
0	-1.54e-05	-3.07222e-05
1.4e-06	-1.54e-05	-2.85928e-05
2.8e-06	-1.54e-05	-2.49824e-05
4.2e-06	-1.54e-05	-2.04984e-05
5.6e-06	-1.54e-05	-1.58342e-05
7e-06	-1.54e-05	-1.15725e-05
8.4e-06	-1.54e-05	-8.0568e-06
9.8e-06	-1.54e-05	-5.38338e-06
1.12e-05	-1.54e-05	-3.47771e-06
1.26e-05	-1.54e-05	-2.18648e-06
1.4e-05	-1.54e-05	-1.3452e-06
1.54e-05	-1.54e-05	-8.13064e-07
1.68e-05	-1.54e-05	-4.83661e-07
1.82e-05	-1.54e-05	-2.82834e-07
1.96e-05	-1.54e-05	-1.61805e-07
2.1e-05	-1.54e-05	-8.98503e-08
2.24e-05	-1.54e-05	-4.80874e-08
2.38e-05	-1.54e-05	-2.48272e-08
2.52e-05	-1.54e-05	-1.26924e-08
2.66e-05	-1.54e-05	-7.16983e-09

-2.66e-05	-1.68e-05	-7.92314e-09
-2.52e-05	-1.68e-05	-1.39806e-08
-2.38e-05	-1.68e-05	-2.59291e-08
-2.24e-05	-1.68e-05	-4.72558e-08
-2.1e-05	-1.68e-05	-8.36435e-08
-1.96e-05	-1.68e-05	-1.44167e-07
-1.82e-05	-1.68e-05	-2.43094e-07
-1.68e-05	-1.68e-05	-4.02068e-07
-1.54e-05	-1.68e-05	-6.52177e-07
-1.4e-05	-1.68e-05	-1.03484e-06
-1.26e-05	-1.68e-05	-1.59958e-06
-1.12e-05	-1.68e-05	-2.39582e-06
-9.8e-06	-1.68e-05	-3.45672e-06
-8.4e-06	-1.68e-05	-4.77568e-06
-7e-06	-1.68e-05	-6.28335e-06
-5.6e-06	-1.68e-05	-7.83887e-06
-4.2e-06	-1.68e-05	-9.24701e-06
-2.8e-06	-1.68e-05	-1.02991e-05
-1.4e-06	-1.68e-05	-1.08222e-05
0	-1.68e-05	-1.07221e-05
1.4e-06	-1.68e-05	-1.00088e-05
2.8e-06	-1.68e-05	-8.79867e-06
4.2e-06	-1.68e-05	-7.28782e-06
5.6e-06	-1.68e-05	-5.69997e-06
7e-06	-1.68e-05	-4.22709e-06
8.4e-06	-1.68e-05	-2.98927e-06
9.8e-06	-1.68e-05	-2.02877e-06
1.12e-05	-1.68e-05	-1.33005e-06
1.26e-05	-1.68e-05	-8.47405e-07
1.4e-05	-1.68e-05	-5.27428e-07
1.54e-05	-1.68e-05	-3.2196e-07
1.68e-05	-1.68e-05	-1.93182e-07
1.82e-05	-1.68e-05	-1.13913e-07
1.96e-05	-1.68e-05	-6.58086e-08
2.1e-05	-1.68e-05	-3.7045e-08
2.24e-05	-1.68e-05	-2.02178e-08
2.38e-05	-1.68e-05	-1.07159e-08
2.52e-05	-1.68e-05	-5.65773e-09
2.66e-05	-1.68e-05	-3.29526e-09

-2.66e-05	-1.82e-05	-3.51335e-09
-2.52e-05	-1.82e-05	-5.97556e-09
-2.38e-05	-1.82e-05	-1.07984e-08
-2.24e-05	-1.82e-05	-1.93255e-08
-2.1e-05	-1.82e-05	-3.37594e-08
-1.96e-05	-1.82e-05	-5.75853e-08
-1.82e-05	-1.82e-05	-9.61763e-08
-1.68e-05	-1.82e-05	-1.57487e-07
-1.54e-05	-1.82e-05	-2.52626e-07
-1.4e-05	-1.82e-05	-3.95915e-07
-1.26e-05	-1.82e-05	-6.03763e-07
-1.12e-05	-1.82e-05	-8.91585e-07
-9.8e-06	-1.82e-05	-1.26826e-06
-8.4e-06	-1.82e-05	-1.7288e-06
-7e-06	-1.82e-05	-2.24771e-06
-5.6e-06	-1.82e-05	-2.77705e-06
-4.2e-06	-1.82e-05	-3.25231e-06
-2.8e-06	-1.82e-05	-3.60531e-06
-1.4e-06	-1.82e-05	-3.77987e-06
0	-1.82e-05	-3.74562e-06
1.4e-06	-1.82e-05	-3.50625e-06
2.8e-06	-1.82e-05	-3.09975e-06
4.2e-06	-1.82e-05	-2.58956e-06
5.6e-06	-1.82e-05	-2.04824e-06
7e-06	-1.82e-05	-1.53927e-06
8.4e-06	-1.82e-05	-1.10434e-06
9.8e-06	-1.82e-05	-7.60591e-07
1.12e-05	-1.82e-05	-5.05764e-07
1.26e-05	-1.82e-05	-3.26498e-07
1.4e-05	-1.82e-05	-2.05619e-07
1.54e-05	-1.82e-05	-1.2682e-07
1.68e-05	-1.82e-05	-7.67935e-08
1.82e-05	-1.82e-05	-4.56779e-08
1.96e-05	-1.82e-05	-2.66417e-08
2.1e-05	-1.82e-05	-1.51814e-08
2.24e-05	-1.82e-05	-8.42399e-09
2.38e-05	-1.82e-05	-4.56402e-09
2.52e-05	-1.82e-05	-2.47587e-09
2.66e-05	-1.82e-05	-1.47989e-09

-2.66e-05	-1.96e-05	-1.53355e-09
-2.52e-05	-1.96e-05	-2.5263e-09
-2.38e-05	-1.96e-05	-4.46202e-09
-2.24e-05	-1.96e-05	-7.85702e-09
-2.1e-05	-1.96e-05	-1.35581e-08
-1.96e-05	-1.96e-05	-2.28906e-08
-1.82e-05	-1.96e-05	-3.78587e-08
-1.68e-05	-1.96e-05	-6.13596e-08
-1.54e-05	-1.96e-05	-9.73294e-08
-1.4e-05	-1.96e-05	-1.50679e-07
-1.26e-05	-1.96e-05	-2.26804e-07
-1.12e-05	-1.96e-05	-3.30458e-07
-9.8e-06	-1.96e-05	-4.63893e-07
-8.4e-06	-1.96e-05	-6.24566e-07
-7e-06	-1.96e-05	-8.03238e-07
-5.6e-06	-1.96e-05	-9.83603e-07
-4.2e-06	-1.96e-05	-1.14428e-06
-2.8e-06	-1.96e-05	-1.26295e-06
-1.4e-06	-1.96e-05	-1.32134e-06
0	-1.96e-05	-1.30964e-06
1.4e-06	-1.96e-05	-1.22917e-06
2.8e-06	-1.96e-05	-1.09233e-06
4.2e-06	-1.96e-05	-9.19701e-07
5.6e-06	-1.96e-05	-7.34926e-07
7e-06	-1.96e-05	-5.59043e-07
8.4e-06	-1.96e-05	-4.06467e-07
9.8e-06	-1.96e-05	-2.83835e-07
1.12e-05	-1.96e-05	-1.91323e-07
1.26e-05	-1.96e-05	-1.25108e-07
1.4e-05	-1.96e-05	-7.97235e-08
1.54e-05	-1.96e-05	-4.96943e-08
1.68e-05	-1.96e-05	-3.03795e-08
1.82e-05	-1.96e-05	-1.82332e-08
1.96e-05	-1.96e-05	-1.07354e-08
2.1e-05	-1.96e-05	-6.18671e-09
2.24e-05	-1.96e-05	-3.48312e-09
2.38e-05	-1.96e-05	-1.92294e-09
2.52e-05	-1.96e-05	-1.06756e-09
2.66e-05	-1.96e-05	-6.52387e-10

-2.66e-05	-2.1e-05	-6.60586e-10
-2.52e-05	-2.1e-05	-1.05813e-09
-2.38e-05	-2.1e-05	-1.83095e-09
-2.24e-05	-2.1e-05	-3.17659e-09
-2.1e-05	-2.1e-05	-5.4181e-09
-1.96e-05	-2.1e-05	-9.055e-09
-1.82e-05	-2.1e-05	-1.48283e-08
-1.68e-05	-2.1e-05	-2.37846e-08
-1.54e-05	-2.1e-05	-3.73077e-08
-1.4e-05	-2.1e-05	-5.70694e-08
-1.26e-05	-2.1e-05	-8.48318e-08
-1.12e-05	-2.1e-05	-1.22043e-07
-9.8e-06	-2.1e-05	-1.6922e-07
-8.4e-06	-2.1e-05	-2.2524e-07
-7e-06	-2.1e-05	-2.86787e-07
-5.6e-06	-2.1e-05	-3.48317e-07
-4.2e-06	-2.1e-05	-4.0273e-07
-2.8e-06	-2.1e-05	-4.42699e-07
-1.4e-06	-2.1e-05	-4.62269e-07
0	-2.1e-05	-4.58278e-07
1.4e-06	-2.1e-05	-4.3118e-07
2.8e-06	-2.1e-05	-3.85023e-07
4.2e-06	-2.1e-05	-3.26506e-07
5.6e-06	-2.1e-05	-2.63358e-07
7e-06	-2.1e-05	-2.02573e-07
8.4e-06	-2.1e-05	-1.49117e-07
9.8e-06	-2.1e-05	-1.05485e-07
1.12e-05	-2.1e-05	-7.20315e-08
1.26e-05	-2.1e-05	-4.76943e-08
1.4e-05	-2.1e-05	-3.07497e-08
1.54e-05	-2.1e-05	-1.93734e-08
1.68e-05	-2.1e-05	-1.19597e-08
1.82e-05	-2.1e-05	-7.24438e-09
1.96e-05	-2.1e-05	-4.30555e-09
2.1e-05	-2.1e-05	-2.50775e-09
2.24e-05	-2.1e-05	-1.4304e-09
2.38e-05	-2.1e-05	-8.02792e-10
2.52e-05	-2.1e-05	-4.54687e-10
2.66e-05	-2.1e-05	-2.8318e-10

-2.66e-05	-2.24e-05	-2.81242e-10
-2.52e-05	-2.24e-05	-4.39425e-10
-2.38e-05	-2.24e-05	-7.46303e-10
-2.24e-05	-2.24e-05	-1.27705e-09
-2.1e-05	-2.24e-05	-2.15398e-09
-1.96e-05	-2.24e-05	-3.56374e-09
-1.82e-05	-2.24e-05	-5.77811e-09
-1.68e-05	-2.24e-05	-9.17224e-09
-1.54e-05	-2.24e-05	-1.42293e-08
-1.4e-05	-2.24e-05	-2.15147e-08
-1.26e-05	-2.24e-05	-3.15999e-08
-1.12e-05	-2.24e-05	-4.49198e-08
-9.8e-06	-2.24e-05	-6.15708e-08
-8.4e-06	-2.24e-05	-8.10897e-08
-7e-06	-2.24e-05	-1.02298e-07
-5.6e-06	-2.24e-05	-1.23309e-07
-4.2e-06	-2.24e-05	-1.41761e-07
-2.8e-06	-2.24e-05	-1.55246e-07
-1.4e-06	-2.24e-05	-1.6182e-07
0	-2.24e-05	-1.60458e-07
1.4e-06	-2.24e-05	-1.51318e-07
2.8e-06	-2.24e-05	-1.35722e-07
4.2e-06	-2.24e-05	-1.15855e-07
5.6e-06	-2.24e-05	-9.42533e-08
7e-06	-2.24e-05	-7.32454e-08
8.4e-06	-2.24e-05	-5.45378e-08
9.8e-06	-2.24e-05	-3.9051e-08
1.12e-05	-2.24e-05	-2.69968e-08
1.26e-05	-2.24e-05	-1.80923e-08
1.4e-05	-2.24e-05	-1.1799e-08
1.54e-05	-2.24e-05	-7.51351e-09
1.68e-05	-2.24e-05	-4.68434e-09
1.82e-05	-2.24e-05	-2.86407e-09
1.96e-05	-2.24e-05	-1.71816e-09
2.1e-05	-2.24e-05	-1.01095e-09
2.24e-05	-2.24e-05	-5.83568e-10
2.38e-05	-2.24e-05	-3.32331e-10
2.52e-05	-2.24e-05	-1.91496e-10
2.66e-05	-2.24e-05	-1.21144e-10

-2.66e-05	-2.38e-05	-1.18212e-10
-2.52e-05	-2.38e-05	-1.80637e-10
-2.38e-05	-2.38e-05	-3.01595e-10
-2.24e-05	-2.38e-05	-5.09472e-10
-2.1e-05	-2.38e-05	-8.50154e-10
-1.96e-05	-2.38e-05	-1.39275e-09
-1.82e-05	-2.38e-05	-2.23604e-09
-1.68e-05	-2.38e-05	-3.51343e-09
-1.54e-05	-2.38e-05	-5.39237e-09
-1.4e-05	-2.38e-05	-8.06278e-09
-1.26e-05	-2.38e-05	-1.17085e-08
-1.12e-05	-2.38e-05	-1.64581e-08
-9.8e-06	-2.38e-05	-2.23188e-08
-8.4e-06	-2.38e-05	-2.9108e-08
-7e-06	-2.38e-05	-3.64097e-08
-5.6e-06	-2.38e-05	-4.35833e-08
-4.2e-06	-2.38e-05	-4.98425e-08
-2.8e-06	-2.38e-05	-5.43947e-08
-1.4e-06	-2.38e-05	-5.66048e-08
0	-2.38e-05	-5.6141e-08
1.4e-06	-2.38e-05	-5.30564e-08
2.8e-06	-2.38e-05	-4.77834e-08
4.2e-06	-2.38e-05	-4.10362e-08
5.6e-06	-2.38e-05	-3.36482e-08
7e-06	-2.38e-05	-2.63955e-08
8.4e-06	-2.38e-05	-1.98627e-08
9.8e-06	-2.38e-05	-1.43841e-08
1.12e-05	-2.38e-05	-1.00601e-08
1.26e-05	-2.38e-05	-6.81986e-09
1.4e-05	-2.38e-05	-4.49719e-09
1.54e-05	-2.38e-05	-2.89392e-09
1.68e-05	-2.38e-05	-1.82201e-09
1.82e-05	-2.38e-05	-1.12441e-09
1.96e-05	-2.38e-05	-6.80761e-10
2.1e-05	-2.38e-05	-4.0446e-10
2.24e-05	-2.38e-05	-2.36041e-10
2.38e-05	-2.38e-05	-1.36126e-10
2.52e-05	-2.38e-05	-7.94704e-11
2.66e-05	-2.38e-05	-5.06461e-11

-2.66e-05	-2.52e-05	-4.83231e-11
-2.52e-05	-2.52e-05	-7.23962e-11
-2.38e-05	-2.52e-05	-1.19051e-10
-2.24e-05	-2.52e-05	-1.98776e-10
-2.1e-05	-2.52e-05	-3.28433e-10
-1.96e-05	-2.52e-05	-5.33091e-10
-1.82e-05	-2.52e-05	-8.47982e-10
-1.68e-05	-2.52e-05	-1.31971e-09
-1.54e-05	-2.52e-05	-2.00536e-09
-1.4e-05	-2.52e-05	-2.96779e-09
-1.26e-05	-2.52e-05	-4.2653e-09
-1.12e-05	-2.52e-05	-5.93493e-09
-9.8e-06	-2.52e-05	-7.97121e-09
-8.4e-06	-2.52e-05	-1.03052e-08
-7e-06	-2.52e-05	-1.27925e-08
-5.6e-06	-2.52e-05	-1.52177e-08
-4.2e-06	-2.52e-05	-1.73213e-08
-2.8e-06	-2.52e-05	-1.88445e-08
-1.4e-06	-2.52e-05	-1.95814e-08
0	-2.52e-05	-1.9425e-08
1.4e-06	-2.52e-05	-1.83931e-08
2.8e-06	-2.52e-05	-1.66262e-08
4.2e-06	-2.52e-05	-1.43558e-08
5.6e-06	-2.52e-05	-1.1854e-08
7e-06	-2.52e-05	-9.37732e-09
8.4e-06	-2.52e-05	-7.12362e-09
9.8e-06	-2.52e-05	-5.21159e-09
1.12e-05	-2.52e-05	-3.68354e-09
1.26e-05	-2.52e-05	-2.52359e-09
1.4e-05	-2.52e-05	-1.6813e-09
1.54e-05	-2.52e-05	-1.09257e-09
1.68e-05	-2.52e-05	-6.94281e-10
1.82e-05	-2.52e-05	-4.32249e-10
1.96e-05	-2.52e-05	-2.63968e-10
2.1e-05	-2.52e-05	-1.58229e-10
2.24e-05	-2.52e-05	-9.32142e-11
2.38e-05	-2.52e-05	-5.4224e-11
2.52e-05	-2.52e-05	-3.15963e-11
2.66e-05	-2.52e-05	-1.91885e-11

-2.66e-05	-2.66e-05	-1.72135e-11
-2.52e-05	-2.66e-05	-2.53691e-11
-2.38e-05	-2.66e-05	-4.12304e-11
-2.24e-05	-2.66e-05	-6.8224e-11
-2.1e-05	-2.66e-05	-1.11855e-10
-1.96e-05	-2.66e-05	-1.80232e-10
-1.82e-05	-2.66e-05	-2.84592e-10
-1.68e-05	-2.66e-05	-4.39554e-10
-1.54e-05	-2.66e-05	-6.6268e-10
-1.4e-05	-2.66e-05	-9.7283e-10
-1.26e-05	-2.66e-05	-1.38685e-09
-1.12e-05	-2.66e-05	-1.91451e-09
-9.8e-06	-2.66e-05	-2.55219e-09
-8.4e-06	-2.66e-05	-3.2771e-09
-7e-06	-2.66e-05	-4.04406e-09
-5.6e-06	-2.66e-05	-4.78744e-09
-4.2e-06	-2.66e-05	-5.42925e-09
-2.8e-06	-2.66e-05	-5.89235e-09
-1.4e-06	-2.66e-05	-6.11574e-09
0	-2.66e-05	-6.06792e-09
1.4e-06	-2.66e-05	-5.75429e-09
2.8e-06	-2.66e-05	-5.21643e-09
4.2e-06	-2.66e-05	-4.52305e-09
5.6e-06	-2.66e-05	-3.75515e-09
7e-06	-2.66e-05	-2.98996e-09
8.4e-06	-2.66e-05	-2.28812e-09
9.8e-06	-2.66e-05	-1.68729e-09
1.12e-05	-2.66e-05	-1.20243e-09
1.26e-05	-2.66e-05	-8.30625e-10
1.4e-05	-2.66e-05	-5.5789e-10
1.54e-05	-2.66e-05	-3.65365e-10
1.68e-05	-2.66e-05	-2.33892e-10
1.82e-05	-2.66e-05	-1.46644e-10
1.96e-05	-2.66e-05	-9.01663e-11
2.1e-05	-2.66e-05	-5.44163e-11
2.24e-05	-2.66e-05	-3.22546e-11
2.38e-05	-2.66e-05	-1.87209e-11
2.52e-05	-2.66e-05	-1.00734e-11
2.66e-05	-2.66e-05	-1.63597e-12
