
-2.66e-05	2.8e-05	-1.51761e-17
-2.52e-05	2.8e-05	-5.02241e-17
-2.38e-05	2.8e-05	6.31292e-17
-2.24e-05	2.8e-05	4.83452e-17
-2.1e-05	2.8e-05	-3.51621e-17
-1.96e-05	2.8e-05	-3.68295e-17
-1.82e-05	2.8e-05	6.11198e-17
-1.68e-05	2.8e-05	-1.37475e-17
-1.54e-05	2.8e-05	2.11124e-17
-1.4e-05	2.8e-05	1.49075e-17
-1.26e-05	2.8e-05	2.97196e-17
-1.12e-05	2.8e-05	1.37466e-17
-9.8e-06	2.8e-05	-3.92527e-17
-8.4e-06	2.8e-05	1.43188e-17
-7e-06	2.8e-05	-2.78916e-17
-5.6e-06	2.8e-05	-2.8857e-17
-4.2e-06	2.8e-05	6.37645e-17
-2.8e-06	2.8e-05	3.81085e-17
-1.4e-06	2.8e-05	5.0334e-18
0	2.8e-05	-8.97871e-18
1.4e-06	2.8e-05	-1.17552e-17
2.8e-06	2.8e-05	-3.08022e-17
4.2e-06	2.8e-05	-1.40876e-17
5.6e-06	2.8e-05	8.09203e-18
7e-06	2.8e-05	2.65621e-17
8.4e-06	2.8e-05	-2.11167e-18
9.8e-06	2.8e-05	-5.95247e-19
1.12e-05	2.8e-05	-3.05073e-17
1.26e-05	2.8e-05	-1.36172e-17
1.4e-05	2.8e-05	-1.00387e-17
1.54e-05	2.8e-05	-2.2748e-17
1.68e-05	2.8e-05	-1.86968e-17
1.82e-05	2.8e-05	-5.67603e-18
1.96e-05	2.8e-05	-4.59348e-18
2.1e-05	2.8e-05	-6.30781e-17
2.24e-05	2.8e-05	-2.63721e-17
2.38e-05	2.8e-05	3.89534e-18
2.52e-05	2.8e-05	8.54688e-17
2.66e-05	2.8e-05	-1.68152e-17

-2.66e-05	2.66e-05	3.69502e-18
-2.52e-05	2.66e-05	-1.72683e-17
-2.38e-05	2.66e-05	9.16543e-17
-2.24e-05	2.66e-05	1.67831e-16
-2.1e-05	2.66e-05	-7.97977e-17
-1.96e-05	2.66e-05	-2.4535e-16
-1.82e-05	2.66e-05	6.01765e-17
-1.68e-05	2.66e-05	-5.05647e-16
-1.54e-05	2.66e-05	-4.60634e-16
-1.4e-05	2.66e-05	4.97604e-16
-1.26e-05	2.66e-05	3.57606e-16
-1.12e-05	2.66e-05	-6.82027e-16
-9.8e-06	2.66e-05	-3.85322e-16
-8.4e-06	2.66e-05	6.11406e-17
-7e-06	2.66e-05	-6.41571e-17
-5.6e-06	2.66e-05	-8.18102e-17
-4.2e-06	2.66e-05	1.06023e-16
-2.8e-06	2.66e-05	-1.46573e-17
-1.4e-06	2.66e-05	2.28775e-16
0	2.66e-05	3.22438e-17
1.4e-06	2.66e-05	-3.54791e-17
2.8e-06	2.66e-05	1.7344e-16
4.2e-06	2.66e-05	1.09696e-17
5.6e-06	2.66e-05	-2.43825e-17
7e-06	2.66e-05	6.16782e-17
8.4e-06	2.66e-05	8.17029e-17
9.8e-06	2.66e-05	-1.28086e-17
1.12e-05	2.66e-05	-2.95008e-17
1.26e-05	2.66e-05	-1.34752e-17
1.4e-05	2.66e-05	1.11447e-18
1.54e-05	2.66e-05	-1.55568e-17
1.68e-05	2.66e-05	-1.54477e-17
1.82e-05	2.66e-05	8.81119e-18
1.96e-05	2.66e-05	-4.73736e-18
2.1e-05	2.66e-05	1.24296e-17
2.24e-05	2.66e-05	-4.10046e-17
2.38e-05	2.66e-05	5.18056e-17
2.52e-05	2.66e-05	7.84117e-17
2.66e-05	2.66e-05	7.14023e-17

-2.66e-05	2.52e-05	8.48034e-17
-2.52e-05	2.52e-05	1.95819e-16
-2.38e-05	2.52e-05	1.18283e-16
-2.24e-05	2.52e-05	-9.05998e-17
-2.1e-05	2.52e-05	-1.70758e-17
-1.96e-05	2.52e-05	-5.30217e-17
-1.82e-05	2.52e-05	9.10911e-17
-1.68e-05	2.52e-05	-3.64858e-17
-1.54e-05	2.52e-05	-2.52373e-17
-1.4e-05	2.52e-05	2.82875e-17
-1.26e-05	2.52e-05	1.65488e-17
-1.12e-05	2.52e-05	-2.17276e-17
-9.8e-06	2.52e-05	-3.70193e-17
-8.4e-06	2.52e-05	1.39669e-17
-7e-06	2.52e-05	-3.24519e-19
-5.6e-06	2.52e-05	1.20445e-17
-4.2e-06	2.52e-05	-5.3041e-18
-2.8e-06	2.52e-05	1.44818e-17
-1.4e-06	2.52e-05	1.27433e-17
0	2.52e-05	-2.35945e-18
1.4e-06	2.52e-05	-4.28723e-18
2.8e-06	2.52e-05	1.31626e-17
4.2e-06	2.52e-05	6.97821e-18
5.6e-06	2.52e-05	-1.05562e-17
7e-06	2.52e-05	1.38325e-17
8.4e-06	2.52e-05	3.15702e-18
9.8e-06	2.52e-05	1.54072e-17
1.12e-05	2.52e-05	2.88212e-19
1.26e-05	2.52e-05	5.06868e-18
1.4e-05	2.52e-05	-1.57754e-17
1.54e-05	2.52e-05	-5.74366e-19
1.68e-05	2.52e-05	-1.52009e-17
1.82e-05	2.52e-05	-1.69713e-17
1.96e-05	2.52e-05	2.68029e-17
2.1e-05	2.52e-05	-3.96004e-17
2.24e-05	2.52e-05	-7.30391e-18
2.38e-05	2.52e-05	-7.2491e-17
2.52e-05	2.52e-05	6.99224e-17
2.66e-05	2.52e-05	4.06188e-17

-2.66e-05	2.38e-05	7.49303e-17
-2.52e-05	2.38e-05	1.21091e-16
-2.38e-05	2.38e-05	-1.41442e-16
-2.24e-05	2.38e-05	-6.44809e-17
-2.1e-05	2.38e-05	-8.22589e-17
-1.96e-05	2.38e-05	8.2708e-17
-1.82e-05	2.38e-05	-9.60863e-18
-1.68e-05	2.38e-05	-9.51297e-18
-1.54e-05	2.38e-05	-5.00118e-18
-1.4e-05	2.38e-05	-5.0566e-17
-1.26e-05	2.38e-05	-2.19779e-17
-1.12e-05	2.38e-05	2.58172e-17
-9.8e-06	2.38e-05	2.88662e-17
-8.4e-06	2.38e-05	4.53621e-18
-7e-06	2.38e-05	4.25934e-18
-5.6e-06	2.38e-05	-2.75668e-17
-4.2e-06	2.38e-05	1.36883e-19
-2.8e-06	2.38e-05	-1.76905e-17
-1.4e-06	2.38e-05	-2.11179e-17
0	2.38e-05	-1.3405e-17
1.4e-06	2.38e-05	-1.23715e-17
2.8e-06	2.38e-05	-9.84739e-18
4.2e-06	2.38e-05	-3.09482e-18
5.6e-06	2.38e-05	1.78262e-17
7e-06	2.38e-05	1.74827e-18
8.4e-06	2.38e-05	6.05487e-18
9.8e-06	2.38e-05	-4.77192e-18
1.12e-05	2.38e-05	3.1456e-17
1.26e-05	2.38e-05	9.37115e-18
1.4e-05	2.38e-05	5.8965e-18
1.54e-05	2.38e-05	-2.06643e-17
1.68e-05	2.38e-05	-1.54756e-17
1.82e-05	2.38e-05	-7.47835e-18
1.96e-05	2.38e-05	-8.68421e-18
2.1e-05	2.38e-05	5.69734e-17
2.24e-05	2.38e-05	-4.61469e-17
2.38e-05	2.38e-05	-1.4233e-17
2.52e-05	2.38e-05	-1.0583e-16
2.66e-05	2.38e-05	2.38311e-17

-2.66e-05	2.24e-05	8.62842e-18
-2.52e-05	2.24e-05	-1.27811e-16
-2.38e-05	2.24e-05	-5.12985e-17
-2.24e-05	2.24e-05	-9.8152e-17
-2.1e-05	2.24e-05	9.68293e-17
-1.96e-05	2.24e-05	5.38179e-19
-1.82e-05	2.24e-05	3.24653e-17
-1.68e-05	2.24e-05	-4.02686e-17
-1.54e-05	2.24e-05	-6.15455e-17
-1.4e-05	2.24e-05	4.16082e-18
-1.26e-05	2.24e-05	1.8045e-17
-1.12e-05	2.24e-05	5.56143e-18
-9.8e-06	2.24e-05	-2.65317e-17
-8.4e-06	2.24e-05	-2.00934e-17
-7e-06	2.24e-05	-8.32514e-17
-5.6e-06	2.24e-05	-1.7699e-16
-4.2e-06	2.24e-05	-2.9196e-16
-2.8e-06	2.24e-05	-3.3856e-16
-1.4e-06	2.24e-05	-3.69138e-16
0	2.24e-05	-3.64182e-16
1.4e-06	2.24e-05	-2.95093e-16
2.8e-06	2.24e-05	-1.96063e-16
4.2e-06	2.24e-05	-8.45595e-17
5.6e-06	2.24e-05	-5.05711e-17
7e-06	2.24e-05	9.15535e-18
8.4e-06	2.24e-05	6.1974e-18
9.8e-06	2.24e-05	2.27612e-17
1.12e-05	2.24e-05	-2.40914e-18
1.26e-05	2.24e-05	1.46085e-17
1.4e-05	2.24e-05	-3.01882e-19
1.54e-05	2.24e-05	8.67451e-19
1.68e-05	2.24e-05	-3.47119e-17
1.82e-05	2.24e-05	-2.72001e-17
1.96e-05	2.24e-05	8.76887e-18
2.1e-05	2.24e-05	7.04009e-18
2.24e-05	2.24e-05	6.11384e-17
2.38e-05	2.24e-05	-5.00784e-17
2.52e-05	2.24e-05	2.16281e-17
2.66e-05	2.24e-05	-9.41128e-17

-2.66e-05	2.1e-05	-1.23709e-16
-2.52e-05	2.1e-05	2.0119e-17
-2.38e-05	2.1e-05	-7.21344e-17
-2.24e-05	2.1e-05	1.13047e-16
-2.1e-05	2.1e-05	-6.61428e-18
-1.96e-05	2.1e-05	6.68567e-17
-1.82e-05	2.1e-05	-5.97453e-17
-1.68e-05	2.1e-05	-7.41702e-17
-1.54e-05	2.1e-05	1.63685e-17
-1.4e-05	2.1e-05	-2.84507e-17
-1.26e-05	2.1e-05	-4.26491e-17
-1.12e-05	2.1e-05	1.40517e-17
-9.8e-06	2.1e-05	-8.15081e-17
-8.4e-06	2.1e-05	-4.95122e-16
-7e-06	2.1e-05	-1.71669e-15
-5.6e-06	2.1e-05	-3.76079e-15
-4.2e-06	2.1e-05	-5.62973e-15
-2.8e-06	2.1e-05	-6.9227e-15
-1.4e-06	2.1e-05	-7.43549e-15
0	2.1e-05	-7.00656e-15
1.4e-06	2.1e-05	-5.80145e-15
2.8e-06	2.1e-05	-3.9702e-15
4.2e-06	2.1e-05	-2.00741e-15
5.6e-06	2.1e-05	-6.28672e-16
7e-06	2.1e-05	-1.57932e-16
8.4e-06	2.1e-05	-1.36599e-17
9.8e-06	2.1e-05	-1.18299e-17
1.12e-05	2.1e-05	3.70985e-17
1.26e-05	2.1e-05	1.0373e-17
1.4e-05	2.1e-05	-6.07122e-19
1.54e-05	2.1e-05	-5.99164e-18
1.68e-05	2.1e-05	-3.39117e-18
1.82e-05	2.1e-05	-4.51249e-17
1.96e-05	2.1e-05	-2.54748e-17
2.1e-05	2.1e-05	5.72133e-19
2.24e-05	2.1e-05	-3.14461e-19
2.38e-05	2.1e-05	7.61484e-17
2.52e-05	2.1e-05	-2.71808e-17
2.66e-05	2.1e-05	9.17798e-17

-2.66e-05	1.96e-05	9.15577e-17
-2.52e-05	1.96e-05	-2.29519e-17
-2.38e-05	1.96e-05	1.12337e-16
-2.24e-05	1.96e-05	1.97184e-17
-2.1e-05	1.96e-05	4.21996e-17
-1.96e-05	1.96e-05	-6.37633e-17
-1.82e-05	1.96e-05	-9.53408e-17
-1.68e-05	1.96e-05	-8.22126e-18
-1.54e-05	1.96e-05	-5.42609e-17
-1.4e-05	1.96e-05	-5.17621e-17
-1.26e-05	1.96e-05	2.02255e-17
-1.12e-05	1.96e-05	-2.99138e-16
-9.8e-06	1.96e-05	-2.00786e-15
-8.4e-06	1.96e-05	-9.50538e-15
-7e-06	1.96e-05	-3.28582e-14
-5.6e-06	1.96e-05	-7.25835e-14
-4.2e-06	1.96e-05	-1.10352e-13
-2.8e-06	1.96e-05	-1.36009e-13
-1.4e-06	1.96e-05	-1.45393e-13
0	1.96e-05	-1.37424e-13
1.4e-06	1.96e-05	-1.13357e-13
2.8e-06	1.96e-05	-7.74532e-14
4.2e-06	1.96e-05	-3.85138e-14
5.6e-06	1.96e-05	-1.17735e-14
7e-06	1.96e-05	-2.52929e-15
8.4e-06	1.96e-05	-4.35321e-16
9.8e-06	1.96e-05	-2.2663e-17
1.12e-05	1.96e-05	-3.14836e-17
1.26e-05	1.96e-05	2.73202e-17
1.4e-05	1.96e-05	2.05764e-17
1.54e-05	1.96e-05	-3.41317e-18
1.68e-05	1.96e-05	-1.61241e-17
1.82e-05	1.96e-05	2.17507e-18
1.96e-05	1.96e-05	-5.77804e-17
2.1e-05	1.96e-05	-2.63207e-17
2.24e-05	1.96e-05	-2.36709e-17
2.38e-05	1.96e-05	-2.84164e-17
2.52e-05	1.96e-05	3.74845e-17
2.66e-05	1.96e-05	-2.85622e-17

-2.66e-05	1.82e-05	-3.5114e-17
-2.52e-05	1.82e-05	5.37135e-17
-2.38e-05	1.82e-05	-4.85806e-17
-2.24e-05	1.82e-05	-2.69871e-18
-2.1e-05	1.82e-05	-6.18275e-17
-1.96e-05	1.82e-05	-9.64417e-17
-1.82e-05	1.82e-05	-1.31297e-17
-1.68e-05	1.82e-05	-5.25132e-17
-1.54e-05	1.82e-05	-1.9829e-17
-1.4e-05	1.82e-05	-2.08825e-17
-1.26e-05	1.82e-05	-6.97142e-16
-1.12e-05	1.82e-05	-5.23085e-15
-9.8e-06	1.82e-05	-3.31632e-14
-8.4e-06	1.82e-05	-1.69221e-13
-7e-06	1.82e-05	-6.22807e-13
-5.6e-06	1.82e-05	-1.4148e-12
-4.2e-06	1.82e-05	-2.15955e-12
-2.8e-06	1.82e-05	-2.6629e-12
-1.4e-06	1.82e-05	-2.84672e-12
0	1.82e-05	-2.68994e-12
1.4e-06	1.82e-05	-2.21789e-12
2.8e-06	1.82e-05	-1.51002e-12
4.2e-06	1.82e-05	-7.37705e-13
5.6e-06	1.82e-05	-2.11556e-13
7e-06	1.82e-05	-4.27835e-14
8.4e-06	1.82e-05	-6.79819e-15
9.8e-06	1.82e-05	-9.25913e-16
1.12e-05	1.82e-05	-6.10758e-17
1.26e-05	1.82e-05	-1.17158e-17
1.4e-05	1.82e-05	2.76461e-18
1.54e-05	1.82e-05	2.30491e-17
1.68e-05	1.82e-05	7.94529e-18
1.82e-05	1.82e-05	-2.15033e-17
1.96e-05	1.82e-05	-3.72611e-18
2.1e-05	1.82e-05	-7.05861e-17
2.24e-05	1.82e-05	-8.38934e-18
2.38e-05	1.82e-05	-5.7614e-17
2.52e-05	1.82e-05	-4.36671e-17
2.66e-05	1.82e-05	-2.35783e-17

-2.66e-05	1.68e-05	-2.77134e-17
-2.52e-05	1.68e-05	-5.91922e-17
-2.38e-05	1.68e-05	-6.14433e-17
-2.24e-05	1.68e-05	-3.45364e-17
-2.1e-05	1.68e-05	-1.08331e-16
-1.96e-05	1.68e-05	5.585e-18
-1.82e-05	1.68e-05	-5.46636e-17
-1.68e-05	1.68e-05	-4.12714e-18
-1.54e-05	1.68e-05	-5.82022e-17
-1.4e-05	1.68e-05	-1.08678e-15
-1.26e-05	1.68e-05	-9.57737e-15
-1.12e-05	1.68e-05	-7.76381e-14
-9.8e-06	1.68e-05	-5.37313e-13
-8.4e-06	1.68e-05	-2.97447e-12
-7e-06	1.68e-05	-1.17803e-11
-5.6e-06	1.68e-05	-2.75751e-11
-4.2e-06	1.68e-05	-4.22627e-11
-2.8e-06	1.68e-05	-5.21347e-11
-1.4e-06	1.68e-05	-5.57325e-11
0	1.68e-05	-5.26566e-11
1.4e-06	1.68e-05	-4.33916e-11
2.8e-06	1.68e-05	-2.94468e-11
4.2e-06	1.68e-05	-1.41071e-11
5.6e-06	1.68e-05	-3.75888e-12
7e-06	1.68e-05	-6.98951e-13
8.4e-06	1.68e-05	-1.02897e-13
9.8e-06	1.68e-05	-1.28109e-14
1.12e-05	1.68e-05	-1.44274e-15
1.26e-05	1.68e-05	-1.01402e-16
1.4e-05	1.68e-05	-2.3754e-18
1.54e-05	1.68e-05	-4.73571e-19
1.68e-05	1.68e-05	2.65769e-17
1.82e-05	1.68e-05	7.42442e-18
1.96e-05	1.68e-05	-2.57594e-17
2.1e-05	1.68e-05	1.61554e-17
2.24e-05	1.68e-05	-7.99436e-17
2.38e-05	1.68e-05	1.25744e-17
2.52e-05	1.68e-05	-8.42331e-17
2.66e-05	1.68e-05	1.35021e-18

-2.66e-05	1.54e-05	7.95946e-19
-2.52e-05	1.54e-05	-9.78736e-17
-2.38e-05	1.54e-05	2.74215e-17
-2.24e-05	1.54e-05	-1.06948e-16
-2.1e-05	1.54e-05	2.00477e-17
-1.96e-05	1.54e-05	-4.11184e-17
-1.82e-05	1.54e-05	-2.0751e-17
-1.68e-05	1.54e-05	-5.42751e-17
-1.54e-05	1.54e-05	-1.25407e-15
-1.4e-05	1.54e-05	-1.28664e-14
-1.26e-05	1.54e-05	-1.2691e-13
-1.12e-05	1.54e-05	-1.11926e-12
-9.8e-06	1.54e-05	-8.4715e-12
-8.4e-06	1.54e-05	-5.14926e-11
-7e-06	1.54e-05	-2.2221e-10
-5.6e-06	1.54e-05	-5.37662e-10
-4.2e-06	1.54e-05	-8.27167e-10
-2.8e-06	1.54e-05	-1.02072e-09
-1.4e-06	1.54e-05	-1.09112e-09
0	1.54e-05	-1.03079e-09
1.4e-06	1.54e-05	-8.48997e-10
2.8e-06	1.54e-05	-5.74368e-10
4.2e-06	1.54e-05	-2.6949e-10
5.6e-06	1.54e-05	-6.58327e-11
7e-06	1.54e-05	-1.11299e-11
8.4e-06	1.54e-05	-1.49445e-12
9.8e-06	1.54e-05	-1.71379e-13
1.12e-05	1.54e-05	-1.74982e-14
1.26e-05	1.54e-05	-1.65869e-15
1.4e-05	1.54e-05	-1.11262e-16
1.54e-05	1.54e-05	6.83098e-18
1.68e-05	1.54e-05	9.05446e-18
1.82e-05	1.54e-05	3.90124e-17
1.96e-05	1.54e-05	-1.72901e-17
2.1e-05	1.54e-05	1.90915e-19
2.24e-05	1.54e-05	-7.47273e-18
2.38e-05	1.54e-05	-4.55827e-17
2.52e-05	1.54e-05	-3.46841e-18
2.66e-05	1.54e-05	-7.11851e-17

-2.66e-05	1.4e-05	-8.45045e-17
-2.52e-05	1.4e-05	-1.65842e-17
-2.38e-05	1.4e-05	-6.781e-17
-2.24e-05	1.4e-05	-2.61006e-17
-2.1e-05	1.4e-05	6.66608e-18
-1.96e-05	1.4e-05	-5.39606e-17
-1.82e-05	1.4e-05	2.96955e-18
-1.68e-05	1.4e-05	-1.03027e-15
-1.54e-05	1.4e-05	-1.27082e-14
-1.4e-05	1.4e-05	-1.47826e-13
-1.26e-05	1.4e-05	-1.59e-12
-1.12e-05	1.4e-05	-1.53972e-11
-9.8e-06	1.4e-05	-1.29065e-10
-8.4e-06	1.4e-05	-8.73907e-10
-7e-06	1.4e-05	-4.17862e-09
-5.6e-06	1.4e-05	-1.04877e-08
-4.2e-06	1.4e-05	-1.61911e-08
-2.8e-06	1.4e-05	-1.99844e-08
-1.4e-06	1.4e-05	-2.13619e-08
0	1.4e-05	-2.01787e-08
1.4e-06	1.4e-05	-1.66127e-08
2.8e-06	1.4e-05	-1.12063e-08
4.2e-06	1.4e-05	-5.1422e-09
5.6e-06	1.4e-05	-1.13163e-09
7e-06	1.4e-05	-1.71367e-10
8.4e-06	1.4e-05	-2.07416e-11
9.8e-06	1.4e-05	-2.16128e-12
1.12e-05	1.4e-05	-2.02295e-13
1.26e-05	1.4e-05	-1.74752e-14
1.4e-05	1.4e-05	-1.42614e-15
1.54e-05	1.4e-05	-8.10341e-17
1.68e-05	1.4e-05	-9.15091e-18
1.82e-05	1.4e-05	4.08989e-17
1.96e-05	1.4e-05	1.90169e-17
2.1e-05	1.4e-05	1.29835e-17
2.24e-05	1.4e-05	3.67957e-17
2.38e-05	1.4e-05	-1.29303e-17
2.52e-05	1.4e-05	2.97753e-17
2.66e-05	1.4e-05	-2.1613e-17

-2.66e-05	1.26e-05	-2.87689e-17
-2.52e-05	1.26e-05	3.36514e-17
-2.38e-05	1.26e-05	-2.86075e-17
-2.24e-05	1.26e-05	5.89535e-17
-2.1e-05	1.26e-05	-2.1112e-17
-1.96e-05	1.26e-05	1.85729e-17
-1.82e-05	1.26e-05	-6.10754e-16
-1.68e-05	1.26e-05	-9.23473e-15
-1.54e-05	1.26e-05	-1.23366e-13
-1.4e-05	1.26e-05	-1.56643e-12
-1.26e-05	1.26e-05	-1.85266e-11
-1.12e-05	1.26e-05	-1.99407e-10
-9.8e-06	1.26e-05	-1.87832e-09
-8.4e-06	1.26e-05	-1.44379e-08
-7e-06	1.26e-05	-7.82949e-08
-5.6e-06	1.26e-05	-2.04675e-07
-4.2e-06	1.26e-05	-3.16957e-07
-2.8e-06	1.26e-05	-3.91275e-07
-1.4e-06	1.26e-05	-4.18223e-07
0	1.26e-05	-3.95021e-07
1.4e-06	1.26e-05	-3.25092e-07
2.8e-06	1.26e-05	-2.18708e-07
4.2e-06	1.26e-05	-9.79972e-08
5.6e-06	1.26e-05	-1.89611e-08
7e-06	1.26e-05	-2.52248e-09
8.4e-06	1.26e-05	-2.7111e-10
9.8e-06	1.26e-05	-2.53736e-11
1.12e-05	1.26e-05	-2.15485e-12
1.26e-05	1.26e-05	-1.70276e-13
1.4e-05	1.26e-05	-1.27485e-14
1.54e-05	1.26e-05	-9.07775e-16
1.68e-05	1.26e-05	-4.29509e-17
1.82e-05	1.26e-05	-2.6674e-17
1.96e-05	1.26e-05	5.40466e-17
2.1e-05	1.26e-05	-1.80544e-17
2.24e-05	1.26e-05	4.88763e-17
2.38e-05	1.26e-05	-8.38401e-18
2.52e-05	1.26e-05	3.80705e-17
2.66e-05	1.26e-05	8.50063e-18

-2.66e-05	1.12e-05	6.8642e-18
-2.52e-05	1.12e-05	3.33481e-17
-2.38e-05	1.12e-05	1.00996e-17
-2.24e-05	1.12e-05	3.8871e-17
-2.1e-05	1.12e-05	-2.62906e-17
-1.96e-05	1.12e-05	-2.70066e-16
-1.82e-05	1.12e-05	-4.86935e-15
-1.68e-05	1.12e-05	-7.30893e-14
-1.54e-05	1.12e-05	-1.06718e-12
-1.4e-05	1.12e-05	-1.48937e-11
-1.26e-05	1.12e-05	-1.95927e-10
-1.12e-05	1.12e-05	-2.37684e-09
-9.8e-06	1.12e-05	-2.56348e-08
-8.4e-06	1.12e-05	-2.295e-07
-7e-06	1.12e-05	-1.46077e-06
-5.6e-06	1.12e-05	-3.99666e-06
-4.2e-06	1.12e-05	-6.20536e-06
-2.8e-06	1.12e-05	-7.66084e-06
-1.4e-06	1.12e-05	-8.18799e-06
0	1.12e-05	-7.73309e-06
1.4e-06	1.12e-05	-6.36212e-06
2.8e-06	1.12e-05	-4.26995e-06
4.2e-06	1.12e-05	-1.86503e-06
5.6e-06	1.12e-05	-3.06186e-07
7e-06	1.12e-05	-3.48529e-08
8.4e-06	1.12e-05	-3.26277e-09
9.8e-06	1.12e-05	-2.70338e-10
1.12e-05	1.12e-05	-2.06038e-11
1.26e-05	1.12e-05	-1.47782e-12
1.4e-05	1.12e-05	-1.01249e-13
1.54e-05	1.12e-05	-6.71717e-15
1.68e-05	1.12e-05	-4.28809e-16
1.82e-05	1.12e-05	-1.66152e-17
1.96e-05	1.12e-05	-9.16932e-18
2.1e-05	1.12e-05	2.29093e-17
2.24e-05	1.12e-05	-1.45875e-17
2.38e-05	1.12e-05	3.5724e-17
2.52e-05	1.12e-05	-7.93917e-18
2.66e-05	1.12e-05	3.47253e-17

-2.66e-05	9.8e-06	4.01712e-17
-2.52e-05	9.8e-06	-7.67301e-18
-2.38e-05	9.8e-06	1.97084e-17
-2.24e-05	9.8e-06	-2.19784e-17
-2.1e-05	9.8e-06	-1.6822e-16
-1.96e-05	9.8e-06	-1.90503e-15
-1.82e-05	9.8e-06	-3.02093e-14
-1.68e-05	9.8e-06	-4.91533e-13
-1.54e-05	9.8e-06	-7.86355e-12
-1.4e-05	9.8e-06	-1.21789e-10
-1.26e-05	9.8e-06	-1.80397e-09
-1.12e-05	9.8e-06	-2.50939e-08
-9.8e-06	9.8e-06	-3.17629e-07
-8.4e-06	9.8e-06	-3.43551e-06
-7e-06	9.8e-06	-2.71155e-05
-5.6e-06	9.8e-06	-7.80942e-05
-4.2e-06	9.8e-06	-0.000121498
-2.8e-06	9.8e-06	-0.000149994
-1.4e-06	9.8e-06	-0.000160305
0	9.8e-06	-0.000151387
1.4e-06	9.8e-06	-0.000124516
2.8e-06	9.8e-06	-8.33972e-05
4.2e-06	9.8e-06	-3.54412e-05
5.6e-06	9.8e-06	-4.66696e-06
7e-06	9.8e-06	-4.37687e-07
8.4e-06	9.8e-06	-3.47852e-08
9.8e-06	9.8e-06	-2.50601e-09
1.12e-05	9.8e-06	-1.69199e-10
1.26e-05	9.8e-06	-1.09119e-11
1.4e-05	9.8e-06	-6.80615e-13
1.54e-05	9.8e-06	-4.16373e-14
1.68e-05	9.8e-06	-2.60086e-15
1.82e-05	9.8e-06	-2.22549e-16
1.96e-05	9.8e-06	-1.90146e-17
2.1e-05	9.8e-06	-6.74365e-20
2.24e-05	9.8e-06	2.04864e-17
2.38e-05	9.8e-06	1.96459e-17
2.52e-05	9.8e-06	5.06663e-18
2.66e-05	9.8e-06	2.40276e-17

-2.66e-05	8.4e-06	3.60034e-17
-2.52e-05	8.4e-06	-1.53428e-17
-2.38e-05	8.4e-06	-7.68947e-17
-2.24e-05	8.4e-06	-5.15402e-16
-2.1e-05	8.4e-06	-1.72948e-15
-1.96e-05	8.4e-06	-1.09906e-14
-1.82e-05	8.4e-06	-1.51212e-13
-1.68e-05	8.4e-06	-2.60642e-12
-1.54e-05	8.4e-06	-4.57903e-11
-1.4e-05	8.4e-06	-7.92865e-10
-1.26e-05	8.4e-06	-1.33904e-08
-1.12e-05	8.4e-06	-2.17939e-07
-9.8e-06	8.4e-06	-3.3457e-06
-8.4e-06	8.4e-06	-4.62326e-05
-7e-06	8.4e-06	-0.000500242
-5.6e-06	8.4e-06	-0.00152713
-4.2e-06	8.4e-06	-0.00237903
-2.8e-06	8.4e-06	-0.00293678
-1.4e-06	8.4e-06	-0.00313846
0	8.4e-06	-0.00296367
1.4e-06	8.4e-06	-0.00243709
2.8e-06	8.4e-06	-0.00162958
4.2e-06	8.4e-06	-0.000672382
5.6e-06	8.4e-06	-6.41976e-05
7e-06	8.4e-06	-4.67769e-06
8.4e-06	8.4e-06	-3.04747e-07
9.8e-06	8.4e-06	-1.86774e-08
1.12e-05	8.4e-06	-1.1018e-09
1.26e-05	8.4e-06	-6.33488e-11
1.4e-05	8.4e-06	-3.58519e-12
1.54e-05	8.4e-06	-2.05158e-13
1.68e-05	8.4e-06	-1.40723e-14
1.82e-05	8.4e-06	-2.0577e-15
1.96e-05	8.4e-06	-7.4226e-16
2.1e-05	8.4e-06	-2.40868e-16
2.24e-05	8.4e-06	-9.04745e-17
2.38e-05	8.4e-06	9.43739e-18
2.52e-05	8.4e-06	-5.73411e-18
2.66e-05	8.4e-06	1.16131e-17

-2.66e-05	7e-06	-3.65275e-17
-2.52e-05	7e-06	-3.92747e-16
-2.38e-05	7e-06	-2.10976e-15
-2.24e-05	7e-06	-9.11366e-15
-2.1e-05	7e-06	-2.64769e-14
-1.96e-05	7e-06	-8.16471e-14
-1.82e-05	7e-06	-6.05101e-13
-1.68e-05	7e-06	-9.62988e-12
-1.54e-05	7e-06	-1.81575e-10
-1.4e-05	7e-06	-3.49591e-09
-1.26e-05	7e-06	-6.74812e-08
-1.12e-05	7e-06	-1.3035e-06
-9.8e-06	7e-06	-2.51953e-05
-8.4e-06	7e-06	-0.000487402
-7e-06	7e-06	-0.00915932
-5.6e-06	7e-06	-0.02989
-4.2e-06	7e-06	-0.0465855
-2.8e-06	7e-06	-0.0575004
-1.4e-06	7e-06	-0.061445
0	7e-06	-0.0580192
1.4e-06	7e-06	-0.0477021
2.8e-06	7e-06	-0.0318581
4.2e-06	7e-06	-0.0127332
5.6e-06	7e-06	-0.000699113
7e-06	7e-06	-3.56733e-05
8.4e-06	7e-06	-1.8237e-06
9.8e-06	7e-06	-9.33821e-08
1.12e-05	7e-06	-4.78888e-09
1.26e-05	7e-06	-2.46282e-10
1.4e-05	7e-06	-1.28804e-11
1.54e-05	7e-06	-7.71699e-13
1.68e-05	7e-06	-9.2434e-14
1.82e-05	7e-06	-2.97737e-14
1.96e-05	7e-06	-1.27564e-14
2.1e-05	7e-06	-4.78908e-15
2.24e-05	7e-06	-1.14098e-15
2.38e-05	7e-06	-2.32532e-16
2.52e-05	7e-06	-3.13531e-17
2.66e-05	7e-06	-4.58947e-17

-2.66e-05	5.6e-06	-8.04684e-16
-2.52e-05	5.6e-06	-5.78588e-15
-2.38e-05	5.6e-06	-3.63394e-14
-2.24e-05	5.6e-06	-1.65941e-13
-2.1e-05	5.6e-06	-4.77541e-13
-1.96e-05	5.6e-06	-1.11231e-12
-1.82e-05	5.6e-06	-3.15339e-12
-1.68e-05	5.6e-06	-2.23419e-11
-1.54e-05	5.6e-06	-3.5421e-10
-1.4e-05	5.6e-06	-6.73858e-09
-1.26e-05	5.6e-06	-1.31084e-07
-1.12e-05	5.6e-06	-2.55648e-06
-9.8e-06	5.6e-06	-4.9879e-05
-8.4e-06	5.6e-06	-0.00097336
-7e-06	5.6e-06	-0.0182323
-5.6e-06	5.6e-06	-0.0561684
-4.2e-06	5.6e-06	-0.0870348
-2.8e-06	5.6e-06	-0.107261
-1.4e-06	5.6e-06	-0.114542
0	5.6e-06	-0.108087
1.4e-06	5.6e-06	-0.0887274
2.8e-06	5.6e-06	-0.0588449
4.2e-06	5.6e-06	-0.022118
5.6e-06	5.6e-06	-0.00120626
7e-06	5.6e-06	-6.1689e-05
8.4e-06	5.6e-06	-3.15499e-06
9.8e-06	5.6e-06	-1.61405e-07
1.12e-05	5.6e-06	-8.27469e-09
1.26e-05	5.6e-06	-4.3223e-10
1.4e-05	5.6e-06	-2.64072e-11
1.54e-05	5.6e-06	-3.42204e-12
1.68e-05	5.6e-06	-1.17204e-12
1.82e-05	5.6e-06	-5.33511e-13
1.96e-05	5.6e-06	-2.39509e-13
2.1e-05	5.6e-06	-8.846e-14
2.24e-05	5.6e-06	-1.9879e-14
2.38e-05	5.6e-06	-3.24532e-15
2.52e-05	5.6e-06	-4.0781e-16
2.66e-05	5.6e-06	-1.42773e-16

-2.66e-05	4.2e-06	-1.03067e-14
-2.52e-05	4.2e-06	-8.75334e-14
-2.38e-05	4.2e-06	-6.06211e-13
-2.24e-05	4.2e-06	-3.04712e-12
-2.1e-05	4.2e-06	-8.96547e-12
-1.96e-05	4.2e-06	-2.02131e-11
-1.82e-05	4.2e-06	-4.37665e-11
-1.68e-05	4.2e-06	-1.13564e-10
-1.54e-05	4.2e-06	-6.76286e-10
-1.4e-05	4.2e-06	-1.00075e-08
-1.26e-05	4.2e-06	-1.88809e-07
-1.12e-05	4.2e-06	-3.6742e-06
-9.8e-06	4.2e-06	-7.17446e-05
-8.4e-06	4.2e-06	-0.00140149
-7e-06	4.2e-06	-0.0261351
-5.6e-06	4.2e-06	-0.0780166
-4.2e-06	4.2e-06	-0.120304
-2.8e-06	4.2e-06	-0.148008
-1.4e-06	4.2e-06	-0.157922
0	4.2e-06	-0.14893
1.4e-06	4.2e-06	-0.122109
2.8e-06	4.2e-06	-0.0806279
4.2e-06	4.2e-06	-0.0294147
5.6e-06	4.2e-06	-0.00159804
7e-06	4.2e-06	-8.17867e-05
8.4e-06	4.2e-06	-4.18725e-06
9.8e-06	4.2e-06	-2.15035e-07
1.12e-05	4.2e-06	-1.13562e-08
1.26e-05	4.2e-06	-7.49536e-10
1.4e-05	4.2e-06	-1.19467e-10
1.54e-05	4.2e-06	-4.52534e-11
1.68e-05	4.2e-06	-2.11625e-11
1.82e-05	4.2e-06	-1.0034e-11
1.96e-05	4.2e-06	-4.5176e-12
2.1e-05	4.2e-06	-1.63832e-12
2.24e-05	4.2e-06	-3.35493e-13
2.38e-05	4.2e-06	-4.91225e-14
2.52e-05	4.2e-06	-5.9487e-15
2.66e-05	4.2e-06	-1.68292e-15

-2.66e-05	2.8e-06	-1.3291e-13
-2.52e-05	2.8e-06	-1.25973e-12
-2.38e-05	2.8e-06	-9.86898e-12
-2.24e-05	2.8e-06	-5.58028e-11
-2.1e-05	2.8e-06	-1.69103e-10
-1.96e-05	2.8e-06	-3.80922e-10
-1.82e-05	2.8e-06	-8.04453e-10
-1.68e-05	2.8e-06	-1.70027e-09
-1.54e-05	2.8e-06	-4.07106e-09
-1.4e-05	2.8e-06	-1.903e-08
-1.26e-05	2.8e-06	-2.45836e-07
-1.12e-05	2.8e-06	-4.53921e-06
-9.8e-06	2.8e-06	-8.81285e-05
-8.4e-06	2.8e-06	-0.00172067
-7e-06	2.8e-06	-0.031981
-5.6e-06	2.8e-06	-0.0934856
-4.2e-06	2.8e-06	-0.143526
-2.8e-06	2.8e-06	-0.17624
-1.4e-06	2.8e-06	-0.187876
0	2.8e-06	-0.177109
1.4e-06	2.8e-06	-0.145152
2.8e-06	2.8e-06	-0.0956348
4.2e-06	2.8e-06	-0.0342858
5.6e-06	2.8e-06	-0.00185891
7e-06	2.8e-06	-9.52545e-05
8.4e-06	2.8e-06	-4.90758e-06
9.8e-06	2.8e-06	-2.6522e-07
1.12e-05	2.8e-06	-2.02033e-08
1.26e-05	2.8e-06	-4.21404e-09
1.4e-05	2.8e-06	-1.74844e-09
1.54e-05	2.8e-06	-8.29314e-10
1.68e-05	2.8e-06	-3.98729e-10
1.82e-05	2.8e-06	-1.8961e-10
1.96e-05	2.8e-06	-8.52576e-11
2.1e-05	2.8e-06	-3.02979e-11
2.24e-05	2.8e-06	-5.50834e-12
2.38e-05	2.8e-06	-7.12619e-13
2.52e-05	2.8e-06	-7.65553e-14
2.66e-05	2.8e-06	-1.79944e-14

-2.66e-05	1.4e-06	-1.57583e-12
-2.52e-05	1.4e-06	-1.70066e-11
-2.38e-05	1.4e-06	-1.54604e-10
-2.24e-05	1.4e-06	-1.01825e-09
-2.1e-05	1.4e-06	-3.19158e-09
-1.96e-05	1.4e-06	-7.19955e-09
-1.82e-05	1.4e-06	-1.51782e-08
-1.68e-05	1.4e-06	-3.15824e-08
-1.54e-05	1.4e-06	-6.61587e-08
-1.4e-05	1.4e-06	-1.49406e-07
-1.26e-05	1.4e-06	-5.40691e-07
-1.12e-05	1.4e-06	-5.58626e-06
-9.8e-06	1.4e-06	-9.86192e-05
-8.4e-06	1.4e-06	-0.00190418
-7e-06	1.4e-06	-0.0352522
-5.6e-06	1.4e-06	-0.101278
-4.2e-06	1.4e-06	-0.154689
-2.8e-06	1.4e-06	-0.189466
-1.4e-06	1.4e-06	-0.201767
0	1.4e-06	-0.190216
1.4e-06	1.4e-06	-0.156035
2.8e-06	1.4e-06	-0.102893
4.2e-06	1.4e-06	-0.0365822
5.6e-06	1.4e-06	-0.00198901
7e-06	1.4e-06	-0.00010324
8.4e-06	1.4e-06	-5.85116e-06
9.8e-06	1.4e-06	-5.61851e-07
1.12e-05	1.4e-06	-1.53767e-07
1.26e-05	1.4e-06	-6.79392e-08
1.4e-05	1.4e-06	-3.24447e-08
1.54e-05	1.4e-06	-1.56454e-08
1.68e-05	1.4e-06	-7.53625e-09
1.82e-05	1.4e-06	-3.58435e-09
1.96e-05	1.4e-06	-1.6094e-09
2.1e-05	1.4e-06	-5.5928e-10
2.24e-05	1.4e-06	-8.71339e-11
2.38e-05	1.4e-06	-9.69332e-12
2.52e-05	1.4e-06	-9.09863e-13
2.66e-05	1.4e-06	-1.74687e-13

-2.66e-05	0	-1.66213e-11
-2.52e-05	0	-2.08358e-10
-2.38e-05	0	-2.28029e-09
-2.24e-05	0	-1.84999e-08
-2.1e-05	0	-6.02614e-08
-1.96e-05	0	-1.36106e-07
-1.82e-05	0	-2.86884e-07
-1.68e-05	0	-5.96274e-07
-1.54e-05	0	-1.23796e-06
-1.4e-05	0	-2.58772e-06
-1.26e-05	0	-5.64833e-06
-1.12e-05	0	-1.64568e-05
-9.8e-06	0	-0.000123327
-8.4e-06	0	-0.0019871
-7e-06	0	-0.0358958
-5.6e-06	0	-0.100951
-4.2e-06	0	-0.152813
-2.8e-06	0	-0.186378
-1.4e-06	0	-0.198199
0	0	-0.187009
1.4e-06	0	-0.153933
2.8e-06	0	-0.102254
4.2e-06	0	-0.0367921
5.6e-06	0	-0.00209723
7e-06	0	-0.000130499
8.4e-06	0	-1.71441e-05
9.8e-06	0	-5.81481e-06
1.12e-05	0	-2.65742e-06
1.26e-05	0	-1.27089e-06
1.4e-05	0	-6.12526e-07
1.54e-05	0	-2.95711e-07
1.68e-05	0	-1.4247e-07
1.82e-05	0	-6.77612e-08
1.96e-05	0	-3.03879e-08
2.1e-05	0	-1.03028e-08
2.24e-05	0	-1.2997e-09
2.38e-05	0	-1.19738e-10
2.52e-05	0	-9.62674e-12
2.66e-05	0	-1.54834e-12

-2.66e-05	-1.4e-06	-1.46296e-10
-2.52e-05	-1.4e-06	-2.1677e-09
-2.38e-05	-1.4e-06	-3.01843e-08
-2.24e-05	-1.4e-06	-3.34357e-07
-2.1e-05	-1.4e-06	-1.13838e-06
-1.96e-05	-1.4e-06	-2.57318e-06
-1.82e-05	-1.4e-06	-5.42309e-06
-1.68e-05	-1.4e-06	-1.12689e-05
-1.54e-05	-1.4e-06	-2.33774e-05
-1.4e-05	-1.4e-06	-4.8624e-05
-1.26e-05	-1.4e-06	-0.000101906
-1.12e-05	-1.4e-06	-0.00021941
-9.8e-06	-1.4e-06	-0.000550495
-8.4e-06	-1.4e-06	-0.00277919
-7e-06	-1.4e-06	-0.0353777
-5.6e-06	-1.4e-06	-0.093147
-4.2e-06	-1.4e-06	-0.137948
-2.8e-06	-1.4e-06	-0.166874
-1.4e-06	-1.4e-06	-0.177063
0	-1.4e-06	-0.1674
1.4e-06	-1.4e-06	-0.138918
2.8e-06	-1.4e-06	-0.0944605
4.2e-06	-1.4e-06	-0.0371367
5.6e-06	-1.4e-06	-0.00334663
7e-06	-1.4e-06	-0.000589308
8.4e-06	-1.4e-06	-0.000226591
9.8e-06	-1.4e-06	-0.000104709
1.12e-05	-1.4e-06	-4.99194e-05
1.26e-05	-1.4e-06	-2.3998e-05
1.4e-05	-1.4e-06	-1.15759e-05
1.54e-05	-1.4e-06	-5.58986e-06
1.68e-05	-1.4e-06	-2.69341e-06
1.82e-05	-1.4e-06	-1.28105e-06
1.96e-05	-1.4e-06	-5.73947e-07
2.1e-05	-1.4e-06	-1.89359e-07
2.24e-05	-1.4e-06	-1.74458e-08
2.38e-05	-1.4e-06	-1.25646e-09
2.52e-05	-1.4e-06	-8.48643e-11
2.66e-05	-1.4e-06	-1.29107e-11

-2.66e-05	-2.8e-06	-9.51796e-10
-2.52e-05	-2.8e-06	-1.60866e-08
-2.38e-05	-2.8e-06	-3.10435e-07
-2.24e-05	-2.8e-06	-6.00469e-06
-2.1e-05	-2.8e-06	-2.15178e-05
-1.96e-05	-2.8e-06	-4.86495e-05
-1.82e-05	-2.8e-06	-0.000102517
-1.68e-05	-2.8e-06	-0.000212989
-1.54e-05	-2.8e-06	-0.000441698
-1.4e-05	-2.8e-06	-0.000917992
-1.26e-05	-2.8e-06	-0.00191823
-1.12e-05	-2.8e-06	-0.00405048
-9.8e-06	-2.8e-06	-0.00871877
-8.4e-06	-2.8e-06	-0.0193662
-7e-06	-2.8e-06	-0.0440507
-5.6e-06	-2.8e-06	-0.0792408
-4.2e-06	-2.8e-06	-0.110713
-2.8e-06	-2.8e-06	-0.131943
-1.4e-06	-2.8e-06	-0.139525
0	-2.8e-06	-0.132335
1.4e-06	-2.8e-06	-0.111437
2.8e-06	-2.8e-06	-0.0801933
4.2e-06	-2.8e-06	-0.0450688
5.6e-06	-2.8e-06	-0.0199547
7e-06	-2.8e-06	-0.00897182
8.4e-06	-2.8e-06	-0.00416263
9.8e-06	-2.8e-06	-0.00196987
1.12e-05	-2.8e-06	-0.000942363
1.26e-05	-2.8e-06	-0.000453411
1.4e-05	-2.8e-06	-0.000218788
1.54e-05	-2.8e-06	-0.000105668
1.68e-05	-2.8e-06	-5.09197e-05
1.82e-05	-2.8e-06	-2.42191e-05
1.96e-05	-2.8e-06	-1.08443e-05
2.1e-05	-2.8e-06	-3.47125e-06
2.24e-05	-2.8e-06	-1.83331e-07
2.38e-05	-2.8e-06	-9.37495e-09
2.52e-05	-2.8e-06	-5.46371e-10
2.66e-05	-2.8e-06	-1.12571e-10

-2.66e-05	-4.2e-06	-4.16077e-09
-2.52e-05	-4.2e-06	-3.24543e-08
-2.38e-05	-4.2e-06	-4.47832e-07
-2.24e-05	-4.2e-06	-7.92149e-06
-2.1e-05	-4.2e-06	-2.58728e-05
-1.96e-05	-4.2e-06	-5.80292e-05
-1.82e-05	-4.2e-06	-0.000122018
-1.68e-05	-4.2e-06	-0.000252865
-1.54e-05	-4.2e-06	-0.000521999
-1.4e-05	-4.2e-06	-0.00107546
-1.26e-05	-4.2e-06	-0.00220981
-1.12e-05	-4.2e-06	-0.0045162
-9.8e-06	-4.2e-06	-0.00912282
-8.4e-06	-4.2e-06	-0.0179511
-7e-06	-4.2e-06	-0.0331993
-5.6e-06	-4.2e-06	-0.0528291
-4.2e-06	-4.2e-06	-0.0710509
-2.8e-06	-4.2e-06	-0.0836471
-1.4e-06	-4.2e-06	-0.0881923
0	-4.2e-06	-0.0838842
1.4e-06	-4.2e-06	-0.0714864
2.8e-06	-4.2e-06	-0.0533877
4.2e-06	-4.2e-06	-0.0337631
5.6e-06	-4.2e-06	-0.018346
7e-06	-4.2e-06	-0.00934374
8.4e-06	-4.2e-06	-0.00462997
9.8e-06	-4.2e-06	-0.00226647
1.12e-05	-4.2e-06	-0.00110331
1.26e-05	-4.2e-06	-0.000535663
1.4e-05	-4.2e-06	-0.000259701
1.54e-05	-4.2e-06	-0.000125741
1.68e-05	-4.2e-06	-6.06726e-05
1.82e-05	-4.2e-06	-2.88728e-05
1.96e-05	-4.2e-06	-1.28927e-05
2.1e-05	-4.2e-06	-3.87474e-06
2.24e-05	-4.2e-06	-2.29154e-07
2.38e-05	-4.2e-06	-1.65142e-08
2.52e-05	-4.2e-06	-2.17962e-09
2.66e-05	-4.2e-06	-1.14424e-09

-2.66e-05	-5.6e-06	-5.53709e-08
-2.52e-05	-5.6e-06	-2.29987e-07
-2.38e-05	-5.6e-06	-9.70948e-07
-2.24e-05	-5.6e-06	-3.96493e-06
-2.1e-05	-5.6e-06	-1.07257e-05
-1.96e-05	-5.6e-06	-2.36957e-05
-1.82e-05	-5.6e-06	-4.96776e-05
-1.68e-05	-5.6e-06	-0.000102683
-1.54e-05	-5.6e-06	-0.000211094
-1.4e-05	-5.6e-06	-0.000431864
-1.26e-05	-5.6e-06	-0.000876896
-1.12e-05	-5.6e-06	-0.00175704
-9.8e-06	-5.6e-06	-0.00343742
-8.4e-06	-5.6e-06	-0.00644063
-7e-06	-5.6e-06	-0.0111689
-5.6e-06	-5.6e-06	-0.0170091
-4.2e-06	-5.6e-06	-0.0224678
-2.8e-06	-5.6e-06	-0.0262757
-1.4e-06	-5.6e-06	-0.0276563
0	-5.6e-06	-0.0263482
1.4e-06	-5.6e-06	-0.0226004
2.8e-06	-5.6e-06	-0.0171774
4.2e-06	-5.6e-06	-0.011337
5.6e-06	-5.6e-06	-0.00656632
7e-06	-5.6e-06	-0.00351411
8.4e-06	-5.6e-06	-0.00179909
9.8e-06	-5.6e-06	-0.000898697
1.12e-05	-5.6e-06	-0.000442842
1.26e-05	-5.6e-06	-0.00021656
1.4e-05	-5.6e-06	-0.00010544
1.54e-05	-5.6e-06	-5.11793e-05
1.68e-05	-5.6e-06	-2.47342e-05
1.82e-05	-5.6e-06	-1.17953e-05
1.96e-05	-5.6e-06	-5.33941e-06
2.1e-05	-5.6e-06	-1.96039e-06
2.24e-05	-5.6e-06	-4.81889e-07
2.38e-05	-5.6e-06	-1.14499e-07
2.52e-05	-5.6e-06	-2.8677e-08
2.66e-05	-5.6e-06	-1.06043e-08

-2.66e-05	-7e-06	-5.40792e-08
-2.52e-05	-7e-06	-1.84449e-07
-2.38e-05	-7e-06	-6.05821e-07
-2.24e-05	-7e-06	-1.81477e-06
-2.1e-05	-7e-06	-4.44552e-06
-1.96e-05	-7e-06	-9.65713e-06
-1.82e-05	-7e-06	-2.01418e-05
-1.68e-05	-7e-06	-4.14274e-05
-1.54e-05	-7e-06	-8.45463e-05
-1.4e-05	-7e-06	-0.000171039
-1.26e-05	-7e-06	-0.000341455
-1.12e-05	-7e-06	-0.000667365
-9.8e-06	-7e-06	-0.00126088
-8.4e-06	-7e-06	-0.00225815
-7e-06	-7e-06	-0.00372598
-5.6e-06	-7e-06	-0.00547881
-4.2e-06	-7e-06	-0.0071165
-2.8e-06	-7e-06	-0.0082653
-1.4e-06	-7e-06	-0.00868335
0	-7e-06	-0.00828741
1.4e-06	-7e-06	-0.00715678
2.8e-06	-7e-06	-0.00552963
4.2e-06	-7e-06	-0.00377667
5.6e-06	-7e-06	-0.00229789
7e-06	-7e-06	-0.0012868
8.4e-06	-7e-06	-0.00068242
9.8e-06	-7e-06	-0.000349605
1.12e-05	-7e-06	-0.000175271
1.26e-05	-7e-06	-8.66974e-05
1.4e-05	-7e-06	-4.25258e-05
1.54e-05	-7e-06	-2.07402e-05
1.68e-05	-7e-06	-1.00562e-05
1.82e-05	-7e-06	-4.8146e-06
1.96e-05	-7e-06	-2.21435e-06
2.1e-05	-7e-06	-9.01056e-07
2.24e-05	-7e-06	-3.0087e-07
2.38e-05	-7e-06	-9.18571e-08
2.52e-05	-7e-06	-2.77342e-08
2.66e-05	-7e-06	-1.10178e-08

-2.66e-05	-8.4e-06	-3.60274e-08
-2.52e-05	-8.4e-06	-1.07176e-07
-2.38e-05	-8.4e-06	-3.0467e-07
-2.24e-05	-8.4e-06	-7.93678e-07
-2.1e-05	-8.4e-06	-1.83318e-06
-1.96e-05	-8.4e-06	-3.91975e-06
-1.82e-05	-8.4e-06	-8.11682e-06
-1.68e-05	-8.4e-06	-1.65694e-05
-1.54e-05	-8.4e-06	-3.34646e-05
-1.4e-05	-8.4e-06	-6.67062e-05
-1.26e-05	-8.4e-06	-0.000130472
-1.12e-05	-8.4e-06	-0.00024814
-9.8e-06	-8.4e-06	-0.000452915
-8.4e-06	-8.4e-06	-0.000779218
-7e-06	-8.4e-06	-0.0012353
-5.6e-06	-8.4e-06	-0.00176476
-4.2e-06	-8.4e-06	-0.00225719
-2.8e-06	-8.4e-06	-0.00260349
-1.4e-06	-8.4e-06	-0.00272982
0	-8.4e-06	-0.00261022
1.4e-06	-8.4e-06	-0.00226942
2.8e-06	-8.4e-06	-0.00178014
4.2e-06	-8.4e-06	-0.00125071
5.6e-06	-8.4e-06	-0.000791742
7e-06	-8.4e-06	-0.000461522
8.4e-06	-8.4e-06	-0.000253401
9.8e-06	-8.4e-06	-0.000133445
1.12e-05	-8.4e-06	-6.83019e-05
1.26e-05	-8.4e-06	-3.42959e-05
1.4e-05	-8.4e-06	-1.70008e-05
1.54e-05	-8.4e-06	-8.35224e-06
1.68e-05	-8.4e-06	-4.07113e-06
1.82e-05	-8.4e-06	-1.96e-06
1.96e-05	-8.4e-06	-9.14837e-07
2.1e-05	-8.4e-06	-3.95163e-07
2.24e-05	-8.4e-06	-1.51586e-07
2.38e-05	-8.4e-06	-5.34409e-08
2.52e-05	-8.4e-06	-1.83685e-08
2.66e-05	-8.4e-06	-7.88698e-09

-2.66e-05	-9.8e-06	-2.01627e-08
-2.52e-05	-9.8e-06	-5.42034e-08
-2.38e-05	-9.8e-06	-1.40252e-07
-2.24e-05	-9.8e-06	-3.37695e-07
-2.1e-05	-9.8e-06	-7.50548e-07
-1.96e-05	-9.8e-06	-1.58151e-06
-1.82e-05	-9.8e-06	-3.24541e-06
-1.68e-05	-9.8e-06	-6.5593e-06
-1.54e-05	-9.8e-06	-1.30747e-05
-1.4e-05	-9.8e-06	-2.56124e-05
-1.26e-05	-9.8e-06	-4.89827e-05
-1.12e-05	-9.8e-06	-9.05979e-05
-9.8e-06	-9.8e-06	-0.000160041
-8.4e-06	-9.8e-06	-0.000265787
-7e-06	-9.8e-06	-0.000407614
-5.6e-06	-9.8e-06	-0.000568314
-4.2e-06	-9.8e-06	-0.000716751
-2.8e-06	-9.8e-06	-0.000821157
-1.4e-06	-9.8e-06	-0.000859294
0	-9.8e-06	-0.000823204
1.4e-06	-9.8e-06	-0.000720463
2.8e-06	-9.8e-06	-0.000572979
4.2e-06	-9.8e-06	-0.000412324
5.6e-06	-9.8e-06	-0.000269727
7e-06	-9.8e-06	-0.000162866
8.4e-06	-9.8e-06	-9.24033e-05
9.8e-06	-9.8e-06	-5.00448e-05
1.12e-05	-9.8e-06	-2.6202e-05
1.26e-05	-9.8e-06	-1.33902e-05
1.4e-05	-9.8e-06	-6.72615e-06
1.54e-05	-9.8e-06	-3.33686e-06
1.68e-05	-9.8e-06	-1.6385e-06
1.82e-05	-9.8e-06	-7.94429e-07
1.96e-05	-9.8e-06	-3.75752e-07
2.1e-05	-9.8e-06	-1.68622e-07
2.24e-05	-9.8e-06	-6.99411e-08
2.38e-05	-9.8e-06	-2.70695e-08
2.52e-05	-9.8e-06	-1.0231e-08
2.66e-05	-9.8e-06	-4.70447e-09

-2.66e-05	-1.12e-05	-1.02179e-08
-2.52e-05	-1.12e-05	-2.54125e-08
-2.38e-05	-1.12e-05	-6.15817e-08
-2.24e-05	-1.12e-05	-1.40973e-07
-2.1e-05	-1.12e-05	-3.04782e-07
-1.96e-05	-1.12e-05	-6.33336e-07
-1.82e-05	-1.12e-05	-1.28582e-06
-1.68e-05	-1.12e-05	-2.56752e-06
-1.54e-05	-1.12e-05	-5.04055e-06
-1.4e-05	-1.12e-05	-9.68716e-06
-1.26e-05	-1.12e-05	-1.80993e-05
-1.12e-05	-1.12e-05	-3.25735e-05
-9.8e-06	-1.12e-05	-5.58217e-05
-8.4e-06	-1.12e-05	-8.98677e-05
-7e-06	-1.12e-05	-0.000134002
-5.6e-06	-1.12e-05	-0.000182962
-4.2e-06	-1.12e-05	-0.000227821
-2.8e-06	-1.12e-05	-0.000259324
-1.4e-06	-1.12e-05	-0.000270836
0	-1.12e-05	-0.000259946
1.4e-06	-1.12e-05	-0.000228949
2.8e-06	-1.12e-05	-0.000184381
4.2e-06	-1.12e-05	-0.000135448
5.6e-06	-1.12e-05	-9.11061e-05
7e-06	-1.12e-05	-5.67415e-05
8.4e-06	-1.12e-05	-3.31845e-05
9.8e-06	-1.12e-05	-1.84723e-05
1.12e-05	-1.12e-05	-9.90115e-06
1.26e-05	-1.12e-05	-5.15825e-06
1.4e-05	-1.12e-05	-2.63106e-06
1.54e-05	-1.12e-05	-1.3209e-06
1.68e-05	-1.12e-05	-6.54679e-07
1.82e-05	-1.12e-05	-3.20129e-07
1.96e-05	-1.12e-05	-1.53285e-07
2.1e-05	-1.12e-05	-7.06487e-08
2.24e-05	-1.12e-05	-3.07973e-08
2.38e-05	-1.12e-05	-1.27143e-08
2.52e-05	-1.12e-05	-5.16221e-09
2.66e-05	-1.12e-05	-2.51395e-09

-2.66e-05	-1.26e-05	-4.86016e-09
-2.52e-05	-1.26e-05	-1.13672e-08
-2.38e-05	-1.26e-05	-2.62493e-08
-2.24e-05	-1.26e-05	-5.79875e-08
-2.1e-05	-1.26e-05	-1.2268e-07
-1.96e-05	-1.26e-05	-2.51461e-07
-1.82e-05	-1.26e-05	-5.04367e-07
-1.68e-05	-1.26e-05	-9.93348e-07
-1.54e-05	-1.26e-05	-1.9179e-06
-1.4e-05	-1.26e-05	-3.61284e-06
-1.26e-05	-1.26e-05	-6.59433e-06
-1.12e-05	-1.26e-05	-1.15611e-05
-9.8e-06	-1.26e-05	-1.92683e-05
-8.4e-06	-1.26e-05	-3.01794e-05
-7e-06	-1.26e-05	-4.39224e-05
-5.6e-06	-1.26e-05	-5.8884e-05
-4.2e-06	-1.26e-05	-7.24747e-05
-2.8e-06	-1.26e-05	-8.19928e-05
-1.4e-06	-1.26e-05	-8.54694e-05
0	-1.26e-05	-8.2182e-05
1.4e-06	-1.26e-05	-7.28178e-05
2.8e-06	-1.26e-05	-5.93168e-05
4.2e-06	-1.26e-05	-4.43672e-05
5.6e-06	-1.26e-05	-3.05684e-05
7e-06	-1.26e-05	-1.9566e-05
8.4e-06	-1.26e-05	-1.17657e-05
9.8e-06	-1.26e-05	-6.7235e-06
1.12e-05	-1.26e-05	-3.68931e-06
1.26e-05	-1.26e-05	-1.96112e-06
1.4e-05	-1.26e-05	-1.01719e-06
1.54e-05	-1.26e-05	-5.1766e-07
1.68e-05	-1.26e-05	-2.59418e-07
1.82e-05	-1.26e-05	-1.28103e-07
1.96e-05	-1.26e-05	-6.20687e-08
2.1e-05	-1.26e-05	-2.91956e-08
2.24e-05	-1.26e-05	-1.31745e-08
2.38e-05	-1.26e-05	-5.69974e-09
2.52e-05	-1.26e-05	-2.44568e-09
2.66e-05	-1.26e-05	-1.24869e-09

-2.66e-05	-1.4e-05	-2.21292e-09
-2.52e-05	-1.4e-05	-4.92483e-09
-2.38e-05	-1.4e-05	-1.09572e-08
-2.24e-05	-1.4e-05	-2.3556e-08
-2.1e-05	-1.4e-05	-4.8928e-08
-1.96e-05	-1.4e-05	-9.89195e-08
-1.82e-05	-1.4e-05	-1.95791e-07
-1.68e-05	-1.4e-05	-3.79874e-07
-1.54e-05	-1.4e-05	-7.20672e-07
-1.4e-05	-1.4e-05	-1.33025e-06
-1.26e-05	-1.4e-05	-2.37316e-06
-1.12e-05	-1.4e-05	-4.05891e-06
-9.8e-06	-1.4e-05	-6.59468e-06
-8.4e-06	-1.4e-05	-1.00798e-05
-7e-06	-1.4e-05	-1.43619e-05
-5.6e-06	-1.4e-05	-1.89457e-05
-4.2e-06	-1.4e-05	-2.30731e-05
-2.8e-06	-1.4e-05	-2.59534e-05
-1.4e-06	-1.4e-05	-2.70044e-05
0	-1.4e-05	-2.6011e-05
1.4e-06	-1.4e-05	-2.31776e-05
2.8e-06	-1.4e-05	-1.9078e-05
4.2e-06	-1.4e-05	-1.44991e-05
5.6e-06	-1.4e-05	-1.0202e-05
7e-06	-1.4e-05	-6.69064e-06
8.4e-06	-1.4e-05	-4.12683e-06
9.8e-06	-1.4e-05	-2.41739e-06
1.12e-05	-1.4e-05	-1.35721e-06
1.26e-05	-1.4e-05	-7.36323e-07
1.4e-05	-1.4e-05	-3.88697e-07
1.54e-05	-1.4e-05	-2.0077e-07
1.68e-05	-1.4e-05	-1.01872e-07
1.82e-05	-1.4e-05	-5.08609e-08
1.96e-05	-1.4e-05	-2.49358e-08
2.1e-05	-1.4e-05	-1.19282e-08
2.24e-05	-1.4e-05	-5.52383e-09
2.38e-05	-1.4e-05	-2.47608e-09
2.52e-05	-1.4e-05	-1.10974e-09
2.66e-05	-1.4e-05	-5.89014e-10

-2.66e-05	-1.54e-05	-9.75904e-10
-2.52e-05	-1.54e-05	-2.08439e-09
-2.38e-05	-1.54e-05	-4.5004e-09
-2.24e-05	-1.54e-05	-9.46213e-09
-2.1e-05	-1.54e-05	-1.9331e-08
-1.96e-05	-1.54e-05	-3.85403e-08
-1.82e-05	-1.54e-05	-7.52126e-08
-1.68e-05	-1.54e-05	-1.43642e-07
-1.54e-05	-1.54e-05	-2.6765e-07
-1.4e-05	-1.54e-05	-4.84167e-07
-1.26e-05	-1.54e-05	-8.44916e-07
-1.12e-05	-1.54e-05	-1.41196e-06
-9.8e-06	-1.54e-05	-2.24132e-06
-8.4e-06	-1.54e-05	-3.35177e-06
-7e-06	-1.54e-05	-4.68674e-06
-5.6e-06	-1.54e-05	-6.09419e-06
-4.2e-06	-1.54e-05	-7.35053e-06
-2.8e-06	-1.54e-05	-8.2237e-06
-1.4e-06	-1.54e-05	-8.5419e-06
0	-1.54e-05	-8.24123e-06
1.4e-06	-1.54e-05	-7.38239e-06
2.8e-06	-1.54e-05	-6.1347e-06
4.2e-06	-1.54e-05	-4.72914e-06
5.6e-06	-1.54e-05	-3.39015e-06
7e-06	-1.54e-05	-2.27214e-06
8.4e-06	-1.54e-05	-1.43436e-06
9.8e-06	-1.54e-05	-8.59912e-07
1.12e-05	-1.54e-05	-4.93564e-07
1.26e-05	-1.54e-05	-2.73247e-07
1.4e-05	-1.54e-05	-1.46866e-07
1.54e-05	-1.54e-05	-7.70566e-08
1.68e-05	-1.54e-05	-3.96296e-08
1.82e-05	-1.54e-05	-2.00238e-08
1.96e-05	-1.54e-05	-9.93588e-09
2.1e-05	-1.54e-05	-4.82417e-09
2.24e-05	-1.54e-05	-2.28086e-09
2.38e-05	-1.54e-05	-1.05145e-09
2.52e-05	-1.54e-05	-4.88055e-10
2.66e-05	-1.54e-05	-2.67444e-10

-2.66e-05	-1.68e-05	-4.19943e-10
-2.52e-05	-1.68e-05	-8.66265e-10
-2.38e-05	-1.68e-05	-1.8237e-09
-2.24e-05	-1.68e-05	-3.76121e-09
-2.1e-05	-1.68e-05	-7.56553e-09
-1.96e-05	-1.68e-05	-1.48709e-08
-1.82e-05	-1.68e-05	-2.85971e-08
-1.68e-05	-1.68e-05	-5.37357e-08
-1.54e-05	-1.68e-05	-9.83349e-08
-1.4e-05	-1.68e-05	-1.74402e-07
-1.26e-05	-1.68e-05	-2.98006e-07
-1.12e-05	-1.68e-05	-4.87337e-07
-9.8e-06	-1.68e-05	-7.57316e-07
-8.4e-06	-1.68e-05	-1.11047e-06
-7e-06	-1.68e-05	-1.52691e-06
-5.6e-06	-1.68e-05	-1.9599e-06
-4.2e-06	-1.68e-05	-2.34314e-06
-2.8e-06	-1.68e-05	-2.60835e-06
-1.4e-06	-1.68e-05	-2.70484e-06
0	-1.68e-05	-2.6137e-06
1.4e-06	-1.68e-05	-2.35288e-06
2.8e-06	-1.68e-05	-1.97232e-06
4.2e-06	-1.68e-05	-1.54003e-06
5.6e-06	-1.68e-05	-1.12253e-06
7e-06	-1.68e-05	-7.67192e-07
8.4e-06	-1.68e-05	-4.94685e-07
9.8e-06	-1.68e-05	-3.03051e-07
1.12e-05	-1.68e-05	-1.77645e-07
1.26e-05	-1.68e-05	-1.00314e-07
1.4e-05	-1.68e-05	-5.49002e-08
1.54e-05	-1.68e-05	-2.9273e-08
1.68e-05	-1.68e-05	-1.52704e-08
1.82e-05	-1.68e-05	-7.81463e-09
1.96e-05	-1.68e-05	-3.92574e-09
2.1e-05	-1.68e-05	-1.93266e-09
2.24e-05	-1.68e-05	-9.30015e-10
2.38e-05	-1.68e-05	-4.38714e-10
2.52e-05	-1.68e-05	-2.09605e-10
2.66e-05	-1.68e-05	-1.17938e-10

-2.66e-05	-1.82e-05	-1.77188e-10
-2.52e-05	-1.82e-05	-3.5466e-10
-2.38e-05	-1.82e-05	-7.30359e-10
-2.24e-05	-1.82e-05	-1.48029e-09
-2.1e-05	-1.82e-05	-2.93325e-09
-1.96e-05	-1.82e-05	-5.68334e-09
-1.82e-05	-1.82e-05	-1.07659e-08
-1.68e-05	-1.82e-05	-1.99007e-08
-1.54e-05	-1.82e-05	-3.57729e-08
-1.4e-05	-1.82e-05	-6.22418e-08
-1.26e-05	-1.82e-05	-1.0425e-07
-1.12e-05	-1.82e-05	-1.6708e-07
-9.8e-06	-1.82e-05	-2.54631e-07
-8.4e-06	-1.82e-05	-3.66785e-07
-7e-06	-1.82e-05	-4.96765e-07
-5.6e-06	-1.82e-05	-6.30202e-07
-4.2e-06	-1.82e-05	-7.47352e-07
-2.8e-06	-1.82e-05	-8.28061e-07
-1.4e-06	-1.82e-05	-8.57371e-07
0	-1.82e-05	-8.29693e-07
1.4e-06	-1.82e-05	-7.50331e-07
2.8e-06	-1.82e-05	-6.34022e-07
4.2e-06	-1.82e-05	-5.00835e-07
5.6e-06	-1.82e-05	-3.70573e-07
7e-06	-1.82e-05	-2.57789e-07
8.4e-06	-1.82e-05	-1.6948e-07
9.8e-06	-1.82e-05	-1.05936e-07
1.12e-05	-1.82e-05	-6.33516e-08
1.26e-05	-1.82e-05	-3.64658e-08
1.4e-05	-1.82e-05	-2.0317e-08
1.54e-05	-1.82e-05	-1.10112e-08
1.68e-05	-1.82e-05	-5.82897e-09
1.82e-05	-1.82e-05	-3.02289e-09
1.96e-05	-1.82e-05	-1.53789e-09
2.1e-05	-1.82e-05	-7.67268e-10
2.24e-05	-1.82e-05	-3.75073e-10
2.38e-05	-1.82e-05	-1.80451e-10
2.52e-05	-1.82e-05	-8.83405e-11
2.66e-05	-1.82e-05	-5.08199e-11

-2.66e-05	-1.96e-05	-7.35504e-11
-2.52e-05	-1.96e-05	-1.43346e-10
-2.38e-05	-1.96e-05	-2.89386e-10
-2.24e-05	-1.96e-05	-5.77075e-10
-2.1e-05	-1.96e-05	-1.12685e-09
-1.96e-05	-1.96e-05	-2.15197e-09
-1.82e-05	-1.96e-05	-4.01493e-09
-1.68e-05	-1.96e-05	-7.30135e-09
-1.54e-05	-1.96e-05	-1.2897e-08
-1.4e-05	-1.96e-05	-2.20303e-08
-1.26e-05	-1.96e-05	-3.62085e-08
-1.12e-05	-1.96e-05	-5.69519e-08
-9.8e-06	-1.96e-05	-8.5256e-08
-8.4e-06	-1.96e-05	-1.20836e-07
-7e-06	-1.96e-05	-1.61429e-07
-5.6e-06	-1.96e-05	-2.02616e-07
-4.2e-06	-1.96e-05	-2.38496e-07
-2.8e-06	-1.96e-05	-2.63105e-07
-1.4e-06	-1.96e-05	-2.72025e-07
0	-1.96e-05	-2.63605e-07
1.4e-06	-1.96e-05	-2.39409e-07
2.8e-06	-1.96e-05	-2.03792e-07
4.2e-06	-1.96e-05	-1.62692e-07
5.6e-06	-1.96e-05	-1.22026e-07
7e-06	-1.96e-05	-8.62644e-08
8.4e-06	-1.96e-05	-5.7733e-08
9.8e-06	-1.96e-05	-3.6769e-08
1.12e-05	-1.96e-05	-2.24073e-08
1.26e-05	-1.96e-05	-1.31375e-08
1.4e-05	-1.96e-05	-7.44874e-09
1.54e-05	-1.96e-05	-4.10315e-09
1.68e-05	-1.96e-05	-2.2047e-09
1.82e-05	-1.96e-05	-1.15908e-09
1.96e-05	-1.96e-05	-5.97335e-10
2.1e-05	-1.96e-05	-3.01941e-10
2.24e-05	-1.96e-05	-1.49767e-10
2.38e-05	-1.96e-05	-7.33212e-11
2.52e-05	-1.96e-05	-3.66585e-11
2.66e-05	-1.96e-05	-2.14892e-11

-2.66e-05	-2.1e-05	-3.01055e-11
-2.52e-05	-2.1e-05	-5.72785e-11
-2.38e-05	-2.1e-05	-1.13529e-10
-2.24e-05	-2.1e-05	-2.22915e-10
-2.1e-05	-2.1e-05	-4.2905e-10
-1.96e-05	-2.1e-05	-8.0758e-10
-1.82e-05	-2.1e-05	-1.48401e-09
-1.68e-05	-2.1e-05	-2.65559e-09
-1.54e-05	-2.1e-05	-4.61175e-09
-1.4e-05	-2.1e-05	-7.74009e-09
-1.26e-05	-2.1e-05	-1.24968e-08
-1.12e-05	-2.1e-05	-1.93157e-08
-9.8e-06	-2.1e-05	-2.84428e-08
-8.4e-06	-2.1e-05	-3.97206e-08
-7e-06	-2.1e-05	-5.24053e-08
-5.6e-06	-2.1e-05	-6.51368e-08
-4.2e-06	-2.1e-05	-7.61465e-08
-2.8e-06	-2.1e-05	-8.36645e-08
-1.4e-06	-2.1e-05	-8.63842e-08
0	-2.1e-05	-8.38173e-08
1.4e-06	-2.1e-05	-7.64267e-08
2.8e-06	-2.1e-05	-6.54997e-08
4.2e-06	-2.1e-05	-5.27979e-08
5.6e-06	-2.1e-05	-4.00946e-08
7e-06	-2.1e-05	-2.87644e-08
8.4e-06	-2.1e-05	-1.95692e-08
9.8e-06	-2.1e-05	-1.26822e-08
1.12e-05	-2.1e-05	-7.86738e-09
1.26e-05	-2.1e-05	-4.69461e-09
1.4e-05	-2.1e-05	-2.70734e-09
1.54e-05	-2.1e-05	-1.51547e-09
1.68e-05	-2.1e-05	-8.26546e-10
1.82e-05	-2.1e-05	-4.40604e-10
1.96e-05	-2.1e-05	-2.30057e-10
2.1e-05	-2.1e-05	-1.17806e-10
2.24e-05	-2.1e-05	-5.92476e-11
2.38e-05	-2.1e-05	-2.94701e-11
2.52e-05	-2.1e-05	-1.50108e-11
2.66e-05	-2.1e-05	-8.94253e-12

-2.66e-05	-2.24e-05	-1.21684e-11
-2.52e-05	-2.24e-05	-2.2645e-11
-2.38e-05	-2.24e-05	-4.41149e-11
-2.24e-05	-2.24e-05	-8.53365e-11
-2.1e-05	-2.24e-05	-1.61932e-10
-1.96e-05	-2.24e-05	-3.00443e-10
-1.82e-05	-2.24e-05	-5.43869e-10
-1.68e-05	-2.24e-05	-9.58022e-10
-1.54e-05	-2.24e-05	-1.63664e-09
-1.4e-05	-2.24e-05	-2.70112e-09
-1.26e-05	-2.24e-05	-4.28859e-09
-1.12e-05	-2.24e-05	-6.52173e-09
-9.8e-06	-2.24e-05	-9.45849e-09
-8.4e-06	-2.24e-05	-1.30308e-08
-7e-06	-2.24e-05	-1.69965e-08
-5.6e-06	-2.24e-05	-2.09371e-08
-4.2e-06	-2.24e-05	-2.43211e-08
-2.8e-06	-2.24e-05	-2.6622e-08
-1.4e-06	-2.24e-05	-2.74527e-08
0	-2.24e-05	-2.66688e-08
1.4e-06	-2.24e-05	-2.44072e-08
2.8e-06	-2.24e-05	-2.10492e-08
4.2e-06	-2.24e-05	-1.71186e-08
5.6e-06	-2.24e-05	-1.31484e-08
7e-06	-2.24e-05	-9.56094e-09
8.4e-06	-2.24e-05	-6.60377e-09
9.8e-06	-2.24e-05	-4.34968e-09
1.12e-05	-2.24e-05	-2.74386e-09
1.26e-05	-2.24e-05	-1.66499e-09
1.4e-05	-2.24e-05	-9.76052e-10
1.54e-05	-2.24e-05	-5.55001e-10
1.68e-05	-2.24e-05	-3.07219e-10
1.82e-05	-2.24e-05	-1.6606e-10
1.96e-05	-2.24e-05	-8.78545e-11
2.1e-05	-2.24e-05	-4.55708e-11
2.24e-05	-2.24e-05	-2.32262e-11
2.38e-05	-2.24e-05	-1.17244e-11
2.52e-05	-2.24e-05	-6.07157e-12
2.66e-05	-2.24e-05	-3.666e-12

-2.66e-05	-2.38e-05	-4.85342e-12
-2.52e-05	-2.38e-05	-8.84832e-12
-2.38e-05	-2.38e-05	-1.6958e-11
-2.24e-05	-2.38e-05	-3.2335e-11
-2.1e-05	-2.38e-05	-6.05114e-11
-1.96e-05	-2.38e-05	-1.10698e-10
-1.82e-05	-2.38e-05	-1.97476e-10
-1.68e-05	-2.38e-05	-3.42594e-10
-1.54e-05	-2.38e-05	-5.76163e-10
-1.4e-05	-2.38e-05	-9.35927e-10
-1.26e-05	-2.38e-05	-1.46282e-09
-1.12e-05	-2.38e-05	-2.19121e-09
-9.8e-06	-2.38e-05	-3.13369e-09
-8.4e-06	-2.38e-05	-4.26379e-09
-7e-06	-2.38e-05	-5.5034e-09
-5.6e-06	-2.38e-05	-6.72376e-09
-4.2e-06	-2.38e-05	-7.76483e-09
-2.8e-06	-2.38e-05	-8.4698e-09
-1.4e-06	-2.38e-05	-8.72385e-09
0	-2.38e-05	-8.48418e-09
1.4e-06	-2.38e-05	-7.79133e-09
2.8e-06	-2.38e-05	-6.75839e-09
4.2e-06	-2.38e-05	-5.5414e-09
5.6e-06	-2.38e-05	-4.30073e-09
7e-06	-2.38e-05	-3.16628e-09
8.4e-06	-2.38e-05	-2.21768e-09
9.8e-06	-2.38e-05	-1.48286e-09
1.12e-05	-2.38e-05	-9.5019e-10
1.26e-05	-2.38e-05	-5.85796e-10
1.4e-05	-2.38e-05	-3.48826e-10
1.54e-05	-2.38e-05	-2.01381e-10
1.68e-05	-2.38e-05	-1.131e-10
1.82e-05	-2.38e-05	-6.1978e-11
1.96e-05	-2.38e-05	-3.322e-11
2.1e-05	-2.38e-05	-1.74512e-11
2.24e-05	-2.38e-05	-9.00918e-12
2.38e-05	-2.38e-05	-4.60964e-12
2.52e-05	-2.38e-05	-2.41937e-12
2.66e-05	-2.38e-05	-1.46996e-12

-2.66e-05	-2.52e-05	-1.88608e-12
-2.52e-05	-2.52e-05	-3.37421e-12
-2.38e-05	-2.52e-05	-6.37009e-12
-2.24e-05	-2.52e-05	-1.19845e-11
-2.1e-05	-2.52e-05	-2.21368e-11
-1.96e-05	-2.52e-05	-3.9962e-11
-1.82e-05	-2.52e-05	-7.03162e-11
-1.68e-05	-2.52e-05	-1.2027e-10
-1.54e-05	-2.52e-05	-1.99354e-10
-1.4e-05	-2.52e-05	-3.19151e-10
-1.26e-05	-2.52e-05	-4.91736e-10
-1.12e-05	-2.52e-05	-7.26584e-10
-9.8e-06	-2.52e-05	-1.02606e-09
-8.4e-06	-2.52e-05	-1.38054e-09
-7e-06	-2.52e-05	-1.76519e-09
-5.6e-06	-2.52e-05	-2.14068e-09
-4.2e-06	-2.52e-05	-2.45907e-09
-2.8e-06	-2.52e-05	-2.67384e-09
-1.4e-06	-2.52e-05	-2.75109e-09
0	-2.52e-05	-2.67822e-09
1.4e-06	-2.52e-05	-2.46717e-09
2.8e-06	-2.52e-05	-2.15132e-09
4.2e-06	-2.52e-05	-1.77694e-09
5.6e-06	-2.52e-05	-1.39206e-09
7e-06	-2.52e-05	-1.03633e-09
8.4e-06	-2.52e-05	-7.3504e-10
9.8e-06	-2.52e-05	-4.98231e-10
1.12e-05	-2.52e-05	-3.23847e-10
1.26e-05	-2.52e-05	-2.02578e-10
1.4e-05	-2.52e-05	-1.22389e-10
1.54e-05	-2.52e-05	-7.16626e-11
1.68e-05	-2.52e-05	-4.07987e-11
1.82e-05	-2.52e-05	-2.26493e-11
1.96e-05	-2.52e-05	-1.22911e-11
2.1e-05	-2.52e-05	-6.53437e-12
2.24e-05	-2.52e-05	-3.41315e-12
2.38e-05	-2.52e-05	-1.76502e-12
2.52e-05	-2.52e-05	-9.27021e-13
2.66e-05	-2.52e-05	-5.37514e-13

-2.66e-05	-2.66e-05	-6.44653e-13
-2.52e-05	-2.66e-05	-1.1352e-12
-2.38e-05	-2.66e-05	-2.1176e-12
-2.24e-05	-2.66e-05	-3.94163e-12
-2.1e-05	-2.66e-05	-7.20486e-12
-1.96e-05	-2.66e-05	-1.28683e-11
-1.82e-05	-2.66e-05	-2.23943e-11
-1.68e-05	-2.66e-05	-3.78706e-11
-1.54e-05	-2.66e-05	-6.20493e-11
-1.4e-05	-2.66e-05	-9.81899e-11
-1.26e-05	-2.66e-05	-1.49577e-10
-1.12e-05	-2.66e-05	-2.1863e-10
-9.8e-06	-2.66e-05	-3.05669e-10
-8.4e-06	-2.66e-05	-4.07641e-10
-7e-06	-2.66e-05	-5.17338e-10
-5.6e-06	-2.66e-05	-6.23694e-10
-4.2e-06	-2.66e-05	-7.13431e-10
-2.8e-06	-2.66e-05	-7.73771e-10
-1.4e-06	-2.66e-05	-7.95445e-10
0	-2.66e-05	-7.75006e-10
1.4e-06	-2.66e-05	-7.15715e-10
2.8e-06	-2.66e-05	-6.26702e-10
4.2e-06	-2.66e-05	-5.20677e-10
5.6e-06	-2.66e-05	-4.10938e-10
7e-06	-2.66e-05	-3.08636e-10
8.4e-06	-2.66e-05	-2.21098e-10
9.8e-06	-2.66e-05	-1.51495e-10
1.12e-05	-2.66e-05	-9.95941e-11
1.26e-05	-2.66e-05	-6.30256e-11
1.4e-05	-2.66e-05	-3.85204e-11
1.54e-05	-2.66e-05	-2.2812e-11
1.68e-05	-2.66e-05	-1.31302e-11
1.82e-05	-2.66e-05	-7.36581e-12
1.96e-05	-2.66e-05	-4.03724e-12
2.1e-05	-2.66e-05	-2.16687e-12
2.24e-05	-2.66e-05	-1.14163e-12
2.38e-05	-2.66e-05	-5.91213e-13
2.52e-05	-2.66e-05	-2.89215e-13
2.66e-05	-2.66e-05	-4.51502e-14
