1.4086e+13	0
1.3788e+13	0
1.36654e+13	0
1.35794e+13	0
1.35749e+13	0
1.3523e+13	0
1.3511e+13	0
1.34488e+13	0
1.3425e+13	0
1.33639e+13	0
1.33357e+13	0
1.32681e+13	0
1.32283e+13	0
1.31485e+13	0
1.30877e+13	0
1.30215e+13	0
1.29676e+13	0
1.29542e+13	0
1.2957e+13	0
1.29558e+13	0
1.29269e+13	0
1.29209e+13	0
1.29205e+13	0
1.29166e+13	0
1.29146e+13	0
1.29041e+13	0
1.28803e+13	0
1.28801e+13	0
1.28635e+13	0
1.28615e+13	0
1.28627e+13	0
1.28445e+13	2.86553e+09
1.28445e+13	-2.86553e+09
1.284e+13	0
1.2847e+13	0
1.28192e+13	0
1.28219e+13	0
1.28094e+13	0
1.28126e+13	0
1.27814e+13	0
1.27832e+13	0
1.27835e+13	0
1.27679e+13	0
1.27593e+13	0
1.27585e+13	0
1.27524e+13	0
1.27542e+13	0
1.27412e+13	0
1.27424e+13	0
1.27247e+13	0
1.27207e+13	0
1.27026e+13	0
1.26852e+13	3.45129e+07
1.26852e+13	-3.45129e+07
1.2678e+13	3.86686e+08
1.2678e+13	-3.86686e+08
1.26661e+13	0
1.26571e+13	0
1.26624e+13	0
1.26309e+13	0
1.26473e+13	0
1.26455e+13	0
1.26436e+13	0
1.26443e+13	0
1.26148e+13	0
1.26095e+13	0
1.25904e+13	0
1.25875e+13	0
1.25772e+13	0
1.25751e+13	0
1.257e+13	0
1.25702e+13	0
1.25621e+13	0
1.25497e+13	0
1.2554e+13	0
1.25185e+13	0
1.25207e+13	0
1.25303e+13	0
1.25293e+13	1.42103e+08
1.25293e+13	-1.42103e+08
1.25025e+13	0
1.24824e+13	0
1.2491e+13	0
1.24945e+13	8.99735e+07
1.24945e+13	-8.99735e+07
1.2475e+13	0
1.2449e+13	1.05902e+10
1.2449e+13	-1.05902e+10
1.24673e+13	0
1.2373e+13	0
1.24092e+13	0
1.24206e+13	0
1.24345e+13	0
1.23777e+13	0
1.2388e+13	0
1.24009e+13	0
1.24405e+13	0
1.24613e+13	9.53198e+08
1.24613e+13	-9.53198e+08
1.24409e+13	0
1.23998e+13	0
1.23842e+13	0
1.23848e+13	0
2.6267e+11	0
2.64818e+11	0
2.86691e+11	0
2.87159e+11	0
2.91588e+11	0
2.98506e+11	0
3.16217e+11	0
3.20705e+11	0
3.38414e+11	0
3.34188e+11	0
3.34423e+11	0
3.48492e+11	0
3.69388e+11	0
3.60448e+11	0
3.61907e+11	0
3.82264e+11	0
4.00164e+11	0
4.04391e+11	0
4.02513e+11	0
4.08806e+11	0
4.12633e+11	0
4.1885e+11	0
4.58299e+11	0
4.39588e+11	0
4.28911e+11	0
4.32273e+11	0
1.23408e+13	7.4286e+10
1.23408e+13	-7.4286e+10
1.23661e+13	6.55637e+08
1.23661e+13	-6.55637e+08
1.23521e+13	0
1.23484e+13	0
1.23376e+13	0
1.23257e+13	0
1.23344e+13	0
1.23308e+13	0
1.23325e+13	0
1.2187e+13	0
1.22915e+13	0
1.22826e+13	0
1.23015e+13	0
1.22745e+13	0
1.2209e+13	0
1.2206e+13	0
1.22192e+13	0
1.21935e+13	2.59337e+08
1.21935e+13	-2.59337e+08
1.23013e+13	0
1.22702e+13	0
1.2227e+13	0
1.22486e+13	0
1.226e+13	0
1.22685e+13	0
1.22591e+13	0
1.22465e+13	0
1.22339e+13	0
1.22379e+13	0
1.22358e+13	0
4.70352e+11	0
4.7494e+11	0
4.84224e+11	0
4.87687e+11	0
4.8792e+11	0
5.10298e+11	0
4.96349e+11	0
4.92321e+11	0
5.05533e+11	0
5.36752e+11	0
5.28723e+11	0
5.2075e+11	0
9.13922e+12	0
9.13962e+12	0
9.16288e+12	0
9.16321e+12	0
9.17733e+12	0
9.17884e+12	0
9.20101e+12	0
9.20217e+12	0
9.20998e+12	0
9.2099e+12	0
9.26672e+12	0
9.2638e+12	0
9.2397e+12	0
9.24223e+12	0
9.24864e+12	0
9.24812e+12	0
1.21804e+13	0
1.21652e+13	0
1.21069e+13	0
1.21317e+13	0
1.21368e+13	0
1.21506e+13	0
1.21447e+13	0
1.21222e+13	0
1.21126e+13	1.116e+08
1.21126e+13	-1.116e+08
1.212e+13	0
1.21435e+13	0
1.21545e+13	0
1.21542e+13	0
5.47402e+11	0
5.44984e+11	0
5.6089e+11	0
6.20888e+11	0
5.68174e+11	0
6.09087e+11	0
5.78345e+11	0
6.045e+11	0
6.01532e+11	0
5.97659e+11	0
9.27861e+12	0
9.27847e+12	0
9.30923e+12	0
9.31081e+12	0
9.32484e+12	0
9.31812e+12	0
9.31834e+12	0
1.20729e+13	0
1.20838e+13	0
1.20989e+13	0
1.21013e+13	0
1.21019e+13	0
5.85422e+11	0
5.89194e+11	0
6.19855e+11	0
9.36745e+12	0
9.34888e+12	0
9.35374e+12	0
9.32966e+12	0
1.2032e+13	0
1.20655e+13	0
1.20523e+13	0
1.20569e+13	0
1.20451e+13	2.10661e+09
1.20451e+13	-2.10661e+09
1.20775e+13	0
1.20463e+13	0
6.76832e+11	0
6.61435e+11	0
6.50722e+11	0
6.30258e+11	0
6.31839e+11	0
6.31065e+11	0
9.40674e+12	0
9.40604e+12	0
9.4001e+12	0
9.37954e+12	0
9.37853e+12	0
9.39667e+12	0
9.36738e+12	0
1.20173e+13	0
1.20212e+13	0
1.20189e+13	0
6.51595e+11	0
6.85192e+11	0
6.98571e+11	0
6.94921e+11	0
9.46282e+12	0
9.43622e+12	0
9.43031e+12	0
9.4536e+12	0
9.45674e+12	0
1.19645e+13	6.77627e+10
1.19645e+13	-6.77627e+10
1.19777e+13	0
1.19816e+13	0
1.19882e+13	0
1.19977e+13	6.91991e+08
1.19977e+13	-6.91991e+08
1.20034e+13	0
1.20034e+13	0
7.07867e+11	0
7.11205e+11	0
7.14042e+11	0
7.26143e+11	0
7.23792e+11	0
7.21469e+11	0
7.22341e+11	0
9.5018e+12	0
9.46652e+12	0
9.47218e+12	0
9.4727e+12	0
9.47501e+12	0
9.47475e+12	0
1.19435e+13	0
1.19487e+13	0
1.19687e+13	0
1.19545e+13	3.42973e+09
1.19545e+13	-3.42973e+09
1.1956e+13	0
1.19612e+13	0
1.1962e+13	0
4.09757e+12	0
4.08645e+12	0
4.08492e+12	0
4.06782e+12	0
7.35894e+11	0
7.42821e+11	0
7.47016e+11	0
7.63774e+11	0
7.54e+11	0
9.50712e+12	0
9.51357e+12	0
9.51343e+12	0
1.19139e+13	0
1.19195e+13	0
1.19323e+13	0
4.05748e+12	0
4.05505e+12	0
4.05115e+12	0
4.04695e+12	0
7.70511e+11	0
7.78524e+11	0
4.02366e+12	0
4.02077e+12	0
4.01903e+12	0
9.55356e+12	0
9.55041e+12	0
9.551e+12	0
9.56053e+12	0
1.19088e+13	0
1.18837e+13	0
1.18987e+13	0
1.18947e+13	0
1.18958e+13	0
1.18953e+13	0
4.00983e+12	0
7.95821e+11	0
8.00577e+11	0
4.00231e+12	0
8.07793e+11	0
8.05562e+11	0
3.99287e+12	0
3.9901e+12	0
8.12942e+11	0
8.21199e+11	0
8.23272e+11	0
3.97644e+12	0
9.57038e+12	0
9.57421e+12	0
9.58104e+12	0
9.57683e+12	0
9.57728e+12	0
1.18746e+13	0
1.18648e+13	0
1.18836e+13	0
8.3169e+11	0
8.78718e+11	0
8.40147e+11	2.8592e+08
8.40147e+11	-2.8592e+08
3.96386e+12	0
3.9581e+12	0
3.97232e+12	0
3.95326e+12	0
9.62469e+12	0
9.59047e+12	0
9.59679e+12	0
9.59689e+12	0
1.18632e+13	0
1.18589e+13	0
1.18292e+13	0
1.18421e+13	0
1.18371e+13	0
1.18339e+13	0
1.18388e+13	0
1.18525e+13	0
1.18526e+13	0
8.50968e+11	0
8.66206e+11	0
8.54803e+11	0
8.57286e+11	0
8.56291e+11	0
3.93794e+12	0
3.94416e+12	0
8.86572e+11	0
8.91761e+11	0
8.99975e+11	0
3.91929e+12	0
3.9161e+12	0
3.91138e+12	0
3.91265e+12	2.04062e+08
3.91265e+12	-2.04062e+08
9.63103e+12	0
9.63611e+12	0
9.63522e+12	0
9.66912e+12	0
9.6531e+12	0
9.65338e+12	0
1.18209e+13	0
1.18284e+13	0
1.18095e+13	0
1.18112e+13	0
1.18109e+13	0
1.18042e+13	0
9.03661e+11	0
9.05083e+11	0
9.15912e+11	0
9.22117e+11	0
3.89575e+12	0
9.44469e+11	0
9.41345e+11	0
9.30229e+11	0
9.28276e+11	0
3.88198e+12	0
3.87701e+12	0
3.87156e+12	0
3.8481e+12	0
3.86291e+12	0
3.85956e+12	0
3.85359e+12	0
9.66721e+12	0
9.6905e+12	0
9.69683e+12	0
9.70121e+12	0
9.7023e+12	0
9.69231e+12	0
9.71672e+12	0
1.17908e+13	0
1.18009e+13	0
9.69921e+12	0
9.72939e+12	0
9.76209e+12	0
9.75843e+12	0
9.75757e+12	0
1.17858e+13	0
9.7695e+12	0
9.77054e+12	0
1.17637e+13	0
9.73155e+12	0
9.77236e+12	0
9.73169e+12	0
1.17604e+13	0
1.17259e+13	0
1.17562e+13	0
1.17304e+13	0
1.17513e+13	0
1.1739e+13	2.15311e+09
1.1739e+13	-2.15311e+09
1.17369e+13	0
1.17448e+13	0
1.17427e+13	0
1.17467e+13	0
1.17405e+13	0
9.4778e+11	0
9.535e+11	0
9.59087e+11	0
9.65962e+11	0
3.8374e+12	0
3.82872e+12	0
3.82752e+12	0
9.788e+12	0
9.78668e+12	0
9.79176e+12	0
9.79092e+12	0
1.17124e+13	0
9.72324e+11	0
9.8194e+11	0
9.87024e+11	0
3.81891e+12	0
3.81358e+12	0
1.17018e+13	0
1.1696e+13	0
1.17061e+13	0
1.16859e+13	0
1.16899e+13	0
1.1689e+13	0
1.16906e+13	0
1.17054e+13	0
1.17051e+13	0
9.98236e+11	0
9.98889e+11	0
1.00711e+12	0
1.01068e+12	0
1.01311e+12	0
1.0213e+12	0
1.01985e+12	0
3.80275e+12	0
3.78699e+12	0
3.78258e+12	0
3.78022e+12	0
3.77256e+12	0
3.77455e+12	0
3.76257e+12	0
3.76014e+12	0
3.76572e+12	0
9.8288e+12	0
9.84092e+12	0
9.83832e+12	0
9.83405e+12	0
9.83349e+12	0
9.84864e+12	0
1.16793e+13	3.79832e+08
1.16793e+13	-3.79832e+08
1.16703e+13	0
1.16538e+13	0
1.03368e+12	0
1.03633e+12	0
1.03902e+12	0
1.04562e+12	0
3.74888e+12	0
1.05637e+12	0
1.05443e+12	0
3.7074e+12	0
3.73378e+12	0
3.73162e+12	0
3.72751e+12	0
1.0675e+12	0
1.06963e+12	0
1.0759e+12	0
1.07781e+12	0
9.86451e+12	0
9.87794e+12	8.42579e+07
9.87794e+12	-8.42579e+07
9.89457e+12	0
9.89911e+12	0
9.87685e+12	0
9.87546e+12	0
9.87541e+12	0
9.9324e+12	0
9.9346e+12	0
1.16512e+13	0
9.92458e+12	0
1.16638e+13	1.04242e+07
1.16638e+13	-1.04242e+07
9.90857e+12	0
9.92003e+12	0
1.1653e+13	0
1.16334e+13	0
9.91732e+12	0
1.16289e+13	0
1.16152e+13	0
9.91363e+12	0
9.91388e+12	0
1.16109e+13	0
1.15893e+13	0
1.16072e+13	0
1.15906e+13	0
1.16018e+13	7.91664e+08
1.16018e+13	-7.91664e+08
1.15955e+13	2.06708e+09
1.15955e+13	-2.06708e+09
1.15971e+13	0
1.08277e+12	0
1.0932e+12	0
3.69069e+12	0
3.67981e+12	0
3.69573e+12	0
3.69828e+12	0
3.69881e+12	0
3.67736e+12	0
1.15781e+13	1.30669e+10
1.15781e+13	-1.30669e+10
1.15818e+13	1.16411e+09
1.15818e+13	-1.16411e+09
1.10031e+12	0
1.09908e+12	0
1.11015e+12	0
1.11432e+12	0
1.12423e+12	0
3.6724e+12	0
3.66882e+12	0
3.65907e+12	0
3.65254e+12	0
3.6571e+12	0
3.63391e+12	0
3.64764e+12	0
9.97313e+12	0
9.97695e+12	0
9.97903e+12	0
9.98619e+12	0
9.99908e+12	0
1.0004e+13	0
1.00046e+13	0
9.99522e+12	0
1.15664e+13	0
1.15615e+13	0
1.15653e+13	0
1.15426e+13	0
1.15547e+13	0
1.15534e+13	1.42534e+09
1.15534e+13	-1.42534e+09
1.1327e+12	0
1.13467e+12	0
3.62806e+12	0
1.17017e+12	0
1.17471e+12	0
1.16048e+12	0
1.14487e+12	0
1.15672e+12	0
1.14715e+12	0
1.14987e+12	8.16845e+08
1.14987e+12	-8.16845e+08
3.61086e+12	1.34534e+09
3.61086e+12	-1.34534e+09
3.59163e+12	0
3.60383e+12	0
3.58517e+12	0
3.6018e+12	0
1.00181e+13	0
1.00235e+13	0
1.00274e+13	0
1.00321e+13	0
1.00251e+13	0
1.00396e+13	0
1.00246e+13	0
1.00411e+13	0
1.00832e+13	0
1.00906e+13	0
1.15359e+13	2.29398e+09
1.15359e+13	-2.29398e+09
1.15403e+13	0
1.007e+13	0
1.00592e+13	0
1.00671e+13	0
1.15289e+13	0
1.15116e+13	0
1.14978e+13	0
1.15053e+13	0
1.15038e+13	0
1.00609e+13	0
1.15237e+13	4.49672e+08
1.15237e+13	-4.49672e+08
1.00625e+13	0
1.00629e+13	0
1.15224e+13	0
1.18081e+12	5.35921e+08
1.18081e+12	-5.35921e+08
1.18854e+12	0
3.57239e+12	1.23344e+09
3.57239e+12	-1.23344e+09
1.1478e+13	0
1.1471e+13	0
1.14777e+13	0
1.14759e+13	0
1.1926e+12	0
1.19686e+12	0
3.55234e+12	0
3.56552e+12	0
3.56891e+12	0
1.21397e+12	0
3.56072e+12	0
1.21634e+12	0
1.21454e+12	0
3.54585e+12	0
3.5406e+12	0
3.53333e+12	0
3.52584e+12	8.82871e+08
3.52584e+12	-8.82871e+08
1.01226e+13	0
1.01376e+13	0
1.01324e+13	0
1.01254e+13	1.5484e+08
1.01254e+13	-1.5484e+08
1.01334e+13	0
1.14601e+13	0
1.1456e+13	0
1.14564e+13	0
1.22573e+12	1.51247e+09
1.22573e+12	-1.51247e+09
1.22838e+12	0
1.23503e+12	0
3.51567e+12	0
1.25307e+12	0
1.24462e+12	0
1.24597e+12	0
1.25576e+12	0
1.26426e+12	0
3.50939e+12	0
3.4896e+12	1.17787e+09
3.4896e+12	-1.17787e+09
3.49684e+12	1.49878e+09
3.49684e+12	-1.49878e+09
1.01532e+13	0
1.01539e+13	0
1.14503e+13	0
1.14527e+13	4.01528e+08
1.14527e+13	-4.01528e+08
1.14482e+13	0
1.14438e+13	0
1.14056e+13	0
1.01613e+13	0
1.14144e+13	0
1.1412e+13	0
1.14317e+13	0
1.01633e+13	0
1.02392e+13	0
1.14362e+13	0
1.14365e+13	0
1.01849e+13	0
1.14242e+13	0
1.0198e+13	0
1.02213e+13	0
1.01814e+13	0
1.02163e+13	0
1.01773e+13	2.29425e+08
1.01773e+13	-2.29425e+08
1.01746e+13	0
1.14241e+13	0
1.02146e+13	0
1.0175e+13	0
1.02134e+13	0
1.02129e+13	0
1.0212e+13	0
1.01765e+13	0
1.26868e+12	0
3.47916e+12	0
3.46262e+12	0
3.46973e+12	0
3.46708e+12	0
1.02497e+13	0
1.13977e+13	0
1.13951e+13	9.6729e+07
1.13951e+13	-9.6729e+07
1.27709e+12	0
1.28438e+12	0
3.45353e+12	0
1.29019e+12	0
1.29746e+12	0
1.29687e+12	0
3.43496e+12	1.96974e+09
3.43496e+12	-1.96974e+09
1.02649e+13	0
1.02676e+13	0
1.02699e+13	0
1.02801e+13	0
1.02774e+13	0
1.1385e+13	0
1.13903e+13	0
1.13893e+13	0
1.13868e+13	0
1.1384e+13	0
1.30118e+12	0
1.31998e+12	0
1.3166e+12	0
1.30435e+12	0
1.31182e+12	0
1.30759e+12	0
1.33059e+12	0
3.43168e+12	0
3.43094e+12	0
3.42103e+12	0
3.4125e+12	0
3.41024e+12	0
3.38818e+12	0
3.37719e+12	2.14198e+09
3.37719e+12	-2.14198e+09
3.37576e+12	0
3.40361e+12	0
3.40093e+12	0
3.39788e+12	0
3.39634e+12	0
1.02896e+13	0
1.02883e+13	0
1.13711e+13	0
1.02983e+13	0
1.13434e+13	0
1.03672e+13	1.33882e+09
1.03672e+13	-1.33882e+09
1.13362e+13	0
1.13657e+13	0
1.13593e+13	0
1.13532e+13	0
1.13539e+13	0
1.13652e+13	0
1.03097e+13	0
1.03529e+13	0
1.034e+13	0
1.0315e+13	0
1.03377e+13	0
1.03344e+13	0
1.03175e+13	0
1.03233e+13	0
1.03269e+13	0
1.03257e+13	0
1.03208e+13	0
1.03205e+13	0
1.3358e+12	0
1.33684e+12	0
3.36146e+12	0
1.03618e+13	0
1.35287e+12	0
1.34745e+12	0
3.34349e+12	0
3.35161e+12	1.52105e+09
3.35161e+12	-1.52105e+09
3.34902e+12	0
1.03949e+13	0
1.0375e+13	0
1.03637e+13	0
1.03634e+13	0
1.13218e+13	0
1.13312e+13	0
1.13298e+13	0
1.1328e+13	0
1.13279e+13	0
1.35604e+12	0
1.36187e+12	0
1.36535e+12	0
3.33109e+12	0
3.33565e+12	0
1.37991e+12	1.08754e+09
1.37991e+12	-1.08754e+09
1.37642e+12	0
1.37306e+12	8.15526e+07
1.37306e+12	-8.15526e+07
3.31674e+12	0
1.0407e+13	0
1.04046e+13	0
1.04173e+13	0
1.04105e+13	0
1.13208e+13	0
1.13213e+13	0
1.39318e+12	0
1.40437e+12	0
1.40054e+12	0
1.39757e+12	0
3.29934e+12	0
3.29748e+12	0
3.29281e+12	0
3.28688e+12	0
3.28509e+12	0
3.26827e+12	0
3.27251e+12	1.54885e+09
3.27251e+12	-1.54885e+09
3.282e+12	0
3.27768e+12	0
1.04241e+13	3.65769e+08
1.04241e+13	-3.65769e+08
1.0431e+13	0
1.04385e+13	0
1.04441e+13	0
1.04489e+13	0
1.04637e+13	0
1.13081e+13	0
1.04584e+13	0
1.13039e+13	0
1.12986e+13	0
1.12977e+13	0
1.12734e+13	0
1.12959e+13	0
1.12869e+13	0
1.12852e+13	0
1.12788e+13	0
1.12799e+13	0
1.1281e+13	0
1.12823e+13	0
1.42134e+12	1.70764e+09
1.42134e+12	-1.70764e+09
1.41503e+12	0
3.26427e+12	0
1.12661e+13	0
1.43608e+12	0
3.25774e+12	0
3.22958e+12	2.12283e+09
3.22958e+12	-2.12283e+09
3.23647e+12	0
3.24836e+12	4.10197e+08
3.24836e+12	-4.10197e+08
3.24526e+12	0
1.04844e+13	0
1.04611e+13	0
1.0475e+13	2.40838e+09
1.0475e+13	-2.40838e+09
1.04769e+13	0
1.04715e+13	0
1.43996e+12	0
1.44128e+12	0
1.44598e+12	0
1.4473e+12	0
1.45154e+12	5.7742e+08
1.45154e+12	-5.7742e+08
1.46439e+12	2.10322e+09
1.46439e+12	-2.10322e+09
3.21991e+12	0
3.21046e+12	8.54526e+08
3.21046e+12	-8.54526e+08
3.19776e+12	1.72472e+09
3.19776e+12	-1.72472e+09
3.19605e+12	0
1.04937e+13	8.79561e+08
1.04937e+13	-8.79561e+08
1.05146e+13	1.78502e+09
1.05146e+13	-1.78502e+09
1.1254e+13	0
1.04695e+13	0
1.04696e+13	0
1.12501e+13	0
1.12488e+13	0
1.12478e+13	0
1.12493e+13	0
1.4559e+12	0
1.47827e+12	0
1.48373e+12	0
1.48459e+12	0
3.16509e+12	0
3.16949e+12	0
3.17842e+12	0
3.15876e+12	0
1.05251e+13	0
1.05139e+13	0
1.05072e+13	0
1.05082e+13	9.60379e+07
1.05082e+13	-9.60379e+07
1.05461e+13	0
1.05688e+13	2.46389e+09
1.05688e+13	-2.46389e+09
1.05526e+13	0
1.05545e+13	0
1.05585e+13	0
1.12457e+13	0
1.12429e+13	0
1.12373e+13	0
1.12354e+13	0
1.12341e+13	0
1.12251e+13	0
1.12283e+13	2.22471e+08
1.12283e+13	-2.22471e+08
1.12121e+13	5.48624e+08
1.12121e+13	-5.48624e+08
1.12229e+13	9.05398e+07
1.12229e+13	-9.05398e+07
1.12132e+13	7.81141e+08
1.12132e+13	-7.81141e+08
1.12137e+13	0
3.15388e+12	0
3.14504e+12	0
1.48979e+12	0
1.49196e+12	0
1.5017e+12	9.6814e+08
1.5017e+12	-9.6814e+08
1.49815e+12	0
1.05711e+13	5.38569e+08
1.05711e+13	-5.38569e+08
1.05671e+13	0
1.1195e+13	0
1.51009e+12	0
1.51158e+12	0
1.52195e+12	1.4295e+09
1.52195e+12	-1.4295e+09
1.52588e+12	0
1.53121e+12	0
1.53292e+12	0
1.53629e+12	0
3.13968e+12	0
3.13787e+12	0
3.13596e+12	0
3.12008e+12	0
3.13254e+12	3.66036e+08
3.13254e+12	-3.66036e+08
3.12841e+12	0
3.11186e+12	1.54669e+09
3.11186e+12	-1.54669e+09
3.11553e+12	0
3.09971e+12	0
3.10745e+12	0
1.05964e+13	4.17368e+09
1.05964e+13	-4.17368e+09
1.05972e+13	0
1.11707e+13	2.37973e+10
1.11707e+13	-2.37973e+10
1.11829e+13	0
1.11818e+13	5.76659e+08
1.11818e+13	-5.76659e+08
1.54591e+12	0
1.55196e+12	0
1.55591e+12	0
3.08916e+12	0
3.09369e+12	0
3.0584e+12	0
3.06988e+12	0
3.05384e+12	0
3.07611e+12	1.41884e+09
3.07611e+12	-1.41884e+09
3.07827e+12	0
1.11802e+13	0
1.11729e+13	0
1.06027e+13	0
1.06167e+13	0
1.06098e+13	0
1.06076e+13	0
1.0625e+13	1.06907e+09
1.0625e+13	-1.06907e+09
1.06228e+13	0
1.06134e+13	0
1.11654e+13	0
1.11628e+13	0
1.06742e+13	0
1.06046e+13	0
1.116e+13	0
1.11465e+13	0
1.06374e+13	0
1.0641e+13	0
1.11561e+13	0
1.0649e+13	0
1.11543e+13	0
1.06583e+13	6.77573e+08
1.06583e+13	-6.77573e+08
1.11506e+13	0
1.11502e+13	0
1.06434e+13	0
1.06566e+13	0
1.06544e+13	0
1.06045e+13	0
1.06434e+13	0
1.56288e+12	0
1.56978e+12	0
3.04959e+12	0
1.11402e+13	0
1.11435e+13	2.51432e+08
1.11435e+13	-2.51432e+08
1.11445e+13	0
1.57249e+12	0
3.03928e+12	5.84615e+08
3.03928e+12	-5.84615e+08
1.58124e+12	0
1.58314e+12	0
3.03424e+12	0
3.02677e+12	0
1.5885e+12	0
1.58729e+12	0
1.06969e+13	0
1.11352e+13	0
1.11374e+13	0
1.11396e+13	0
1.11364e+13	0
1.59132e+12	0
1.59812e+12	0
1.59317e+12	0
1.60963e+12	0
3.01571e+12	0
3.01086e+12	0
1.61486e+12	0
1.6047e+12	0
1.61668e+12	0
3.00129e+12	1.69104e+09
3.00129e+12	-1.69104e+09
2.97674e+12	0
2.99468e+12	0
2.99187e+12	0
2.98929e+12	0
2.98487e+12	1.55928e+09
2.98487e+12	-1.55928e+09
2.98322e+12	0
1.06986e+13	0
1.07023e+13	2.10327e+09
1.07023e+13	-2.10327e+09
1.07153e+13	3.609e+08
1.07153e+13	-3.609e+08
1.07056e+13	0
1.07062e+13	0
1.07232e+13	0
1.0747e+13	0
1.07373e+13	0
1.11254e+13	0
1.07067e+13	0
1.07294e+13	0
1.07269e+13	0
1.07274e+13	0
1.11226e+13	0
1.1124e+13	0
1.1118e+13	0
1.11143e+13	0
1.10978e+13	0
1.11105e+13	0
1.1107e+13	5.56619e+08
1.1107e+13	-5.56619e+08
1.11093e+13	0
1.11083e+13	0
1.11004e+13	0
1.11013e+13	3.79936e+08
1.11013e+13	-3.79936e+08
1.11018e+13	0
1.62221e+12	0
2.96792e+12	0
2.96362e+12	0
2.97253e+12	0
2.95489e+12	0
2.95621e+12	0
1.07416e+13	0
1.07453e+13	0
1.62875e+12	0
1.62641e+12	0
1.63227e+12	0
1.6334e+12	0
1.63706e+12	0
1.64761e+12	0
1.64445e+12	0
2.94725e+12	0
2.94367e+12	0
2.93206e+12	0
2.9374e+12	0
2.94013e+12	0
1.07499e+13	0
1.07554e+13	0
1.07592e+13	0
1.10876e+13	0
1.10919e+13	0
1.10924e+13	0
1.65387e+12	0
2.92013e+12	0
1.65841e+12	0
1.65231e+12	0
1.6782e+12	0
1.67138e+12	1.67591e+08
1.67138e+12	-1.67591e+08
1.66654e+12	0
2.91369e+12	0
2.89776e+12	0
2.91057e+12	0
2.90464e+12	0
2.90256e+12	0
2.90753e+12	0
1.07636e+13	0
1.0766e+13	0
1.0776e+13	0
1.07672e+13	0
1.07859e+13	1.58472e+09
1.07859e+13	-1.58472e+09
1.0771e+13	5.76481e+08
1.0771e+13	-5.76481e+08
1.08042e+13	0
1.10775e+13	0
1.10675e+13	0
1.10857e+13	0
1.10858e+13	0
1.08081e+13	0
1.07692e+13	0
1.07898e+13	0
1.10768e+13	0
1.07932e+13	0
1.07947e+13	0
1.1077e+13	0
1.10569e+13	0
1.10625e+13	0
1.10623e+13	0
1.10509e+13	0
1.10505e+13	0
1.1047e+13	0
1.68508e+12	0
2.88802e+12	0
1.69537e+12	0
1.68859e+12	0
2.88013e+12	0
1.70188e+12	0
1.68719e+12	0
2.87813e+12	0
2.86476e+12	0
2.86077e+12	0
1.10455e+13	0
1.10459e+13	0
1.71095e+12	0
1.71411e+12	0
1.71826e+12	0
1.72158e+12	0
1.72308e+12	0
2.86109e+12	0
2.85083e+12	2.3921e+09
2.85083e+12	-2.3921e+09
2.85613e+12	0
2.84848e+12	0
1.72899e+12	4.61839e+08
1.72899e+12	-4.61839e+08
2.84204e+12	0
1.72952e+12	0
2.8185e+12	8.06631e+08
2.8185e+12	-8.06631e+08
2.83833e+12	0
2.83536e+12	0
2.83084e+12	0
2.8272e+12	0
1.08238e+13	0
1.08291e+13	1.67301e+08
1.08291e+13	-1.67301e+08
1.08341e+13	2.67828e+08
1.08341e+13	-2.67828e+08
1.08343e+13	0
1.0974e+13	0
1.09787e+13	0
1.10398e+13	0
1.10341e+13	0
1.10242e+13	0
1.10279e+13	0
1.10179e+13	1.25632e+09
1.10179e+13	-1.25632e+09
1.10199e+13	0
1.10293e+13	0
1.10378e+13	1.94608e+08
1.10378e+13	-1.94608e+08
1.10383e+13	0
1.1039e+13	0
1.10297e+13	0
1.10313e+13	0
1.10387e+13	0
1.10117e+13	2.59962e+08
1.10117e+13	-2.59962e+08
1.10311e+13	0
1.10016e+13	0
1.10077e+13	0
1.1006e+13	0
1.1009e+13	0
1.10095e+13	0
1.73641e+12	0
1.7396e+12	0
2.81291e+12	0
1.74368e+12	0
1.08375e+13	0
1.08429e+13	0
1.09592e+13	0
1.09619e+13	4.98018e+07
1.09619e+13	-4.98018e+07
1.09881e+13	0
1.09781e+13	0
1.09997e+13	0
1.10009e+13	0
1.74539e+12	0
2.79812e+12	0
1.75653e+12	0
2.78881e+12	2.07549e+09
2.78881e+12	-2.07549e+09
2.80357e+12	0
2.80757e+12	0
1.75258e+12	6.80229e+08
1.75258e+12	-6.80229e+08
1.75366e+12	0
2.78182e+12	0
2.80612e+12	0
1.08461e+13	0
1.08791e+13	0
1.08607e+13	0
1.08685e+13	0
1.08693e+13	0
1.08565e+13	1.42593e+09
1.08565e+13	-1.42593e+09
1.08724e+13	0
1.08955e+13	0
1.08727e+13	0
1.08528e+13	0
2.77275e+12	0
2.76976e+12	0
2.74411e+12	1.85708e+09
2.74411e+12	-1.85708e+09
2.7682e+12	0
2.76515e+12	0
1.7728e+12	0
1.78108e+12	0
1.76898e+12	0
1.78819e+12	0
1.76861e+12	0
1.77669e+12	1.26334e+09
1.77669e+12	-1.26334e+09
2.75658e+12	0
1.78637e+12	0
2.76195e+12	0
2.75456e+12	0
1.08909e+13	0
1.09505e+13	0
1.09476e+13	0
1.08895e+13	0
1.08864e+13	0
1.09979e+13	0
1.08487e+13	1.01861e+08
1.08487e+13	-1.01861e+08
1.09058e+13	0
1.09096e+13	0
1.09968e+13	1.14359e+08
1.09968e+13	-1.14359e+08
1.09368e+13	0
1.09285e+13	0
1.09316e+13	0
1.09069e+13	0
1.09147e+13	0
1.08878e+13	0
1.09919e+13	0
1.09918e+13	0
2.73119e+12	0
1.83291e+12	0
1.79833e+12	8.59519e+08
1.79833e+12	-8.59519e+08
1.80947e+12	8.03994e+08
1.80947e+12	-8.03994e+08
1.09418e+13	6.24126e+08
1.09418e+13	-6.24126e+08
1.09169e+13	1.0409e+08
1.09169e+13	-1.0409e+08
1.09221e+13	0
1.80593e+12	0
1.82789e+12	0
1.82284e+12	0
1.81718e+12	0
1.8142e+12	0
2.72482e+12	0
2.72124e+12	0
2.72098e+12	0
2.71717e+12	0
2.72342e+12	0
2.71062e+12	1.17589e+09
2.71062e+12	-1.17589e+09
2.70705e+12	0
2.66213e+12	0
2.66768e+12	0
2.67551e+12	0
2.67256e+12	0
2.68035e+12	0
2.68618e+12	1.22115e+08
2.68618e+12	-1.22115e+08
2.69579e+12	0
2.69515e+12	0
2.69232e+12	0
1.09422e+13	0
1.0918e+13	0
1.09233e+13	5.62616e+07
1.09233e+13	-5.62616e+07
1.84105e+12	0
1.84363e+12	0
2.66651e+12	0
2.65618e+12	0
2.65252e+12	0
2.64045e+12	1.32321e+09
2.64045e+12	-1.32321e+09
2.63817e+12	6.49594e+08
2.63817e+12	-6.49594e+08
1.0938e+13	0
1.849e+12	0
1.85114e+12	0
1.8515e+12	0
1.85576e+12	0
1.8532e+12	0
1.86237e+12	1.83585e+09
1.86237e+12	-1.83585e+09
1.86151e+12	0
1.86939e+12	0
1.87037e+12	0
1.86694e+12	0
1.87523e+12	0
1.88917e+12	0
1.89107e+12	0
1.87964e+12	0
2.62836e+12	0
1.89741e+12	0
1.88097e+12	0
1.89972e+12	0
2.62189e+12	0
2.63736e+12	0
1.90096e+12	0
2.61719e+12	0
2.61372e+12	0
2.61216e+12	0
2.60375e+12	0
2.60212e+12	0
2.60806e+12	0
2.58962e+12	0
2.59408e+12	0
2.55252e+12	3.30428e+09
2.55252e+12	-3.30428e+09
2.58315e+12	0
2.55117e+12	0
2.59838e+12	0
2.57249e+12	1.91627e+09
2.57249e+12	-1.91627e+09
2.56212e+12	0
2.56552e+12	0
2.57541e+12	0
1.90742e+12	0
1.91072e+12	0
2.54515e+12	0
2.56426e+12	0
2.56648e+12	0
1.91743e+12	0
1.92414e+12	2.19472e+09
1.92414e+12	-2.19472e+09
1.93472e+12	0
1.92756e+12	0
1.93242e+12	0
1.91397e+12	0
2.53623e+12	0
2.54138e+12	0
2.53149e+12	0
2.51809e+12	0
2.52334e+12	0
2.52668e+12	0
2.52536e+12	0
1.9379e+12	0
1.94379e+12	0
1.9469e+12	0
1.98572e+12	0
1.94934e+12	0
1.95023e+12	0
1.95499e+12	1.26399e+09
1.95499e+12	-1.26399e+09
1.9752e+12	1.49064e+09
1.9752e+12	-1.49064e+09
2.51385e+12	0
1.96156e+12	0
1.97361e+12	0
1.96764e+12	0
1.95881e+12	0
2.50626e+12	3.73331e+08
2.50626e+12	-3.73331e+08
1.95692e+12	0
2.50336e+12	0
2.50022e+12	0
2.49534e+12	0
2.49819e+12	0
2.48653e+12	1.61354e+09
2.48653e+12	-1.61354e+09
2.43998e+12	0
2.48422e+12	0
2.46165e+12	0
2.47358e+12	0
2.47785e+12	0
2.47655e+12	0
2.44659e+12	0
2.4492e+12	1.20772e+09
2.4492e+12	-1.20772e+09
2.45753e+12	0
2.46826e+12	0
2.45197e+12	0
2.48171e+12	0
1.98728e+12	0
1.99158e+12	8.42563e+08
1.99158e+12	-8.42563e+08
1.98891e+12	0
2.43424e+12	7.98542e+08
2.43424e+12	-7.98542e+08
1.99339e+12	0
1.99579e+12	0
2.00947e+12	0
2.0062e+12	0
2.00366e+12	1.27645e+08
2.00366e+12	-1.27645e+08
2.41449e+12	0
2.42137e+12	0
2.42649e+12	0
2.42954e+12	0
2.42335e+12	0
2.01841e+12	1.86387e+09
2.01841e+12	-1.86387e+09
2.40858e+12	0
2.4075e+12	0
2.40615e+12	0
2.39752e+12	8.55439e+08
2.39752e+12	-8.55439e+08
2.01927e+12	0
2.43073e+12	0
2.40267e+12	3.36884e+08
2.40267e+12	-3.36884e+08
2.38275e+12	1.41943e+09
2.38275e+12	-1.41943e+09
2.38175e+12	1.55347e+09
2.38175e+12	-1.55347e+09
2.03065e+12	0
2.37369e+12	0
2.37613e+12	0
2.03469e+12	1.4285e+09
2.03469e+12	-1.4285e+09
2.37136e+12	0
2.37523e+12	0
2.36742e+12	0
2.07795e+12	0
2.07285e+12	9.39671e+08
2.07285e+12	-9.39671e+08
2.06876e+12	0
2.03606e+12	0
2.06405e+12	8.59699e+08
2.06405e+12	-8.59699e+08
2.36178e+12	0
2.3631e+12	0
2.03918e+12	0
2.04238e+12	7.28834e+08
2.04238e+12	-7.28834e+08
2.04492e+12	0
2.05046e+12	0
2.04868e+12	0
2.05879e+12	0
2.0557e+12	3.04374e+08
2.0557e+12	-3.04374e+08
2.03825e+12	0
2.34233e+12	0
2.3481e+12	0
2.33869e+12	0
2.35349e+12	0
2.35109e+12	0
2.35349e+12	1.55502e+09
2.35349e+12	-1.55502e+09
2.33237e+12	0
2.33578e+12	0
2.33407e+12	0
2.27885e+12	0
2.32497e+12	0
2.28596e+12	1.68982e+09
2.28596e+12	-1.68982e+09
2.31565e+12	0
2.30425e+12	9.34542e+08
2.30425e+12	-9.34542e+08
2.32106e+12	0
2.31943e+12	0
2.04764e+12	0
2.32021e+12	0
2.31871e+12	0
2.30136e+12	0
2.29764e+12	0
2.2969e+12	0
2.29485e+12	0
2.29458e+12	0
2.2992e+12	0
2.10051e+12	5.5589e+08
2.10051e+12	-5.5589e+08
2.08908e+12	0
2.09554e+12	8.84541e+08
2.09554e+12	-8.84541e+08
2.0797e+12	0
2.08172e+12	5.36293e+08
2.08172e+12	-5.36293e+08
2.26993e+12	2.57088e+08
2.26993e+12	-2.57088e+08
2.27587e+12	0
2.27514e+12	0
2.27325e+12	0
2.10299e+12	0
2.10529e+12	0
2.11146e+12	0
2.12028e+12	0
2.11431e+12	0
2.26501e+12	0
2.26149e+12	0
2.25375e+12	1.21647e+08
2.25375e+12	-1.21647e+08
2.23598e+12	0
2.23076e+12	0
2.26012e+12	0
2.25842e+12	1.67405e+08
2.25842e+12	-1.67405e+08
2.25732e+12	0
2.23283e+12	0
2.24155e+12	1.15327e+09
2.24155e+12	-1.15327e+09
2.25014e+12	0
2.23984e+12	0
2.24833e+12	0
2.24615e+12	0
2.12432e+12	0
2.11682e+12	0
2.1165e+12	0
2.22718e+12	1.41992e+09
2.22718e+12	-1.41992e+09
2.126e+12	0
2.11781e+12	0
2.11618e+12	0
2.12943e+12	0
2.21842e+12	0
2.22613e+12	0
2.13214e+12	0
2.21599e+12	0
2.21313e+12	0
2.21489e+12	0
2.13585e+12	0
2.21403e+12	0
2.20901e+12	0
2.13393e+12	0
2.20526e+12	0
2.20264e+12	7.25762e+08
2.20264e+12	-7.25762e+08
2.14009e+12	0
2.14168e+12	0
2.14091e+12	0
2.14525e+12	0
2.15291e+12	0
2.15442e+12	0
2.14911e+12	0
2.14295e+12	0
2.14781e+12	0
2.17116e+12	3.13578e+09
2.17116e+12	-3.13578e+09
2.15684e+12	0
2.1674e+12	0
2.16102e+12	1.51629e+09
2.16102e+12	-1.51629e+09
2.15046e+12	0
2.16282e+12	0
2.19506e+12	4.32003e+08
2.19506e+12	-4.32003e+08
2.17899e+12	3.17088e+09
2.17899e+12	-3.17088e+09
2.1758e+12	0
2.19403e+12	0
2.16502e+12	0
2.16457e+12	0
2.19195e+12	0
2.1894e+12	0
2.1871e+12	1.51075e+09
2.1871e+12	-1.51075e+09
2.1813e+12	0
2.18815e+12	0
2.1831e+12	0
2.18551e+12	0
2.18408e+12	0
2.18647e+12	0
