-2.88e-05	-2.88e-05	-4.57874e-17
-2.736e-05	-2.88e-05	3.6987e-17
-2.592e-05	-2.88e-05	5.21123e-17
-2.448e-05	-2.88e-05	-2.95911e-17
-2.304e-05	-2.88e-05	-1.59811e-16
-2.16e-05	-2.88e-05	9.75297e-17
-2.016e-05	-2.88e-05	1.98748e-18
-1.872e-05	-2.88e-05	2.0974e-17
-1.728e-05	-2.88e-05	1.19424e-17
-1.584e-05	-2.88e-05	3.33787e-17
-1.44e-05	-2.88e-05	1.18699e-16
-1.296e-05	-2.88e-05	4.46929e-17
-1.152e-05	-2.88e-05	1.18297e-16
-1.008e-05	-2.88e-05	8.12081e-19
-8.64e-06	-2.88e-05	5.94046e-18
-7.2e-06	-2.88e-05	-1.35362e-17
-5.76e-06	-2.88e-05	8.91906e-18
-4.32e-06	-2.88e-05	-4.13782e-18
-2.88e-06	-2.88e-05	-1.82516e-18
-1.44e-06	-2.88e-05	1.02009e-17
0	-2.88e-05	-4.18038e-17
1.44e-06	-2.88e-05	-3.83657e-17
2.88e-06	-2.88e-05	5.17098e-17
4.32e-06	-2.88e-05	-5.26322e-17
5.76e-06	-2.88e-05	3.50136e-17
7.2e-06	-2.88e-05	-8.90262e-17
8.64e-06	-2.88e-05	1.29685e-17
1.008e-05	-2.88e-05	-2.49795e-17
1.152e-05	-2.88e-05	5.25785e-17
1.296e-05	-2.88e-05	-9.81031e-18
1.44e-05	-2.88e-05	3.76295e-17
1.584e-05	-2.88e-05	-7.87078e-17
1.728e-05	-2.88e-05	7.63043e-17
1.872e-05	-2.88e-05	-1.13365e-16
2.016e-05	-2.88e-05	-6.51251e-17
2.16e-05	-2.88e-05	-1.29171e-17
2.304e-05	-2.88e-05	-1.48218e-16
2.448e-05	-2.88e-05	8.38588e-17
2.592e-05	-2.88e-05	1.79641e-16
2.736e-05	-2.88e-05	-1.68297e-16
-2.88e-05	-2.736e-05	-2.70225e-17
-2.736e-05	-2.736e-05	-1.03459e-16
-2.592e-05	-2.736e-05	3.06305e-16
-2.448e-05	-2.736e-05	-1.26496e-16
-2.304e-05	-2.736e-05	-1.44356e-16
-2.16e-05	-2.736e-05	-1.34652e-17
-2.016e-05	-2.736e-05	-7.14136e-17
-1.872e-05	-2.736e-05	-2.66725e-16
-1.728e-05	-2.736e-05	-1.4623e-16
-1.584e-05	-2.736e-05	1.58394e-17
-1.44e-05	-2.736e-05	1.50906e-16
-1.296e-05	-2.736e-05	1.26313e-17
-1.152e-05	-2.736e-05	-5.62828e-18
-1.008e-05	-2.736e-05	2.21722e-16
-8.64e-06	-2.736e-05	1.01666e-16
-7.2e-06	-2.736e-05	3.68049e-17
-5.76e-06	-2.736e-05	8.61374e-17
-4.32e-06	-2.736e-05	-1.33767e-16
-2.88e-06	-2.736e-05	1.92447e-16
-1.44e-06	-2.736e-05	2.34012e-17
0	-2.736e-05	3.64275e-17
1.44e-06	-2.736e-05	1.41839e-18
2.88e-06	-2.736e-05	-5.83564e-18
4.32e-06	-2.736e-05	1.10366e-16
5.76e-06	-2.736e-05	-7.98829e-17
7.2e-06	-2.736e-05	4.75781e-17
8.64e-06	-2.736e-05	-6.62492e-17
1.008e-05	-2.736e-05	1.48445e-16
1.152e-05	-2.736e-05	-8.19497e-17
1.296e-05	-2.736e-05	7.46284e-18
1.44e-05	-2.736e-05	-1.14651e-16
1.584e-05	-2.736e-05	3.33122e-16
1.728e-05	-2.736e-05	2.75199e-17
1.872e-05	-2.736e-05	7.89705e-17
2.016e-05	-2.736e-05	4.7824e-17
2.16e-05	-2.736e-05	-1.82987e-16
2.304e-05	-2.736e-05	1.03044e-16
2.448e-05	-2.736e-05	-6.64912e-17
2.592e-05	-2.736e-05	-2.32598e-17
2.736e-05	-2.736e-05	8.56808e-17
-2.88e-05	-2.592e-05	-1.32653e-16
-2.736e-05	-2.592e-05	2.49096e-16
-2.592e-05	-2.592e-05	-1.16496e-16
-2.448e-05	-2.592e-05	1.99317e-17
-2.304e-05	-2.592e-05	-2.19053e-17
-2.16e-05	-2.592e-05	7.55835e-17
-2.016e-05	-2.592e-05	-5.04227e-17
-1.872e-05	-2.592e-05	-5.60528e-17
-1.728e-05	-2.592e-05	-6.84984e-16
-1.584e-05	-2.592e-05	-2.93328e-16
-1.44e-05	-2.592e-05	-1.30321e-17
-1.296e-05	-2.592e-05	3.42544e-16
-1.152e-05	-2.592e-05	-1.40919e-16
-1.008e-05	-2.592e-05	3.57598e-16
-8.64e-06	-2.592e-05	4.1669e-16
-7.2e-06	-2.592e-05	2.75813e-16
-5.76e-06	-2.592e-05	2.0499e-16
-4.32e-06	-2.592e-05	-1.03214e-16
-2.88e-06	-2.592e-05	3.02608e-16
-1.44e-06	-2.592e-05	-1.73484e-16
0	-2.592e-05	2.25974e-16
1.44e-06	-2.592e-05	2.77735e-17
2.88e-06	-2.592e-05	-9.44009e-17
4.32e-06	-2.592e-05	-3.75619e-16
5.76e-06	-2.592e-05	-3.79231e-16
7.2e-06	-2.592e-05	-2.78227e-16
8.64e-06	-2.592e-05	1.13785e-17
1.008e-05	-2.592e-05	-7.79562e-17
1.152e-05	-2.592e-05	1.36194e-16
1.296e-05	-2.592e-05	-2.45004e-16
1.44e-05	-2.592e-05	-2.33585e-17
1.584e-05	-2.592e-05	-3.32167e-17
1.728e-05	-2.592e-05	3.4257e-17
1.872e-05	-2.592e-05	2.594e-17
2.016e-05	-2.592e-05	-1.79149e-17
2.16e-05	-2.592e-05	4.87037e-17
2.304e-05	-2.592e-05	7.67086e-18
2.448e-05	-2.592e-05	2.59697e-17
2.592e-05	-2.592e-05	1.98908e-17
2.736e-05	-2.592e-05	-1.02746e-16
-2.88e-05	-2.448e-05	2.3804e-17
-2.736e-05	-2.448e-05	-1.03018e-16
-2.592e-05	-2.448e-05	4.38053e-17
-2.448e-05	-2.448e-05	-3.48852e-17
-2.304e-05	-2.448e-05	9.12724e-17
-2.16e-05	-2.448e-05	5.02e-17
-2.016e-05	-2.448e-05	-1.04058e-17
-1.872e-05	-2.448e-05	4.73471e-17
-1.728e-05	-2.448e-05	-6.9661e-18
-1.584e-05	-2.448e-05	1.11084e-17
-1.44e-05	-2.448e-05	-2.28946e-17
-1.296e-05	-2.448e-05	9.63647e-17
-1.152e-05	-2.448e-05	2.34615e-17
-1.008e-05	-2.448e-05	8.60471e-17
-8.64e-06	-2.448e-05	1.72781e-17
-7.2e-06	-2.448e-05	3.91194e-17
-5.76e-06	-2.448e-05	-6.29664e-18
-4.32e-06	-2.448e-05	1.09119e-17
-2.88e-06	-2.448e-05	-9.95528e-18
-1.44e-06	-2.448e-05	2.94417e-17
0	-2.448e-05	-2.35035e-17
1.44e-06	-2.448e-05	1.31992e-18
2.88e-06	-2.448e-05	1.39148e-17
4.32e-06	-2.448e-05	-2.34931e-17
5.76e-06	-2.448e-05	-4.44326e-17
7.2e-06	-2.448e-05	2.06016e-17
8.64e-06	-2.448e-05	-6.75334e-17
1.008e-05	-2.448e-05	6.85399e-17
1.152e-05	-2.448e-05	-7.53091e-17
1.296e-05	-2.448e-05	9.26184e-17
1.44e-05	-2.448e-05	-5.96233e-18
1.584e-05	-2.448e-05	7.32692e-18
1.728e-05	-2.448e-05	4.11081e-17
1.872e-05	-2.448e-05	-9.34497e-18
2.016e-05	-2.448e-05	8.11565e-17
2.16e-05	-2.448e-05	-1.11344e-17
2.304e-05	-2.448e-05	8.14011e-17
2.448e-05	-2.448e-05	3.54767e-18
2.592e-05	-2.448e-05	3.35415e-17
2.736e-05	-2.448e-05	4.34013e-17
-2.88e-05	-2.304e-05	-5.81204e-18
-2.736e-05	-2.304e-05	6.84464e-17
-2.592e-05	-2.304e-05	-4.65364e-18
-2.448e-05	-2.304e-05	8.32479e-17
-2.304e-05	-2.304e-05	3.68308e-17
-2.16e-05	-2.304e-05	-8.08682e-17
-2.016e-05	-2.304e-05	6.92591e-17
-1.872e-05	-2.304e-05	6.91297e-17
-1.728e-05	-2.304e-05	1.02059e-16
-1.584e-05	-2.304e-05	-1.53528e-17
-1.44e-05	-2.304e-05	2.78863e-17
-1.296e-05	-2.304e-05	5.91805e-17
-1.152e-05	-2.304e-05	4.54561e-17
-1.008e-05	-2.304e-05	1.81916e-17
-8.64e-06	-2.304e-05	1.54856e-17
-7.2e-06	-2.304e-05	-1.77107e-17
-5.76e-06	-2.304e-05	2.94489e-17
-4.32e-06	-2.304e-05	-4.881e-17
-2.88e-06	-2.304e-05	5.75329e-17
-1.44e-06	-2.304e-05	-4.5584e-17
0	-2.304e-05	-7.36911e-18
1.44e-06	-2.304e-05	2.40494e-17
2.88e-06	-2.304e-05	-1.27814e-17
4.32e-06	-2.304e-05	-4.81084e-18
5.76e-06	-2.304e-05	-3.75848e-17
7.2e-06	-2.304e-05	1.83292e-17
8.64e-06	-2.304e-05	-1.62843e-18
1.008e-05	-2.304e-05	-1.80865e-18
1.152e-05	-2.304e-05	1.43983e-17
1.296e-05	-2.304e-05	-2.32373e-17
1.44e-05	-2.304e-05	8.33521e-17
1.584e-05	-2.304e-05	-7.4051e-18
1.728e-05	-2.304e-05	-3.6862e-17
1.872e-05	-2.304e-05	1.08182e-16
2.016e-05	-2.304e-05	1.67465e-17
2.16e-05	-2.304e-05	1.21116e-16
2.304e-05	-2.304e-05	-2.33068e-17
2.448e-05	-2.304e-05	8.80367e-17
2.592e-05	-2.304e-05	-1.75546e-17
2.736e-05	-2.304e-05	4.43381e-17
-2.88e-05	-2.16e-05	3.82081e-17
-2.736e-05	-2.16e-05	4.32691e-17
-2.592e-05	-2.16e-05	3.52728e-17
-2.448e-05	-2.16e-05	9.51774e-17
-2.304e-05	-2.16e-05	-1.71562e-17
-2.16e-05	-2.16e-05	8.44888e-17
-2.016e-05	-2.16e-05	1.60264e-16
-1.872e-05	-2.16e-05	1.24383e-16
-1.728e-05	-2.16e-05	-1.22504e-17
-1.584e-05	-2.16e-05	-4.85476e-17
-1.44e-05	-2.16e-05	7.37677e-17
-1.296e-05	-2.16e-05	6.50591e-17
-1.152e-05	-2.16e-05	8.2102e-17
-1.008e-05	-2.16e-05	2.3193e-17
-8.64e-06	-2.16e-05	3.34802e-19
-7.2e-06	-2.16e-05	-7.26959e-18
-5.76e-06	-2.16e-05	-7.83364e-17
-4.32e-06	-2.16e-05	2.93903e-17
-2.88e-06	-2.16e-05	-7.85915e-17
-1.44e-06	-2.16e-05	5.17886e-17
0	-2.16e-05	-3.20827e-17
1.44e-06	-2.16e-05	2.10843e-17
2.88e-06	-2.16e-05	4.35453e-17
4.32e-06	-2.16e-05	-5.90382e-17
5.76e-06	-2.16e-05	1.49686e-17
7.2e-06	-2.16e-05	-2.60153e-17
8.64e-06	-2.16e-05	4.30364e-17
1.008e-05	-2.16e-05	-1.95175e-17
1.152e-05	-2.16e-05	3.49954e-17
1.296e-05	-2.16e-05	3.5661e-18
1.44e-05	-2.16e-05	3.42027e-17
1.584e-05	-2.16e-05	8.01078e-17
1.728e-05	-2.16e-05	1.21643e-17
1.872e-05	-2.16e-05	-1.18294e-17
2.016e-05	-2.16e-05	5.30554e-17
2.16e-05	-2.16e-05	8.32399e-17
2.304e-05	-2.16e-05	6.59395e-17
2.448e-05	-2.16e-05	9.15075e-17
2.592e-05	-2.16e-05	4.27319e-17
2.736e-05	-2.16e-05	1.22934e-16
-2.88e-05	-2.016e-05	6.37152e-18
-2.736e-05	-2.016e-05	6.89692e-17
-2.592e-05	-2.016e-05	5.77138e-17
-2.448e-05	-2.016e-05	5.80936e-17
-2.304e-05	-2.016e-05	6.82668e-17
-2.16e-05	-2.016e-05	1.09089e-16
-2.016e-05	-2.016e-05	1.46692e-16
-1.872e-05	-2.016e-05	-4.27642e-17
-1.728e-05	-2.016e-05	1.96132e-17
-1.584e-05	-2.016e-05	8.65414e-17
-1.44e-05	-2.016e-05	7.8081e-17
-1.296e-05	-2.016e-05	1.38376e-16
-1.152e-05	-2.016e-05	-1.33807e-17
-1.008e-05	-2.016e-05	1.09787e-16
-8.64e-06	-2.016e-05	-5.02357e-17
-7.2e-06	-2.016e-05	4.93379e-17
-5.76e-06	-2.016e-05	7.53341e-18
-4.32e-06	-2.016e-05	1.74939e-17
-2.88e-06	-2.016e-05	9.22061e-17
-1.44e-06	-2.016e-05	1.0679e-17
0	-2.016e-05	4.44193e-17
1.44e-06	-2.016e-05	2.24095e-17
2.88e-06	-2.016e-05	-3.13328e-17
4.32e-06	-2.016e-05	1.07363e-17
5.76e-06	-2.016e-05	-8.27865e-17
7.2e-06	-2.016e-05	2.59187e-17
8.64e-06	-2.016e-05	-9.19934e-18
1.008e-05	-2.016e-05	-7.506e-18
1.152e-05	-2.016e-05	6.78716e-17
1.296e-05	-2.016e-05	5.07337e-17
1.44e-05	-2.016e-05	1.58194e-17
1.584e-05	-2.016e-05	-1.1763e-17
1.728e-05	-2.016e-05	8.33665e-17
1.872e-05	-2.016e-05	-3.40056e-18
2.016e-05	-2.016e-05	6.27407e-17
2.16e-05	-2.016e-05	4.63927e-17
2.304e-05	-2.016e-05	1.37498e-16
2.448e-05	-2.016e-05	6.58183e-17
2.592e-05	-2.016e-05	1.67282e-16
2.736e-05	-2.016e-05	6.18328e-17
-2.88e-05	-1.872e-05	1.26047e-16
-2.736e-05	-1.872e-05	1.63381e-16
-2.592e-05	-1.872e-05	6.47146e-17
-2.448e-05	-1.872e-05	1.68001e-16
-2.304e-05	-1.872e-05	5.37481e-17
-2.16e-05	-1.872e-05	1.66678e-16
-2.016e-05	-1.872e-05	-8.40951e-17
-1.872e-05	-1.872e-05	9.70539e-17
-1.728e-05	-1.872e-05	4.31546e-17
-1.584e-05	-1.872e-05	1.08931e-17
-1.44e-05	-1.872e-05	1.14324e-16
-1.296e-05	-1.872e-05	-3.1993e-17
-1.152e-05	-1.872e-05	1.3519e-16
-1.008e-05	-1.872e-05	-4.9135e-17
-8.64e-06	-1.872e-05	1.08376e-16
-7.2e-06	-1.872e-05	3.00248e-17
-5.76e-06	-1.872e-05	3.66836e-16
-4.32e-06	-1.872e-05	8.94573e-16
-2.88e-06	-1.872e-05	1.57277e-15
-1.44e-06	-1.872e-05	1.35495e-15
0	-1.872e-05	7.69287e-16
1.44e-06	-1.872e-05	2.68245e-16
2.88e-06	-1.872e-05	2.80893e-17
4.32e-06	-1.872e-05	-9.15416e-19
5.76e-06	-1.872e-05	-5.67696e-18
7.2e-06	-1.872e-05	-7.38014e-18
8.64e-06	-1.872e-05	-1.71156e-17
1.008e-05	-1.872e-05	2.93707e-17
1.152e-05	-1.872e-05	-2.77695e-18
1.296e-05	-1.872e-05	4.89602e-17
1.44e-05	-1.872e-05	8.95669e-17
1.584e-05	-1.872e-05	1.19066e-16
1.728e-05	-1.872e-05	-6.0747e-17
1.872e-05	-1.872e-05	1.80061e-16
2.016e-05	-1.872e-05	-3.55203e-17
2.16e-05	-1.872e-05	1.03366e-16
2.304e-05	-1.872e-05	9.24716e-19
2.448e-05	-1.872e-05	1.00232e-16
2.592e-05	-1.872e-05	3.13627e-17
2.736e-05	-1.872e-05	6.11601e-17
-2.88e-05	-1.728e-05	8.88339e-17
-2.736e-05	-1.728e-05	8.7555e-18
-2.592e-05	-1.728e-05	7.99366e-17
-2.448e-05	-1.728e-05	-5.22841e-17
-2.304e-05	-1.728e-05	6.48163e-17
-2.16e-05	-1.728e-05	-8.52212e-17
-2.016e-05	-1.728e-05	5.4922e-17
-1.872e-05	-1.728e-05	6.03287e-17
-1.728e-05	-1.728e-05	-3.36775e-17
-1.584e-05	-1.728e-05	9.24487e-17
-1.44e-05	-1.728e-05	1.06817e-16
-1.296e-05	-1.728e-05	6.79089e-17
-1.152e-05	-1.728e-05	-1.13664e-17
-1.008e-05	-1.728e-05	2.29989e-18
-8.64e-06	-1.728e-05	1.34563e-16
-7.2e-06	-1.728e-05	1.32776e-15
-5.76e-06	-1.728e-05	6.28819e-15
-4.32e-06	-1.728e-05	2.09342e-14
-2.88e-06	-1.728e-05	3.48076e-14
-1.44e-06	-1.728e-05	3.07349e-14
0	-1.728e-05	1.58802e-14
1.44e-06	-1.728e-05	5.0526e-15
2.88e-06	-1.728e-05	1.11431e-15
4.32e-06	-1.728e-05	9.12538e-17
5.76e-06	-1.728e-05	1.13494e-16
7.2e-06	-1.728e-05	-5.7546e-17
8.64e-06	-1.728e-05	4.28001e-17
1.008e-05	-1.728e-05	-3.60447e-17
1.152e-05	-1.728e-05	-2.44319e-17
1.296e-05	-1.728e-05	-5.21141e-17
1.44e-05	-1.728e-05	9.30258e-17
1.584e-05	-1.728e-05	5.97926e-17
1.728e-05	-1.728e-05	1.35983e-16
1.872e-05	-1.728e-05	-4.97429e-18
2.016e-05	-1.728e-05	1.19991e-16
2.16e-05	-1.728e-05	2.206e-17
2.304e-05	-1.728e-05	4.63021e-17
2.448e-05	-1.728e-05	-1.01259e-16
2.592e-05	-1.728e-05	2.56491e-17
2.736e-05	-1.728e-05	9.68047e-18
-2.88e-05	-1.584e-05	-1.1556e-17
-2.736e-05	-1.584e-05	8.63757e-18
-2.592e-05	-1.584e-05	-6.38589e-17
-2.448e-05	-1.584e-05	-1.20125e-17
-2.304e-05	-1.584e-05	-1.29753e-17
-2.16e-05	-1.584e-05	6.11366e-17
-2.016e-05	-1.584e-05	7.76713e-17
-1.872e-05	-1.584e-05	7.69803e-17
-1.728e-05	-1.584e-05	9.99554e-17
-1.584e-05	-1.584e-05	1.73603e-16
-1.44e-05	-1.584e-05	7.47139e-17
-1.296e-05	-1.584e-05	-2.75886e-17
-1.152e-05	-1.584e-05	1.83288e-17
-1.008e-05	-1.584e-05	4.08359e-16
-8.64e-06	-1.584e-05	3.50677e-15
-7.2e-06	-1.584e-05	2.41498e-14
-5.76e-06	-1.584e-05	1.27462e-13
-4.32e-06	-1.584e-05	4.50962e-13
-2.88e-06	-1.584e-05	7.71222e-13
-1.44e-06	-1.584e-05	6.73011e-13
0	-1.584e-05	3.40493e-13
1.44e-06	-1.584e-05	1.01265e-13
2.88e-06	-1.584e-05	2.02752e-14
4.32e-06	-1.584e-05	3.16842e-15
5.76e-06	-1.584e-05	3.35049e-16
7.2e-06	-1.584e-05	1.59004e-16
8.64e-06	-1.584e-05	-6.48161e-17
1.008e-05	-1.584e-05	8.17361e-17
1.152e-05	-1.584e-05	1.33648e-17
1.296e-05	-1.584e-05	7.37132e-18
1.44e-05	-1.584e-05	-1.62629e-17
1.584e-05	-1.584e-05	9.285e-17
1.728e-05	-1.584e-05	5.00955e-18
1.872e-05	-1.584e-05	9.23194e-17
2.016e-05	-1.584e-05	8.83268e-17
2.16e-05	-1.584e-05	4.37523e-17
2.304e-05	-1.584e-05	3.78863e-17
2.448e-05	-1.584e-05	8.31523e-17
2.592e-05	-1.584e-05	-6.26272e-18
2.736e-05	-1.584e-05	6.50515e-18
-2.88e-05	-1.44e-05	8.76463e-17
-2.736e-05	-1.44e-05	7.13781e-18
-2.592e-05	-1.44e-05	7.23479e-17
-2.448e-05	-1.44e-05	1.3934e-17
-2.304e-05	-1.44e-05	1.96804e-16
-2.16e-05	-1.44e-05	2.12788e-16
-2.016e-05	-1.44e-05	1.95361e-16
-1.872e-05	-1.44e-05	3.36834e-16
-1.728e-05	-1.44e-05	4.15419e-16
-1.584e-05	-1.44e-05	3.29367e-16
-1.44e-05	-1.44e-05	2.75945e-16
-1.296e-05	-1.44e-05	3.61237e-16
-1.152e-05	-1.44e-05	1.06854e-15
-1.008e-05	-1.44e-05	7.01096e-15
-8.64e-06	-1.44e-05	5.95238e-14
-7.2e-06	-1.44e-05	4.39141e-13
-5.76e-06	-1.44e-05	2.53179e-12
-4.32e-06	-1.44e-05	9.74093e-12
-2.88e-06	-1.44e-05	1.70729e-11
-1.44e-06	-1.44e-05	1.47689e-11
0	-1.44e-05	7.2565e-12
1.44e-06	-1.44e-05	2.02639e-12
2.88e-06	-1.44e-05	3.7505e-13
4.32e-06	-1.44e-05	5.29958e-14
5.76e-06	-1.44e-05	6.58725e-15
7.2e-06	-1.44e-05	1.08855e-15
8.64e-06	-1.44e-05	6.61454e-16
1.008e-05	-1.44e-05	4.9233e-16
1.152e-05	-1.44e-05	6.41911e-16
1.296e-05	-1.44e-05	5.42059e-16
1.44e-05	-1.44e-05	6.49548e-16
1.584e-05	-1.44e-05	5.06931e-16
1.728e-05	-1.44e-05	4.1099e-16
1.872e-05	-1.44e-05	3.07871e-16
2.016e-05	-1.44e-05	2.44474e-16
2.16e-05	-1.44e-05	1.24386e-16
2.304e-05	-1.44e-05	9.93803e-17
2.448e-05	-1.44e-05	3.01902e-17
2.592e-05	-1.44e-05	7.60341e-17
2.736e-05	-1.44e-05	8.50478e-17
-2.88e-05	-1.296e-05	1.15354e-17
-2.736e-05	-1.296e-05	2.05351e-16
-2.592e-05	-1.296e-05	5.45576e-17
-2.448e-05	-1.296e-05	5.10955e-16
-2.304e-05	-1.296e-05	1.16769e-15
-2.16e-05	-1.296e-05	2.23106e-15
-2.016e-05	-1.296e-05	3.61387e-15
-1.872e-05	-1.296e-05	4.75347e-15
-1.728e-05	-1.296e-05	5.52917e-15
-1.584e-05	-1.296e-05	6.25103e-15
-1.44e-05	-1.296e-05	6.66547e-15
-1.296e-05	-1.296e-05	7.67771e-15
-1.152e-05	-1.296e-05	1.57857e-14
-1.008e-05	-1.296e-05	1.05697e-13
-8.64e-06	-1.296e-05	9.59474e-13
-7.2e-06	-1.296e-05	7.76802e-12
-5.76e-06	-1.296e-05	4.95445e-11
-4.32e-06	-1.296e-05	2.10218e-10
-2.88e-06	-1.296e-05	3.78319e-10
-1.44e-06	-1.296e-05	3.2413e-10
0	-1.296e-05	1.54403e-10
1.44e-06	-1.296e-05	4.0171e-11
2.88e-06	-1.296e-05	6.76552e-12
4.32e-06	-1.296e-05	8.6884e-13
5.76e-06	-1.296e-05	9.98483e-14
7.2e-06	-1.296e-05	1.91207e-14
8.64e-06	-1.296e-05	1.27843e-14
1.008e-05	-1.296e-05	1.32135e-14
1.152e-05	-1.296e-05	1.33388e-14
1.296e-05	-1.296e-05	1.31701e-14
1.44e-05	-1.296e-05	1.22936e-14
1.584e-05	-1.296e-05	1.10562e-14
1.728e-05	-1.296e-05	9.29761e-15
1.872e-05	-1.296e-05	7.09281e-15
2.016e-05	-1.296e-05	4.68019e-15
2.16e-05	-1.296e-05	2.35062e-15
2.304e-05	-1.296e-05	7.2866e-16
2.448e-05	-1.296e-05	2.14941e-16
2.592e-05	-1.296e-05	1.08458e-16
2.736e-05	-1.296e-05	6.84573e-17
-2.88e-05	-1.152e-05	1.70817e-16
-2.736e-05	-1.152e-05	2.23026e-16
-2.592e-05	-1.152e-05	1.46344e-15
-2.448e-05	-1.152e-05	6.58592e-15
-2.304e-05	-1.152e-05	2.31474e-14
-2.16e-05	-1.152e-05	4.9115e-14
-2.016e-05	-1.152e-05	7.59992e-14
-1.872e-05	-1.152e-05	1.00027e-13
-1.728e-05	-1.152e-05	1.19945e-13
-1.584e-05	-1.152e-05	1.34692e-13
-1.44e-05	-1.152e-05	1.44481e-13
-1.296e-05	-1.152e-05	1.5583e-13
-1.152e-05	-1.152e-05	2.6081e-13
-1.008e-05	-1.152e-05	1.51803e-12
-8.64e-06	-1.152e-05	1.47491e-11
-7.2e-06	-1.152e-05	1.32691e-10
-5.76e-06	-1.152e-05	9.507e-10
-4.32e-06	-1.152e-05	4.53189e-09
-2.88e-06	-1.152e-05	8.39194e-09
-1.44e-06	-1.152e-05	7.11486e-09
0	-1.152e-05	3.27849e-09
1.44e-06	-1.152e-05	7.86436e-10
2.88e-06	-1.152e-05	1.18522e-10
4.32e-06	-1.152e-05	1.36201e-11
5.76e-06	-1.152e-05	1.46786e-12
7.2e-06	-1.152e-05	3.38339e-13
8.64e-06	-1.152e-05	2.71073e-13
1.008e-05	-1.152e-05	2.82992e-13
1.152e-05	-1.152e-05	2.89919e-13
1.296e-05	-1.152e-05	2.84844e-13
1.44e-05	-1.152e-05	2.67843e-13
1.584e-05	-1.152e-05	2.39346e-13
1.728e-05	-1.152e-05	2.00736e-13
1.872e-05	-1.152e-05	1.53697e-13
2.016e-05	-1.152e-05	1.01022e-13
2.16e-05	-1.152e-05	4.93483e-14
2.304e-05	-1.152e-05	1.42623e-14
2.448e-05	-1.152e-05	2.9099e-15
2.592e-05	-1.152e-05	4.70787e-16
2.736e-05	-1.152e-05	1.95774e-16
-2.88e-05	-1.008e-05	4.82339e-16
-2.736e-05	-1.008e-05	3.77071e-15
-2.592e-05	-1.008e-05	2.42538e-14
-2.448e-05	-1.008e-05	1.30129e-13
-2.304e-05	-1.008e-05	4.9136e-13
-2.16e-05	-1.008e-05	1.05845e-12
-2.016e-05	-1.008e-05	1.64097e-12
-1.872e-05	-1.008e-05	2.16328e-12
-1.728e-05	-1.008e-05	2.59437e-12
-1.584e-05	-1.008e-05	2.9156e-12
-1.44e-05	-1.008e-05	3.11847e-12
-1.296e-05	-1.008e-05	3.27437e-12
-1.152e-05	-1.008e-05	4.47758e-12
-1.008e-05	-1.008e-05	2.07729e-11
-8.64e-06	-1.008e-05	2.13493e-10
-7.2e-06	-1.008e-05	2.16357e-09
-5.76e-06	-1.008e-05	1.77601e-08
-4.32e-06	-1.008e-05	9.75798e-08
-2.88e-06	-1.008e-05	1.86358e-07
-1.44e-06	-1.008e-05	1.56199e-07
0	-1.008e-05	6.9447e-08
1.44e-06	-1.008e-05	1.51539e-08
2.88e-06	-1.008e-05	1.99501e-09
4.32e-06	-1.008e-05	2.01117e-10
5.76e-06	-1.008e-05	2.06388e-11
7.2e-06	-1.008e-05	6.24368e-12
8.64e-06	-1.008e-05	5.77301e-12
1.008e-05	-1.008e-05	6.11636e-12
1.152e-05	-1.008e-05	6.2713e-12
1.296e-05	-1.008e-05	6.16419e-12
1.44e-05	-1.008e-05	5.79514e-12
1.584e-05	-1.008e-05	5.17973e-12
1.728e-05	-1.008e-05	4.34393e-12
1.872e-05	-1.008e-05	3.32482e-12
2.016e-05	-1.008e-05	2.18046e-12
2.16e-05	-1.008e-05	1.04927e-12
2.304e-05	-1.008e-05	2.83195e-13
2.448e-05	-1.008e-05	5.34035e-14
2.592e-05	-1.008e-05	8.18017e-15
2.736e-05	-1.008e-05	1.95868e-15
-2.88e-05	-8.64e-06	7.86018e-15
-2.736e-05	-8.64e-06	6.11189e-14
-2.592e-05	-8.64e-06	4.38849e-13
-2.448e-05	-8.64e-06	2.55511e-12
-2.304e-05	-8.64e-06	1.04037e-11
-2.16e-05	-8.64e-06	2.28379e-11
-2.016e-05	-8.64e-06	3.54954e-11
-1.872e-05	-8.64e-06	4.68039e-11
-1.728e-05	-8.64e-06	5.61329e-11
-1.584e-05	-8.64e-06	6.30763e-11
-1.44e-05	-8.64e-06	6.7388e-11
-1.296e-05	-8.64e-06	6.96524e-11
-1.152e-05	-8.64e-06	8.15437e-11
-1.008e-05	-8.64e-06	2.71575e-10
-8.64e-06	-8.64e-06	2.84783e-09
-7.2e-06	-8.64e-06	3.30397e-08
-5.76e-06	-8.64e-06	3.19151e-07
-4.32e-06	-8.64e-06	2.09811e-06
-2.88e-06	-8.64e-06	4.14328e-06
-1.44e-06	-8.64e-06	3.42957e-06
0	-8.64e-06	1.46707e-06
1.44e-06	-8.64e-06	2.86006e-07
2.88e-06	-8.64e-06	3.16879e-08
4.32e-06	-8.64e-06	2.72507e-09
5.76e-06	-8.64e-06	2.79068e-10
7.2e-06	-8.64e-06	1.20847e-10
8.64e-06	-8.64e-06	1.23844e-10
1.008e-05	-8.64e-06	1.32261e-10
1.152e-05	-8.64e-06	1.35682e-10
1.296e-05	-8.64e-06	1.33368e-10
1.44e-05	-8.64e-06	1.25385e-10
1.584e-05	-8.64e-06	1.12069e-10
1.728e-05	-8.64e-06	9.39845e-11
1.872e-05	-8.64e-06	7.19203e-11
2.016e-05	-8.64e-06	4.70702e-11
2.16e-05	-8.64e-06	2.22918e-11
2.304e-05	-8.64e-06	5.57849e-12
2.448e-05	-8.64e-06	9.68669e-13
2.592e-05	-8.64e-06	1.37342e-13
2.736e-05	-8.64e-06	3.09825e-14
-2.88e-05	-7.2e-06	1.20733e-13
-2.736e-05	-7.2e-06	9.95989e-13
-2.592e-05	-7.2e-06	7.73303e-12
-2.448e-05	-7.2e-06	4.94289e-11
-2.304e-05	-7.2e-06	2.20057e-10
-2.16e-05	-7.2e-06	4.92925e-10
-2.016e-05	-7.2e-06	7.6782e-10
-1.872e-05	-7.2e-06	1.01264e-09
-1.728e-05	-7.2e-06	1.21449e-09
-1.584e-05	-7.2e-06	1.36467e-09
-1.44e-05	-7.2e-06	1.45718e-09
-1.296e-05	-7.2e-06	1.49436e-09
-1.152e-05	-7.2e-06	1.58196e-09
-1.008e-05	-7.2e-06	3.46981e-09
-8.64e-06	-7.2e-06	3.37972e-08
-7.2e-06	-7.2e-06	4.56888e-07
-5.76e-06	-7.2e-06	5.39572e-06
-4.32e-06	-7.2e-06	4.50386e-05
-2.88e-06	-7.2e-06	9.22319e-05
-1.44e-06	-7.2e-06	7.53075e-05
0	-7.2e-06	3.08962e-05
1.44e-06	-7.2e-06	5.24719e-06
2.88e-06	-7.2e-06	4.58365e-07
4.32e-06	-7.2e-06	3.22518e-08
5.76e-06	-7.2e-06	3.73054e-09
7.2e-06	-7.2e-06	2.44763e-09
8.64e-06	-7.2e-06	2.66876e-09
1.008e-05	-7.2e-06	2.86097e-09
1.152e-05	-7.2e-06	2.93559e-09
1.296e-05	-7.2e-06	2.88556e-09
1.44e-05	-7.2e-06	2.71283e-09
1.584e-05	-7.2e-06	2.42473e-09
1.728e-05	-7.2e-06	2.03343e-09
1.872e-05	-7.2e-06	1.5558e-09
2.016e-05	-7.2e-06	1.01633e-09
2.16e-05	-7.2e-06	4.73274e-10
2.304e-05	-7.2e-06	1.08331e-10
2.448e-05	-7.2e-06	1.71301e-11
2.592e-05	-7.2e-06	2.24085e-12
2.736e-05	-7.2e-06	4.7094e-13
-2.88e-05	-5.76e-06	1.8213e-12
-2.736e-05	-5.76e-06	1.56294e-11
-2.592e-05	-5.76e-06	1.31943e-10
-2.448e-05	-5.76e-06	9.3814e-10
-2.304e-05	-5.76e-06	4.64933e-09
-2.16e-05	-5.76e-06	1.06419e-08
-2.016e-05	-5.76e-06	1.661e-08
-1.872e-05	-5.76e-06	2.19094e-08
-1.728e-05	-5.76e-06	2.62767e-08
-1.584e-05	-5.76e-06	2.95257e-08
-1.44e-05	-5.76e-06	3.15209e-08
-1.296e-05	-5.76e-06	3.22174e-08
-1.152e-05	-5.76e-06	3.23515e-08
-1.008e-05	-5.76e-06	4.63745e-08
-8.64e-06	-5.76e-06	3.3575e-07
-7.2e-06	-5.76e-06	5.33814e-06
-5.76e-06	-5.76e-06	8.17386e-05
-4.32e-06	-5.76e-06	0.000964975
-2.88e-06	-5.76e-06	0.00205584
-1.44e-06	-5.76e-06	0.00165369
0	-5.76e-06	0.000648355
1.44e-06	-5.76e-06	9.24015e-05
2.88e-06	-5.76e-06	5.5245e-06
4.32e-06	-5.76e-06	2.97601e-07
5.76e-06	-5.76e-06	5.32104e-08
7.2e-06	-5.76e-06	5.1341e-08
8.64e-06	-5.76e-06	5.76562e-08
1.008e-05	-5.76e-06	6.18959e-08
1.152e-05	-5.76e-06	6.35142e-08
1.296e-05	-5.76e-06	6.2432e-08
1.44e-05	-5.76e-06	5.86949e-08
1.584e-05	-5.76e-06	5.24615e-08
1.728e-05	-5.76e-06	4.39952e-08
1.872e-05	-5.76e-06	3.36569e-08
2.016e-05	-5.76e-06	2.19497e-08
2.16e-05	-5.76e-06	1.00411e-08
2.304e-05	-5.76e-06	2.06492e-09
2.448e-05	-5.76e-06	2.93412e-10
2.592e-05	-5.76e-06	3.52339e-11
2.736e-05	-5.76e-06	7.04176e-12
-2.88e-05	-4.32e-06	2.68342e-11
-2.736e-05	-4.32e-06	2.34714e-10
-2.592e-05	-4.32e-06	2.1576e-09
-2.448e-05	-4.32e-06	1.73467e-08
-2.304e-05	-4.32e-06	9.81087e-08
-2.16e-05	-4.32e-06	2.29819e-07
-2.016e-05	-4.32e-06	3.59336e-07
-1.872e-05	-4.32e-06	4.74033e-07
-1.728e-05	-4.32e-06	5.68525e-07
-1.584e-05	-4.32e-06	6.38816e-07
-1.44e-05	-4.32e-06	6.81946e-07
-1.296e-05	-4.32e-06	6.96244e-07
-1.152e-05	-4.32e-06	6.84605e-07
-1.008e-05	-4.32e-06	7.24708e-07
-8.64e-06	-4.32e-06	2.51872e-06
-7.2e-06	-4.32e-06	4.36608e-05
-5.76e-06	-4.32e-06	0.000956568
-4.32e-06	-4.32e-06	0.0206291
-2.88e-06	-4.32e-06	0.0458887
-1.44e-06	-4.32e-06	0.0363132
0	-4.32e-06	0.0135499
1.44e-06	-4.32e-06	0.00152522
2.88e-06	-4.32e-06	3.74401e-05
4.32e-06	-4.32e-06	1.42524e-06
5.76e-06	-4.32e-06	9.05205e-07
7.2e-06	-4.32e-06	1.10037e-06
8.64e-06	-4.32e-06	1.24707e-06
1.008e-05	-4.32e-06	1.33917e-06
1.152e-05	-4.32e-06	1.37419e-06
1.296e-05	-4.32e-06	1.35078e-06
1.44e-05	-4.32e-06	1.26992e-06
1.584e-05	-4.32e-06	1.13506e-06
1.728e-05	-4.32e-06	9.51883e-07
1.872e-05	-4.32e-06	7.28138e-07
2.016e-05	-4.32e-06	4.7417e-07
2.16e-05	-4.32e-06	2.12881e-07
2.304e-05	-4.32e-06	3.83713e-08
2.448e-05	-4.32e-06	4.81889e-09
2.592e-05	-4.32e-06	5.30225e-10
2.736e-05	-4.32e-06	1.03926e-10
-2.88e-05	-2.88e-06	3.90776e-10
-2.736e-05	-2.88e-06	3.3485e-09
-2.592e-05	-2.88e-06	3.32917e-08
-2.448e-05	-2.88e-06	3.08866e-07
-2.304e-05	-2.88e-06	2.06745e-06
-2.16e-05	-2.88e-06	4.96477e-06
-2.016e-05	-2.88e-06	7.77413e-06
-1.872e-05	-2.88e-06	1.02562e-05
-1.728e-05	-2.88e-06	1.23006e-05
-1.584e-05	-2.88e-06	1.38214e-05
-1.44e-05	-2.88e-06	1.47544e-05
-1.296e-05	-2.88e-06	1.50602e-05
-1.152e-05	-2.88e-06	1.47306e-05
-1.008e-05	-2.88e-06	1.38822e-05
-8.64e-06	-2.88e-06	1.48207e-05
-7.2e-06	-2.88e-06	6.77042e-05
-5.76e-06	-2.88e-06	0.00128164
-4.32e-06	-2.88e-06	0.0269902
-2.88e-06	-2.88e-06	0.0485441
-1.44e-06	-2.88e-06	0.0240095
0	-2.88e-06	-0.00673187
1.44e-06	-2.88e-06	-0.00920669
2.88e-06	-2.88e-06	-0.00042936
4.32e-06	-2.88e-06	-4.95054e-06
5.76e-06	-2.88e-06	1.882e-05
7.2e-06	-2.88e-06	2.38089e-05
8.64e-06	-2.88e-06	2.69832e-05
1.008e-05	-2.88e-06	2.89744e-05
1.152e-05	-2.88e-06	2.97321e-05
1.296e-05	-2.88e-06	2.92255e-05
1.44e-05	-2.88e-06	2.74761e-05
1.584e-05	-2.88e-06	2.45582e-05
1.728e-05	-2.88e-06	2.0595e-05
1.872e-05	-2.88e-06	1.57533e-05
2.016e-05	-2.88e-06	1.02463e-05
2.16e-05	-2.88e-06	4.50986e-06
2.304e-05	-2.88e-06	6.87322e-07
2.448e-05	-2.88e-06	7.47221e-08
2.592e-05	-2.88e-06	7.57632e-09
2.736e-05	-2.88e-06	1.52873e-09
-2.88e-05	-1.44e-06	5.75856e-09
-2.736e-05	-1.44e-06	4.52405e-08
-2.592e-05	-1.44e-06	4.72634e-07
-2.448e-05	-1.44e-06	5.18341e-06
-2.304e-05	-1.44e-06	4.35021e-05
-2.16e-05	-1.44e-06	0.000107294
-2.016e-05	-1.44e-06	0.000168198
-1.872e-05	-1.44e-06	0.000221905
-1.728e-05	-1.44e-06	0.000266137
-1.584e-05	-1.44e-06	0.000299041
-1.44e-05	-1.44e-06	0.000319226
-1.296e-05	-1.44e-06	0.000325838
-1.152e-05	-1.44e-06	0.000318599
-1.008e-05	-1.44e-06	0.000297895
-8.64e-06	-1.44e-06	0.000266251
-7.2e-06	-1.44e-06	0.00026038
-5.76e-06	-1.44e-06	0.00103976
-4.32e-06	-1.44e-06	0.0175333
-2.88e-06	-1.44e-06	0.0168771
-1.44e-06	-1.44e-06	-0.0218581
0	-1.44e-06	-0.0441292
1.44e-06	-1.44e-06	-0.0202078
2.88e-06	-1.44e-06	-0.000473921
4.32e-06	-1.44e-06	0.000292086
5.76e-06	-1.44e-06	0.000425135
7.2e-06	-1.44e-06	0.000515931
8.64e-06	-1.44e-06	0.000583844
1.008e-05	-1.44e-06	0.000626893
1.152e-05	-1.44e-06	0.000643284
1.296e-05	-1.44e-06	0.000632322
1.44e-05	-1.44e-06	0.000594474
1.584e-05	-1.44e-06	0.000531342
1.728e-05	-1.44e-06	0.000445598
1.872e-05	-1.44e-06	0.000340833
2.016e-05	-1.44e-06	0.000221482
2.16e-05	-1.44e-06	9.54653e-05
2.304e-05	-1.44e-06	1.16251e-05
2.448e-05	-1.44e-06	1.06669e-06
2.592e-05	-1.44e-06	1.02321e-07
2.736e-05	-1.44e-06	2.27e-08
-2.88e-05	0	8.89706e-08
-2.736e-05	0	5.8773e-07
-2.592e-05	0	5.91099e-06
-2.448e-05	0	7.82507e-05
-2.304e-05	0	0.000913831
-2.16e-05	0	0.00231974
-2.016e-05	0	0.00363918
-1.872e-05	0	0.00480119
-1.728e-05	0	0.00575816
-1.584e-05	0	0.00647005
-1.44e-05	0	0.00690679
-1.296e-05	0	0.00704983
-1.152e-05	0	0.00689313
-1.008e-05	0	0.00644342
-8.64e-06	0	0.005721
-7.2e-06	0	0.0047816
-5.76e-06	0	0.00421458
-4.32e-06	0	0.0133288
-2.88e-06	0	-0.00466716
-1.44e-06	0	-0.0479829
0	0	-0.0546211
1.44e-06	0	-0.00988949
2.88e-06	0	0.00604608
4.32e-06	0	0.00695855
5.76e-06	0	0.00922323
7.2e-06	0	0.0111637
8.64e-06	0	0.0126321
1.008e-05	0	0.0135635
1.152e-05	0	0.0139181
1.296e-05	0	0.0136809
1.44e-05	0	0.012862
1.584e-05	0	0.0114962
1.728e-05	0	0.00964103
1.872e-05	0	0.00737436
2.016e-05	0	0.00478922
2.16e-05	0	0.00201915
2.304e-05	0	0.000177596
2.448e-05	0	1.34141e-05
2.592e-05	0	1.32187e-06
2.736e-05	0	3.438e-07
-2.88e-05	1.44e-06	1.48705e-06
-2.736e-05	1.44e-06	7.84856e-06
-2.592e-05	1.44e-06	6.04231e-05
-2.448e-05	1.44e-06	0.000924898
-2.304e-05	1.44e-06	0.0191612
-2.16e-05	1.44e-06	0.0501777
-2.016e-05	1.44e-06	0.07874
-1.872e-05	1.44e-06	0.103879
-1.728e-05	1.44e-06	0.124584
-1.584e-05	1.44e-06	0.139986
-1.44e-05	1.44e-06	0.149435
-1.296e-05	1.44e-06	0.15253
-1.152e-05	1.44e-06	0.14914
-1.008e-05	1.44e-06	0.139408
-8.64e-06	1.44e-06	0.123752
-7.2e-06	1.44e-06	0.10284
-5.76e-06	1.44e-06	0.0775623
-4.32e-06	1.44e-06	0.0485118
-2.88e-06	1.44e-06	0.00683929
-1.44e-06	1.44e-06	-0.0313038
0	1.44e-06	-0.0260056
1.44e-06	1.44e-06	0.0288856
2.88e-06	1.44e-06	0.0919115
4.32e-06	1.44e-06	0.148937
5.76e-06	1.44e-06	0.199487
7.2e-06	1.44e-06	0.241535
8.64e-06	1.44e-06	0.273308
1.008e-05	1.44e-06	0.293459
1.152e-05	1.44e-06	0.301132
1.296e-05	1.44e-06	0.296001
1.44e-05	1.44e-06	0.278283
1.584e-05	1.44e-06	0.248731
1.728e-05	1.44e-06	0.208595
1.872e-05	1.44e-06	0.159557
2.016e-05	1.44e-06	0.103601
2.16e-05	1.44e-06	0.0426699
2.304e-05	1.44e-06	0.00215412
2.448e-05	1.44e-06	0.000137122
2.592e-05	1.44e-06	1.73883e-05
2.736e-05	1.44e-06	5.29572e-06
-2.88e-05	2.88e-06	2.68721e-05
-2.736e-05	2.88e-06	0.00012304
-2.592e-05	2.88e-06	0.000489726
-2.448e-05	2.88e-06	0.00200713
-2.304e-05	2.88e-06	0.00795122
-2.16e-05	2.88e-06	0.017373
-2.016e-05	2.88e-06	0.0268345
-1.872e-05	2.88e-06	0.0353215
-1.728e-05	2.88e-06	0.0423442
-1.584e-05	2.88e-06	0.0475752
-1.44e-05	2.88e-06	0.0507855
-1.296e-05	2.88e-06	0.051837
-1.152e-05	2.88e-06	0.0506843
-1.008e-05	2.88e-06	0.0473757
-8.64e-06	2.88e-06	0.0420484
-7.2e-06	2.88e-06	0.0349141
-5.76e-06	2.88e-06	0.0262049
-4.32e-06	2.88e-06	0.0159594
-2.88e-06	2.88e-06	0.00348731
-1.44e-06	2.88e-06	-0.0062127
0	2.88e-06	-0.00390605
1.44e-06	2.88e-06	0.0116784
2.88e-06	2.88e-06	0.0315305
4.32e-06	2.88e-06	0.0506833
5.76e-06	2.88e-06	0.0678125
7.2e-06	2.88e-06	0.0820897
8.64e-06	2.88e-06	0.0928843
1.008e-05	2.88e-06	0.0997317
1.152e-05	2.88e-06	0.102339
1.296e-05	2.88e-06	0.100596
1.44e-05	2.88e-06	0.0945761
1.584e-05	2.88e-06	0.0845391
1.728e-05	2.88e-06	0.0709232
1.872e-05	2.88e-06	0.0543584
2.016e-05	2.88e-06	0.0357776
2.16e-05	2.88e-06	0.0170523
2.304e-05	2.88e-06	0.00433367
2.448e-05	2.88e-06	0.0010566
2.592e-05	2.88e-06	0.000267315
2.736e-05	2.88e-06	7.76568e-05
-2.88e-05	4.32e-06	5.18657e-05
-2.736e-05	4.32e-06	0.00012026
-2.592e-05	4.32e-06	0.000375486
-2.448e-05	4.32e-06	0.00115118
-2.304e-05	4.32e-06	0.0031217
-2.16e-05	4.32e-06	0.00606798
-2.016e-05	4.32e-06	0.00917344
-1.872e-05	4.32e-06	0.0120205
-1.728e-05	4.32e-06	0.0143956
-1.584e-05	4.32e-06	0.0161698
-1.44e-05	4.32e-06	0.0172597
-1.296e-05	4.32e-06	0.0176167
-1.152e-05	4.32e-06	0.0172245
-1.008e-05	4.32e-06	0.016099
-8.64e-06	4.32e-06	0.0142852
-7.2e-06	4.32e-06	0.0118511
-5.76e-06	4.32e-06	0.0088732
-4.32e-06	4.32e-06	0.0054204
-2.88e-06	4.32e-06	0.0016869
-1.44e-06	4.32e-06	-0.000830968
0	4.32e-06	7.28908e-05
1.44e-06	4.32e-06	0.00468245
2.88e-06	4.32e-06	0.0109412
4.32e-06	4.32e-06	0.0172919
5.76e-06	4.32e-06	0.0230658
7.2e-06	4.32e-06	0.0279039
8.64e-06	4.32e-06	0.0315683
1.008e-05	4.32e-06	0.0338942
1.152e-05	4.32e-06	0.0347801
1.296e-05	4.32e-06	0.0341881
1.44e-05	4.32e-06	0.0321442
1.584e-05	4.32e-06	0.0287394
1.728e-05	4.32e-06	0.0241331
1.872e-05	4.32e-06	0.0185709
2.016e-05	4.32e-06	0.0124568
2.16e-05	4.32e-06	0.00656974
2.304e-05	4.32e-06	0.00244472
2.448e-05	4.32e-06	0.000798274
2.592e-05	4.32e-06	0.000249044
2.736e-05	4.32e-06	8.24312e-05
-2.88e-05	5.76e-06	4.69781e-05
-2.736e-05	5.76e-06	7.97522e-05
-2.592e-05	5.76e-06	0.000206316
-2.448e-05	5.76e-06	0.00052765
-2.304e-05	5.76e-06	0.00118676
-2.16e-05	5.76e-06	0.00212705
-2.016e-05	5.76e-06	0.00314426
-1.872e-05	5.76e-06	0.00409497
-1.728e-05	5.76e-06	0.00489569
-1.584e-05	5.76e-06	0.00549639
-1.44e-05	5.76e-06	0.00586602
-1.296e-05	5.76e-06	0.00598701
-1.152e-05	5.76e-06	0.0058535
-1.008e-05	5.76e-06	0.00547054
-8.64e-06	5.76e-06	0.00485321
-7.2e-06	5.76e-06	0.00402506
-5.76e-06	5.76e-06	0.00301766
-4.32e-06	5.76e-06	0.00188245
-2.88e-06	5.76e-06	0.000762314
-1.44e-06	5.76e-06	9.87857e-05
0	5.76e-06	0.000436503
1.44e-06	5.76e-06	0.00184279
2.88e-06	5.76e-06	0.0038252
4.32e-06	5.76e-06	0.00591598
5.76e-06	5.76e-06	0.00785242
7.2e-06	5.76e-06	0.00948757
8.64e-06	5.76e-06	0.0107299
1.008e-05	5.76e-06	0.0115194
1.152e-05	5.76e-06	0.0118203
1.296e-05	5.76e-06	0.0116194
1.44e-05	5.76e-06	0.0109262
1.584e-05	5.76e-06	0.00977321
1.728e-05	5.76e-06	0.00821948
1.872e-05	5.76e-06	0.00636019
2.016e-05	5.76e-06	0.00435338
2.16e-05	5.76e-06	0.00247047
2.304e-05	5.76e-06	0.0011082
2.448e-05	5.76e-06	0.00043246
2.592e-05	5.76e-06	0.000156926
2.736e-05	5.76e-06	5.82464e-05
-2.88e-05	7.2e-06	3.2108e-05
-2.736e-05	7.2e-06	4.43335e-05
-2.592e-05	7.2e-06	9.81701e-05
-2.448e-05	7.2e-06	0.000220545
-2.304e-05	7.2e-06	0.000442
-2.16e-05	7.2e-06	0.000746357
-2.016e-05	7.2e-06	0.00107991
-1.872e-05	7.2e-06	0.00139646
-1.728e-05	7.2e-06	0.00166566
-1.584e-05	7.2e-06	0.00186862
-1.44e-05	7.2e-06	0.00199378
-1.296e-05	7.2e-06	0.00203472
-1.152e-05	7.2e-06	0.00198923
-1.008e-05	7.2e-06	0.00185899
-8.64e-06	7.2e-06	0.00164921
-7.2e-06	7.2e-06	0.00136869
-5.76e-06	7.2e-06	0.00103129
-4.32e-06	7.2e-06	0.000663351
-2.88e-06	7.2e-06	0.000326255
-1.44e-06	7.2e-06	0.000149772
0	7.2e-06	0.000272734
1.44e-06	7.2e-06	0.000711736
2.88e-06	7.2e-06	0.00134339
4.32e-06	7.2e-06	0.00202926
5.76e-06	7.2e-06	0.00267597
7.2e-06	7.2e-06	0.00322705
8.64e-06	7.2e-06	0.00364751
1.008e-05	7.2e-06	0.00391522
1.152e-05	7.2e-06	0.00401737
1.296e-05	7.2e-06	0.00394933
1.44e-05	7.2e-06	0.00371451
1.584e-05	7.2e-06	0.00332483
1.728e-05	7.2e-06	0.00280219
1.872e-05	7.2e-06	0.00218248
2.016e-05	7.2e-06	0.00152344
2.16e-05	7.2e-06	0.00091354
2.304e-05	7.2e-06	0.000459111
2.448e-05	7.2e-06	0.000202619
2.592e-05	7.2e-06	8.2513e-05
2.736e-05	7.2e-06	3.3736e-05
-2.88e-05	8.64e-06	1.86821e-05
-2.736e-05	8.64e-06	2.22696e-05
-2.592e-05	8.64e-06	4.32005e-05
-2.448e-05	8.64e-06	8.77954e-05
-2.304e-05	8.64e-06	0.000162347
-2.16e-05	8.64e-06	0.000261827
-2.016e-05	8.64e-06	0.000371446
-1.872e-05	8.64e-06	0.000476683
-1.728e-05	8.64e-06	0.000566971
-1.584e-05	8.64e-06	0.000635407
-1.44e-05	8.64e-06	0.000677716
-1.296e-05	8.64e-06	0.000691534
-1.152e-05	8.64e-06	0.000676039
-1.008e-05	8.64e-06	0.00063179
-8.64e-06	8.64e-06	0.000560681
-7.2e-06	8.64e-06	0.000466139
-5.76e-06	8.64e-06	0.000354085
-4.32e-06	8.64e-06	0.000235845
-2.88e-06	8.64e-06	0.000134082
-1.44e-06	8.64e-06	8.70026e-05
0	8.64e-06	0.000131068
1.44e-06	8.64e-06	0.000270457
2.88e-06	8.64e-06	0.000472943
4.32e-06	8.64e-06	0.000697613
5.76e-06	8.64e-06	0.000912908
7.2e-06	8.64e-06	0.00109812
8.64e-06	8.64e-06	0.00124016
1.008e-05	8.64e-06	0.00133082
1.152e-05	8.64e-06	0.00136546
1.296e-05	8.64e-06	0.00134245
1.44e-05	8.64e-06	0.00126305
1.584e-05	8.64e-06	0.0011316
1.728e-05	8.64e-06	0.000956206
1.872e-05	8.64e-06	0.000749997
2.016e-05	8.64e-06	0.000533166
2.16e-05	8.64e-06	0.000333764
2.304e-05	8.64e-06	0.000181305
2.448e-05	8.64e-06	8.76018e-05
2.592e-05	8.64e-06	3.90734e-05
2.736e-05	8.64e-06	1.73293e-05
-2.88e-05	1.008e-05	9.77729e-06
-2.736e-05	1.008e-05	1.04728e-05
-2.592e-05	1.008e-05	1.8128e-05
-2.448e-05	1.008e-05	3.39405e-05
-2.304e-05	1.008e-05	5.90455e-05
-2.16e-05	1.008e-05	9.17798e-05
-2.016e-05	1.008e-05	0.000127896
-1.872e-05	1.008e-05	0.000162858
-1.728e-05	1.008e-05	0.000193085
-1.584e-05	1.008e-05	0.000216116
-1.44e-05	1.008e-05	0.000230391
-1.296e-05	1.008e-05	0.000235044
-1.152e-05	1.008e-05	0.000229769
-1.008e-05	1.008e-05	0.000214762
-8.64e-06	1.008e-05	0.000190733
-7.2e-06	1.008e-05	0.00015903
-5.76e-06	1.008e-05	0.000122067
-4.32e-06	1.008e-05	8.42696e-05
-2.88e-06	1.008e-05	5.34645e-05
-1.44e-06	1.008e-05	4.09563e-05
0	1.008e-05	5.65817e-05
1.44e-06	1.008e-05	0.0001014
2.88e-06	1.008e-05	0.000166676
4.32e-06	1.008e-05	0.000240261
5.76e-06	1.008e-05	0.000311769
7.2e-06	1.008e-05	0.000373867
8.64e-06	1.008e-05	0.00042175
1.008e-05	1.008e-05	0.000452405
1.152e-05	1.008e-05	0.000464144
1.296e-05	1.008e-05	0.000456377
1.44e-05	1.008e-05	0.000429571
1.584e-05	1.008e-05	0.000385318
1.728e-05	1.008e-05	0.000326563
1.872e-05	1.008e-05	0.000257999
2.016e-05	1.008e-05	0.000186494
2.16e-05	1.008e-05	0.000120853
2.304e-05	1.008e-05	6.95302e-05
2.448e-05	1.008e-05	3.60211e-05
2.592e-05	1.008e-05	1.72935e-05
2.736e-05	1.008e-05	8.21583e-06
-2.88e-05	1.152e-05	4.74711e-06
-2.736e-05	1.152e-05	4.70076e-06
-2.592e-05	1.152e-05	7.37387e-06
-2.448e-05	1.152e-05	1.28735e-05
-2.304e-05	1.152e-05	2.13209e-05
-2.16e-05	1.152e-05	3.21412e-05
-2.016e-05	1.152e-05	4.40685e-05
-1.872e-05	1.152e-05	5.56822e-05
-1.728e-05	1.152e-05	6.57881e-05
-1.584e-05	1.152e-05	7.35248e-05
-1.44e-05	1.152e-05	7.83325e-05
-1.296e-05	1.152e-05	7.98958e-05
-1.152e-05	1.152e-05	7.81022e-05
-1.008e-05	1.152e-05	7.30245e-05
-8.64e-06	1.152e-05	6.4932e-05
-7.2e-06	1.152e-05	5.43518e-05
-5.76e-06	1.152e-05	4.22239e-05
-4.32e-06	1.152e-05	3.01818e-05
-2.88e-06	1.152e-05	2.08365e-05
-1.44e-06	1.152e-05	1.75551e-05
0	1.152e-05	2.30544e-05
1.44e-06	1.152e-05	3.76011e-05
2.88e-06	1.152e-05	5.87509e-05
4.32e-06	1.152e-05	8.2866e-05
5.76e-06	1.152e-05	0.00010658
7.2e-06	1.152e-05	0.000127355
8.64e-06	1.152e-05	0.000143466
1.008e-05	1.152e-05	0.000153815
1.152e-05	1.152e-05	0.000157787
1.296e-05	1.152e-05	0.000155171
1.44e-05	1.152e-05	0.000146138
1.584e-05	1.152e-05	0.000131264
1.728e-05	1.152e-05	0.000111609
1.872e-05	1.152e-05	8.88151e-05
2.016e-05	1.152e-05	6.51793e-05
2.16e-05	1.152e-05	4.34602e-05
2.304e-05	1.152e-05	2.6147e-05
2.448e-05	1.152e-05	1.43191e-05
2.592e-05	1.152e-05	7.3046e-06
2.736e-05	1.152e-05	3.67961e-06
-2.88e-05	1.296e-05	2.18015e-06
-2.736e-05	1.296e-05	2.03737e-06
-2.592e-05	1.296e-05	2.93547e-06
-2.448e-05	1.296e-05	4.81972e-06
-2.304e-05	1.296e-05	7.65765e-06
-2.16e-05	1.296e-05	1.12449e-05
-2.016e-05	1.296e-05	1.51919e-05
-1.872e-05	1.296e-05	1.90505e-05
-1.728e-05	1.296e-05	2.24258e-05
-1.584e-05	1.296e-05	2.50209e-05
-1.44e-05	1.296e-05	2.66373e-05
-1.296e-05	1.296e-05	2.71614e-05
-1.152e-05	1.296e-05	2.65528e-05
-1.008e-05	1.296e-05	2.48393e-05
-8.64e-06	1.296e-05	2.21236e-05
-7.2e-06	1.296e-05	1.86078e-05
-5.76e-06	1.296e-05	1.46455e-05
-4.32e-06	1.296e-05	1.08174e-05
-2.88e-06	1.296e-05	7.97827e-06
-1.44e-06	1.296e-05	7.13823e-06
0	1.296e-05	9.06301e-06
1.44e-06	1.296e-05	1.38184e-05
2.88e-06	1.296e-05	2.07012e-05
4.32e-06	1.296e-05	2.86122e-05
5.76e-06	1.296e-05	3.64682e-05
7.2e-06	1.296e-05	4.34067e-05
8.64e-06	1.296e-05	4.88174e-05
1.008e-05	1.296e-05	5.23051e-05
1.152e-05	1.296e-05	5.36475e-05
1.296e-05	1.296e-05	5.2768e-05
1.44e-05	1.296e-05	4.97287e-05
1.584e-05	1.296e-05	4.47371e-05
1.728e-05	1.296e-05	3.81682e-05
1.872e-05	1.296e-05	3.05889e-05
2.016e-05	1.296e-05	2.27588e-05
2.16e-05	1.296e-05	1.55446e-05
2.304e-05	1.296e-05	9.69627e-06
2.448e-05	1.296e-05	5.5567e-06
2.592e-05	1.296e-05	2.98264e-06
2.736e-05	1.296e-05	1.57994e-06
-2.88e-05	1.44e-05	9.59494e-07
-2.736e-05	1.44e-05	8.59107e-07
-2.592e-05	1.44e-05	1.15041e-06
-2.448e-05	1.44e-05	1.78786e-06
-2.304e-05	1.44e-05	2.73921e-06
-2.16e-05	1.44e-05	3.93065e-06
-2.016e-05	1.44e-05	5.2389e-06
-1.872e-05	1.44e-05	6.52135e-06
-1.728e-05	1.44e-05	7.6479e-06
-1.584e-05	1.44e-05	8.51722e-06
-1.44e-05	1.44e-05	9.05982e-06
-1.296e-05	1.44e-05	9.2353e-06
-1.152e-05	1.44e-05	9.02935e-06
-1.008e-05	1.44e-05	8.45279e-06
-8.64e-06	1.44e-05	7.5446e-06
-7.2e-06	1.44e-05	6.38082e-06
-5.76e-06	1.44e-05	5.0907e-06
-4.32e-06	1.44e-05	3.8757e-06
-2.88e-06	1.44e-05	3.01263e-06
-1.44e-06	1.44e-05	2.80674e-06
0	1.44e-05	3.47758e-06
1.44e-06	1.44e-05	5.04074e-06
2.88e-06	1.44e-05	7.28914e-06
4.32e-06	1.44e-05	9.88751e-06
5.76e-06	1.44e-05	1.24886e-05
7.2e-06	1.44e-05	1.48025e-05
8.64e-06	1.44e-05	1.66166e-05
1.008e-05	1.44e-05	1.77901e-05
1.152e-05	1.44e-05	1.8243e-05
1.296e-05	1.44e-05	1.79479e-05
1.44e-05	1.44e-05	1.69268e-05
1.584e-05	1.44e-05	1.52537e-05
1.728e-05	1.44e-05	1.30597e-05
1.872e-05	1.44e-05	1.05383e-05
2.016e-05	1.44e-05	7.93917e-06
2.16e-05	1.44e-05	5.53581e-06
2.304e-05	1.44e-05	3.55846e-06
2.448e-05	1.44e-05	2.11818e-06
2.592e-05	1.44e-05	1.18727e-06
2.736e-05	1.44e-05	6.56868e-07
-2.88e-05	1.584e-05	4.08388e-07
-2.736e-05	1.584e-05	3.54293e-07
-2.592e-05	1.584e-05	4.45498e-07
-2.448e-05	1.584e-05	6.58736e-07
-2.304e-05	1.584e-05	9.76819e-07
-2.16e-05	1.584e-05	1.3729e-06
-2.016e-05	1.584e-05	1.80706e-06
-1.872e-05	1.584e-05	2.23345e-06
-1.728e-05	1.584e-05	2.60926e-06
-1.584e-05	1.584e-05	2.90017e-06
-1.44e-05	1.584e-05	3.08206e-06
-1.296e-05	1.584e-05	3.14075e-06
-1.152e-05	1.584e-05	3.07129e-06
-1.008e-05	1.584e-05	2.87788e-06
-8.64e-06	1.584e-05	2.57519e-06
-7.2e-06	1.584e-05	2.19128e-06
-5.76e-06	1.584e-05	1.7724e-06
-4.32e-06	1.584e-05	1.38724e-06
-2.88e-06	1.584e-05	1.12494e-06
-1.44e-06	1.584e-05	1.07837e-06
0	1.584e-05	1.31141e-06
1.44e-06	1.584e-05	1.82747e-06
2.88e-06	1.584e-05	2.56436e-06
4.32e-06	1.584e-05	3.4189e-06
5.76e-06	1.584e-05	4.27988e-06
7.2e-06	1.584e-05	5.05064e-06
8.64e-06	1.584e-05	5.65793e-06
1.008e-05	1.584e-05	6.05214e-06
1.152e-05	1.584e-05	6.20474e-06
1.296e-05	1.584e-05	6.10584e-06
1.44e-05	1.584e-05	5.76327e-06
1.584e-05	1.584e-05	5.20302e-06
1.728e-05	1.584e-05	4.47056e-06
1.872e-05	1.584e-05	3.63127e-06
2.016e-05	1.584e-05	2.76696e-06
2.16e-05	1.584e-05	1.96442e-06
2.304e-05	1.584e-05	1.29545e-06
2.448e-05	1.584e-05	7.96453e-07
2.592e-05	1.584e-05	4.63385e-07
2.736e-05	1.584e-05	2.6628e-07
-2.88e-05	1.728e-05	1.69226e-07
-2.736e-05	1.728e-05	1.43438e-07
-2.592e-05	1.728e-05	1.70897e-07
-2.448e-05	1.728e-05	2.41483e-07
-2.304e-05	1.728e-05	3.47518e-07
-2.16e-05	1.728e-05	4.7922e-07
-2.016e-05	1.728e-05	6.23424e-07
-1.872e-05	1.728e-05	7.65242e-07
-1.728e-05	1.728e-05	8.90564e-07
-1.584e-05	1.728e-05	9.87826e-07
-1.44e-05	1.728e-05	1.04874e-06
-1.296e-05	1.728e-05	1.06836e-06
-1.152e-05	1.728e-05	1.04501e-06
-1.008e-05	1.728e-05	9.80339e-07
-8.64e-06	1.728e-05	8.79776e-07
-7.2e-06	1.728e-05	7.5352e-07
-5.76e-06	1.728e-05	6.17837e-07
-4.32e-06	1.728e-05	4.95879e-07
-2.88e-06	1.728e-05	4.16253e-07
-1.44e-06	1.728e-05	4.07406e-07
0	1.728e-05	4.88146e-07
1.44e-06	1.728e-05	6.59101e-07
2.88e-06	1.728e-05	9.01293e-07
4.32e-06	1.728e-05	1.18269e-06
5.76e-06	1.728e-05	1.46767e-06
7.2e-06	1.728e-05	1.72418e-06
8.64e-06	1.728e-05	1.92721e-06
1.008e-05	1.728e-05	2.05944e-06
1.152e-05	1.728e-05	2.11077e-06
1.296e-05	1.728e-05	2.07767e-06
1.44e-05	1.728e-05	1.96286e-06
1.584e-05	1.728e-05	1.77541e-06
1.728e-05	1.728e-05	1.53092e-06
1.872e-05	1.728e-05	1.25136e-06
2.016e-05	1.728e-05	9.63502e-07
2.16e-05	1.728e-05	6.95025e-07
2.304e-05	1.728e-05	4.68595e-07
2.448e-05	1.728e-05	2.96261e-07
2.592e-05	1.728e-05	1.78058e-07
2.736e-05	1.728e-05	1.05783e-07
-2.88e-05	1.872e-05	6.861e-08
-2.736e-05	1.872e-05	5.71748e-08
-2.592e-05	1.872e-05	6.50495e-08
-2.448e-05	1.872e-05	8.81791e-08
-2.304e-05	1.872e-05	1.23411e-07
-2.16e-05	1.872e-05	1.6719e-07
-2.016e-05	1.872e-05	2.1511e-07
-1.872e-05	1.872e-05	2.6229e-07
-1.728e-05	1.872e-05	3.04071e-07
-1.584e-05	1.872e-05	3.36567e-07
-1.44e-05	1.872e-05	3.56946e-07
-1.296e-05	1.872e-05	3.63507e-07
-1.152e-05	1.872e-05	3.55693e-07
-1.008e-05	1.872e-05	3.34135e-07
-8.64e-06	1.872e-05	3.00827e-07
-7.2e-06	1.872e-05	2.59419e-07
-5.76e-06	1.872e-05	2.15559e-07
-4.32e-06	1.872e-05	1.76985e-07
-2.88e-06	1.872e-05	1.52865e-07
-1.44e-06	1.872e-05	1.51965e-07
0	1.872e-05	1.79879e-07
1.44e-06	1.872e-05	2.3667e-07
2.88e-06	1.872e-05	3.16464e-07
4.32e-06	1.872e-05	4.09245e-07
5.76e-06	1.872e-05	5.0358e-07
7.2e-06	1.872e-05	5.88888e-07
8.64e-06	1.872e-05	6.56686e-07
1.008e-05	1.872e-05	7.00978e-07
1.152e-05	1.872e-05	7.18219e-07
1.296e-05	1.872e-05	7.07149e-07
1.44e-05	1.872e-05	6.68709e-07
1.584e-05	1.872e-05	6.06026e-07
1.728e-05	1.872e-05	5.24422e-07
1.872e-05	1.872e-05	4.31242e-07
2.016e-05	1.872e-05	3.35238e-07
2.16e-05	1.872e-05	2.45288e-07
2.304e-05	1.872e-05	1.68622e-07
2.448e-05	1.872e-05	1.09249e-07
2.592e-05	1.872e-05	6.75625e-08
2.736e-05	1.872e-05	4.13374e-08
-2.88e-05	2.016e-05	2.73199e-08
-2.736e-05	2.016e-05	2.24885e-08
-2.592e-05	2.016e-05	2.45972e-08
-2.448e-05	2.016e-05	3.20997e-08
-2.304e-05	2.016e-05	4.37649e-08
-2.16e-05	2.016e-05	5.83065e-08
-2.016e-05	2.016e-05	7.4233e-08
-1.872e-05	2.016e-05	8.99314e-08
-1.728e-05	2.016e-05	1.03858e-07
-1.584e-05	2.016e-05	1.14709e-07
-1.44e-05	2.016e-05	1.21523e-07
-1.296e-05	2.016e-05	1.23719e-07
-1.152e-05	2.016e-05	1.21114e-07
-1.008e-05	2.016e-05	1.13951e-07
-8.64e-06	2.016e-05	1.0295e-07
-7.2e-06	2.016e-05	8.94038e-08
-5.76e-06	2.016e-05	7.52526e-08
-4.32e-06	2.016e-05	6.30667e-08
-2.88e-06	2.016e-05	5.57844e-08
-1.44e-06	2.016e-05	5.6121e-08
0	2.016e-05	6.57546e-08
1.44e-06	2.016e-05	8.4663e-08
2.88e-06	2.016e-05	1.11008e-07
4.32e-06	2.016e-05	1.41636e-07
5.76e-06	2.016e-05	1.7287e-07
7.2e-06	2.016e-05	2.01226e-07
8.64e-06	2.016e-05	2.23844e-07
1.008e-05	2.016e-05	2.38661e-07
1.152e-05	2.016e-05	2.44443e-07
1.296e-05	2.016e-05	2.40743e-07
1.44e-05	2.016e-05	2.27882e-07
1.584e-05	2.016e-05	2.06929e-07
1.728e-05	2.016e-05	1.7969e-07
1.872e-05	2.016e-05	1.48611e-07
2.016e-05	2.016e-05	1.16554e-07
2.16e-05	2.016e-05	8.6381e-08
2.304e-05	2.016e-05	6.04164e-08
2.448e-05	2.016e-05	4.00005e-08
2.592e-05	2.016e-05	2.53717e-08
2.736e-05	2.016e-05	1.59351e-08
-2.88e-05	2.16e-05	1.07156e-08
-2.736e-05	2.16e-05	8.74391e-09
-2.592e-05	2.16e-05	9.24738e-09
-2.448e-05	2.16e-05	1.16555e-08
-2.304e-05	2.16e-05	1.55033e-08
-2.16e-05	2.16e-05	2.0328e-08
-2.016e-05	2.16e-05	2.56206e-08
-1.872e-05	2.16e-05	3.0844e-08
-1.728e-05	2.16e-05	3.54849e-08
-1.584e-05	2.16e-05	3.91067e-08
-1.44e-05	2.16e-05	4.13839e-08
-1.296e-05	2.16e-05	4.212e-08
-1.152e-05	2.16e-05	4.12561e-08
-1.008e-05	2.16e-05	3.88831e-08
-8.64e-06	2.16e-05	3.52599e-08
-7.2e-06	2.16e-05	3.08385e-08
-5.76e-06	2.16e-05	2.62806e-08
-4.32e-06	2.16e-05	2.24364e-08
-2.88e-06	2.16e-05	2.02478e-08
-1.44e-06	2.16e-05	2.05598e-08
0	2.16e-05	2.38797e-08
1.44e-06	2.16e-05	3.0187e-08
2.88e-06	2.16e-05	3.89012e-08
4.32e-06	2.16e-05	4.90225e-08
5.76e-06	2.16e-05	5.93673e-08
7.2e-06	2.16e-05	6.87892e-08
8.64e-06	2.16e-05	7.63279e-08
1.008e-05	2.16e-05	8.12794e-08
1.152e-05	2.16e-05	8.32153e-08
1.296e-05	2.16e-05	8.19791e-08
1.44e-05	2.16e-05	7.76779e-08
1.584e-05	2.16e-05	7.06766e-08
1.728e-05	2.16e-05	6.15828e-08
1.872e-05	2.16e-05	5.121e-08
2.016e-05	2.16e-05	4.04948e-08
2.16e-05	2.16e-05	3.03631e-08
2.304e-05	2.16e-05	2.15679e-08
2.448e-05	2.16e-05	1.45586e-08
2.592e-05	2.16e-05	9.44533e-09
2.736e-05	2.16e-05	6.07255e-09
-2.88e-05	2.304e-05	4.14898e-09
-2.736e-05	2.304e-05	3.36507e-09
-2.592e-05	2.304e-05	3.45808e-09
-2.448e-05	2.304e-05	4.22234e-09
-2.304e-05	2.304e-05	5.48641e-09
-2.16e-05	2.304e-05	7.0847e-09
-2.016e-05	2.304e-05	8.84268e-09
-1.872e-05	2.304e-05	1.05803e-08
-1.728e-05	2.304e-05	1.21263e-08
-1.584e-05	2.304e-05	1.33346e-08
-1.44e-05	2.304e-05	1.40955e-08
-1.296e-05	2.304e-05	1.43426e-08
-1.152e-05	2.304e-05	1.40575e-08
-1.008e-05	2.304e-05	1.32738e-08
-8.64e-06	2.304e-05	1.20837e-08
-7.2e-06	2.304e-05	1.06438e-08
-5.76e-06	2.304e-05	9.17849e-09
-4.32e-06	2.304e-05	7.96784e-09
-2.88e-06	2.304e-05	7.31406e-09
-1.44e-06	2.304e-05	7.48134e-09
0	2.304e-05	8.62384e-09
1.44e-06	2.304e-05	1.07309e-08
2.88e-06	2.304e-05	1.36176e-08
4.32e-06	2.304e-05	1.69654e-08
5.76e-06	2.304e-05	2.03924e-08
7.2e-06	2.304e-05	2.35218e-08
8.64e-06	2.304e-05	2.60325e-08
1.008e-05	2.304e-05	2.76852e-08
1.152e-05	2.304e-05	2.83325e-08
1.296e-05	2.304e-05	2.79193e-08
1.44e-05	2.304e-05	2.64817e-08
1.584e-05	2.304e-05	2.41427e-08
1.728e-05	2.304e-05	2.11064e-08
1.872e-05	2.304e-05	1.76426e-08
2.016e-05	2.304e-05	1.40581e-08
2.16e-05	2.304e-05	1.06535e-08
2.304e-05	2.304e-05	7.67413e-09
2.448e-05	2.304e-05	5.27072e-09
2.592e-05	2.304e-05	3.48898e-09
2.736e-05	2.304e-05	2.28967e-09
-2.88e-05	2.448e-05	1.58671e-09
-2.736e-05	2.448e-05	1.28141e-09
-2.592e-05	2.448e-05	1.28494e-09
-2.448e-05	2.448e-05	1.52432e-09
-2.304e-05	2.448e-05	1.93745e-09
-2.16e-05	2.448e-05	2.4655e-09
-2.016e-05	2.448e-05	3.04846e-09
-1.872e-05	2.448e-05	3.62573e-09
-1.728e-05	2.448e-05	4.14013e-09
-1.584e-05	2.448e-05	4.54269e-09
-1.44e-05	2.448e-05	4.79658e-09
-1.296e-05	2.448e-05	4.87963e-09
-1.152e-05	2.448e-05	4.78611e-09
-1.008e-05	2.448e-05	4.52837e-09
-8.64e-06	2.448e-05	4.13876e-09
-7.2e-06	2.448e-05	3.67128e-09
-5.76e-06	2.448e-05	3.20137e-09
-4.32e-06	2.448e-05	2.82112e-09
-2.88e-06	2.448e-05	2.62746e-09
-1.44e-06	2.448e-05	2.70324e-09
0	2.448e-05	3.09551e-09
1.44e-06	2.448e-05	3.79955e-09
2.88e-06	2.448e-05	4.75612e-09
4.32e-06	2.448e-05	5.86339e-09
5.76e-06	2.448e-05	6.99787e-09
7.2e-06	2.448e-05	8.03602e-09
8.64e-06	2.448e-05	8.87081e-09
1.008e-05	2.448e-05	9.42137e-09
1.152e-05	2.448e-05	9.63723e-09
1.296e-05	2.448e-05	9.49928e-09
1.44e-05	2.448e-05	9.01935e-09
1.584e-05	2.448e-05	8.23884e-09
1.728e-05	2.448e-05	7.22592e-09
1.872e-05	2.448e-05	6.06981e-09
2.016e-05	2.448e-05	4.871e-09
2.16e-05	2.448e-05	3.72737e-09
2.304e-05	2.448e-05	2.71889e-09
2.448e-05	2.448e-05	1.89598e-09
2.592e-05	2.448e-05	1.27591e-09
2.736e-05	2.448e-05	8.49218e-10
-2.88e-05	2.592e-05	5.94011e-10
-2.736e-05	2.592e-05	4.77642e-10
-2.592e-05	2.592e-05	4.6906e-10
-2.448e-05	2.592e-05	5.42429e-10
-2.304e-05	2.592e-05	6.75662e-10
-2.16e-05	2.592e-05	8.48167e-10
-2.016e-05	2.592e-05	1.03949e-09
-1.872e-05	2.592e-05	1.22935e-09
-1.728e-05	2.592e-05	1.39879e-09
-1.584e-05	2.592e-05	1.53157e-09
-1.44e-05	2.592e-05	1.61546e-09
-1.296e-05	2.592e-05	1.64315e-09
-1.152e-05	2.592e-05	1.61291e-09
-1.008e-05	2.592e-05	1.52915e-09
-8.64e-06	2.592e-05	1.40306e-09
-7.2e-06	2.592e-05	1.25291e-09
-5.76e-06	2.592e-05	1.10374e-09
-4.32e-06	2.592e-05	9.8549e-10
-2.88e-06	2.592e-05	9.29021e-10
-1.44e-06	2.592e-05	9.60182e-10
0	2.592e-05	1.09329e-09
1.44e-06	2.592e-05	1.32645e-09
2.88e-06	2.592e-05	1.64074e-09
4.32e-06	2.592e-05	2.00375e-09
5.76e-06	2.592e-05	2.37584e-09
7.2e-06	2.592e-05	2.71688e-09
8.64e-06	2.592e-05	2.99162e-09
1.008e-05	2.592e-05	3.1731e-09
1.152e-05	2.592e-05	3.2443e-09
1.296e-05	2.592e-05	3.19866e-09
1.44e-05	2.592e-05	3.04004e-09
1.584e-05	2.592e-05	2.78214e-09
1.728e-05	2.592e-05	2.44745e-09
1.872e-05	2.592e-05	2.06518e-09
2.016e-05	2.592e-05	1.66794e-09
2.16e-05	2.592e-05	1.28732e-09
2.304e-05	2.592e-05	9.49051e-10
2.448e-05	2.592e-05	6.69052e-10
2.592e-05	2.592e-05	4.51388e-10
2.736e-05	2.592e-05	2.90162e-10
-2.88e-05	2.736e-05	1.98948e-10
-2.736e-05	2.736e-05	1.58282e-10
-2.592e-05	2.736e-05	1.52779e-10
-2.448e-05	2.736e-05	1.73196e-10
-2.304e-05	2.736e-05	2.12308e-10
-2.16e-05	2.736e-05	2.63601e-10
-2.016e-05	2.736e-05	3.20749e-10
-1.872e-05	2.736e-05	3.77583e-10
-1.728e-05	2.736e-05	4.28371e-10
-1.584e-05	2.736e-05	4.68217e-10
-1.44e-05	2.736e-05	4.93435e-10
-1.296e-05	2.736e-05	5.01834e-10
-1.152e-05	2.736e-05	4.92935e-10
-1.008e-05	2.736e-05	4.68154e-10
-8.64e-06	2.736e-05	4.3096e-10
-7.2e-06	2.736e-05	3.86942e-10
-5.76e-06	2.736e-05	3.43637e-10
-4.32e-06	2.736e-05	3.09915e-10
-2.88e-06	2.736e-05	2.94775e-10
-1.44e-06	2.736e-05	3.05635e-10
0	2.736e-05	3.46519e-10
1.44e-06	2.736e-05	4.16775e-10
2.88e-06	2.736e-05	5.10862e-10
4.32e-06	2.736e-05	6.19315e-10
5.76e-06	2.736e-05	7.30493e-10
7.2e-06	2.736e-05	8.32501e-10
8.64e-06	2.736e-05	9.14787e-10
1.008e-05	2.736e-05	9.692e-10
1.152e-05	2.736e-05	9.9055e-10
1.296e-05	2.736e-05	9.76815e-10
1.44e-05	2.736e-05	9.29126e-10
1.584e-05	2.736e-05	8.51603e-10
1.728e-05	2.736e-05	7.50984e-10
1.872e-05	2.736e-05	6.35972e-10
2.016e-05	2.736e-05	5.16221e-10
2.16e-05	2.736e-05	4.00994e-10
2.304e-05	2.736e-05	2.97596e-10
2.448e-05	2.736e-05	2.09304e-10
2.592e-05	2.736e-05	1.30068e-10
2.736e-05	2.736e-05	2.08448e-11
