-3.04e-05	-3.04e-05	-2.03007e-16
-2.888e-05	-3.04e-05	-1.0246e-16
-2.736e-05	-3.04e-05	-2.95583e-17
-2.584e-05	-3.04e-05	-8.90359e-17
-2.432e-05	-3.04e-05	-8.6948e-18
-2.28e-05	-3.04e-05	-3.78014e-17
-2.128e-05	-3.04e-05	-4.90087e-18
-1.976e-05	-3.04e-05	-1.55384e-17
-1.824e-05	-3.04e-05	1.64038e-17
-1.672e-05	-3.04e-05	-1.60428e-17
-1.52e-05	-3.04e-05	8.55454e-18
-1.368e-05	-3.04e-05	-5.96755e-18
-1.216e-05	-3.04e-05	-9.9446e-18
-1.064e-05	-3.04e-05	-5.82985e-18
-9.12e-06	-3.04e-05	-3.80066e-18
-7.6e-06	-3.04e-05	1.1741e-17
-6.08e-06	-3.04e-05	1.34324e-17
-4.56e-06	-3.04e-05	3.35619e-17
-3.04e-06	-3.04e-05	2.34101e-17
-1.52e-06	-3.04e-05	1.59546e-17
0	-3.04e-05	7.97886e-18
1.52e-06	-3.04e-05	5.71948e-19
3.04e-06	-3.04e-05	5.16215e-18
4.56e-06	-3.04e-05	8.06172e-18
6.08e-06	-3.04e-05	6.66643e-18
7.6e-06	-3.04e-05	-5.80934e-18
9.12e-06	-3.04e-05	-7.89623e-19
1.064e-05	-3.04e-05	1.45916e-17
1.216e-05	-3.04e-05	8.56968e-18
1.368e-05	-3.04e-05	4.33548e-18
1.52e-05	-3.04e-05	9.09149e-18
1.672e-05	-3.04e-05	2.03258e-17
1.824e-05	-3.04e-05	1.49799e-17
1.976e-05	-3.04e-05	1.08946e-17
2.128e-05	-3.04e-05	2.14901e-18
2.28e-05	-3.04e-05	-4.4658e-19
2.432e-05	-3.04e-05	-2.88128e-17
2.584e-05	-3.04e-05	-8.07137e-18
2.736e-05	-3.04e-05	-4.86533e-17
2.888e-05	-3.04e-05	-1.8701e-17
-3.04e-05	-2.888e-05	-1.65168e-16
-2.888e-05	-2.888e-05	-7.74058e-17
-2.736e-05	-2.888e-05	-1.05801e-16
-2.584e-05	-2.888e-05	-2.14587e-17
-2.432e-05	-2.888e-05	-8.89019e-17
-2.28e-05	-2.888e-05	2.20526e-17
-2.128e-05	-2.888e-05	1.37083e-17
-1.976e-05	-2.888e-05	-1.6088e-17
-1.824e-05	-2.888e-05	2.92441e-17
-1.672e-05	-2.888e-05	5.18382e-17
-1.52e-05	-2.888e-05	-4.56796e-17
-1.368e-05	-2.888e-05	-3.03423e-17
-1.216e-05	-2.888e-05	-6.74896e-17
-1.064e-05	-2.888e-05	-9.26156e-17
-9.12e-06	-2.888e-05	-8.17611e-17
-7.6e-06	-2.888e-05	-7.63834e-17
-6.08e-06	-2.888e-05	-4.18673e-17
-4.56e-06	-2.888e-05	1.52929e-17
-3.04e-06	-2.888e-05	5.40415e-17
-1.52e-06	-2.888e-05	1.37769e-16
0	-2.888e-05	1.28954e-16
1.52e-06	-2.888e-05	1.26684e-16
3.04e-06	-2.888e-05	1.91249e-17
4.56e-06	-2.888e-05	4.92025e-16
6.08e-06	-2.888e-05	8.00224e-16
7.6e-06	-2.888e-05	3.29363e-16
9.12e-06	-2.888e-05	-8.05448e-18
1.064e-05	-2.888e-05	6.58593e-18
1.216e-05	-2.888e-05	2.49826e-17
1.368e-05	-2.888e-05	-1.4961e-16
1.52e-05	-2.888e-05	2.56643e-16
1.672e-05	-2.888e-05	1.15102e-16
1.824e-05	-2.888e-05	9.09206e-17
1.976e-05	-2.888e-05	6.04266e-17
2.128e-05	-2.888e-05	-5.62255e-17
2.28e-05	-2.888e-05	3.68179e-17
2.432e-05	-2.888e-05	2.29318e-17
2.584e-05	-2.888e-05	-9.94201e-17
2.736e-05	-2.888e-05	-3.02205e-18
2.888e-05	-2.888e-05	-1.71374e-16
-3.04e-05	-2.736e-05	-4.76086e-17
-2.888e-05	-2.736e-05	-1.98582e-16
-2.736e-05	-2.736e-05	4.60679e-18
-2.584e-05	-2.736e-05	-1.84924e-16
-2.432e-05	-2.736e-05	-2.71265e-17
-2.28e-05	-2.736e-05	-6.72503e-17
-2.128e-05	-2.736e-05	-6.3163e-18
-1.976e-05	-2.736e-05	4.05983e-18
-1.824e-05	-2.736e-05	5.02346e-17
-1.672e-05	-2.736e-05	-2.88843e-17
-1.52e-05	-2.736e-05	2.45173e-17
-1.368e-05	-2.736e-05	1.064e-17
-1.216e-05	-2.736e-05	2.09796e-18
-1.064e-05	-2.736e-05	1.26594e-17
-9.12e-06	-2.736e-05	-5.02232e-19
-7.6e-06	-2.736e-05	-8.42033e-18
-6.08e-06	-2.736e-05	3.60791e-18
-4.56e-06	-2.736e-05	1.3318e-17
-3.04e-06	-2.736e-05	1.52755e-17
-1.52e-06	-2.736e-05	1.90236e-18
0	-2.736e-05	-3.4352e-19
1.52e-06	-2.736e-05	1.12633e-17
3.04e-06	-2.736e-05	1.38801e-17
4.56e-06	-2.736e-05	7.08502e-17
6.08e-06	-2.736e-05	4.63754e-18
7.6e-06	-2.736e-05	1.69657e-17
9.12e-06	-2.736e-05	1.86682e-17
1.064e-05	-2.736e-05	5.00061e-17
1.216e-05	-2.736e-05	-9.98029e-18
1.368e-05	-2.736e-05	1.65207e-17
1.52e-05	-2.736e-05	1.48437e-18
1.672e-05	-2.736e-05	3.26127e-17
1.824e-05	-2.736e-05	-5.00582e-18
1.976e-05	-2.736e-05	2.52778e-17
2.128e-05	-2.736e-05	-4.35233e-19
2.28e-05	-2.736e-05	7.20817e-18
2.432e-05	-2.736e-05	-4.62615e-17
2.584e-05	-2.736e-05	-3.12912e-17
2.736e-05	-2.736e-05	-1.18647e-16
2.888e-05	-2.736e-05	-1.97083e-17
-3.04e-05	-2.584e-05	-1.67502e-16
-2.888e-05	-2.584e-05	-5.95832e-17
-2.736e-05	-2.584e-05	-1.8699e-16
-2.584e-05	-2.584e-05	-7.25547e-17
-2.432e-05	-2.584e-05	-7.96969e-17
-2.28e-05	-2.584e-05	4.90724e-17
-2.128e-05	-2.584e-05	-1.09885e-17
-1.976e-05	-2.584e-05	-3.26095e-18
-1.824e-05	-2.584e-05	-4.55224e-18
-1.672e-05	-2.584e-05	4.62353e-17
-1.52e-05	-2.584e-05	-1.68891e-17
-1.368e-05	-2.584e-05	2.58271e-17
-1.216e-05	-2.584e-05	2.77305e-17
-1.064e-05	-2.584e-05	1.86025e-17
-9.12e-06	-2.584e-05	-9.14703e-20
-7.6e-06	-2.584e-05	-6.05903e-18
-6.08e-06	-2.584e-05	1.33133e-17
-4.56e-06	-2.584e-05	1.70379e-17
-3.04e-06	-2.584e-05	2.72731e-17
-1.52e-06	-2.584e-05	-3.68321e-18
0	-2.584e-05	1.67072e-18
1.52e-06	-2.584e-05	6.31934e-18
3.04e-06	-2.584e-05	3.50932e-19
4.56e-06	-2.584e-05	3.95908e-18
6.08e-06	-2.584e-05	1.77768e-17
7.6e-06	-2.584e-05	1.06891e-17
9.12e-06	-2.584e-05	-4.63056e-18
1.064e-05	-2.584e-05	9.60997e-18
1.216e-05	-2.584e-05	1.61359e-17
1.368e-05	-2.584e-05	2.64327e-17
1.52e-05	-2.584e-05	2.83724e-17
1.672e-05	-2.584e-05	-6.90164e-18
1.824e-05	-2.584e-05	5.47319e-17
1.976e-05	-2.584e-05	-1.02932e-17
2.128e-05	-2.584e-05	1.31046e-17
2.28e-05	-2.584e-05	-1.03653e-17
2.432e-05	-2.584e-05	3.33976e-17
2.584e-05	-2.584e-05	-4.87691e-17
2.736e-05	-2.584e-05	5.22695e-18
2.888e-05	-2.584e-05	-1.32829e-16
-3.04e-05	-2.432e-05	-3.48136e-17
-2.888e-05	-2.432e-05	-1.79408e-16
-2.736e-05	-2.432e-05	9.98005e-18
-2.584e-05	-2.432e-05	-9.12522e-17
-2.432e-05	-2.432e-05	7.89684e-17
-2.28e-05	-2.432e-05	-7.59106e-18
-2.128e-05	-2.432e-05	-5.60813e-17
-1.976e-05	-2.432e-05	1.50797e-18
-1.824e-05	-2.432e-05	7.90752e-17
-1.672e-05	-2.432e-05	-3.32582e-17
-1.52e-05	-2.432e-05	4.24507e-17
-1.368e-05	-2.432e-05	3.68556e-17
-1.216e-05	-2.432e-05	1.57027e-17
-1.064e-05	-2.432e-05	2.97255e-17
-9.12e-06	-2.432e-05	4.81872e-18
-7.6e-06	-2.432e-05	5.41596e-18
-6.08e-06	-2.432e-05	2.68621e-18
-4.56e-06	-2.432e-05	3.25719e-17
-3.04e-06	-2.432e-05	7.73157e-18
-1.52e-06	-2.432e-05	1.12648e-17
0	-2.432e-05	-2.01834e-17
1.52e-06	-2.432e-05	6.13404e-18
3.04e-06	-2.432e-05	1.10945e-17
4.56e-06	-2.432e-05	7.79525e-18
6.08e-06	-2.432e-05	4.72927e-18
7.6e-06	-2.432e-05	4.03217e-18
9.12e-06	-2.432e-05	1.23708e-17
1.064e-05	-2.432e-05	4.19292e-18
1.216e-05	-2.432e-05	4.73849e-18
1.368e-05	-2.432e-05	1.61327e-17
1.52e-05	-2.432e-05	2.54527e-17
1.672e-05	-2.432e-05	3.18091e-17
1.824e-05	-2.432e-05	-1.82061e-17
1.976e-05	-2.432e-05	4.93638e-17
2.128e-05	-2.432e-05	3.88443e-18
2.28e-05	-2.432e-05	-1.35119e-17
2.432e-05	-2.432e-05	2.53278e-17
2.584e-05	-2.432e-05	4.21382e-18
2.736e-05	-2.432e-05	-7.16463e-17
2.888e-05	-2.432e-05	9.6603e-18
-3.04e-05	-2.28e-05	-8.24302e-17
-2.888e-05	-2.28e-05	2.04007e-17
-2.736e-05	-2.28e-05	-6.13541e-17
-2.584e-05	-2.28e-05	2.55459e-18
-2.432e-05	-2.28e-05	-1.17417e-17
-2.28e-05	-2.28e-05	-3.47974e-17
-2.128e-05	-2.28e-05	6.47322e-17
-1.976e-05	-2.28e-05	7.52275e-17
-1.824e-05	-2.28e-05	-1.99849e-17
-1.672e-05	-2.28e-05	2.83726e-17
-1.52e-05	-2.28e-05	1.05104e-17
-1.368e-05	-2.28e-05	1.5518e-17
-1.216e-05	-2.28e-05	5.4648e-17
-1.064e-05	-2.28e-05	1.29768e-17
-9.12e-06	-2.28e-05	3.56916e-18
-7.6e-06	-2.28e-05	-1.67141e-17
-6.08e-06	-2.28e-05	4.7757e-17
-4.56e-06	-2.28e-05	1.65239e-17
-3.04e-06	-2.28e-05	1.28107e-17
-1.52e-06	-2.28e-05	-1.42792e-17
0	-2.28e-05	1.14196e-17
1.52e-06	-2.28e-05	1.05054e-17
3.04e-06	-2.28e-05	1.08141e-17
4.56e-06	-2.28e-05	-1.31977e-17
6.08e-06	-2.28e-05	3.29892e-17
7.6e-06	-2.28e-05	3.54073e-17
9.12e-06	-2.28e-05	-1.22961e-17
1.064e-05	-2.28e-05	4.66492e-18
1.216e-05	-2.28e-05	1.88778e-17
1.368e-05	-2.28e-05	3.24688e-17
1.52e-05	-2.28e-05	3.09166e-17
1.672e-05	-2.28e-05	2.32119e-18
1.824e-05	-2.28e-05	6.04352e-17
1.976e-05	-2.28e-05	-2.66209e-17
2.128e-05	-2.28e-05	6.95978e-17
2.28e-05	-2.28e-05	1.11928e-18
2.432e-05	-2.28e-05	6.30791e-18
2.584e-05	-2.28e-05	3.68122e-18
2.736e-05	-2.28e-05	-2.60966e-18
2.888e-05	-2.28e-05	-3.25324e-19
-3.04e-05	-2.128e-05	-2.23593e-17
-2.888e-05	-2.128e-05	-1.11793e-17
-2.736e-05	-2.128e-05	-9.69768e-18
-2.584e-05	-2.128e-05	-6.62482e-18
-2.432e-05	-2.128e-05	-4.64552e-17
-2.28e-05	-2.128e-05	3.23669e-17
-2.128e-05	-2.128e-05	9.6574e-17
-1.976e-05	-2.128e-05	-1.0277e-17
-1.824e-05	-2.128e-05	5.08559e-17
-1.672e-05	-2.128e-05	-2.08614e-17
-1.52e-05	-2.128e-05	2.89867e-17
-1.368e-05	-2.128e-05	7.74198e-17
-1.216e-05	-2.128e-05	1.05842e-18
-1.064e-05	-2.128e-05	4.0784e-17
-9.12e-06	-2.128e-05	-2.66242e-17
-7.6e-06	-2.128e-05	2.32893e-17
-6.08e-06	-2.128e-05	1.61409e-17
-4.56e-06	-2.128e-05	1.89391e-17
-3.04e-06	-2.128e-05	-5.7883e-17
-1.52e-06	-2.128e-05	-4.88315e-17
0	-2.128e-05	-7.12727e-17
1.52e-06	-2.128e-05	3.34106e-18
3.04e-06	-2.128e-05	-1.17147e-17
4.56e-06	-2.128e-05	1.35438e-17
6.08e-06	-2.128e-05	1.38143e-17
7.6e-06	-2.128e-05	9.99728e-18
9.12e-06	-2.128e-05	-3.92215e-18
1.064e-05	-2.128e-05	1.92893e-17
1.216e-05	-2.128e-05	1.31332e-17
1.368e-05	-2.128e-05	1.85219e-17
1.52e-05	-2.128e-05	4.23044e-17
1.672e-05	-2.128e-05	3.71819e-17
1.824e-05	-2.128e-05	-1.45553e-17
1.976e-05	-2.128e-05	4.01457e-17
2.128e-05	-2.128e-05	-6.45108e-18
2.28e-05	-2.128e-05	6.60409e-17
2.432e-05	-2.128e-05	9.03156e-18
2.584e-05	-2.128e-05	6.89955e-17
2.736e-05	-2.128e-05	4.11277e-17
2.888e-05	-2.128e-05	1.53759e-17
-3.04e-05	-1.976e-05	1.28401e-17
-2.888e-05	-1.976e-05	1.96837e-17
-2.736e-05	-1.976e-05	1.96689e-17
-2.584e-05	-1.976e-05	2.34046e-17
-2.432e-05	-1.976e-05	2.18775e-17
-2.28e-05	-1.976e-05	8.2546e-17
-2.128e-05	-1.976e-05	1.69752e-18
-1.976e-05	-1.976e-05	3.25699e-17
-1.824e-05	-1.976e-05	-1.23499e-17
-1.672e-05	-1.976e-05	1.37984e-17
-1.52e-05	-1.976e-05	9.59156e-17
-1.368e-05	-1.976e-05	-2.779e-17
-1.216e-05	-1.976e-05	3.88376e-17
-1.064e-05	-1.976e-05	-2.14934e-18
-9.12e-06	-1.976e-05	3.45684e-18
-7.6e-06	-1.976e-05	-4.34384e-17
-6.08e-06	-1.976e-05	-7.19251e-17
-4.56e-06	-1.976e-05	-5.46595e-16
-3.04e-06	-1.976e-05	-1.18787e-15
-1.52e-06	-1.976e-05	-1.49541e-15
0	-1.976e-05	-1.21143e-15
1.52e-06	-1.976e-05	-6.37542e-16
3.04e-06	-1.976e-05	-1.88422e-16
4.56e-06	-1.976e-05	-6.48384e-17
6.08e-06	-1.976e-05	2.03911e-17
7.6e-06	-1.976e-05	4.17238e-17
9.12e-06	-1.976e-05	4.21511e-18
1.064e-05	-1.976e-05	-5.31021e-18
1.216e-05	-1.976e-05	1.63382e-17
1.368e-05	-1.976e-05	6.0605e-17
1.52e-05	-1.976e-05	3.02938e-17
1.672e-05	-1.976e-05	3.5088e-17
1.824e-05	-1.976e-05	2.73399e-17
1.976e-05	-1.976e-05	5.93443e-18
2.128e-05	-1.976e-05	3.60161e-18
2.28e-05	-1.976e-05	8.51484e-18
2.432e-05	-1.976e-05	2.26052e-17
2.584e-05	-1.976e-05	1.2859e-17
2.736e-05	-1.976e-05	5.48162e-17
2.888e-05	-1.976e-05	5.86447e-17
-3.04e-05	-1.824e-05	6.12187e-17
-2.888e-05	-1.824e-05	6.33014e-18
-2.736e-05	-1.824e-05	4.08355e-17
-2.584e-05	-1.824e-05	1.48441e-17
-2.432e-05	-1.824e-05	6.20183e-17
-2.28e-05	-1.824e-05	-1.82929e-17
-2.128e-05	-1.824e-05	4.00794e-17
-1.976e-05	-1.824e-05	8.23288e-18
-1.824e-05	-1.824e-05	-2.59915e-17
-1.672e-05	-1.824e-05	7.18565e-17
-1.52e-05	-1.824e-05	-9.04596e-18
-1.368e-05	-1.824e-05	5.24083e-17
-1.216e-05	-1.824e-05	-2.82791e-17
-1.064e-05	-1.824e-05	2.99208e-17
-9.12e-06	-1.824e-05	-9.47017e-17
-7.6e-06	-1.824e-05	-5.42404e-16
-6.08e-06	-1.824e-05	-3.51794e-15
-4.56e-06	-1.824e-05	-1.39588e-14
-3.04e-06	-1.824e-05	-2.99022e-14
-1.52e-06	-1.824e-05	-3.74424e-14
0	-1.824e-05	-3.1675e-14
1.52e-06	-1.824e-05	-1.68001e-14
3.04e-06	-1.824e-05	-4.52454e-15
4.56e-06	-1.824e-05	-7.84416e-16
6.08e-06	-1.824e-05	-1.23968e-16
7.6e-06	-1.824e-05	-1.50775e-18
9.12e-06	-1.824e-05	2.46208e-17
1.064e-05	-1.824e-05	1.47856e-17
1.216e-05	-1.824e-05	5.66466e-17
1.368e-05	-1.824e-05	6.4696e-18
1.52e-05	-1.824e-05	4.50049e-17
1.672e-05	-1.824e-05	2.54804e-17
1.824e-05	-1.824e-05	4.35652e-17
1.976e-05	-1.824e-05	-6.86967e-18
2.128e-05	-1.824e-05	4.12297e-17
2.28e-05	-1.824e-05	-7.56413e-18
2.432e-05	-1.824e-05	1.08704e-17
2.584e-05	-1.824e-05	1.97869e-17
2.736e-05	-1.824e-05	-1.24601e-18
2.888e-05	-1.824e-05	4.37668e-17
-3.04e-05	-1.672e-05	-1.30231e-18
-2.888e-05	-1.672e-05	2.37248e-17
-2.736e-05	-1.672e-05	-6.13829e-17
-2.584e-05	-1.672e-05	5.90847e-17
-2.432e-05	-1.672e-05	-5.26616e-17
-2.28e-05	-1.672e-05	3.59056e-17
-2.128e-05	-1.672e-05	3.10266e-17
-1.976e-05	-1.672e-05	-9.41973e-20
-1.824e-05	-1.672e-05	1.05743e-16
-1.672e-05	-1.672e-05	7.37477e-18
-1.52e-05	-1.672e-05	6.74039e-17
-1.368e-05	-1.672e-05	-2.30814e-17
-1.216e-05	-1.672e-05	1.50448e-17
-1.064e-05	-1.672e-05	-1.90121e-16
-9.12e-06	-1.672e-05	-1.64097e-15
-7.6e-06	-1.672e-05	-1.32548e-14
-6.08e-06	-1.672e-05	-8.18064e-14
-4.56e-06	-1.672e-05	-3.44557e-13
-3.04e-06	-1.672e-05	-7.58651e-13
-1.52e-06	-1.672e-05	-9.51942e-13
0	-1.672e-05	-8.04226e-13
1.52e-06	-1.672e-05	-4.18586e-13
3.04e-06	-1.672e-05	-1.04743e-13
4.56e-06	-1.672e-05	-1.74645e-14
6.08e-06	-1.672e-05	-2.25535e-15
7.6e-06	-1.672e-05	-2.06776e-16
9.12e-06	-1.672e-05	5.76558e-18
1.064e-05	-1.672e-05	1.71638e-17
1.216e-05	-1.672e-05	1.02426e-17
1.368e-05	-1.672e-05	2.17721e-17
1.52e-05	-1.672e-05	1.21466e-17
1.672e-05	-1.672e-05	3.73701e-17
1.824e-05	-1.672e-05	1.87791e-17
1.976e-05	-1.672e-05	9.2942e-17
2.128e-05	-1.672e-05	-3.44497e-17
2.28e-05	-1.672e-05	8.72721e-17
2.432e-05	-1.672e-05	-1.17394e-17
2.584e-05	-1.672e-05	6.83499e-17
2.736e-05	-1.672e-05	3.03199e-17
2.888e-05	-1.672e-05	1.64014e-17
-3.04e-05	-1.52e-05	5.33553e-17
-2.888e-05	-1.52e-05	1.28335e-17
-2.736e-05	-1.52e-05	6.58411e-17
-2.584e-05	-1.52e-05	-3.35147e-18
-2.432e-05	-1.52e-05	3.65987e-17
-2.28e-05	-1.52e-05	4.33425e-17
-2.128e-05	-1.52e-05	4.6876e-17
-1.976e-05	-1.52e-05	1.04248e-16
-1.824e-05	-1.52e-05	-1.5832e-17
-1.672e-05	-1.52e-05	4.2148e-17
-1.52e-05	-1.52e-05	-3.00919e-17
-1.368e-05	-1.52e-05	-3.69688e-17
-1.216e-05	-1.52e-05	-2.28868e-16
-1.064e-05	-1.52e-05	-3.14847e-15
-9.12e-06	-1.52e-05	-3.22993e-14
-7.6e-06	-1.52e-05	-2.76536e-13
-6.08e-06	-1.52e-05	-1.85805e-12
-4.56e-06	-1.52e-05	-8.48999e-12
-3.04e-06	-1.52e-05	-1.92464e-11
-1.52e-06	-1.52e-05	-2.42158e-11
0	-1.52e-05	-2.0408e-11
1.52e-06	-1.52e-05	-1.04282e-11
3.04e-06	-1.52e-05	-2.399e-12
4.56e-06	-1.52e-05	-3.65922e-13
6.08e-06	-1.52e-05	-4.33107e-14
7.6e-06	-1.52e-05	-4.3564e-15
9.12e-06	-1.52e-05	-3.53976e-16
1.064e-05	-1.52e-05	1.53914e-17
1.216e-05	-1.52e-05	7.81232e-17
1.368e-05	-1.52e-05	2.43729e-17
1.52e-05	-1.52e-05	3.52803e-17
1.672e-05	-1.52e-05	2.35444e-17
1.824e-05	-1.52e-05	3.33019e-17
1.976e-05	-1.52e-05	-2.24508e-17
2.128e-05	-1.52e-05	9.83322e-17
2.28e-05	-1.52e-05	-3.32037e-17
2.432e-05	-1.52e-05	9.26981e-17
2.584e-05	-1.52e-05	2.59225e-18
2.736e-05	-1.52e-05	4.72812e-17
2.888e-05	-1.52e-05	4.23987e-17
-3.04e-05	-1.368e-05	4.57115e-17
-2.888e-05	-1.368e-05	3.29261e-17
-2.736e-05	-1.368e-05	2.364e-17
-2.584e-05	-1.368e-05	6.23357e-17
-2.432e-05	-1.368e-05	3.8239e-17
-2.28e-05	-1.368e-05	2.48823e-17
-2.128e-05	-1.368e-05	4.09645e-17
-1.976e-05	-1.368e-05	5.66459e-18
-1.824e-05	-1.368e-05	-2.92261e-18
-1.672e-05	-1.368e-05	2.80195e-17
-1.52e-05	-1.368e-05	-8.02583e-17
-1.368e-05	-1.368e-05	-2.60826e-16
-1.216e-05	-1.368e-05	-4.30795e-15
-1.064e-05	-1.368e-05	-5.38921e-14
-9.12e-06	-1.368e-05	-5.95305e-13
-7.6e-06	-1.368e-05	-5.59793e-12
-6.08e-06	-1.368e-05	-4.15399e-11
-4.56e-06	-1.368e-05	-2.08791e-10
-3.04e-06	-1.368e-05	-4.88477e-10
-1.52e-06	-1.368e-05	-6.16102e-10
0	-1.368e-05	-5.17997e-10
1.52e-06	-1.368e-05	-2.59575e-10
3.04e-06	-1.368e-05	-5.41606e-11
4.56e-06	-1.368e-05	-7.46237e-12
6.08e-06	-1.368e-05	-8.03775e-13
7.6e-06	-1.368e-05	-7.33526e-14
9.12e-06	-1.368e-05	-5.93642e-15
1.064e-05	-1.368e-05	-4.01118e-16
1.216e-05	-1.368e-05	2.33035e-17
1.368e-05	-1.368e-05	5.87776e-17
1.52e-05	-1.368e-05	3.03417e-17
1.672e-05	-1.368e-05	1.37358e-17
1.824e-05	-1.368e-05	2.26459e-17
1.976e-05	-1.368e-05	3.40075e-17
2.128e-05	-1.368e-05	2.45982e-17
2.28e-05	-1.368e-05	3.721e-17
2.432e-05	-1.368e-05	4.54241e-17
2.584e-05	-1.368e-05	3.08219e-17
2.736e-05	-1.368e-05	6.4694e-17
2.888e-05	-1.368e-05	1.57629e-18
-3.04e-05	-1.216e-05	7.457e-17
-2.888e-05	-1.216e-05	-2.5659e-19
-2.736e-05	-1.216e-05	4.85265e-17
-2.584e-05	-1.216e-05	-7.27627e-18
-2.432e-05	-1.216e-05	4.12335e-17
-2.28e-05	-1.216e-05	1.02211e-17
-2.128e-05	-1.216e-05	1.85555e-17
-1.976e-05	-1.216e-05	-1.02513e-18
-1.824e-05	-1.216e-05	1.56195e-17
-1.672e-05	-1.216e-05	-5.43813e-17
-1.52e-05	-1.216e-05	-2.69095e-16
-1.368e-05	-1.216e-05	-4.46295e-15
-1.216e-05	-1.216e-05	-6.35763e-14
-1.064e-05	-1.216e-05	-8.6027e-13
-9.12e-06	-1.216e-05	-1.04608e-11
-7.6e-06	-1.216e-05	-1.094e-10
-6.08e-06	-1.216e-05	-9.10273e-10
-4.56e-06	-1.216e-05	-5.12369e-09
-3.04e-06	-1.216e-05	-1.24029e-08
-1.52e-06	-1.216e-05	-1.56774e-08
0	-1.216e-05	-1.31515e-08
1.52e-06	-1.216e-05	-6.45683e-09
3.04e-06	-1.216e-05	-1.19934e-09
4.56e-06	-1.216e-05	-1.47044e-10
6.08e-06	-1.216e-05	-1.42154e-11
7.6e-06	-1.216e-05	-1.17663e-12
9.12e-06	-1.216e-05	-8.73238e-14
1.064e-05	-1.216e-05	-5.96019e-15
1.216e-05	-1.216e-05	-3.96786e-16
1.368e-05	-1.216e-05	4.01796e-17
1.52e-05	-1.216e-05	-2.99662e-17
1.672e-05	-1.216e-05	5.1579e-17
1.824e-05	-1.216e-05	3.23222e-18
1.976e-05	-1.216e-05	-8.46066e-19
2.128e-05	-1.216e-05	-1.20924e-17
2.28e-05	-1.216e-05	8.35347e-17
2.432e-05	-1.216e-05	-2.63806e-17
2.584e-05	-1.216e-05	8.84357e-17
2.736e-05	-1.216e-05	-2.91491e-17
2.888e-05	-1.216e-05	6.99777e-17
-3.04e-05	-1.064e-05	-3.0107e-17
-2.888e-05	-1.064e-05	5.94911e-17
-2.736e-05	-1.064e-05	3.95135e-18
-2.584e-05	-1.064e-05	3.35136e-17
-2.432e-05	-1.064e-05	-5.65557e-18
-2.28e-05	-1.064e-05	-9.06451e-18
-2.128e-05	-1.064e-05	-2.98474e-17
-1.976e-05	-1.064e-05	-9.41124e-17
-1.824e-05	-1.064e-05	-1.79185e-16
-1.672e-05	-1.064e-05	-5.61884e-16
-1.52e-05	-1.064e-05	-4.13314e-15
-1.368e-05	-1.064e-05	-5.54854e-14
-1.216e-05	-1.064e-05	-8.57946e-13
-1.064e-05	-1.064e-05	-1.27493e-11
-9.12e-06	-1.064e-05	-1.72837e-10
-7.6e-06	-1.064e-05	-2.04047e-09
-6.08e-06	-1.064e-05	-1.9411e-08
-4.56e-06	-1.064e-05	-1.25427e-07
-3.04e-06	-1.064e-05	-3.15063e-07
-1.52e-06	-1.064e-05	-3.98984e-07
0	-1.064e-05	-3.34002e-07
1.52e-06	-1.064e-05	-1.60492e-07
3.04e-06	-1.064e-05	-2.58669e-08
4.56e-06	-1.064e-05	-2.76665e-09
6.08e-06	-1.064e-05	-2.36486e-10
7.6e-06	-1.064e-05	-1.75308e-11
9.12e-06	-1.064e-05	-1.18107e-12
1.064e-05	-1.064e-05	-7.57844e-14
1.216e-05	-1.064e-05	-5.21565e-15
1.368e-05	-1.064e-05	-6.48462e-16
1.52e-05	-1.064e-05	-5.85454e-17
1.672e-05	-1.064e-05	-4.54692e-17
1.824e-05	-1.064e-05	1.42808e-17
1.976e-05	-1.064e-05	-1.8064e-17
2.128e-05	-1.064e-05	2.05716e-17
2.28e-05	-1.064e-05	-5.501e-17
2.432e-05	-1.064e-05	3.66927e-17
2.584e-05	-1.064e-05	-7.62357e-17
2.736e-05	-1.064e-05	3.53478e-18
2.888e-05	-1.064e-05	-7.80585e-17
-3.04e-05	-9.12e-06	-9.06294e-18
-2.888e-05	-9.12e-06	-5.36148e-17
-2.736e-05	-9.12e-06	-3.86207e-17
-2.584e-05	-9.12e-06	-4.69587e-17
-2.432e-05	-9.12e-06	-1.12777e-16
-2.28e-05	-9.12e-06	-1.95409e-16
-2.128e-05	-9.12e-06	-5.24509e-16
-1.976e-05	-9.12e-06	-1.24994e-15
-1.824e-05	-9.12e-06	-3.48575e-15
-1.672e-05	-9.12e-06	-1.05856e-14
-1.52e-05	-9.12e-06	-5.48413e-14
-1.368e-05	-9.12e-06	-6.4012e-13
-1.216e-05	-9.12e-06	-1.03964e-11
-1.064e-05	-9.12e-06	-1.712e-10
-9.12e-06	-9.12e-06	-2.62347e-09
-7.6e-06	-9.12e-06	-3.56423e-08
-6.08e-06	-9.12e-06	-3.9803e-07
-4.56e-06	-9.12e-06	-3.06186e-06
-3.04e-06	-9.12e-06	-8.00738e-06
-1.52e-06	-9.12e-06	-1.01553e-05
0	-9.12e-06	-8.48516e-06
1.52e-06	-9.12e-06	-3.98606e-06
3.04e-06	-9.12e-06	-5.37026e-07
4.56e-06	-9.12e-06	-4.87783e-08
6.08e-06	-9.12e-06	-3.61485e-09
7.6e-06	-9.12e-06	-2.36574e-10
9.12e-06	-9.12e-06	-1.43366e-11
1.064e-05	-9.12e-06	-8.6346e-13
1.216e-05	-9.12e-06	-6.73506e-14
1.368e-05	-9.12e-06	-1.12733e-14
1.52e-05	-9.12e-06	-3.58128e-15
1.672e-05	-9.12e-06	-1.22202e-15
1.824e-05	-9.12e-06	-4.75909e-16
1.976e-05	-9.12e-06	-1.21704e-16
2.128e-05	-9.12e-06	-8.19285e-17
2.28e-05	-9.12e-06	2.6058e-17
2.432e-05	-9.12e-06	-3.22979e-17
2.584e-05	-9.12e-06	-1.26855e-17
2.736e-05	-9.12e-06	-5.50171e-17
2.888e-05	-9.12e-06	-5.82218e-17
-3.04e-05	-7.6e-06	-2.78748e-17
-2.888e-05	-7.6e-06	-4.25022e-17
-2.736e-05	-7.6e-06	-6.05853e-17
-2.584e-05	-7.6e-06	-2.02426e-16
-2.432e-05	-7.6e-06	-1.22716e-15
-2.28e-05	-7.6e-06	-4.09135e-15
-2.128e-05	-7.6e-06	-1.11997e-14
-1.976e-05	-7.6e-06	-3.01766e-14
-1.824e-05	-7.6e-06	-8.11579e-14
-1.672e-05	-7.6e-06	-2.27407e-13
-1.52e-05	-7.6e-06	-8.3426e-13
-1.368e-05	-7.6e-06	-6.85178e-12
-1.216e-05	-7.6e-06	-1.09244e-10
-1.064e-05	-7.6e-06	-1.99616e-09
-9.12e-06	-7.6e-06	-3.51595e-08
-7.6e-06	-7.6e-06	-5.63889e-07
-6.08e-06	-7.6e-06	-7.67724e-06
-4.56e-06	-7.6e-06	-7.45037e-05
-3.04e-06	-7.6e-06	-0.00020362
-1.52e-06	-7.6e-06	-0.00025851
0	-7.6e-06	-0.000215634
1.52e-06	-7.6e-06	-9.89153e-05
3.04e-06	-7.6e-06	-1.05029e-05
4.56e-06	-7.6e-06	-7.79409e-07
6.08e-06	-7.6e-06	-4.87798e-08
7.6e-06	-7.6e-06	-2.76894e-09
9.12e-06	-7.6e-06	-1.50176e-10
1.064e-05	-7.6e-06	-8.93785e-12
1.216e-05	-7.6e-06	-9.45097e-13
1.368e-05	-7.6e-06	-2.36504e-13
1.52e-05	-7.6e-06	-8.29993e-14
1.672e-05	-7.6e-06	-3.08445e-14
1.824e-05	-7.6e-06	-1.15311e-14
1.976e-05	-7.6e-06	-4.28681e-15
2.128e-05	-7.6e-06	-1.5391e-15
2.28e-05	-7.6e-06	-4.83706e-16
2.432e-05	-7.6e-06	-9.1525e-17
2.584e-05	-7.6e-06	-1.36618e-17
2.736e-05	-7.6e-06	-5.6304e-17
2.888e-05	-7.6e-06	2.11591e-17
-3.04e-05	-6.08e-06	-7.16427e-18
-2.888e-05	-6.08e-06	-4.32695e-17
-2.736e-05	-6.08e-06	-4.96395e-16
-2.584e-05	-6.08e-06	-4.81106e-15
-2.432e-05	-6.08e-06	-2.93763e-14
-2.28e-05	-6.08e-06	-9.78105e-14
-2.128e-05	-6.08e-06	-2.70437e-13
-1.976e-05	-6.08e-06	-7.25527e-13
-1.824e-05	-6.08e-06	-1.94053e-12
-1.672e-05	-6.08e-06	-5.24455e-12
-1.52e-05	-6.08e-06	-1.54891e-11
-1.368e-05	-6.08e-06	-7.50959e-11
-1.216e-05	-6.08e-06	-9.49174e-10
-1.064e-05	-6.08e-06	-1.86938e-08
-9.12e-06	-6.08e-06	-3.8498e-07
-7.6e-06	-6.08e-06	-7.54406e-06
-6.08e-06	-6.08e-06	-0.000132733
-4.56e-06	-6.08e-06	-0.00180611
-3.04e-06	-6.08e-06	-0.00518094
-1.52e-06	-6.08e-06	-0.00658111
0	-6.08e-06	-0.00548185
1.52e-06	-6.08e-06	-0.00245236
3.04e-06	-6.08e-06	-0.000184596
4.56e-06	-6.08e-06	-1.05363e-05
6.08e-06	-6.08e-06	-5.37065e-07
7.6e-06	-6.08e-06	-2.59243e-08
9.12e-06	-6.08e-06	-1.2804e-09
1.064e-05	-6.08e-06	-9.04012e-11
1.216e-05	-6.08e-06	-1.63891e-11
1.368e-05	-6.08e-06	-5.37127e-12
1.52e-05	-6.08e-06	-1.97933e-12
1.672e-05	-6.08e-06	-7.40188e-13
1.824e-05	-6.08e-06	-2.77148e-13
1.976e-05	-6.08e-06	-1.0337e-13
2.128e-05	-6.08e-06	-3.75667e-14
2.28e-05	-6.08e-06	-1.15889e-14
2.432e-05	-6.08e-06	-1.92282e-15
2.584e-05	-6.08e-06	-2.24678e-16
2.736e-05	-6.08e-06	-1.68202e-17
2.888e-05	-6.08e-06	4.46271e-17
-3.04e-05	-4.56e-06	-3.60705e-17
-2.888e-05	-4.56e-06	-8.6463e-16
-2.736e-05	-4.56e-06	-1.04009e-14
-2.584e-05	-4.56e-06	-1.00862e-13
-2.432e-05	-4.56e-06	-6.94936e-13
-2.28e-05	-4.56e-06	-2.34997e-12
-2.128e-05	-4.56e-06	-6.50025e-12
-1.976e-05	-4.56e-06	-1.74364e-11
-1.824e-05	-4.56e-06	-4.65757e-11
-1.672e-05	-4.56e-06	-1.24568e-10
-1.52e-05	-4.56e-06	-3.38877e-10
-1.368e-05	-4.56e-06	-1.06501e-09
-1.216e-05	-4.56e-06	-6.86247e-09
-1.064e-05	-4.56e-06	-1.19032e-07
-9.12e-06	-4.56e-06	-2.84235e-06
-7.6e-06	-4.56e-06	-7.09049e-05
-6.08e-06	-4.56e-06	-0.00177827
-4.56e-06	-4.56e-06	-0.0435916
-3.04e-06	-4.56e-06	-0.131911
-1.52e-06	-4.56e-06	-0.167552
0	-4.56e-06	-0.139413
1.52e-06	-4.56e-06	-0.0607401
3.04e-06	-4.56e-06	-0.00253265
4.56e-06	-4.56e-06	-9.98225e-05
6.08e-06	-4.56e-06	-3.95361e-06
7.6e-06	-4.56e-06	-1.61927e-07
9.12e-06	-4.56e-06	-8.5583e-09
1.064e-05	-4.56e-06	-1.14586e-09
1.216e-05	-4.56e-06	-3.47736e-10
1.368e-05	-4.56e-06	-1.27059e-10
1.52e-05	-4.56e-06	-4.74807e-11
1.672e-05	-4.56e-06	-1.77852e-11
1.824e-05	-4.56e-06	-6.66012e-12
1.976e-05	-4.56e-06	-2.48442e-12
2.128e-05	-4.56e-06	-9.01822e-13
2.28e-05	-4.56e-06	-2.73938e-13
2.432e-05	-4.56e-06	-4.0298e-14
2.584e-05	-4.56e-06	-4.24236e-15
2.736e-05	-4.56e-06	-3.3796e-16
2.888e-05	-4.56e-06	-1.07526e-16
-3.04e-05	-3.04e-06	-1.13119e-15
-2.888e-05	-3.04e-06	-1.41805e-14
-2.736e-05	-3.04e-06	-1.81574e-13
-2.584e-05	-3.04e-06	-2.02709e-12
-2.432e-05	-3.04e-06	-1.63671e-11
-2.28e-05	-3.04e-06	-5.64364e-11
-2.128e-05	-3.04e-06	-1.56225e-10
-1.976e-05	-3.04e-06	-4.19056e-10
-1.824e-05	-3.04e-06	-1.11914e-09
-1.672e-05	-3.04e-06	-2.98746e-09
-1.52e-05	-3.04e-06	-7.98494e-09
-1.368e-05	-3.04e-06	-2.16055e-08
-1.216e-05	-3.04e-06	-6.50568e-08
-1.064e-05	-3.04e-06	-3.60124e-07
-9.12e-06	-3.04e-06	-5.67264e-06
-7.6e-06	-3.04e-06	-0.000134216
-6.08e-06	-3.04e-06	-0.00336791
-4.56e-06	-3.04e-06	-0.0822026
-3.04e-06	-3.04e-06	-0.230966
-1.52e-06	-3.04e-06	-0.290237
0	-3.04e-06	-0.238955
1.52e-06	-3.04e-06	-0.0966691
3.04e-06	-3.04e-06	-0.00401871
4.56e-06	-3.04e-06	-0.000159944
6.08e-06	-3.04e-06	-6.69634e-06
7.6e-06	-3.04e-06	-4.03205e-07
9.12e-06	-3.04e-06	-6.77391e-08
1.064e-05	-3.04e-06	-2.20781e-08
1.216e-05	-3.04e-06	-8.14093e-09
1.368e-05	-3.04e-06	-3.04511e-09
1.52e-05	-3.04e-06	-1.1408e-09
1.672e-05	-3.04e-06	-4.27435e-10
1.824e-05	-3.04e-06	-1.60068e-10
1.976e-05	-3.04e-06	-5.97094e-11
2.128e-05	-3.04e-06	-2.16604e-11
2.28e-05	-3.04e-06	-6.47449e-12
2.432e-05	-3.04e-06	-8.12422e-13
2.584e-05	-3.04e-06	-7.3222e-14
2.736e-05	-3.04e-06	-5.84807e-15
2.888e-05	-3.04e-06	-1.71632e-15
-3.04e-05	-1.52e-06	-1.60844e-14
-2.888e-05	-1.52e-06	-2.03244e-13
-2.736e-05	-1.52e-06	-2.87128e-12
-2.584e-05	-1.52e-06	-3.83245e-11
-2.432e-05	-1.52e-06	-3.847e-10
-2.28e-05	-1.52e-06	-1.35556e-09
-2.128e-05	-1.52e-06	-3.75467e-09
-1.976e-05	-1.52e-06	-1.00716e-08
-1.824e-05	-1.52e-06	-2.68969e-08
-1.672e-05	-1.52e-06	-7.17883e-08
-1.52e-05	-1.52e-06	-1.91612e-07
-1.368e-05	-1.52e-06	-5.11812e-07
-1.216e-05	-1.52e-06	-1.37568e-06
-1.064e-05	-1.52e-06	-3.90947e-06
-9.12e-06	-1.52e-06	-1.64177e-05
-7.6e-06	-1.52e-06	-0.000195309
-6.08e-06	-1.52e-06	-0.00436028
-4.56e-06	-1.52e-06	-0.104579
-3.04e-06	-1.52e-06	-0.278819
-1.52e-06	-1.52e-06	-0.346676
0	-1.52e-06	-0.283941
1.52e-06	-1.52e-06	-0.111526
3.04e-06	-1.52e-06	-0.00474999
4.56e-06	-1.52e-06	-0.000212294
6.08e-06	-1.52e-06	-1.7297e-05
7.6e-06	-1.52e-06	-4.0085e-06
9.12e-06	-1.52e-06	-1.40317e-06
1.064e-05	-1.52e-06	-5.21709e-07
1.216e-05	-1.52e-06	-1.95303e-07
1.368e-05	-1.52e-06	-7.31714e-08
1.52e-05	-1.52e-06	-2.74174e-08
1.672e-05	-1.52e-06	-1.02729e-08
1.824e-05	-1.52e-06	-3.84709e-09
1.976e-05	-1.52e-06	-1.43504e-09
2.128e-05	-1.52e-06	-5.20321e-10
2.28e-05	-1.52e-06	-1.52834e-10
2.432e-05	-1.52e-06	-1.54446e-11
2.584e-05	-1.52e-06	-1.16368e-12
2.736e-05	-1.52e-06	-8.36111e-14
2.888e-05	-1.52e-06	-2.43085e-14
-3.04e-05	0	-2.31417e-13
-2.888e-05	0	-2.60911e-12
-2.736e-05	0	-3.91561e-11
-2.584e-05	0	-6.4972e-10
-2.432e-05	0	-9.02244e-09
-2.28e-05	0	-3.25655e-08
-2.128e-05	0	-9.02395e-08
-1.976e-05	0	-2.4206e-07
-1.824e-05	0	-6.46437e-07
-1.672e-05	0	-1.72533e-06
-1.52e-05	0	-4.60473e-06
-1.368e-05	0	-1.22909e-05
-1.216e-05	0	-3.28207e-05
-1.064e-05	0	-8.78673e-05
-9.12e-06	0	-0.00024034
-7.6e-06	0	-0.000785679
-6.08e-06	0	-0.00581099
-4.56e-06	0	-0.106488
-3.04e-06	0	-0.263212
-1.52e-06	0	-0.322528
0	0	-0.265643
1.52e-06	0	-0.108471
3.04e-06	0	-0.00669803
4.56e-06	0	-0.000829958
6.08e-06	0	-0.000246077
7.6e-06	0	-8.96032e-05
9.12e-06	0	-3.34547e-05
1.064e-05	0	-1.25277e-05
1.216e-05	0	-4.69339e-06
1.368e-05	0	-1.75857e-06
1.52e-05	0	-6.58948e-07
1.672e-05	0	-2.469e-07
1.824e-05	0	-9.2461e-08
1.976e-05	0	-3.44898e-08
2.128e-05	0	-1.2501e-08
2.28e-05	0	-3.60247e-09
2.432e-05	0	-2.64031e-10
2.584e-05	0	-1.59591e-11
2.736e-05	0	-1.07378e-12
2.888e-05	0	-3.44679e-13
-3.04e-05	1.52e-06	-3.62597e-12
-2.888e-05	1.52e-06	-3.11657e-11
-2.736e-05	1.52e-06	-4.06675e-10
-2.584e-05	1.52e-06	-8.51982e-09
-2.432e-05	1.52e-06	-2.11079e-07
-2.28e-05	1.52e-06	-7.82525e-07
-2.128e-05	1.52e-06	-2.16882e-06
-1.976e-05	1.52e-06	-5.81767e-06
-1.824e-05	1.52e-06	-1.55364e-05
-1.672e-05	1.52e-06	-4.14662e-05
-1.52e-05	1.52e-06	-0.000110668
-1.368e-05	1.52e-06	-0.00029538
-1.216e-05	1.52e-06	-0.000788531
-1.064e-05	1.52e-06	-0.0021058
-9.12e-06	1.52e-06	-0.00562782
-7.6e-06	1.52e-06	-0.0150602
-6.08e-06	1.52e-06	-0.0403039
-4.56e-06	1.52e-06	-0.104943
-3.04e-06	1.52e-06	-0.184675
-1.52e-06	1.52e-06	-0.218114
0	1.52e-06	-0.185816
1.52e-06	1.52e-06	-0.106161
3.04e-06	1.52e-06	-0.0410605
4.56e-06	1.52e-06	-0.0153512
6.08e-06	1.52e-06	-0.00573651
7.6e-06	1.52e-06	-0.00214641
9.12e-06	1.52e-06	-0.000803722
1.064e-05	1.52e-06	-0.000301068
1.216e-05	1.52e-06	-0.000112798
1.368e-05	1.52e-06	-4.22651e-05
1.52e-05	1.52e-06	-1.58371e-05
1.672e-05	1.52e-06	-5.93399e-06
1.824e-05	1.52e-06	-2.22221e-06
1.976e-05	1.52e-06	-8.28931e-07
2.128e-05	1.52e-06	-3.00403e-07
2.28e-05	1.52e-06	-8.47775e-08
2.432e-05	1.52e-06	-3.52637e-09
2.584e-05	1.52e-06	-1.66527e-10
2.736e-05	1.52e-06	-1.27336e-11
2.888e-05	1.52e-06	-4.62463e-12
-3.04e-05	3.04e-06	-6.65918e-11
-2.888e-05	3.04e-06	-4.32277e-10
-2.736e-05	3.04e-06	-2.43848e-09
-2.584e-05	3.04e-06	-1.38188e-08
-2.432e-05	3.04e-06	-7.41073e-08
-2.28e-05	3.04e-06	-2.40955e-07
-2.128e-05	3.04e-06	-6.63714e-07
-1.976e-05	3.04e-06	-1.77951e-06
-1.824e-05	3.04e-06	-4.75127e-06
-1.672e-05	3.04e-06	-1.26763e-05
-1.52e-05	3.04e-06	-3.38063e-05
-1.368e-05	3.04e-06	-9.00976e-05
-1.216e-05	3.04e-06	-0.000239786
-1.064e-05	3.04e-06	-0.000636237
-9.12e-06	3.04e-06	-0.00167674
-7.6e-06	3.04e-06	-0.00434939
-6.08e-06	3.04e-06	-0.01085
-4.56e-06	3.04e-06	-0.0243792
-3.04e-06	3.04e-06	-0.0399377
-1.52e-06	3.04e-06	-0.0465704
0	3.04e-06	-0.0401541
1.52e-06	3.04e-06	-0.0246293
3.04e-06	3.04e-06	-0.0110194
4.56e-06	3.04e-06	-0.00442661
6.08e-06	3.04e-06	-0.00170794
7.6e-06	3.04e-06	-0.000648301
9.12e-06	3.04e-06	-0.00024437
1.064e-05	3.04e-06	-9.18262e-05
1.216e-05	3.04e-06	-3.44561e-05
1.368e-05	3.04e-06	-1.29203e-05
1.52e-05	3.04e-06	-4.84318e-06
1.672e-05	3.04e-06	-1.81504e-06
1.824e-05	3.04e-06	-6.79796e-07
1.976e-05	3.04e-06	-2.53672e-07
2.128e-05	3.04e-06	-9.24114e-08
2.28e-05	3.04e-06	-2.90356e-08
2.432e-05	3.04e-06	-5.44146e-09
2.584e-05	3.04e-06	-9.60967e-10
2.736e-05	3.04e-06	-1.73098e-10
2.888e-05	3.04e-06	-4.31655e-11
-3.04e-05	4.56e-06	-7.23118e-11
-2.888e-05	4.56e-06	-3.24563e-10
-2.736e-05	4.56e-06	-1.4798e-09
-2.584e-05	4.56e-06	-6.38538e-09
-2.432e-05	4.56e-06	-2.45794e-08
-2.28e-05	4.56e-06	-7.42655e-08
-2.128e-05	4.56e-06	-2.03087e-07
-1.976e-05	4.56e-06	-5.43936e-07
-1.824e-05	4.56e-06	-1.45111e-06
-1.672e-05	4.56e-06	-3.86612e-06
-1.52e-05	4.56e-06	-1.02844e-05
-1.368e-05	4.56e-06	-2.72828e-05
-1.216e-05	4.56e-06	-7.20056e-05
-1.064e-05	4.56e-06	-0.000188208
-9.12e-06	4.56e-06	-0.000482996
-7.6e-06	4.56e-06	-0.00119686
-6.08e-06	4.56e-06	-0.00277121
-4.56e-06	4.56e-06	-0.00560741
-3.04e-06	4.56e-06	-0.00867791
-1.52e-06	4.56e-06	-0.00999133
0	4.56e-06	-0.0087196
1.52e-06	4.56e-06	-0.00565878
3.04e-06	4.56e-06	-0.00280874
4.56e-06	4.56e-06	-0.00121619
6.08e-06	4.56e-06	-0.000491488
7.6e-06	4.56e-06	-0.000191662
9.12e-06	4.56e-06	-7.33572e-05
1.064e-05	4.56e-06	-2.7801e-05
1.216e-05	4.56e-06	-1.0481e-05
1.368e-05	4.56e-06	-3.9403e-06
1.52e-05	4.56e-06	-1.47913e-06
1.672e-05	4.56e-06	-5.54758e-07
1.824e-05	4.56e-06	-2.07874e-07
1.976e-05	4.56e-06	-7.76303e-08
2.128e-05	4.56e-06	-2.84562e-08
2.28e-05	4.56e-06	-9.52358e-09
2.432e-05	4.56e-06	-2.48797e-09
2.584e-05	4.56e-06	-5.78472e-10
2.736e-05	4.56e-06	-1.28674e-10
2.888e-05	4.56e-06	-3.56294e-11
-3.04e-05	6.08e-06	-4.42565e-11
-2.888e-05	6.08e-06	-1.63532e-10
-2.736e-05	6.08e-06	-6.44722e-10
-2.584e-05	6.08e-06	-2.37971e-09
-2.432e-05	6.08e-06	-7.90479e-09
-2.28e-05	6.08e-06	-2.28584e-08
-2.128e-05	6.08e-06	-6.20854e-08
-1.976e-05	6.08e-06	-1.65985e-07
-1.824e-05	6.08e-06	-4.41951e-07
-1.672e-05	6.08e-06	-1.17371e-06
-1.52e-05	6.08e-06	-3.10561e-06
-1.368e-05	6.08e-06	-8.16642e-06
-1.216e-05	6.08e-06	-2.12476e-05
-1.064e-05	6.08e-06	-5.42968e-05
-9.12e-06	6.08e-06	-0.000134603
-7.6e-06	6.08e-06	-0.000317066
-6.08e-06	6.08e-06	-0.000685264
-4.56e-06	6.08e-06	-0.00128087
-3.04e-06	6.08e-06	-0.00189281
-1.52e-06	6.08e-06	-0.00215344
0	6.08e-06	-0.00190095
1.52e-06	6.08e-06	-0.00129144
3.04e-06	6.08e-06	-0.00069351
4.56e-06	6.08e-06	-0.000321734
6.08e-06	6.08e-06	-0.00013682
7.6e-06	6.08e-06	-5.52511e-05
9.12e-06	6.08e-06	-2.16354e-05
1.064e-05	6.08e-06	-8.31882e-06
1.216e-05	6.08e-06	-3.16433e-06
1.368e-05	6.08e-06	-1.19609e-06
1.52e-05	6.08e-06	-4.50448e-07
1.672e-05	6.08e-06	-1.69268e-07
1.824e-05	6.08e-06	-6.3502e-08
1.976e-05	6.08e-06	-2.37449e-08
2.128e-05	6.08e-06	-8.7544e-09
2.28e-05	6.08e-06	-3.04608e-09
2.432e-05	6.08e-06	-9.21536e-10
2.584e-05	6.08e-06	-2.5064e-10
2.736e-05	6.08e-06	-6.43521e-11
2.888e-05	6.08e-06	-1.96953e-11
-3.04e-05	7.6e-06	-2.14123e-11
-2.888e-05	7.6e-06	-6.86962e-11
-2.736e-05	7.6e-06	-2.43648e-10
-2.584e-05	7.6e-06	-8.13716e-10
-2.432e-05	7.6e-06	-2.49546e-09
-2.28e-05	7.6e-06	-7.01798e-09
-2.128e-05	7.6e-06	-1.89429e-08
-1.976e-05	7.6e-06	-5.04974e-08
-1.824e-05	7.6e-06	-1.33966e-07
-1.672e-05	7.6e-06	-3.53788e-07
-1.52e-05	7.6e-06	-9.28013e-07
-1.368e-05	7.6e-06	-2.40832e-06
-1.216e-05	7.6e-06	-6.14514e-06
-1.064e-05	7.6e-06	-1.5271e-05
-9.12e-06	7.6e-06	-3.64261e-05
-7.6e-06	7.6e-06	-8.15753e-05
-6.08e-06	7.6e-06	-0.000165844
-4.56e-06	7.6e-06	-0.000291158
-3.04e-06	7.6e-06	-0.000414175
-1.52e-06	7.6e-06	-0.000466114
0	7.6e-06	-0.000415783
1.52e-06	7.6e-06	-0.000293338
3.04e-06	7.6e-06	-0.000167645
4.56e-06	7.6e-06	-8.26762e-05
6.08e-06	7.6e-06	-3.6987e-05
7.6e-06	7.6e-06	-1.55264e-05
9.12e-06	7.6e-06	-6.25341e-06
1.064e-05	7.6e-06	-2.45219e-06
1.216e-05	7.6e-06	-9.45275e-07
1.368e-05	7.6e-06	-3.6046e-07
1.52e-05	7.6e-06	-1.36523e-07
1.672e-05	7.6e-06	-5.14878e-08
1.824e-05	7.6e-06	-1.93608e-08
1.976e-05	7.6e-06	-7.25387e-09
2.128e-05	7.6e-06	-2.6883e-09
2.28e-05	7.6e-06	-9.59086e-10
2.432e-05	7.6e-06	-3.13916e-10
2.584e-05	7.6e-06	-9.43432e-11
2.736e-05	7.6e-06	-2.68613e-11
2.888e-05	7.6e-06	-8.94885e-12
-3.04e-05	9.12e-06	-9.05089e-12
-2.888e-05	9.12e-06	-2.60329e-11
-2.736e-05	9.12e-06	-8.52906e-11
-2.584e-05	9.12e-06	-2.66251e-10
-2.432e-05	9.12e-06	-7.78124e-10
-2.28e-05	9.12e-06	-2.14742e-09
-2.128e-05	9.12e-06	-5.76093e-09
-1.976e-05	9.12e-06	-1.52909e-08
-1.824e-05	9.12e-06	-4.03342e-08
-1.672e-05	9.12e-06	-1.05631e-07
-1.52e-05	9.12e-06	-2.73749e-07
-1.368e-05	9.12e-06	-6.98397e-07
-1.216e-05	9.12e-06	-1.74082e-06
-1.064e-05	9.12e-06	-4.19363e-06
-9.12e-06	9.12e-06	-9.61396e-06
-7.6e-06	9.12e-06	-2.05195e-05
-6.08e-06	9.12e-06	-3.9535e-05
-4.56e-06	9.12e-06	-6.59532e-05
-3.04e-06	9.12e-06	-9.08745e-05
-1.52e-06	9.12e-06	-0.000101281
0	9.12e-06	-9.11954e-05
1.52e-06	9.12e-06	-6.64044e-05
3.04e-06	9.12e-06	-3.99268e-05
4.56e-06	9.12e-06	-2.07748e-05
6.08e-06	9.12e-06	-9.75242e-06
7.6e-06	9.12e-06	-4.26015e-06
9.12e-06	9.12e-06	-1.77028e-06
1.064e-05	9.12e-06	-7.10744e-07
1.216e-05	9.12e-06	-2.78733e-07
1.368e-05	9.12e-06	-1.07593e-07
1.52e-05	9.12e-06	-4.10958e-08
1.672e-05	9.12e-06	-1.55875e-08
1.824e-05	9.12e-06	-5.884e-09
1.976e-05	9.12e-06	-2.21115e-09
2.128e-05	9.12e-06	-8.23485e-10
2.28e-05	9.12e-06	-2.98802e-10
2.432e-05	9.12e-06	-1.02496e-10
2.584e-05	9.12e-06	-3.29332e-11
2.736e-05	9.12e-06	-1.01226e-11
2.888e-05	9.12e-06	-3.61488e-12
-3.04e-05	1.064e-05	-3.5039e-12
-2.888e-05	1.064e-05	-9.24569e-12
-2.736e-05	1.064e-05	-2.8509e-11
-2.584e-05	1.064e-05	-8.48868e-11
-2.432e-05	1.064e-05	-2.4041e-10
-2.28e-05	1.064e-05	-6.54288e-10
-2.128e-05	1.064e-05	-1.74386e-09
-1.976e-05	1.064e-05	-4.60075e-09
-1.824e-05	1.064e-05	-1.20391e-08
-1.672e-05	1.064e-05	-3.1181e-08
-1.52e-05	1.064e-05	-7.95933e-08
-1.368e-05	1.064e-05	-1.99015e-07
-1.216e-05	1.064e-05	-4.83328e-07
-1.064e-05	1.064e-05	-1.12708e-06
-9.12e-06	1.064e-05	-2.4847e-06
-7.6e-06	1.064e-05	-5.07139e-06
-6.08e-06	1.064e-05	-9.32151e-06
-4.56e-06	1.064e-05	-1.49024e-05
-3.04e-06	1.064e-05	-1.99861e-05
-1.52e-06	1.064e-05	-2.20839e-05
0	1.064e-05	-2.00508e-05
1.52e-06	1.064e-05	-1.49961e-05
3.04e-06	1.064e-05	-9.40648e-06
4.56e-06	1.064e-05	-5.12988e-06
6.08e-06	1.064e-05	-2.51823e-06
7.6e-06	1.064e-05	-1.14402e-06
9.12e-06	1.064e-05	-4.91162e-07
1.064e-05	1.064e-05	-2.02417e-07
1.216e-05	1.064e-05	-8.10057e-08
1.368e-05	1.064e-05	-3.17492e-08
1.52e-05	1.064e-05	-1.22631e-08
1.672e-05	1.064e-05	-4.6888e-09
1.824e-05	1.064e-05	-1.78e-09
1.976e-05	1.064e-05	-6.71787e-10
2.128e-05	1.064e-05	-2.51459e-10
2.28e-05	1.064e-05	-9.23691e-11
2.432e-05	1.064e-05	-3.26538e-11
2.584e-05	1.064e-05	-1.09896e-11
2.736e-05	1.064e-05	-3.57721e-12
2.888e-05	1.064e-05	-1.35225e-12
-3.04e-05	1.216e-05	-1.27533e-12
-2.888e-05	1.216e-05	-3.144e-12
-2.736e-05	1.216e-05	-9.2466e-12
-2.584e-05	1.216e-05	-2.66054e-11
-2.432e-05	1.216e-05	-7.37035e-11
-2.28e-05	1.216e-05	-1.98311e-10
-2.128e-05	1.216e-05	-5.24674e-10
-1.976e-05	1.216e-05	-1.37335e-09
-1.824e-05	1.216e-05	-3.55703e-09
-1.672e-05	1.216e-05	-9.08838e-09
-1.52e-05	1.216e-05	-2.27939e-08
-1.368e-05	1.216e-05	-5.57363e-08
-1.216e-05	1.216e-05	-1.31695e-07
-1.064e-05	1.216e-05	-2.97202e-07
-9.12e-06	1.216e-05	-6.30999e-07
-7.6e-06	1.216e-05	-1.23606e-06
-6.08e-06	1.216e-05	-2.17974e-06
-4.56e-06	1.216e-05	-3.3612e-06
-3.04e-06	1.216e-05	-4.40476e-06
-1.52e-06	1.216e-05	-4.83025e-06
0	1.216e-05	-4.41789e-06
1.52e-06	1.216e-05	-3.38075e-06
3.04e-06	1.216e-05	-2.19815e-06
4.56e-06	1.216e-05	-1.24933e-06
6.08e-06	1.216e-05	-6.38996e-07
7.6e-06	1.216e-05	-3.01437e-07
9.12e-06	1.216e-05	-1.33736e-07
1.064e-05	1.216e-05	-5.6655e-08
1.216e-05	1.216e-05	-2.31868e-08
1.368e-05	1.216e-05	-9.25032e-09
1.52e-05	1.216e-05	-3.62208e-09
1.672e-05	1.216e-05	-1.39922e-09
1.824e-05	1.216e-05	-5.35243e-10
1.976e-05	1.216e-05	-2.03179e-10
2.128e-05	1.216e-05	-7.6484e-11
2.28e-05	1.216e-05	-2.83712e-11
2.432e-05	1.216e-05	-1.02399e-11
2.584e-05	1.216e-05	-3.56292e-12
2.736e-05	1.216e-05	-1.21156e-12
2.888e-05	1.216e-05	-4.79875e-13
-3.04e-05	1.368e-05	-4.44783e-13
-2.888e-05	1.368e-05	-1.0372e-12
-2.736e-05	1.368e-05	-2.93744e-12
-2.584e-05	1.368e-05	-8.23582e-12
-2.432e-05	1.368e-05	-2.24324e-11
-2.28e-05	1.368e-05	-5.9734e-11
-2.128e-05	1.368e-05	-1.567e-10
-1.976e-05	1.368e-05	-4.06195e-10
-1.824e-05	1.368e-05	-1.03917e-09
-1.672e-05	1.368e-05	-2.61388e-09
-1.52e-05	1.368e-05	-6.4291e-09
-1.368e-05	1.368e-05	-1.53525e-08
-1.216e-05	1.368e-05	-3.52721e-08
-1.064e-05	1.368e-05	-7.70773e-08
-9.12e-06	1.368e-05	-1.57911e-07
-7.6e-06	1.368e-05	-2.97924e-07
-6.08e-06	1.368e-05	-5.06496e-07
-4.56e-06	1.368e-05	-7.57144e-07
-3.04e-06	1.368e-05	-9.72582e-07
-1.52e-06	1.368e-05	-1.05941e-06
0	1.368e-05	-9.75267e-07
1.52e-06	1.368e-05	-7.61235e-07
3.04e-06	1.368e-05	-5.10477e-07
4.56e-06	1.368e-05	-3.00919e-07
6.08e-06	1.368e-05	-1.59796e-07
7.6e-06	1.368e-05	-7.81191e-08
9.12e-06	1.368e-05	-3.57947e-08
1.064e-05	1.368e-05	-1.55961e-08
1.216e-05	1.368e-05	-6.53651e-09
1.368e-05	1.368e-05	-2.65928e-09
1.52e-05	1.368e-05	-1.05779e-09
1.672e-05	1.368e-05	-4.13706e-10
1.824e-05	1.368e-05	-1.5977e-10
1.976e-05	1.368e-05	-6.10996e-11
2.128e-05	1.368e-05	-2.31509e-11
2.28e-05	1.368e-05	-8.66226e-12
2.432e-05	1.368e-05	-3.1743e-12
2.584e-05	1.368e-05	-1.132e-12
2.736e-05	1.368e-05	-3.9875e-13
2.888e-05	1.368e-05	-1.64441e-13
-3.04e-05	1.52e-05	-1.50789e-13
-2.888e-05	1.52e-05	-3.35077e-13
-2.736e-05	1.52e-05	-9.19421e-13
-2.584e-05	1.52e-05	-2.52403e-12
-2.432e-05	1.52e-05	-6.77759e-12
-2.28e-05	1.52e-05	-1.78635e-11
-2.128e-05	1.52e-05	-4.64045e-11
-1.976e-05	1.52e-05	-1.18926e-10
-1.824e-05	1.52e-05	-2.99991e-10
-1.672e-05	1.52e-05	-7.41651e-10
-1.52e-05	1.52e-05	-1.78665e-09
-1.368e-05	1.52e-05	-4.16355e-09
-1.216e-05	1.52e-05	-9.30162e-09
-1.064e-05	1.52e-05	-1.97022e-08
-9.12e-06	1.52e-05	-3.90344e-08
-7.6e-06	1.52e-05	-7.11623e-08
-6.08e-06	1.52e-05	-1.17112e-07
-4.56e-06	1.52e-05	-1.70401e-07
-3.04e-06	1.52e-05	-2.15109e-07
-1.52e-06	1.52e-05	-2.32931e-07
0	1.52e-05	-2.15662e-07
1.52e-06	1.52e-05	-1.7126e-07
3.04e-06	1.52e-05	-1.17973e-07
4.56e-06	1.52e-05	-7.18341e-08
6.08e-06	1.52e-05	-3.94744e-08
7.6e-06	1.52e-05	-1.99552e-08
9.12e-06	1.52e-05	-9.43337e-09
1.064e-05	1.52e-05	-4.2271e-09
1.216e-05	1.52e-05	-1.81554e-09
1.368e-05	1.52e-05	-7.54187e-10
1.52e-05	1.52e-05	-3.05245e-10
1.672e-05	1.52e-05	-1.21081e-10
1.824e-05	1.52e-05	-4.72914e-11
1.976e-05	1.52e-05	-1.82487e-11
2.128e-05	1.52e-05	-6.96756e-12
2.28e-05	1.52e-05	-2.62866e-12
2.432e-05	1.52e-05	-9.75574e-13
2.584e-05	1.52e-05	-3.543e-13
2.736e-05	1.52e-05	-1.28246e-13
2.888e-05	1.52e-05	-5.40503e-14
-3.04e-05	1.672e-05	-4.97049e-14
-2.888e-05	1.672e-05	-1.05932e-13
-2.736e-05	1.672e-05	-2.84021e-13
-2.584e-05	1.672e-05	-7.66069e-13
-2.432e-05	1.672e-05	-2.0319e-12
-2.28e-05	1.672e-05	-5.29877e-12
-2.128e-05	1.672e-05	-1.36148e-11
-1.976e-05	1.672e-05	-3.4446e-11
-1.824e-05	1.672e-05	-8.55527e-11
-1.672e-05	1.672e-05	-2.07637e-10
-1.52e-05	1.672e-05	-4.89532e-10
-1.368e-05	1.672e-05	-1.11302e-09
-1.216e-05	1.672e-05	-2.41909e-09
-1.064e-05	1.672e-05	-4.97323e-09
-9.12e-06	1.672e-05	-9.54927e-09
-7.6e-06	1.672e-05	-1.68726e-08
-6.08e-06	1.672e-05	-2.6973e-08
-4.56e-06	1.672e-05	-3.83264e-08
-3.04e-06	1.672e-05	-4.76484e-08
-1.52e-06	1.672e-05	-5.13268e-08
0	1.672e-05	-4.77629e-08
1.52e-06	1.672e-05	-3.85074e-08
3.04e-06	1.672e-05	-2.71592e-08
4.56e-06	1.672e-05	-1.70227e-08
6.08e-06	1.672e-05	-9.65115e-09
7.6e-06	1.672e-05	-5.034e-09
9.12e-06	1.672e-05	-2.45187e-09
1.064e-05	1.672e-05	-1.12936e-09
1.216e-05	1.672e-05	-4.97183e-10
1.368e-05	1.672e-05	-2.11047e-10
1.52e-05	1.672e-05	-8.70151e-11
1.672e-05	1.672e-05	-3.50572e-11
1.824e-05	1.672e-05	-1.38692e-11
1.976e-05	1.672e-05	-5.4081e-12
2.128e-05	1.672e-05	-2.08319e-12
2.28e-05	1.672e-05	-7.92601e-13
2.432e-05	1.672e-05	-2.97428e-13
2.584e-05	1.672e-05	-1.09459e-13
2.736e-05	1.672e-05	-4.02768e-14
2.888e-05	1.672e-05	-1.75104e-14
-3.04e-05	1.824e-05	-1.56208e-14
-2.888e-05	1.824e-05	-3.2976e-14
-2.736e-05	1.824e-05	-8.63853e-14
-2.584e-05	1.824e-05	-2.30205e-13
-2.432e-05	1.824e-05	-6.03969e-13
-2.28e-05	1.824e-05	-1.55791e-12
-2.128e-05	1.824e-05	-3.95547e-12
-1.976e-05	1.824e-05	-9.86686e-12
-1.824e-05	1.824e-05	-2.41032e-11
-1.672e-05	1.824e-05	-5.73841e-11
-1.52e-05	1.824e-05	-1.32355e-10
-1.368e-05	1.824e-05	-2.93646e-10
-1.216e-05	1.824e-05	-6.21391e-10
-1.064e-05	1.824e-05	-1.24168e-09
-9.12e-06	1.824e-05	-2.3156e-09
-7.6e-06	1.824e-05	-3.97611e-09
-6.08e-06	1.824e-05	-6.19297e-09
-4.56e-06	1.824e-05	-8.61686e-09
-3.04e-06	1.824e-05	-1.05691e-08
-1.52e-06	1.824e-05	-1.13322e-08
0	1.824e-05	-1.05929e-08
1.52e-06	1.824e-05	-8.65513e-09
3.04e-06	1.824e-05	-6.23327e-09
4.56e-06	1.824e-05	-4.00955e-09
6.08e-06	1.824e-05	-2.33905e-09
7.6e-06	1.824e-05	-1.25614e-09
9.12e-06	1.824e-05	-6.29452e-10
1.064e-05	1.824e-05	-2.97793e-10
1.216e-05	1.824e-05	-1.34353e-10
1.368e-05	1.824e-05	-5.82985e-11
1.52e-05	1.824e-05	-2.4505e-11
1.672e-05	1.824e-05	-1.00384e-11
1.824e-05	1.824e-05	-4.02773e-12
1.976e-05	1.824e-05	-1.58917e-12
2.128e-05	1.824e-05	-6.18279e-13
2.28e-05	1.824e-05	-2.37444e-13
2.432e-05	1.824e-05	-8.98378e-14
2.584e-05	1.824e-05	-3.34717e-14
2.736e-05	1.824e-05	-1.2377e-14
2.888e-05	1.824e-05	-5.36814e-15
-3.04e-05	1.976e-05	-4.76249e-15
-2.888e-05	1.976e-05	-9.97748e-15
-2.736e-05	1.976e-05	-2.58913e-14
-2.584e-05	1.976e-05	-6.85615e-14
-2.432e-05	1.976e-05	-1.77936e-13
-2.28e-05	1.976e-05	-4.53969e-13
-2.128e-05	1.976e-05	-1.13759e-12
-1.976e-05	1.976e-05	-2.79517e-12
-1.824e-05	1.976e-05	-6.71071e-12
-1.672e-05	1.976e-05	-1.56646e-11
-1.52e-05	1.976e-05	-3.53436e-11
-1.368e-05	1.976e-05	-7.65493e-11
-1.216e-05	1.976e-05	-1.57864e-10
-1.064e-05	1.976e-05	-3.07071e-10
-9.12e-06	1.976e-05	-5.57304e-10
-7.6e-06	1.976e-05	-9.32227e-10
-6.08e-06	1.976e-05	-1.41831e-09
-4.56e-06	1.976e-05	-1.93684e-09
-3.04e-06	1.976e-05	-2.34732e-09
-1.52e-06	1.976e-05	-2.50641e-09
0	1.976e-05	-2.3523e-09
1.52e-06	1.976e-05	-1.94496e-09
3.04e-06	1.976e-05	-1.42703e-09
4.56e-06	1.976e-05	-9.39657e-10
6.08e-06	1.976e-05	-5.6267e-10
7.6e-06	1.976e-05	-3.10484e-10
9.12e-06	1.976e-05	-1.59827e-10
1.064e-05	1.976e-05	-7.75893e-11
1.216e-05	1.976e-05	-3.58591e-11
1.368e-05	1.976e-05	-1.59064e-11
1.52e-05	1.976e-05	-6.81943e-12
1.672e-05	1.976e-05	-2.84256e-12
1.824e-05	1.976e-05	-1.15786e-12
1.976e-05	1.976e-05	-4.6282e-13
2.128e-05	1.976e-05	-1.82098e-13
2.28e-05	1.976e-05	-7.06771e-14
2.432e-05	1.976e-05	-2.70075e-14
2.584e-05	1.976e-05	-1.01725e-14
2.736e-05	1.976e-05	-3.86144e-15
2.888e-05	1.976e-05	-1.66571e-15
-3.04e-05	2.128e-05	-1.46097e-15
-2.888e-05	2.128e-05	-2.99248e-15
-2.736e-05	2.128e-05	-7.75456e-15
-2.584e-05	2.128e-05	-2.03179e-14
-2.432e-05	2.128e-05	-5.20886e-14
-2.28e-05	2.128e-05	-1.31148e-13
-2.128e-05	2.128e-05	-3.23857e-13
-1.976e-05	2.128e-05	-7.833e-13
-1.824e-05	2.128e-05	-1.84704e-12
-1.672e-05	2.128e-05	-4.22638e-12
-1.52e-05	2.128e-05	-9.33024e-12
-1.368e-05	2.128e-05	-1.97394e-11
-1.216e-05	2.128e-05	-3.9713e-11
-1.064e-05	2.128e-05	-7.5309e-11
-9.12e-06	2.128e-05	-1.33266e-10
-7.6e-06	2.128e-05	-2.17633e-10
-6.08e-06	2.128e-05	-3.24153e-10
-4.56e-06	2.128e-05	-4.35298e-10
-3.04e-06	2.128e-05	-5.21923e-10
-1.52e-06	2.128e-05	-5.55235e-10
0	2.128e-05	-5.22971e-10
1.52e-06	2.128e-05	-4.37024e-10
3.04e-06	2.128e-05	-3.26043e-10
4.56e-06	2.128e-05	-2.19282e-10
6.08e-06	2.128e-05	-1.34489e-10
7.6e-06	2.128e-05	-7.61092e-11
9.12e-06	2.128e-05	-4.01866e-11
1.064e-05	2.128e-05	-1.99976e-11
1.216e-05	2.128e-05	-9.46175e-12
1.368e-05	2.128e-05	-4.28968e-12
1.52e-05	2.128e-05	-1.87609e-12
1.672e-05	2.128e-05	-7.96131e-13
1.824e-05	2.128e-05	-3.29441e-13
1.976e-05	2.128e-05	-1.33512e-13
2.128e-05	2.128e-05	-5.31818e-14
2.28e-05	2.128e-05	-2.08762e-14
2.432e-05	2.128e-05	-8.10176e-15
2.584e-05	2.128e-05	-3.11079e-15
2.736e-05	2.128e-05	-1.22506e-15
2.888e-05	2.128e-05	-5.77836e-16
-3.04e-05	2.28e-05	-5.1745e-16
-2.888e-05	2.28e-05	-9.55459e-16
-2.736e-05	2.28e-05	-2.37144e-15
-2.584e-05	2.28e-05	-6.02208e-15
-2.432e-05	2.28e-05	-1.51773e-14
-2.28e-05	2.28e-05	-3.75551e-14
-2.128e-05	2.28e-05	-9.13127e-14
-1.976e-05	2.28e-05	-2.17155e-13
-1.824e-05	2.28e-05	-5.02788e-13
-1.672e-05	2.28e-05	-1.12786e-12
-1.52e-05	2.28e-05	-2.43713e-12
-1.368e-05	2.28e-05	-5.04017e-12
-1.216e-05	2.28e-05	-9.90325e-12
-1.064e-05	2.28e-05	-1.83349e-11
-9.12e-06	2.28e-05	-3.16906e-11
-7.6e-06	2.28e-05	-5.0624e-11
-6.08e-06	2.28e-05	-7.39598e-11
-4.56e-06	2.28e-05	-9.78285e-11
-3.04e-06	2.28e-05	-1.16172e-10
-1.52e-06	2.28e-05	-1.23176e-10
0	2.28e-05	-1.16393e-10
1.52e-06	2.28e-05	-9.81965e-11
3.04e-06	2.28e-05	-7.43696e-11
4.56e-06	2.28e-05	-5.09892e-11
6.08e-06	2.28e-05	-3.19683e-11
7.6e-06	2.28e-05	-1.85215e-11
9.12e-06	2.28e-05	-1.00167e-11
1.064e-05	2.28e-05	-5.10369e-12
1.216e-05	2.28e-05	-2.47035e-12
1.368e-05	2.28e-05	-1.14428e-12
1.52e-05	2.28e-05	-5.10503e-13
1.672e-05	2.28e-05	-2.20604e-13
1.824e-05	2.28e-05	-9.2787e-14
1.976e-05	2.28e-05	-3.81444e-14
2.128e-05	2.28e-05	-1.53861e-14
2.28e-05	2.28e-05	-6.11026e-15
2.432e-05	2.28e-05	-2.40092e-15
2.584e-05	2.28e-05	-9.45268e-16
2.736e-05	2.28e-05	-3.87711e-16
2.888e-05	2.28e-05	-2.01938e-16
-3.04e-05	2.432e-05	-1.77603e-16
-2.888e-05	2.432e-05	-3.09047e-16
-2.736e-05	2.432e-05	-7.15927e-16
-2.584e-05	2.432e-05	-1.7666e-15
-2.432e-05	2.432e-05	-4.36461e-15
-2.28e-05	2.432e-05	-1.0634e-14
-2.128e-05	2.432e-05	-2.54599e-14
-1.976e-05	2.432e-05	-5.9557e-14
-1.824e-05	2.432e-05	-1.35432e-13
-1.672e-05	2.432e-05	-2.97929e-13
-1.52e-05	2.432e-05	-6.30432e-13
-1.368e-05	2.432e-05	-1.2755e-12
-1.216e-05	2.432e-05	-2.45032e-12
-1.064e-05	2.432e-05	-4.4352e-12
-9.12e-06	2.432e-05	-7.49975e-12
-7.6e-06	2.432e-05	-1.17394e-11
-6.08e-06	2.432e-05	-1.68514e-11
-4.56e-06	2.432e-05	-2.19866e-11
-3.04e-06	2.432e-05	-2.58831e-11
-1.52e-06	2.432e-05	-2.73612e-11
0	2.432e-05	-2.59299e-11
1.52e-06	2.432e-05	-2.20652e-11
3.04e-06	2.432e-05	-1.69403e-11
4.56e-06	2.432e-05	-1.18202e-11
6.08e-06	2.432e-05	-7.5626e-12
7.6e-06	2.432e-05	-4.47848e-12
9.12e-06	2.432e-05	-2.4773e-12
1.064e-05	2.432e-05	-1.29099e-12
1.216e-05	2.432e-05	-6.38746e-13
1.368e-05	2.432e-05	-3.02137e-13
1.52e-05	2.432e-05	-1.37475e-13
1.672e-05	2.432e-05	-6.04992e-14
1.824e-05	2.432e-05	-2.58738e-14
1.976e-05	2.432e-05	-1.07965e-14
2.128e-05	2.432e-05	-4.409e-15
2.28e-05	2.432e-05	-1.76784e-15
2.432e-05	2.432e-05	-6.98497e-16
2.584e-05	2.432e-05	-2.75381e-16
2.736e-05	2.432e-05	-1.11105e-16
2.888e-05	2.432e-05	-5.6273e-17
-3.04e-05	2.584e-05	-5.11183e-17
-2.888e-05	2.584e-05	-8.71692e-17
-2.736e-05	2.584e-05	-2.06551e-16
-2.584e-05	2.584e-05	-5.03157e-16
-2.432e-05	2.584e-05	-1.22968e-15
-2.28e-05	2.584e-05	-2.96887e-15
-2.128e-05	2.584e-05	-7.01688e-15
-1.976e-05	2.584e-05	-1.61654e-14
-1.824e-05	2.584e-05	-3.61196e-14
-1.672e-05	2.584e-05	-7.79387e-14
-1.52e-05	2.584e-05	-1.616e-13
-1.368e-05	2.584e-05	-3.20127e-13
-1.216e-05	2.584e-05	-6.01945e-13
-1.064e-05	2.584e-05	-1.06663e-12
-9.12e-06	2.584e-05	-1.76718e-12
-7.6e-06	2.584e-05	-2.71477e-12
-6.08e-06	2.584e-05	-3.83463e-12
-4.56e-06	2.584e-05	-4.94125e-12
-3.04e-06	2.584e-05	-5.77129e-12
-1.52e-06	2.584e-05	-6.0843e-12
0	2.584e-05	-5.78122e-12
1.52e-06	2.584e-05	-4.9581e-12
3.04e-06	2.584e-05	-3.85395e-12
4.56e-06	2.584e-05	-2.73264e-12
6.08e-06	2.584e-05	-1.78136e-12
7.6e-06	2.584e-05	-1.07663e-12
9.12e-06	2.584e-05	-6.08324e-13
1.064e-05	2.584e-05	-3.23877e-13
1.216e-05	2.584e-05	-1.6366e-13
1.368e-05	2.584e-05	-7.90059e-14
1.52e-05	2.584e-05	-3.66507e-14
1.672e-05	2.584e-05	-1.6424e-14
1.824e-05	2.584e-05	-7.14278e-15
1.976e-05	2.584e-05	-3.02682e-15
2.128e-05	2.584e-05	-1.25283e-15
2.28e-05	2.584e-05	-5.07405e-16
2.432e-05	2.584e-05	-2.01558e-16
2.584e-05	2.584e-05	-7.74603e-17
2.736e-05	2.584e-05	-3.0139e-17
2.888e-05	2.584e-05	-1.29602e-17
-3.04e-05	2.736e-05	-1.08593e-17
-2.888e-05	2.736e-05	-2.11522e-17
-2.736e-05	2.736e-05	-5.44964e-17
-2.584e-05	2.736e-05	-1.38391e-16
-2.432e-05	2.736e-05	-3.41111e-16
-2.28e-05	2.736e-05	-8.17967e-16
-2.128e-05	2.736e-05	-1.91027e-15
-1.976e-05	2.736e-05	-4.33213e-15
-1.824e-05	2.736e-05	-9.50876e-15
-1.672e-05	2.736e-05	-2.01367e-14
-1.52e-05	2.736e-05	-4.09457e-14
-1.368e-05	2.736e-05	-7.95042e-14
-1.216e-05	2.736e-05	-1.4651e-13
-1.064e-05	2.736e-05	-2.54514e-13
-9.12e-06	2.736e-05	-4.13782e-13
-7.6e-06	2.736e-05	-6.24811e-13
-6.08e-06	2.736e-05	-8.69677e-13
-4.56e-06	2.736e-05	-1.10807e-12
-3.04e-06	2.736e-05	-1.28502e-12
-1.52e-06	2.736e-05	-1.35139e-12
0	2.736e-05	-1.28713e-12
1.52e-06	2.736e-05	-1.11168e-12
3.04e-06	2.736e-05	-8.7387e-13
4.56e-06	2.736e-05	-6.28752e-13
6.08e-06	2.736e-05	-4.16971e-13
7.6e-06	2.736e-05	-2.56808e-13
9.12e-06	2.736e-05	-1.48007e-13
1.064e-05	2.736e-05	-8.04037e-14
1.216e-05	2.736e-05	-4.145e-14
1.368e-05	2.736e-05	-2.04035e-14
1.52e-05	2.736e-05	-9.64366e-15
1.672e-05	2.736e-05	-4.39864e-15
1.824e-05	2.736e-05	-1.94487e-15
1.976e-05	2.736e-05	-8.36953e-16
2.128e-05	2.736e-05	-3.51741e-16
2.28e-05	2.736e-05	-1.44432e-16
2.432e-05	2.736e-05	-5.81362e-17
2.584e-05	2.736e-05	-2.24577e-17
2.736e-05	2.736e-05	-8.27391e-18
2.888e-05	2.736e-05	-2.82823e-18
-3.04e-05	2.888e-05	-1.73424e-18
-2.888e-05	2.888e-05	-4.63347e-18
-2.736e-05	2.888e-05	-1.35669e-17
-2.584e-05	2.888e-05	-3.55801e-17
-2.432e-05	2.888e-05	-8.82246e-17
-2.28e-05	2.888e-05	-2.09962e-16
-2.128e-05	2.888e-05	-4.84034e-16
-1.976e-05	2.888e-05	-1.08141e-15
-1.824e-05	2.888e-05	-2.33602e-15
-1.672e-05	2.888e-05	-4.86598e-15
-1.52e-05	2.888e-05	-9.72757e-15
-1.368e-05	2.888e-05	-1.85636e-14
-1.216e-05	2.888e-05	-3.36198e-14
-1.064e-05	2.888e-05	-5.74186e-14
-9.12e-06	2.888e-05	-9.18551e-14
-7.6e-06	2.888e-05	-1.36685e-13
-6.08e-06	2.888e-05	-1.879e-13
-4.56e-06	2.888e-05	-2.37135e-13
-3.04e-06	2.888e-05	-2.73356e-13
-1.52e-06	2.888e-05	-2.8688e-13
0	2.888e-05	-2.73787e-13
1.52e-06	2.888e-05	-2.37877e-13
3.04e-06	2.888e-05	-1.88771e-13
4.56e-06	2.888e-05	-1.37516e-13
6.08e-06	2.888e-05	-9.25381e-14
7.6e-06	2.888e-05	-5.79187e-14
9.12e-06	2.888e-05	-3.39524e-14
1.064e-05	2.888e-05	-1.87674e-14
1.216e-05	2.888e-05	-9.8439e-15
1.368e-05	2.888e-05	-4.92831e-15
1.52e-05	2.888e-05	-2.36761e-15
1.672e-05	2.888e-05	-1.09677e-15
1.824e-05	2.888e-05	-4.92069e-16
1.976e-05	2.888e-05	-2.14698e-16
2.128e-05	2.888e-05	-9.14929e-17
2.28e-05	2.888e-05	-3.81287e-17
2.432e-05	2.888e-05	-1.56152e-17
2.584e-05	2.888e-05	-6.2418e-18
2.736e-05	2.888e-05	-2.26022e-18
2.888e-05	2.888e-05	-3.27638e-19
