
-3.04e-05	3.2e-05	2.34512e-16
-2.88e-05	3.2e-05	-3.2514e-16
-2.72e-05	3.2e-05	-3.05579e-17
-2.56e-05	3.2e-05	-1.44345e-16
-2.4e-05	3.2e-05	8.57393e-17
-2.24e-05	3.2e-05	9.5173e-17
-2.08e-05	3.2e-05	-2.85443e-17
-1.92e-05	3.2e-05	1.68972e-17
-1.76e-05	3.2e-05	-3.63716e-18
-1.6e-05	3.2e-05	-1.12345e-17
-1.44e-05	3.2e-05	1.28466e-17
-1.28e-05	3.2e-05	4.44773e-17
-1.12e-05	3.2e-05	3.39258e-18
-9.6e-06	3.2e-05	-5.63769e-17
-8e-06	3.2e-05	-2.40754e-17
-6.4e-06	3.2e-05	-7.11478e-17
-4.8e-06	3.2e-05	4.32002e-17
-3.2e-06	3.2e-05	5.2088e-18
-1.6e-06	3.2e-05	-2.77699e-17
0	3.2e-05	-1.01138e-17
1.6e-06	3.2e-05	1.98563e-17
3.2e-06	3.2e-05	2.76468e-17
4.8e-06	3.2e-05	-8.41903e-18
6.4e-06	3.2e-05	3.79915e-17
8e-06	3.2e-05	-4.67969e-17
9.6e-06	3.2e-05	2.47773e-18
1.12e-05	3.2e-05	4.57539e-18
1.28e-05	3.2e-05	1.35943e-17
1.44e-05	3.2e-05	6.77414e-17
1.6e-05	3.2e-05	-5.08695e-17
1.76e-05	3.2e-05	-7.07911e-18
1.92e-05	3.2e-05	3.2448e-17
2.08e-05	3.2e-05	8.84513e-17
2.24e-05	3.2e-05	-9.67355e-18
2.4e-05	3.2e-05	2.29552e-16
2.56e-05	3.2e-05	1.49176e-16
2.72e-05	3.2e-05	8.2906e-17
2.88e-05	3.2e-05	-2.76173e-17
3.04e-05	3.2e-05	5.27017e-17

-3.04e-05	3.04e-05	2.75455e-16
-2.88e-05	3.04e-05	3.60345e-17
-2.72e-05	3.04e-05	1.00295e-16
-2.56e-05	3.04e-05	4.86734e-17
-2.4e-05	3.04e-05	-1.65717e-16
-2.24e-05	3.04e-05	6.44676e-18
-2.08e-05	3.04e-05	1.24451e-16
-1.92e-05	3.04e-05	-1.86176e-16
-1.76e-05	3.04e-05	-3.85982e-16
-1.6e-05	3.04e-05	1.43894e-16
-1.44e-05	3.04e-05	4.6811e-16
-1.28e-05	3.04e-05	7.60561e-17
-1.12e-05	3.04e-05	3.00175e-16
-9.6e-06	3.04e-05	-3.44475e-17
-8e-06	3.04e-05	7.90598e-18
-6.4e-06	3.04e-05	-1.43016e-16
-4.8e-06	3.04e-05	1.91144e-17
-3.2e-06	3.04e-05	-2.62483e-17
-1.6e-06	3.04e-05	-7.91122e-17
0	3.04e-05	8.27947e-17
1.6e-06	3.04e-05	-2.2749e-17
3.2e-06	3.04e-05	6.18705e-17
4.8e-06	3.04e-05	5.19685e-17
6.4e-06	3.04e-05	1.95149e-16
8e-06	3.04e-05	-2.94654e-16
9.6e-06	3.04e-05	-1.62332e-16
1.12e-05	3.04e-05	3.83855e-16
1.28e-05	3.04e-05	5.00693e-17
1.44e-05	3.04e-05	-2.48772e-16
1.6e-05	3.04e-05	1.55424e-16
1.76e-05	3.04e-05	1.16073e-16
1.92e-05	3.04e-05	8.53142e-17
2.08e-05	3.04e-05	3.96377e-18
2.24e-05	3.04e-05	-8.44654e-17
2.4e-05	3.04e-05	5.34704e-17
2.56e-05	3.04e-05	4.13598e-17
2.72e-05	3.04e-05	1.14752e-16
2.88e-05	3.04e-05	-6.12021e-17
3.04e-05	3.04e-05	1.35549e-18

-3.04e-05	2.88e-05	6.82593e-17
-2.88e-05	2.88e-05	3.50367e-16
-2.72e-05	2.88e-05	-5.48575e-17
-2.56e-05	2.88e-05	-3.62465e-16
-2.4e-05	2.88e-05	-6.2421e-17
-2.24e-05	2.88e-05	-1.97894e-16
-2.08e-05	2.88e-05	1.44754e-16
-1.92e-05	2.88e-05	-7.91642e-17
-1.76e-05	2.88e-05	2.77068e-16
-1.6e-05	2.88e-05	3.77943e-16
-1.44e-05	2.88e-05	-1.99075e-16
-1.28e-05	2.88e-05	1.24176e-16
-1.12e-05	2.88e-05	3.83894e-16
-9.6e-06	2.88e-05	1.51351e-17
-8e-06	2.88e-05	1.37478e-16
-6.4e-06	2.88e-05	4.08751e-17
-4.8e-06	2.88e-05	1.27412e-16
-3.2e-06	2.88e-05	4.63475e-18
-1.6e-06	2.88e-05	-6.16366e-17
0	2.88e-05	-9.84108e-17
1.6e-06	2.88e-05	-2.21389e-16
3.2e-06	2.88e-05	5.58974e-17
4.8e-06	2.88e-05	-8.68338e-17
6.4e-06	2.88e-05	3.10624e-17
8e-06	2.88e-05	-1.79538e-16
9.6e-06	2.88e-05	-6.01976e-17
1.12e-05	2.88e-05	-7.41043e-17
1.28e-05	2.88e-05	-6.18169e-17
1.44e-05	2.88e-05	8.87452e-17
1.6e-05	2.88e-05	4.16754e-17
1.76e-05	2.88e-05	-2.94157e-17
1.92e-05	2.88e-05	-3.75617e-17
2.08e-05	2.88e-05	-9.28632e-17
2.24e-05	2.88e-05	-6.24826e-17
2.4e-05	2.88e-05	3.20419e-17
2.56e-05	2.88e-05	-1.26019e-16
2.72e-05	2.88e-05	-8.82159e-17
2.88e-05	2.88e-05	7.82891e-17
3.04e-05	2.88e-05	8.575e-18

-3.04e-05	2.72e-05	-5.44026e-17
-2.88e-05	2.72e-05	1.8216e-16
-2.72e-05	2.72e-05	-1.61986e-16
-2.56e-05	2.72e-05	4.19609e-17
-2.4e-05	2.72e-05	5.0869e-17
-2.24e-05	2.72e-05	-8.58868e-17
-2.08e-05	2.72e-05	4.95123e-17
-1.92e-05	2.72e-05	-7.77799e-17
-1.76e-05	2.72e-05	9.42746e-17
-1.6e-05	2.72e-05	1.74007e-18
-1.44e-05	2.72e-05	6.89988e-17
-1.28e-05	2.72e-05	-6.27423e-17
-1.12e-05	2.72e-05	4.77589e-17
-9.6e-06	2.72e-05	-3.74165e-17
-8e-06	2.72e-05	4.94271e-17
-6.4e-06	2.72e-05	-1.41898e-17
-4.8e-06	2.72e-05	5.42406e-17
-3.2e-06	2.72e-05	-9.92019e-18
-1.6e-06	2.72e-05	3.17689e-17
0	2.72e-05	-7.35309e-17
1.6e-06	2.72e-05	-3.26484e-17
3.2e-06	2.72e-05	-5.30283e-17
4.8e-06	2.72e-05	-2.25182e-18
6.4e-06	2.72e-05	-1.62872e-17
8e-06	2.72e-05	-4.59413e-17
9.6e-06	2.72e-05	2.25993e-17
1.12e-05	2.72e-05	6.9751e-18
1.28e-05	2.72e-05	-7.88224e-18
1.44e-05	2.72e-05	-2.67438e-17
1.6e-05	2.72e-05	-1.05689e-17
1.76e-05	2.72e-05	3.47886e-17
1.92e-05	2.72e-05	2.21262e-17
2.08e-05	2.72e-05	4.21459e-17
2.24e-05	2.72e-05	-3.88853e-17
2.4e-05	2.72e-05	-4.44786e-17
2.56e-05	2.72e-05	8.60696e-19
2.72e-05	2.72e-05	-4.09225e-17
2.88e-05	2.72e-05	-1.80258e-17
3.04e-05	2.72e-05	5.43855e-17

-3.04e-05	2.56e-05	7.72172e-17
-2.88e-05	2.56e-05	-4.36063e-17
-2.72e-05	2.56e-05	-2.51363e-17
-2.56e-05	2.56e-05	1.13551e-16
-2.4e-05	2.56e-05	-1.68587e-16
-2.24e-05	2.56e-05	-8.19406e-17
-2.08e-05	2.56e-05	1.88637e-18
-1.92e-05	2.56e-05	1.00218e-16
-1.76e-05	2.56e-05	-9.29602e-18
-1.6e-05	2.56e-05	-2.76746e-17
-1.44e-05	2.56e-05	-7.98577e-18
-1.28e-05	2.56e-05	8.09151e-17
-1.12e-05	2.56e-05	2.42836e-17
-9.6e-06	2.56e-05	2.6542e-16
-8e-06	2.56e-05	4.68147e-16
-6.4e-06	2.56e-05	7.44247e-16
-4.8e-06	2.56e-05	6.4581e-16
-3.2e-06	2.56e-05	4.60228e-16
-1.6e-06	2.56e-05	1.79947e-18
0	2.56e-05	-3.64038e-16
1.6e-06	2.56e-05	-6.3716e-16
3.2e-06	2.56e-05	-6.83872e-16
4.8e-06	2.56e-05	-5.2047e-16
6.4e-06	2.56e-05	-2.72998e-16
8e-06	2.56e-05	-6.07234e-17
9.6e-06	2.56e-05	-8.58089e-17
1.12e-05	2.56e-05	9.509e-18
1.28e-05	2.56e-05	-6.21377e-18
1.44e-05	2.56e-05	-2.38831e-17
1.6e-05	2.56e-05	-1.19818e-18
1.76e-05	2.56e-05	-1.11362e-17
1.92e-05	2.56e-05	-1.30463e-17
2.08e-05	2.56e-05	8.79965e-17
2.24e-05	2.56e-05	3.96727e-17
2.4e-05	2.56e-05	-8.36599e-17
2.56e-05	2.56e-05	-6.29006e-17
2.72e-05	2.56e-05	1.76584e-17
2.88e-05	2.56e-05	-6.43678e-17
3.04e-05	2.56e-05	2.12591e-17

-3.04e-05	2.4e-05	2.33048e-17
-2.88e-05	2.4e-05	-1.15805e-16
-2.72e-05	2.4e-05	3.86443e-17
-2.56e-05	2.4e-05	-1.3329e-16
-2.4e-05	2.4e-05	-7.22675e-17
-2.24e-05	2.4e-05	7.78769e-17
-2.08e-05	2.4e-05	1.61893e-16
-1.92e-05	2.4e-05	-2.8711e-18
-1.76e-05	2.4e-05	-6.10686e-17
-1.6e-05	2.4e-05	5.1198e-17
-1.44e-05	2.4e-05	1.04102e-16
-1.28e-05	2.4e-05	2.4997e-16
-1.12e-05	2.4e-05	1.59827e-15
-9.6e-06	2.4e-05	6.22782e-15
-8e-06	2.4e-05	1.36386e-14
-6.4e-06	2.4e-05	1.7856e-14
-4.8e-06	2.4e-05	1.6707e-14
-3.2e-06	2.4e-05	1.03006e-14
-1.6e-06	2.4e-05	8.39477e-16
0	2.4e-05	-8.76097e-15
1.6e-06	2.4e-05	-1.53778e-14
3.2e-06	2.4e-05	-1.70295e-14
4.8e-06	2.4e-05	-1.3582e-14
6.4e-06	2.4e-05	-7.06505e-15
8e-06	2.4e-05	-1.94111e-15
9.6e-06	2.4e-05	-3.70159e-16
1.12e-05	2.4e-05	-1.24145e-16
1.28e-05	2.4e-05	-1.25094e-17
1.44e-05	2.4e-05	4.62807e-18
1.6e-05	2.4e-05	-2.57284e-18
1.76e-05	2.4e-05	-9.995e-18
1.92e-05	2.4e-05	1.76189e-17
2.08e-05	2.4e-05	-3.83593e-17
2.24e-05	2.4e-05	7.10339e-17
2.4e-05	2.4e-05	3.40353e-17
2.56e-05	2.4e-05	-1.01274e-17
2.72e-05	2.4e-05	-1.91464e-17
2.88e-05	2.4e-05	-6.63256e-17
3.04e-05	2.4e-05	-1.03936e-16

-3.04e-05	2.24e-05	-1.09322e-16
-2.88e-05	2.24e-05	-5.48703e-17
-2.72e-05	2.24e-05	-6.85475e-17
-2.56e-05	2.24e-05	-5.26863e-17
-2.4e-05	2.24e-05	1.18671e-17
-2.24e-05	2.24e-05	1.66951e-16
-2.08e-05	2.24e-05	-2.3752e-17
-1.92e-05	2.24e-05	-4.88068e-17
-1.76e-05	2.24e-05	9.62432e-17
-1.6e-05	2.24e-05	1.18363e-16
-1.44e-05	2.24e-05	7.47971e-16
-1.28e-05	2.24e-05	6.0386e-15
-1.12e-05	2.24e-05	3.65028e-14
-9.6e-06	2.24e-05	1.52362e-13
-8e-06	2.24e-05	3.38408e-13
-6.4e-06	2.24e-05	4.45717e-13
-4.8e-06	2.24e-05	4.15765e-13
-3.2e-06	2.24e-05	2.56572e-13
-1.6e-06	2.24e-05	2.00544e-14
0	2.24e-05	-2.17708e-13
1.6e-06	2.24e-05	-3.82216e-13
3.2e-06	2.24e-05	-4.24201e-13
4.8e-06	2.24e-05	-3.37507e-13
6.4e-06	2.24e-05	-1.72257e-13
8e-06	2.24e-05	-4.34453e-14
9.6e-06	2.24e-05	-7.35793e-15
1.12e-05	2.24e-05	-9.84937e-16
1.28e-05	2.24e-05	-1.37382e-16
1.44e-05	2.24e-05	-5.16688e-17
1.6e-05	2.24e-05	3.25138e-18
1.76e-05	2.24e-05	-2.10549e-17
1.92e-05	2.24e-05	-1.09676e-17
2.08e-05	2.24e-05	5.82355e-18
2.24e-05	2.24e-05	-3.54614e-17
2.4e-05	2.24e-05	9.16252e-17
2.56e-05	2.24e-05	1.72585e-17
2.72e-05	2.24e-05	7.01705e-17
2.88e-05	2.24e-05	-1.64942e-17
3.04e-05	2.24e-05	5.63957e-17

-3.04e-05	2.08e-05	7.24014e-17
-2.88e-05	2.08e-05	-3.99509e-17
-2.72e-05	2.08e-05	9.4185e-17
-2.56e-05	2.08e-05	-3.33591e-17
-2.4e-05	2.08e-05	1.62943e-16
-2.24e-05	2.08e-05	1.1965e-18
-2.08e-05	2.08e-05	-4.38779e-17
-1.92e-05	2.08e-05	9.91248e-17
-1.76e-05	2.08e-05	1.18041e-16
-1.6e-05	2.08e-05	1.42295e-15
-1.44e-05	2.08e-05	1.46647e-14
-1.28e-05	2.08e-05	1.22888e-13
-1.12e-05	2.08e-05	8.13488e-13
-9.6e-06	2.08e-05	3.67753e-12
-8e-06	2.08e-05	8.40498e-12
-6.4e-06	2.08e-05	1.11025e-11
-4.8e-06	2.08e-05	1.0357e-11
-3.2e-06	2.08e-05	6.3872e-12
-1.6e-06	2.08e-05	4.95807e-13
0	2.08e-05	-5.4276e-12
1.6e-06	2.08e-05	-9.52366e-12
3.2e-06	2.08e-05	-1.05636e-11
4.8e-06	2.08e-05	-8.38231e-12
6.4e-06	2.08e-05	-4.20037e-12
8e-06	2.08e-05	-9.74579e-13
9.6e-06	2.08e-05	-1.50848e-13
1.12e-05	2.08e-05	-1.81599e-14
1.28e-05	2.08e-05	-1.9112e-15
1.44e-05	2.08e-05	-1.7599e-16
1.6e-05	2.08e-05	-4.04013e-17
1.76e-05	2.08e-05	-3.6144e-17
1.92e-05	2.08e-05	-1.44389e-17
2.08e-05	2.08e-05	2.13812e-17
2.24e-05	2.08e-05	-2.82718e-17
2.4e-05	2.08e-05	9.32528e-18
2.56e-05	2.08e-05	4.10235e-17
2.72e-05	2.08e-05	-2.84588e-18
2.88e-05	2.08e-05	8.62804e-17
3.04e-05	2.08e-05	-1.67683e-17

-3.04e-05	1.92e-05	-3.12685e-18
-2.88e-05	1.92e-05	1.4739e-16
-2.72e-05	1.92e-05	-4.95487e-17
-2.56e-05	1.92e-05	3.16799e-17
-2.4e-05	1.92e-05	1.59796e-17
-2.24e-05	1.92e-05	-6.42194e-17
-2.08e-05	1.92e-05	5.96409e-17
-1.92e-05	1.92e-05	1.40877e-16
-1.76e-05	1.92e-05	1.92192e-15
-1.6e-05	1.92e-05	2.45095e-14
-1.44e-05	1.92e-05	2.63906e-13
-1.28e-05	1.92e-05	2.44108e-12
-1.12e-05	1.92e-05	1.78345e-11
-9.6e-06	1.92e-05	8.85954e-11
-8e-06	1.92e-05	2.08781e-10
-6.4e-06	1.92e-05	2.7655e-10
-4.8e-06	1.92e-05	2.57993e-10
-3.2e-06	1.92e-05	1.59039e-10
-1.6e-06	1.92e-05	1.22285e-11
0	1.92e-05	-1.35338e-10
1.6e-06	1.92e-05	-2.37325e-10
3.2e-06	1.92e-05	-2.63072e-10
4.8e-06	1.92e-05	-2.08195e-10
6.4e-06	1.92e-05	-1.02364e-10
8e-06	1.92e-05	-2.15685e-11
9.6e-06	1.92e-05	-3.0161e-12
1.12e-05	1.92e-05	-3.30277e-13
1.28e-05	1.92e-05	-3.0662e-14
1.44e-05	1.92e-05	-2.60736e-15
1.6e-05	1.92e-05	-2.37271e-16
1.76e-05	1.92e-05	2.1374e-17
1.92e-05	1.92e-05	-2.90668e-17
2.08e-05	1.92e-05	-1.05217e-17
2.24e-05	1.92e-05	5.11759e-18
2.4e-05	1.92e-05	-4.97004e-17
2.56e-05	1.92e-05	1.196e-17
2.72e-05	1.92e-05	-2.40306e-17
2.88e-05	1.92e-05	2.77499e-17
3.04e-05	1.92e-05	1.45383e-18

-3.04e-05	1.76e-05	-3.38949e-17
-2.88e-05	1.76e-05	1.1242e-17
-2.72e-05	1.76e-05	-3.48307e-17
-2.56e-05	1.76e-05	6.80591e-17
-2.4e-05	1.76e-05	-7.66753e-18
-2.24e-05	1.76e-05	3.72547e-17
-2.08e-05	1.76e-05	1.95221e-16
-1.92e-05	1.76e-05	1.91034e-15
-1.76e-05	1.76e-05	2.87807e-14
-1.6e-05	1.76e-05	3.80712e-13
-1.44e-05	1.76e-05	4.55289e-12
-1.28e-05	1.76e-05	4.68065e-11
-1.12e-05	1.76e-05	3.83242e-10
-9.6e-06	1.76e-05	2.12979e-09
-8e-06	1.76e-05	5.18813e-09
-6.4e-06	1.76e-05	6.88911e-09
-4.8e-06	1.76e-05	6.42669e-09
-3.2e-06	1.76e-05	3.96001e-09
-1.6e-06	1.76e-05	3.01556e-10
0	1.76e-05	-3.37472e-09
1.6e-06	1.76e-05	-5.91414e-09
3.2e-06	1.76e-05	-6.55187e-09
4.8e-06	1.76e-05	-5.17227e-09
6.4e-06	1.76e-05	-2.49289e-09
8e-06	1.76e-05	-4.68204e-10
9.6e-06	1.76e-05	-5.82978e-11
1.12e-05	1.76e-05	-5.73131e-12
1.28e-05	1.76e-05	-4.82551e-13
1.44e-05	1.76e-05	-3.64363e-14
1.6e-05	1.76e-05	-2.59758e-15
1.76e-05	1.76e-05	-2.14299e-16
1.92e-05	1.76e-05	-2.3107e-17
2.08e-05	1.76e-05	-2.81087e-17
2.24e-05	1.76e-05	3.5446e-17
2.4e-05	1.76e-05	-5.53677e-18
2.56e-05	1.76e-05	2.83102e-17
2.72e-05	1.76e-05	4.92608e-17
2.88e-05	1.76e-05	5.05059e-19
3.04e-05	1.76e-05	7.16398e-17

-3.04e-05	1.6e-05	6.79523e-17
-2.88e-05	1.6e-05	-1.53952e-18
-2.72e-05	1.6e-05	8.29356e-17
-2.56e-05	1.6e-05	2.5454e-17
-2.4e-05	1.6e-05	2.63188e-17
-2.24e-05	1.6e-05	2.3108e-16
-2.08e-05	1.6e-05	1.31318e-15
-1.92e-05	1.6e-05	2.39911e-14
-1.76e-05	1.6e-05	3.76885e-13
-1.6e-05	1.6e-05	5.5388e-12
-1.44e-05	1.6e-05	7.38331e-11
-1.28e-05	1.6e-05	8.5664e-10
-1.12e-05	1.6e-05	8.01471e-09
-9.6e-06	1.6e-05	5.10752e-08
-8e-06	1.6e-05	1.28978e-07
-6.4e-06	1.6e-05	1.71627e-07
-4.8e-06	1.6e-05	1.60093e-07
-3.2e-06	1.6e-05	9.8603e-08
-1.6e-06	1.6e-05	7.43559e-09
0	1.6e-05	-8.41507e-08
1.6e-06	1.6e-05	-1.47382e-07
3.2e-06	1.6e-05	-1.63185e-07
4.8e-06	1.6e-05	-1.2853e-07
6.4e-06	1.6e-05	-6.0665e-08
8e-06	1.6e-05	-9.89967e-09
9.6e-06	1.6e-05	-1.07604e-09
1.12e-05	1.6e-05	-9.35664e-11
1.28e-05	1.6e-05	-7.05461e-12
1.44e-05	1.6e-05	-4.8155e-13
1.6e-05	1.6e-05	-3.06279e-14
1.76e-05	1.6e-05	-1.92186e-15
1.92e-05	1.6e-05	-1.20224e-16
2.08e-05	1.6e-05	-8.7064e-17
2.24e-05	1.6e-05	-6.85522e-17
2.4e-05	1.6e-05	5.20015e-17
2.56e-05	1.6e-05	-2.11569e-17
2.72e-05	1.6e-05	2.12658e-17
2.88e-05	1.6e-05	-1.9326e-17
3.04e-05	1.6e-05	-1.42211e-17

-3.04e-05	1.44e-05	8.64136e-17
-2.88e-05	1.44e-05	3.85449e-17
-2.72e-05	1.44e-05	1.14771e-16
-2.56e-05	1.44e-05	-2.12205e-17
-2.4e-05	1.44e-05	1.29868e-16
-2.24e-05	1.44e-05	6.1172e-16
-2.08e-05	1.44e-05	1.40268e-14
-1.92e-05	1.44e-05	2.55504e-13
-1.76e-05	1.44e-05	4.45119e-12
-1.6e-05	1.44e-05	7.2958e-11
-1.44e-05	1.44e-05	1.1001e-09
-1.28e-05	1.44e-05	1.46846e-08
-1.12e-05	1.44e-05	1.61188e-07
-9.6e-06	1.44e-05	1.22146e-06
-8e-06	1.44e-05	3.20795e-06
-6.4e-06	1.44e-05	4.27598e-06
-4.8e-06	1.44e-05	3.98803e-06
-3.2e-06	1.44e-05	2.45518e-06
-1.6e-06	1.44e-05	1.83322e-07
0	1.44e-05	-2.09836e-06
1.6e-06	1.44e-05	-3.67285e-06
3.2e-06	1.44e-05	-4.0646e-06
4.8e-06	1.44e-05	-3.19488e-06
6.4e-06	1.44e-05	-1.47512e-06
8e-06	1.44e-05	-2.01507e-07
9.6e-06	1.44e-05	-1.86129e-08
1.12e-05	1.44e-05	-1.40368e-09
1.28e-05	1.44e-05	-9.33961e-11
1.44e-05	1.44e-05	-5.70628e-12
1.6e-05	1.44e-05	-3.27702e-13
1.76e-05	1.44e-05	-1.79359e-14
1.92e-05	1.44e-05	-1.03778e-15
2.08e-05	1.44e-05	-2.65449e-17
2.24e-05	1.44e-05	-1.00659e-16
2.4e-05	1.44e-05	-2.16459e-17
2.56e-05	1.44e-05	-2.23583e-17
2.72e-05	1.44e-05	-5.06317e-17
2.88e-05	1.44e-05	-1.41075e-17
3.04e-05	1.44e-05	4.86771e-19

-3.04e-05	1.28e-05	-2.40029e-17
-2.88e-05	1.28e-05	7.44877e-17
-2.72e-05	1.28e-05	-1.07846e-16
-2.56e-05	1.28e-05	-2.74588e-17
-2.4e-05	1.28e-05	4.22986e-18
-2.24e-05	1.28e-05	5.30227e-15
-2.08e-05	1.28e-05	1.15133e-13
-1.92e-05	1.28e-05	2.31874e-12
-1.76e-05	1.28e-05	4.49866e-11
-1.6e-05	1.28e-05	8.33429e-10
-1.44e-05	1.28e-05	1.44741e-08
-1.28e-05	1.28e-05	2.28036e-07
-1.12e-05	1.28e-05	3.0497e-06
-9.6e-06	1.28e-05	2.91182e-05
-8e-06	1.28e-05	7.98297e-05
-6.4e-06	1.28e-05	0.00010654
-4.8e-06	1.28e-05	9.93454e-05
-3.2e-06	1.28e-05	6.11334e-05
-1.6e-06	1.28e-05	4.51923e-06
0	1.28e-05	-5.23242e-05
1.6e-06	1.28e-05	-9.15302e-05
3.2e-06	1.28e-05	-0.000101245
4.8e-06	1.28e-05	-7.94399e-05
6.4e-06	1.28e-05	-3.58386e-05
8e-06	1.28e-05	-3.86428e-06
9.6e-06	1.28e-05	-2.91839e-07
1.12e-05	1.28e-05	-1.85927e-08
1.28e-05	1.28e-05	-1.07152e-09
1.44e-05	1.28e-05	-5.78021e-11
1.6e-05	1.28e-05	-2.97484e-12
1.76e-05	1.28e-05	-1.47377e-13
1.92e-05	1.28e-05	-6.68452e-15
2.08e-05	1.28e-05	-1.57542e-16
2.24e-05	1.28e-05	1.70202e-16
2.4e-05	1.28e-05	-3.09822e-18
2.56e-05	1.28e-05	2.84304e-17
2.72e-05	1.28e-05	-1.44075e-16
2.88e-05	1.28e-05	4.10903e-18
3.04e-05	1.28e-05	-7.69285e-17

-3.04e-05	1.12e-05	-5.525e-17
-2.88e-05	1.12e-05	-2.16404e-16
-2.72e-05	1.12e-05	-4.90422e-16
-2.56e-05	1.12e-05	-1.63264e-15
-2.4e-05	1.12e-05	-2.53866e-15
-2.24e-05	1.12e-05	2.63208e-14
-2.08e-05	1.12e-05	7.29953e-13
-1.92e-05	1.12e-05	1.64136e-11
-1.76e-05	1.12e-05	3.58192e-10
-1.6e-05	1.12e-05	7.6096e-09
-1.44e-05	1.12e-05	1.55603e-07
-1.28e-05	1.12e-05	2.99577e-06
-1.12e-05	1.12e-05	5.17331e-05
-9.6e-06	1.12e-05	0.000691575
-8e-06	1.12e-05	0.00198771
-6.4e-06	1.12e-05	0.00265465
-4.8e-06	1.12e-05	0.00247479
-3.2e-06	1.12e-05	0.00152221
-1.6e-06	1.12e-05	0.000111395
0	1.12e-05	-0.00130475
1.6e-06	1.12e-05	-0.00228102
3.2e-06	1.12e-05	-0.00252203
4.8e-06	1.12e-05	-0.00197591
6.4e-06	1.12e-05	-0.000869921
8e-06	1.12e-05	-6.6608e-05
9.6e-06	1.12e-05	-3.87279e-06
1.12e-05	1.12e-05	-2.00973e-07
1.28e-05	1.12e-05	-9.80035e-09
1.44e-05	1.12e-05	-4.59575e-10
1.6e-05	1.12e-05	-2.09685e-11
1.76e-05	1.12e-05	-9.26296e-13
1.92e-05	1.12e-05	-3.09147e-14
2.08e-05	1.12e-05	5.87076e-15
2.24e-05	1.12e-05	4.69434e-15
2.4e-05	1.12e-05	2.17182e-15
2.56e-05	1.12e-05	4.71542e-16
2.72e-05	1.12e-05	7.27546e-17
2.88e-05	1.12e-05	-7.58422e-17
3.04e-05	1.12e-05	-3.16718e-17

-3.04e-05	9.6e-06	-3.10695e-16
-2.88e-05	9.6e-06	-1.55304e-15
-2.72e-05	9.6e-06	-9.33789e-15
-2.56e-05	9.6e-06	-3.94692e-14
-2.4e-05	9.6e-06	-9.07311e-14
-2.24e-05	9.6e-06	-3.07415e-14
-2.08e-05	9.6e-06	2.89143e-12
-1.92e-05	9.6e-06	7.60001e-11
-1.76e-05	9.6e-06	1.87084e-09
-1.6e-05	9.6e-06	4.59165e-08
-1.44e-05	9.6e-06	1.12723e-06
-1.28e-05	9.6e-06	2.76873e-05
-1.12e-05	9.6e-06	0.000680491
-9.6e-06	9.6e-06	0.0163542
-8e-06	9.6e-06	0.0495243
-6.4e-06	9.6e-06	0.0661478
-4.8e-06	9.6e-06	0.0616494
-3.2e-06	9.6e-06	0.0379025
-1.6e-06	9.6e-06	0.00274545
0	9.6e-06	-0.0325351
1.6e-06	9.6e-06	-0.0568455
3.2e-06	9.6e-06	-0.0628259
4.8e-06	9.6e-06	-0.0491646
6.4e-06	9.6e-06	-0.0210954
8e-06	9.6e-06	-0.000896704
9.6e-06	9.6e-06	-3.6066e-05
1.12e-05	9.6e-06	-1.45251e-06
1.28e-05	9.6e-06	-5.85663e-08
1.44e-05	9.6e-06	-2.36343e-09
1.6e-05	9.6e-06	-9.50993e-11
1.76e-05	9.6e-06	-3.52992e-12
1.92e-05	9.6e-06	1.04741e-13
2.08e-05	9.6e-06	1.8286e-13
2.24e-05	9.6e-06	1.17563e-13
2.4e-05	9.6e-06	5.30105e-14
2.56e-05	9.6e-06	1.28122e-14
2.72e-05	9.6e-06	2.04169e-15
2.88e-05	9.6e-06	2.47814e-16
3.04e-05	9.6e-06	-1.81116e-17

-3.04e-05	8e-06	-3.66572e-15
-2.88e-05	8e-06	-3.07749e-14
-2.72e-05	8e-06	-2.05062e-13
-2.56e-05	8e-06	-9.4898e-13
-2.4e-05	8e-06	-2.34436e-12
-2.24e-05	8e-06	-3.64643e-12
-2.08e-05	8e-06	3.27942e-13
-1.92e-05	8e-06	1.34413e-10
-1.76e-05	8e-06	3.48634e-09
-1.6e-05	8e-06	8.64516e-08
-1.44e-05	8e-06	2.1394e-06
-1.28e-05	8e-06	5.29436e-05
-1.12e-05	8e-06	0.00131033
-9.6e-06	8e-06	0.0313901
-8e-06	8e-06	0.0889593
-6.4e-06	8e-06	0.117842
-4.8e-06	8e-06	0.10939
-3.2e-06	8e-06	0.0668291
-1.6e-06	8e-06	0.00413662
0	8e-06	-0.0585432
1.6e-06	8e-06	-0.101448
3.2e-06	8e-06	-0.111503
4.8e-06	8e-06	-0.0862924
6.4e-06	8e-06	-0.0344567
8e-06	8e-06	-0.00145651
9.6e-06	8e-06	-5.87272e-05
1.12e-05	8e-06	-2.36786e-06
1.28e-05	8e-06	-9.54611e-08
1.44e-05	8e-06	-3.83827e-09
1.6e-05	8e-06	-1.4541e-10
1.76e-05	8e-06	1.88904e-12
1.92e-05	8e-06	6.16739e-12
2.08e-05	8e-06	4.64443e-12
2.24e-05	8e-06	2.89222e-12
2.4e-05	8e-06	1.28026e-12
2.56e-05	8e-06	2.86607e-13
2.72e-05	8e-06	4.36795e-14
2.88e-05	8e-06	5.09652e-15
3.04e-05	8e-06	5.75048e-17

-3.04e-05	6.4e-06	-6.52456e-14
-2.88e-05	6.4e-06	-6.06434e-13
-2.72e-05	6.4e-06	-4.47317e-12
-2.56e-05	6.4e-06	-2.2692e-11
-2.4e-05	6.4e-06	-5.77643e-11
-2.24e-05	6.4e-06	-9.50882e-11
-2.08e-05	6.4e-06	-1.24921e-10
-1.92e-05	6.4e-06	1.79474e-11
-1.76e-05	6.4e-06	4.41526e-09
-1.6e-05	6.4e-06	1.14173e-07
-1.44e-05	6.4e-06	2.83386e-06
-1.28e-05	6.4e-06	7.02071e-05
-1.12e-05	6.4e-06	0.00173922
-9.6e-06	6.4e-06	0.0414885
-8e-06	6.4e-06	0.112807
-6.4e-06	6.4e-06	0.14822
-4.8e-06	6.4e-06	0.136797
-3.2e-06	6.4e-06	0.0826269
-1.6e-06	6.4e-06	0.00345631
0	6.4e-06	-0.0751894
1.6e-06	6.4e-06	-0.12841
3.2e-06	6.4e-06	-0.139952
4.8e-06	6.4e-06	-0.107098
6.4e-06	6.4e-06	-0.0409324
8e-06	6.4e-06	-0.0017225
9.6e-06	6.4e-06	-6.94784e-05
1.12e-05	6.4e-06	-2.80204e-06
1.28e-05	6.4e-06	-1.1271e-07
1.44e-05	6.4e-06	-4.27716e-09
1.6e-05	6.4e-06	5.79231e-11
1.76e-05	6.4e-06	1.93093e-10
1.92e-05	6.4e-06	1.57654e-10
2.08e-05	6.4e-06	1.1448e-10
2.24e-05	6.4e-06	7.10028e-11
2.4e-05	6.4e-06	3.08723e-11
2.56e-05	6.4e-06	6.3011e-12
2.72e-05	6.4e-06	8.68368e-13
2.88e-05	6.4e-06	9.38286e-14
3.04e-05	6.4e-06	1.70439e-15

-3.04e-05	4.8e-06	-1.12069e-12
-2.88e-05	4.8e-06	-1.15838e-11
-2.72e-05	4.8e-06	-9.56592e-11
-2.56e-05	4.8e-06	-5.41301e-10
-2.4e-05	4.8e-06	-1.41865e-09
-2.24e-05	4.8e-06	-2.34671e-09
-2.08e-05	4.8e-06	-3.25094e-09
-1.92e-05	4.8e-06	-3.94666e-09
-1.76e-05	4.8e-06	-5.97185e-11
-1.6e-05	4.8e-06	1.16717e-07
-1.44e-05	4.8e-06	3.03009e-06
-1.28e-05	4.8e-06	7.52393e-05
-1.12e-05	4.8e-06	0.00186452
-9.6e-06	4.8e-06	0.044313
-8e-06	4.8e-06	0.116415
-6.4e-06	4.8e-06	0.151667
-4.8e-06	4.8e-06	0.138866
-3.2e-06	4.8e-06	0.0823027
-1.6e-06	4.8e-06	0.000530882
0	4.8e-06	-0.0798389
1.6e-06	4.8e-06	-0.133143
3.2e-06	4.8e-06	-0.143143
4.8e-06	4.8e-06	-0.107912
6.4e-06	4.8e-06	-0.0395705
8e-06	4.8e-06	-0.00165693
9.6e-06	4.8e-06	-6.67935e-05
1.12e-05	4.8e-06	-2.68433e-06
1.28e-05	4.8e-06	-1.00691e-07
1.44e-05	4.8e-06	2.55188e-09
1.6e-05	4.8e-06	5.77248e-09
1.76e-05	4.8e-06	4.92632e-09
1.92e-05	4.8e-06	3.88599e-09
2.08e-05	4.8e-06	2.81632e-09
2.24e-05	4.8e-06	1.74319e-09
2.4e-05	4.8e-06	7.43821e-10
2.56e-05	4.8e-06	1.35824e-10
2.72e-05	4.8e-06	1.66946e-11
2.88e-05	4.8e-06	1.62258e-12
3.04e-05	4.8e-06	4.43305e-14

-3.04e-05	3.2e-06	-1.81112e-11
-2.88e-05	3.2e-06	-2.11194e-10
-2.72e-05	3.2e-06	-1.99089e-09
-2.56e-05	3.2e-06	-1.28827e-08
-2.4e-05	3.2e-06	-3.48455e-08
-2.24e-05	3.2e-06	-5.7749e-08
-2.08e-05	3.2e-06	-8.01832e-08
-1.92e-05	3.2e-06	-1.01842e-07
-1.76e-05	3.2e-06	-1.18777e-07
-1.6e-05	3.2e-06	-3.49866e-08
-1.44e-05	3.2e-06	2.52829e-06
-1.28e-05	3.2e-06	6.65364e-05
-1.12e-05	3.2e-06	0.00165353
-9.6e-06	3.2e-06	0.0391459
-8e-06	3.2e-06	0.098935
-6.4e-06	3.2e-06	0.127683
-4.8e-06	3.2e-06	0.115586
-3.2e-06	3.2e-06	0.0662249
-1.6e-06	3.2e-06	-0.00406076
0	3.2e-06	-0.0718188
1.6e-06	3.2e-06	-0.114915
3.2e-06	3.2e-06	-0.120322
4.8e-06	3.2e-06	-0.0881311
6.4e-06	3.2e-06	-0.0302543
8e-06	3.2e-06	-0.0012542
9.6e-06	3.2e-06	-5.02068e-05
1.12e-05	3.2e-06	-1.81143e-06
1.28e-05	3.2e-06	1.12184e-07
1.44e-05	3.2e-06	1.67175e-07
1.6e-05	3.2e-06	1.46236e-07
1.76e-05	3.2e-06	1.2138e-07
1.92e-05	3.2e-06	9.56182e-08
2.08e-05	3.2e-06	6.92799e-08
2.24e-05	3.2e-06	4.28054e-08
2.4e-05	3.2e-06	1.79047e-08
2.56e-05	3.2e-06	2.85139e-09
2.72e-05	3.2e-06	3.06409e-10
2.88e-05	3.2e-06	2.6391e-11
3.04e-05	3.2e-06	9.00819e-13

-3.04e-05	1.6e-06	-2.68804e-10
-2.88e-05	1.6e-06	-3.60539e-09
-2.72e-05	1.6e-06	-3.98456e-08
-2.56e-05	1.6e-06	-3.05802e-07
-2.4e-05	1.6e-06	-8.56195e-07
-2.24e-05	1.6e-06	-1.42099e-06
-2.08e-05	1.6e-06	-1.97315e-06
-1.92e-05	1.6e-06	-2.51004e-06
-1.76e-05	1.6e-06	-3.02719e-06
-1.6e-05	1.6e-06	-3.45823e-06
-1.44e-05	1.6e-06	-2.18081e-06
-1.28e-05	1.6e-06	4.1153e-05
-1.12e-05	1.6e-06	0.00112858
-9.6e-06	1.6e-06	0.0266791
-8e-06	1.6e-06	0.0632568
-6.4e-06	1.6e-06	0.0809948
-4.8e-06	1.6e-06	0.0720446
-3.2e-06	1.6e-06	0.0381114
-1.6e-06	1.6e-06	-0.00915895
0	1.6e-06	-0.0527165
1.6e-06	1.6e-06	-0.0771847
3.2e-06	1.6e-06	-0.0752148
4.8e-06	1.6e-06	-0.0501734
6.4e-06	1.6e-06	-0.013579
8e-06	1.6e-06	-0.000519783
9.6e-06	1.6e-06	-1.46488e-05
1.12e-05	1.6e-06	4.52464e-06
1.28e-05	1.6e-06	4.73339e-06
1.44e-05	1.6e-06	4.19239e-06
1.6e-05	1.6e-06	3.60124e-06
1.76e-05	1.6e-06	2.98665e-06
1.92e-05	1.6e-06	2.35262e-06
2.08e-05	1.6e-06	1.7043e-06
2.24e-05	1.6e-06	1.05136e-06
2.4e-05	1.6e-06	4.3056e-07
2.56e-05	1.6e-06	5.7611e-08
2.72e-05	1.6e-06	5.26791e-09
2.88e-05	1.6e-06	3.94096e-10
3.04e-05	1.6e-06	1.52021e-11

-3.04e-05	0	-3.5195e-09
-2.88e-05	0	-5.57178e-08
-2.72e-05	0	-7.50045e-07
-2.56e-05	0	-7.23729e-06
-2.4e-05	0	-2.10464e-05
-2.24e-05	0	-3.49666e-05
-2.08e-05	0	-4.85513e-05
-1.92e-05	0	-6.17625e-05
-1.76e-05	0	-7.45539e-05
-1.6e-05	0	-8.68804e-05
-1.44e-05	0	-9.83175e-05
-1.28e-05	0	-9.66642e-05
-1.12e-05	0	0.000232943
-9.6e-06	0	0.00815229
-8e-06	0	0.0149356
-6.4e-06	0	0.0206846
-4.8e-06	0	0.0176298
-3.2e-06	0	0.00436725
-1.6e-06	0	-0.0134116
0	0	-0.0264667
1.6e-06	0	-0.0274777
3.2e-06	0	-0.0157454
4.8e-06	0	0.0012025
6.4e-06	0	0.0104292
8e-06	0	0.000835869
9.6e-06	0	0.000175237
1.12e-05	0	0.000132258
1.28e-05	0	0.000117263
1.44e-05	0	0.000103179
1.6e-05	0	8.86077e-05
1.76e-05	0	7.34856e-05
1.92e-05	0	5.78845e-05
2.08e-05	0	4.19274e-05
2.24e-05	0	2.58294e-05
2.4e-05	0	1.03428e-05
2.56e-05	0	1.09601e-06
2.72e-05	0	8.20197e-08
2.88e-05	0	5.18877e-09
3.04e-05	0	2.10636e-10

-3.04e-05	-1.6e-06	-3.75683e-08
-2.88e-05	-1.6e-06	-7.27089e-07
-2.72e-05	-1.6e-06	-1.26475e-05
-2.56e-05	-1.6e-06	-0.000170691
-2.4e-05	-1.6e-06	-0.000517593
-2.24e-05	-1.6e-06	-0.000860451
-2.08e-05	-1.6e-06	-0.00119465
-1.92e-05	-1.6e-06	-0.00151967
-1.76e-05	-1.6e-06	-0.00183436
-1.6e-05	-1.6e-06	-0.00213807
-1.44e-05	-1.6e-06	-0.00243334
-1.28e-05	-1.6e-06	-0.0027508
-1.12e-05	-1.6e-06	-0.00369206
-9.6e-06	-1.6e-06	-0.0189538
-8e-06	-1.6e-06	-0.0397846
-6.4e-06	-1.6e-06	-0.0411166
-4.8e-06	-1.6e-06	-0.0353516
-3.2e-06	-1.6e-06	-0.0270342
-1.6e-06	-1.6e-06	-0.0157132
0	-1.6e-06	0.000911268
1.6e-06	-1.6e-06	0.0231616
3.2e-06	-1.6e-06	0.0463447
4.8e-06	-1.6e-06	0.0597011
6.4e-06	-1.6e-06	0.0464172
8e-06	-1.6e-06	0.00770706
9.6e-06	-1.6e-06	0.00371463
1.12e-05	-1.6e-06	0.00322619
1.28e-05	-1.6e-06	0.00288359
1.44e-05	-1.6e-06	0.00253851
1.6e-05	-1.6e-06	0.00218014
1.76e-05	-1.6e-06	0.0018081
1.92e-05	-1.6e-06	0.00142421
2.08e-05	-1.6e-06	0.00103148
2.24e-05	-1.6e-06	0.000634745
2.4e-05	-1.6e-06	0.000248163
2.56e-05	-1.6e-06	1.87142e-05
2.72e-05	-1.6e-06	1.07844e-06
2.88e-05	-1.6e-06	5.55985e-08
3.04e-05	-1.6e-06	2.23068e-09

-3.04e-05	-3.2e-06	-2.68346e-07
-2.88e-05	-3.2e-06	-6.62805e-06
-2.72e-05	-3.2e-06	-0.000164747
-2.56e-05	-3.2e-06	-0.00400954
-2.4e-05	-3.2e-06	-0.0127359
-2.24e-05	-3.2e-06	-0.0211742
-2.08e-05	-3.2e-06	-0.0293954
-1.92e-05	-3.2e-06	-0.0373915
-1.76e-05	-3.2e-06	-0.045133
-1.6e-05	-3.2e-06	-0.0526011
-1.44e-05	-3.2e-06	-0.0598343
-1.28e-05	-3.2e-06	-0.0670562
-1.12e-05	-3.2e-06	-0.0750686
-9.6e-06	-3.2e-06	-0.0860704
-8e-06	-3.2e-06	-0.094203
-6.4e-06	-3.2e-06	-0.0895512
-4.8e-06	-3.2e-06	-0.073291
-3.2e-06	-3.2e-06	-0.0479844
-1.6e-06	-3.2e-06	-0.0154978
0	-3.2e-06	0.0222098
1.6e-06	-3.2e-06	0.0613408
3.2e-06	-3.2e-06	0.0951961
4.8e-06	-3.2e-06	0.115127
6.4e-06	-3.2e-06	0.114506
8e-06	-3.2e-06	0.0986361
9.6e-06	-3.2e-06	0.087845
1.12e-05	-3.2e-06	0.0792115
1.28e-05	-3.2e-06	0.0709336
1.44e-05	-3.2e-06	0.062456
1.6e-05	-3.2e-06	0.0536414
1.76e-05	-3.2e-06	0.0444878
1.92e-05	-3.2e-06	0.035042
2.08e-05	-3.2e-06	0.0253766
2.24e-05	-3.2e-06	0.0156034
2.4e-05	-3.2e-06	0.00594699
2.56e-05	-3.2e-06	0.000248186
2.72e-05	-3.2e-06	9.87676e-06
2.88e-05	-3.2e-06	3.95218e-07
3.04e-05	-3.2e-06	1.46325e-08

-3.04e-05	-4.8e-06	-4.71803e-07
-2.88e-05	-4.8e-06	-1.08214e-05
-2.72e-05	-4.8e-06	-0.000266941
-2.56e-05	-4.8e-06	-0.00645015
-2.4e-05	-4.8e-06	-0.0189037
-2.24e-05	-4.8e-06	-0.0311668
-2.08e-05	-4.8e-06	-0.0431914
-1.92e-05	-4.8e-06	-0.0549084
-1.76e-05	-4.8e-06	-0.0662426
-1.6e-05	-4.8e-06	-0.0771197
-1.44e-05	-4.8e-06	-0.0874672
-1.28e-05	-4.8e-06	-0.0971977
-1.12e-05	-4.8e-06	-0.106095
-9.6e-06	-4.8e-06	-0.113219
-8e-06	-4.8e-06	-0.114521
-6.4e-06	-4.8e-06	-0.105025
-4.8e-06	-4.8e-06	-0.0838004
-3.2e-06	-4.8e-06	-0.0522329
-1.6e-06	-4.8e-06	-0.0127901
0	-4.8e-06	0.031031
1.6e-06	-4.8e-06	0.0742667
3.2e-06	-4.8e-06	0.110593
4.8e-06	-4.8e-06	0.133806
6.4e-06	-4.8e-06	0.140856
8e-06	-4.8e-06	0.135395
9.6e-06	-4.8e-06	0.126098
1.12e-05	-4.8e-06	0.115418
1.28e-05	-4.8e-06	0.10388
1.44e-05	-4.8e-06	0.0916267
1.6e-05	-4.8e-06	0.0787445
1.76e-05	-4.8e-06	0.0653184
1.92e-05	-4.8e-06	0.051439
2.08e-05	-4.8e-06	0.0371996
2.24e-05	-4.8e-06	0.0226896
2.4e-05	-4.8e-06	0.00797349
2.56e-05	-4.8e-06	0.000331947
2.72e-05	-4.8e-06	1.34456e-05
2.88e-05	-4.8e-06	5.81164e-07
3.04e-05	-4.8e-06	1.79324e-08

-3.04e-05	-6.4e-06	-1.453e-06
-2.88e-05	-6.4e-06	-1.4228e-05
-2.72e-05	-6.4e-06	-0.000259181
-2.56e-05	-6.4e-06	-0.00585659
-2.4e-05	-6.4e-06	-0.0158536
-2.24e-05	-6.4e-06	-0.0258864
-2.08e-05	-6.4e-06	-0.0357987
-1.92e-05	-6.4e-06	-0.0454803
-1.76e-05	-6.4e-06	-0.0548408
-1.6e-05	-6.4e-06	-0.0637859
-1.44e-05	-6.4e-06	-0.0721852
-1.28e-05	-6.4e-06	-0.0797979
-1.12e-05	-6.4e-06	-0.08609
-9.6e-06	-6.4e-06	-0.0898418
-8e-06	-6.4e-06	-0.0886415
-6.4e-06	-6.4e-06	-0.0799568
-4.8e-06	-6.4e-06	-0.0629455
-3.2e-06	-6.4e-06	-0.0383607
-1.6e-06	-6.4e-06	-0.00809531
0	-6.4e-06	0.0249938
1.6e-06	-6.4e-06	0.0571397
3.2e-06	-6.4e-06	0.0840618
4.8e-06	-6.4e-06	0.102054
6.4e-06	-6.4e-06	0.109613
8e-06	-6.4e-06	0.108605
9.6e-06	-6.4e-06	0.102975
1.12e-05	-6.4e-06	0.0950397
1.28e-05	-6.4e-06	0.0858406
1.44e-05	-6.4e-06	0.0758241
1.6e-05	-6.4e-06	0.0652007
1.76e-05	-6.4e-06	0.0540937
1.92e-05	-6.4e-06	0.0425951
2.08e-05	-6.4e-06	0.0307793
2.24e-05	-6.4e-06	0.0186894
2.4e-05	-6.4e-06	0.0062487
2.56e-05	-6.4e-06	0.000284614
2.72e-05	-6.4e-06	1.57706e-05
2.88e-05	-6.4e-06	1.62281e-06
3.04e-05	-6.4e-06	9.53511e-08

-3.04e-05	-8e-06	-2.37932e-05
-2.88e-05	-8e-06	-0.000107561
-2.72e-05	-8e-06	-0.000490934
-2.56e-05	-8e-06	-0.00213434
-2.4e-05	-8e-06	-0.00487752
-2.24e-05	-8e-06	-0.00784306
-2.08e-05	-8e-06	-0.0108198
-1.92e-05	-8e-06	-0.0137381
-1.76e-05	-8e-06	-0.0165603
-1.6e-05	-8e-06	-0.0192518
-1.44e-05	-8e-06	-0.0217636
-1.28e-05	-8e-06	-0.0240036
-1.12e-05	-8e-06	-0.0257793
-9.6e-06	-8e-06	-0.0267027
-8e-06	-8e-06	-0.0261295
-6.4e-06	-8e-06	-0.0234209
-4.8e-06	-8e-06	-0.0183366
-3.2e-06	-8e-06	-0.011077
-1.6e-06	-8e-06	-0.0021953
0	-8e-06	0.00746061
1.6e-06	-8e-06	0.0167982
3.2e-06	-8e-06	0.0246229
4.8e-06	-8e-06	0.0299446
6.4e-06	-8e-06	0.0323812
8e-06	-8e-06	0.0323862
9.6e-06	-8e-06	0.030907
1.12e-05	-8e-06	0.0286244
1.28e-05	-8e-06	0.0258963
1.44e-05	-8e-06	0.0228913
1.6e-05	-8e-06	0.0196903
1.76e-05	-8e-06	0.0163386
1.92e-05	-8e-06	0.0128689
2.08e-05	-8e-06	0.0093143
2.24e-05	-8e-06	0.00573847
2.4e-05	-8e-06	0.00238702
2.56e-05	-8e-06	0.000548824
2.72e-05	-8e-06	0.000120428
2.88e-05	-8e-06	2.67828e-05
3.04e-05	-8e-06	5.06801e-06

-3.04e-05	-9.6e-06	-2.01359e-05
-2.88e-05	-9.6e-06	-7.39945e-05
-2.72e-05	-9.6e-06	-0.00025091
-2.56e-05	-9.6e-06	-0.000739285
-2.4e-05	-9.6e-06	-0.00151051
-2.24e-05	-9.6e-06	-0.00238155
-2.08e-05	-9.6e-06	-0.00327199
-1.92e-05	-9.6e-06	-0.00415011
-1.76e-05	-9.6e-06	-0.0050001
-1.6e-05	-9.6e-06	-0.00580881
-1.44e-05	-9.6e-06	-0.00655801
-1.28e-05	-9.6e-06	-0.00721434
-1.12e-05	-9.6e-06	-0.00771269
-9.6e-06	-9.6e-06	-0.00793496
-8e-06	-9.6e-06	-0.00770744
-6.4e-06	-9.6e-06	-0.00686588
-4.8e-06	-9.6e-06	-0.00534505
-3.2e-06	-9.6e-06	-0.0032007
-1.6e-06	-9.6e-06	-0.000594396
0	-9.6e-06	0.00222465
1.6e-06	-9.6e-06	0.00494142
3.2e-06	-9.6e-06	0.0072223
4.8e-06	-9.6e-06	0.00880006
6.4e-06	-9.6e-06	0.00957338
8e-06	-9.6e-06	0.00965138
9.6e-06	-9.6e-06	0.00926745
1.12e-05	-9.6e-06	0.00861488
1.28e-05	-9.6e-06	0.00780898
1.44e-05	-9.6e-06	0.00690931
1.6e-05	-9.6e-06	0.00594585
1.76e-05	-9.6e-06	0.00493533
1.92e-05	-9.6e-06	0.00389017
2.08e-05	-9.6e-06	0.00282585
2.24e-05	-9.6e-06	0.001777
2.4e-05	-9.6e-06	0.000844782
2.56e-05	-9.6e-06	0.000284434
2.72e-05	-9.6e-06	8.36996e-05
2.88e-05	-9.6e-06	2.30153e-05
3.04e-05	-9.6e-06	5.30555e-06

-3.04e-05	-1.12e-05	-1.13123e-05
-2.88e-05	-1.12e-05	-3.61785e-05
-2.72e-05	-1.12e-05	-0.000102294
-2.56e-05	-1.12e-05	-0.000248396
-2.4e-05	-1.12e-05	-0.000469018
-2.24e-05	-1.12e-05	-0.000724522
-2.08e-05	-1.12e-05	-0.000990103
-1.92e-05	-1.12e-05	-0.00125384
-1.76e-05	-1.12e-05	-0.0015095
-1.6e-05	-1.12e-05	-0.0017521
-1.44e-05	-1.12e-05	-0.00197503
-1.28e-05	-1.12e-05	-0.00216667
-1.12e-05	-1.12e-05	-0.0023059
-9.6e-06	-1.12e-05	-0.00235762
-8e-06	-1.12e-05	-0.00227466
-6.4e-06	-1.12e-05	-0.00201422
-4.8e-06	-1.12e-05	-0.00155914
-3.2e-06	-1.12e-05	-0.000925554
-1.6e-06	-1.12e-05	-0.000160607
0	-1.12e-05	0.000662927
1.6e-06	-1.12e-05	0.00145461
3.2e-06	-1.12e-05	0.00212111
4.8e-06	-1.12e-05	0.0025896
6.4e-06	-1.12e-05	0.00283223
8e-06	-1.12e-05	0.00287506
9.6e-06	-1.12e-05	0.00277665
1.12e-05	-1.12e-05	0.00259096
1.28e-05	-1.12e-05	0.0023537
1.44e-05	-1.12e-05	0.00208492
1.6e-05	-1.12e-05	0.0017953
1.76e-05	-1.12e-05	0.00149099
1.92e-05	-1.12e-05	0.00117678
2.08e-05	-1.12e-05	0.000859214
2.24e-05	-1.12e-05	0.000552117
2.4e-05	-1.12e-05	0.000287071
2.56e-05	-1.12e-05	0.000117129
2.72e-05	-1.12e-05	4.1311e-05
2.88e-05	-1.12e-05	1.32273e-05
3.04e-05	-1.12e-05	3.5218e-06

-3.04e-05	-1.28e-05	-5.23412e-06
-2.88e-05	-1.28e-05	-1.5202e-05
-2.72e-05	-1.28e-05	-3.79406e-05
-2.56e-05	-1.28e-05	-8.18152e-05
-2.4e-05	-1.28e-05	-0.000145713
-2.24e-05	-1.28e-05	-0.000220732
-2.08e-05	-1.28e-05	-0.000299792
-1.92e-05	-1.28e-05	-0.000378865
-1.76e-05	-1.28e-05	-0.000455647
-1.6e-05	-1.28e-05	-0.000528304
-1.44e-05	-1.28e-05	-0.000594484
-1.28e-05	-1.28e-05	-0.000650279
-1.12e-05	-1.28e-05	-0.00068902
-9.6e-06	-1.28e-05	-0.000700424
-8e-06	-1.28e-05	-0.000671603
-6.4e-06	-1.28e-05	-0.000591307
-4.8e-06	-1.28e-05	-0.000455125
-3.2e-06	-1.28e-05	-0.000267865
-1.6e-06	-1.28e-05	-4.32815e-05
0	-1.28e-05	0.000197476
1.6e-06	-1.28e-05	0.000428516
3.2e-06	-1.28e-05	0.000623684
4.8e-06	-1.28e-05	0.000762924
6.4e-06	-1.28e-05	0.000838392
8e-06	-1.28e-05	0.000856248
9.6e-06	-1.28e-05	0.000831388
1.12e-05	-1.28e-05	0.000778749
1.28e-05	-1.28e-05	0.000709098
1.44e-05	-1.28e-05	0.000628962
1.6e-05	-1.28e-05	0.000542027
1.76e-05	-1.28e-05	0.000450509
1.92e-05	-1.28e-05	0.000356227
2.08e-05	-1.28e-05	0.000261685
2.24e-05	-1.28e-05	0.000171674
2.4e-05	-1.28e-05	9.51836e-05
2.56e-05	-1.28e-05	4.37674e-05
2.72e-05	-1.28e-05	1.75178e-05
2.88e-05	-1.28e-05	6.29912e-06
3.04e-05	-1.28e-05	1.87788e-06

-3.04e-05	-1.44e-05	-2.1574e-06
-2.88e-05	-1.44e-05	-5.86378e-06
-2.72e-05	-1.44e-05	-1.33695e-05
-2.56e-05	-1.44e-05	-2.65765e-05
-2.4e-05	-1.44e-05	-4.52478e-05
-2.24e-05	-1.44e-05	-6.73159e-05
-2.08e-05	-1.44e-05	-9.08252e-05
-1.92e-05	-1.44e-05	-0.000114495
-1.76e-05	-1.44e-05	-0.000137519
-1.6e-05	-1.44e-05	-0.000159243
-1.44e-05	-1.44e-05	-0.000178849
-1.28e-05	-1.44e-05	-0.000195053
-1.12e-05	-1.44e-05	-0.000205791
-9.6e-06	-1.44e-05	-0.000208076
-8e-06	-1.44e-05	-0.00019837
-6.4e-06	-1.44e-05	-0.000173697
-4.8e-06	-1.44e-05	-0.000132952
-3.2e-06	-1.44e-05	-7.75888e-05
-1.6e-06	-1.44e-05	-1.16244e-05
0	-1.44e-05	5.8817e-05
1.6e-06	-1.44e-05	0.000126336
3.2e-06	-1.44e-05	0.000183585
4.8e-06	-1.44e-05	0.000224994
6.4e-06	-1.44e-05	0.000248311
8e-06	-1.44e-05	0.000254974
9.6e-06	-1.44e-05	0.000248807
1.12e-05	-1.44e-05	0.00023393
1.28e-05	-1.44e-05	0.000213534
1.44e-05	-1.44e-05	0.000189688
1.6e-05	-1.44e-05	0.000163631
1.76e-05	-1.44e-05	0.000136149
1.92e-05	-1.44e-05	0.000107905
2.08e-05	-1.44e-05	7.97936e-05
2.24e-05	-1.44e-05	5.33542e-05
2.4e-05	-1.44e-05	3.1052e-05
2.56e-05	-1.44e-05	1.55133e-05
2.72e-05	-1.44e-05	6.82077e-06
2.88e-05	-1.44e-05	2.68758e-06
3.04e-05	-1.44e-05	8.78281e-07

-3.04e-05	-1.6e-05	-8.23182e-07
-2.88e-05	-1.6e-05	-2.14126e-06
-2.72e-05	-1.6e-05	-4.56333e-06
-2.56e-05	-1.6e-05	-8.54553e-06
-2.4e-05	-1.6e-05	-1.40368e-05
-2.24e-05	-1.6e-05	-2.05424e-05
-2.08e-05	-1.6e-05	-2.75295e-05
-1.92e-05	-1.6e-05	-3.46051e-05
-1.76e-05	-1.6e-05	-4.14992e-05
-1.6e-05	-1.6e-05	-4.79832e-05
-1.44e-05	-1.6e-05	-5.37805e-05
-1.28e-05	-1.6e-05	-5.84767e-05
-1.12e-05	-1.6e-05	-6.14414e-05
-9.6e-06	-1.6e-05	-6.18113e-05
-8e-06	-1.6e-05	-5.86123e-05
-6.4e-06	-1.6e-05	-5.10541e-05
-4.8e-06	-1.6e-05	-3.88661e-05
-3.2e-06	-1.6e-05	-2.24935e-05
-1.6e-06	-1.6e-05	-3.10868e-06
0	-1.6e-05	1.75186e-05
1.6e-06	-1.6e-05	3.72759e-05
3.2e-06	-1.6e-05	5.40932e-05
4.8e-06	-1.6e-05	6.64128e-05
6.4e-06	-1.6e-05	7.35792e-05
8e-06	-1.6e-05	7.59216e-05
9.6e-06	-1.6e-05	7.4429e-05
1.12e-05	-1.6e-05	7.0235e-05
1.28e-05	-1.6e-05	6.42745e-05
1.44e-05	-1.6e-05	5.71916e-05
1.6e-05	-1.6e-05	4.9394e-05
1.76e-05	-1.6e-05	4.11527e-05
1.92e-05	-1.6e-05	3.27034e-05
2.08e-05	-1.6e-05	2.43498e-05
2.24e-05	-1.6e-05	1.65647e-05
2.4e-05	-1.6e-05	1.00151e-05
2.56e-05	-1.6e-05	5.32142e-06
2.72e-05	-1.6e-05	2.51606e-06
2.88e-05	-1.6e-05	1.06739e-06
3.04e-05	-1.6e-05	3.76478e-07

-3.04e-05	-1.76e-05	-2.97176e-07
-2.88e-05	-1.76e-05	-7.52808e-07
-2.72e-05	-1.76e-05	-1.52412e-06
-2.56e-05	-1.76e-05	-2.72644e-06
-2.4e-05	-1.76e-05	-4.34925e-06
-2.24e-05	-1.76e-05	-6.27118e-06
-2.08e-05	-1.76e-05	-8.34745e-06
-1.92e-05	-1.76e-05	-1.04602e-05
-1.76e-05	-1.76e-05	-1.25215e-05
-1.6e-05	-1.76e-05	-1.44537e-05
-1.44e-05	-1.76e-05	-1.61648e-05
-1.28e-05	-1.76e-05	-1.75233e-05
-1.12e-05	-1.76e-05	-1.83384e-05
-9.6e-06	-1.76e-05	-1.83615e-05
-8e-06	-1.76e-05	-1.73237e-05
-6.4e-06	-1.76e-05	-1.50145e-05
-4.8e-06	-1.76e-05	-1.13699e-05
-3.2e-06	-1.76e-05	-6.52658e-06
-1.6e-06	-1.76e-05	-8.26866e-07
0	-1.76e-05	5.21859e-06
1.6e-06	-1.76e-05	1.10069e-05
3.2e-06	-1.76e-05	1.59533e-05
4.8e-06	-1.76e-05	1.96194e-05
6.4e-06	-1.76e-05	2.18128e-05
8e-06	-1.76e-05	2.26065e-05
9.6e-06	-1.76e-05	2.22575e-05
1.12e-05	-1.76e-05	2.10779e-05
1.28e-05	-1.76e-05	1.93391e-05
1.44e-05	-1.76e-05	1.72388e-05
1.6e-05	-1.76e-05	1.49088e-05
1.76e-05	-1.76e-05	1.24409e-05
1.92e-05	-1.76e-05	9.91612e-06
2.08e-05	-1.76e-05	7.43401e-06
2.24e-05	-1.76e-05	5.1363e-06
2.4e-05	-1.76e-05	3.20295e-06
2.56e-05	-1.76e-05	1.78545e-06
2.72e-05	-1.76e-05	8.94548e-07
2.88e-05	-1.76e-05	4.03263e-07
3.04e-05	-1.76e-05	1.51711e-07

-3.04e-05	-1.92e-05	-1.02889e-07
-2.88e-05	-1.92e-05	-2.57406e-07
-2.72e-05	-1.92e-05	-5.01065e-07
-2.56e-05	-1.92e-05	-8.6451e-07
-2.4e-05	-1.92e-05	-1.34587e-06
-2.24e-05	-1.92e-05	-1.91477e-06
-2.08e-05	-1.92e-05	-2.5318e-06
-1.92e-05	-1.92e-05	-3.16209e-06
-1.76e-05	-1.92e-05	-3.77753e-06
-1.6e-05	-1.92e-05	-4.35244e-06
-1.44e-05	-1.92e-05	-4.85671e-06
-1.28e-05	-1.92e-05	-5.24896e-06
-1.12e-05	-1.92e-05	-5.47205e-06
-9.6e-06	-1.92e-05	-5.45446e-06
-8e-06	-1.92e-05	-5.12177e-06
-6.4e-06	-1.92e-05	-4.41794e-06
-4.8e-06	-1.92e-05	-3.32848e-06
-3.2e-06	-1.92e-05	-1.8953e-06
-1.6e-06	-1.92e-05	-2.18438e-07
0	-1.92e-05	1.55489e-06
1.6e-06	-1.92e-05	3.25256e-06
3.2e-06	-1.92e-05	4.70904e-06
4.8e-06	-1.92e-05	5.80015e-06
6.4e-06	-1.92e-05	6.46918e-06
8e-06	-1.92e-05	6.73152e-06
9.6e-06	-1.92e-05	6.65422e-06
1.12e-05	-1.92e-05	6.32309e-06
1.28e-05	-1.92e-05	5.81662e-06
1.44e-05	-1.92e-05	5.19478e-06
1.6e-05	-1.92e-05	4.49958e-06
1.76e-05	-1.92e-05	3.76151e-06
1.92e-05	-1.92e-05	3.00775e-06
2.08e-05	-1.92e-05	2.27015e-06
2.24e-05	-1.92e-05	1.59055e-06
2.4e-05	-1.92e-05	1.0177e-06
2.56e-05	-1.92e-05	5.89641e-07
2.72e-05	-1.92e-05	3.09729e-07
2.88e-05	-1.92e-05	1.46897e-07
3.04e-05	-1.92e-05	5.84031e-08

-3.04e-05	-2.08e-05	-3.447e-08
-2.88e-05	-2.08e-05	-8.61611e-08
-2.72e-05	-2.08e-05	-1.62752e-07
-2.56e-05	-2.08e-05	-2.72742e-07
-2.4e-05	-2.08e-05	-4.15946e-07
-2.24e-05	-2.08e-05	-5.84635e-07
-2.08e-05	-2.08e-05	-7.68047e-07
-1.92e-05	-2.08e-05	-9.55929e-07
-1.76e-05	-2.08e-05	-1.13946e-06
-1.6e-05	-2.08e-05	-1.31027e-06
-1.44e-05	-2.08e-05	-1.45865e-06
-1.28e-05	-2.08e-05	-1.57174e-06
-1.12e-05	-2.08e-05	-1.63248e-06
-9.6e-06	-2.08e-05	-1.62033e-06
-8e-06	-2.08e-05	-1.51469e-06
-6.4e-06	-2.08e-05	-1.30061e-06
-4.8e-06	-2.08e-05	-9.75044e-07
-3.2e-06	-2.08e-05	-5.50832e-07
-1.6e-06	-2.08e-05	-5.72076e-08
0	-2.08e-05	4.63402e-07
1.6e-06	-2.08e-05	9.61834e-07
3.2e-06	-2.08e-05	1.3911e-06
4.8e-06	-2.08e-05	1.71587e-06
6.4e-06	-2.08e-05	1.91937e-06
8e-06	-2.08e-05	2.00456e-06
9.6e-06	-2.08e-05	1.98896e-06
1.12e-05	-2.08e-05	1.8962e-06
1.28e-05	-2.08e-05	1.74887e-06
1.44e-05	-2.08e-05	1.56502e-06
1.6e-05	-2.08e-05	1.35787e-06
1.76e-05	-2.08e-05	1.13741e-06
1.92e-05	-2.08e-05	9.12537e-07
2.08e-05	-2.08e-05	6.93287e-07
2.24e-05	-2.08e-05	4.91914e-07
2.4e-05	-2.08e-05	3.21696e-07
2.56e-05	-2.08e-05	1.92432e-07
2.72e-05	-2.08e-05	1.05138e-07
2.88e-05	-2.08e-05	5.2055e-08
3.04e-05	-2.08e-05	2.17106e-08

-3.04e-05	-2.24e-05	-1.12429e-08
-2.88e-05	-2.24e-05	-2.83591e-08
-2.72e-05	-2.24e-05	-5.23595e-08
-2.56e-05	-2.24e-05	-8.56835e-08
-2.4e-05	-2.24e-05	-1.28388e-07
-2.24e-05	-2.24e-05	-1.78485e-07
-2.08e-05	-2.24e-05	-2.33019e-07
-1.92e-05	-2.24e-05	-2.8899e-07
-1.76e-05	-2.24e-05	-3.43658e-07
-1.6e-05	-2.24e-05	-3.94339e-07
-1.44e-05	-2.24e-05	-4.3794e-07
-1.28e-05	-2.24e-05	-4.70493e-07
-1.12e-05	-2.24e-05	-4.8693e-07
-9.6e-06	-2.24e-05	-4.81362e-07
-8e-06	-2.24e-05	-4.48068e-07
-6.4e-06	-2.24e-05	-3.83074e-07
-4.8e-06	-2.24e-05	-2.85813e-07
-3.2e-06	-2.24e-05	-1.60213e-07
-1.6e-06	-2.24e-05	-1.48161e-08
0	-2.24e-05	1.38149e-07
1.6e-06	-2.24e-05	2.84627e-07
3.2e-06	-2.24e-05	4.1125e-07
4.8e-06	-2.24e-05	5.07926e-07
6.4e-06	-2.24e-05	5.69682e-07
8e-06	-2.24e-05	5.96982e-07
9.6e-06	-2.24e-05	5.9441e-07
1.12e-05	-2.24e-05	5.68474e-07
1.28e-05	-2.24e-05	5.25663e-07
1.44e-05	-2.24e-05	4.71376e-07
1.6e-05	-2.24e-05	4.09735e-07
1.76e-05	-2.24e-05	3.43951e-07
1.92e-05	-2.24e-05	2.76907e-07
2.08e-05	-2.24e-05	2.11713e-07
2.24e-05	-2.24e-05	1.51949e-07
2.4e-05	-2.24e-05	1.01261e-07
2.56e-05	-2.24e-05	6.2226e-08
2.72e-05	-2.24e-05	3.51483e-08
2.88e-05	-2.24e-05	1.80555e-08
3.04e-05	-2.24e-05	7.85241e-09

-3.04e-05	-2.4e-05	-3.58537e-09
-2.88e-05	-2.4e-05	-9.20732e-09
-2.72e-05	-2.4e-05	-1.67129e-08
-2.56e-05	-2.4e-05	-2.68204e-08
-2.4e-05	-2.4e-05	-3.95806e-08
-2.24e-05	-2.4e-05	-5.44786e-08
-2.08e-05	-2.4e-05	-7.06985e-08
-1.92e-05	-2.4e-05	-8.73634e-08
-1.76e-05	-2.4e-05	-1.0363e-07
-1.6e-05	-2.4e-05	-1.18649e-07
-1.44e-05	-2.4e-05	-1.31445e-07
-1.28e-05	-2.4e-05	-1.40801e-07
-1.12e-05	-2.4e-05	-1.45218e-07
-9.6e-06	-2.4e-05	-1.43007e-07
-8e-06	-2.4e-05	-1.3258e-07
-6.4e-06	-2.4e-05	-1.12879e-07
-4.8e-06	-2.4e-05	-8.38314e-08
-3.2e-06	-2.4e-05	-4.66332e-08
-1.6e-06	-2.4e-05	-3.78155e-09
0	-2.4e-05	4.11977e-08
1.6e-06	-2.4e-05	8.42828e-08
3.2e-06	-2.4e-05	1.21661e-07
4.8e-06	-2.4e-05	1.5044e-07
6.4e-06	-2.4e-05	1.69145e-07
8e-06	-2.4e-05	1.77804e-07
9.6e-06	-2.4e-05	1.77619e-07
1.12e-05	-2.4e-05	1.70383e-07
1.28e-05	-2.4e-05	1.57955e-07
1.44e-05	-2.4e-05	1.41944e-07
1.6e-05	-2.4e-05	1.23623e-07
1.76e-05	-2.4e-05	1.04013e-07
1.92e-05	-2.4e-05	8.40341e-08
2.08e-05	-2.4e-05	6.46423e-08
2.24e-05	-2.4e-05	4.68819e-08
2.4e-05	-2.4e-05	3.17629e-08
2.56e-05	-2.4e-05	1.99748e-08
2.72e-05	-2.4e-05	1.16092e-08
2.88e-05	-2.4e-05	6.15697e-09
3.04e-05	-2.4e-05	2.77842e-09

-3.04e-05	-2.56e-05	-1.12118e-09
-2.88e-05	-2.56e-05	-2.95536e-09
-2.72e-05	-2.56e-05	-5.29933e-09
-2.56e-05	-2.56e-05	-8.36816e-09
-2.4e-05	-2.56e-05	-1.21873e-08
-2.24e-05	-2.56e-05	-1.66228e-08
-2.08e-05	-2.56e-05	-2.14483e-08
-1.92e-05	-2.56e-05	-2.64077e-08
-1.76e-05	-2.56e-05	-3.12434e-08
-1.6e-05	-2.56e-05	-3.56887e-08
-1.44e-05	-2.56e-05	-3.94391e-08
-1.28e-05	-2.56e-05	-4.21246e-08
-1.12e-05	-2.56e-05	-4.33015e-08
-9.6e-06	-2.56e-05	-4.24862e-08
-8e-06	-2.56e-05	-3.92372e-08
-6.4e-06	-2.56e-05	-3.32747e-08
-4.8e-06	-2.56e-05	-2.46018e-08
-3.2e-06	-2.56e-05	-1.35824e-08
-1.6e-06	-2.56e-05	-9.46438e-10
0	-2.56e-05	1.22891e-08
1.6e-06	-2.56e-05	2.49719e-08
3.2e-06	-2.56e-05	3.60125e-08
4.8e-06	-2.56e-05	4.45797e-08
6.4e-06	-2.56e-05	5.02352e-08
8e-06	-2.56e-05	5.296e-08
9.6e-06	-2.56e-05	5.30674e-08
1.12e-05	-2.56e-05	5.10531e-08
1.28e-05	-2.56e-05	4.74491e-08
1.44e-05	-2.56e-05	4.27321e-08
1.6e-05	-2.56e-05	3.72928e-08
1.76e-05	-2.56e-05	3.14528e-08
1.92e-05	-2.56e-05	2.55016e-08
2.08e-05	-2.56e-05	1.97319e-08
2.24e-05	-2.56e-05	1.44484e-08
2.4e-05	-2.56e-05	9.933e-09
2.56e-05	-2.56e-05	6.37332e-09
2.72e-05	-2.56e-05	3.79684e-09
2.88e-05	-2.56e-05	2.0705e-09
3.04e-05	-2.56e-05	9.65363e-10

-3.04e-05	-2.72e-05	-3.44275e-10
-2.88e-05	-2.72e-05	-9.38843e-10
-2.72e-05	-2.72e-05	-1.66965e-09
-2.56e-05	-2.72e-05	-2.60176e-09
-2.4e-05	-2.72e-05	-3.74585e-09
-2.24e-05	-2.72e-05	-5.06705e-09
-2.08e-05	-2.72e-05	-6.50229e-09
-1.92e-05	-2.72e-05	-7.9768e-09
-1.76e-05	-2.72e-05	-9.41231e-09
-1.6e-05	-2.72e-05	-1.07259e-08
-1.44e-05	-2.72e-05	-1.18234e-08
-1.28e-05	-2.72e-05	-1.25927e-08
-1.12e-05	-2.72e-05	-1.2903e-08
-9.6e-06	-2.72e-05	-1.26159e-08
-8e-06	-2.72e-05	-1.16087e-08
-6.4e-06	-2.72e-05	-9.80743e-09
-4.8e-06	-2.72e-05	-7.21999e-09
-3.2e-06	-2.72e-05	-3.95659e-09
-1.6e-06	-2.72e-05	-2.305e-10
0	-2.72e-05	3.66484e-09
1.6e-06	-2.72e-05	7.39907e-09
3.2e-06	-2.72e-05	1.06603e-08
4.8e-06	-2.72e-05	1.32093e-08
6.4e-06	-2.72e-05	1.49159e-08
8e-06	-2.72e-05	1.57671e-08
9.6e-06	-2.72e-05	1.58447e-08
1.12e-05	-2.72e-05	1.52855e-08
1.28e-05	-2.72e-05	1.42417e-08
1.44e-05	-2.72e-05	1.28541e-08
1.6e-05	-2.72e-05	1.12417e-08
1.76e-05	-2.72e-05	9.50486e-09
1.92e-05	-2.72e-05	7.73384e-09
2.08e-05	-2.72e-05	6.01764e-09
2.24e-05	-2.72e-05	4.44527e-09
2.4e-05	-2.72e-05	3.09612e-09
2.56e-05	-2.72e-05	2.02183e-09
2.72e-05	-2.72e-05	1.23062e-09
2.88e-05	-2.72e-05	6.87282e-10
3.04e-05	-2.72e-05	3.29149e-10

-3.04e-05	-2.88e-05	-1.03248e-10
-2.88e-05	-2.88e-05	-2.9352e-10
-2.72e-05	-2.88e-05	-5.19487e-10
-2.56e-05	-2.88e-05	-8.00874e-10
-2.4e-05	-2.88e-05	-1.14173e-09
-2.24e-05	-2.88e-05	-1.53304e-09
-2.08e-05	-2.88e-05	-1.95725e-09
-1.92e-05	-2.88e-05	-2.39267e-09
-1.76e-05	-2.88e-05	-2.81575e-09
-1.6e-05	-2.88e-05	-3.20112e-09
-1.44e-05	-2.88e-05	-3.52e-09
-1.28e-05	-2.88e-05	-3.73878e-09
-1.12e-05	-2.88e-05	-3.8193e-09
-9.6e-06	-2.88e-05	-3.72212e-09
-8e-06	-2.88e-05	-3.41328e-09
-6.4e-06	-2.88e-05	-2.87346e-09
-4.8e-06	-2.88e-05	-2.10675e-09
-3.2e-06	-2.88e-05	-1.14625e-09
-1.6e-06	-2.88e-05	-5.39073e-11
0	-2.88e-05	1.08605e-09
1.6e-06	-2.88e-05	2.17934e-09
3.2e-06	-2.88e-05	3.13705e-09
4.8e-06	-2.88e-05	3.8905e-09
6.4e-06	-2.88e-05	4.40137e-09
8e-06	-2.88e-05	4.66392e-09
9.6e-06	-2.88e-05	4.69934e-09
1.12e-05	-2.88e-05	4.54527e-09
1.28e-05	-2.88e-05	4.24498e-09
1.44e-05	-2.88e-05	3.83966e-09
1.6e-05	-2.88e-05	3.36519e-09
1.76e-05	-2.88e-05	2.85234e-09
1.92e-05	-2.88e-05	2.32889e-09
2.08e-05	-2.88e-05	1.82162e-09
2.24e-05	-2.88e-05	1.3564e-09
2.4e-05	-2.88e-05	9.5563e-10
2.56e-05	-2.88e-05	6.33554e-10
2.72e-05	-2.88e-05	3.92451e-10
2.88e-05	-2.88e-05	2.22379e-10
3.04e-05	-2.88e-05	1.05279e-10

-3.04e-05	-3.04e-05	-2.81362e-11
-2.88e-05	-3.04e-05	-8.37849e-11
-2.72e-05	-3.04e-05	-1.48011e-10
-2.56e-05	-3.04e-05	-2.26421e-10
-2.4e-05	-3.04e-05	-3.2035e-10
-2.24e-05	-3.04e-05	-4.27611e-10
-2.08e-05	-3.04e-05	-5.43643e-10
-1.92e-05	-3.04e-05	-6.62596e-10
-1.76e-05	-3.04e-05	-7.77959e-10
-1.6e-05	-3.04e-05	-8.82603e-10
-1.44e-05	-3.04e-05	-9.6847e-10
-1.28e-05	-3.04e-05	-1.02629e-09
-1.12e-05	-3.04e-05	-1.04572e-09
-9.6e-06	-3.04e-05	-1.01634e-09
-8e-06	-3.04e-05	-9.29368e-10
-6.4e-06	-3.04e-05	-7.80072e-10
-4.8e-06	-3.04e-05	-5.69968e-10
-3.2e-06	-3.04e-05	-3.08209e-10
-1.6e-06	-3.04e-05	-1.14858e-11
0	-3.04e-05	2.97731e-10
1.6e-06	-3.04e-05	5.94404e-10
3.2e-06	-3.04e-05	8.54935e-10
4.8e-06	-3.04e-05	1.061e-09
6.4e-06	-3.04e-05	1.20214e-09
8e-06	-3.04e-05	1.27639e-09
9.6e-06	-3.04e-05	1.28889e-09
1.12e-05	-3.04e-05	1.24934e-09
1.28e-05	-3.04e-05	1.16915e-09
1.44e-05	-3.04e-05	1.05949e-09
1.6e-05	-3.04e-05	9.303e-10
1.76e-05	-3.04e-05	7.90234e-10
1.92e-05	-3.04e-05	6.47116e-10
2.08e-05	-3.04e-05	5.08365e-10
2.24e-05	-3.04e-05	3.80973e-10
2.4e-05	-3.04e-05	2.70829e-10
2.56e-05	-3.04e-05	1.81561e-10
2.72e-05	-3.04e-05	1.13381e-10
2.88e-05	-3.04e-05	6.15592e-11
3.04e-05	-3.04e-05	9.31926e-12
