-3.6e-05	-3.6e-05	2.05036e-16
-3.42e-05	-3.6e-05	2.52077e-16
-3.24e-05	-3.6e-05	1.8759e-16
-3.06e-05	-3.6e-05	2.67146e-17
-2.88e-05	-3.6e-05	3.05465e-16
-2.7e-05	-3.6e-05	-2.65196e-17
-2.52e-05	-3.6e-05	2.94383e-17
-2.34e-05	-3.6e-05	-7.24912e-19
-2.16e-05	-3.6e-05	-5.27611e-19
-1.98e-05	-3.6e-05	1.91036e-17
-1.8e-05	-3.6e-05	-7.43753e-17
-1.62e-05	-3.6e-05	2.29834e-17
-1.44e-05	-3.6e-05	-6.97162e-17
-1.26e-05	-3.6e-05	1.90286e-17
-1.08e-05	-3.6e-05	-5.64799e-17
-9e-06	-3.6e-05	5.06827e-17
-7.2e-06	-3.6e-05	-3.33039e-17
-5.4e-06	-3.6e-05	-1.69735e-17
-3.6e-06	-3.6e-05	1.06074e-17
-1.8e-06	-3.6e-05	-1.65424e-17
0	-3.6e-05	4.69229e-17
1.8e-06	-3.6e-05	1.18666e-17
3.6e-06	-3.6e-05	7.85367e-17
5.4e-06	-3.6e-05	-1.9729e-17
7.2e-06	-3.6e-05	3.56644e-17
9e-06	-3.6e-05	2.95844e-17
1.08e-05	-3.6e-05	2.03324e-17
1.26e-05	-3.6e-05	7.36475e-17
1.44e-05	-3.6e-05	-1.28275e-17
1.62e-05	-3.6e-05	2.74504e-17
1.8e-05	-3.6e-05	-2.00167e-17
1.98e-05	-3.6e-05	-5.34218e-17
2.16e-05	-3.6e-05	-3.83301e-17
2.34e-05	-3.6e-05	1.65666e-16
2.52e-05	-3.6e-05	3.75865e-17
2.7e-05	-3.6e-05	-1.94014e-16
2.88e-05	-3.6e-05	1.3464e-16
3.06e-05	-3.6e-05	-2.17583e-17
3.24e-05	-3.6e-05	-1.23232e-16
3.42e-05	-3.6e-05	1.45235e-16
-3.6e-05	-3.42e-05	4.42472e-17
-3.42e-05	-3.42e-05	1.16659e-16
-3.24e-05	-3.42e-05	-1.97228e-16
-3.06e-05	-3.42e-05	8.8586e-17
-2.88e-05	-3.42e-05	-8.82437e-17
-2.7e-05	-3.42e-05	1.41017e-16
-2.52e-05	-3.42e-05	-5.02321e-17
-2.34e-05	-3.42e-05	1.75738e-16
-2.16e-05	-3.42e-05	-1.84867e-16
-1.98e-05	-3.42e-05	-1.12726e-16
-1.8e-05	-3.42e-05	-5.68483e-17
-1.62e-05	-3.42e-05	-3.91575e-17
-1.44e-05	-3.42e-05	1.30747e-16
-1.26e-05	-3.42e-05	3.59308e-16
-1.08e-05	-3.42e-05	1.93646e-16
-9e-06	-3.42e-05	8.08574e-17
-7.2e-06	-3.42e-05	1.14021e-17
-5.4e-06	-3.42e-05	5.26037e-17
-3.6e-06	-3.42e-05	2.06946e-16
-1.8e-06	-3.42e-05	-9.19255e-17
0	-3.42e-05	-1.06635e-17
1.8e-06	-3.42e-05	9.62827e-17
3.6e-06	-3.42e-05	8.28755e-18
5.4e-06	-3.42e-05	8.39099e-17
7.2e-06	-3.42e-05	5.09005e-17
9e-06	-3.42e-05	7.31738e-17
1.08e-05	-3.42e-05	3.82378e-17
1.26e-05	-3.42e-05	-4.04467e-19
1.44e-05	-3.42e-05	1.42413e-16
1.62e-05	-3.42e-05	5.20531e-17
1.8e-05	-3.42e-05	1.94711e-16
1.98e-05	-3.42e-05	-1.35321e-16
2.16e-05	-3.42e-05	1.62484e-17
2.34e-05	-3.42e-05	1.84395e-16
2.52e-05	-3.42e-05	1.41485e-16
2.7e-05	-3.42e-05	1.94257e-16
2.88e-05	-3.42e-05	-7.41049e-18
3.06e-05	-3.42e-05	2.6162e-16
3.24e-05	-3.42e-05	-6.54227e-17
3.42e-05	-3.42e-05	-1.37757e-17
-3.6e-05	-3.24e-05	1.56576e-16
-3.42e-05	-3.24e-05	-4.6844e-17
-3.24e-05	-3.24e-05	4.40617e-17
-3.06e-05	-3.24e-05	7.43259e-17
-2.88e-05	-3.24e-05	-1.00373e-16
-2.7e-05	-3.24e-05	1.5954e-17
-2.52e-05	-3.24e-05	1.03456e-16
-2.34e-05	-3.24e-05	6.24788e-17
-2.16e-05	-3.24e-05	3.72445e-17
-1.98e-05	-3.24e-05	1.58748e-16
-1.8e-05	-3.24e-05	-8.14952e-17
-1.62e-05	-3.24e-05	-6.90455e-17
-1.44e-05	-3.24e-05	6.20482e-17
-1.26e-05	-3.24e-05	-2.22063e-18
-1.08e-05	-3.24e-05	4.53107e-17
-9e-06	-3.24e-05	3.11188e-18
-7.2e-06	-3.24e-05	-1.17081e-16
-5.4e-06	-3.24e-05	-7.06792e-17
-3.6e-06	-3.24e-05	-2.49828e-16
-1.8e-06	-3.24e-05	-2.24328e-16
0	-3.24e-05	4.15232e-17
1.8e-06	-3.24e-05	-2.33249e-16
3.6e-06	-3.24e-05	-1.26404e-16
5.4e-06	-3.24e-05	2.57996e-16
7.2e-06	-3.24e-05	2.02027e-16
9e-06	-3.24e-05	-8.93539e-16
1.08e-05	-3.24e-05	-7.20693e-17
1.26e-05	-3.24e-05	-4.6685e-16
1.44e-05	-3.24e-05	-2.87799e-16
1.62e-05	-3.24e-05	3.255e-16
1.8e-05	-3.24e-05	-2.88916e-16
1.98e-05	-3.24e-05	4.86692e-16
2.16e-05	-3.24e-05	8.99268e-17
2.34e-05	-3.24e-05	-2.72673e-16
2.52e-05	-3.24e-05	2.02854e-16
2.7e-05	-3.24e-05	-1.34808e-16
2.88e-05	-3.24e-05	-3.15538e-17
3.06e-05	-3.24e-05	-2.75407e-16
3.24e-05	-3.24e-05	1.97623e-16
3.42e-05	-3.24e-05	-2.694e-16
-3.6e-05	-3.06e-05	-2.95381e-17
-3.42e-05	-3.06e-05	2.89907e-17
-3.24e-05	-3.06e-05	-2.34993e-16
-3.06e-05	-3.06e-05	-1.25487e-16
-2.88e-05	-3.06e-05	-9.32885e-17
-2.7e-05	-3.06e-05	3.96279e-17
-2.52e-05	-3.06e-05	1.36056e-16
-2.34e-05	-3.06e-05	1.54789e-16
-2.16e-05	-3.06e-05	-1.158e-17
-1.98e-05	-3.06e-05	4.0707e-17
-1.8e-05	-3.06e-05	-4.35571e-17
-1.62e-05	-3.06e-05	8.12349e-18
-1.44e-05	-3.06e-05	-6.79989e-17
-1.26e-05	-3.06e-05	5.04629e-17
-1.08e-05	-3.06e-05	-1.06694e-16
-9e-06	-3.06e-05	6.40233e-17
-7.2e-06	-3.06e-05	-4.34283e-17
-5.4e-06	-3.06e-05	1.34204e-16
-3.6e-06	-3.06e-05	-4.67423e-17
-1.8e-06	-3.06e-05	6.40483e-17
0	-3.06e-05	4.41358e-18
1.8e-06	-3.06e-05	1.54536e-16
3.6e-06	-3.06e-05	-2.83032e-17
5.4e-06	-3.06e-05	1.14223e-16
7.2e-06	-3.06e-05	2.56707e-17
9e-06	-3.06e-05	9.72493e-17
1.08e-05	-3.06e-05	6.08135e-17
1.26e-05	-3.06e-05	1.16857e-17
1.44e-05	-3.06e-05	1.01768e-16
1.62e-05	-3.06e-05	-3.22206e-19
1.8e-05	-3.06e-05	-1.03115e-17
1.98e-05	-3.06e-05	1.37944e-16
2.16e-05	-3.06e-05	1.57046e-17
2.34e-05	-3.06e-05	9.39893e-17
2.52e-05	-3.06e-05	-5.01604e-17
2.7e-05	-3.06e-05	1.12549e-16
2.88e-05	-3.06e-05	6.67371e-17
3.06e-05	-3.06e-05	2.69231e-17
3.24e-05	-3.06e-05	-4.76161e-17
3.42e-05	-3.06e-05	-1.64005e-16
-3.6e-05	-2.88e-05	9.1463e-17
-3.42e-05	-2.88e-05	-1.44992e-16
-3.24e-05	-2.88e-05	-1.09243e-16
-3.06e-05	-2.88e-05	-1.02257e-16
-2.88e-05	-2.88e-05	4.72782e-17
-2.7e-05	-2.88e-05	1.6058e-16
-2.52e-05	-2.88e-05	6.85327e-17
-2.34e-05	-2.88e-05	1.9427e-17
-2.16e-05	-2.88e-05	5.57453e-17
-1.98e-05	-2.88e-05	-4.99856e-17
-1.8e-05	-2.88e-05	-7.10375e-17
-1.62e-05	-2.88e-05	-3.92998e-17
-1.44e-05	-2.88e-05	-1.00124e-17
-1.26e-05	-2.88e-05	-2.92972e-17
-1.08e-05	-2.88e-05	2.48892e-17
-9e-06	-2.88e-05	3.82894e-17
-7.2e-06	-2.88e-05	4.84337e-17
-5.4e-06	-2.88e-05	1.6389e-17
-3.6e-06	-2.88e-05	8.48376e-17
-1.8e-06	-2.88e-05	-2.32142e-17
0	-2.88e-05	9.68828e-17
1.8e-06	-2.88e-05	1.11749e-17
3.6e-06	-2.88e-05	5.70506e-17
5.4e-06	-2.88e-05	5.0482e-17
7.2e-06	-2.88e-05	2.8234e-17
9e-06	-2.88e-05	1.2593e-16
1.08e-05	-2.88e-05	4.22141e-17
1.26e-05	-2.88e-05	6.57616e-17
1.44e-05	-2.88e-05	1.07668e-16
1.62e-05	-2.88e-05	1.00026e-17
1.8e-05	-2.88e-05	6.31823e-17
1.98e-05	-2.88e-05	-1.26643e-16
2.16e-05	-2.88e-05	1.3629e-16
2.34e-05	-2.88e-05	-4.21034e-17
2.52e-05	-2.88e-05	9.06996e-17
2.7e-05	-2.88e-05	4.05332e-17
2.88e-05	-2.88e-05	1.3108e-16
3.06e-05	-2.88e-05	2.48452e-17
3.24e-05	-2.88e-05	1.60884e-17
3.42e-05	-2.88e-05	9.93079e-17
-3.6e-05	-2.7e-05	-8.63975e-17
-3.42e-05	-2.7e-05	-5.9404e-17
-3.24e-05	-2.7e-05	2.38354e-17
-3.06e-05	-2.7e-05	4.15523e-17
-2.88e-05	-2.7e-05	1.3094e-16
-2.7e-05	-2.7e-05	8.16631e-17
-2.52e-05	-2.7e-05	2.15321e-17
-2.34e-05	-2.7e-05	1.08569e-16
-2.16e-05	-2.7e-05	-9.65482e-17
-1.98e-05	-2.7e-05	-1.49579e-16
-1.8e-05	-2.7e-05	-3.58239e-17
-1.62e-05	-2.7e-05	-2.51493e-17
-1.44e-05	-2.7e-05	-2.77363e-18
-1.26e-05	-2.7e-05	-6.74182e-17
-1.08e-05	-2.7e-05	3.71396e-17
-9e-06	-2.7e-05	-8.76312e-17
-7.2e-06	-2.7e-05	9.40998e-17
-5.4e-06	-2.7e-05	4.75937e-17
-3.6e-06	-2.7e-05	5.37822e-17
-1.8e-06	-2.7e-05	4.15688e-17
0	-2.7e-05	2.66553e-17
1.8e-06	-2.7e-05	3.79873e-17
3.6e-06	-2.7e-05	2.317e-17
5.4e-06	-2.7e-05	1.76349e-17
7.2e-06	-2.7e-05	1.53709e-16
9e-06	-2.7e-05	3.19561e-17
1.08e-05	-2.7e-05	1.01879e-16
1.26e-05	-2.7e-05	6.27502e-17
1.44e-05	-2.7e-05	-1.00337e-17
1.62e-05	-2.7e-05	1.42423e-16
1.8e-05	-2.7e-05	-9.72808e-17
1.98e-05	-2.7e-05	5.65658e-17
2.16e-05	-2.7e-05	-1.70442e-16
2.34e-05	-2.7e-05	9.67386e-17
2.52e-05	-2.7e-05	-6.4439e-18
2.7e-05	-2.7e-05	7.37272e-17
2.88e-05	-2.7e-05	7.53286e-17
3.06e-05	-2.7e-05	4.20282e-17
3.24e-05	-2.7e-05	1.39468e-16
3.42e-05	-2.7e-05	1.49981e-16
-3.6e-05	-2.52e-05	-2.43175e-17
-3.42e-05	-2.52e-05	1.73044e-16
-3.24e-05	-2.52e-05	1.14628e-16
-3.06e-05	-2.52e-05	1.53669e-16
-2.88e-05	-2.52e-05	1.28459e-16
-2.7e-05	-2.52e-05	2.06644e-17
-2.52e-05	-2.52e-05	6.26687e-17
-2.34e-05	-2.52e-05	-8.07732e-17
-2.16e-05	-2.52e-05	-1.31051e-16
-1.98e-05	-2.52e-05	-1.55954e-17
-1.8e-05	-2.52e-05	-6.22929e-17
-1.62e-05	-2.52e-05	-4.20579e-17
-1.44e-05	-2.52e-05	-4.763e-17
-1.26e-05	-2.52e-05	-7.77569e-17
-1.08e-05	-2.52e-05	-4.19322e-17
-9e-06	-2.52e-05	3.62428e-17
-7.2e-06	-2.52e-05	-1.33681e-17
-5.4e-06	-2.52e-05	4.58457e-17
-3.6e-06	-2.52e-05	-4.60148e-17
-1.8e-06	-2.52e-05	4.95382e-17
0	-2.52e-05	2.55462e-17
1.8e-06	-2.52e-05	6.12148e-17
3.6e-06	-2.52e-05	-3.0454e-18
5.4e-06	-2.52e-05	2.91124e-17
7.2e-06	-2.52e-05	5.65183e-17
9e-06	-2.52e-05	4.40283e-17
1.08e-05	-2.52e-05	1.41953e-16
1.26e-05	-2.52e-05	4.02847e-17
1.44e-05	-2.52e-05	4.17311e-17
1.62e-05	-2.52e-05	-9.15319e-19
1.8e-05	-2.52e-05	1.54037e-17
1.98e-05	-2.52e-05	-1.04788e-16
2.16e-05	-2.52e-05	5.53638e-17
2.34e-05	-2.52e-05	-1.97717e-17
2.52e-05	-2.52e-05	4.31848e-17
2.7e-05	-2.52e-05	-5.83142e-17
2.88e-05	-2.52e-05	-1.30094e-17
3.06e-05	-2.52e-05	2.59806e-16
3.24e-05	-2.52e-05	8.374e-17
3.42e-05	-2.52e-05	-8.40574e-17
-3.6e-05	-2.34e-05	2.86479e-16
-3.42e-05	-2.34e-05	2.22707e-16
-3.24e-05	-2.34e-05	6.40358e-17
-3.06e-05	-2.34e-05	5.74791e-17
-2.88e-05	-2.34e-05	2.90035e-17
-2.7e-05	-2.34e-05	-3.79858e-17
-2.52e-05	-2.34e-05	9.81436e-18
-2.34e-05	-2.34e-05	-1.27898e-16
-2.16e-05	-2.34e-05	4.93736e-17
-1.98e-05	-2.34e-05	-1.31627e-16
-1.8e-05	-2.34e-05	-2.33665e-17
-1.62e-05	-2.34e-05	6.22283e-17
-1.44e-05	-2.34e-05	-7.56755e-17
-1.26e-05	-2.34e-05	4.05161e-17
-1.08e-05	-2.34e-05	1.3065e-17
-9e-06	-2.34e-05	-5.0569e-17
-7.2e-06	-2.34e-05	-2.17961e-16
-5.4e-06	-2.34e-05	-4.10926e-16
-3.6e-06	-2.34e-05	-5.59632e-16
-1.8e-06	-2.34e-05	-4.48174e-16
0	-2.34e-05	-2.49712e-16
1.8e-06	-2.34e-05	-6.85467e-17
3.6e-06	-2.34e-05	-2.64463e-17
5.4e-06	-2.34e-05	-9.03113e-19
7.2e-06	-2.34e-05	4.79115e-17
9e-06	-2.34e-05	1.37986e-17
1.08e-05	-2.34e-05	-1.30873e-17
1.26e-05	-2.34e-05	1.50153e-16
1.44e-05	-2.34e-05	3.60592e-17
1.62e-05	-2.34e-05	1.33968e-18
1.8e-05	-2.34e-05	1.06204e-16
1.98e-05	-2.34e-05	-2.04172e-17
2.16e-05	-2.34e-05	-1.18108e-16
2.34e-05	-2.34e-05	4.20233e-17
2.52e-05	-2.34e-05	-4.83266e-17
2.7e-05	-2.34e-05	1.1253e-17
2.88e-05	-2.34e-05	-2.35329e-18
3.06e-05	-2.34e-05	-3.14857e-17
3.24e-05	-2.34e-05	-5.63314e-17
3.42e-05	-2.34e-05	1.77594e-16
-3.6e-05	-2.16e-05	1.60538e-16
-3.42e-05	-2.16e-05	-6.49225e-17
-3.24e-05	-2.16e-05	-1.20198e-16
-3.06e-05	-2.16e-05	-2.17752e-17
-2.88e-05	-2.16e-05	-1.12643e-16
-2.7e-05	-2.16e-05	3.68175e-17
-2.52e-05	-2.16e-05	-1.46787e-16
-2.34e-05	-2.16e-05	-4.55151e-17
-2.16e-05	-2.16e-05	-1.58796e-16
-1.98e-05	-2.16e-05	-7.74563e-17
-1.8e-05	-2.16e-05	1.61879e-18
-1.62e-05	-2.16e-05	-1.85255e-17
-1.44e-05	-2.16e-05	-2.35419e-17
-1.26e-05	-2.16e-05	3.39027e-17
-1.08e-05	-2.16e-05	-1.45605e-16
-9e-06	-2.16e-05	-1.25704e-15
-7.2e-06	-2.16e-05	-6.83703e-15
-5.4e-06	-2.16e-05	-1.5645e-14
-3.6e-06	-2.16e-05	-1.90066e-14
-1.8e-06	-2.16e-05	-1.62297e-14
0	-2.16e-05	-1.0297e-14
1.8e-06	-2.16e-05	-4.93073e-15
3.6e-06	-2.16e-05	-1.65492e-15
5.4e-06	-2.16e-05	-2.35923e-16
7.2e-06	-2.16e-05	-4.37588e-17
9e-06	-2.16e-05	9.17569e-17
1.08e-05	-2.16e-05	-3.61391e-17
1.26e-05	-2.16e-05	1.33737e-16
1.44e-05	-2.16e-05	1.61431e-17
1.62e-05	-2.16e-05	2.12875e-17
1.8e-05	-2.16e-05	2.99722e-17
1.98e-05	-2.16e-05	3.7506e-17
2.16e-05	-2.16e-05	-2.2207e-17
2.34e-05	-2.16e-05	-5.66796e-18
2.52e-05	-2.16e-05	-3.0653e-17
2.7e-05	-2.16e-05	-7.41442e-17
2.88e-05	-2.16e-05	-7.8127e-18
3.06e-05	-2.16e-05	-1.44938e-16
3.24e-05	-2.16e-05	5.18996e-17
3.42e-05	-2.16e-05	5.36235e-17
-3.6e-05	-1.98e-05	-1.27995e-16
-3.42e-05	-1.98e-05	-3.09462e-16
-3.24e-05	-1.98e-05	3.20414e-17
-3.06e-05	-1.98e-05	-8.10459e-17
-2.88e-05	-1.98e-05	3.07764e-17
-2.7e-05	-1.98e-05	-1.71068e-16
-2.52e-05	-1.98e-05	-1.75475e-16
-2.34e-05	-1.98e-05	-1.93191e-16
-2.16e-05	-1.98e-05	-1.52893e-16
-1.98e-05	-1.98e-05	-5.21349e-17
-1.8e-05	-1.98e-05	-7.57786e-17
-1.62e-05	-1.98e-05	-9.1719e-17
-1.44e-05	-1.98e-05	-2.86383e-17
-1.26e-05	-1.98e-05	-3.9383e-16
-1.08e-05	-1.98e-05	-4.55283e-15
-9e-06	-1.98e-05	-4.1297e-14
-7.2e-06	-1.98e-05	-2.35227e-13
-5.4e-06	-1.98e-05	-5.41555e-13
-3.6e-06	-1.98e-05	-6.57769e-13
-1.8e-06	-1.98e-05	-5.58652e-13
0	-1.98e-05	-3.54176e-13
1.8e-06	-1.98e-05	-1.67215e-13
3.6e-06	-1.98e-05	-5.36496e-14
5.4e-06	-1.98e-05	-8.66928e-15
7.2e-06	-1.98e-05	-8.78009e-16
9e-06	-1.98e-05	-8.42362e-17
1.08e-05	-1.98e-05	1.03234e-16
1.26e-05	-1.98e-05	2.93166e-17
1.44e-05	-1.98e-05	1.07485e-16
1.62e-05	-1.98e-05	-1.44762e-19
1.8e-05	-1.98e-05	5.38489e-17
1.98e-05	-1.98e-05	2.18722e-17
2.16e-05	-1.98e-05	-5.97922e-17
2.34e-05	-1.98e-05	-7.33567e-17
2.52e-05	-1.98e-05	3.58133e-17
2.7e-05	-1.98e-05	-4.94575e-17
2.88e-05	-1.98e-05	-6.82085e-17
3.06e-05	-1.98e-05	7.43691e-17
3.24e-05	-1.98e-05	-4.40833e-17
3.42e-05	-1.98e-05	-6.16429e-17
-3.6e-05	-1.8e-05	-2.17193e-16
-3.42e-05	-1.8e-05	3.00779e-17
-3.24e-05	-1.8e-05	-5.49819e-17
-3.06e-05	-1.8e-05	6.16629e-18
-2.88e-05	-1.8e-05	-1.61132e-16
-2.7e-05	-1.8e-05	-1.66766e-16
-2.52e-05	-1.8e-05	-1.45074e-16
-2.34e-05	-1.8e-05	-3.46624e-17
-2.16e-05	-1.8e-05	1.69109e-17
-1.98e-05	-1.8e-05	-2.81274e-17
-1.8e-05	-1.8e-05	2.30953e-17
-1.62e-05	-1.8e-05	-1.01724e-16
-1.44e-05	-1.8e-05	-7.06291e-16
-1.26e-05	-1.8e-05	-1.03861e-14
-1.08e-05	-1.8e-05	-1.30205e-13
-9e-06	-1.8e-05	-1.26308e-12
-7.2e-06	-1.8e-05	-7.9618e-12
-5.4e-06	-1.8e-05	-1.87705e-11
-3.6e-06	-1.8e-05	-2.27845e-11
-1.8e-06	-1.8e-05	-1.9269e-11
0	-1.8e-05	-1.21332e-11
1.8e-06	-1.8e-05	-5.6609e-12
3.6e-06	-1.8e-05	-1.77135e-12
5.4e-06	-1.8e-05	-2.60054e-13
7.2e-06	-1.8e-05	-2.57371e-14
9e-06	-1.8e-05	-1.83334e-15
1.08e-05	-1.8e-05	-1.30018e-16
1.26e-05	-1.8e-05	7.46804e-17
1.44e-05	-1.8e-05	1.50251e-17
1.62e-05	-1.8e-05	6.42614e-18
1.8e-05	-1.8e-05	-8.19736e-17
1.98e-05	-1.8e-05	5.12361e-17
2.16e-05	-1.8e-05	-9.07284e-17
2.34e-05	-1.8e-05	1.50872e-17
2.52e-05	-1.8e-05	-8.69068e-17
2.7e-05	-1.8e-05	2.54706e-17
2.88e-05	-1.8e-05	4.50454e-17
3.06e-05	-1.8e-05	5.91179e-17
3.24e-05	-1.8e-05	-9.57613e-18
3.42e-05	-1.8e-05	-2.4797e-17
-3.6e-05	-1.62e-05	3.138e-18
-3.42e-05	-1.62e-05	4.95292e-17
-3.24e-05	-1.62e-05	-3.83202e-17
-3.06e-05	-1.62e-05	-1.49375e-16
-2.88e-05	-1.62e-05	-1.19884e-16
-2.7e-05	-1.62e-05	-8.05434e-17
-2.52e-05	-1.62e-05	2.9031e-17
-2.34e-05	-1.62e-05	-4.43068e-18
-2.16e-05	-1.62e-05	-5.66046e-17
-1.98e-05	-1.62e-05	1.38778e-18
-1.8e-05	-1.62e-05	-1.37274e-16
-1.62e-05	-1.62e-05	-9.13962e-16
-1.44e-05	-1.62e-05	-1.52161e-14
-1.26e-05	-1.62e-05	-2.48257e-13
-1.08e-05	-1.62e-05	-3.45343e-12
-9e-06	-1.62e-05	-3.77624e-11
-7.2e-06	-1.62e-05	-2.69041e-10
-5.4e-06	-1.62e-05	-6.50772e-10
-3.6e-06	-1.62e-05	-7.89213e-10
-1.8e-06	-1.62e-05	-6.64697e-10
0	-1.62e-05	-4.15592e-10
1.8e-06	-1.62e-05	-1.91628e-10
3.6e-06	-1.62e-05	-5.83899e-11
5.4e-06	-1.62e-05	-7.64382e-12
7.2e-06	-1.62e-05	-6.75357e-13
9e-06	-1.62e-05	-4.7468e-14
1.08e-05	-1.62e-05	-2.72826e-15
1.26e-05	-1.62e-05	-2.73981e-16
1.44e-05	-1.62e-05	-2.09525e-17
1.62e-05	-1.62e-05	-1.53141e-16
1.8e-05	-1.62e-05	-1.11786e-16
1.98e-05	-1.62e-05	-1.86737e-16
2.16e-05	-1.62e-05	4.31828e-17
2.34e-05	-1.62e-05	-8.02768e-17
2.52e-05	-1.62e-05	2.96249e-17
2.7e-05	-1.62e-05	7.2296e-18
2.88e-05	-1.62e-05	-2.88971e-17
3.06e-05	-1.62e-05	1.12506e-17
3.24e-05	-1.62e-05	1.01981e-16
3.42e-05	-1.62e-05	-3.21944e-17
-3.6e-05	-1.44e-05	2.92947e-17
-3.42e-05	-1.44e-05	-4.57114e-17
-3.24e-05	-1.44e-05	-5.94152e-17
-3.06e-05	-1.44e-05	-2.12831e-16
-2.88e-05	-1.44e-05	-2.26564e-16
-2.7e-05	-1.44e-05	-6.04492e-16
-2.52e-05	-1.44e-05	-9.02427e-16
-2.34e-05	-1.44e-05	-1.31282e-15
-2.16e-05	-1.44e-05	-1.38246e-15
-1.98e-05	-1.44e-05	-1.60458e-15
-1.8e-05	-1.44e-05	-2.29154e-15
-1.62e-05	-1.44e-05	-1.66727e-14
-1.44e-05	-1.44e-05	-3.05665e-13
-1.26e-05	-1.44e-05	-5.53979e-12
-1.08e-05	-1.44e-05	-8.73464e-11
-9e-06	-1.44e-05	-1.0984e-09
-7.2e-06	-1.44e-05	-9.07953e-09
-5.4e-06	-1.44e-05	-2.25698e-08
-3.6e-06	-1.44e-05	-2.7339e-08
-1.8e-06	-1.44e-05	-2.29287e-08
0	-1.44e-05	-1.42327e-08
1.8e-06	-1.44e-05	-6.48345e-09
3.6e-06	-1.44e-05	-1.92065e-09
5.4e-06	-1.44e-05	-2.18426e-10
7.2e-06	-1.44e-05	-1.68247e-11
9e-06	-1.44e-05	-1.04504e-12
1.08e-05	-1.44e-05	-5.90588e-14
1.26e-05	-1.44e-05	-5.81629e-15
1.44e-05	-1.44e-05	-3.43518e-15
1.62e-05	-1.44e-05	-3.16818e-15
1.8e-05	-1.44e-05	-3.12535e-15
1.98e-05	-1.44e-05	-2.74237e-15
2.16e-05	-1.44e-05	-2.27831e-15
2.34e-05	-1.44e-05	-1.64893e-15
2.52e-05	-1.44e-05	-1.12754e-15
2.7e-05	-1.44e-05	-4.50768e-16
2.88e-05	-1.44e-05	-1.19681e-16
3.06e-05	-1.44e-05	6.98946e-17
3.24e-05	-1.44e-05	-1.10494e-16
3.42e-05	-1.44e-05	3.2624e-17
-3.6e-05	-1.26e-05	-5.5478e-17
-3.42e-05	-1.26e-05	3.4404e-17
-3.24e-05	-1.26e-05	-3.37318e-16
-3.06e-05	-1.26e-05	-1.40635e-15
-2.88e-05	-1.26e-05	-7.6215e-15
-2.7e-05	-1.26e-05	-1.86403e-14
-2.52e-05	-1.26e-05	-2.99396e-14
-2.34e-05	-1.26e-05	-3.9559e-14
-2.16e-05	-1.26e-05	-4.73284e-14
-1.98e-05	-1.26e-05	-5.32337e-14
-1.8e-05	-1.26e-05	-6.59303e-14
-1.62e-05	-1.26e-05	-2.99585e-13
-1.44e-05	-1.26e-05	-5.53692e-12
-1.26e-05	-1.26e-05	-1.13401e-10
-1.08e-05	-1.26e-05	-2.06648e-09
-9e-06	-1.26e-05	-3.07076e-08
-7.2e-06	-1.26e-05	-3.05982e-07
-5.4e-06	-1.26e-05	-7.83039e-07
-3.6e-06	-1.26e-05	-9.47119e-07
-1.8e-06	-1.26e-05	-7.90915e-07
0	-1.26e-05	-4.87341e-07
1.8e-06	-1.26e-05	-2.19241e-07
3.6e-06	-1.26e-05	-6.30295e-08
5.4e-06	-1.26e-05	-5.99174e-09
7.2e-06	-1.26e-05	-3.91201e-10
9e-06	-1.26e-05	-2.10426e-11
1.08e-05	-1.26e-05	-1.09174e-12
1.26e-05	-1.26e-05	-1.51886e-13
1.44e-05	-1.26e-05	-1.15115e-13
1.62e-05	-1.26e-05	-1.12975e-13
1.8e-05	-1.26e-05	-1.06797e-13
1.98e-05	-1.26e-05	-9.56759e-14
2.16e-05	-1.26e-05	-7.99131e-14
2.34e-05	-1.26e-05	-6.0606e-14
2.52e-05	-1.26e-05	-3.85795e-14
2.7e-05	-1.26e-05	-1.68617e-14
2.88e-05	-1.26e-05	-3.16175e-15
3.06e-05	-1.26e-05	-4.33289e-16
3.24e-05	-1.26e-05	2.17802e-17
3.42e-05	-1.26e-05	3.92657e-17
-3.6e-05	-1.08e-05	5.68637e-17
-3.42e-05	-1.08e-05	-4.90858e-16
-3.24e-05	-1.08e-05	-4.99293e-15
-3.06e-05	-1.08e-05	-4.36093e-14
-2.88e-05	-1.08e-05	-2.5328e-13
-2.7e-05	-1.08e-05	-6.39567e-13
-2.52e-05	-1.08e-05	-1.02268e-12
-2.34e-05	-1.08e-05	-1.35714e-12
-2.16e-05	-1.08e-05	-1.62636e-12
-1.98e-05	-1.08e-05	-1.82126e-12
-1.8e-05	-1.08e-05	-2.04507e-12
-1.62e-05	-1.08e-05	-5.2707e-12
-1.44e-05	-1.08e-05	-8.71858e-11
-1.26e-05	-1.08e-05	-2.04306e-09
-1.08e-05	-1.08e-05	-4.41804e-08
-9e-06	-1.08e-05	-8.06661e-07
-7.2e-06	-1.08e-05	-1.02955e-05
-5.4e-06	-1.08e-05	-2.71773e-05
-3.6e-06	-1.08e-05	-3.28138e-05
-1.8e-06	-1.08e-05	-2.72818e-05
0	-1.08e-05	-1.66839e-05
1.8e-06	-1.08e-05	-7.40963e-06
3.6e-06	-1.08e-05	-2.06312e-06
5.4e-06	-1.08e-05	-1.5408e-07
7.2e-06	-1.08e-05	-8.18531e-09
9e-06	-1.08e-05	-3.7128e-10
1.08e-05	-1.08e-05	-1.84166e-11
1.26e-05	-1.08e-05	-4.30554e-12
1.44e-05	-1.08e-05	-3.91892e-12
1.62e-05	-1.08e-05	-3.87833e-12
1.8e-05	-1.08e-05	-3.6719e-12
1.98e-05	-1.08e-05	-3.28989e-12
2.16e-05	-1.08e-05	-2.75106e-12
2.34e-05	-1.08e-05	-2.08224e-12
2.52e-05	-1.08e-05	-1.32491e-12
2.7e-05	-1.08e-05	-5.69829e-13
2.88e-05	-1.08e-05	-1.0037e-13
3.06e-05	-1.08e-05	-1.14272e-14
3.24e-05	-1.08e-05	-9.09056e-16
3.42e-05	-1.08e-05	-6.40961e-17
-3.6e-05	-9e-06	-7.21661e-16
-3.42e-05	-9e-06	-1.09207e-14
-3.24e-05	-9e-06	-1.35526e-13
-3.06e-05	-9e-06	-1.32582e-12
-2.88e-05	-9e-06	-8.51293e-12
-2.7e-05	-9e-06	-2.19472e-11
-2.52e-05	-9e-06	-3.51329e-11
-2.34e-05	-9e-06	-4.66307e-11
-2.16e-05	-9e-06	-5.58697e-11
-1.98e-05	-9e-06	-6.2458e-11
-1.8e-05	-9e-06	-6.71528e-11
-1.62e-05	-9e-06	-1.01988e-10
-1.44e-05	-9e-06	-1.11417e-09
-1.26e-05	-9e-06	-2.98569e-08
-1.08e-05	-9e-06	-7.94592e-07
-9e-06	-9e-06	-1.89409e-05
-7.2e-06	-9e-06	-0.000345814
-5.4e-06	-9e-06	-0.000943637
-3.6e-06	-9e-06	-0.00113693
-1.8e-06	-9e-06	-0.000941037
0	-9e-06	-0.000571057
1.8e-06	-9e-06	-0.000250274
3.6e-06	-9e-06	-6.734e-05
5.4e-06	-9e-06	-3.52144e-06
7.2e-06	-9e-06	-1.42583e-07
9e-06	-9e-06	-5.26629e-09
1.08e-05	-9e-06	-2.92522e-10
1.26e-05	-9e-06	-1.33962e-10
1.44e-05	-9e-06	-1.34098e-10
1.62e-05	-9e-06	-1.33229e-10
1.8e-05	-9e-06	-1.26147e-10
1.98e-05	-9e-06	-1.1303e-10
2.16e-05	-9e-06	-9.45103e-11
2.34e-05	-9e-06	-7.15283e-11
2.52e-05	-9e-06	-4.54524e-11
2.7e-05	-9e-06	-1.92643e-11
2.88e-05	-9e-06	-3.06515e-12
3.06e-05	-9e-06	-3.16373e-13
3.24e-05	-9e-06	-2.52719e-14
3.42e-05	-9e-06	-2.4498e-15
-3.6e-05	-7.2e-06	-1.57622e-14
-3.42e-05	-7.2e-06	-2.56615e-13
-3.24e-05	-7.2e-06	-3.58547e-12
-3.06e-05	-7.2e-06	-3.94831e-11
-2.88e-05	-7.2e-06	-2.85807e-10
-2.7e-05	-7.2e-06	-7.532e-10
-2.52e-05	-7.2e-06	-1.20701e-09
-2.34e-05	-7.2e-06	-1.60204e-09
-2.16e-05	-7.2e-06	-1.9194e-09
-1.98e-05	-7.2e-06	-2.14467e-09
-1.8e-05	-7.2e-06	-2.27361e-09
-1.62e-05	-7.2e-06	-2.51932e-09
-1.44e-05	-7.2e-06	-1.04391e-08
-1.26e-05	-7.2e-06	-2.87149e-07
-1.08e-05	-7.2e-06	-9.85783e-06
-9e-06	-7.2e-06	-0.000340832
-7.2e-06	-7.2e-06	-0.0115928
-5.4e-06	-7.2e-06	-0.0327786
-3.6e-06	-7.2e-06	-0.0393948
-1.8e-06	-7.2e-06	-0.0324588
0	-7.2e-06	-0.0195423
1.8e-06	-7.2e-06	-0.0084483
3.6e-06	-7.2e-06	-0.00219105
5.4e-06	-7.2e-06	-6.03205e-05
7.2e-06	-7.2e-06	-1.6461e-06
9e-06	-7.2e-06	-4.81118e-08
1.08e-05	-7.2e-06	-5.21058e-09
1.26e-05	-7.2e-06	-4.43679e-09
1.44e-05	-7.2e-06	-4.60155e-09
1.62e-05	-7.2e-06	-4.57695e-09
1.8e-05	-7.2e-06	-4.33384e-09
1.98e-05	-7.2e-06	-3.88316e-09
2.16e-05	-7.2e-06	-3.24688e-09
2.34e-05	-7.2e-06	-2.45705e-09
2.52e-05	-7.2e-06	-1.55947e-09
2.7e-05	-7.2e-06	-6.50915e-10
2.88e-05	-7.2e-06	-9.17051e-11
3.06e-05	-7.2e-06	-8.39567e-12
3.24e-05	-7.2e-06	-6.04148e-13
3.42e-05	-7.2e-06	-5.26296e-14
-3.6e-05	-5.4e-06	-3.15985e-13
-3.42e-05	-5.4e-06	-5.71505e-12
-3.24e-05	-5.4e-06	-9.04109e-11
-3.06e-05	-5.4e-06	-1.14396e-09
-2.88e-05	-5.4e-06	-9.58404e-09
-2.7e-05	-5.4e-06	-2.5854e-08
-2.52e-05	-5.4e-06	-4.14682e-08
-2.34e-05	-5.4e-06	-5.50395e-08
-2.16e-05	-5.4e-06	-6.59418e-08
-1.98e-05	-5.4e-06	-7.36744e-08
-1.8e-05	-5.4e-06	-7.78841e-08
-1.62e-05	-5.4e-06	-7.87286e-08
-1.44e-05	-5.4e-06	-8.85385e-08
-1.26e-05	-5.4e-06	-5.35876e-07
-1.08e-05	-5.4e-06	-1.62856e-05
-9e-06	-5.4e-06	-0.000563203
-7.2e-06	-5.4e-06	-0.019045
-5.4e-06	-5.4e-06	-0.0484146
-3.6e-06	-5.4e-06	-0.0542256
-1.8e-06	-5.4e-06	-0.0394886
0	-5.4e-06	-0.0183469
1.8e-06	-5.4e-06	-0.00387936
3.6e-06	-5.4e-06	0.000613805
5.4e-06	-5.4e-06	2.4356e-05
7.2e-06	-5.4e-06	6.9764e-07
9e-06	-5.4e-06	-9.16453e-08
1.08e-05	-5.4e-06	-1.36494e-07
1.26e-05	-5.4e-06	-1.51272e-07
1.44e-05	-5.4e-06	-1.58057e-07
1.62e-05	-5.4e-06	-1.57242e-07
1.8e-05	-5.4e-06	-1.4889e-07
1.98e-05	-5.4e-06	-1.33407e-07
2.16e-05	-5.4e-06	-1.11546e-07
2.34e-05	-5.4e-06	-8.44028e-08
2.52e-05	-5.4e-06	-5.35123e-08
2.7e-05	-5.4e-06	-2.19816e-08
2.88e-05	-5.4e-06	-2.66987e-09
3.06e-05	-5.4e-06	-2.12451e-10
3.24e-05	-5.4e-06	-1.34816e-11
3.42e-05	-5.4e-06	-9.9563e-13
-3.6e-05	-3.6e-06	-5.70198e-12
-3.42e-05	-3.6e-06	-1.16684e-10
-3.24e-05	-3.6e-06	-2.13196e-09
-3.06e-05	-3.6e-06	-3.18538e-08
-2.88e-05	-3.6e-06	-3.20968e-07
-2.7e-05	-3.6e-06	-8.87639e-07
-2.52e-05	-3.6e-06	-1.42471e-06
-2.34e-05	-3.6e-06	-1.89093e-06
-2.16e-05	-3.6e-06	-2.26546e-06
-1.98e-05	-3.6e-06	-2.5311e-06
-1.8e-05	-3.6e-06	-2.67536e-06
-1.62e-05	-3.6e-06	-2.69179e-06
-1.44e-05	-3.6e-06	-2.59214e-06
-1.26e-05	-3.6e-06	-2.81062e-06
-1.08e-05	-3.6e-06	-1.81653e-05
-9e-06	-3.6e-06	-0.000560512
-7.2e-06	-3.6e-06	-0.0187036
-5.4e-06	-3.6e-06	-0.0421633
-3.6e-06	-3.6e-06	-0.0387038
-1.8e-06	-3.6e-06	-0.0158559
0	-3.6e-06	0.00674446
1.8e-06	-3.6e-06	0.0143055
3.6e-06	-3.6e-06	0.00704886
5.4e-06	-3.6e-06	0.000203979
7.2e-06	-3.6e-06	2.73157e-06
9e-06	-3.6e-06	-3.84311e-06
1.08e-05	-3.6e-06	-4.71158e-06
1.26e-05	-3.6e-06	-5.19771e-06
1.44e-05	-3.6e-06	-5.43013e-06
1.62e-05	-3.6e-06	-5.40211e-06
1.8e-05	-3.6e-06	-5.11519e-06
1.98e-05	-3.6e-06	-4.58323e-06
2.16e-05	-3.6e-06	-3.83213e-06
2.34e-05	-3.6e-06	-2.89939e-06
2.52e-05	-3.6e-06	-1.83651e-06
2.7e-05	-3.6e-06	-7.41902e-07
2.88e-05	-3.6e-06	-7.47284e-08
3.06e-05	-3.6e-06	-5.02799e-09
3.24e-05	-3.6e-06	-2.75827e-10
3.42e-05	-3.6e-06	-1.69427e-11
-3.6e-05	-1.8e-06	-8.91961e-11
-3.42e-05	-1.8e-06	-2.09652e-09
-3.24e-05	-1.8e-06	-4.54073e-08
-3.06e-05	-1.8e-06	-8.33214e-07
-2.88e-05	-1.8e-06	-1.07338e-05
-2.7e-05	-1.8e-06	-3.04822e-05
-2.52e-05	-1.8e-06	-4.89491e-05
-2.34e-05	-1.8e-06	-6.49649e-05
-2.16e-05	-1.8e-06	-7.78312e-05
-1.98e-05	-1.8e-06	-8.69571e-05
-1.8e-05	-1.8e-06	-9.19128e-05
-1.62e-05	-1.8e-06	-9.24641e-05
-1.44e-05	-1.8e-06	-8.85986e-05
-1.26e-05	-1.8e-06	-8.0835e-05
-1.08e-05	-1.8e-06	-8.04561e-05
-9e-06	-1.8e-06	-0.000457773
-7.2e-06	-1.8e-06	-0.0132298
-5.4e-06	-1.8e-06	-0.0232533
-3.6e-06	-1.8e-06	-0.00623975
-1.8e-06	-1.8e-06	0.0229078
0	-1.8e-06	0.0405444
1.8e-06	-1.8e-06	0.0338796
3.6e-06	-1.8e-06	0.0107126
5.4e-06	-1.8e-06	0.000143123
7.2e-06	-1.8e-06	-0.000101578
9e-06	-1.8e-06	-0.000137574
1.08e-05	-1.8e-06	-0.000162025
1.26e-05	-1.8e-06	-0.000178574
1.44e-05	-1.8e-06	-0.000186554
1.62e-05	-1.8e-06	-0.000185592
1.8e-05	-1.8e-06	-0.000175734
1.98e-05	-1.8e-06	-0.000157458
2.16e-05	-1.8e-06	-0.000131652
2.34e-05	-1.8e-06	-9.96009e-05
2.52e-05	-1.8e-06	-6.30377e-05
2.7e-05	-1.8e-06	-2.50249e-05
2.88e-05	-1.8e-06	-1.96577e-06
3.06e-05	-1.8e-06	-1.07483e-07
3.24e-05	-1.8e-06	-4.96419e-09
3.42e-05	-1.8e-06	-2.49621e-10
-3.6e-05	0	-1.12192e-09
-3.42e-05	0	-3.05671e-08
-3.24e-05	0	-8.12502e-07
-3.06e-05	0	-1.94651e-05
-2.88e-05	0	-0.000358392
-2.7e-05	0	-0.00104705
-2.52e-05	0	-0.00168177
-2.34e-05	0	-0.00223193
-2.16e-05	0	-0.00267393
-1.98e-05	0	-0.00298745
-1.8e-05	0	-0.0031577
-1.62e-05	0	-0.00317662
-1.44e-05	0	-0.00304348
-1.26e-05	0	-0.0027654
-1.08e-05	0	-0.00236673
-9e-06	0	-0.00219739
-7.2e-06	0	-0.0122307
-5.4e-06	0	-0.00955288
-3.6e-06	0	0.0199474
-1.8e-06	0	0.0516795
0	0	0.0605873
1.8e-06	0	0.0381539
3.6e-06	0	0.00159051
5.4e-06	0	-0.00366036
7.2e-06	0	-0.00369926
9e-06	0	-0.00473151
1.08e-05	0	-0.00556659
1.26e-05	0	-0.00613499
1.44e-05	0	-0.00640915
1.62e-05	0	-0.00637607
1.8e-05	0	-0.00603741
1.98e-05	0	-0.00540952
2.16e-05	0	-0.00452291
2.34e-05	0	-0.00342157
2.52e-05	0	-0.00216411
2.7e-05	0	-0.000843575
2.88e-05	0	-4.62223e-05
3.06e-05	0	-1.92981e-06
3.24e-05	0	-7.2373e-08
3.42e-05	0	-2.96731e-09
-3.6e-05	1.8e-06	-9.86072e-09
-3.42e-05	1.8e-06	-2.94984e-07
-3.24e-05	1.8e-06	-9.98248e-06
-3.06e-05	1.8e-06	-0.000347256
-2.88e-05	1.8e-06	-0.0119455
-2.7e-05	1.8e-06	-0.0359755
-2.52e-05	1.8e-06	-0.0577819
-2.34e-05	1.8e-06	-0.07668
-2.16e-05	1.8e-06	-0.0918643
-1.98e-05	1.8e-06	-0.102635
-1.8e-05	1.8e-06	-0.108484
-1.62e-05	1.8e-06	-0.109134
-1.44e-05	1.8e-06	-0.104559
-1.26e-05	1.8e-06	-0.0949942
-1.08e-05	1.8e-06	-0.0809555
-9e-06	1.8e-06	-0.0633153
-7.2e-06	1.8e-06	-0.0433275
-5.4e-06	1.8e-06	-0.0137078
-3.6e-06	1.8e-06	0.0251784
-1.8e-06	1.8e-06	0.054765
0	1.8e-06	0.0550992
1.8e-06	1.8e-06	0.0207438
3.6e-06	1.8e-06	-0.033502
5.4e-06	1.8e-06	-0.0829323
7.2e-06	1.8e-06	-0.125925
9e-06	1.8e-06	-0.162524
1.08e-05	1.8e-06	-0.191242
1.26e-05	1.8e-06	-0.21077
1.44e-05	1.8e-06	-0.220189
1.62e-05	1.8e-06	-0.219052
1.8e-05	1.8e-06	-0.207417
1.98e-05	1.8e-06	-0.185846
2.16e-05	1.8e-06	-0.155384
2.34e-05	1.8e-06	-0.117541
2.52e-05	1.8e-06	-0.0743082
2.7e-05	1.8e-06	-0.0284173
2.88e-05	1.8e-06	-0.000832088
3.06e-05	1.8e-06	-2.37205e-05
3.24e-05	1.8e-06	-6.92047e-07
3.42e-05	1.8e-06	-2.53385e-08
-3.6e-05	3.6e-06	-5.92322e-08
-3.42e-05	3.6e-06	-6.95783e-07
-3.24e-05	3.6e-06	-1.43654e-05
-3.06e-05	3.6e-06	-0.000439412
-2.88e-05	3.6e-06	-0.0146795
-2.7e-05	3.6e-06	-0.039358
-2.52e-05	3.6e-06	-0.0625516
-2.34e-05	3.6e-06	-0.0828637
-2.16e-05	3.6e-06	-0.099237
-1.98e-05	3.6e-06	-0.110863
-1.8e-05	3.6e-06	-0.117177
-1.62e-05	3.6e-06	-0.117874
-1.44e-05	3.6e-06	-0.112917
-1.26e-05	3.6e-06	-0.102528
-1.08e-05	3.6e-06	-0.0871543
-9e-06	3.6e-06	-0.067348
-7.2e-06	3.6e-06	-0.0433856
-5.4e-06	3.6e-06	-0.014262
-3.6e-06	3.6e-06	0.0160745
-1.8e-06	3.6e-06	0.035696
0	3.6e-06	0.03258
1.8e-06	3.6e-06	0.00375227
3.6e-06	3.6e-06	-0.0419622
5.4e-06	3.6e-06	-0.0907948
7.2e-06	3.6e-06	-0.136342
9e-06	3.6e-06	-0.175638
1.08e-05	3.6e-06	-0.206593
1.26e-05	3.6e-06	-0.227668
1.44e-05	3.6e-06	-0.237837
1.62e-05	3.6e-06	-0.236607
1.8e-05	3.6e-06	-0.224035
1.98e-05	3.6e-06	-0.200722
2.16e-05	3.6e-06	-0.167771
2.34e-05	3.6e-06	-0.126718
2.52e-05	3.6e-06	-0.0793582
2.7e-05	3.6e-06	-0.0272665
2.88e-05	3.6e-06	-0.00082655
3.06e-05	3.6e-06	-2.72103e-05
3.24e-05	3.6e-06	-1.32844e-06
3.42e-05	3.6e-06	-1.66467e-07
-3.6e-05	5.4e-06	-1.42131e-06
-3.42e-05	5.4e-06	-1.05628e-05
-3.24e-05	5.4e-06	-7.18979e-05
-3.06e-05	5.4e-06	-0.000488521
-2.88e-05	5.4e-06	-0.00304008
-2.7e-05	5.4e-06	-0.00728073
-2.52e-05	5.4e-06	-0.0114867
-2.34e-05	5.4e-06	-0.0152035
-2.16e-05	5.4e-06	-0.0182051
-1.98e-05	5.4e-06	-0.0203373
-1.8e-05	5.4e-06	-0.0214955
-1.62e-05	5.4e-06	-0.0216231
-1.44e-05	5.4e-06	-0.0207129
-1.26e-05	5.4e-06	-0.0188045
-1.08e-05	5.4e-06	-0.0159759
-9e-06	5.4e-06	-0.0123184
-7.2e-06	5.4e-06	-0.00787965
-5.4e-06	5.4e-06	-0.0026415
-3.6e-06	5.4e-06	0.00259681
-1.8e-06	5.4e-06	0.00585723
0	5.4e-06	0.00519048
1.8e-06	5.4e-06	0.000125246
3.6e-06	5.4e-06	-0.00791508
5.4e-06	5.4e-06	-0.0167158
7.2e-06	5.4e-06	-0.0250275
9e-06	5.4e-06	-0.0322242
1.08e-05	5.4e-06	-0.0378996
1.26e-05	5.4e-06	-0.0417648
1.44e-05	5.4e-06	-0.0436299
1.62e-05	5.4e-06	-0.0434042
1.8e-05	5.4e-06	-0.0410979
1.98e-05	5.4e-06	-0.0368208
2.16e-05	5.4e-06	-0.0307761
2.34e-05	5.4e-06	-0.0232528
2.52e-05	5.4e-06	-0.0146484
2.7e-05	5.4e-06	-0.00580496
2.88e-05	5.4e-06	-0.000931486
3.06e-05	5.4e-06	-0.000137131
3.24e-05	5.4e-06	-2.0202e-05
3.42e-05	5.4e-06	-3.17417e-06
-3.6e-05	7.2e-06	-1.5239e-06
-3.42e-05	7.2e-06	-6.1222e-06
-3.24e-05	7.2e-06	-3.20231e-05
-3.06e-05	7.2e-06	-0.000154897
-2.88e-05	7.2e-06	-0.000615533
-2.7e-05	7.2e-06	-0.00135226
-2.52e-05	7.2e-06	-0.00211123
-2.34e-05	7.2e-06	-0.00278996
-2.16e-05	7.2e-06	-0.00333985
-1.98e-05	7.2e-06	-0.00373082
-1.8e-05	7.2e-06	-0.00394322
-1.62e-05	7.2e-06	-0.00396657
-1.44e-05	7.2e-06	-0.0037994
-1.26e-05	7.2e-06	-0.00344869
-1.08e-05	7.2e-06	-0.00292804
-9e-06	7.2e-06	-0.00225316
-7.2e-06	7.2e-06	-0.00143548
-5.4e-06	7.2e-06	-0.000495576
-3.6e-06	7.2e-06	0.000411069
-1.8e-06	7.2e-06	0.000954111
0	7.2e-06	0.000816331
1.8e-06	7.2e-06	-7.74496e-05
3.6e-06	7.2e-06	-0.00149701
5.4e-06	7.2e-06	-0.0030813
7.2e-06	7.2e-06	-0.00459558
9e-06	7.2e-06	-0.00591263
1.08e-05	7.2e-06	-0.00695283
1.26e-05	7.2e-06	-0.00766162
1.44e-05	7.2e-06	-0.00800369
1.62e-05	7.2e-06	-0.00796226
1.8e-05	7.2e-06	-0.00753916
1.98e-05	7.2e-06	-0.0067546
2.16e-05	7.2e-06	-0.00564639
2.34e-05	7.2e-06	-0.0042709
2.52e-05	7.2e-06	-0.00271783
2.7e-05	7.2e-06	-0.00119438
2.88e-05	7.2e-06	-0.000298311
3.06e-05	7.2e-06	-6.14813e-05
3.24e-05	7.2e-06	-1.1634e-05
3.42e-05	7.2e-06	-2.1893e-06
-3.6e-05	9e-06	-8.43786e-07
-3.42e-05	9e-06	-2.33781e-06
-3.24e-05	9e-06	-1.00349e-05
-3.06e-05	9e-06	-3.90857e-05
-2.88e-05	9e-06	-0.000122656
-2.7e-05	9e-06	-0.000251789
-2.52e-05	9e-06	-0.00038839
-2.34e-05	9e-06	-0.000512092
-2.16e-05	9e-06	-0.000612751
-1.98e-05	9e-06	-0.000684415
-1.8e-05	9e-06	-0.00072336
-1.62e-05	9e-06	-0.000727625
-1.44e-05	9e-06	-0.000696911
-1.26e-05	9e-06	-0.000632442
-1.08e-05	9e-06	-0.000536599
-9e-06	9e-06	-0.000412226
-7.2e-06	9e-06	-0.000262253
-5.4e-06	9e-06	-9.39023e-05
-3.6e-06	9e-06	6.33389e-05
-1.8e-06	9e-06	0.000153974
0	9e-06	0.000126164
1.8e-06	9e-06	-3.21609e-05
3.6e-06	9e-06	-0.000283596
5.4e-06	9e-06	-0.000568633
7.2e-06	9e-06	-0.000844143
9e-06	9e-06	-0.00108498
1.08e-05	9e-06	-0.00127556
1.26e-05	9e-06	-0.00140551
1.44e-05	9e-06	-0.00146824
1.62e-05	9e-06	-0.00146063
1.8e-05	9e-06	-0.00138302
1.98e-05	9e-06	-0.00123915
2.16e-05	9e-06	-0.00103614
2.34e-05	9e-06	-0.000785237
2.52e-05	9e-06	-0.000505853
2.7e-05	9e-06	-0.000240386
2.88e-05	9e-06	-7.58601e-05
3.06e-05	9e-06	-1.93673e-05
3.24e-05	9e-06	-4.39145e-06
3.42e-05	9e-06	-9.57744e-07
-3.6e-05	1.08e-05	-3.50578e-07
-3.42e-05	1.08e-05	-7.35573e-07
-3.24e-05	1.08e-05	-2.68536e-06
-3.06e-05	1.08e-05	-8.94568e-06
-2.88e-05	1.08e-05	-2.41566e-05
-2.7e-05	1.08e-05	-4.69529e-05
-2.52e-05	1.08e-05	-7.15113e-05
-2.34e-05	1.08e-05	-9.40188e-05
-2.16e-05	1.08e-05	-0.000112427
-1.98e-05	1.08e-05	-0.000125557
-1.8e-05	1.08e-05	-0.000132696
-1.62e-05	1.08e-05	-0.000133474
-1.44e-05	1.08e-05	-0.000127829
-1.26e-05	1.08e-05	-0.000115975
-1.08e-05	1.08e-05	-9.83352e-05
-9e-06	1.08e-05	-7.54493e-05
-7.2e-06	1.08e-05	-4.80371e-05
-5.4e-06	1.08e-05	-1.79238e-05
-3.6e-06	1.08e-05	9.39522e-06
-1.8e-06	1.08e-05	2.45494e-05
0	1.08e-05	1.9029e-05
1.8e-06	1.08e-05	-9.11489e-06
3.6e-06	1.08e-05	-5.37718e-05
5.4e-06	1.08e-05	-0.000105044
7.2e-06	1.08e-05	-0.000155115
9e-06	1.08e-05	-0.000199118
1.08e-05	1.08e-05	-0.00023402
1.26e-05	1.08e-05	-0.000257841
1.44e-05	1.08e-05	-0.000269343
1.62e-05	1.08e-05	-0.000267946
1.8e-05	1.08e-05	-0.000253712
1.98e-05	1.08e-05	-0.000227338
2.16e-05	1.08e-05	-0.000190188
2.34e-05	1.08e-05	-0.000144511
2.52e-05	1.08e-05	-9.43252e-05
2.7e-05	1.08e-05	-4.76517e-05
2.88e-05	1.08e-05	-1.74675e-05
3.06e-05	1.08e-05	-5.20227e-06
3.24e-05	1.08e-05	-1.35784e-06
3.42e-05	1.08e-05	-3.34835e-07
-3.6e-05	1.26e-05	-1.22643e-07
-3.42e-05	1.26e-05	-2.06858e-07
-3.24e-05	1.26e-05	-6.57073e-07
-3.06e-05	1.26e-05	-1.94095e-06
-2.88e-05	1.26e-05	-4.71539e-06
-2.7e-05	1.26e-05	-8.7628e-06
-2.52e-05	1.26e-05	-1.3177e-05
-2.34e-05	1.26e-05	-1.72666e-05
-2.16e-05	1.26e-05	-2.06299e-05
-1.98e-05	1.26e-05	-2.30343e-05
-1.8e-05	1.26e-05	-2.43424e-05
-1.62e-05	1.26e-05	-2.44839e-05
-1.44e-05	1.26e-05	-2.3446e-05
-1.26e-05	1.26e-05	-2.12662e-05
-1.08e-05	1.26e-05	-1.8021e-05
-9e-06	1.26e-05	-1.38164e-05
-7.2e-06	1.26e-05	-8.82006e-06
-5.4e-06	1.26e-05	-3.43905e-06
-3.6e-06	1.26e-05	1.31473e-06
-1.8e-06	1.26e-05	3.85217e-06
0	1.26e-05	2.7698e-06
1.8e-06	1.26e-05	-2.24867e-06
3.6e-06	1.26e-05	-1.0199e-05
5.4e-06	1.26e-05	-1.94221e-05
7.2e-06	1.26e-05	-2.85139e-05
9e-06	1.26e-05	-3.65476e-05
1.08e-05	1.26e-05	-4.29363e-05
1.26e-05	1.26e-05	-4.73015e-05
1.44e-05	1.26e-05	-4.94101e-05
1.62e-05	1.26e-05	-4.91538e-05
1.8e-05	1.26e-05	-4.65438e-05
1.98e-05	1.26e-05	-4.17117e-05
2.16e-05	1.26e-05	-3.49203e-05
2.34e-05	1.26e-05	-2.6618e-05
2.52e-05	1.26e-05	-1.76062e-05
2.7e-05	1.26e-05	-9.34291e-06
2.88e-05	1.26e-05	-3.8077e-06
3.06e-05	1.26e-05	-1.27565e-06
3.24e-05	1.26e-05	-3.73067e-07
3.42e-05	1.26e-05	-1.0208e-07
-3.6e-05	1.44e-05	-3.8191e-08
-3.42e-05	1.44e-05	-5.40915e-08
-3.24e-05	1.44e-05	-1.51883e-07
-3.06e-05	1.44e-05	-4.07357e-07
-2.88e-05	1.44e-05	-9.14091e-07
-2.7e-05	1.44e-05	-1.63601e-06
-2.52e-05	1.44e-05	-2.42966e-06
-2.34e-05	1.44e-05	-3.17198e-06
-2.16e-05	1.44e-05	-3.7859e-06
-1.98e-05	1.44e-05	-4.22593e-06
-1.8e-05	1.44e-05	-4.46551e-06
-1.62e-05	1.44e-05	-4.4912e-06
-1.44e-05	1.44e-05	-4.30031e-06
-1.26e-05	1.44e-05	-3.89947e-06
-1.08e-05	1.44e-05	-3.30278e-06
-9e-06	1.44e-05	-2.53156e-06
-7.2e-06	1.44e-05	-1.62296e-06
-5.4e-06	1.44e-05	-6.62152e-07
-3.6e-06	1.44e-05	1.66192e-07
-1.8e-06	1.44e-05	5.91527e-07
0	1.44e-05	3.81305e-07
1.8e-06	1.44e-05	-5.16031e-07
3.6e-06	1.44e-05	-1.93437e-06
5.4e-06	1.44e-05	-3.59382e-06
7.2e-06	1.44e-05	-5.24356e-06
9e-06	1.44e-05	-6.7092e-06
1.08e-05	1.44e-05	-7.87805e-06
1.26e-05	1.44e-05	-8.67773e-06
1.44e-05	1.44e-05	-9.0642e-06
1.62e-05	1.44e-05	-9.01715e-06
1.8e-05	1.44e-05	-8.53876e-06
1.98e-05	1.44e-05	-7.65397e-06
2.16e-05	1.44e-05	-6.4137e-06
2.34e-05	1.44e-05	-4.9065e-06
2.52e-05	1.44e-05	-3.28778e-06
2.7e-05	1.44e-05	-1.81682e-06
2.88e-05	1.44e-05	-8.01991e-07
3.06e-05	1.44e-05	-2.94979e-07
3.24e-05	1.44e-05	-9.47969e-08
3.42e-05	1.44e-05	-2.83624e-08
-3.6e-05	1.62e-05	-1.09317e-08
-3.42e-05	1.62e-05	-1.34469e-08
-3.24e-05	1.62e-05	-3.37739e-08
-3.06e-05	1.62e-05	-8.35985e-08
-2.88e-05	1.62e-05	-1.76226e-07
-2.7e-05	1.62e-05	-3.05469e-07
-2.52e-05	1.62e-05	-4.48248e-07
-2.34e-05	1.62e-05	-5.82888e-07
-2.16e-05	1.62e-05	-6.9485e-07
-1.98e-05	1.62e-05	-7.75327e-07
-1.8e-05	1.62e-05	-8.19185e-07
-1.62e-05	1.62e-05	-8.23833e-07
-1.44e-05	1.62e-05	-7.8872e-07
-1.26e-05	1.62e-05	-7.15021e-07
-1.08e-05	1.62e-05	-6.05387e-07
-9e-06	1.62e-05	-4.64141e-07
-7.2e-06	1.62e-05	-2.99222e-07
-5.4e-06	1.62e-05	-1.27762e-07
-3.6e-06	1.62e-05	1.67512e-08
-1.8e-06	1.62e-05	8.80981e-08
0	1.62e-05	4.75692e-08
1.8e-06	1.62e-05	-1.13271e-07
3.6e-06	1.62e-05	-3.66769e-07
5.4e-06	1.62e-05	-6.65436e-07
7.2e-06	1.62e-05	-9.64621e-07
9e-06	1.62e-05	-1.23183e-06
1.08e-05	1.62e-05	-1.44557e-06
1.26e-05	1.62e-05	-1.59201e-06
1.44e-05	1.62e-05	-1.66283e-06
1.62e-05	1.62e-05	-1.6542e-06
1.8e-05	1.62e-05	-1.56655e-06
1.98e-05	1.62e-05	-1.40464e-06
2.16e-05	1.62e-05	-1.17835e-06
2.34e-05	1.62e-05	-9.04984e-07
2.52e-05	1.62e-05	-6.14028e-07
2.7e-05	1.62e-05	-3.51052e-07
2.88e-05	1.62e-05	-1.65015e-07
3.06e-05	1.62e-05	-6.54965e-08
3.24e-05	1.62e-05	-2.27928e-08
3.42e-05	1.62e-05	-7.36962e-09
-3.6e-05	1.8e-05	-2.93572e-09
-3.42e-05	1.8e-05	-3.22122e-09
-3.24e-05	1.8e-05	-7.30591e-09
-3.06e-05	1.8e-05	-1.68844e-08
-2.88e-05	1.8e-05	-3.38232e-08
-2.7e-05	1.8e-05	-5.70301e-08
-2.52e-05	1.8e-05	-8.27362e-08
-2.34e-05	1.8e-05	-1.07143e-07
-2.16e-05	1.8e-05	-1.27547e-07
-1.98e-05	1.8e-05	-1.42255e-07
-1.8e-05	1.8e-05	-1.50279e-07
-1.62e-05	1.8e-05	-1.51117e-07
-1.44e-05	1.8e-05	-1.44657e-07
-1.26e-05	1.8e-05	-1.3111e-07
-1.08e-05	1.8e-05	-1.10983e-07
-9e-06	1.8e-05	-8.5151e-08
-7.2e-06	1.8e-05	-5.52642e-08
-5.4e-06	1.8e-05	-2.46793e-08
-3.6e-06	1.8e-05	5.59756e-10
-1.8e-06	1.8e-05	1.25316e-08
0	1.8e-05	4.76416e-09
1.8e-06	1.8e-05	-2.41268e-08
3.6e-06	1.8e-05	-6.95084e-08
5.4e-06	1.8e-05	-1.23282e-07
7.2e-06	1.8e-05	-1.77518e-07
9e-06	1.8e-05	-2.26205e-07
1.08e-05	1.8e-05	-2.65269e-07
1.26e-05	1.8e-05	-2.92077e-07
1.44e-05	1.8e-05	-3.0505e-07
1.62e-05	1.8e-05	-3.03468e-07
1.8e-05	1.8e-05	-2.87417e-07
1.98e-05	1.8e-05	-2.57811e-07
2.16e-05	1.8e-05	-2.1656e-07
2.34e-05	1.8e-05	-1.67007e-07
2.52e-05	1.8e-05	-1.14665e-07
2.7e-05	1.8e-05	-6.74893e-08
2.88e-05	1.8e-05	-3.33863e-08
3.06e-05	1.8e-05	-1.41193e-08
3.24e-05	1.8e-05	-5.26039e-09
3.42e-05	1.8e-05	-1.82061e-09
-3.6e-05	1.98e-05	-7.50067e-10
-3.42e-05	1.98e-05	-7.50088e-10
-3.24e-05	1.98e-05	-1.54867e-09
-3.06e-05	1.98e-05	-3.37005e-09
-2.88e-05	1.98e-05	-6.46805e-09
-2.7e-05	1.98e-05	-1.06451e-08
-2.52e-05	1.98e-05	-1.5277e-08
-2.34e-05	1.98e-05	-1.97e-08
-2.16e-05	1.98e-05	-2.34155e-08
-1.98e-05	1.98e-05	-2.6102e-08
-1.8e-05	1.98e-05	-2.75688e-08
-1.62e-05	1.98e-05	-2.77196e-08
-1.44e-05	1.98e-05	-2.65311e-08
-1.26e-05	1.98e-05	-2.40419e-08
-1.08e-05	1.98e-05	-2.03498e-08
-9e-06	1.98e-05	-1.56319e-08
-7.2e-06	1.98e-05	-1.02229e-08
-5.4e-06	1.98e-05	-4.76887e-09
-3.6e-06	1.98e-05	-3.5675e-10
-1.8e-06	1.98e-05	1.65193e-09
0	1.98e-05	1.70467e-10
1.8e-06	1.98e-05	-5.02884e-09
3.6e-06	1.98e-05	-1.31651e-08
5.4e-06	1.98e-05	-2.28509e-08
7.2e-06	1.98e-05	-3.26798e-08
9e-06	1.98e-05	-4.15459e-08
1.08e-05	1.98e-05	-4.86819e-08
1.26e-05	1.98e-05	-5.35874e-08
1.44e-05	1.98e-05	-5.5963e-08
1.62e-05	1.98e-05	-5.56735e-08
1.8e-05	1.98e-05	-5.27357e-08
1.98e-05	1.98e-05	-4.73254e-08
2.16e-05	1.98e-05	-3.98113e-08
2.34e-05	1.98e-05	-3.08327e-08
2.52e-05	1.98e-05	-2.14076e-08
2.7e-05	1.98e-05	-1.29215e-08
2.88e-05	1.98e-05	-6.67005e-09
3.06e-05	1.98e-05	-2.97659e-09
3.24e-05	1.98e-05	-1.17654e-09
3.42e-05	1.98e-05	-4.32446e-10
-3.6e-05	2.16e-05	-1.84144e-10
-3.42e-05	2.16e-05	-1.70787e-10
-3.24e-05	2.16e-05	-3.23296e-10
-3.06e-05	2.16e-05	-6.66615e-10
-2.88e-05	2.16e-05	-1.23315e-09
-2.7e-05	2.16e-05	-1.98643e-09
-2.52e-05	2.16e-05	-2.82174e-09
-2.34e-05	2.16e-05	-3.6231e-09
-2.16e-05	2.16e-05	-4.29931e-09
-1.98e-05	2.16e-05	-4.78964e-09
-1.8e-05	2.16e-05	-5.05762e-09
-1.62e-05	2.16e-05	-5.08464e-09
-1.44e-05	2.16e-05	-4.86598e-09
-1.26e-05	2.16e-05	-4.40881e-09
-1.08e-05	2.16e-05	-3.73213e-09
-9e-06	2.16e-05	-2.87152e-09
-7.2e-06	2.16e-05	-1.89369e-09
-5.4e-06	2.16e-05	-9.21321e-10
-3.6e-06	2.16e-05	-1.49383e-10
-1.8e-06	2.16e-05	1.8747e-10
0	2.16e-05	-9.39576e-11
1.8e-06	2.16e-05	-1.03119e-09
3.6e-06	2.16e-05	-2.49181e-09
5.4e-06	2.16e-05	-4.23722e-09
7.2e-06	2.16e-05	-6.01804e-09
9e-06	2.16e-05	-7.63184e-09
1.08e-05	2.16e-05	-8.93474e-09
1.26e-05	2.16e-05	-9.83201e-09
1.44e-05	2.16e-05	-1.02669e-08
1.62e-05	2.16e-05	-1.0214e-08
1.8e-05	2.16e-05	-9.6766e-09
1.98e-05	2.16e-05	-8.68859e-09
2.16e-05	2.16e-05	-7.32074e-09
2.34e-05	2.16e-05	-5.69425e-09
2.52e-05	2.16e-05	-3.99551e-09
2.7e-05	2.16e-05	-2.46558e-09
2.88e-05	2.16e-05	-1.31959e-09
3.06e-05	2.16e-05	-6.16724e-10
3.24e-05	2.16e-05	-2.56729e-10
3.42e-05	2.16e-05	-9.95517e-11
-3.6e-05	2.34e-05	-4.37606e-11
-3.42e-05	2.34e-05	-3.81783e-11
-3.24e-05	2.34e-05	-6.67021e-11
-3.06e-05	2.34e-05	-1.30938e-10
-2.88e-05	2.34e-05	-2.34508e-10
-2.7e-05	2.34e-05	-3.70562e-10
-2.52e-05	2.34e-05	-5.21321e-10
-2.34e-05	2.34e-05	-6.66499e-10
-2.16e-05	2.34e-05	-7.895e-10
-1.98e-05	2.34e-05	-8.78941e-10
-1.8e-05	2.34e-05	-9.27864e-10
-1.62e-05	2.34e-05	-9.32685e-10
-1.44e-05	2.34e-05	-8.92462e-10
-1.26e-05	2.34e-05	-8.08541e-10
-1.08e-05	2.34e-05	-6.84629e-10
-9e-06	2.34e-05	-5.2782e-10
-7.2e-06	2.34e-05	-3.51218e-10
-5.4e-06	2.34e-05	-1.77888e-10
-3.6e-06	2.34e-05	-4.27333e-11
-1.8e-06	2.34e-05	1.3703e-11
0	2.34e-05	-3.95799e-11
1.8e-06	2.34e-05	-2.08773e-10
3.6e-06	2.34e-05	-4.71298e-10
5.4e-06	2.34e-05	-7.85965e-10
7.2e-06	2.34e-05	-1.10857e-09
9e-06	2.34e-05	-1.40219e-09
1.08e-05	2.34e-05	-1.63996e-09
1.26e-05	2.34e-05	-1.80401e-09
1.44e-05	2.34e-05	-1.88361e-09
1.62e-05	2.34e-05	-1.87394e-09
1.8e-05	2.34e-05	-1.7757e-09
1.98e-05	2.34e-05	-1.59539e-09
2.16e-05	2.34e-05	-1.34653e-09
2.34e-05	2.34e-05	-1.05191e-09
2.52e-05	2.34e-05	-7.45453e-10
2.7e-05	2.34e-05	-4.69123e-10
2.88e-05	2.34e-05	-2.5904e-10
3.06e-05	2.34e-05	-1.26029e-10
3.24e-05	2.34e-05	-5.49193e-11
3.42e-05	2.34e-05	-2.23421e-11
-3.6e-05	2.52e-05	-1.01223e-11
-3.42e-05	2.52e-05	-8.40417e-12
-3.24e-05	2.52e-05	-1.36358e-11
-3.06e-05	2.52e-05	-2.55771e-11
-2.88e-05	2.52e-05	-4.45013e-11
-2.7e-05	2.52e-05	-6.91043e-11
-2.52e-05	2.52e-05	-9.63348e-11
-2.34e-05	2.52e-05	-1.22635e-10
-2.16e-05	2.52e-05	-1.44999e-10
-1.98e-05	2.52e-05	-1.61304e-10
-1.8e-05	2.52e-05	-1.70229e-10
-1.62e-05	2.52e-05	-1.71086e-10
-1.44e-05	2.52e-05	-1.63689e-10
-1.26e-05	2.52e-05	-1.48292e-10
-1.08e-05	2.52e-05	-1.2562e-10
-9e-06	2.52e-05	-9.70795e-11
-7.2e-06	2.52e-05	-6.52104e-11
-5.4e-06	2.52e-05	-3.43162e-11
-3.6e-06	2.52e-05	-1.06377e-11
-1.8e-06	2.52e-05	-1.19652e-12
0	2.52e-05	-1.12559e-11
1.8e-06	2.52e-05	-4.18384e-11
3.6e-06	2.52e-05	-8.90748e-11
5.4e-06	2.52e-05	-1.45829e-10
7.2e-06	2.52e-05	-2.04266e-10
9e-06	2.52e-05	-2.57666e-10
1.08e-05	2.52e-05	-3.0104e-10
1.26e-05	2.52e-05	-3.31021e-10
1.44e-05	2.52e-05	-3.45583e-10
1.62e-05	2.52e-05	-3.43821e-10
1.8e-05	2.52e-05	-3.25872e-10
1.98e-05	2.52e-05	-2.92984e-10
2.16e-05	2.52e-05	-2.47729e-10
2.34e-05	2.52e-05	-1.94364e-10
2.52e-05	2.52e-05	-1.39029e-10
2.7e-05	2.52e-05	-8.90431e-11
2.88e-05	2.52e-05	-5.05295e-11
3.06e-05	2.52e-05	-2.54677e-11
3.24e-05	2.52e-05	-1.15592e-11
3.42e-05	2.52e-05	-4.91007e-12
-3.6e-05	2.7e-05	-2.2888e-12
-3.42e-05	2.7e-05	-1.82595e-12
-3.24e-05	2.7e-05	-2.76705e-12
-3.06e-05	2.7e-05	-4.9742e-12
-2.88e-05	2.7e-05	-8.42948e-12
-2.7e-05	2.7e-05	-1.28831e-11
-2.52e-05	2.7e-05	-1.78045e-11
-2.34e-05	2.7e-05	-2.25693e-11
-2.16e-05	2.7e-05	-2.66341e-11
-1.98e-05	2.7e-05	-2.96046e-11
-1.8e-05	2.7e-05	-3.12316e-11
-1.62e-05	2.7e-05	-3.13837e-11
-1.44e-05	2.7e-05	-3.00234e-11
-1.26e-05	2.7e-05	-2.71996e-11
-1.08e-05	2.7e-05	-2.3056e-11
-9e-06	2.7e-05	-1.78662e-11
-7.2e-06	2.7e-05	-1.21185e-11
-5.4e-06	2.7e-05	-6.61262e-12
-3.6e-06	2.7e-05	-2.46247e-12
-1.8e-06	2.7e-05	-8.86006e-13
0	2.7e-05	-2.7804e-12
1.8e-06	2.7e-05	-8.31486e-12
3.6e-06	2.7e-05	-1.68224e-11
5.4e-06	2.7e-05	-2.70634e-11
7.2e-06	2.7e-05	-3.76482e-11
9e-06	2.7e-05	-4.73568e-11
1.08e-05	2.7e-05	-5.52656e-11
1.26e-05	2.7e-05	-6.0743e-11
1.44e-05	2.7e-05	-6.34057e-11
1.62e-05	2.7e-05	-6.30851e-11
1.8e-05	2.7e-05	-5.9808e-11
1.98e-05	2.7e-05	-5.38126e-11
2.16e-05	2.7e-05	-4.55862e-11
2.34e-05	2.7e-05	-3.5919e-11
2.52e-05	2.7e-05	-2.59193e-11
2.7e-05	2.7e-05	-1.68658e-11
2.88e-05	2.7e-05	-9.80513e-12
3.06e-05	2.7e-05	-5.09926e-12
3.24e-05	2.7e-05	-2.40049e-12
3.42e-05	2.7e-05	-1.06013e-12
-3.6e-05	2.88e-05	-5.07727e-13
-3.42e-05	2.88e-05	-3.92015e-13
-3.24e-05	2.88e-05	-5.58252e-13
-3.06e-05	2.88e-05	-9.63712e-13
-2.88e-05	2.88e-05	-1.59426e-12
-2.7e-05	2.88e-05	-2.40078e-12
-2.52e-05	2.88e-05	-3.29109e-12
-2.34e-05	2.88e-05	-4.15418e-12
-2.16e-05	2.88e-05	-4.89308e-12
-1.98e-05	2.88e-05	-5.43351e-12
-1.8e-05	2.88e-05	-5.73022e-12
-1.62e-05	2.88e-05	-5.75711e-12
-1.44e-05	2.88e-05	-5.5065e-12
-1.26e-05	2.88e-05	-4.98981e-12
-1.08e-05	2.88e-05	-4.23302e-12
-9e-06	2.88e-05	-3.28987e-12
-7.2e-06	2.88e-05	-2.25393e-12
-5.4e-06	2.88e-05	-1.27311e-12
-3.6e-06	2.88e-05	-5.45021e-13
-1.8e-06	2.88e-05	-2.82323e-13
0	2.88e-05	-6.38473e-13
1.8e-06	2.88e-05	-1.64105e-12
3.6e-06	2.88e-05	-3.17465e-12
5.4e-06	2.88e-05	-5.02329e-12
7.2e-06	2.88e-05	-6.94049e-12
9e-06	2.88e-05	-8.7055e-12
1.08e-05	2.88e-05	-1.01466e-11
1.26e-05	2.88e-05	-1.11471e-11
1.44e-05	2.88e-05	-1.16339e-11
1.62e-05	2.88e-05	-1.15753e-11
1.8e-05	2.88e-05	-1.09777e-11
1.98e-05	2.88e-05	-9.8852e-12
2.16e-05	2.88e-05	-8.39002e-12
2.34e-05	2.88e-05	-6.63859e-12
2.52e-05	2.88e-05	-4.83026e-12
2.7e-05	2.88e-05	-3.18873e-12
2.88e-05	2.88e-05	-1.8943e-12
3.06e-05	2.88e-05	-1.01318e-12
3.24e-05	2.88e-05	-4.92708e-13
3.42e-05	2.88e-05	-2.25601e-13
-3.6e-05	3.06e-05	-1.10435e-13
-3.42e-05	3.06e-05	-8.35686e-14
-3.24e-05	3.06e-05	-1.11929e-13
-3.06e-05	3.06e-05	-1.8642e-13
-2.88e-05	3.06e-05	-3.00892e-13
-2.7e-05	3.06e-05	-4.4757e-13
-2.52e-05	3.06e-05	-6.08201e-13
-2.34e-05	3.06e-05	-7.64796e-13
-2.16e-05	3.06e-05	-8.98754e-13
-1.98e-05	3.06e-05	-9.97358e-13
-1.8e-05	3.06e-05	-1.05146e-12
-1.62e-05	3.06e-05	-1.05555e-12
-1.44e-05	3.06e-05	-1.01029e-12
-1.26e-05	3.06e-05	-9.15542e-13
-1.08e-05	3.06e-05	-7.76988e-13
-9e-06	3.06e-05	-6.05827e-13
-7.2e-06	3.06e-05	-4.19891e-13
-5.4e-06	3.06e-05	-2.4472e-13
-3.6e-06	3.06e-05	-1.16838e-13
-1.8e-06	3.06e-05	-7.33271e-14
0	3.06e-05	-1.40233e-13
1.8e-06	3.06e-05	-3.21928e-13
3.6e-06	3.06e-05	-5.98676e-13
5.4e-06	3.06e-05	-9.32536e-13
7.2e-06	3.06e-05	-1.27964e-12
9e-06	3.06e-05	-1.60039e-12
1.08e-05	3.06e-05	-1.86302e-12
1.26e-05	3.06e-05	-2.04544e-12
1.44e-05	3.06e-05	-2.13452e-12
1.62e-05	3.06e-05	-2.12408e-12
1.8e-05	3.06e-05	-2.01494e-12
1.98e-05	3.06e-05	-1.81619e-12
2.16e-05	3.06e-05	-1.54437e-12
2.34e-05	3.06e-05	-1.22705e-12
2.52e-05	3.06e-05	-8.99745e-13
2.7e-05	3.06e-05	-6.01876e-13
2.88e-05	3.06e-05	-3.64481e-13
3.06e-05	3.06e-05	-1.99975e-13
3.24e-05	3.06e-05	-1.001e-13
3.42e-05	3.06e-05	-4.73965e-14
-3.6e-05	3.24e-05	-2.37072e-14
-3.42e-05	3.24e-05	-1.76141e-14
-3.24e-05	3.24e-05	-2.23389e-14
-3.06e-05	3.24e-05	-3.59955e-14
-2.88e-05	3.24e-05	-5.65433e-14
-2.7e-05	3.24e-05	-8.32971e-14
-2.52e-05	3.24e-05	-1.12228e-13
-2.34e-05	3.24e-05	-1.40765e-13
-2.16e-05	3.24e-05	-1.64657e-13
-1.98e-05	3.24e-05	-1.83035e-13
-1.8e-05	3.24e-05	-1.92563e-13
-1.62e-05	3.24e-05	-1.9341e-13
-1.44e-05	3.24e-05	-1.85242e-13
-1.26e-05	3.24e-05	-1.67601e-13
-1.08e-05	3.24e-05	-1.42481e-13
-9e-06	3.24e-05	-1.11761e-13
-7.2e-06	3.24e-05	-7.81277e-14
-5.4e-06	3.24e-05	-4.67804e-14
-3.6e-06	3.24e-05	-2.45266e-14
-1.8e-06	3.24e-05	-1.73464e-14
0	3.24e-05	-2.97817e-14
1.8e-06	3.24e-05	-6.27986e-14
3.6e-06	3.24e-05	-1.12664e-13
5.4e-06	3.24e-05	-1.72909e-13
7.2e-06	3.24e-05	-2.3579e-13
9e-06	3.24e-05	-2.93808e-13
1.08e-05	3.24e-05	-3.41748e-13
1.26e-05	3.24e-05	-3.75038e-13
1.44e-05	3.24e-05	-3.91151e-13
1.62e-05	3.24e-05	-3.8944e-13
1.8e-05	3.24e-05	-3.69528e-13
1.98e-05	3.24e-05	-3.3333e-13
2.16e-05	3.24e-05	-2.8413e-13
2.34e-05	3.24e-05	-2.2654e-13
2.52e-05	3.24e-05	-1.67436e-13
2.7e-05	3.24e-05	-1.13283e-13
2.88e-05	3.24e-05	-6.98149e-14
3.06e-05	3.24e-05	-3.90359e-14
3.24e-05	3.24e-05	-2.03748e-14
3.42e-05	3.24e-05	-9.41194e-15
-3.6e-05	3.42e-05	-4.96376e-15
-3.42e-05	3.42e-05	-3.2748e-15
-3.24e-05	3.42e-05	-4.37607e-15
-3.06e-05	3.42e-05	-6.17118e-15
-2.88e-05	3.42e-05	-1.08067e-14
-2.7e-05	3.42e-05	-1.45641e-14
-2.52e-05	3.42e-05	-2.05613e-14
-2.34e-05	3.42e-05	-2.47235e-14
-2.16e-05	3.42e-05	-2.94691e-14
-1.98e-05	3.42e-05	-3.22647e-14
-1.8e-05	3.42e-05	-3.40834e-14
-1.62e-05	3.42e-05	-3.45449e-14
-1.44e-05	3.42e-05	-3.25719e-14
-1.26e-05	3.42e-05	-2.98926e-14
-1.08e-05	3.42e-05	-2.54253e-14
-9e-06	3.42e-05	-1.98427e-14
-7.2e-06	3.42e-05	-1.40359e-14
-5.4e-06	3.42e-05	-8.71072e-15
-3.6e-06	3.42e-05	-4.95675e-15
-1.8e-06	3.42e-05	-3.63545e-15
0	3.42e-05	-5.97658e-15
1.8e-06	3.42e-05	-1.17847e-14
3.6e-06	3.42e-05	-2.05099e-14
5.4e-06	3.42e-05	-3.10326e-14
7.2e-06	3.42e-05	-4.20518e-14
9e-06	3.42e-05	-5.23274e-14
1.08e-05	3.42e-05	-6.06158e-14
1.26e-05	3.42e-05	-6.66657e-14
1.44e-05	3.42e-05	-6.94862e-14
1.62e-05	3.42e-05	-6.90131e-14
1.8e-05	3.42e-05	-6.57633e-14
1.98e-05	3.42e-05	-5.91905e-14
2.16e-05	3.42e-05	-5.06002e-14
2.34e-05	3.42e-05	-4.04909e-14
2.52e-05	3.42e-05	-3.01046e-14
2.7e-05	3.42e-05	-2.06752e-14
2.88e-05	3.42e-05	-1.28856e-14
3.06e-05	3.42e-05	-7.43359e-15
3.24e-05	3.42e-05	-3.6308e-15
3.42e-05	3.42e-05	-4.76227e-16
