
-3.8e-05	4e-05	8.1523e-17
-3.6e-05	4e-05	1.1682e-16
-3.4e-05	4e-05	-5.38578e-18
-3.2e-05	4e-05	4.44655e-17
-3e-05	4e-05	-9.12828e-17
-2.8e-05	4e-05	4.55554e-17
-2.6e-05	4e-05	-4.62297e-17
-2.4e-05	4e-05	-1.38215e-16
-2.2e-05	4e-05	-1.35103e-17
-2e-05	4e-05	2.52289e-17
-1.8e-05	4e-05	7.14995e-17
-1.6e-05	4e-05	3.77536e-20
-1.4e-05	4e-05	5.56973e-17
-1.2e-05	4e-05	-1.87376e-17
-1e-05	4e-05	2.25477e-17
-8e-06	4e-05	-1.08123e-17
-6e-06	4e-05	1.02897e-17
-4e-06	4e-05	-3.1848e-17
-2e-06	4e-05	2.35142e-17
0	4e-05	4.65114e-19
2e-06	4e-05	-5.16811e-17
4e-06	4e-05	1.25261e-17
6e-06	4e-05	2.61887e-17
8e-06	4e-05	5.19196e-17
1e-05	4e-05	6.56763e-17
1.2e-05	4e-05	-1.19356e-18
1.4e-05	4e-05	-3.25362e-17
1.6e-05	4e-05	-5.1726e-17
1.8e-05	4e-05	1.17727e-16
2e-05	4e-05	3.84346e-17
2.2e-05	4e-05	1.08147e-17
2.4e-05	4e-05	1.78814e-17
2.6e-05	4e-05	-1.43183e-16
2.8e-05	4e-05	-1.01413e-18
3e-05	4e-05	7.22143e-17
3.2e-05	4e-05	1.6375e-17
3.4e-05	4e-05	-3.32131e-16
3.6e-05	4e-05	-2.03521e-17
3.8e-05	4e-05	3.87676e-16

-3.8e-05	3.8e-05	5.75542e-16
-3.6e-05	3.8e-05	3.79382e-16
-3.4e-05	3.8e-05	-2.03878e-16
-3.2e-05	3.8e-05	1.53068e-16
-3e-05	3.8e-05	1.1347e-16
-2.8e-05	3.8e-05	1.21229e-16
-2.6e-05	3.8e-05	-1.757e-16
-2.4e-05	3.8e-05	8.08886e-18
-2.2e-05	3.8e-05	-6.51918e-17
-2e-05	3.8e-05	5.15502e-17
-1.8e-05	3.8e-05	-4.19642e-17
-1.6e-05	3.8e-05	-7.80447e-17
-1.4e-05	3.8e-05	-2.23297e-16
-1.2e-05	3.8e-05	-8.23182e-17
-1e-05	3.8e-05	-4.02922e-16
-8e-06	3.8e-05	-3.62845e-17
-6e-06	3.8e-05	-3.2174e-16
-4e-06	3.8e-05	-4.06491e-17
-2e-06	3.8e-05	-1.14981e-16
0	3.8e-05	-1.50893e-16
2e-06	3.8e-05	-1.08249e-15
4e-06	3.8e-05	3.1633e-16
6e-06	3.8e-05	8.54959e-16
8e-06	3.8e-05	4.02614e-16
1e-05	3.8e-05	7.3105e-18
1.2e-05	3.8e-05	1.20199e-16
1.4e-05	3.8e-05	-3.65285e-16
1.6e-05	3.8e-05	-6.33744e-17
1.8e-05	3.8e-05	1.3586e-16
2e-05	3.8e-05	2.63166e-16
2.2e-05	3.8e-05	-4.69716e-17
2.4e-05	3.8e-05	1.18268e-16
2.6e-05	3.8e-05	-1.6434e-19
2.8e-05	3.8e-05	3.18419e-17
3e-05	3.8e-05	2.11993e-16
3.2e-05	3.8e-05	2.06986e-16
3.4e-05	3.8e-05	6.26295e-17
3.6e-05	3.8e-05	-2.57923e-16
3.8e-05	3.8e-05	1.08716e-16

-3.8e-05	3.6e-05	1.49937e-16
-3.6e-05	3.6e-05	-1.03656e-16
-3.4e-05	3.6e-05	3.80211e-16
-3.2e-05	3.6e-05	-3.37786e-16
-3e-05	3.6e-05	1.68231e-16
-2.8e-05	3.6e-05	1.52087e-16
-2.6e-05	3.6e-05	4.96608e-17
-2.4e-05	3.6e-05	-2.20562e-16
-2.2e-05	3.6e-05	-2.81336e-16
-2e-05	3.6e-05	-2.35257e-16
-1.8e-05	3.6e-05	-7.79529e-17
-1.6e-05	3.6e-05	4.69886e-18
-1.4e-05	3.6e-05	-1.51414e-16
-1.2e-05	3.6e-05	-1.01976e-16
-1e-05	3.6e-05	1.32974e-16
-8e-06	3.6e-05	9.00703e-17
-6e-06	3.6e-05	-4.97958e-17
-4e-06	3.6e-05	-1.34953e-16
-2e-06	3.6e-05	2.96203e-16
0	3.6e-05	-2.8936e-17
2e-06	3.6e-05	4.78119e-17
4e-06	3.6e-05	9.6438e-17
6e-06	3.6e-05	3.70972e-17
8e-06	3.6e-05	5.95342e-17
1e-05	3.6e-05	1.22808e-18
1.2e-05	3.6e-05	7.44109e-17
1.4e-05	3.6e-05	4.49452e-17
1.6e-05	3.6e-05	9.92801e-18
1.8e-05	3.6e-05	5.26531e-17
2e-05	3.6e-05	3.69011e-17
2.2e-05	3.6e-05	2.51828e-17
2.4e-05	3.6e-05	3.69068e-17
2.6e-05	3.6e-05	-4.86533e-17
2.8e-05	3.6e-05	-2.92526e-17
3e-05	3.6e-05	-9.45434e-17
3.2e-05	3.6e-05	-1.06697e-17
3.4e-05	3.6e-05	-5.2999e-17
3.6e-05	3.6e-05	7.73894e-17
3.8e-05	3.6e-05	-4.23318e-17

-3.8e-05	3.4e-05	-6.12677e-17
-3.6e-05	3.4e-05	1.57872e-16
-3.4e-05	3.4e-05	1.41019e-17
-3.2e-05	3.4e-05	8.97536e-17
-3e-05	3.4e-05	-2.02179e-16
-2.8e-05	3.4e-05	-3.5146e-17
-2.6e-05	3.4e-05	-9.98135e-17
-2.4e-05	3.4e-05	4.65177e-17
-2.2e-05	3.4e-05	-7.08115e-18
-2e-05	3.4e-05	4.62691e-17
-1.8e-05	3.4e-05	2.8168e-17
-1.6e-05	3.4e-05	-9.78124e-18
-1.4e-05	3.4e-05	6.09932e-17
-1.2e-05	3.4e-05	-1.48426e-17
-1e-05	3.4e-05	1.95082e-17
-8e-06	3.4e-05	-5.99484e-18
-6e-06	3.4e-05	-4.15833e-17
-4e-06	3.4e-05	2.04145e-17
-2e-06	3.4e-05	-7.0958e-18
0	3.4e-05	9.56241e-19
2e-06	3.4e-05	-2.73068e-17
4e-06	3.4e-05	9.08648e-17
6e-06	3.4e-05	4.5576e-17
8e-06	3.4e-05	1.42119e-17
1e-05	3.4e-05	1.73907e-17
1.2e-05	3.4e-05	-2.98822e-17
1.4e-05	3.4e-05	3.54855e-17
1.6e-05	3.4e-05	4.55826e-17
1.8e-05	3.4e-05	4.06312e-18
2e-05	3.4e-05	4.76655e-17
2.2e-05	3.4e-05	4.94012e-17
2.4e-05	3.4e-05	-4.23556e-17
2.6e-05	3.4e-05	1.70309e-17
2.8e-05	3.4e-05	-7.56815e-18
3e-05	3.4e-05	-6.75835e-17
3.2e-05	3.4e-05	-1.38052e-16
3.4e-05	3.4e-05	-8.70205e-18
3.6e-05	3.4e-05	-1.13411e-16
3.8e-05	3.4e-05	9.45867e-17

-3.8e-05	3.2e-05	1.10725e-16
-3.6e-05	3.2e-05	-1.09166e-16
-3.4e-05	3.2e-05	5.83303e-17
-3.2e-05	3.2e-05	-2.81064e-16
-3e-05	3.2e-05	-1.163e-16
-2.8e-05	3.2e-05	5.28287e-19
-2.6e-05	3.2e-05	2.17856e-17
-2.4e-05	3.2e-05	-9.39106e-17
-2.2e-05	3.2e-05	1.31317e-16
-2e-05	3.2e-05	7.23541e-17
-1.8e-05	3.2e-05	2.31383e-18
-1.6e-05	3.2e-05	4.44896e-17
-1.4e-05	3.2e-05	3.29823e-18
-1.2e-05	3.2e-05	-1.15052e-16
-1e-05	3.2e-05	-2.13979e-16
-8e-06	3.2e-05	-2.84892e-16
-6e-06	3.2e-05	-2.80363e-16
-4e-06	3.2e-05	-3.33791e-16
-2e-06	3.2e-05	-4.25987e-16
0	3.2e-05	-3.55779e-16
2e-06	3.2e-05	-3.60707e-16
4e-06	3.2e-05	-3.21529e-16
6e-06	3.2e-05	-1.18918e-16
8e-06	3.2e-05	-9.14983e-17
1e-05	3.2e-05	-8.73641e-17
1.2e-05	3.2e-05	-5.54751e-19
1.4e-05	3.2e-05	-1.55488e-17
1.6e-05	3.2e-05	2.54834e-17
1.8e-05	3.2e-05	6.8054e-17
2e-05	3.2e-05	-1.46613e-17
2.2e-05	3.2e-05	5.70844e-18
2.4e-05	3.2e-05	8.64343e-17
2.6e-05	3.2e-05	-6.5845e-17
2.8e-05	3.2e-05	4.79191e-18
3e-05	3.2e-05	-3.63749e-17
3.2e-05	3.2e-05	-3.6125e-17
3.4e-05	3.2e-05	-1.40538e-16
3.6e-05	3.2e-05	-3.92043e-17
3.8e-05	3.2e-05	-1.83157e-16

-3.8e-05	3e-05	-1.65316e-16
-3.6e-05	3e-05	-4.02524e-18
-3.4e-05	3e-05	-1.95153e-16
-3.2e-05	3e-05	-8.63698e-17
-3e-05	3e-05	5.39046e-18
-2.8e-05	3e-05	6.09013e-18
-2.6e-05	3e-05	-1.70125e-16
-2.4e-05	3e-05	1.53944e-16
-2.2e-05	3e-05	1.14911e-16
-2e-05	3e-05	-7.45382e-18
-1.8e-05	3e-05	5.37965e-18
-1.6e-05	3e-05	-3.09416e-16
-1.4e-05	3e-05	-1.97176e-15
-1.2e-05	3e-05	-5.33819e-15
-1e-05	3e-05	-8.58937e-15
-8e-06	3e-05	-1.11931e-14
-6e-06	3e-05	-1.32376e-14
-4e-06	3e-05	-1.43534e-14
-2e-06	3e-05	-1.46392e-14
0	3e-05	-1.41195e-14
2e-06	3e-05	-1.27059e-14
4e-06	3e-05	-1.07399e-14
6e-06	3e-05	-8.15228e-15
8e-06	3e-05	-5.04012e-15
1e-05	3e-05	-2.20313e-15
1.2e-05	3e-05	-4.2348e-16
1.4e-05	3e-05	-6.33781e-17
1.6e-05	3e-05	4.36486e-17
1.8e-05	3e-05	1.30826e-17
2e-05	3e-05	2.96439e-17
2.2e-05	3e-05	9.34436e-18
2.4e-05	3e-05	3.44918e-17
2.6e-05	3e-05	8.69871e-17
2.8e-05	3e-05	-8.28184e-17
3e-05	3e-05	1.08251e-18
3.2e-05	3e-05	-9.53329e-17
3.4e-05	3e-05	-2.34757e-17
3.6e-05	3e-05	-1.10069e-16
3.8e-05	3e-05	-5.04951e-17

-3.8e-05	2.8e-05	-4.85331e-17
-3.6e-05	2.8e-05	-1.211e-16
-3.4e-05	2.8e-05	-6.44005e-17
-3.2e-05	2.8e-05	-3.89325e-17
-3e-05	2.8e-05	1.42359e-17
-2.8e-05	2.8e-05	-2.17025e-16
-2.6e-05	2.8e-05	1.1133e-16
-2.4e-05	2.8e-05	1.20162e-16
-2.2e-05	2.8e-05	-8.90342e-19
-2e-05	2.8e-05	-5.29918e-17
-1.8e-05	2.8e-05	-1.23052e-15
-1.6e-05	2.8e-05	-1.17263e-14
-1.4e-05	2.8e-05	-7.47059e-14
-1.2e-05	2.8e-05	-2.01923e-13
-1e-05	2.8e-05	-3.25258e-13
-8e-06	2.8e-05	-4.27571e-13
-6e-06	2.8e-05	-5.02401e-13
-4e-06	2.8e-05	-5.4608e-13
-2e-06	2.8e-05	-5.56758e-13
0	2.8e-05	-5.34936e-13
2e-06	2.8e-05	-4.82932e-13
4e-06	2.8e-05	-4.0499e-13
6e-06	2.8e-05	-3.06625e-13
8e-06	2.8e-05	-1.94807e-13
1e-05	2.8e-05	-8.32099e-14
1.2e-05	2.8e-05	-1.36637e-14
1.4e-05	2.8e-05	-1.44871e-15
1.6e-05	2.8e-05	-1.16135e-16
1.8e-05	2.8e-05	1.77465e-17
2e-05	2.8e-05	-3.15432e-19
2.2e-05	2.8e-05	5.02517e-17
2.4e-05	2.8e-05	1.49846e-17
2.6e-05	2.8e-05	5.50346e-17
2.8e-05	2.8e-05	8.08958e-17
3e-05	2.8e-05	-9.14703e-17
3.2e-05	2.8e-05	6.49822e-17
3.4e-05	2.8e-05	-1.56566e-16
3.6e-05	2.8e-05	-2.07304e-17
3.8e-05	2.8e-05	-1.46103e-16

-3.8e-05	2.6e-05	-1.61585e-16
-3.6e-05	2.6e-05	1.31017e-17
-3.4e-05	2.6e-05	-1.56621e-16
-3.2e-05	2.6e-05	5.08324e-17
-3e-05	2.6e-05	-1.76332e-16
-2.8e-05	2.6e-05	1.39108e-16
-2.6e-05	2.6e-05	9.91715e-17
-2.4e-05	2.6e-05	7.46159e-17
-2.2e-05	2.6e-05	-9.21994e-17
-2e-05	2.6e-05	-2.7143e-15
-1.8e-05	2.6e-05	-3.67518e-14
-1.6e-05	2.6e-05	-3.94306e-13
-1.4e-05	2.6e-05	-2.76623e-12
-1.2e-05	2.6e-05	-7.65377e-12
-1e-05	2.6e-05	-1.23425e-11
-8e-06	2.6e-05	-1.62243e-11
-6e-06	2.6e-05	-1.9064e-11
-4e-06	2.6e-05	-2.0718e-11
-2e-06	2.6e-05	-2.11224e-11
0	2.6e-05	-2.02934e-11
2e-06	2.6e-05	-1.83223e-11
4e-06	2.6e-05	-1.53639e-11
6e-06	2.6e-05	-1.16256e-11
8e-06	2.6e-05	-7.37609e-12
1e-05	2.6e-05	-3.11253e-12
1.2e-05	2.6e-05	-4.59875e-13
1.4e-05	2.6e-05	-4.36581e-14
1.6e-05	2.6e-05	-3.19128e-15
1.8e-05	2.6e-05	-1.74609e-16
2e-05	2.6e-05	-1.61852e-17
2.2e-05	2.6e-05	-5.55342e-17
2.4e-05	2.6e-05	6.04499e-17
2.6e-05	2.6e-05	-2.25655e-17
2.8e-05	2.6e-05	6.93619e-17
3e-05	2.6e-05	1.05079e-16
3.2e-05	2.6e-05	-3.4396e-17
3.4e-05	2.6e-05	1.26679e-16
3.6e-05	2.6e-05	-1.02766e-16
3.8e-05	2.6e-05	1.01374e-16

-3.8e-05	2.4e-05	1.49855e-16
-3.6e-05	2.4e-05	-1.21693e-16
-3.4e-05	2.4e-05	1.42343e-16
-3.2e-05	2.4e-05	-4.71759e-17
-3e-05	2.4e-05	2.0113e-16
-2.8e-05	2.4e-05	1.31851e-16
-2.6e-05	2.4e-05	6.71061e-17
-2.4e-05	2.4e-05	-9.76839e-17
-2.2e-05	2.4e-05	-4.0057e-15
-2e-05	2.4e-05	-6.99118e-14
-1.8e-05	2.4e-05	-1.07117e-12
-1.6e-05	2.4e-05	-1.29224e-11
-1.4e-05	2.4e-05	-1.02272e-10
-1.2e-05	2.4e-05	-2.90126e-10
-1e-05	2.4e-05	-4.68347e-10
-8e-06	2.4e-05	-6.15627e-10
-6e-06	2.4e-05	-7.23338e-10
-4e-06	2.4e-05	-7.86059e-10
-2e-06	2.4e-05	-8.01359e-10
0	2.4e-05	-7.69864e-10
2e-06	2.4e-05	-6.95043e-10
4e-06	2.4e-05	-5.82771e-10
6e-06	2.4e-05	-4.40893e-10
8e-06	2.4e-05	-2.79421e-10
1e-05	2.4e-05	-1.1629e-10
1.2e-05	2.4e-05	-1.51847e-11
1.4e-05	2.4e-05	-1.27631e-12
1.6e-05	2.4e-05	-8.39676e-14
1.8e-05	2.4e-05	-4.70563e-15
2e-05	2.4e-05	-2.02138e-16
2.2e-05	2.4e-05	-5.2416e-18
2.4e-05	2.4e-05	-8.77427e-17
2.6e-05	2.4e-05	4.18568e-17
2.8e-05	2.4e-05	-3.61124e-17
3e-05	2.4e-05	4.158e-17
3.2e-05	2.4e-05	5.01987e-17
3.4e-05	2.4e-05	4.00678e-17
3.6e-05	2.4e-05	1.10669e-16
3.8e-05	2.4e-05	3.76723e-17

-3.8e-05	2.2e-05	1.45748e-17
-3.6e-05	2.2e-05	1.38317e-16
-3.4e-05	2.2e-05	6.23768e-17
-3.2e-05	2.2e-05	1.08166e-16
-3e-05	2.2e-05	1.06556e-16
-2.8e-05	2.2e-05	-1.42988e-17
-2.6e-05	2.2e-05	-9.78343e-17
-2.4e-05	2.2e-05	-3.92349e-15
-2.2e-05	2.2e-05	-8.54956e-14
-2e-05	2.2e-05	-1.71262e-12
-1.8e-05	2.2e-05	-2.97203e-11
-1.6e-05	2.2e-05	-4.11956e-10
-1.4e-05	2.2e-05	-3.77551e-09
-1.2e-05	2.2e-05	-1.09997e-08
-1e-05	2.2e-05	-1.77721e-08
-8e-06	2.2e-05	-2.33598e-08
-6e-06	2.2e-05	-2.74453e-08
-4e-06	2.2e-05	-2.98237e-08
-2e-06	2.2e-05	-3.04026e-08
0	2.2e-05	-2.92061e-08
2e-06	2.2e-05	-2.6366e-08
4e-06	2.2e-05	-2.21052e-08
6e-06	2.2e-05	-1.67208e-08
8e-06	2.2e-05	-1.05862e-08
1e-05	2.2e-05	-4.34306e-09
1.2e-05	2.2e-05	-4.87943e-10
1.4e-05	2.2e-05	-3.56239e-11
1.6e-05	2.2e-05	-2.06561e-12
1.8e-05	2.2e-05	-1.03544e-13
2e-05	2.2e-05	-4.71208e-15
2.2e-05	2.2e-05	-1.70342e-16
2.4e-05	2.2e-05	5.0344e-17
2.6e-05	2.2e-05	-5.57082e-17
2.8e-05	2.2e-05	-6.39059e-18
3e-05	2.2e-05	-2.45376e-17
3.2e-05	2.2e-05	2.25532e-17
3.4e-05	2.2e-05	-9.21443e-18
3.6e-05	2.2e-05	9.72921e-17
3.8e-05	2.2e-05	2.13158e-17

-3.8e-05	2e-05	6.73952e-17
-3.6e-05	2e-05	7.16119e-17
-3.4e-05	2e-05	5.43864e-18
-3.2e-05	2e-05	7.63306e-17
-3e-05	2e-05	-1.84776e-17
-2.8e-05	2e-05	-5.57968e-17
-2.6e-05	2e-05	-2.59981e-15
-2.4e-05	2e-05	-6.83382e-14
-2.2e-05	2e-05	-1.69319e-12
-2e-05	2e-05	-3.84735e-11
-1.8e-05	2e-05	-7.71304e-10
-1.6e-05	2e-05	-1.26217e-08
-1.4e-05	2e-05	-1.39155e-07
-1.2e-05	2e-05	-4.17126e-07
-1e-05	2e-05	-6.74401e-07
-8e-06	2e-05	-8.86381e-07
-6e-06	2e-05	-1.04135e-06
-4e-06	2e-05	-1.13153e-06
-2e-06	2e-05	-1.15344e-06
0	2e-05	-1.10798e-06
2e-06	2e-05	-1.00018e-06
4e-06	2e-05	-8.3848e-07
6e-06	2e-05	-6.34141e-07
8e-06	2e-05	-4.0112e-07
1e-05	2e-05	-1.62127e-07
1.2e-05	2e-05	-1.50784e-08
1.4e-05	2e-05	-9.3035e-10
1.6e-05	2e-05	-4.66218e-11
1.8e-05	2e-05	-2.05671e-12
2e-05	2e-05	-8.3214e-14
2.2e-05	2e-05	-3.17756e-15
2.4e-05	2e-05	-1.41799e-16
2.6e-05	2e-05	4.50608e-17
2.8e-05	2e-05	-6.5576e-17
3e-05	2e-05	2.24082e-17
3.2e-05	2e-05	-5.0492e-17
3.4e-05	2e-05	7.53594e-17
3.6e-05	2e-05	-6.23479e-17
3.8e-05	2e-05	5.64262e-17

-3.8e-05	1.8e-05	4.39011e-17
-3.6e-05	1.8e-05	1.19522e-18
-3.4e-05	1.8e-05	7.06593e-17
-3.2e-05	1.8e-05	-1.77722e-17
-3e-05	1.8e-05	1.80482e-17
-2.8e-05	1.8e-05	-1.13894e-15
-2.6e-05	1.8e-05	-3.49616e-14
-2.4e-05	1.8e-05	-1.03109e-12
-2.2e-05	1.8e-05	-2.89459e-11
-2e-05	1.8e-05	-7.60649e-10
-1.8e-05	1.8e-05	-1.80904e-08
-1.6e-05	1.8e-05	-3.63354e-07
-1.4e-05	1.8e-05	-5.11969e-06
-1.2e-05	1.8e-05	-1.58216e-05
-1e-05	1.8e-05	-2.55919e-05
-8e-06	1.8e-05	-3.36335e-05
-6e-06	1.8e-05	-3.95115e-05
-4e-06	1.8e-05	-4.29313e-05
-2e-06	1.8e-05	-4.37602e-05
0	1.8e-05	-4.20333e-05
2e-06	1.8e-05	-3.7941e-05
4e-06	1.8e-05	-3.18046e-05
6e-06	1.8e-05	-2.40502e-05
8e-06	1.8e-05	-1.52006e-05
1e-05	1.8e-05	-6.04943e-06
1.2e-05	1.8e-05	-4.38184e-07
1.4e-05	1.8e-05	-2.19667e-08
1.6e-05	1.8e-05	-9.26056e-10
1.8e-05	1.8e-05	-3.52653e-11
2e-05	1.8e-05	-1.25592e-12
2.2e-05	1.8e-05	-4.26544e-14
2.4e-05	1.8e-05	-1.36882e-15
2.6e-05	1.8e-05	-9.34676e-17
2.8e-05	1.8e-05	8.73621e-18
3e-05	1.8e-05	-1.36061e-17
3.2e-05	1.8e-05	7.95425e-17
3.4e-05	1.8e-05	-5.05381e-17
3.6e-05	1.8e-05	3.77468e-17
3.8e-05	1.8e-05	-3.2436e-17

-3.8e-05	1.6e-05	2.61285e-17
-3.6e-05	1.6e-05	9.66355e-17
-3.4e-05	1.6e-05	-1.73885e-17
-3.2e-05	1.6e-05	6.74609e-17
-3e-05	1.6e-05	-2.76409e-16
-2.8e-05	1.6e-05	-1.06401e-14
-2.6e-05	1.6e-05	-3.63702e-13
-2.4e-05	1.6e-05	-1.21005e-11
-2.2e-05	1.6e-05	-3.9177e-10
-2e-05	1.6e-05	-1.21973e-08
-1.8e-05	1.6e-05	-3.57043e-07
-1.6e-05	1.6e-05	-9.34988e-06
-1.4e-05	1.6e-05	-0.000187986
-1.2e-05	1.6e-05	-0.000600261
-1e-05	1.6e-05	-0.000971162
-8e-06	1.6e-05	-0.00127622
-6e-06	1.6e-05	-0.00149917
-4e-06	1.6e-05	-0.00162885
-2e-06	1.6e-05	-0.00166021
0	1.6e-05	-0.0015946
2e-06	1.6e-05	-0.00143926
4e-06	1.6e-05	-0.00120639
6e-06	1.6e-05	-0.000912128
8e-06	1.6e-05	-0.000576105
1e-05	1.6e-05	-0.000225612
1.2e-05	1.6e-05	-1.14001e-05
1.4e-05	1.6e-05	-4.36579e-07
1.6e-05	1.6e-05	-1.49074e-08
1.8e-05	1.6e-05	-4.77959e-10
2e-05	1.6e-05	-1.47267e-11
2.2e-05	1.6e-05	-4.4155e-13
2.4e-05	1.6e-05	-1.30296e-14
2.6e-05	1.6e-05	-3.664e-16
2.8e-05	1.6e-05	-6.0592e-17
3e-05	1.6e-05	5.38109e-17
3.2e-05	1.6e-05	-6.87108e-17
3.4e-05	1.6e-05	5.31112e-17
3.6e-05	1.6e-05	-1.66133e-17
3.8e-05	1.6e-05	7.21497e-17

-3.8e-05	1.4e-05	1.10465e-16
-3.6e-05	1.4e-05	1.82259e-17
-3.4e-05	1.4e-05	8.60777e-17
-3.2e-05	1.4e-05	-1.94047e-17
-3e-05	1.4e-05	-1.56764e-15
-2.8e-05	1.4e-05	-6.26511e-14
-2.6e-05	1.4e-05	-2.37142e-12
-2.4e-05	1.4e-05	-8.97306e-11
-2.2e-05	1.4e-05	-3.39596e-09
-2e-05	1.4e-05	-1.28559e-07
-1.8e-05	1.4e-05	-4.86828e-06
-1.6e-05	1.4e-05	-0.000184417
-1.4e-05	1.4e-05	-0.00688721
-1.2e-05	1.4e-05	-0.0227795
-1e-05	1.4e-05	-0.0368539
-8e-06	1.4e-05	-0.0484258
-6e-06	1.4e-05	-0.0568826
-4e-06	1.4e-05	-0.0617997
-2e-06	1.4e-05	-0.0629865
0	1.4e-05	-0.0604941
2e-06	1.4e-05	-0.0545975
4e-06	1.4e-05	-0.04576
6e-06	1.4e-05	-0.0345936
8e-06	1.4e-05	-0.0218375
1e-05	1.4e-05	-0.00840992
1.2e-05	1.4e-05	-0.000228453
1.4e-05	1.4e-05	-5.98553e-06
1.6e-05	1.4e-05	-1.56922e-07
1.8e-05	1.4e-05	-4.11643e-09
2e-05	1.4e-05	-1.08042e-10
2.2e-05	1.4e-05	-2.83708e-12
2.4e-05	1.4e-05	-7.45632e-14
2.6e-05	1.4e-05	-2.00743e-15
2.8e-05	1.4e-05	-6.50548e-17
3e-05	1.4e-05	-5.3136e-17
3.2e-05	1.4e-05	-1.79647e-17
3.4e-05	1.4e-05	-3.05181e-17
3.6e-05	1.4e-05	1.20796e-16
3.8e-05	1.4e-05	-5.41857e-17

-3.8e-05	1.2e-05	1.34346e-17
-3.6e-05	1.2e-05	5.80933e-17
-3.4e-05	1.2e-05	-3.45952e-17
-3.2e-05	1.2e-05	-2.91157e-17
-3e-05	1.2e-05	-3.06668e-15
-2.8e-05	1.2e-05	-1.1777e-13
-2.6e-05	1.2e-05	-4.48176e-12
-2.4e-05	1.2e-05	-1.70432e-10
-2.2e-05	1.2e-05	-6.48142e-09
-2e-05	1.2e-05	-2.46496e-07
-1.8e-05	1.2e-05	-9.37491e-06
-1.6e-05	1.2e-05	-0.000356569
-1.4e-05	1.2e-05	-0.013279
-1.2e-05	1.2e-05	-0.0412164
-1e-05	1.2e-05	-0.0662433
-8e-06	1.2e-05	-0.0868698
-6e-06	1.2e-05	-0.101921
-4e-06	1.2e-05	-0.110616
-2e-06	1.2e-05	-0.112617
0	1.2e-05	-0.108031
2e-06	1.2e-05	-0.0973697
4e-06	1.2e-05	-0.0814728
6e-06	1.2e-05	-0.0614204
8e-06	1.2e-05	-0.0384402
1e-05	1.2e-05	-0.0138186
1.2e-05	1.2e-05	-0.000373966
1.4e-05	1.2e-05	-9.81718e-06
1.6e-05	1.2e-05	-2.57713e-07
1.8e-05	1.2e-05	-6.76525e-09
2e-05	1.2e-05	-1.77596e-10
2.2e-05	1.2e-05	-4.66221e-12
2.4e-05	1.2e-05	-1.22365e-13
2.6e-05	1.2e-05	-3.24611e-15
2.8e-05	1.2e-05	-1.00205e-16
3e-05	1.2e-05	-4.40141e-17
3.2e-05	1.2e-05	-2.91711e-18
3.4e-05	1.2e-05	5.09976e-17
3.6e-05	1.2e-05	-6.98228e-17
3.8e-05	1.2e-05	4.15481e-17

-3.8e-05	1e-05	-2.22627e-18
-3.6e-05	1e-05	6.97308e-17
-3.4e-05	1e-05	2.13884e-17
-3.2e-05	1e-05	-3.85264e-17
-3e-05	1e-05	-3.98903e-15
-2.8e-05	1e-05	-1.55704e-13
-2.6e-05	1e-05	-5.93293e-12
-2.4e-05	1e-05	-2.25765e-10
-2.2e-05	1e-05	-8.59078e-09
-2e-05	1e-05	-3.26896e-07
-1.8e-05	1e-05	-1.24392e-05
-1.6e-05	1e-05	-0.000473343
-1.4e-05	1e-05	-0.0175773
-1.2e-05	1e-05	-0.0525031
-1e-05	1e-05	-0.0838633
-8e-06	1e-05	-0.109685
-6e-06	1e-05	-0.128437
-4e-06	1e-05	-0.139126
-2e-06	1e-05	-0.141345
0	1e-05	-0.135275
2e-06	1e-05	-0.12161
4e-06	1e-05	-0.101454
6e-06	1e-05	-0.0761827
8e-06	1e-05	-0.0473011
1e-05	1e-05	-0.0163208
1.2e-05	1e-05	-0.000440362
1.4e-05	1e-05	-1.15632e-05
1.6e-05	1e-05	-3.03627e-07
1.8e-05	1e-05	-7.97261e-09
2e-05	1e-05	-2.09342e-10
2.2e-05	1e-05	-5.49645e-12
2.4e-05	1e-05	-1.44163e-13
2.6e-05	1e-05	-3.65136e-15
2.8e-05	1e-05	-1.0782e-16
3e-05	1e-05	6.78678e-17
3.2e-05	1e-05	-1.92248e-17
3.4e-05	1e-05	-4.41607e-18
3.6e-05	1e-05	1.5825e-17
3.8e-05	1e-05	7.53784e-17

-3.8e-05	8e-06	1.88108e-16
-3.6e-05	8e-06	3.19752e-17
-3.4e-05	8e-06	2.74325e-16
-3.2e-05	8e-06	9.43418e-16
-3e-05	8e-06	-1.17682e-15
-2.8e-05	8e-06	-1.61504e-13
-2.6e-05	8e-06	-6.3603e-12
-2.4e-05	8e-06	-2.42439e-10
-2.2e-05	8e-06	-9.22683e-09
-2e-05	8e-06	-3.51134e-07
-1.8e-05	8e-06	-1.33627e-05
-1.6e-05	8e-06	-0.000508528
-1.4e-05	8e-06	-0.0188382
-1.2e-05	8e-06	-0.0545396
-1e-05	8e-06	-0.0865514
-8e-06	8e-06	-0.112796
-6e-06	8e-06	-0.131666
-4e-06	8e-06	-0.142144
-2e-06	8e-06	-0.143863
0	8e-06	-0.137092
2e-06	8e-06	-0.122655
4e-06	8e-06	-0.101787
6e-06	8e-06	-0.0759593
8e-06	8e-06	-0.0467148
1e-05	8e-06	-0.0155265
1.2e-05	8e-06	-0.000417664
1.4e-05	8e-06	-1.09662e-05
1.6e-05	8e-06	-2.87929e-07
1.8e-05	8e-06	-7.55979e-09
2e-05	8e-06	-1.98466e-10
2.2e-05	8e-06	-5.19809e-12
2.4e-05	8e-06	-1.29062e-13
2.6e-05	8e-06	7.54247e-16
2.8e-05	8e-06	2.23016e-15
3e-05	8e-06	8.13864e-16
3.2e-05	8e-06	2.03341e-16
3.4e-05	8e-06	5.42141e-18
3.6e-05	8e-06	7.99737e-17
3.8e-05	8e-06	-4.65773e-17

-3.8e-05	6e-06	-8.83827e-18
-3.6e-05	6e-06	7.19909e-16
-3.4e-05	6e-06	5.48423e-15
-3.2e-05	6e-06	3.8687e-14
-3e-05	6e-06	1.10949e-13
-2.8e-05	6e-06	7.7297e-14
-2.6e-05	6e-06	-5.29255e-12
-2.4e-05	6e-06	-2.16018e-10
-2.2e-05	6e-06	-8.24583e-09
-2e-05	6e-06	-3.13843e-07
-1.8e-05	6e-06	-1.19435e-05
-1.6e-05	6e-06	-0.000454519
-1.4e-05	6e-06	-0.0167926
-1.2e-05	6e-06	-0.046953
-1e-05	6e-06	-0.0738802
-8e-06	6e-06	-0.0957479
-6e-06	6e-06	-0.111147
-4e-06	6e-06	-0.119225
-2e-06	6e-06	-0.119753
0	6e-06	-0.113113
2e-06	6e-06	-0.100194
4e-06	6e-06	-0.0822322
6e-06	6e-06	-0.0606118
8e-06	6e-06	-0.0366695
1e-05	6e-06	-0.0115448
1.2e-05	6e-06	-0.000309084
1.4e-05	6e-06	-8.11232e-06
1.6e-05	6e-06	-2.12914e-07
1.8e-05	6e-06	-5.5867e-09
2e-05	6e-06	-1.45811e-10
2.2e-05	6e-06	-3.34792e-12
2.4e-05	6e-06	1.91464e-13
2.6e-05	6e-06	1.63067e-13
2.8e-05	6e-06	8.54631e-14
3e-05	6e-06	3.21586e-14
3.2e-05	6e-06	4.61502e-15
3.4e-05	6e-06	4.68533e-16
3.6e-05	6e-06	5.34793e-17
3.8e-05	6e-06	4.72451e-17

-3.8e-05	4e-06	1.08625e-15
-3.6e-05	4e-06	1.46902e-14
-3.4e-05	4e-06	1.77386e-13
-3.2e-05	4e-06	1.42238e-12
-3e-05	4e-06	4.31733e-12
-2.8e-05	4e-06	8.42451e-12
-2.6e-05	4e-06	1.10985e-11
-2.4e-05	4e-06	-1.27036e-10
-2.2e-05	4e-06	-5.77896e-09
-2e-05	4e-06	-2.21529e-07
-1.8e-05	4e-06	-8.43285e-06
-1.6e-05	4e-06	-0.000320909
-1.4e-05	4e-06	-0.0118057
-1.2e-05	4e-06	-0.0311387
-1e-05	4e-06	-0.0482347
-8e-06	4e-06	-0.0617969
-6e-06	4e-06	-0.0708198
-4e-06	4e-06	-0.0747529
-2e-06	4e-06	-0.0735808
0	4e-06	-0.0678015
2e-06	4e-06	-0.0583183
4e-06	4e-06	-0.0462639
6e-06	4e-06	-0.032791
8e-06	4e-06	-0.0188559
1e-05	4e-06	-0.00503635
1.2e-05	4e-06	-0.000132605
1.4e-05	4e-06	-3.47317e-06
1.6e-05	4e-06	-9.08777e-08
1.8e-05	4e-06	-2.32785e-09
2e-05	4e-06	-3.03327e-11
2.2e-05	4e-06	1.72129e-11
2.4e-05	4e-06	1.09548e-11
2.6e-05	4e-06	6.23041e-12
2.8e-05	4e-06	3.21383e-12
3e-05	4e-06	1.19149e-12
3.2e-05	4e-06	1.52355e-13
3.4e-05	4e-06	1.26655e-14
3.6e-05	4e-06	8.27962e-16
3.8e-05	4e-06	1.16811e-16

-3.8e-05	2e-06	2.3236e-14
-3.6e-05	2e-06	4.04466e-13
-3.4e-05	2e-06	5.63613e-12
-3.2e-05	2e-06	5.22314e-11
-3e-05	2e-06	1.62335e-10
-2.8e-05	2e-06	3.20704e-10
-2.6e-05	2e-06	5.66808e-10
-2.4e-05	2e-06	9.14265e-10
-2.2e-05	2e-06	-7.18325e-10
-2e-05	2e-06	-8.80204e-08
-1.8e-05	2e-06	-3.45422e-06
-1.6e-05	2e-06	-0.000131638
-1.4e-05	2e-06	-0.00477283
-1.2e-05	2e-06	-0.0099605
-1e-05	2e-06	-0.0143491
-8e-06	2e-06	-0.0173011
-6e-06	2e-06	-0.0182953
-4e-06	2e-06	-0.0171397
-2e-06	2e-06	-0.0140548
0	2e-06	-0.00964434
2e-06	2e-06	-0.0047785
4e-06	2e-06	-0.000421548
6e-06	2e-06	0.00257185
8e-06	2e-06	0.00367592
1e-05	2e-06	0.00293188
1.2e-05	2e-06	8.30427e-05
1.4e-05	2e-06	2.2048e-06
1.6e-05	2e-06	6.17746e-08
1.8e-05	2e-06	3.59779e-09
2e-05	2e-06	1.24596e-09
2.2e-05	2e-06	7.09637e-10
2.4e-05	2e-06	4.13534e-10
2.6e-05	2e-06	2.34305e-10
2.8e-05	2e-06	1.20747e-10
3e-05	2e-06	4.41504e-11
3.2e-05	2e-06	4.87382e-12
3.4e-05	2e-06	3.53008e-13
3.6e-05	2e-06	2.04158e-14
3.8e-05	2e-06	1.94319e-15

-3.8e-05	0	5.20246e-13
-3.6e-05	0	1.04664e-11
-3.4e-05	0	1.72108e-10
-3.2e-05	0	1.915e-09
-3e-05	0	6.10102e-09
-2.8e-05	0	1.20607e-08
-2.6e-05	0	2.13734e-08
-2.4e-05	0	3.6764e-08
-2.2e-05	0	6.4219e-08
-2e-05	0	1.63852e-07
-1.8e-05	0	2.31235e-06
-1.6e-05	0	8.09819e-05
-1.4e-05	0	0.00309009
-1.2e-05	0	0.0128498
-1e-05	0	0.0216026
-8e-06	0	0.0294601
-6e-06	0	0.0365451
-4e-06	0	0.0427282
-2e-06	0	0.0475761
0	0	0.0504117
2e-06	0	0.0504366
4e-06	0	0.0468873
6e-06	0	0.0391962
8e-06	0	0.0271586
1e-05	0	0.0111869
1.2e-05	0	0.000307775
1.4e-05	0	8.35531e-06
1.6e-05	0	3.47705e-07
1.8e-05	0	8.28837e-08
2e-05	0	4.54452e-08
2.2e-05	0	2.66426e-08
2.4e-05	0	1.55479e-08
2.6e-05	0	8.80986e-09
2.8e-05	0	4.53696e-09
3e-05	0	1.63509e-09
3.2e-05	0	1.49841e-10
3.4e-05	0	9.18053e-12
3.6e-05	0	4.58441e-13
3.8e-05	0	3.39838e-14

-3.8e-05	-2e-06	1.0248e-11
-3.6e-05	-2e-06	2.4465e-10
-3.4e-05	-2e-06	4.93717e-09
-3.2e-05	-2e-06	7.00962e-08
-3e-05	-2e-06	2.29334e-07
-2.8e-05	-2e-06	4.53509e-07
-2.6e-05	-2e-06	8.03553e-07
-2.4e-05	-2e-06	1.38063e-06
-2.2e-05	-2e-06	2.36288e-06
-2e-05	-2e-06	4.25025e-06
-1.8e-05	-2e-06	1.4587e-05
-1.6e-05	-2e-06	0.000297501
-1.4e-05	-2e-06	0.0106401
-1.2e-05	-2e-06	0.0335306
-1e-05	-2e-06	0.0531764
-8e-06	-2e-06	0.0698026
-6e-06	-2e-06	0.083367
-4e-06	-2e-06	0.0935013
-2e-06	-2e-06	0.0996064
0	-2e-06	0.100973
2e-06	-2e-06	0.0969145
4e-06	-2e-06	0.086893
6e-06	-2e-06	0.0705995
8e-06	-2e-06	0.0479459
1e-05	-2e-06	0.0190143
1.2e-05	-2e-06	0.000553087
1.4e-05	-2e-06	2.31062e-05
1.6e-05	-2e-06	5.37583e-06
1.8e-05	-2e-06	2.91087e-06
2e-05	-2e-06	1.7028e-06
2.2e-05	-2e-06	1.00152e-06
2.4e-05	-2e-06	5.84602e-07
2.6e-05	-2e-06	3.31254e-07
2.8e-05	-2e-06	1.7049e-07
3e-05	-2e-06	6.05203e-08
3.2e-05	-2e-06	4.33055e-09
3.4e-05	-2e-06	2.15712e-10
3.6e-05	-2e-06	9.05699e-12
3.8e-05	-2e-06	5.05576e-13

-3.8e-05	-4e-06	1.63404e-10
-3.6e-05	-4e-06	4.80532e-09
-3.4e-05	-4e-06	1.26514e-07
-3.2e-05	-4e-06	2.56113e-06
-3e-05	-4e-06	8.62228e-06
-2.8e-05	-4e-06	1.70532e-05
-2.6e-05	-4e-06	3.02117e-05
-2.4e-05	-4e-06	5.18931e-05
-2.2e-05	-4e-06	8.85998e-05
-2e-05	-4e-06	0.0001525
-1.8e-05	-4e-06	0.000278057
-1.6e-05	-4e-06	0.000938436
-1.4e-05	-4e-06	0.0180982
-1.2e-05	-4e-06	0.0492716
-1e-05	-4e-06	0.0747896
-8e-06	-4e-06	0.0961684
-6e-06	-4e-06	0.11327
-4e-06	-4e-06	0.12548
-2e-06	-4e-06	0.132062
0	-4e-06	0.132312
2e-06	-4e-06	0.125699
4e-06	-4e-06	0.11196
6e-06	-4e-06	0.09113
8e-06	-4e-06	0.063308
1e-05	-4e-06	0.0275496
1.2e-05	-4e-06	0.00159932
1.4e-05	-4e-06	0.000355277
1.6e-05	-4e-06	0.000188167
1.8e-05	-4e-06	0.000109002
2e-05	-4e-06	6.39955e-05
2.2e-05	-4e-06	3.76534e-05
2.4e-05	-4e-06	2.19813e-05
2.6e-05	-4e-06	1.24554e-05
2.8e-05	-4e-06	6.4074e-06
3e-05	-4e-06	2.23872e-06
3.2e-05	-4e-06	1.11932e-07
3.4e-05	-4e-06	4.2596e-09
3.6e-05	-4e-06	1.44763e-10
3.8e-05	-4e-06	5.8349e-12

-3.8e-05	-6e-06	1.70013e-09
-3.6e-05	-6e-06	6.48433e-08
-3.4e-05	-6e-06	2.47789e-06
-3.2e-05	-6e-06	9.33875e-05
-3e-05	-6e-06	0.000324244
-2.8e-05	-6e-06	0.00064125
-2.6e-05	-6e-06	0.0011359
-2.4e-05	-6e-06	0.0019507
-2.2e-05	-6e-06	0.00332898
-2e-05	-6e-06	0.00571489
-1.8e-05	-6e-06	0.00999083
-1.6e-05	-6e-06	0.0181288
-1.4e-05	-6e-06	0.0348709
-1.2e-05	-6e-06	0.0586409
-1e-05	-6e-06	0.0822861
-8e-06	-6e-06	0.103338
-6e-06	-6e-06	0.120414
-4e-06	-6e-06	0.13246
-2e-06	-6e-06	0.138612
0	-6e-06	0.138219
2e-06	-6e-06	0.130927
4e-06	-6e-06	0.11679
6e-06	-6e-06	0.0964077
8e-06	-6e-06	0.0711534
1e-05	-6e-06	0.0439425
1.2e-05	-6e-06	0.022659
1.4e-05	-6e-06	0.0123674
1.6e-05	-6e-06	0.0070395
1.8e-05	-6e-06	0.00409485
2e-05	-6e-06	0.0024055
2.2e-05	-6e-06	0.00141565
2.4e-05	-6e-06	0.000826508
2.6e-05	-6e-06	0.000468335
2.8e-05	-6e-06	0.000240834
3e-05	-6e-06	8.27602e-05
3.2e-05	-6e-06	2.21955e-06
3.4e-05	-6e-06	5.76942e-08
3.6e-05	-6e-06	1.50253e-09
3.8e-05	-6e-06	4.24737e-11

-3.8e-05	-8e-06	2.79478e-09
-3.6e-05	-8e-06	1.03295e-07
-3.4e-05	-8e-06	3.94146e-06
-3.2e-05	-8e-06	0.000147816
-3e-05	-8e-06	0.00047457
-2.8e-05	-8e-06	0.000931273
-2.6e-05	-8e-06	0.00164418
-2.4e-05	-8e-06	0.00280986
-2.2e-05	-8e-06	0.00474914
-2e-05	-8e-06	0.00799228
-1.8e-05	-8e-06	0.0134029
-1.6e-05	-8e-06	0.0222899
-1.4e-05	-8e-06	0.0361037
-1.2e-05	-8e-06	0.0538212
-1e-05	-8e-06	0.0722906
-8e-06	-8e-06	0.0892585
-6e-06	-8e-06	0.103195
-4e-06	-8e-06	0.113001
-2e-06	-8e-06	0.117873
0	-8e-06	0.117286
2e-06	-8e-06	0.11104
4e-06	-8e-06	0.0993587
6e-06	-8e-06	0.0830244
8e-06	-8e-06	0.0635873
1e-05	-8e-06	0.0436818
1.2e-05	-8e-06	0.0271959
1.4e-05	-8e-06	0.0163969
1.6e-05	-8e-06	0.0097893
1.8e-05	-8e-06	0.00582587
2e-05	-8e-06	0.00346033
2.2e-05	-8e-06	0.00204738
2.4e-05	-8e-06	0.00119832
2.6e-05	-8e-06	0.000679224
2.8e-05	-8e-06	0.000347047
3e-05	-8e-06	0.00011007
3.2e-05	-8e-06	2.94185e-06
3.4e-05	-8e-06	7.7074e-08
3.6e-05	-8e-06	2.07985e-09
3.8e-05	-8e-06	9.75355e-11

-3.8e-05	-1e-05	6.44609e-09
-3.6e-05	-1e-05	1.13089e-07
-3.4e-05	-1e-05	3.53095e-06
-3.2e-05	-1e-05	0.000127497
-3e-05	-1e-05	0.000379108
-2.8e-05	-1e-05	0.000737769
-2.6e-05	-1e-05	0.00129837
-2.4e-05	-1e-05	0.00220953
-2.2e-05	-1e-05	0.00370621
-2e-05	-1e-05	0.00615132
-1.8e-05	-1e-05	0.0100669
-1.6e-05	-1e-05	0.0160833
-1.4e-05	-1e-05	0.0246201
-1.2e-05	-1e-05	0.0351121
-1e-05	-1e-05	0.0461507
-8e-06	-1e-05	0.0564228
-6e-06	-1e-05	0.064918
-4e-06	-1e-05	0.070893
-2e-06	-1e-05	0.0738215
0	-1e-05	0.0733819
2e-06	-1e-05	0.0694843
4e-06	-1e-05	0.0623271
6e-06	-1e-05	0.052478
8e-06	-1e-05	0.0409682
1e-05	-1e-05	0.0293389
1.2e-05	-1e-05	0.0194075
1.4e-05	-1e-05	0.0122326
1.6e-05	-1e-05	0.00750542
1.8e-05	-1e-05	0.00453693
2e-05	-1e-05	0.00271792
2.2e-05	-1e-05	0.00161546
2.4e-05	-1e-05	0.000947672
2.6e-05	-1e-05	0.000537395
2.8e-05	-1e-05	0.000273348
3e-05	-1e-05	8.16707e-05
3.2e-05	-1e-05	2.2917e-06
3.4e-05	-1e-05	7.41486e-08
3.6e-05	-1e-05	4.326e-09
3.8e-05	-1e-05	1.0971e-09

-3.8e-05	-1.2e-05	1.40686e-07
-3.6e-05	-1.2e-05	8.7232e-07
-3.4e-05	-1.2e-05	5.44318e-06
-3.2e-05	-1.2e-05	3.19111e-05
-3e-05	-1.2e-05	8.40565e-05
-2.8e-05	-1.2e-05	0.000162244
-2.6e-05	-1.2e-05	0.000285061
-2.4e-05	-1.2e-05	0.000484334
-2.2e-05	-1.2e-05	0.0008102
-2e-05	-1.2e-05	0.00133834
-1.8e-05	-1.2e-05	0.00217303
-1.6e-05	-1.2e-05	0.00343032
-1.4e-05	-1.2e-05	0.00517169
-1.2e-05	-1.2e-05	0.00728558
-1e-05	-1.2e-05	0.00951229
-8e-06	-1.2e-05	0.0115915
-6e-06	-1.2e-05	0.0133148
-4e-06	-1.2e-05	0.0145268
-2e-06	-1.2e-05	0.0151183
0	-1.2e-05	0.015024
2e-06	-1.2e-05	0.0142276
4e-06	-1.2e-05	0.0127736
6e-06	-1.2e-05	0.0107828
8e-06	-1.2e-05	0.0084685
1e-05	-1.2e-05	0.00613644
1.2e-05	-1.2e-05	0.00412549
1.4e-05	-1.2e-05	0.00263472
1.6e-05	-1.2e-05	0.00163079
1.8e-05	-1.2e-05	0.000991053
2e-05	-1.2e-05	0.000595521
2.2e-05	-1.2e-05	0.00035456
2.4e-05	-1.2e-05	0.000208186
2.6e-05	-1.2e-05	0.000118161
2.8e-05	-1.2e-05	6.05562e-05
3e-05	-1.2e-05	2.14731e-05
3.2e-05	-1.2e-05	3.6535e-06
3.4e-05	-1.2e-05	5.85935e-07
3.6e-05	-1.2e-05	9.53111e-08
3.8e-05	-1.2e-05	1.85402e-08

-3.8e-05	-1.4e-05	9.17746e-08
-3.6e-05	-1.4e-05	4.46222e-07
-3.4e-05	-1.4e-05	2.01838e-06
-3.2e-05	-1.4e-05	7.73265e-06
-3e-05	-1.4e-05	1.86927e-05
-2.8e-05	-1.4e-05	3.56902e-05
-2.6e-05	-1.4e-05	6.25544e-05
-2.4e-05	-1.4e-05	0.00010606
-2.2e-05	-1.4e-05	0.000176827
-2e-05	-1.4e-05	0.000290489
-1.8e-05	-1.4e-05	0.00046766
-1.6e-05	-1.4e-05	0.000729535
-1.4e-05	-1.4e-05	0.00108488
-1.2e-05	-1.4e-05	0.00151157
-1e-05	-1.4e-05	0.00196098
-8e-06	-1.4e-05	0.00238175
-6e-06	-1.4e-05	0.00273116
-4e-06	-1.4e-05	0.00297691
-2e-06	-1.4e-05	0.00309637
0	-1.4e-05	0.00307624
2e-06	-1.4e-05	0.00291367
4e-06	-1.4e-05	0.0026185
6e-06	-1.4e-05	0.00221625
8e-06	-1.4e-05	0.00175067
1e-05	-1.4e-05	0.00128213
1.2e-05	-1.4e-05	0.000874454
1.4e-05	-1.4e-05	0.000565678
1.6e-05	-1.4e-05	0.000353429
1.8e-05	-1.4e-05	0.0002161
2e-05	-1.4e-05	0.000130337
2.2e-05	-1.4e-05	7.77669e-05
2.4e-05	-1.4e-05	4.57216e-05
2.6e-05	-1.4e-05	2.59971e-05
2.8e-05	-1.4e-05	1.34753e-05
3e-05	-1.4e-05	5.34099e-06
3.2e-05	-1.4e-05	1.37844e-06
3.4e-05	-1.4e-05	3.03401e-07
3.6e-05	-1.4e-05	6.24126e-08
3.8e-05	-1.4e-05	1.40455e-08

-3.8e-05	-1.6e-05	3.92884e-08
-3.6e-05	-1.6e-05	1.59973e-07
-3.4e-05	-1.6e-05	5.92083e-07
-3.2e-05	-1.6e-05	1.83381e-06
-3e-05	-1.6e-05	4.16124e-06
-2.8e-05	-1.6e-05	7.85212e-06
-2.6e-05	-1.6e-05	1.37186e-05
-2.4e-05	-1.6e-05	2.31984e-05
-2.2e-05	-1.6e-05	3.85246e-05
-2e-05	-1.6e-05	6.29008e-05
-1.8e-05	-1.6e-05	0.000100367
-1.6e-05	-1.6e-05	0.000154775
-1.4e-05	-1.6e-05	0.000227311
-1.2e-05	-1.6e-05	0.000313566
-1e-05	-1.6e-05	0.000404323
-8e-06	-1.6e-05	0.00048946
-6e-06	-1.6e-05	0.000560274
-4e-06	-1.6e-05	0.000610085
-2e-06	-1.6e-05	0.000634206
0	-1.6e-05	0.000629937
2e-06	-1.6e-05	0.000596784
4e-06	-1.6e-05	0.0005369
6e-06	-1.6e-05	0.000455639
8e-06	-1.6e-05	0.000361919
1e-05	-1.6e-05	0.000267635
1.2e-05	-1.6e-05	0.000184912
1.4e-05	-1.6e-05	0.000121103
1.6e-05	-1.6e-05	7.64002e-05
1.8e-05	-1.6e-05	4.70303e-05
2e-05	-1.6e-05	2.84889e-05
2.2e-05	-1.6e-05	1.70434e-05
2.4e-05	-1.6e-05	1.00379e-05
2.6e-05	-1.6e-05	5.72231e-06
2.8e-05	-1.6e-05	3.00376e-06
3e-05	-1.6e-05	1.28618e-06
3.2e-05	-1.6e-05	4.09595e-07
3.4e-05	-1.6e-05	1.09863e-07
3.6e-05	-1.6e-05	2.67737e-08
3.8e-05	-1.6e-05	6.85499e-09

-3.8e-05	-1.8e-05	1.38292e-08
-3.6e-05	-1.8e-05	4.89942e-08
-3.4e-05	-1.8e-05	1.57498e-07
-3.2e-05	-1.8e-05	4.28335e-07
-3e-05	-1.8e-05	9.26244e-07
-2.8e-05	-1.8e-05	1.72735e-06
-2.6e-05	-1.8e-05	3.00636e-06
-2.4e-05	-1.8e-05	5.06761e-06
-2.2e-05	-1.8e-05	8.37773e-06
-2e-05	-1.8e-05	1.35883e-05
-1.8e-05	-1.8e-05	2.14861e-05
-1.6e-05	-1.8e-05	3.27682e-05
-1.4e-05	-1.8e-05	4.75785e-05
-1.2e-05	-1.8e-05	6.50359e-05
-1e-05	-1.8e-05	8.33746e-05
-8e-06	-1.8e-05	0.0001006
-6e-06	-1.8e-05	0.000114947
-4e-06	-1.8e-05	0.000125039
-2e-06	-1.8e-05	0.000129909
0	-1.8e-05	0.000129008
2e-06	-1.8e-05	0.000122253
4e-06	-1.8e-05	0.00011011
6e-06	-1.8e-05	9.36959e-05
8e-06	-1.8e-05	7.48191e-05
1e-05	-1.8e-05	5.58211e-05
1.2e-05	-1.8e-05	3.90229e-05
1.4e-05	-1.8e-05	2.58591e-05
1.6e-05	-1.8e-05	1.64744e-05
1.8e-05	-1.8e-05	1.02149e-05
2e-05	-1.8e-05	6.2182e-06
2.2e-05	-1.8e-05	3.73179e-06
2.4e-05	-1.8e-05	2.20276e-06
2.6e-05	-1.8e-05	1.25982e-06
2.8e-05	-1.8e-05	6.69686e-07
3e-05	-1.8e-05	3.0337e-07
3.2e-05	-1.8e-05	1.10029e-07
3.4e-05	-1.8e-05	3.39206e-08
3.6e-05	-1.8e-05	9.41957e-09
3.8e-05	-1.8e-05	2.69217e-09

-3.8e-05	-2e-05	4.34358e-09
-3.6e-05	-2e-05	1.3734e-08
-3.4e-05	-2e-05	3.97418e-08
-3.2e-05	-2e-05	9.89367e-08
-3e-05	-2e-05	2.06012e-07
-2.8e-05	-2e-05	3.79859e-07
-2.6e-05	-2e-05	6.58256e-07
-2.4e-05	-2e-05	1.10547e-06
-2.2e-05	-2e-05	1.81842e-06
-2e-05	-2e-05	2.92881e-06
-1.8e-05	-2e-05	4.5891e-06
-1.6e-05	-2e-05	6.92497e-06
-1.4e-05	-2e-05	9.94963e-06
-1.2e-05	-2e-05	1.34864e-05
-1e-05	-2e-05	1.7194e-05
-8e-06	-2e-05	2.06793e-05
-6e-06	-2e-05	2.35853e-05
-4e-06	-2e-05	2.56293e-05
-2e-06	-2e-05	2.66124e-05
0	-2e-05	2.64232e-05
2e-06	-2e-05	2.50479e-05
4e-06	-2e-05	2.25867e-05
6e-06	-2e-05	1.9271e-05
8e-06	-2e-05	1.54666e-05
1e-05	-2e-05	1.16342e-05
1.2e-05	-2e-05	8.22102e-06
1.4e-05	-2e-05	5.50885e-06
1.6e-05	-2e-05	3.544e-06
1.8e-05	-2e-05	2.21418e-06
2e-05	-2e-05	1.35516e-06
2.2e-05	-2e-05	8.16263e-07
2.4e-05	-2e-05	4.83113e-07
2.6e-05	-2e-05	2.77349e-07
2.8e-05	-2e-05	1.4921e-07
3e-05	-2e-05	7.05433e-08
3.2e-05	-2e-05	2.79759e-08
3.4e-05	-2e-05	9.56999e-09
3.6e-05	-2e-05	2.94942e-09
3.8e-05	-2e-05	9.25758e-10

-3.8e-05	-2.2e-05	1.26689e-09
-3.6e-05	-2.2e-05	3.64037e-09
-3.4e-05	-2.2e-05	9.70695e-09
-3.2e-05	-2.2e-05	2.2658e-08
-3e-05	-2.2e-05	4.57676e-08
-2.8e-05	-2.2e-05	8.34876e-08
-2.6e-05	-2.2e-05	1.43986e-07
-2.4e-05	-2.2e-05	2.40796e-07
-2.2e-05	-2.2e-05	3.93948e-07
-2e-05	-2.2e-05	6.29915e-07
-1.8e-05	-2.2e-05	9.78118e-07
-1.6e-05	-2.2e-05	1.46115e-06
-1.4e-05	-2.2e-05	2.07899e-06
-1.2e-05	-2.2e-05	2.79609e-06
-1e-05	-2.2e-05	3.54609e-06
-8e-06	-2.2e-05	4.25132e-06
-6e-06	-2.2e-05	4.83979e-06
-4e-06	-2.2e-05	5.25368e-06
-2e-06	-2.2e-05	5.45211e-06
0	-2.2e-05	5.41252e-06
2e-06	-2.2e-05	5.13272e-06
4e-06	-2.2e-05	4.63405e-06
6e-06	-2.2e-05	3.96427e-06
8e-06	-2.2e-05	3.19707e-06
1e-05	-2.2e-05	2.4232e-06
1.2e-05	-2.2e-05	1.72934e-06
1.4e-05	-2.2e-05	1.17111e-06
1.6e-05	-2.2e-05	7.60687e-07
1.8e-05	-2.2e-05	4.7898e-07
2e-05	-2.2e-05	2.94863e-07
2.2e-05	-2.2e-05	1.78339e-07
2.4e-05	-2.2e-05	1.05885e-07
2.6e-05	-2.2e-05	6.10407e-08
2.8e-05	-2.2e-05	3.32086e-08
3e-05	-2.2e-05	1.62351e-08
3.2e-05	-2.2e-05	6.87426e-09
3.4e-05	-2.2e-05	2.54924e-09
3.6e-05	-2.2e-05	8.5551e-10
3.8e-05	-2.2e-05	2.90965e-10

-3.8e-05	-2.4e-05	3.50949e-10
-3.6e-05	-2.4e-05	9.28898e-10
-3.4e-05	-2.4e-05	2.31965e-09
-3.2e-05	-2.4e-05	5.15417e-09
-3e-05	-2.4e-05	1.01538e-08
-2.8e-05	-2.4e-05	1.83356e-08
-2.6e-05	-2.4e-05	3.14609e-08
-2.4e-05	-2.4e-05	5.23711e-08
-2.2e-05	-2.4e-05	8.51858e-08
-2e-05	-2.4e-05	1.35203e-07
-1.8e-05	-2.4e-05	2.08081e-07
-1.6e-05	-2.4e-05	3.07868e-07
-1.4e-05	-2.4e-05	4.34092e-07
-1.2e-05	-2.4e-05	5.7959e-07
-1e-05	-2.4e-05	7.31379e-07
-8e-06	-2.4e-05	8.74094e-07
-6e-06	-2.4e-05	9.93245e-07
-4e-06	-2.4e-05	1.07703e-06
-2e-06	-2.4e-05	1.11708e-06
0	-2.4e-05	1.10882e-06
2e-06	-2.4e-05	1.05193e-06
4e-06	-2.4e-05	9.50928e-07
6e-06	-2.4e-05	8.15614e-07
8e-06	-2.4e-05	6.60813e-07
1e-05	-2.4e-05	5.04413e-07
1.2e-05	-2.4e-05	3.63299e-07
1.4e-05	-2.4e-05	2.48494e-07
1.6e-05	-2.4e-05	1.62931e-07
1.8e-05	-2.4e-05	1.0341e-07
2e-05	-2.4e-05	6.40525e-08
2.2e-05	-2.4e-05	3.89162e-08
2.4e-05	-2.4e-05	2.31887e-08
2.6e-05	-2.4e-05	1.34277e-08
2.8e-05	-2.4e-05	7.38135e-09
3e-05	-2.4e-05	3.70736e-09
3.2e-05	-2.4e-05	1.65063e-09
3.4e-05	-2.4e-05	6.52844e-10
3.6e-05	-2.4e-05	2.3518e-10
3.8e-05	-2.4e-05	8.57184e-11

-3.8e-05	-2.6e-05	9.36249e-11
-3.6e-05	-2.6e-05	2.30661e-10
-3.4e-05	-2.6e-05	5.45739e-10
-3.2e-05	-2.6e-05	1.16607e-09
-3e-05	-2.6e-05	2.24933e-09
-2.8e-05	-2.6e-05	4.02321e-09
-2.6e-05	-2.6e-05	6.86607e-09
-2.4e-05	-2.6e-05	1.13725e-08
-2.2e-05	-2.6e-05	1.83864e-08
-2e-05	-2.6e-05	2.89637e-08
-1.8e-05	-2.6e-05	4.419e-08
-1.6e-05	-2.6e-05	6.47873e-08
-1.4e-05	-2.6e-05	9.05785e-08
-1.2e-05	-2.6e-05	1.20117e-07
-1e-05	-2.6e-05	1.50851e-07
-8e-06	-2.6e-05	1.79736e-07
-6e-06	-2.6e-05	2.03858e-07
-4e-06	-2.6e-05	2.20816e-07
-2e-06	-2.6e-05	2.28899e-07
0	-2.6e-05	2.27182e-07
2e-06	-2.6e-05	2.15622e-07
4e-06	-2.6e-05	1.95168e-07
6e-06	-2.6e-05	1.67827e-07
8e-06	-2.6e-05	1.36575e-07
1e-05	-2.6e-05	1.04943e-07
1.2e-05	-2.6e-05	7.62329e-08
1.4e-05	-2.6e-05	5.26371e-08
1.6e-05	-2.6e-05	3.48297e-08
1.8e-05	-2.6e-05	2.22827e-08
2e-05	-2.6e-05	1.38908e-08
2.2e-05	-2.6e-05	8.48104e-09
2.4e-05	-2.6e-05	5.07368e-09
2.6e-05	-2.6e-05	2.95188e-09
2.8e-05	-2.6e-05	1.63834e-09
3e-05	-2.6e-05	8.41421e-10
3.2e-05	-2.6e-05	3.89857e-10
3.4e-05	-2.6e-05	1.6251e-10
3.6e-05	-2.6e-05	6.21505e-11
3.8e-05	-2.6e-05	2.40547e-11

-3.8e-05	-2.8e-05	2.42735e-11
-3.6e-05	-2.8e-05	5.61306e-11
-3.4e-05	-2.8e-05	1.26908e-10
-3.2e-05	-2.8e-05	2.62612e-10
-3e-05	-2.8e-05	4.97515e-10
-2.8e-05	-2.8e-05	8.81861e-10
-2.6e-05	-2.8e-05	1.49657e-09
-2.4e-05	-2.8e-05	2.46569e-09
-2.2e-05	-2.8e-05	3.96142e-09
-2e-05	-2.8e-05	6.19356e-09
-1.8e-05	-2.8e-05	9.36988e-09
-1.6e-05	-2.8e-05	1.36184e-08
-1.4e-05	-2.8e-05	1.8889e-08
-1.2e-05	-2.8e-05	2.4889e-08
-1e-05	-2.8e-05	3.11146e-08
-8e-06	-2.8e-05	3.69617e-08
-6e-06	-2.8e-05	4.18449e-08
-4e-06	-2.8e-05	4.52765e-08
-2e-06	-2.8e-05	4.69077e-08
0	-2.8e-05	4.65517e-08
2e-06	-2.8e-05	4.4204e-08
4e-06	-2.8e-05	4.00624e-08
6e-06	-2.8e-05	3.4537e-08
8e-06	-2.8e-05	2.82245e-08
1e-05	-2.8e-05	2.18227e-08
1.2e-05	-2.8e-05	1.59797e-08
1.4e-05	-2.8e-05	1.11326e-08
1.6e-05	-2.8e-05	7.4319e-09
1.8e-05	-2.8e-05	4.79257e-09
2e-05	-2.8e-05	3.0074e-09
2.2e-05	-2.8e-05	1.84577e-09
2.4e-05	-2.8e-05	1.109e-09
2.6e-05	-2.8e-05	6.48403e-10
2.8e-05	-2.8e-05	3.63106e-10
3e-05	-2.8e-05	1.90024e-10
3.2e-05	-2.8e-05	9.09498e-11
3.4e-05	-2.8e-05	3.96022e-11
3.6e-05	-2.8e-05	1.59388e-11
3.8e-05	-2.8e-05	6.50132e-12

-3.8e-05	-3e-05	6.15449e-12
-3.6e-05	-3e-05	1.3449e-11
-3.4e-05	-3e-05	2.92465e-11
-3.2e-05	-3e-05	5.89148e-11
-3e-05	-3e-05	1.09869e-10
-2.8e-05	-3e-05	1.93078e-10
-2.6e-05	-3e-05	3.25775e-10
-2.4e-05	-3e-05	5.33751e-10
-2.2e-05	-3e-05	8.52032e-10
-2e-05	-3e-05	1.32219e-09
-1.8e-05	-3e-05	1.9839e-09
-1.6e-05	-3e-05	2.85973e-09
-1.4e-05	-3e-05	3.9369e-09
-1.2e-05	-3e-05	5.15619e-09
-1e-05	-3e-05	6.41776e-09
-8e-06	-3e-05	7.60159e-09
-6e-06	-3e-05	8.59011e-09
-4e-06	-3e-05	9.28445e-09
-2e-06	-3e-05	9.61365e-09
0	-3e-05	9.54001e-09
2e-06	-3e-05	9.06337e-09
4e-06	-3e-05	8.2249e-09
6e-06	-3e-05	7.10804e-09
8e-06	-3e-05	5.83237e-09
1e-05	-3e-05	4.53598e-09
1.2e-05	-3e-05	3.34649e-09
1.4e-05	-3e-05	2.35123e-09
1.6e-05	-3e-05	1.5831e-09
1.8e-05	-3e-05	1.02895e-09
2e-05	-3e-05	6.50034e-10
2.2e-05	-3e-05	4.01146e-10
2.4e-05	-3e-05	2.42143e-10
2.6e-05	-3e-05	1.42296e-10
2.8e-05	-3e-05	8.03562e-11
3e-05	-3e-05	4.27378e-11
3.2e-05	-3e-05	2.10156e-11
3.4e-05	-3e-05	9.49373e-12
3.6e-05	-3e-05	3.99279e-12
3.8e-05	-3e-05	1.70544e-12

-3.8e-05	-3.2e-05	1.53258e-12
-3.6e-05	-3.2e-05	3.18357e-12
-3.4e-05	-3.2e-05	6.69149e-12
-3.2e-05	-3.2e-05	1.31729e-11
-3e-05	-3.2e-05	2.42242e-11
-2.8e-05	-3.2e-05	4.22223e-11
-2.6e-05	-3.2e-05	7.08189e-11
-2.4e-05	-3.2e-05	1.15362e-10
-2.2e-05	-3.2e-05	1.82954e-10
-2e-05	-3.2e-05	2.81811e-10
-1.8e-05	-3.2e-05	4.19498e-10
-1.6e-05	-3.2e-05	5.99956e-10
-1.4e-05	-3.2e-05	8.20125e-10
-1.2e-05	-3.2e-05	1.068e-09
-1e-05	-3.2e-05	1.32374e-09
-8e-06	-3.2e-05	1.56347e-09
-6e-06	-3.2e-05	1.76357e-09
-4e-06	-3.2e-05	1.90405e-09
-2e-06	-3.2e-05	1.97049e-09
0	-3.2e-05	1.95529e-09
2e-06	-3.2e-05	1.85856e-09
4e-06	-3.2e-05	1.68882e-09
6e-06	-3.2e-05	1.46302e-09
8e-06	-3.2e-05	1.20511e-09
1e-05	-3.2e-05	9.42449e-10
1.2e-05	-3.2e-05	7.00233e-10
1.4e-05	-3.2e-05	4.95947e-10
1.6e-05	-3.2e-05	3.36689e-10
1.8e-05	-3.2e-05	2.20538e-10
2e-05	-3.2e-05	1.40273e-10
2.2e-05	-3.2e-05	8.70579e-11
2.4e-05	-3.2e-05	5.28089e-11
2.6e-05	-3.2e-05	3.11959e-11
2.8e-05	-3.2e-05	1.77566e-11
3e-05	-3.2e-05	9.57824e-12
3.2e-05	-3.2e-05	4.81927e-12
3.4e-05	-3.2e-05	2.24641e-12
3.6e-05	-3.2e-05	9.81828e-13
3.8e-05	-3.2e-05	4.36596e-13

-3.8e-05	-3.4e-05	3.75936e-13
-3.6e-05	-3.4e-05	7.46147e-13
-3.4e-05	-3.4e-05	1.52182e-12
-3.2e-05	-3.4e-05	2.93625e-12
-3e-05	-3.4e-05	5.33206e-12
-2.8e-05	-3.4e-05	9.22049e-12
-2.6e-05	-3.4e-05	1.53724e-11
-2.4e-05	-3.4e-05	2.48933e-11
-2.2e-05	-3.4e-05	3.92194e-11
-2e-05	-3.4e-05	5.99717e-11
-1.8e-05	-3.4e-05	8.8589e-11
-1.6e-05	-3.4e-05	1.25752e-10
-1.4e-05	-3.4e-05	1.70754e-10
-1.2e-05	-3.4e-05	2.21159e-10
-1e-05	-3.4e-05	2.73017e-10
-8e-06	-3.4e-05	3.21568e-10
-6e-06	-3.4e-05	3.62075e-10
-4e-06	-3.4e-05	3.90494e-10
-2e-06	-3.4e-05	4.03902e-10
0	-3.4e-05	4.00769e-10
2e-06	-3.4e-05	3.81146e-10
4e-06	-3.4e-05	3.46788e-10
6e-06	-3.4e-05	3.01129e-10
8e-06	-3.4e-05	2.48967e-10
1e-05	-3.4e-05	1.95727e-10
1.2e-05	-3.4e-05	1.46396e-10
1.4e-05	-3.4e-05	1.0448e-10
1.6e-05	-3.4e-05	7.14947e-11
1.8e-05	-3.4e-05	4.71879e-11
2e-05	-3.4e-05	3.0219e-11
2.2e-05	-3.4e-05	1.88649e-11
2.4e-05	-3.4e-05	1.15021e-11
2.6e-05	-3.4e-05	6.83103e-12
2.8e-05	-3.4e-05	3.91755e-12
3e-05	-3.4e-05	2.13986e-12
3.2e-05	-3.4e-05	1.09811e-12
3.4e-05	-3.4e-05	5.25987e-13
3.6e-05	-3.4e-05	2.37589e-13
3.8e-05	-3.4e-05	1.09541e-13

-3.8e-05	-3.6e-05	9.09656e-14
-3.6e-05	-3.6e-05	1.72953e-13
-3.4e-05	-3.6e-05	3.43686e-13
-3.2e-05	-3.6e-05	6.51214e-13
-3e-05	-3.6e-05	1.1694e-12
-2.8e-05	-3.6e-05	2.00675e-12
-2.6e-05	-3.6e-05	3.32573e-12
-2.4e-05	-3.6e-05	5.35309e-12
-2.2e-05	-3.6e-05	8.37903e-12
-2e-05	-3.6e-05	1.27213e-11
-1.8e-05	-3.6e-05	1.86539e-11
-1.6e-05	-3.6e-05	2.62915e-11
-1.4e-05	-3.6e-05	3.54759e-11
-1.2e-05	-3.6e-05	4.57128e-11
-1e-05	-3.6e-05	5.6215e-11
-8e-06	-3.6e-05	6.60344e-11
-6e-06	-3.6e-05	7.42219e-11
-4e-06	-3.6e-05	7.9962e-11
-2e-06	-3.6e-05	8.26641e-11
0	-3.6e-05	8.20207e-11
2e-06	-3.6e-05	7.80469e-11
4e-06	-3.6e-05	7.11028e-11
6e-06	-3.6e-05	6.18825e-11
8e-06	-3.6e-05	5.13447e-11
1e-05	-3.6e-05	4.05654e-11
1.2e-05	-3.6e-05	3.05322e-11
1.4e-05	-3.6e-05	2.1948e-11
1.6e-05	-3.6e-05	1.51332e-11
1.8e-05	-3.6e-05	1.00623e-11
2e-05	-3.6e-05	6.48756e-12
2.2e-05	-3.6e-05	4.07404e-12
2.4e-05	-3.6e-05	2.49709e-12
2.6e-05	-3.6e-05	1.49103e-12
2.8e-05	-3.6e-05	8.6122e-13
3e-05	-3.6e-05	4.75729e-13
3.2e-05	-3.6e-05	2.48333e-13
3.4e-05	-3.6e-05	1.21734e-13
3.6e-05	-3.6e-05	5.64556e-14
3.8e-05	-3.6e-05	2.61021e-14

-3.8e-05	-3.8e-05	2.0615e-14
-3.6e-05	-3.8e-05	3.80482e-14
-3.4e-05	-3.8e-05	7.36888e-14
-3.2e-05	-3.8e-05	1.37791e-13
-3e-05	-3.8e-05	2.44795e-13
-2.8e-05	-3.8e-05	4.1747e-13
-2.6e-05	-3.8e-05	6.878e-13
-2.4e-05	-3.8e-05	1.10114e-12
-2.2e-05	-3.8e-05	1.71305e-12
-2e-05	-3.8e-05	2.58425e-12
-1.8e-05	-3.8e-05	3.76443e-12
-1.6e-05	-3.8e-05	5.27251e-12
-1.4e-05	-3.8e-05	7.07483e-12
-1.2e-05	-3.8e-05	9.07499e-12
-1e-05	-3.8e-05	1.11217e-11
-8e-06	-3.8e-05	1.30328e-11
-6e-06	-3.8e-05	1.46251e-11
-4e-06	-3.8e-05	1.57408e-11
-2e-06	-3.8e-05	1.62649e-11
0	-3.8e-05	1.6138e-11
2e-06	-3.8e-05	1.5364e-11
4e-06	-3.8e-05	1.40135e-11
6e-06	-3.8e-05	1.22216e-11
8e-06	-3.8e-05	1.01725e-11
1e-05	-3.8e-05	8.07221e-12
1.2e-05	-3.8e-05	6.10935e-12
1.4e-05	-3.8e-05	4.41975e-12
1.6e-05	-3.8e-05	3.06809e-12
1.8e-05	-3.8e-05	2.05368e-12
2e-05	-3.8e-05	1.3323e-12
2.2e-05	-3.8e-05	8.41273e-13
2.4e-05	-3.8e-05	5.18199e-13
2.6e-05	-3.8e-05	3.10973e-13
2.8e-05	-3.8e-05	1.80764e-13
3e-05	-3.8e-05	1.00788e-13
3.2e-05	-3.8e-05	5.33507e-14
3.4e-05	-3.8e-05	2.65569e-14
3.6e-05	-3.8e-05	1.19986e-14
3.8e-05	-3.8e-05	1.48994e-15
