1.31293e+13	0
1.31071e+13	0
1.3104e+13	0
1.30843e+13	0
1.30735e+13	0
1.30658e+13	0
1.30593e+13	0
1.30545e+13	0
1.30436e+13	0
1.30398e+13	0
1.30204e+13	0
1.30185e+13	0
1.30114e+13	0
1.29982e+13	0
1.29915e+13	0
1.29883e+13	0
1.29743e+13	0
1.29582e+13	0
1.29532e+13	0
1.29478e+13	0
1.29387e+13	0
1.29337e+13	0
1.29233e+13	0
1.29099e+13	0
1.28993e+13	0
1.28914e+13	0
1.28876e+13	0
1.28857e+13	0
1.28723e+13	0
1.28647e+13	0
1.28619e+13	0
1.28574e+13	0
1.28503e+13	0
1.28398e+13	0
1.28369e+13	0
1.28313e+13	0
1.28224e+13	0
1.28117e+13	0
1.28075e+13	3.28078e+08
1.28075e+13	-3.28078e+08
1.27991e+13	0
1.2789e+13	0
1.27837e+13	0
1.27706e+13	0
1.27639e+13	0
1.27622e+13	0
1.27584e+13	0
1.27465e+13	0
1.27427e+13	0
1.27317e+13	0
1.27312e+13	0
1.27231e+13	0
1.27125e+13	0
1.27077e+13	0
1.27054e+13	0
1.26859e+13	4.09802e+09
1.26859e+13	-4.09802e+09
1.26834e+13	0
1.26743e+13	0
1.26703e+13	0
1.26643e+13	0
1.26601e+13	0
1.26514e+13	0
1.26431e+13	0
2.46094e+12	0
2.46628e+12	0
2.46999e+12	0
2.4728e+12	0
2.47649e+12	0
2.48032e+12	0
2.48501e+12	0
2.48964e+12	0
2.49621e+12	0
2.49779e+12	0
2.49525e+12	0
2.50239e+12	0
2.50591e+12	0
2.51032e+12	0
2.51143e+12	0
1.2634e+13	0
1.26308e+13	0
1.26243e+13	0
1.0683e+13	0
1.06826e+13	0
1.26192e+13	0
1.26155e+13	1.02156e+09
1.26155e+13	-1.02156e+09
1.06928e+13	0
1.06931e+13	0
1.26075e+13	0
1.26055e+13	0
1.26016e+13	0
1.25909e+13	0
1.25899e+13	0
1.25839e+13	0
1.07138e+13	0
1.07123e+13	0
1.07125e+13	0
1.0713e+13	0
1.25782e+13	0
1.07226e+13	0
1.07238e+13	0
1.25739e+13	0
1.25683e+13	0
1.07416e+13	0
1.25619e+13	0
1.25575e+13	1.94093e+09
1.25575e+13	-1.94093e+09
1.07418e+13	0
1.07434e+13	0
1.07441e+13	0
1.25444e+13	0
1.25454e+13	0
1.25355e+13	7.1211e+09
1.25355e+13	-7.1211e+09
1.25265e+13	4.12958e+09
1.25265e+13	-4.12958e+09
1.25195e+13	0
1.07603e+13	0
1.07623e+13	0
1.07702e+13	0
1.07709e+13	0
1.25117e+13	0
1.2509e+13	1.91622e+09
1.2509e+13	-1.91622e+09
1.2501e+13	0
1.24962e+13	0
1.07743e+13	0
1.24877e+13	0
1.07729e+13	0
1.24833e+13	0
1.24798e+13	0
1.24769e+13	0
1.07807e+13	0
1.07805e+13	0
1.24695e+13	0
1.2464e+13	0
1.24553e+13	9.12876e+09
1.24553e+13	-9.12876e+09
1.24567e+13	0
1.24497e+13	0
1.24401e+13	2.74713e+09
1.24401e+13	-2.74713e+09
1.2438e+13	4.15674e+08
1.2438e+13	-4.15674e+08
2.51801e+12	0
2.51966e+12	0
2.52958e+12	0
2.5281e+12	0
2.52468e+12	0
2.52504e+12	0
2.53801e+12	0
2.54023e+12	0
2.54224e+12	0
2.54787e+12	0
2.55113e+12	0
2.55528e+12	0
2.5582e+12	0
2.56149e+12	0
2.56378e+12	0
2.56524e+12	0
2.56502e+12	0
1.07908e+13	0
1.07928e+13	0
1.08099e+13	0
1.08102e+13	0
1.08218e+13	0
1.08201e+13	0
1.08243e+13	0
1.08273e+13	0
1.08348e+13	0
1.08389e+13	0
1.08265e+13	0
1.08262e+13	0
1.08536e+13	0
1.0853e+13	0
1.08585e+13	0
1.08556e+13	0
1.24314e+13	0
1.24256e+13	0
1.24228e+13	0
1.2416e+13	0
1.24106e+13	0
1.24052e+13	0
1.2399e+13	0
1.23979e+13	0
1.23797e+13	1.08075e+10
1.23797e+13	-1.08075e+10
1.23949e+13	0
1.23944e+13	0
1.23858e+13	0
1.23755e+13	0
1.23737e+13	3.85583e+09
1.23737e+13	-3.85583e+09
1.23797e+13	5.74679e+08
1.23797e+13	-5.74679e+08
1.2384e+13	0
4.10365e+12	0
4.09873e+12	0
4.09536e+12	0
4.09243e+12	0
4.08953e+12	0
4.08805e+12	0
4.07985e+12	0
2.57044e+12	0
4.07876e+12	0
4.07599e+12	0
2.57445e+12	0
2.57556e+12	0
2.5784e+12	0
2.58301e+12	0
4.0534e+12	1.02155e+09
4.0534e+12	-1.02155e+09
2.5881e+12	0
2.59469e+12	0
2.58985e+12	0
2.59554e+12	0
2.60198e+12	0
2.60414e+12	0
2.60753e+12	0
2.61037e+12	3.0571e+08
2.61037e+12	-3.0571e+08
1.08616e+13	0
1.08612e+13	0
1.08787e+13	0
1.08788e+13	0
1.08867e+13	0
1.08837e+13	0
1.0901e+13	0
1.23636e+13	0
1.09043e+13	0
1.23578e+13	3.58462e+09
1.23578e+13	-3.58462e+09
1.09027e+13	0
1.09034e+13	0
1.23479e+13	1.37909e+09
1.23479e+13	-1.37909e+09
1.23347e+13	0
1.2346e+13	9.29143e+08
1.2346e+13	-9.29143e+08
1.23436e+13	0
1.23399e+13	0
1.23391e+13	0
4.07032e+12	0
4.06834e+12	0
4.06747e+12	0
2.61745e+12	0
2.61215e+12	0
2.6204e+12	0
2.62623e+12	0
2.62718e+12	0
4.05836e+12	0
4.05612e+12	0
4.05022e+12	0
4.04577e+12	1.77697e+09
4.04577e+12	-1.77697e+09
1.09168e+13	0
1.09094e+13	0
1.09116e+13	0
1.09102e+13	0
1.09224e+13	0
1.0924e+13	0
1.09327e+13	0
1.23285e+13	0
1.23261e+13	0
1.23225e+13	0
1.23114e+13	4.52432e+09
1.23114e+13	-4.52432e+09
1.23161e+13	7.25113e+08
1.23161e+13	-7.25113e+08
1.23194e+13	0
1.23182e+13	0
1.23123e+13	0
1.23131e+13	0
1.2308e+13	0
1.23081e+13	0
4.04309e+12	0
4.03735e+12	0
2.63029e+12	0
2.63225e+12	0
4.03206e+12	0
2.63611e+12	0
4.02715e+12	0
4.02599e+12	0
2.63961e+12	0
2.64209e+12	0
2.64471e+12	0
2.65007e+12	6.91083e+08
2.65007e+12	-6.91083e+08
1.09381e+13	0
1.0955e+13	0
1.09547e+13	0
1.09365e+13	0
1.09365e+13	0
1.22903e+13	2.03806e+10
1.22903e+13	-2.03806e+10
1.23012e+13	1.03309e+10
1.23012e+13	-1.03309e+10
1.22838e+13	9.95383e+09
1.22838e+13	-9.95383e+09
1.2296e+13	8.37203e+09
1.2296e+13	-8.37203e+09
1.23016e+13	0
1.22862e+13	0
1.22876e+13	0
1.22963e+13	0
1.2293e+13	0
1.22929e+13	0
4.02084e+12	0
2.65185e+12	0
4.01805e+12	0
2.6568e+12	0
4.01748e+12	0
4.01393e+12	0
4.01563e+12	0
2.66041e+12	0
4.00926e+12	0
2.66404e+12	0
2.66279e+12	2.03702e+08
2.66279e+12	-2.03702e+08
4.00326e+12	0
2.6718e+12	0
4.00624e+12	0
1.09586e+13	0
1.09632e+13	0
1.09677e+13	0
1.09679e+13	0
1.09722e+13	0
1.09716e+13	0
1.22808e+13	0
1.22778e+13	0
1.22742e+13	0
1.22759e+13	0
1.22757e+13	0
1.22668e+13	0
1.22585e+13	3.39217e+09
1.22585e+13	-3.39217e+09
1.2261e+13	1.10928e+09
1.2261e+13	-1.10928e+09
1.22681e+13	0
1.22682e+13	0
1.22604e+13	0
2.67458e+12	1.01004e+09
2.67458e+12	-1.01004e+09
2.67474e+12	0
2.68011e+12	0
2.68406e+12	0
2.68696e+12	0
2.69074e+12	0
2.69559e+12	0
3.99528e+12	0
3.9939e+12	0
3.99209e+12	0
3.99042e+12	0
3.98167e+12	1.65728e+09
3.98167e+12	-1.65728e+09
3.98296e+12	0
3.97373e+12	0
3.97284e+12	0
3.97636e+12	0
3.9761e+12	0
1.0987e+13	0
1.10183e+13	0
1.09904e+13	0
1.09952e+13	0
1.1012e+13	8.57957e+07
1.1012e+13	-8.57957e+07
1.09973e+13	0
1.1002e+13	0
1.10053e+13	0
1.09981e+13	0
1.09982e+13	0
1.22489e+13	9.23291e+09
1.22489e+13	-9.23291e+09
1.22562e+13	0
1.22529e+13	0
1.22217e+13	2.30715e+10
1.22217e+13	-2.30715e+10
1.22488e+13	1.72669e+09
1.22488e+13	-1.72669e+09
1.22368e+13	1.26778e+10
1.22368e+13	-1.26778e+10
1.22192e+13	9.31706e+09
1.22192e+13	-9.31706e+09
1.22165e+13	0
1.22202e+13	0
1.22238e+13	0
1.22248e+13	0
1.22371e+13	0
1.22293e+13	0
1.22353e+13	0
1.22363e+13	0
1.22337e+13	0
1.22339e+13	0
2.69882e+12	0
2.70102e+12	0
3.96521e+12	0
3.96855e+12	0
1.10217e+13	0
1.10228e+13	0
1.10272e+13	0
1.22046e+13	0
1.22067e+13	0
1.22092e+13	0
1.22103e+13	0
2.70638e+12	0
2.70286e+12	0
2.70868e+12	0
3.95835e+12	0
2.71291e+12	0
1.10426e+13	0
1.10411e+13	0
1.10291e+13	0
1.10288e+13	0
1.21991e+13	9.68146e+09
1.21991e+13	-9.68146e+09
1.21969e+13	0
1.22019e+13	0
1.22024e+13	0
3.95303e+12	0
3.95055e+12	0
3.94853e+12	0
3.94233e+12	0
3.94177e+12	1.82463e+09
3.94177e+12	-1.82463e+09
2.71808e+12	0
2.71884e+12	9.65312e+07
2.71884e+12	-9.65312e+07
2.71978e+12	0
2.72341e+12	0
2.72615e+12	0
2.72439e+12	0
3.93873e+12	0
2.72948e+12	0
3.93527e+12	0
2.73339e+12	0
2.73493e+12	0
1.10561e+13	0
1.10523e+13	0
1.21834e+13	3.49859e+09
1.21834e+13	-3.49859e+09
1.21864e+13	0
1.21919e+13	0
1.21922e+13	0
2.74025e+12	0
2.75506e+12	0
2.7444e+12	7.469e+08
2.7444e+12	-7.469e+08
2.75282e+12	0
3.93072e+12	0
2.74967e+12	7.09003e+08
2.74967e+12	-7.09003e+08
3.91812e+12	2.95682e+09
3.91812e+12	-2.95682e+09
3.92845e+12	0
3.92755e+12	0
3.91779e+12	0
3.92471e+12	0
3.92166e+12	0
1.10622e+13	0
1.10622e+13	0
1.1071e+13	0
1.10724e+13	0
1.1087e+13	0
1.10777e+13	0
1.10828e+13	0
1.10788e+13	0
1.10799e+13	0
1.10813e+13	0
1.21695e+13	1.13159e+10
1.21695e+13	-1.13159e+10
1.21488e+13	2.30713e+10
1.21488e+13	-2.30713e+10
1.2184e+13	0
1.21558e+13	1.35882e+10
1.21558e+13	-1.35882e+10
1.21695e+13	0
1.21242e+13	8.31326e+09
1.21242e+13	-8.31326e+09
1.21273e+13	0
1.21618e+13	4.32463e+08
1.21618e+13	-4.32463e+08
1.21607e+13	0
1.21579e+13	0
1.21563e+13	0
1.21401e+13	0
1.21609e+13	0
1.21514e+13	0
1.21441e+13	0
1.21469e+13	0
1.21489e+13	0
1.21504e+13	0
1.21421e+13	0
1.21427e+13	0
1.21429e+13	0
2.76012e+12	0
2.75815e+12	0
3.90661e+12	2.37897e+09
3.90661e+12	-2.37897e+09
3.90707e+12	0
1.11078e+13	0
1.10908e+13	0
1.10967e+13	0
1.11001e+13	0
1.10925e+13	0
1.10933e+13	0
1.21136e+13	0
1.21205e+13	0
3.90052e+12	0
2.76613e+12	0
2.76755e+12	0
2.77027e+12	0
2.77074e+12	0
2.77333e+12	0
3.89837e+12	0
3.89338e+12	2.059e+09
3.89338e+12	-2.059e+09
2.77667e+12	0
3.89411e+12	0
2.7808e+12	0
2.78279e+12	0
3.8907e+12	0
1.11155e+13	0
3.8826e+12	2.25601e+09
3.8826e+12	-2.25601e+09
1.11024e+13	0
1.21093e+13	2.74652e+09
1.21093e+13	-2.74652e+09
1.21129e+13	0
1.21171e+13	0
1.21059e+13	0
1.21067e+13	0
1.21121e+13	0
2.79315e+12	0
2.78542e+12	9.07094e+08
2.78542e+12	-9.07094e+08
2.7976e+12	0
2.78425e+12	0
3.87485e+12	0
3.87363e+12	0
3.86611e+12	1.84121e+09
3.86611e+12	-1.84121e+09
3.87096e+12	0
3.86861e+12	1.34697e+09
3.86861e+12	-1.34697e+09
1.11288e+13	0
1.11274e+13	0
1.11271e+13	0
1.11266e+13	0
1.11355e+13	3.44028e+08
1.11355e+13	-3.44028e+08
1.11342e+13	0
1.20976e+13	2.43503e+09
1.20976e+13	-2.43503e+09
1.20757e+13	2.07628e+10
1.20757e+13	-2.07628e+10
1.20923e+13	0
1.20846e+13	4.82845e+09
1.20846e+13	-4.82845e+09
1.2088e+13	0
1.20858e+13	0
1.20876e+13	0
1.2048e+13	4.6552e+08
1.2048e+13	-4.6552e+08
1.20828e+13	2.04271e+08
1.20828e+13	-2.04271e+08
1.20704e+13	0
1.20752e+13	7.83478e+08
1.20752e+13	-7.83478e+08
1.20786e+13	0
1.20576e+13	0
1.20539e+13	0
1.20661e+13	9.75349e+08
1.20661e+13	-9.75349e+08
1.20541e+13	0
1.20642e+13	0
1.20623e+13	0
1.20614e+13	0
1.20591e+13	0
1.20777e+13	0
3.86069e+12	0
2.8015e+12	2.16302e+09
2.8015e+12	-2.16302e+09
2.80073e+12	0
2.80482e+12	0
1.11451e+13	0
1.11472e+13	0
1.11481e+13	0
1.20448e+13	0
3.85609e+12	0
3.85409e+12	0
3.84752e+12	0
2.81268e+12	0
2.81324e+12	0
2.81668e+12	7.22317e+07
2.81668e+12	-7.22317e+07
1.11555e+13	0
1.11594e+13	0
1.11591e+13	0
1.11569e+13	0
1.11642e+13	0
1.20432e+13	0
1.2031e+13	0
1.20354e+13	0
1.20338e+13	0
2.81801e+12	0
3.84296e+12	1.22464e+09
3.84296e+12	-1.22464e+09
3.84369e+12	0
2.82216e+12	0
2.82367e+12	0
2.82966e+12	1.4669e+09
2.82966e+12	-1.4669e+09
2.82676e+12	1.88134e+09
2.82676e+12	-1.88134e+09
3.83837e+12	5.46146e+08
3.83837e+12	-5.46146e+08
3.83233e+12	3.32549e+09
3.83233e+12	-3.32549e+09
3.82612e+12	0
3.8334e+12	0
3.821e+12	2.11701e+09
3.821e+12	-2.11701e+09
2.83213e+12	0
1.11698e+13	0
1.11787e+13	0
1.1176e+13	0
1.11739e+13	0
1.11879e+13	0
1.11887e+13	0
1.11897e+13	0
1.20056e+13	1.87312e+10
1.20056e+13	-1.87312e+10
1.20193e+13	5.06876e+09
1.20193e+13	-5.06876e+09
1.20219e+13	0
1.20274e+13	0
1.20153e+13	0
1.20276e+13	0
1.2009e+13	0
1.19812e+13	0
1.20065e+13	0
1.20069e+13	0
1.1986e+13	0
1.20036e+13	0
1.20006e+13	0
1.19986e+13	0
1.19949e+13	0
1.19955e+13	0
1.19939e+13	0
1.19916e+13	0
1.19908e+13	0
1.19898e+13	0
1.19902e+13	0
2.8361e+12	0
3.81559e+12	1.74549e+09
3.81559e+12	-1.74549e+09
3.81639e+12	0
1.11958e+13	0
1.11911e+13	0
1.19759e+13	4.65168e+08
1.19759e+13	-4.65168e+08
2.84265e+12	0
3.81052e+12	1.1993e+09
3.81052e+12	-1.1993e+09
3.80958e+12	0
2.84358e+12	0
2.84613e+12	1.82709e+08
2.84613e+12	-1.82709e+08
3.80398e+12	7.91895e+08
3.80398e+12	-7.91895e+08
2.84867e+12	0
2.856e+12	1.64565e+09
2.856e+12	-1.64565e+09
2.84803e+12	0
3.80143e+12	0
2.85767e+12	0
1.11997e+13	6.69096e+08
1.11997e+13	-6.69096e+08
1.12007e+13	0
1.12096e+13	0
1.11911e+13	0
1.12109e+13	0
1.19713e+13	0
1.19695e+13	0
2.86158e+12	1.16624e+09
2.86158e+12	-1.16624e+09
3.79725e+12	0
2.86452e+12	0
3.79081e+12	0
3.781e+12	1.36849e+09
3.781e+12	-1.36849e+09
3.78852e+12	0
3.78792e+12	0
3.78712e+12	0
1.12161e+13	0
1.12207e+13	0
1.12224e+13	0
1.12177e+13	0
1.12184e+13	0
1.12188e+13	0
1.12306e+13	0
1.19628e+13	0
1.19552e+13	0
1.19638e+13	0
1.1935e+13	1.32615e+10
1.1935e+13	-1.32615e+10
1.19647e+13	0
1.19522e+13	0
1.19646e+13	0
1.1951e+13	0
1.1941e+13	0
1.19385e+13	0
1.19456e+13	0
1.19465e+13	0
1.1947e+13	0
1.1928e+13	0
1.19107e+13	0
1.19353e+13	0
1.19093e+13	0
1.19317e+13	0
1.19075e+13	0
1.19181e+13	0
1.19206e+13	0
1.1936e+13	0
1.19313e+13	0
1.19201e+13	0
1.19238e+13	0
2.87222e+12	0
2.87381e+12	0
3.77967e+12	0
3.77189e+12	3.95298e+09
3.77189e+12	-3.95298e+09
3.77551e+12	0
1.12407e+13	0
1.12423e+13	0
1.19022e+13	0
2.87666e+12	7.14932e+08
2.87666e+12	-7.14932e+08
2.87817e+12	0
2.88756e+12	2.17633e+09
2.88756e+12	-2.17633e+09
2.88256e+12	2.91352e+08
2.88256e+12	-2.91352e+08
3.76768e+12	0
2.88607e+12	0
3.75703e+12	3.52181e+09
3.75703e+12	-3.52181e+09
3.76143e+12	0
2.88381e+12	0
3.76177e+12	0
1.18965e+13	2.0084e+09
1.18965e+13	-2.0084e+09
1.18938e+13	0
1.1899e+13	0
1.19e+13	0
1.19e+13	0
2.89437e+12	0
2.89831e+12	0
2.90064e+12	0
3.75509e+12	0
3.74933e+12	2.57233e+07
3.74933e+12	-2.57233e+07
1.12468e+13	0
1.12515e+13	0
1.12526e+13	0
1.12527e+13	0
1.12577e+13	0
1.12612e+13	0
1.1281e+13	0
1.12776e+13	0
1.12623e+13	0
1.1263e+13	1.97817e+08
1.1263e+13	-1.97817e+08
1.1265e+13	0
1.12741e+13	8.40474e+08
1.12741e+13	-8.40474e+08
1.12732e+13	0
1.18877e+13	0
1.18868e+13	0
1.18848e+13	0
1.1878e+13	2.56648e+09
1.1878e+13	-2.56648e+09
1.1881e+13	0
1.18753e+13	2.90637e+09
1.18753e+13	-2.90637e+09
1.18609e+13	4.64548e+09
1.18609e+13	-4.64548e+09
1.18455e+13	0
1.1866e+13	0
1.18746e+13	0
1.18497e+13	0
1.18504e+13	0
1.18732e+13	0
1.18673e+13	0
1.18742e+13	0
1.1867e+13	0
1.18587e+13	0
1.18561e+13	0
1.18551e+13	0
2.90344e+12	0
2.90666e+12	0
3.74373e+12	0
3.73977e+12	4.11125e+07
3.73977e+12	-4.11125e+07
1.12789e+13	0
1.18401e+13	0
2.90809e+12	0
3.73781e+12	2.40426e+09
3.73781e+12	-2.40426e+09
3.74247e+12	0
2.91001e+12	0
2.91224e+12	0
2.91494e+12	1.63476e+09
2.91494e+12	-1.63476e+09
3.73428e+12	1.09151e+09
3.73428e+12	-1.09151e+09
3.72396e+12	3.08925e+09
3.72396e+12	-3.08925e+09
3.72536e+12	0
1.12838e+13	0
1.12869e+13	4.23734e+08
1.12869e+13	-4.23734e+08
1.1283e+13	0
1.12923e+13	0
1.18328e+13	0
1.18351e+13	0
1.18355e+13	0
1.18357e+13	0
2.92061e+12	0
2.92321e+12	8.54848e+08
2.92321e+12	-8.54848e+08
2.92209e+12	0
2.92661e+12	0
2.92852e+12	0
3.7194e+12	0
3.71819e+12	0
3.71595e+12	0
3.70997e+12	3.27002e+09
3.70997e+12	-3.27002e+09
3.70476e+12	0
3.71031e+12	4.61725e+08
3.71031e+12	-4.61725e+08
1.13033e+13	0
1.13046e+13	0
1.13066e+13	0
1.13053e+13	0
1.1831e+13	0
1.18244e+13	0
1.18218e+13	2.84701e+08
1.18218e+13	-2.84701e+08
1.18196e+13	0
1.18157e+13	0
1.18177e+13	0
1.18186e+13	0
1.1788e+13	0
1.1802e+13	5.26742e+09
1.1802e+13	-5.26742e+09
1.18088e+13	0
1.18131e+13	0
1.1791e+13	0
1.18075e+13	0
1.1811e+13	0
1.18113e+13	0
1.17979e+13	0
1.17958e+13	0
1.17957e+13	0
1.18022e+13	0
1.18026e+13	0
1.18025e+13	0
2.94262e+12	1.19108e+09
2.94262e+12	-1.19108e+09
2.93112e+12	0
2.93227e+12	0
1.13104e+13	0
1.13106e+13	0
3.70357e+12	0
3.70065e+12	0
2.93662e+12	0
3.69397e+12	1.40505e+09
3.69397e+12	-1.40505e+09
2.9381e+12	0
2.94032e+12	0
2.94172e+12	0
2.9461e+12	5.62688e+08
2.9461e+12	-5.62688e+08
1.1315e+13	0
1.17811e+13	0
1.17832e+13	0
1.17835e+13	0
2.95001e+12	0
3.68792e+12	0
3.67196e+12	0
3.67853e+12	4.24949e+09
3.67853e+12	-4.24949e+09
3.68521e+12	2.4518e+08
3.68521e+12	-2.4518e+08
2.95812e+12	7.63288e+08
2.95812e+12	-7.63288e+08
3.68493e+12	0
3.67935e+12	9.01449e+08
3.67935e+12	-9.01449e+08
3.67798e+12	0
2.96354e+12	1.83588e+09
2.96354e+12	-1.83588e+09
2.96031e+12	0
2.96062e+12	0
1.13255e+13	0
1.1326e+13	0
1.13309e+13	0
1.13314e+13	0
1.13357e+13	1.99171e+09
1.13357e+13	-1.99171e+09
1.13383e+13	0
1.13366e+13	0
1.17661e+13	0
1.17701e+13	0
1.17705e+13	0
1.17726e+13	0
1.17723e+13	0
1.17477e+13	4.8248e+09
1.17477e+13	-4.8248e+09
1.17624e+13	0
1.17648e+13	0
1.17603e+13	0
1.17445e+13	0
1.17498e+13	0
1.17487e+13	0
1.17566e+13	0
1.17592e+13	0
1.17576e+13	0
2.96958e+12	0
3.66586e+12	0
1.17402e+13	0
3.66156e+12	1.11081e+09
3.66156e+12	-1.11081e+09
3.65956e+12	1.40726e+09
3.65956e+12	-1.40726e+09
1.13361e+13	0
1.13442e+13	0
1.1347e+13	0
1.13466e+13	0
1.13416e+13	0
1.13413e+13	6.02708e+07
1.13413e+13	-6.02708e+07
1.17362e+13	0
1.17386e+13	0
1.17392e+13	0
2.97422e+12	0
2.97614e+12	1.74126e+09
2.97614e+12	-1.74126e+09
2.97532e+12	9.96792e+08
2.97532e+12	-9.96792e+08
3.65146e+12	0
3.65457e+12	3.37683e+08
3.65457e+12	-3.37683e+08
3.64983e+12	2.44801e+09
3.64983e+12	-2.44801e+09
1.13549e+13	0
1.17203e+13	0
1.17265e+13	0
1.17272e+13	0
1.1733e+13	0
1.17236e+13	0
1.1725e+13	0
1.1735e+13	0
2.98027e+12	0
2.98231e+12	7.90155e+08
2.98231e+12	-7.90155e+08
2.98567e+12	0
2.9892e+12	0
2.99136e+12	0
3.64143e+12	1.83818e+09
3.64143e+12	-1.83818e+09
3.64406e+12	0
3.63726e+12	0
1.13571e+13	0
1.13565e+13	0
1.13654e+13	0
1.13669e+13	0
1.1363e+13	9.08014e+06
1.1363e+13	-9.08014e+06
1.17159e+13	0
1.17044e+13	0
1.17028e+13	0
1.17073e+13	0
1.17087e+13	0
1.17125e+13	0
1.17117e+13	0
1.17114e+13	0
1.17123e+13	0
1.16886e+13	1.61284e+09
1.16886e+13	-1.61284e+09
1.16963e+13	0
1.16839e+13	0
1.16957e+13	0
1.16938e+13	0
1.16877e+13	0
1.16904e+13	0
1.16789e+13	0
1.16803e+13	0
1.1685e+13	0
1.16935e+13	0
2.99402e+12	2.0583e+09
2.99402e+12	-2.0583e+09
3.63437e+12	2.36385e+09
3.63437e+12	-2.36385e+09
2.99502e+12	0
3.63054e+12	1.93093e+09
3.63054e+12	-1.93093e+09
3.63379e+12	0
1.13745e+13	0
1.1375e+13	1.77956e+09
1.1375e+13	-1.77956e+09
1.16742e+13	0
1.16784e+13	0
2.99989e+12	0
3.00206e+12	0
3.62911e+12	0
3.00423e+12	0
3.00692e+12	0
3.62508e+12	0
3.61682e+12	3.88602e+09
3.61682e+12	-3.88602e+09
3.62092e+12	0
3.6173e+12	1.00997e+09
3.6173e+12	-1.00997e+09
1.16633e+13	0
1.16684e+13	0
1.16677e+13	0
1.16727e+13	0
1.16743e+13	0
3.00951e+12	5.01098e+08
3.00951e+12	-5.01098e+08
3.0157e+12	8.6297e+08
3.0157e+12	-8.6297e+08
3.01203e+12	0
3.61104e+12	1.98483e+09
3.61104e+12	-1.98483e+09
3.59773e+12	3.29409e+09
3.59773e+12	-3.29409e+09
3.60214e+12	0
3.60691e+12	0
3.61083e+12	0
1.13832e+13	0
1.1385e+13	2.28483e+08
1.1385e+13	-2.28483e+08
1.13858e+13	0
1.13916e+13	0
1.13935e+13	0
1.16598e+13	0
1.16535e+13	0
1.16523e+13	0
1.16571e+13	0
1.16571e+13	0
1.16491e+13	0
1.1646e+13	0
1.16461e+13	0
1.16481e+13	0
1.16474e+13	0
1.16392e+13	0
1.16352e+13	0
1.16295e+13	0
1.16385e+13	0
1.16269e+13	0
1.16256e+13	0
1.16249e+13	0
1.16298e+13	0
1.16343e+13	0
1.16325e+13	0
1.16328e+13	0
3.0216e+12	1.54341e+09
3.0216e+12	-1.54341e+09
3.01912e+12	0
3.59838e+12	0
3.59413e+12	0
1.16208e+13	0
1.16217e+13	0
3.02545e+12	2.77288e+09
3.02545e+12	-2.77288e+09
3.02449e+12	0
3.59054e+12	1.22457e+09
3.59054e+12	-1.22457e+09
3.02884e+12	0
3.03359e+12	2.2229e+09
3.03359e+12	-2.2229e+09
3.5868e+12	0
3.58406e+12	1.30266e+09
3.58406e+12	-1.30266e+09
1.1398e+13	0
1.14015e+13	0
1.1404e+13	0
1.13961e+13	3.14375e+08
1.13961e+13	-3.14375e+08
1.13957e+13	0
1.16153e+13	0
1.16177e+13	0
1.16197e+13	1.02265e+08
1.16197e+13	-1.02265e+08
3.58036e+12	3.12939e+09
3.58036e+12	-3.12939e+09
3.04154e+12	0
3.03494e+12	9.13247e+08
3.03494e+12	-9.13247e+08
3.03395e+12	0
3.04607e+12	0
3.58072e+12	0
3.57511e+12	0
3.57091e+12	2.59289e+09
3.57091e+12	-2.59289e+09
3.04809e+12	0
3.03712e+12	4.01823e+07
3.03712e+12	-4.01823e+07
3.56943e+12	0
1.14136e+13	6.79776e+08
1.14136e+13	-6.79776e+08
1.14089e+13	9.18697e+08
1.14089e+13	-9.18697e+08
1.14085e+13	0
1.14242e+13	0
1.14093e+13	0
1.14156e+13	0
1.1409e+13	0
1.16025e+13	0
1.16163e+13	0
1.1614e+13	0
1.16048e+13	0
1.16043e+13	0
1.16083e+13	0
1.16077e+13	0
1.15949e+13	0
1.16073e+13	0
1.15931e+13	0
1.15893e+13	0
1.15879e+13	0
1.15867e+13	0
1.15853e+13	0
1.15838e+13	0
1.15842e+13	0
1.15825e+13	0
1.15824e+13	0
3.05121e+12	2.23067e+09
3.05121e+12	-2.23067e+09
3.56506e+12	0
1.14248e+13	0
3.05381e+12	1.77053e+09
3.05381e+12	-1.77053e+09
3.56226e+12	1.98603e+09
3.56226e+12	-1.98603e+09
3.55959e+12	1.09072e+09
3.55959e+12	-1.09072e+09
3.05919e+12	2.03049e+09
3.05919e+12	-2.03049e+09
3.55742e+12	0
3.55541e+12	0
3.55334e+12	0
3.06276e+12	5.24078e+08
3.06276e+12	-5.24078e+08
1.14268e+13	0
1.14273e+13	0
1.15805e+13	0
1.15783e+13	0
1.15776e+13	0
3.06393e+12	0
3.06853e+12	0
3.0733e+12	1.72037e+09
3.0733e+12	-1.72037e+09
3.07211e+12	0
3.54711e+12	2.55721e+09
3.54711e+12	-2.55721e+09
3.54248e+12	4.61171e+09
3.54248e+12	-4.61171e+09
3.54465e+12	0
3.52921e+12	1.98073e+09
3.52921e+12	-1.98073e+09
3.54075e+12	0
3.53849e+12	0
3.53958e+12	0
3.53129e+12	0
3.53352e+12	1.1838e+09
3.53352e+12	-1.1838e+09
1.14302e+13	0
1.1432e+13	0
1.1435e+13	0
1.14366e+13	0
1.14388e+13	0
1.14417e+13	0
1.14423e+13	0
1.15683e+13	0
1.15732e+13	0
1.1573e+13	0
1.15735e+13	0
1.15746e+13	0
1.15743e+13	0
1.15651e+13	0
1.15654e+13	0
1.15656e+13	0
1.15618e+13	0
1.156e+13	0
1.15536e+13	0
1.15569e+13	0
1.15555e+13	0
1.15553e+13	0
1.15554e+13	0
3.0761e+12	1.07395e+09
3.0761e+12	-1.07395e+09
3.08007e+12	6.01641e+08
3.08007e+12	-6.01641e+08
3.0762e+12	0
3.52585e+12	1.3644e+09
3.52585e+12	-1.3644e+09
3.08219e+12	0
3.08671e+12	0
3.08413e+12	0
3.51845e+12	1.18612e+09
3.51845e+12	-1.18612e+09
3.52031e+12	0
1.15493e+13	0
1.15453e+13	0
1.15517e+13	0
3.09211e+12	2.72743e+09
3.09211e+12	-2.72743e+09
3.0931e+12	0
3.09399e+12	0
3.09453e+12	0
3.50813e+12	3.38267e+09
3.50813e+12	-3.38267e+09
3.51584e+12	0
3.51499e+12	0
3.5129e+12	0
3.49671e+12	4.49867e+09
3.49671e+12	-4.49867e+09
3.50903e+12	0
3.50351e+12	0
3.49943e+12	2.41741e+09
3.49943e+12	-2.41741e+09
3.5057e+12	0
1.14481e+13	0
1.14526e+13	0
1.1447e+13	8.28856e+07
1.1447e+13	-8.28856e+07
1.14532e+13	0
1.14546e+13	0
1.14471e+13	0
1.15424e+13	0
1.14556e+13	0
1.14609e+13	0
1.15374e+13	0
1.14598e+13	0
1.14567e+13	0
1.1458e+13	0
1.15347e+13	0
1.15335e+13	0
1.15324e+13	0
1.15342e+13	0
1.15362e+13	0
1.15319e+13	0
1.15314e+13	0
1.15312e+13	0
1.15291e+13	0
1.15273e+13	2.91104e+08
1.15273e+13	-2.91104e+08
3.09878e+12	0
3.09955e+12	0
3.10162e+12	5.7335e+08
3.10162e+12	-5.7335e+08
3.10334e+12	0
3.49558e+12	0
3.49686e+12	0
1.14596e+13	0
3.48806e+12	0
3.49222e+12	0
3.11172e+12	2.20525e+09
3.11172e+12	-2.20525e+09
3.107e+12	0
3.48155e+12	3.61939e+09
3.48155e+12	-3.61939e+09
3.10909e+12	0
3.11155e+12	0
3.48439e+12	0
1.1464e+13	0
1.15205e+13	0
1.15237e+13	0
1.15265e+13	0
1.15249e+13	1.20098e+08
1.15249e+13	-1.20098e+08
1.15249e+13	0
3.48056e+12	0
3.48181e+12	0
3.47807e+12	0
3.47278e+12	1.9672e+09
3.47278e+12	-1.9672e+09
3.47273e+12	0
3.46868e+12	5.58748e+08
3.46868e+12	-5.58748e+08
3.11205e+12	0
3.11559e+12	0
3.11978e+12	0
3.12201e+12	6.88267e+08
3.12201e+12	-6.88267e+08
3.13263e+12	2.63725e+09
3.13263e+12	-2.63725e+09
1.14704e+13	0
3.12325e+12	0
1.15174e+13	0
1.14739e+13	2.77868e+08
1.14739e+13	-2.77868e+08
3.1253e+12	0
3.12706e+12	0
3.12866e+12	5.11085e+08
3.12866e+12	-5.11085e+08
3.13017e+12	0
1.15093e+13	0
1.15092e+13	0
1.15077e+13	0
1.15073e+13	0
1.1507e+13	0
1.15064e+13	1.50496e+08
1.15064e+13	-1.50496e+08
1.15065e+13	0
3.4626e+12	2.85679e+09
3.4626e+12	-2.85679e+09
3.13393e+12	0
1.14748e+13	0
3.13958e+12	6.76055e+08
3.13958e+12	-6.76055e+08
3.13701e+12	0
3.15684e+12	3.0355e+09
3.15684e+12	-3.0355e+09
3.15377e+12	1.82424e+09
3.15377e+12	-1.82424e+09
3.45332e+12	2.81952e+09
3.45332e+12	-2.81952e+09
3.46115e+12	0
3.45037e+12	0
3.46012e+12	1.09243e+09
3.46012e+12	-1.09243e+09
3.45866e+12	0
3.45711e+12	4.36115e+08
3.45711e+12	-4.36115e+08
1.14755e+13	0
1.14761e+13	0
1.15045e+13	0
1.15053e+13	0
1.15058e+13	0
1.14992e+13	0
1.14999e+13	0
1.15005e+13	0
1.14825e+13	0
1.14834e+13	0
1.14775e+13	0
3.14476e+12	0
3.1459e+12	1.89328e+09
3.1459e+12	-1.89328e+09
1.1483e+13	0
3.14594e+12	0
3.16375e+12	0
3.16304e+12	0
3.15523e+12	0
3.1494e+12	0
1.14963e+13	0
1.14868e+13	0
1.14777e+13	0
3.15013e+12	0
3.15126e+12	0
1.14946e+13	0
1.14874e+13	0
1.14909e+13	0
3.44667e+12	0
3.43943e+12	2.95793e+09
3.43943e+12	-2.95793e+09
1.14919e+13	0
3.43784e+12	2.32797e+09
3.43784e+12	-2.32797e+09
3.44086e+12	0
3.44149e+12	0
3.421e+12	1.33187e+09
3.421e+12	-1.33187e+09
3.43369e+12	0
3.42944e+12	2.44784e+09
3.42944e+12	-2.44784e+09
3.4281e+12	3.40245e+08
3.4281e+12	-3.40245e+08
1.14964e+13	0
3.44251e+12	0
3.44446e+12	0
3.42283e+12	0
3.42194e+12	0
1.14918e+13	0
3.4317e+12	0
3.16922e+12	2.86267e+09
3.16922e+12	-2.86267e+09
3.16606e+12	0
3.16714e+12	0
3.41526e+12	0
3.4135e+12	0
3.41041e+12	7.32368e+08
3.41041e+12	-7.32368e+08
3.40797e+12	0
1.14856e+13	0
1.14849e+13	0
3.17135e+12	0
3.17207e+12	0
3.17333e+12	0
3.17666e+12	0
3.17815e+12	0
3.17739e+12	0
3.18106e+12	4.84253e+08
3.18106e+12	-4.84253e+08
3.19026e+12	2.99393e+09
3.19026e+12	-2.99393e+09
3.40626e+12	1.90342e+09
3.40626e+12	-1.90342e+09
3.4037e+12	3.52362e+09
3.4037e+12	-3.52362e+09
3.40528e+12	0
3.1842e+12	0
3.18407e+12	0
3.40076e+12	0
3.39838e+12	2.31031e+09
3.39838e+12	-2.31031e+09
3.18824e+12	4.48014e+08
3.18824e+12	-4.48014e+08
3.18868e+12	0
3.39565e+12	0
3.3853e+12	2.43356e+09
3.3853e+12	-2.43356e+09
3.38722e+12	2.12149e+09
3.38722e+12	-2.12149e+09
3.38643e+12	0
3.39351e+12	0
3.39241e+12	1.01156e+08
3.39241e+12	-1.01156e+08
3.38836e+12	0
3.19494e+12	1.74807e+08
3.19494e+12	-1.74807e+08
3.19164e+12	5.71751e+08
3.19164e+12	-5.71751e+08
3.19935e+12	3.55045e+08
3.19935e+12	-3.55045e+08
3.20113e+12	0
3.37947e+12	2.19249e+09
3.37947e+12	-2.19249e+09
3.37516e+12	1.34891e+09
3.37516e+12	-1.34891e+09
3.37772e+12	0
3.20322e+12	0
3.19349e+12	0
3.37247e+12	0
3.20507e+12	0
3.36359e+12	2.96218e+09
3.36359e+12	-2.96218e+09
3.20685e+12	0
3.38417e+12	0
3.38042e+12	0
3.20966e+12	2.08156e+09
3.20966e+12	-2.08156e+09
3.20929e+12	0
3.21441e+12	0
3.21008e+12	0
3.21617e+12	0
3.21683e+12	0
3.2198e+12	0
3.21886e+12	0
3.3699e+12	0
3.22399e+12	4.59573e+09
3.22399e+12	-4.59573e+09
3.21044e+12	0
3.36453e+12	0
3.36643e+12	0
3.36169e+12	0
3.36752e+12	0
3.35838e+12	2.79785e+09
3.35838e+12	-2.79785e+09
3.22496e+12	7.48567e+08
3.22496e+12	-7.48567e+08
3.3587e+12	0
3.23137e+12	0
3.23033e+12	0
3.22871e+12	5.2723e+08
3.22871e+12	-5.2723e+08
3.356e+12	3.65958e+08
3.356e+12	-3.65958e+08
3.35353e+12	5.7612e+08
3.35353e+12	-5.7612e+08
3.35481e+12	0
3.34932e+12	0
3.35095e+12	0
3.34322e+12	3.11387e+09
3.34322e+12	-3.11387e+09
3.34622e+12	0
3.34178e+12	3.38354e+08
3.34178e+12	-3.38354e+08
3.3444e+12	0
3.34673e+12	0
3.2266e+12	0
3.32982e+12	2.80747e+09
3.32982e+12	-2.80747e+09
3.32598e+12	0
3.33606e+12	1.03856e+09
3.33606e+12	-1.03856e+09
3.33248e+12	0
3.33768e+12	0
3.33582e+12	0
3.32799e+12	0
3.32856e+12	2.24595e+08
3.32856e+12	-2.24595e+08
3.23757e+12	1.601e+09
3.23757e+12	-1.601e+09
3.23587e+12	1.34974e+09
3.23587e+12	-1.34974e+09
3.23414e+12	5.06312e+08
3.23414e+12	-5.06312e+08
3.31886e+12	3.272e+09
3.31886e+12	-3.272e+09
3.32192e+12	5.72104e+08
3.32192e+12	-5.72104e+08
3.3235e+12	0
3.32115e+12	0
3.32428e+12	0
3.23211e+12	0
3.24308e+12	1.98211e+09
3.24308e+12	-1.98211e+09
3.24079e+12	0
3.2404e+12	0
3.31602e+12	3.85144e+08
3.31602e+12	-3.85144e+08
3.31072e+12	8.36389e+08
3.31072e+12	-8.36389e+08
3.31589e+12	0
3.24899e+12	1.14539e+09
3.24899e+12	-1.14539e+09
3.25721e+12	2.24581e+09
3.25721e+12	-2.24581e+09
3.24844e+12	0
3.24481e+12	0
3.24704e+12	0
3.31485e+12	0
3.25487e+12	0
3.3085e+12	0
3.24651e+12	0
3.25373e+12	0
3.25225e+12	0
3.31297e+12	0
3.25742e+12	6.81914e+08
3.25742e+12	-6.81914e+08
3.3073e+12	6.51531e+08
3.3073e+12	-6.51531e+08
3.30541e+12	0
3.25777e+12	0
3.25911e+12	0
3.30043e+12	2.14861e+09
3.30043e+12	-2.14861e+09
3.30116e+12	0
3.30667e+12	0
3.30373e+12	0
3.30347e+12	0
3.26698e+12	3.0833e+09
3.26698e+12	-3.0833e+09
3.29838e+12	0
3.2627e+12	1.5317e+08
3.2627e+12	-1.5317e+08
3.26486e+12	0
3.26378e+12	0
3.26401e+12	0
3.29594e+12	2.90662e+08
3.29594e+12	-2.90662e+08
3.29656e+12	0
3.26865e+12	0
3.27831e+12	3.68331e+09
3.27831e+12	-3.68331e+09
3.29401e+12	1.74212e+08
3.29401e+12	-1.74212e+08
3.26954e+12	0
3.2723e+12	0
3.28855e+12	1.28437e+09
3.28855e+12	-1.28437e+09
3.29197e+12	6.02458e+08
3.29197e+12	-6.02458e+08
3.27032e+12	0
3.28818e+12	0
3.29194e+12	0
3.27322e+12	0
3.27513e+12	0
3.27618e+12	0
3.27747e+12	0
3.28164e+12	0
3.27935e+12	0
3.27434e+12	0
3.27572e+12	0
3.28361e+12	0
3.28049e+12	7.90754e+07
3.28049e+12	-7.90754e+07
3.27017e+12	0
3.29165e+12	0
3.28657e+12	0
3.28457e+12	2.18331e+07
3.28457e+12	-2.18331e+07
3.28742e+12	0
3.28493e+12	0
