
-4.56e-05	4.8e-05	-1.1005e-16
-4.32e-05	4.8e-05	3.91602e-17
-4.08e-05	4.8e-05	6.31529e-17
-3.84e-05	4.8e-05	-2.06373e-16
-3.6e-05	4.8e-05	1.61036e-17
-3.36e-05	4.8e-05	7.44429e-17
-3.12e-05	4.8e-05	-2.53058e-17
-2.88e-05	4.8e-05	5.12296e-18
-2.64e-05	4.8e-05	-2.48818e-17
-2.4e-05	4.8e-05	2.73215e-17
-2.16e-05	4.8e-05	-2.20159e-17
-1.92e-05	4.8e-05	-6.97806e-18
-1.68e-05	4.8e-05	-3.38245e-17
-1.44e-05	4.8e-05	3.11249e-18
-1.2e-05	4.8e-05	-9.72338e-18
-9.6e-06	4.8e-05	1.10307e-17
-7.2e-06	4.8e-05	-8.0038e-18
-4.8e-06	4.8e-05	-2.43243e-17
-2.4e-06	4.8e-05	1.55832e-18
0	4.8e-05	3.11031e-18
2.4e-06	4.8e-05	-4.9156e-18
4.8e-06	4.8e-05	1.51899e-17
7.2e-06	4.8e-05	7.00089e-18
9.6e-06	4.8e-05	-2.16297e-19
1.2e-05	4.8e-05	8.12174e-18
1.44e-05	4.8e-05	2.83211e-17
1.68e-05	4.8e-05	-2.36999e-17
1.92e-05	4.8e-05	-1.47787e-17
2.16e-05	4.8e-05	3.89903e-17
2.4e-05	4.8e-05	1.40075e-17
2.64e-05	4.8e-05	5.3778e-17
2.88e-05	4.8e-05	-1.62965e-17
3.12e-05	4.8e-05	1.29074e-16
3.36e-05	4.8e-05	3.95246e-17
3.6e-05	4.8e-05	8.39853e-17
3.84e-05	4.8e-05	3.86881e-17
4.08e-05	4.8e-05	-4.11593e-17
4.32e-05	4.8e-05	6.23659e-17
4.56e-05	4.8e-05	-2.7981e-16

-4.56e-05	4.56e-05	-3.21589e-16
-4.32e-05	4.56e-05	1.49946e-16
-4.08e-05	4.56e-05	4.08507e-16
-3.84e-05	4.56e-05	4.22301e-18
-3.6e-05	4.56e-05	-1.69527e-16
-3.36e-05	4.56e-05	2.09613e-17
-3.12e-05	4.56e-05	-2.63545e-16
-2.88e-05	4.56e-05	4.07725e-17
-2.64e-05	4.56e-05	5.62834e-17
-2.4e-05	4.56e-05	-4.53845e-17
-2.16e-05	4.56e-05	-7.61244e-17
-1.92e-05	4.56e-05	-2.59376e-17
-1.68e-05	4.56e-05	3.38324e-16
-1.44e-05	4.56e-05	7.95162e-17
-1.2e-05	4.56e-05	-2.21342e-17
-9.6e-06	4.56e-05	1.72412e-16
-7.2e-06	4.56e-05	-3.0324e-16
-4.8e-06	4.56e-05	8.60704e-17
-2.4e-06	4.56e-05	1.21776e-16
0	4.56e-05	1.49064e-16
2.4e-06	4.56e-05	1.44458e-16
4.8e-06	4.56e-05	-8.70212e-18
7.2e-06	4.56e-05	-5.00095e-16
9.6e-06	4.56e-05	-7.83706e-17
1.2e-05	4.56e-05	7.83048e-16
1.44e-05	4.56e-05	2.80209e-17
1.68e-05	4.56e-05	1.8669e-16
1.92e-05	4.56e-05	7.8516e-17
2.16e-05	4.56e-05	6.28754e-17
2.4e-05	4.56e-05	7.72149e-17
2.64e-05	4.56e-05	1.69716e-16
2.88e-05	4.56e-05	-3.81882e-17
3.12e-05	4.56e-05	2.2472e-16
3.36e-05	4.56e-05	-1.30997e-16
3.6e-05	4.56e-05	1.35014e-16
3.84e-05	4.56e-05	5.91277e-17
4.08e-05	4.56e-05	4.7185e-17
4.32e-05	4.56e-05	-3.70619e-17
4.56e-05	4.56e-05	1.50498e-16

-4.56e-05	4.32e-05	1.49971e-16
-4.32e-05	4.32e-05	2.25011e-17
-4.08e-05	4.32e-05	-5.98901e-18
-3.84e-05	4.32e-05	4.61439e-17
-3.6e-05	4.32e-05	4.71169e-17
-3.36e-05	4.32e-05	-3.2509e-17
-3.12e-05	4.32e-05	1.36822e-18
-2.88e-05	4.32e-05	1.37043e-17
-2.64e-05	4.32e-05	4.89346e-18
-2.4e-05	4.32e-05	6.79782e-18
-2.16e-05	4.32e-05	4.15387e-17
-1.92e-05	4.32e-05	-1.78111e-17
-1.68e-05	4.32e-05	-1.59588e-17
-1.44e-05	4.32e-05	2.05357e-17
-1.2e-05	4.32e-05	8.80829e-18
-9.6e-06	4.32e-05	-1.36479e-17
-7.2e-06	4.32e-05	-1.20916e-18
-4.8e-06	4.32e-05	2.89103e-18
-2.4e-06	4.32e-05	-1.3896e-19
0	4.32e-05	5.74932e-18
2.4e-06	4.32e-05	5.83972e-18
4.8e-06	4.32e-05	6.35241e-18
7.2e-06	4.32e-05	3.10388e-17
9.6e-06	4.32e-05	2.96117e-18
1.2e-05	4.32e-05	7.01234e-18
1.44e-05	4.32e-05	-5.88249e-18
1.68e-05	4.32e-05	7.83549e-18
1.92e-05	4.32e-05	-1.40058e-17
2.16e-05	4.32e-05	2.1655e-17
2.4e-05	4.32e-05	4.68861e-18
2.64e-05	4.32e-05	1.97458e-17
2.88e-05	4.32e-05	1.92652e-18
3.12e-05	4.32e-05	1.16923e-17
3.36e-05	4.32e-05	4.34769e-18
3.6e-05	4.32e-05	2.48866e-18
3.84e-05	4.32e-05	2.83393e-17
4.08e-05	4.32e-05	3.65757e-18
4.32e-05	4.32e-05	8.09156e-18
4.56e-05	4.32e-05	-2.5206e-17

-4.56e-05	4.08e-05	-2.97964e-17
-4.32e-05	4.08e-05	-6.75975e-18
-4.08e-05	4.08e-05	-2.28077e-18
-3.84e-05	4.08e-05	5.51538e-17
-3.6e-05	4.08e-05	1.6875e-17
-3.36e-05	4.08e-05	2.4054e-18
-3.12e-05	4.08e-05	1.38299e-17
-2.88e-05	4.08e-05	2.30729e-17
-2.64e-05	4.08e-05	-3.69316e-17
-2.4e-05	4.08e-05	2.5506e-17
-2.16e-05	4.08e-05	-1.682e-17
-1.92e-05	4.08e-05	1.26944e-17
-1.68e-05	4.08e-05	1.35025e-17
-1.44e-05	4.08e-05	3.84527e-17
-1.2e-05	4.08e-05	1.62744e-17
-9.6e-06	4.08e-05	3.46167e-17
-7.2e-06	4.08e-05	-2.66639e-17
-4.8e-06	4.08e-05	2.37761e-18
-2.4e-06	4.08e-05	3.36157e-18
0	4.08e-05	-1.2611e-17
2.4e-06	4.08e-05	-4.78857e-19
4.8e-06	4.08e-05	9.80226e-19
7.2e-06	4.08e-05	-1.7933e-17
9.6e-06	4.08e-05	-1.90421e-18
1.2e-05	4.08e-05	-4.87882e-18
1.44e-05	4.08e-05	2.01272e-18
1.68e-05	4.08e-05	1.2441e-17
1.92e-05	4.08e-05	1.81627e-17
2.16e-05	4.08e-05	-2.0569e-18
2.4e-05	4.08e-05	1.86775e-17
2.64e-05	4.08e-05	-1.66572e-17
2.88e-05	4.08e-05	-8.4809e-18
3.12e-05	4.08e-05	-1.25123e-18
3.36e-05	4.08e-05	-3.92536e-18
3.6e-05	4.08e-05	-6.18241e-18
3.84e-05	4.08e-05	3.18735e-17
4.08e-05	4.08e-05	2.64736e-17
4.32e-05	4.08e-05	3.80501e-17
4.56e-05	4.08e-05	2.43214e-17

-4.56e-05	3.84e-05	5.10463e-17
-4.32e-05	3.84e-05	7.9032e-17
-4.08e-05	3.84e-05	4.66133e-17
-3.84e-05	3.84e-05	6.10267e-17
-3.6e-05	3.84e-05	-3.98378e-18
-3.36e-05	3.84e-05	-5.04437e-17
-3.12e-05	3.84e-05	3.34165e-17
-2.88e-05	3.84e-05	-6.94516e-17
-2.64e-05	3.84e-05	2.67673e-18
-2.4e-05	3.84e-05	4.77309e-17
-2.16e-05	3.84e-05	4.67292e-17
-1.92e-05	3.84e-05	-1.44666e-17
-1.68e-05	3.84e-05	-7.95384e-17
-1.44e-05	3.84e-05	-7.50848e-17
-1.2e-05	3.84e-05	-1.33712e-16
-9.6e-06	3.84e-05	-2.42985e-16
-7.2e-06	3.84e-05	-1.99932e-16
-4.8e-06	3.84e-05	-2.96695e-16
-2.4e-06	3.84e-05	-2.67038e-16
0	3.84e-05	-3.47047e-16
2.4e-06	3.84e-05	-3.08655e-16
4.8e-06	3.84e-05	-2.39428e-16
7.2e-06	3.84e-05	-2.28584e-16
9.6e-06	3.84e-05	-1.85973e-16
1.2e-05	3.84e-05	-1.21277e-16
1.44e-05	3.84e-05	-8.41061e-17
1.68e-05	3.84e-05	-1.02852e-17
1.92e-05	3.84e-05	-7.49846e-18
2.16e-05	3.84e-05	1.58687e-17
2.4e-05	3.84e-05	-1.80351e-18
2.64e-05	3.84e-05	2.96518e-17
2.88e-05	3.84e-05	-8.23474e-18
3.12e-05	3.84e-05	8.58157e-18
3.36e-05	3.84e-05	-9.76545e-18
3.6e-05	3.84e-05	-2.15444e-17
3.84e-05	3.84e-05	-8.70552e-18
4.08e-05	3.84e-05	-2.06268e-17
4.32e-05	3.84e-05	1.58242e-17
4.56e-05	3.84e-05	-1.75055e-17

-4.56e-05	3.6e-05	-7.11927e-19
-4.32e-05	3.6e-05	2.2173e-17
-4.08e-05	3.6e-05	-2.28436e-17
-3.84e-05	3.6e-05	-4.34062e-18
-3.6e-05	3.6e-05	-1.06659e-16
-3.36e-05	3.6e-05	8.98083e-18
-3.12e-05	3.6e-05	2.82587e-17
-2.88e-05	3.6e-05	2.00908e-17
-2.64e-05	3.6e-05	5.98531e-17
-2.4e-05	3.6e-05	1.84918e-17
-2.16e-05	3.6e-05	-1.93888e-16
-1.92e-05	3.6e-05	-1.56449e-15
-1.68e-05	3.6e-05	-4.40334e-15
-1.44e-05	3.6e-05	-7.39194e-15
-1.2e-05	3.6e-05	-9.97125e-15
-9.6e-06	3.6e-05	-1.22209e-14
-7.2e-06	3.6e-05	-1.40109e-14
-4.8e-06	3.6e-05	-1.51751e-14
-2.4e-06	3.6e-05	-1.58884e-14
0	3.6e-05	-1.5827e-14
2.4e-06	3.6e-05	-1.53018e-14
4.8e-06	3.6e-05	-1.41306e-14
7.2e-06	3.6e-05	-1.23449e-14
9.6e-06	3.6e-05	-1.02102e-14
1.2e-05	3.6e-05	-7.60133e-15
1.44e-05	3.6e-05	-4.75601e-15
1.68e-05	3.6e-05	-1.97416e-15
1.92e-05	3.6e-05	-1.95253e-16
2.16e-05	3.6e-05	-2.97407e-17
2.4e-05	3.6e-05	1.17759e-17
2.64e-05	3.6e-05	-5.24995e-18
2.88e-05	3.6e-05	1.04255e-18
3.12e-05	3.6e-05	-4.30099e-18
3.36e-05	3.6e-05	4.53347e-17
3.6e-05	3.6e-05	-7.24366e-18
3.84e-05	3.6e-05	3.49154e-17
4.08e-05	3.6e-05	-1.97121e-17
4.32e-05	3.6e-05	2.04801e-18
4.56e-05	3.6e-05	-1.27685e-18

-4.56e-05	3.36e-05	-1.45362e-17
-4.32e-05	3.36e-05	6.93382e-18
-4.08e-05	3.36e-05	-2.25904e-17
-3.84e-05	3.36e-05	-8.85064e-19
-3.6e-05	3.36e-05	1.43395e-17
-3.36e-05	3.36e-05	7.33511e-17
-3.12e-05	3.36e-05	2.89574e-17
-2.88e-05	3.36e-05	-6.88312e-17
-2.64e-05	3.36e-05	-2.35466e-17
-2.4e-05	3.36e-05	-5.83889e-16
-2.16e-05	3.36e-05	-8.69774e-15
-1.92e-05	3.36e-05	-8.12747e-14
-1.68e-05	3.36e-05	-2.42146e-13
-1.44e-05	3.36e-05	-4.00355e-13
-1.2e-05	3.36e-05	-5.42307e-13
-9.6e-06	3.36e-05	-6.62754e-13
-7.2e-06	3.36e-05	-7.57163e-13
-4.8e-06	3.36e-05	-8.2238e-13
-2.4e-06	3.36e-05	-8.55901e-13
0	3.36e-05	-8.5678e-13
2.4e-06	3.36e-05	-8.24649e-13
4.8e-06	3.36e-05	-7.60964e-13
7.2e-06	3.36e-05	-6.68296e-13
9.6e-06	3.36e-05	-5.50085e-13
1.2e-05	3.36e-05	-4.11484e-13
1.44e-05	3.36e-05	-2.58924e-13
1.68e-05	3.36e-05	-1.06127e-13
1.92e-05	3.36e-05	-1.17278e-14
2.16e-05	3.36e-05	-7.51312e-16
2.4e-05	3.36e-05	-3.98073e-17
2.64e-05	3.36e-05	5.79644e-17
2.88e-05	3.36e-05	-1.5651e-17
3.12e-05	3.36e-05	-1.76475e-17
3.36e-05	3.36e-05	-4.64747e-18
3.6e-05	3.36e-05	-2.72031e-18
3.84e-05	3.36e-05	-4.20907e-18
4.08e-05	3.36e-05	2.34982e-17
4.32e-05	3.36e-05	2.23391e-18
4.56e-05	3.36e-05	1.95903e-17

-4.56e-05	3.12e-05	3.00782e-17
-4.32e-05	3.12e-05	-3.18109e-18
-4.08e-05	3.12e-05	-3.26959e-18
-3.84e-05	3.12e-05	2.29752e-17
-3.6e-05	3.12e-05	-2.78479e-17
-3.36e-05	3.12e-05	1.34986e-17
-3.12e-05	3.12e-05	-1.12842e-16
-2.88e-05	3.12e-05	-5.5448e-17
-2.64e-05	3.12e-05	-9.87753e-16
-2.4e-05	3.12e-05	-2.41813e-14
-2.16e-05	3.12e-05	-4.03896e-13
-1.92e-05	3.12e-05	-4.30056e-12
-1.68e-05	3.12e-05	-1.30718e-11
-1.44e-05	3.12e-05	-2.16262e-11
-1.2e-05	3.12e-05	-2.92916e-11
-9.6e-06	3.12e-05	-3.57911e-11
-7.2e-06	3.12e-05	-4.08942e-11
-4.8e-06	3.12e-05	-4.44161e-11
-2.4e-06	3.12e-05	-4.62296e-11
0	3.12e-05	-4.62697e-11
2.4e-06	3.12e-05	-4.45373e-11
4.8e-06	3.12e-05	-4.10999e-11
7.2e-06	3.12e-05	-3.60912e-11
9.6e-06	3.12e-05	-2.97096e-11
1.2e-05	3.12e-05	-2.22192e-11
1.44e-05	3.12e-05	-1.39749e-11
1.68e-05	3.12e-05	-5.6732e-12
1.92e-05	3.12e-05	-5.48979e-13
2.16e-05	3.12e-05	-3.33284e-14
2.4e-05	3.12e-05	-1.56306e-15
2.64e-05	3.12e-05	-5.54222e-17
2.88e-05	3.12e-05	8.76702e-17
3.12e-05	3.12e-05	-2.28252e-17
3.36e-05	3.12e-05	4.11474e-17
3.6e-05	3.12e-05	-2.6154e-17
3.84e-05	3.12e-05	6.80512e-18
4.08e-05	3.12e-05	-1.27947e-17
4.32e-05	3.12e-05	-2.90767e-17
4.56e-05	3.12e-05	1.46197e-17

-4.56e-05	2.88e-05	-8.35571e-19
-4.32e-05	2.88e-05	-4.98178e-17
-4.08e-05	2.88e-05	-4.38347e-18
-3.84e-05	2.88e-05	-7.91313e-17
-3.6e-05	2.88e-05	-2.16742e-17
-3.36e-05	2.88e-05	1.76296e-17
-3.12e-05	2.88e-05	-5.88785e-17
-2.88e-05	2.88e-05	-1.20646e-15
-2.64e-05	2.88e-05	-3.91626e-14
-2.4e-05	2.88e-05	-9.49978e-13
-2.16e-05	2.88e-05	-1.82795e-11
-1.92e-05	2.88e-05	-2.27217e-10
-1.68e-05	2.88e-05	-7.05699e-10
-1.44e-05	2.88e-05	-1.16804e-09
-1.2e-05	2.88e-05	-1.582e-09
-9.6e-06	2.88e-05	-1.93301e-09
-7.2e-06	2.88e-05	-2.2086e-09
-4.8e-06	2.88e-05	-2.39881e-09
-2.4e-06	2.88e-05	-2.49674e-09
0	2.88e-05	-2.49891e-09
2.4e-06	2.88e-05	-2.40534e-09
4.8e-06	2.88e-05	-2.2197e-09
7.2e-06	2.88e-05	-1.94918e-09
9.6e-06	2.88e-05	-1.6045e-09
1.2e-05	2.88e-05	-1.19991e-09
1.44e-05	2.88e-05	-7.54271e-10
1.68e-05	2.88e-05	-3.03e-10
1.92e-05	2.88e-05	-2.50237e-11
2.16e-05	2.88e-05	-1.31381e-12
2.4e-05	2.88e-05	-5.44766e-14
2.64e-05	2.88e-05	-1.966e-15
2.88e-05	2.88e-05	-7.04122e-17
3.12e-05	2.88e-05	7.22765e-17
3.36e-05	2.88e-05	-2.54028e-17
3.6e-05	2.88e-05	9.7055e-17
3.84e-05	2.88e-05	-4.03134e-17
4.08e-05	2.88e-05	7.17533e-17
4.32e-05	2.88e-05	-2.96344e-17
4.56e-05	2.88e-05	4.56478e-17

-4.56e-05	2.64e-05	4.71903e-17
-4.32e-05	2.64e-05	-4.07513e-17
-4.08e-05	2.64e-05	4.01512e-17
-3.84e-05	2.64e-05	-1.946e-17
-3.6e-05	2.64e-05	1.15317e-16
-3.36e-05	2.64e-05	-1.54595e-17
-3.12e-05	2.64e-05	-1.02614e-15
-2.88e-05	2.64e-05	-3.88574e-14
-2.64e-05	2.64e-05	-1.24006e-12
-2.4e-05	2.64e-05	-3.48401e-11
-2.16e-05	2.64e-05	-7.94847e-10
-1.92e-05	2.64e-05	-1.19931e-08
-1.68e-05	2.64e-05	-3.81021e-08
-1.44e-05	2.64e-05	-6.30864e-08
-1.2e-05	2.64e-05	-8.54422e-08
-9.6e-06	2.64e-05	-1.04398e-07
-7.2e-06	2.64e-05	-1.19281e-07
-4.8e-06	2.64e-05	-1.29554e-07
-2.4e-06	2.64e-05	-1.34843e-07
0	2.64e-05	-1.34959e-07
2.4e-06	2.64e-05	-1.29906e-07
4.8e-06	2.64e-05	-1.1988e-07
7.2e-06	2.64e-05	-1.0527e-07
9.6e-06	2.64e-05	-8.66534e-08
1.2e-05	2.64e-05	-6.47989e-08
1.44e-05	2.64e-05	-4.07129e-08
1.68e-05	2.64e-05	-1.61793e-08
1.92e-05	2.64e-05	-1.09616e-09
2.16e-05	2.64e-05	-4.84517e-11
2.4e-05	2.64e-05	-1.73147e-12
2.64e-05	2.64e-05	-5.44033e-14
2.88e-05	2.64e-05	-1.5325e-15
3.12e-05	2.64e-05	-6.8787e-17
3.36e-05	2.64e-05	2.71391e-17
3.6e-05	2.64e-05	-1.06605e-17
3.84e-05	2.64e-05	5.60738e-17
4.08e-05	2.64e-05	-6.17499e-18
4.32e-05	2.64e-05	7.26194e-17
4.56e-05	2.64e-05	9.76859e-18

-4.56e-05	2.4e-05	-5.97338e-18
-4.32e-05	2.4e-05	5.20688e-17
-4.08e-05	2.4e-05	1.37331e-17
-3.84e-05	2.4e-05	5.20791e-17
-3.6e-05	2.4e-05	-3.46109e-18
-3.36e-05	2.4e-05	-5.68411e-16
-3.12e-05	2.4e-05	-2.35971e-14
-2.88e-05	2.4e-05	-9.32602e-13
-2.64e-05	2.4e-05	-3.45045e-11
-2.4e-05	2.4e-05	-1.15357e-09
-2.16e-05	2.4e-05	-3.24554e-08
-1.92e-05	2.4e-05	-6.3234e-07
-1.68e-05	2.4e-05	-2.05746e-06
-1.44e-05	2.4e-05	-3.40734e-06
-1.2e-05	2.4e-05	-4.61464e-06
-9.6e-06	2.4e-05	-5.63835e-06
-7.2e-06	2.4e-05	-6.44212e-06
-4.8e-06	2.4e-05	-6.99687e-06
-2.4e-06	2.4e-05	-7.28251e-06
0	2.4e-05	-7.2888e-06
2.4e-06	2.4e-05	-7.01589e-06
4.8e-06	2.4e-05	-6.47439e-06
7.2e-06	2.4e-05	-5.68532e-06
9.6e-06	2.4e-05	-4.67984e-06
1.2e-05	2.4e-05	-3.49937e-06
1.44e-05	2.4e-05	-2.19769e-06
1.68e-05	2.4e-05	-8.63726e-07
1.92e-05	2.4e-05	-4.51184e-08
2.16e-05	2.4e-05	-1.6135e-09
2.4e-05	2.4e-05	-4.83868e-11
2.64e-05	2.4e-05	-1.30909e-12
2.88e-05	2.4e-05	-3.31336e-14
3.12e-05	2.4e-05	-7.0097e-16
3.36e-05	2.4e-05	-9.20706e-17
3.6e-05	2.4e-05	5.60251e-17
3.84e-05	2.4e-05	-6.2535e-17
4.08e-05	2.4e-05	4.84216e-17
4.32e-05	2.4e-05	-2.72717e-17
4.56e-05	2.4e-05	2.54455e-17

-4.56e-05	2.16e-05	3.07268e-17
-4.32e-05	2.16e-05	-3.86218e-17
-4.08e-05	2.16e-05	8.12022e-18
-3.84e-05	2.16e-05	-5.4164e-17
-3.6e-05	2.16e-05	-1.28667e-16
-3.36e-05	2.16e-05	-8.28499e-15
-3.12e-05	2.16e-05	-3.85599e-13
-2.88e-05	2.16e-05	-1.76477e-11
-2.64e-05	2.16e-05	-7.76074e-10
-2.4e-05	2.16e-05	-3.2061e-08
-2.16e-05	2.16e-05	-1.18281e-06
-1.92e-05	2.16e-05	-3.33013e-05
-1.68e-05	2.16e-05	-0.000111114
-1.44e-05	2.16e-05	-0.000184034
-1.2e-05	2.16e-05	-0.000249231
-9.6e-06	2.16e-05	-0.000304516
-7.2e-06	2.16e-05	-0.000347924
-4.8e-06	2.16e-05	-0.000377884
-2.4e-06	2.16e-05	-0.00039331
0	2.16e-05	-0.000393649
2.4e-06	2.16e-05	-0.000378909
4.8e-06	2.16e-05	-0.000349664
7.2e-06	2.16e-05	-0.000307048
9.6e-06	2.16e-05	-0.000252742
1.2e-05	2.16e-05	-0.000188979
1.44e-05	2.16e-05	-0.000118639
1.68e-05	2.16e-05	-4.60989e-05
1.92e-05	2.16e-05	-1.65964e-06
2.16e-05	2.16e-05	-4.51204e-08
2.4e-05	2.16e-05	-1.09252e-09
2.64e-05	2.16e-05	-2.48245e-11
2.88e-05	2.16e-05	-5.41744e-13
3.12e-05	2.16e-05	-1.15095e-14
3.36e-05	2.16e-05	-1.19445e-16
3.6e-05	2.16e-05	-8.14955e-17
3.84e-05	2.16e-05	1.05442e-16
4.08e-05	2.16e-05	-8.33045e-17
4.32e-05	2.16e-05	7.28262e-17
4.56e-05	2.16e-05	-7.96376e-17

-4.56e-05	1.92e-05	-1.17167e-16
-4.32e-05	1.92e-05	7.06957e-17
-4.08e-05	1.92e-05	-1.04034e-16
-3.84e-05	1.92e-05	8.2196e-17
-3.6e-05	1.92e-05	-1.44978e-15
-3.36e-05	1.92e-05	-7.26174e-14
-3.12e-05	1.92e-05	-3.91469e-12
-2.88e-05	1.92e-05	-2.10653e-10
-2.64e-05	1.92e-05	-1.13373e-08
-2.4e-05	1.92e-05	-6.10279e-07
-2.16e-05	1.92e-05	-3.28569e-05
-1.92e-05	1.92e-05	-0.00175153
-1.68e-05	1.92e-05	-0.00600163
-1.44e-05	1.92e-05	-0.00993985
-1.2e-05	1.92e-05	-0.0134607
-9.6e-06	1.92e-05	-0.0164463
-7.2e-06	1.92e-05	-0.0187906
-4.8e-06	1.92e-05	-0.0204086
-2.4e-06	1.92e-05	-0.0212416
0	1.92e-05	-0.02126
2.4e-06	1.92e-05	-0.0204639
4.8e-06	1.92e-05	-0.0188844
7.2e-06	1.92e-05	-0.0165828
9.6e-06	1.92e-05	-0.0136497
1.2e-05	1.92e-05	-0.0102056
1.44e-05	1.92e-05	-0.00640505
1.68e-05	1.92e-05	-0.00245981
1.92e-05	1.92e-05	-4.67299e-05
2.16e-05	1.92e-05	-8.6384e-07
2.4e-05	1.92e-05	-1.59742e-08
2.64e-05	1.92e-05	-2.9549e-10
2.88e-05	1.92e-05	-5.46756e-12
3.12e-05	1.92e-05	-1.01088e-13
3.36e-05	1.92e-05	-1.85273e-15
3.6e-05	1.92e-05	1.07744e-16
3.84e-05	1.92e-05	-2.89698e-17
4.08e-05	1.92e-05	1.25922e-16
4.32e-05	1.92e-05	-3.81678e-17
4.56e-05	1.92e-05	1.57748e-16

-4.56e-05	1.68e-05	1.50965e-16
-4.32e-05	1.68e-05	-6.68655e-17
-4.08e-05	1.68e-05	1.32719e-16
-3.84e-05	1.68e-05	-8.07189e-17
-3.6e-05	1.68e-05	-2.58418e-15
-3.36e-05	1.68e-05	-1.49299e-13
-3.12e-05	1.68e-05	-8.06033e-12
-2.88e-05	1.68e-05	-4.3508e-10
-2.64e-05	1.68e-05	-2.34848e-08
-2.4e-05	1.68e-05	-1.26768e-06
-2.16e-05	1.68e-05	-6.84293e-05
-1.92e-05	1.68e-05	-0.00364081
-1.68e-05	1.68e-05	-0.0117857
-1.44e-05	1.68e-05	-0.0194203
-1.2e-05	1.68e-05	-0.0262692
-9.6e-06	1.68e-05	-0.0320833
-7.2e-06	1.68e-05	-0.0366499
-4.8e-06	1.68e-05	-0.0398018
-2.4e-06	1.68e-05	-0.0414242
0	1.68e-05	-0.0414589
2.4e-06	1.68e-05	-0.039906
4.8e-06	1.68e-05	-0.0368252
7.2e-06	1.68e-05	-0.0323342
9.6e-06	1.68e-05	-0.0266063
1.2e-05	1.68e-05	-0.0198673
1.44e-05	1.68e-05	-0.0123898
1.68e-05	1.68e-05	-0.00448252
1.92e-05	1.68e-05	-8.49769e-05
2.16e-05	1.68e-05	-1.5733e-06
2.4e-05	1.68e-05	-2.91287e-08
2.64e-05	1.68e-05	-5.39297e-10
2.88e-05	1.68e-05	-9.98469e-12
3.12e-05	1.68e-05	-1.84831e-13
3.36e-05	1.68e-05	-3.34356e-15
3.6e-05	1.68e-05	-4.78435e-17
3.84e-05	1.68e-05	1.25899e-16
4.08e-05	1.68e-05	1.33405e-17
4.32e-05	1.68e-05	1.55467e-16
4.56e-05	1.68e-05	1.05516e-17

-4.56e-05	1.44e-05	-1.36693e-17
-4.32e-05	1.44e-05	1.45458e-16
-4.08e-05	1.44e-05	9.10314e-18
-3.84e-05	1.44e-05	5.65414e-17
-3.6e-05	1.44e-05	-4.13859e-15
-3.36e-05	1.44e-05	-2.24787e-13
-3.12e-05	1.44e-05	-1.2142e-11
-2.88e-05	1.44e-05	-6.55611e-10
-2.64e-05	1.44e-05	-3.53998e-08
-2.4e-05	1.44e-05	-1.91142e-06
-2.16e-05	1.44e-05	-0.000103208
-1.92e-05	1.44e-05	-0.00548285
-1.68e-05	1.44e-05	-0.0172588
-1.44e-05	1.44e-05	-0.0283327
-1.2e-05	1.44e-05	-0.0382816
-9.6e-06	1.44e-05	-0.0467317
-7.2e-06	1.44e-05	-0.0533694
-4.8e-06	1.44e-05	-0.0579504
-2.4e-06	1.44e-05	-0.0603075
0	1.44e-05	-0.0603557
2.4e-06	1.44e-05	-0.0580948
4.8e-06	1.44e-05	-0.0536096
7.2e-06	1.44e-05	-0.0470687
9.6e-06	1.44e-05	-0.0387198
1.2e-05	1.44e-05	-0.028883
1.44e-05	1.44e-05	-0.0179406
1.68e-05	1.44e-05	-0.00631957
1.92e-05	1.44e-05	-0.000119646
2.16e-05	1.44e-05	-2.21561e-06
2.4e-05	1.44e-05	-4.10287e-08
2.64e-05	1.44e-05	-7.59769e-10
2.88e-05	1.44e-05	-1.40693e-11
3.12e-05	1.44e-05	-2.6056e-13
3.36e-05	1.44e-05	-4.78468e-15
3.6e-05	1.44e-05	-7.73755e-17
3.84e-05	1.44e-05	1.87009e-17
4.08e-05	1.44e-05	6.04323e-17
4.32e-05	1.44e-05	2.27788e-17
4.56e-05	1.44e-05	8.75345e-17

-4.56e-05	1.2e-05	8.56472e-17
-4.32e-05	1.2e-05	2.18104e-17
-4.08e-05	1.2e-05	1.00511e-17
-3.84e-05	1.2e-05	-7.15981e-17
-3.6e-05	1.2e-05	-5.44406e-15
-3.36e-05	1.2e-05	-2.94524e-13
-3.12e-05	1.2e-05	-1.59093e-11
-2.88e-05	1.2e-05	-8.59065e-10
-2.64e-05	1.2e-05	-4.63879e-08
-2.4e-05	1.2e-05	-2.50486e-06
-2.16e-05	1.2e-05	-0.000135258
-1.92e-05	1.2e-05	-0.00717879
-1.68e-05	1.2e-05	-0.0222308
-1.44e-05	1.2e-05	-0.0363956
-1.2e-05	1.2e-05	-0.0491247
-9.6e-06	1.2e-05	-0.0599356
-7.2e-06	1.2e-05	-0.0684259
-4.8e-06	1.2e-05	-0.0742839
-2.4e-06	1.2e-05	-0.0772965
0	1.2e-05	-0.0773551
2.4e-06	1.2e-05	-0.0744586
4.8e-06	1.2e-05	-0.0687134
7.2e-06	1.2e-05	-0.0603308
9.6e-06	1.2e-05	-0.0496224
1.2e-05	1.2e-05	-0.0369911
1.44e-05	1.2e-05	-0.0229198
1.68e-05	1.2e-05	-0.00795328
1.92e-05	1.2e-05	-0.000150458
2.16e-05	1.2e-05	-2.78629e-06
2.4e-05	1.2e-05	-5.15984e-08
2.64e-05	1.2e-05	-9.55535e-10
2.88e-05	1.2e-05	-1.76953e-11
3.12e-05	1.2e-05	-3.27676e-13
3.36e-05	1.2e-05	-6.1122e-15
3.6e-05	1.2e-05	-8.59274e-17
3.84e-05	1.2e-05	-2.34956e-17
4.08e-05	1.2e-05	2.88904e-17
4.32e-05	1.2e-05	-1.65268e-17
4.56e-05	1.2e-05	5.92283e-17

-4.56e-05	9.6e-06	4.68234e-17
-4.32e-05	9.6e-06	-2.94845e-17
-4.08e-05	9.6e-06	4.33405e-17
-3.84e-05	9.6e-06	-3.35437e-16
-3.6e-05	9.6e-06	-6.85075e-15
-3.36e-05	9.6e-06	-3.56531e-13
-3.12e-05	9.6e-06	-1.92151e-11
-2.88e-05	9.6e-06	-1.03754e-09
-2.64e-05	9.6e-06	-5.60257e-08
-2.4e-05	9.6e-06	-3.02531e-06
-2.16e-05	9.6e-06	-0.000163363
-1.92e-05	9.6e-06	-0.00866494
-1.68e-05	9.6e-06	-0.0265408
-1.44e-05	9.6e-06	-0.0433576
-1.2e-05	9.6e-06	-0.058462
-9.6e-06	9.6e-06	-0.0712827
-7.2e-06	9.6e-06	-0.0813457
-4.8e-06	9.6e-06	-0.0882854
-2.4e-06	9.6e-06	-0.091852
0	9.6e-06	-0.0919183
2.4e-06	9.6e-06	-0.0884817
4.8e-06	9.6e-06	-0.0816653
7.2e-06	9.6e-06	-0.0717139
9.6e-06	9.6e-06	-0.0589893
1.2e-05	9.6e-06	-0.0439611
1.44e-05	9.6e-06	-0.0271966
1.68e-05	9.6e-06	-0.00934525
1.92e-05	9.6e-06	-0.000176699
2.16e-05	9.6e-06	-3.2723e-06
2.4e-05	9.6e-06	-6.06002e-08
2.64e-05	9.6e-06	-1.12227e-09
2.88e-05	9.6e-06	-2.07845e-11
3.12e-05	9.6e-06	-3.85548e-13
3.36e-05	9.6e-06	-7.45522e-15
3.6e-05	9.6e-06	-2.49227e-16
3.84e-05	9.6e-06	-1.19612e-17
4.08e-05	9.6e-06	-1.93223e-18
4.32e-05	9.6e-06	3.2575e-17
4.56e-05	9.6e-06	-1.59918e-17

-4.56e-05	7.2e-06	1.5147e-17
-4.32e-05	7.2e-06	-1.59803e-17
-4.08e-05	7.2e-06	-6.80801e-16
-3.84e-05	7.2e-06	-5.85504e-15
-3.6e-05	7.2e-06	-2.5476e-14
-3.36e-05	7.2e-06	-4.40575e-13
-3.12e-05	7.2e-06	-2.20092e-11
-2.88e-05	7.2e-06	-1.18546e-09
-2.64e-05	7.2e-06	-6.40075e-08
-2.4e-05	7.2e-06	-3.45628e-06
-2.16e-05	7.2e-06	-0.000186633
-1.92e-05	7.2e-06	-0.00989451
-1.68e-05	7.2e-06	-0.0300599
-1.44e-05	7.2e-06	-0.0490101
-1.2e-05	7.2e-06	-0.0660084
-9.6e-06	7.2e-06	-0.0804192
-7.2e-06	7.2e-06	-0.0917194
-4.8e-06	7.2e-06	-0.0995066
-2.4e-06	7.2e-06	-0.103506
0	7.2e-06	-0.103578
2.4e-06	7.2e-06	-0.0997178
4.8e-06	7.2e-06	-0.0920602
7.2e-06	7.2e-06	-0.0808721
9.6e-06	7.2e-06	-0.0665483
1.2e-05	7.2e-06	-0.0496035
1.44e-05	7.2e-06	-0.0306648
1.68e-05	7.2e-06	-0.0104642
1.92e-05	7.2e-06	-0.000197785
2.16e-05	7.2e-06	-3.66292e-06
2.4e-05	7.2e-06	-6.78367e-08
2.64e-05	7.2e-06	-1.25642e-09
2.88e-05	7.2e-06	-2.33257e-11
3.12e-05	7.2e-06	-4.66065e-13
3.36e-05	7.2e-06	-2.69765e-14
3.6e-05	7.2e-06	-7.26082e-15
3.84e-05	7.2e-06	-7.61014e-16
4.08e-05	7.2e-06	-2.53765e-17
4.32e-05	7.2e-06	-6.60567e-18
4.56e-05	7.2e-06	5.254e-17

-4.56e-05	4.8e-06	-7.75653e-17
-4.32e-05	4.8e-06	-1.68127e-15
-4.08e-05	4.8e-06	-2.83488e-14
-3.84e-05	4.8e-06	-3.0415e-13
-3.6e-05	4.8e-06	-9.71944e-13
-3.36e-05	4.8e-06	-2.27905e-12
-3.12e-05	4.8e-06	-2.71312e-11
-2.88e-05	4.8e-06	-1.30372e-09
-2.64e-05	4.8e-06	-7.01347e-08
-2.4e-05	4.8e-06	-3.78661e-06
-2.16e-05	4.8e-06	-0.000204464
-1.92e-05	4.8e-06	-0.0108355
-1.68e-05	4.8e-06	-0.0326992
-1.44e-05	4.8e-06	-0.0531987
-1.2e-05	4.8e-06	-0.0715417
-9.6e-06	4.8e-06	-0.0870613
-7.2e-06	4.8e-06	-0.0992136
-4.8e-06	4.8e-06	-0.10758
-2.4e-06	4.8e-06	-0.111874
0	4.8e-06	-0.11195
2.4e-06	4.8e-06	-0.107802
4.8e-06	4.8e-06	-0.0995692
7.2e-06	4.8e-06	-0.0875295
9.6e-06	4.8e-06	-0.0720903
1.2e-05	4.8e-06	-0.0537824
1.44e-05	4.8e-06	-0.0332576
1.68e-05	4.8e-06	-0.0112962
1.92e-05	4.8e-06	-0.000213463
2.16e-05	4.8e-06	-3.9536e-06
2.4e-05	4.8e-06	-7.32335e-08
2.64e-05	4.8e-06	-1.36136e-09
2.88e-05	4.8e-06	-2.82834e-11
3.12e-05	4.8e-06	-2.35786e-12
3.36e-05	4.8e-06	-1.02764e-12
3.6e-05	4.8e-06	-3.79723e-13
3.84e-05	4.8e-06	-3.63111e-14
4.08e-05	4.8e-06	-2.23595e-15
4.32e-05	4.8e-06	-5.53056e-17
4.56e-05	4.8e-06	-7.77959e-17

-4.56e-05	2.4e-06	-2.78844e-15
-4.32e-05	2.4e-06	-6.64296e-14
-4.08e-05	2.4e-06	-1.2818e-12
-3.84e-05	2.4e-06	-1.60173e-11
-3.6e-05	2.4e-06	-5.18087e-11
-3.36e-05	2.4e-06	-9.90574e-11
-3.12e-05	2.4e-06	-1.91e-10
-2.88e-05	2.4e-06	-1.64515e-09
-2.64e-05	2.4e-06	-7.47471e-08
-2.4e-05	2.4e-06	-4.01283e-06
-2.16e-05	2.4e-06	-0.000216625
-1.92e-05	2.4e-06	-0.0114756
-1.68e-05	2.4e-06	-0.0344235
-1.44e-05	2.4e-06	-0.0558361
-1.2e-05	2.4e-06	-0.0749122
-9.6e-06	2.4e-06	-0.0910029
-7.2e-06	2.4e-06	-0.103579
-4.8e-06	2.4e-06	-0.112228
-2.4e-06	2.4e-06	-0.116665
0	2.4e-06	-0.116742
2.4e-06	2.4e-06	-0.112456
4.8e-06	2.4e-06	-0.103946
7.2e-06	2.4e-06	-0.0914859
9.6e-06	2.4e-06	-0.0754764
1.2e-05	2.4e-06	-0.0564297
1.44e-05	2.4e-06	-0.0349691
1.68e-05	2.4e-06	-0.0118605
1.92e-05	2.4e-06	-0.00022414
2.16e-05	2.4e-06	-4.15292e-06
2.4e-05	2.4e-06	-7.73717e-08
2.64e-05	2.4e-06	-1.70127e-09
2.88e-05	2.4e-06	-1.96472e-10
3.12e-05	2.4e-06	-1.0223e-10
3.36e-05	2.4e-06	-5.47733e-11
3.6e-05	2.4e-06	-2.01865e-11
3.84e-05	2.4e-06	-1.65151e-12
4.08e-05	2.4e-06	-8.63257e-14
4.32e-05	2.4e-06	-3.60687e-15
4.56e-05	2.4e-06	-1.80321e-16

-4.56e-05	0	-8.641e-14
-4.32e-05	0	-2.43374e-12
-4.08e-05	0	-5.56517e-11
-3.84e-05	0	-8.43382e-10
-3.6e-05	0	-2.78459e-09
-3.36e-05	0	-5.3009e-09
-3.12e-05	0	-8.92231e-09
-2.88e-05	0	-1.58664e-08
-2.64e-05	0	-1.003e-07
-2.4e-05	0	-4.18206e-06
-2.16e-05	0	-0.000223676
-1.92e-05	0	-0.0118396
-1.68e-05	0	-0.035284
-1.44e-05	0	-0.0569182
-1.2e-05	0	-0.0760471
-9.6e-06	0	-0.0921167
-7.2e-06	0	-0.104651
-4.8e-06	0	-0.113265
-2.4e-06	0	-0.117683
0	0	-0.117762
2.4e-06	0	-0.113498
4.8e-06	0	-0.105027
7.2e-06	0	-0.0926156
9.6e-06	0	-0.0766394
1.2e-05	0	-0.0575579
1.44e-05	0	-0.0358914
1.68e-05	0	-0.0122557
1.92e-05	0	-0.000231993
2.16e-05	0	-4.34139e-06
2.4e-05	0	-1.03997e-07
2.64e-05	0	-1.63205e-08
2.88e-05	0	-9.16821e-09
3.12e-05	0	-5.47001e-09
3.36e-05	0	-2.94318e-09
3.6e-05	0	-1.07339e-09
3.84e-05	0	-7.21544e-11
4.08e-05	0	-3.17761e-12
4.32e-05	0	-1.13332e-13
4.56e-05	0	-5.18624e-15

-4.56e-05	-2.4e-06	-2.40196e-12
-4.32e-05	-2.4e-06	-8.04557e-11
-4.08e-05	-2.4e-06	-2.26871e-09
-3.84e-05	-2.4e-06	-4.43627e-08
-3.6e-05	-2.4e-06	-1.49706e-07
-3.36e-05	-2.4e-06	-2.84978e-07
-3.12e-05	-2.4e-06	-4.7818e-07
-2.88e-05	-2.4e-06	-7.77452e-07
-2.64e-05	-2.4e-06	-1.34288e-06
-2.4e-05	-2.4e-06	-6.35467e-06
-2.16e-05	-2.4e-06	-0.000231985
-1.92e-05	-2.4e-06	-0.0120788
-1.68e-05	-2.4e-06	-0.0354955
-1.44e-05	-2.4e-06	-0.0565384
-1.2e-05	-2.4e-06	-0.074941
-9.6e-06	-2.4e-06	-0.0903451
-7.2e-06	-2.4e-06	-0.102352
-4.8e-06	-2.4e-06	-0.110604
-2.4e-06	-2.4e-06	-0.114838
0	-2.4e-06	-0.114917
2.4e-06	-2.4e-06	-0.110836
4.8e-06	-2.4e-06	-0.102729
7.2e-06	-2.4e-06	-0.0908548
9.6e-06	-2.4e-06	-0.0755661
1.2e-05	-2.4e-06	-0.0572594
1.44e-05	-2.4e-06	-0.0362813
1.68e-05	-2.4e-06	-0.0128168
1.92e-05	-2.4e-06	-0.000251398
2.16e-05	-2.4e-06	-6.81376e-06
2.4e-05	-2.4e-06	-1.38745e-06
2.64e-05	-2.4e-06	-7.9888e-07
2.88e-05	-2.4e-06	-4.91319e-07
3.12e-05	-2.4e-06	-2.94039e-07
3.36e-05	-2.4e-06	-1.58184e-07
3.6e-05	-2.4e-06	-5.70609e-08
3.84e-05	-2.4e-06	-2.96154e-09
4.08e-05	-2.4e-06	-1.05554e-10
4.32e-05	-2.4e-06	-3.15815e-12
4.56e-05	-2.4e-06	-1.11919e-13

-4.56e-05	-4.8e-06	-5.3872e-11
-4.32e-05	-4.8e-06	-2.23098e-09
-4.08e-05	-4.8e-06	-8.25207e-08
-3.84e-05	-4.8e-06	-2.33094e-06
-3.6e-05	-4.8e-06	-8.04956e-06
-3.36e-05	-4.8e-06	-1.53221e-05
-3.12e-05	-4.8e-06	-2.57008e-05
-2.88e-05	-4.8e-06	-4.16907e-05
-2.64e-05	-4.8e-06	-6.7952e-05
-2.4e-05	-4.8e-06	-0.000118272
-2.16e-05	-4.8e-06	-0.000440837
-1.92e-05	-4.8e-06	-0.0130893
-1.68e-05	-4.8e-06	-0.0356068
-1.44e-05	-4.8e-06	-0.0548586
-1.2e-05	-4.8e-06	-0.0716102
-9.6e-06	-4.8e-06	-0.0856743
-7.2e-06	-4.8e-06	-0.096673
-4.8e-06	-4.8e-06	-0.104251
-2.4e-06	-4.8e-06	-0.108146
0	-4.8e-06	-0.108221
2.4e-06	-4.8e-06	-0.104474
4.8e-06	-4.8e-06	-0.0970392
7.2e-06	-4.8e-06	-0.086176
9.6e-06	-4.8e-06	-0.0722442
1.2e-05	-4.8e-06	-0.0556416
1.44e-05	-4.8e-06	-0.0366289
1.68e-05	-4.8e-06	-0.0147189
1.92e-05	-4.8e-06	-0.000582628
2.16e-05	-4.8e-06	-0.00012436
2.4e-05	-4.8e-06	-6.99633e-05
2.64e-05	-4.8e-06	-4.28323e-05
2.88e-05	-4.8e-06	-2.64057e-05
3.12e-05	-4.8e-06	-1.58076e-05
3.36e-05	-4.8e-06	-8.50227e-06
3.6e-05	-4.8e-06	-3.03248e-06
3.84e-05	-4.8e-06	-1.08571e-07
4.08e-05	-4.8e-06	-2.94185e-09
4.32e-05	-4.8e-06	-7.10384e-11
4.56e-05	-4.8e-06	-1.87742e-12

-4.56e-05	-7.2e-06	-7.81558e-10
-4.32e-05	-7.2e-06	-4.22522e-08
-4.08e-05	-7.2e-06	-2.28469e-06
-3.84e-05	-7.2e-06	-0.000122327
-3.6e-05	-7.2e-06	-0.000432873
-3.36e-05	-7.2e-06	-0.00082381
-3.12e-05	-7.2e-06	-0.00138144
-2.88e-05	-7.2e-06	-0.00223973
-2.64e-05	-7.2e-06	-0.00364316
-2.4e-05	-7.2e-06	-0.00610664
-2.16e-05	-7.2e-06	-0.0108894
-1.92e-05	-7.2e-06	-0.0213675
-1.68e-05	-7.2e-06	-0.0365022
-1.44e-05	-7.2e-06	-0.0518552
-1.2e-05	-7.2e-06	-0.0659761
-9.6e-06	-7.2e-06	-0.0780975
-7.2e-06	-7.2e-06	-0.0876775
-4.8e-06	-7.2e-06	-0.0943145
-2.4e-06	-7.2e-06	-0.0977365
0	-7.2e-06	-0.0978054
2.4e-06	-7.2e-06	-0.0945195
4.8e-06	-7.2e-06	-0.0880141
7.2e-06	-7.2e-06	-0.0785594
9.6e-06	-7.2e-06	-0.066558
1.2e-05	-7.2e-06	-0.0525558
1.44e-05	-7.2e-06	-0.0373209
1.68e-05	-7.2e-06	-0.0222449
1.92e-05	-7.2e-06	-0.0113007
2.16e-05	-7.2e-06	-0.0063032
2.4e-05	-7.2e-06	-0.0037485
2.64e-05	-7.2e-06	-0.00230091
2.88e-05	-7.2e-06	-0.00141926
3.12e-05	-7.2e-06	-0.000849826
3.36e-05	-7.2e-06	-0.000457023
3.6e-05	-7.2e-06	-0.000161113
3.84e-05	-7.2e-06	-3.04022e-06
4.08e-05	-7.2e-06	-5.59599e-08
4.32e-05	-7.2e-06	-1.03038e-09
4.56e-05	-7.2e-06	-1.94674e-11

-4.56e-05	-9.6e-06	-1.437e-09
-4.32e-05	-9.6e-06	-7.78931e-08
-4.08e-05	-9.6e-06	-4.22237e-06
-3.84e-05	-9.6e-06	-0.000225479
-3.6e-05	-9.6e-06	-0.000747135
-3.36e-05	-9.6e-06	-0.00140819
-3.12e-05	-9.6e-06	-0.00234021
-2.88e-05	-9.6e-06	-0.00373654
-2.64e-05	-9.6e-06	-0.00590441
-2.4e-05	-9.6e-06	-0.00935014
-2.16e-05	-9.6e-06	-0.0148835
-1.92e-05	-9.6e-06	-0.0234997
-1.68e-05	-9.6e-06	-0.0346351
-1.44e-05	-9.6e-06	-0.04647
-1.2e-05	-9.6e-06	-0.0577431
-9.6e-06	-9.6e-06	-0.0676189
-7.2e-06	-9.6e-06	-0.0755142
-4.8e-06	-9.6e-06	-0.0810195
-2.4e-06	-9.6e-06	-0.0838682
0	-9.6e-06	-0.0839277
2.4e-06	-9.6e-06	-0.0811964
4.8e-06	-9.6e-06	-0.0758039
7.2e-06	-9.6e-06	-0.0680141
9.6e-06	-9.6e-06	-0.0582336
1.2e-05	-9.6e-06	-0.0470398
1.44e-05	-9.6e-06	-0.0352528
1.68e-05	-9.6e-06	-0.0240886
1.92e-05	-9.6e-06	-0.0152844
2.16e-05	-9.6e-06	-0.00959993
2.4e-05	-9.6e-06	-0.00605865
2.64e-05	-9.6e-06	-0.00383268
2.88e-05	-9.6e-06	-0.00240098
3.12e-05	-9.6e-06	-0.00144798
3.36e-05	-9.6e-06	-0.000776799
3.6e-05	-9.6e-06	-0.00025611
3.84e-05	-9.6e-06	-4.81972e-06
4.08e-05	-9.6e-06	-8.88614e-08
4.32e-05	-9.6e-06	-1.63835e-09
4.56e-05	-9.6e-06	-3.08067e-11

-4.56e-05	-1.2e-05	-1.75245e-09
-4.32e-05	-1.2e-05	-9.49889e-08
-4.08e-05	-1.2e-05	-5.14997e-06
-3.84e-05	-1.2e-05	-0.000274314
-3.6e-05	-1.2e-05	-0.000869918
-3.36e-05	-1.2e-05	-0.00162347
-3.12e-05	-1.2e-05	-0.00267158
-2.88e-05	-1.2e-05	-0.00420139
-2.64e-05	-1.2e-05	-0.00647628
-2.4e-05	-1.2e-05	-0.00985433
-2.16e-05	-1.2e-05	-0.0147575
-1.92e-05	-1.2e-05	-0.021475
-1.68e-05	-1.2e-05	-0.0296546
-1.44e-05	-1.2e-05	-0.0384075
-1.2e-05	-1.2e-05	-0.0468831
-9.6e-06	-1.2e-05	-0.0544078
-7.2e-06	-1.2e-05	-0.060478
-4.8e-06	-1.2e-05	-0.0647343
-2.4e-06	-1.2e-05	-0.0669439
0	-1.2e-05	-0.0669913
2.4e-06	-1.2e-05	-0.0648752
4.8e-06	-1.2e-05	-0.0607079
7.2e-06	-1.2e-05	-0.0547191
9.6e-06	-1.2e-05	-0.0472638
1.2e-05	-1.2e-05	-0.0388386
1.44e-05	-1.2e-05	-0.0301047
1.68e-05	-1.2e-05	-0.0218935
1.92e-05	-1.2e-05	-0.0150832
2.16e-05	-1.2e-05	-0.0100844
2.4e-05	-1.2e-05	-0.00663124
2.64e-05	-1.2e-05	-0.00430304
2.88e-05	-1.2e-05	-0.00273666
3.12e-05	-1.2e-05	-0.00166341
3.36e-05	-1.2e-05	-0.00089194
3.6e-05	-1.2e-05	-0.000282401
3.84e-05	-1.2e-05	-5.30323e-06
4.08e-05	-1.2e-05	-9.78186e-08
4.32e-05	-1.2e-05	-1.80465e-09
4.56e-05	-1.2e-05	-3.4043e-11

-4.56e-05	-1.44e-05	-1.65656e-09
-4.32e-05	-1.44e-05	-8.85851e-08
-4.08e-05	-1.44e-05	-4.79399e-06
-3.84e-05	-1.44e-05	-0.000254679
-3.6e-05	-1.44e-05	-0.000774123
-3.36e-05	-1.44e-05	-0.00143105
-3.12e-05	-1.44e-05	-0.00233503
-2.88e-05	-1.44e-05	-0.00362832
-2.64e-05	-1.44e-05	-0.00549364
-2.4e-05	-1.44e-05	-0.00814654
-2.16e-05	-1.44e-05	-0.0117887
-1.92e-05	-1.44e-05	-0.0164914
-1.68e-05	-1.44e-05	-0.0220341
-1.44e-05	-1.44e-05	-0.0279455
-1.2e-05	-1.44e-05	-0.0337064
-9.6e-06	-1.44e-05	-0.0388591
-7.2e-06	-1.44e-05	-0.0430404
-4.8e-06	-1.44e-05	-0.045984
-2.4e-06	-1.44e-05	-0.0475158
0	-1.44e-05	-0.0475494
2.4e-06	-1.44e-05	-0.0460835
4.8e-06	-1.44e-05	-0.0432022
7.2e-06	-1.44e-05	-0.0390768
9.6e-06	-1.44e-05	-0.0339698
1.2e-05	-1.44e-05	-0.0282392
1.44e-05	-1.44e-05	-0.0223358
1.68e-05	-1.44e-05	-0.0167716
1.92e-05	-1.44e-05	-0.0120193
2.16e-05	-1.44e-05	-0.00832017
2.4e-05	-1.44e-05	-0.00561672
2.64e-05	-1.44e-05	-0.00371167
2.88e-05	-1.44e-05	-0.00238846
3.12e-05	-1.44e-05	-0.00146112
3.36e-05	-1.44e-05	-0.000782986
3.6e-05	-1.44e-05	-0.000238647
3.84e-05	-1.44e-05	-4.4746e-06
4.08e-05	-1.44e-05	-8.273e-08
4.32e-05	-1.44e-05	-1.54703e-09
4.56e-05	-1.44e-05	-3.66869e-11

-4.56e-05	-1.68e-05	-2.37514e-09
-4.32e-05	-1.68e-05	-6.90364e-08
-4.08e-05	-1.68e-05	-3.27696e-06
-3.84e-05	-1.68e-05	-0.000170395
-3.6e-05	-1.68e-05	-0.000486891
-3.36e-05	-1.68e-05	-0.000891821
-3.12e-05	-1.68e-05	-0.00144645
-2.88e-05	-1.68e-05	-0.00223032
-2.64e-05	-1.68e-05	-0.00334052
-2.4e-05	-1.68e-05	-0.00488176
-2.16e-05	-1.68e-05	-0.00693758
-1.92e-05	-1.68e-05	-0.00951832
-1.68e-05	-1.68e-05	-0.0125091
-1.44e-05	-1.68e-05	-0.0156862
-1.2e-05	-1.68e-05	-0.0187886
-9.6e-06	-1.68e-05	-0.0215735
-7.2e-06	-1.68e-05	-0.0238407
-4.8e-06	-1.68e-05	-0.0254406
-2.4e-06	-1.68e-05	-0.0262744
0	-1.68e-05	-0.0262929
2.4e-06	-1.68e-05	-0.0254953
4.8e-06	-1.68e-05	-0.0239295
7.2e-06	-1.68e-05	-0.0216925
9.6e-06	-1.68e-05	-0.0189318
1.2e-05	-1.68e-05	-0.0158446
1.44e-05	-1.68e-05	-0.0126707
1.68e-05	-1.68e-05	-0.00966888
1.92e-05	-1.68e-05	-0.00706461
2.16e-05	-1.68e-05	-0.00498039
2.4e-05	-1.68e-05	-0.00341234
2.64e-05	-1.68e-05	-0.00227977
2.88e-05	-1.68e-05	-0.00147794
3.12e-05	-1.68e-05	-0.000907786
3.36e-05	-1.68e-05	-0.000485666
3.6e-05	-1.68e-05	-0.000141024
3.84e-05	-1.68e-05	-2.72028e-06
4.08e-05	-1.68e-05	-5.78879e-08
4.32e-05	-1.68e-05	-2.04284e-09
4.56e-05	-1.68e-05	-3.01811e-10

-4.56e-05	-1.92e-05	-6.21143e-08
-4.32e-05	-1.92e-05	-4.97256e-07
-4.08e-05	-1.92e-05	-3.98313e-06
-3.84e-05	-1.92e-05	-2.96366e-05
-3.6e-05	-1.92e-05	-7.72915e-05
-3.36e-05	-1.92e-05	-0.000140734
-3.12e-05	-1.92e-05	-0.000227827
-2.88e-05	-1.92e-05	-0.000350551
-2.64e-05	-1.92e-05	-0.000523528
-2.4e-05	-1.92e-05	-0.00076214
-2.16e-05	-1.92e-05	-0.00107806
-1.92e-05	-1.92e-05	-0.00147182
-1.68e-05	-1.92e-05	-0.00192613
-1.44e-05	-1.92e-05	-0.00240811
-1.2e-05	-1.92e-05	-0.00287897
-9.6e-06	-1.92e-05	-0.00330201
-7.2e-06	-1.92e-05	-0.00364671
-4.8e-06	-1.92e-05	-0.00389011
-2.4e-06	-1.92e-05	-0.00401701
0	-1.92e-05	-0.00401983
2.4e-06	-1.92e-05	-0.00389846
4.8e-06	-1.92e-05	-0.00366026
7.2e-06	-1.92e-05	-0.00332015
9.6e-06	-1.92e-05	-0.00290075
1.2e-05	-1.92e-05	-0.00243216
1.44e-05	-1.92e-05	-0.00195062
1.68e-05	-1.92e-05	-0.00149466
1.92e-05	-1.92e-05	-0.00109745
2.16e-05	-1.92e-05	-0.000777319
2.4e-05	-1.92e-05	-0.000534659
2.64e-05	-1.92e-05	-0.000358247
2.88e-05	-1.92e-05	-0.000232716
3.12e-05	-1.92e-05	-0.000143153
3.36e-05	-1.92e-05	-7.70173e-05
3.6e-05	-1.92e-05	-2.61079e-05
3.84e-05	-1.92e-05	-3.49162e-06
4.08e-05	-1.92e-05	-4.35956e-07
4.32e-05	-1.92e-05	-5.4637e-08
4.56e-05	-1.92e-05	-7.51335e-09

-4.56e-05	-2.16e-05	-3.13154e-08
-4.32e-05	-2.16e-05	-1.93342e-07
-4.08e-05	-2.16e-05	-1.09415e-06
-3.84e-05	-2.16e-05	-5.06564e-06
-3.6e-05	-2.16e-05	-1.22971e-05
-3.36e-05	-2.16e-05	-2.22111e-05
-3.12e-05	-2.16e-05	-3.58725e-05
-2.88e-05	-2.16e-05	-5.50713e-05
-2.64e-05	-2.16e-05	-8.20001e-05
-2.4e-05	-2.16e-05	-0.000118913
-2.16e-05	-2.16e-05	-0.000167439
-1.92e-05	-2.16e-05	-0.000227522
-1.68e-05	-2.16e-05	-0.000296556
-1.44e-05	-2.16e-05	-0.000369695
-1.2e-05	-2.16e-05	-0.000441162
-9.6e-06	-2.16e-05	-0.000505422
-7.2e-06	-2.16e-05	-0.000557824
-4.8e-06	-2.16e-05	-0.00059485
-2.4e-06	-2.16e-05	-0.000614162
0	-2.16e-05	-0.000614593
2.4e-06	-2.16e-05	-0.000596125
4.8e-06	-2.16e-05	-0.000559891
7.2e-06	-2.16e-05	-0.000508186
9.6e-06	-2.16e-05	-0.000444475
1.2e-05	-2.16e-05	-0.000373346
1.44e-05	-2.16e-05	-0.000300271
1.68e-05	-2.16e-05	-0.000230991
1.92e-05	-2.16e-05	-0.0001704
2.16e-05	-2.16e-05	-0.000121248
2.4e-05	-2.16e-05	-8.37234e-05
2.64e-05	-2.16e-05	-5.62677e-05
2.88e-05	-2.16e-05	-3.66311e-05
3.12e-05	-2.16e-05	-2.25798e-05
3.36e-05	-2.16e-05	-1.22578e-05
3.6e-05	-2.16e-05	-4.63477e-06
3.84e-05	-2.16e-05	-9.82966e-07
4.08e-05	-2.16e-05	-1.72453e-07
4.32e-05	-2.16e-05	-2.77959e-08
4.56e-05	-2.16e-05	-4.55914e-09

-4.56e-05	-2.4e-05	-1.02336e-08
-4.32e-05	-2.4e-05	-5.21578e-08
-4.08e-05	-2.4e-05	-2.36307e-07
-3.84e-05	-2.4e-05	-8.54648e-07
-3.6e-05	-2.4e-05	-1.95893e-06
-3.36e-05	-2.4e-05	-3.50578e-06
-3.12e-05	-2.4e-05	-5.64648e-06
-2.88e-05	-2.4e-05	-8.6475e-06
-2.64e-05	-2.4e-05	-1.28364e-05
-2.4e-05	-2.4e-05	-1.85429e-05
-2.16e-05	-2.4e-05	-2.59937e-05
-1.92e-05	-2.4e-05	-3.51624e-05
-1.68e-05	-2.4e-05	-4.56554e-05
-1.44e-05	-2.4e-05	-5.67564e-05
-1.2e-05	-2.4e-05	-6.76047e-05
-9.6e-06	-2.4e-05	-7.73656e-05
-7.2e-06	-2.4e-05	-8.53313e-05
-4.8e-06	-2.4e-05	-9.09631e-05
-2.4e-06	-2.4e-05	-9.39017e-05
0	-2.4e-05	-9.39675e-05
2.4e-06	-2.4e-05	-9.11577e-05
4.8e-06	-2.4e-05	-8.56465e-05
7.2e-06	-2.4e-05	-7.77865e-05
9.6e-06	-2.4e-05	-6.81085e-05
1.2e-05	-2.4e-05	-5.73108e-05
1.44e-05	-2.4e-05	-4.62189e-05
1.68e-05	-2.4e-05	-3.56892e-05
1.92e-05	-2.4e-05	-2.64457e-05
2.16e-05	-2.4e-05	-1.89017e-05
2.4e-05	-2.4e-05	-1.31029e-05
2.64e-05	-2.4e-05	-8.83328e-06
2.88e-05	-2.4e-05	-5.76415e-06
3.12e-05	-2.4e-05	-3.56247e-06
3.36e-05	-2.4e-05	-1.95476e-06
3.6e-05	-2.4e-05	-8.01361e-07
3.84e-05	-2.4e-05	-2.16375e-07
4.08e-05	-2.4e-05	-4.72038e-08
4.32e-05	-2.4e-05	-9.14069e-09
4.56e-05	-2.4e-05	-1.73757e-09

-4.56e-05	-2.64e-05	-2.73057e-09
-4.32e-05	-2.64e-05	-1.19479e-08
-4.08e-05	-2.64e-05	-4.61202e-08
-3.84e-05	-2.64e-05	-1.42756e-07
-3.6e-05	-2.64e-05	-3.12237e-07
-3.36e-05	-2.64e-05	-5.53387e-07
-3.12e-05	-2.64e-05	-8.88495e-07
-2.88e-05	-2.64e-05	-1.35721e-06
-2.64e-05	-2.64e-05	-2.00831e-06
-2.4e-05	-2.64e-05	-2.88995e-06
-2.16e-05	-2.64e-05	-4.03359e-06
-1.92e-05	-2.64e-05	-5.43282e-06
-1.68e-05	-2.64e-05	-7.02816e-06
-1.44e-05	-2.64e-05	-8.71343e-06
-1.2e-05	-2.64e-05	-1.03603e-05
-9.6e-06	-2.64e-05	-1.18429e-05
-7.2e-06	-2.64e-05	-1.30537e-05
-4.8e-06	-2.64e-05	-1.39102e-05
-2.4e-06	-2.64e-05	-1.43573e-05
0	-2.64e-05	-1.43674e-05
2.4e-06	-2.64e-05	-1.39399e-05
4.8e-06	-2.64e-05	-1.31018e-05
7.2e-06	-2.64e-05	-1.1907e-05
9.6e-06	-2.64e-05	-1.04369e-05
1.2e-05	-2.64e-05	-8.79762e-06
1.44e-05	-2.64e-05	-7.11367e-06
1.68e-05	-2.64e-05	-5.51288e-06
1.92e-05	-2.64e-05	-4.10259e-06
2.16e-05	-2.64e-05	-2.94506e-06
2.4e-05	-2.64e-05	-2.04951e-06
2.64e-05	-2.64e-05	-1.38603e-06
2.88e-05	-2.64e-05	-9.06747e-07
3.12e-05	-2.64e-05	-5.62168e-07
3.36e-05	-2.64e-05	-3.12006e-07
3.6e-05	-2.64e-05	-1.36108e-07
3.84e-05	-2.64e-05	-4.28786e-08
4.08e-05	-2.64e-05	-1.09478e-08
4.32e-05	-2.64e-05	-2.44662e-09
4.56e-05	-2.64e-05	-5.26469e-10

-4.56e-05	-2.88e-05	-6.46915e-10
-4.32e-05	-2.88e-05	-2.49384e-09
-4.08e-05	-2.88e-05	-8.51832e-09
-3.84e-05	-2.88e-05	-2.3658e-08
-3.6e-05	-2.88e-05	-4.97739e-08
-3.36e-05	-2.88e-05	-8.73519e-08
-3.12e-05	-2.88e-05	-1.39763e-07
-2.88e-05	-2.88e-05	-2.12911e-07
-2.64e-05	-2.88e-05	-3.14042e-07
-2.4e-05	-2.88e-05	-4.50172e-07
-2.16e-05	-2.88e-05	-6.25663e-07
-1.92e-05	-2.88e-05	-8.39212e-07
-1.68e-05	-2.88e-05	-1.08182e-06
-1.44e-05	-2.88e-05	-1.33772e-06
-1.2e-05	-2.88e-05	-1.58774e-06
-9.6e-06	-2.88e-05	-1.81295e-06
-7.2e-06	-2.88e-05	-1.99698e-06
-4.8e-06	-2.88e-05	-2.12724e-06
-2.4e-06	-2.88e-05	-2.19526e-06
0	-2.88e-05	-2.19679e-06
2.4e-06	-2.88e-05	-2.13177e-06
4.8e-06	-2.88e-05	-2.00431e-06
7.2e-06	-2.88e-05	-1.82271e-06
9.6e-06	-2.88e-05	-1.59939e-06
1.2e-05	-2.88e-05	-1.3505e-06
1.44e-05	-2.88e-05	-1.0948e-06
1.68e-05	-2.88e-05	-8.51382e-07
1.92e-05	-2.88e-05	-6.36196e-07
2.16e-05	-2.88e-05	-4.58635e-07
2.4e-05	-2.88e-05	-3.20403e-07
2.64e-05	-2.88e-05	-2.17379e-07
2.88e-05	-2.88e-05	-1.42594e-07
3.12e-05	-2.88e-05	-8.87216e-08
3.36e-05	-2.88e-05	-4.98112e-08
3.6e-05	-2.88e-05	-2.2825e-08
3.84e-05	-2.88e-05	-8.01801e-09
4.08e-05	-2.88e-05	-2.30913e-09
4.32e-05	-2.88e-05	-5.79605e-10
4.56e-05	-2.88e-05	-1.38613e-10

-4.56e-05	-3.12e-05	-1.41791e-10
-4.32e-05	-3.12e-05	-4.90428e-10
-4.08e-05	-3.12e-05	-1.52027e-09
-3.84e-05	-3.12e-05	-3.89591e-09
-3.6e-05	-3.12e-05	-7.93292e-09
-3.36e-05	-3.12e-05	-1.37876e-08
-3.12e-05	-3.12e-05	-2.19779e-08
-2.88e-05	-3.12e-05	-3.33845e-08
-2.64e-05	-3.12e-05	-4.90816e-08
-2.4e-05	-3.12e-05	-7.00899e-08
-2.16e-05	-3.12e-05	-9.70122e-08
-1.92e-05	-3.12e-05	-1.29605e-07
-1.68e-05	-3.12e-05	-1.66508e-07
-1.44e-05	-3.12e-05	-2.05372e-07
-1.2e-05	-3.12e-05	-2.43334e-07
-9.6e-06	-3.12e-05	-2.77542e-07
-7.2e-06	-3.12e-05	-3.05512e-07
-4.8e-06	-3.12e-05	-3.25319e-07
-2.4e-06	-3.12e-05	-3.35666e-07
0	-3.12e-05	-3.359e-07
2.4e-06	-3.12e-05	-3.2601e-07
4.8e-06	-3.12e-05	-3.06628e-07
7.2e-06	-3.12e-05	-2.79028e-07
9.6e-06	-3.12e-05	-2.45106e-07
1.2e-05	-3.12e-05	-2.07314e-07
1.44e-05	-3.12e-05	-1.68479e-07
1.68e-05	-3.12e-05	-1.31456e-07
1.92e-05	-3.12e-05	-9.86199e-08
2.16e-05	-3.12e-05	-7.13887e-08
2.4e-05	-3.12e-05	-5.00633e-08
2.64e-05	-3.12e-05	-3.40767e-08
2.88e-05	-3.12e-05	-2.24173e-08
3.12e-05	-3.12e-05	-1.40023e-08
3.36e-05	-3.12e-05	-7.95051e-09
3.6e-05	-3.12e-05	-3.79166e-09
3.84e-05	-3.12e-05	-1.44548e-09
4.08e-05	-3.12e-05	-4.5809e-10
4.32e-05	-3.12e-05	-1.26632e-10
4.56e-05	-3.12e-05	-3.31724e-11

-4.56e-05	-3.36e-05	-2.94296e-11
-4.32e-05	-3.36e-05	-9.25715e-11
-4.08e-05	-3.36e-05	-2.65105e-10
-3.84e-05	-3.36e-05	-6.38243e-10
-3.6e-05	-3.36e-05	-1.26384e-09
-3.36e-05	-3.36e-05	-2.17593e-09
-3.12e-05	-3.36e-05	-3.4549e-09
-2.88e-05	-3.36e-05	-5.23229e-09
-2.64e-05	-3.36e-05	-7.66713e-09
-2.4e-05	-3.36e-05	-1.09077e-08
-2.16e-05	-3.36e-05	-1.50369e-08
-1.92e-05	-3.36e-05	-2.00118e-08
-1.68e-05	-3.36e-05	-2.56261e-08
-1.44e-05	-3.36e-05	-3.15294e-08
-1.2e-05	-3.36e-05	-3.72939e-08
-9.6e-06	-3.36e-05	-4.249e-08
-7.2e-06	-3.36e-05	-4.67408e-08
-4.8e-06	-3.36e-05	-4.97525e-08
-2.4e-06	-3.36e-05	-5.13263e-08
0	-3.36e-05	-5.1362e-08
2.4e-06	-3.36e-05	-4.98579e-08
4.8e-06	-3.36e-05	-4.6911e-08
7.2e-06	-3.36e-05	-4.27163e-08
9.6e-06	-3.36e-05	-3.75634e-08
1.2e-05	-3.36e-05	-3.18244e-08
1.44e-05	-3.36e-05	-2.59254e-08
1.68e-05	-3.36e-05	-2.02932e-08
1.92e-05	-3.36e-05	-1.52823e-08
2.16e-05	-3.36e-05	-1.11069e-08
2.4e-05	-3.36e-05	-7.81851e-09
2.64e-05	-3.36e-05	-5.33946e-09
2.88e-05	-3.36e-05	-3.52313e-09
3.12e-05	-3.36e-05	-2.20974e-09
3.36e-05	-3.36e-05	-1.26839e-09
3.6e-05	-3.36e-05	-6.25288e-10
3.84e-05	-3.36e-05	-2.54162e-10
4.08e-05	-3.36e-05	-8.70879e-11
4.32e-05	-3.36e-05	-2.61223e-11
4.56e-05	-3.36e-05	-7.40849e-12

-4.56e-05	-3.6e-05	-5.86895e-12
-4.32e-05	-3.6e-05	-1.69632e-11
-4.08e-05	-3.6e-05	-4.5468e-11
-3.84e-05	-3.6e-05	-1.04109e-10
-3.6e-05	-3.6e-05	-2.01241e-10
-3.36e-05	-3.6e-05	-3.43337e-10
-3.12e-05	-3.6e-05	-5.4292e-10
-2.88e-05	-3.6e-05	-8.19677e-10
-2.64e-05	-3.6e-05	-1.19712e-09
-2.4e-05	-3.6e-05	-1.69675e-09
-2.16e-05	-3.6e-05	-2.32996e-09
-1.92e-05	-3.6e-05	-3.08933e-09
-1.68e-05	-3.6e-05	-3.94362e-09
-1.44e-05	-3.6e-05	-4.84048e-09
-1.2e-05	-3.6e-05	-5.71591e-09
-9.6e-06	-3.6e-05	-6.50519e-09
-7.2e-06	-3.6e-05	-7.15119e-09
-4.8e-06	-3.6e-05	-7.60909e-09
-2.4e-06	-3.6e-05	-7.84846e-09
0	-3.6e-05	-7.8539e-09
2.4e-06	-3.6e-05	-7.62516e-09
4.8e-06	-3.6e-05	-7.17713e-09
7.2e-06	-3.6e-05	-6.53965e-09
9.6e-06	-3.6e-05	-5.75689e-09
1.2e-05	-3.6e-05	-4.8853e-09
1.44e-05	-3.6e-05	-3.98908e-09
1.68e-05	-3.6e-05	-3.13214e-09
1.92e-05	-3.6e-05	-2.36741e-09
2.16e-05	-3.6e-05	-1.72731e-09
2.4e-05	-3.6e-05	-1.22045e-09
2.64e-05	-3.6e-05	-8.36261e-10
2.88e-05	-3.6e-05	-5.53517e-10
3.12e-05	-3.6e-05	-3.48674e-10
3.36e-05	-3.6e-05	-2.02221e-10
3.6e-05	-3.6e-05	-1.02522e-10
3.84e-05	-3.6e-05	-4.38901e-11
4.08e-05	-3.6e-05	-1.60491e-11
4.32e-05	-3.6e-05	-5.1634e-12
4.56e-05	-3.6e-05	-1.5703e-12

-4.56e-05	-3.84e-05	-1.13535e-12
-4.32e-05	-3.84e-05	-3.04016e-12
-4.08e-05	-3.84e-05	-7.70195e-12
-3.84e-05	-3.84e-05	-1.69202e-11
-3.6e-05	-3.84e-05	-3.20238e-11
-3.36e-05	-3.84e-05	-5.41616e-11
-3.12e-05	-3.84e-05	-8.52874e-11
-2.88e-05	-3.84e-05	-1.28351e-10
-2.64e-05	-3.84e-05	-1.86827e-10
-2.4e-05	-3.84e-05	-2.63829e-10
-2.16e-05	-3.84e-05	-3.60912e-10
-1.92e-05	-3.84e-05	-4.76829e-10
-1.68e-05	-3.84e-05	-6.06842e-10
-1.44e-05	-3.84e-05	-7.43119e-10
-1.2e-05	-3.84e-05	-8.76079e-10
-9.6e-06	-3.84e-05	-9.95974e-10
-7.2e-06	-3.84e-05	-1.09414e-09
-4.8e-06	-3.84e-05	-1.16376e-09
-2.4e-06	-3.84e-05	-1.20016e-09
0	-3.84e-05	-1.20099e-09
2.4e-06	-3.84e-05	-1.16621e-09
4.8e-06	-3.84e-05	-1.0981e-09
7.2e-06	-3.84e-05	-1.00122e-09
9.6e-06	-3.84e-05	-8.8231e-10
1.2e-05	-3.84e-05	-7.49929e-10
1.44e-05	-3.84e-05	-6.13749e-10
1.68e-05	-3.84e-05	-4.83343e-10
1.92e-05	-3.84e-05	-3.6663e-10
2.16e-05	-3.84e-05	-2.68515e-10
2.4e-05	-3.84e-05	-1.90421e-10
2.64e-05	-3.84e-05	-1.30917e-10
2.88e-05	-3.84e-05	-8.69336e-11
3.12e-05	-3.84e-05	-5.50053e-11
3.36e-05	-3.84e-05	-3.22167e-11
3.6e-05	-3.84e-05	-1.67308e-11
3.84e-05	-3.84e-05	-7.4768e-12
4.08e-05	-3.84e-05	-2.88868e-12
4.32e-05	-3.84e-05	-9.87632e-13
4.56e-05	-3.84e-05	-3.19535e-13

-4.56e-05	-4.08e-05	-2.14473e-13
-4.32e-05	-4.08e-05	-5.35602e-13
-4.08e-05	-4.08e-05	-1.29219e-12
-3.84e-05	-4.08e-05	-2.74132e-12
-3.6e-05	-4.08e-05	-5.09253e-12
-3.36e-05	-4.08e-05	-8.54144e-12
-3.12e-05	-4.08e-05	-1.33928e-11
-2.88e-05	-4.08e-05	-2.00893e-11
-2.64e-05	-4.08e-05	-2.91436e-11
-2.4e-05	-4.08e-05	-4.10063e-11
-2.16e-05	-4.08e-05	-5.58884e-11
-1.92e-05	-4.08e-05	-7.35834e-11
-1.68e-05	-4.08e-05	-9.33726e-11
-1.44e-05	-4.08e-05	-1.14083e-10
-1.2e-05	-4.08e-05	-1.34278e-10
-9.6e-06	-4.08e-05	-1.52491e-10
-7.2e-06	-4.08e-05	-1.67409e-10
-4.8e-06	-4.08e-05	-1.77992e-10
-2.4e-06	-4.08e-05	-1.83527e-10
0	-4.08e-05	-1.83654e-10
2.4e-06	-4.08e-05	-1.78365e-10
4.8e-06	-4.08e-05	-1.68011e-10
7.2e-06	-4.08e-05	-1.53289e-10
9.6e-06	-4.08e-05	-1.35226e-10
1.2e-05	-4.08e-05	-1.15118e-10
1.44e-05	-4.08e-05	-9.44222e-11
1.68e-05	-4.08e-05	-7.45746e-11
1.92e-05	-4.08e-05	-5.67611e-11
2.16e-05	-4.08e-05	-4.17245e-11
2.4e-05	-4.08e-05	-2.9697e-11
2.64e-05	-4.08e-05	-2.04859e-11
2.88e-05	-4.08e-05	-1.36487e-11
3.12e-05	-4.08e-05	-8.67496e-12
3.36e-05	-4.08e-05	-5.12843e-12
3.6e-05	-4.08e-05	-2.71967e-12
3.84e-05	-4.08e-05	-1.26026e-12
4.08e-05	-4.08e-05	-5.10436e-13
4.32e-05	-4.08e-05	-1.84065e-13
4.56e-05	-4.08e-05	-6.28999e-14

-4.56e-05	-4.32e-05	-3.97076e-14
-4.32e-05	-4.32e-05	-9.30294e-14
-4.08e-05	-4.32e-05	-2.14998e-13
-3.84e-05	-4.32e-05	-4.42664e-13
-3.6e-05	-4.32e-05	-8.08769e-13
-3.36e-05	-4.32e-05	-1.34579e-12
-3.12e-05	-4.32e-05	-2.10113e-12
-2.88e-05	-4.32e-05	-3.14121e-12
-2.64e-05	-4.32e-05	-4.54166e-12
-2.4e-05	-4.32e-05	-6.36759e-12
-2.16e-05	-4.32e-05	-8.64738e-12
-1.92e-05	-4.32e-05	-1.13473e-11
-1.68e-05	-4.32e-05	-1.43582e-11
-1.44e-05	-4.32e-05	-1.75044e-11
-1.2e-05	-4.32e-05	-2.05707e-11
-9.6e-06	-4.32e-05	-2.3336e-11
-7.2e-06	-4.32e-05	-2.56018e-11
-4.8e-06	-4.32e-05	-2.72096e-11
-2.4e-06	-4.32e-05	-2.80509e-11
0	-4.32e-05	-2.80702e-11
2.4e-06	-4.32e-05	-2.72665e-11
4.8e-06	-4.32e-05	-2.56934e-11
7.2e-06	-4.32e-05	-2.34575e-11
9.6e-06	-4.32e-05	-2.07147e-11
1.2e-05	-4.32e-05	-1.76616e-11
1.44e-05	-4.32e-05	-1.45177e-11
1.68e-05	-4.32e-05	-1.14981e-11
1.92e-05	-4.32e-05	-8.78051e-12
2.16e-05	-4.32e-05	-6.47759e-12
2.4e-05	-4.32e-05	-4.6268e-12
2.64e-05	-4.32e-05	-3.20247e-12
2.88e-05	-4.32e-05	-2.14087e-12
3.12e-05	-4.32e-05	-1.36691e-12
3.36e-05	-4.32e-05	-8.15222e-13
3.6e-05	-4.32e-05	-4.40359e-13
3.84e-05	-4.32e-05	-2.10491e-13
4.08e-05	-4.32e-05	-8.8803e-14
4.32e-05	-4.32e-05	-3.35182e-14
4.56e-05	-4.32e-05	-1.18436e-14

-4.56e-05	-4.56e-05	-7.02494e-15
-4.32e-05	-4.56e-05	-1.55475e-14
-4.08e-05	-4.56e-05	-3.46447e-14
-3.84e-05	-4.56e-05	-6.95589e-14
-3.6e-05	-4.56e-05	-1.25284e-13
-3.36e-05	-4.56e-05	-2.06961e-13
-3.12e-05	-4.56e-05	-3.21796e-13
-2.88e-05	-4.56e-05	-4.79533e-13
-2.64e-05	-4.56e-05	-6.91108e-13
-2.4e-05	-4.56e-05	-9.65714e-13
-2.16e-05	-4.56e-05	-1.30708e-12
-1.92e-05	-4.56e-05	-1.70987e-12
-1.68e-05	-4.56e-05	-2.15791e-12
-1.44e-05	-4.56e-05	-2.62537e-12
-1.2e-05	-4.56e-05	-3.08069e-12
-9.6e-06	-4.56e-05	-3.49132e-12
-7.2e-06	-4.56e-05	-3.82785e-12
-4.8e-06	-4.56e-05	-4.06673e-12
-2.4e-06	-4.56e-05	-4.19175e-12
0	-4.56e-05	-4.19463e-12
2.4e-06	-4.56e-05	-4.07521e-12
4.8e-06	-4.56e-05	-3.84149e-12
7.2e-06	-4.56e-05	-3.50939e-12
9.6e-06	-4.56e-05	-3.1021e-12
1.2e-05	-4.56e-05	-2.64872e-12
1.44e-05	-4.56e-05	-2.1816e-12
1.68e-05	-4.56e-05	-1.73231e-12
1.92e-05	-4.56e-05	-1.32694e-12
2.16e-05	-4.56e-05	-9.82183e-13
2.4e-05	-4.56e-05	-7.03903e-13
2.64e-05	-4.56e-05	-4.88781e-13
2.88e-05	-4.56e-05	-3.27824e-13
3.12e-05	-4.56e-05	-2.10223e-13
3.36e-05	-4.56e-05	-1.26379e-13
3.6e-05	-4.56e-05	-6.93488e-14
3.84e-05	-4.56e-05	-3.40155e-14
4.08e-05	-4.56e-05	-1.48294e-14
4.32e-05	-4.56e-05	-5.6491e-15
4.56e-05	-4.56e-05	-5.84565e-16
