
-5.32e-05	5.6e-05	2.06205e-16
-5.04e-05	5.6e-05	-2.4071e-16
-4.76e-05	5.6e-05	-1.36458e-16
-4.48e-05	5.6e-05	-4.15703e-17
-4.2e-05	5.6e-05	-2.13328e-16
-3.92e-05	5.6e-05	9.09472e-17
-3.64e-05	5.6e-05	9.7609e-17
-3.36e-05	5.6e-05	-4.3592e-17
-3.08e-05	5.6e-05	-1.59289e-17
-2.8e-05	5.6e-05	-1.78669e-17
-2.52e-05	5.6e-05	5.73134e-18
-2.24e-05	5.6e-05	-4.1589e-17
-1.96e-05	5.6e-05	-5.14233e-17
-1.68e-05	5.6e-05	-8.34873e-18
-1.4e-05	5.6e-05	7.8067e-18
-1.12e-05	5.6e-05	1.03365e-17
-8.4e-06	5.6e-05	1.02093e-16
-5.6e-06	5.6e-05	4.47924e-17
-2.8e-06	5.6e-05	5.23322e-17
0	5.6e-05	1.43081e-17
2.8e-06	5.6e-05	-4.09668e-17
5.6e-06	5.6e-05	-6.59833e-17
8.4e-06	5.6e-05	7.04545e-18
1.12e-05	5.6e-05	2.56787e-17
1.4e-05	5.6e-05	2.38445e-18
1.68e-05	5.6e-05	2.29135e-17
1.96e-05	5.6e-05	-4.48697e-17
2.24e-05	5.6e-05	3.96207e-17
2.52e-05	5.6e-05	6.61719e-18
2.8e-05	5.6e-05	3.34199e-17
3.08e-05	5.6e-05	-2.18385e-16
3.36e-05	5.6e-05	3.66193e-17
3.64e-05	5.6e-05	-6.86604e-17
3.92e-05	5.6e-05	1.08999e-17
4.2e-05	5.6e-05	-2.15057e-16
4.48e-05	5.6e-05	5.69225e-17
4.76e-05	5.6e-05	3.72024e-17
5.04e-05	5.6e-05	-7.84601e-17
5.32e-05	5.6e-05	2.73894e-16

-5.32e-05	5.32e-05	-1.06246e-16
-5.04e-05	5.32e-05	-1.49181e-16
-4.76e-05	5.32e-05	2.41084e-16
-4.48e-05	5.32e-05	9.39102e-17
-4.2e-05	5.32e-05	2.47108e-16
-3.92e-05	5.32e-05	5.12887e-17
-3.64e-05	5.32e-05	4.2301e-17
-3.36e-05	5.32e-05	-4.11669e-17
-3.08e-05	5.32e-05	9.62841e-17
-2.8e-05	5.32e-05	1.56139e-17
-2.52e-05	5.32e-05	-3.33227e-18
-2.24e-05	5.32e-05	8.53789e-18
-1.96e-05	5.32e-05	-1.19746e-16
-1.68e-05	5.32e-05	6.18629e-18
-1.4e-05	5.32e-05	-2.79858e-17
-1.12e-05	5.32e-05	5.73652e-17
-8.4e-06	5.32e-05	1.24313e-16
-5.6e-06	5.32e-05	1.24375e-18
-2.8e-06	5.32e-05	5.06104e-17
0	5.32e-05	-7.76034e-18
2.8e-06	5.32e-05	-1.59945e-16
5.6e-06	5.32e-05	-4.16582e-17
8.4e-06	5.32e-05	-1.68307e-16
1.12e-05	5.32e-05	4.03647e-17
1.4e-05	5.32e-05	-3.02128e-16
1.68e-05	5.32e-05	-1.49911e-16
1.96e-05	5.32e-05	-5.57647e-16
2.24e-05	5.32e-05	-1.4744e-16
2.52e-05	5.32e-05	-1.05019e-16
2.8e-05	5.32e-05	-6.92135e-17
3.08e-05	5.32e-05	2.97129e-16
3.36e-05	5.32e-05	1.83848e-17
3.64e-05	5.32e-05	-1.36923e-16
3.92e-05	5.32e-05	3.47909e-17
4.2e-05	5.32e-05	-2.56023e-16
4.48e-05	5.32e-05	-2.78728e-18
4.76e-05	5.32e-05	4.69574e-16
5.04e-05	5.32e-05	1.36466e-16
5.32e-05	5.32e-05	2.53297e-16

-5.32e-05	5.04e-05	-5.16654e-17
-5.04e-05	5.04e-05	3.98078e-16
-4.76e-05	5.04e-05	4.0063e-16
-4.48e-05	5.04e-05	1.8787e-18
-4.2e-05	5.04e-05	8.14136e-17
-3.92e-05	5.04e-05	1.90912e-16
-3.64e-05	5.04e-05	-3.84808e-17
-3.36e-05	5.04e-05	-7.79934e-17
-3.08e-05	5.04e-05	1.43242e-16
-2.8e-05	5.04e-05	4.2638e-18
-2.52e-05	5.04e-05	-7.45455e-17
-2.24e-05	5.04e-05	-2.063e-16
-1.96e-05	5.04e-05	-4.41515e-17
-1.68e-05	5.04e-05	-4.75502e-17
-1.4e-05	5.04e-05	-1.4013e-16
-1.12e-05	5.04e-05	9.59538e-17
-8.4e-06	5.04e-05	3.42706e-17
-5.6e-06	5.04e-05	-2.93419e-17
-2.8e-06	5.04e-05	1.6552e-16
0	5.04e-05	-3.71614e-17
2.8e-06	5.04e-05	-9.02448e-18
5.6e-06	5.04e-05	-7.93887e-18
8.4e-06	5.04e-05	-3.81118e-17
1.12e-05	5.04e-05	-4.24051e-17
1.4e-05	5.04e-05	-1.04045e-16
1.68e-05	5.04e-05	-9.2502e-17
1.96e-05	5.04e-05	1.14246e-16
2.24e-05	5.04e-05	7.72255e-17
2.52e-05	5.04e-05	-2.35634e-16
2.8e-05	5.04e-05	3.47537e-16
3.08e-05	5.04e-05	1.27045e-17
3.36e-05	5.04e-05	2.77269e-16
3.64e-05	5.04e-05	7.58365e-17
3.92e-05	5.04e-05	3.73158e-16
4.2e-05	5.04e-05	1.00334e-16
4.48e-05	5.04e-05	-6.50564e-17
4.76e-05	5.04e-05	-2.09393e-18
5.04e-05	5.04e-05	1.05753e-16
5.32e-05	5.04e-05	2.86378e-16

-5.32e-05	4.76e-05	1.28664e-16
-5.04e-05	4.76e-05	2.09323e-16
-4.76e-05	4.76e-05	-3.44762e-16
-4.48e-05	4.76e-05	-7.82137e-17
-4.2e-05	4.76e-05	-5.51894e-17
-3.92e-05	4.76e-05	-6.07634e-17
-3.64e-05	4.76e-05	1.71498e-16
-3.36e-05	4.76e-05	-1.15797e-16
-3.08e-05	4.76e-05	6.36649e-17
-2.8e-05	4.76e-05	4.59348e-18
-2.52e-05	4.76e-05	-7.58e-16
-2.24e-05	4.76e-05	-1.27534e-15
-1.96e-05	4.76e-05	-1.67175e-15
-1.68e-05	4.76e-05	-1.94331e-15
-1.4e-05	4.76e-05	-2.28623e-15
-1.12e-05	4.76e-05	-2.63024e-15
-8.4e-06	4.76e-05	-2.79128e-15
-5.6e-06	4.76e-05	-2.68278e-15
-2.8e-06	4.76e-05	-2.85167e-15
0	4.76e-05	-2.73885e-15
2.8e-06	4.76e-05	-2.74225e-15
5.6e-06	4.76e-05	-2.46125e-15
8.4e-06	4.76e-05	-2.11997e-15
1.12e-05	4.76e-05	-1.93501e-15
1.4e-05	4.76e-05	-1.49353e-15
1.68e-05	4.76e-05	-1.1904e-15
1.96e-05	4.76e-05	-6.7556e-16
2.24e-05	4.76e-05	-3.90979e-16
2.52e-05	4.76e-05	2.21767e-17
2.8e-05	4.76e-05	-2.64474e-17
3.08e-05	4.76e-05	6.11001e-17
3.36e-05	4.76e-05	-6.85395e-17
3.64e-05	4.76e-05	1.06493e-16
3.92e-05	4.76e-05	-6.27257e-17
4.2e-05	4.76e-05	7.96848e-17
4.48e-05	4.76e-05	-3.15061e-17
4.76e-05	4.76e-05	3.68162e-17
5.04e-05	4.76e-05	-6.5639e-17
5.32e-05	4.76e-05	4.35199e-17

-5.32e-05	4.48e-05	7.3169e-17
-5.04e-05	4.48e-05	-5.9008e-17
-4.76e-05	4.48e-05	-1.46948e-17
-4.48e-05	4.48e-05	5.72645e-17
-4.2e-05	4.48e-05	1.01261e-16
-3.92e-05	4.48e-05	5.2709e-18
-3.64e-05	4.48e-05	-3.34252e-17
-3.36e-05	4.48e-05	-4.2107e-17
-3.08e-05	4.48e-05	-1.41259e-15
-2.8e-05	4.48e-05	-1.7002e-14
-2.52e-05	4.48e-05	-5.23231e-14
-2.24e-05	4.48e-05	-8.71024e-14
-1.96e-05	4.48e-05	-1.18924e-13
-1.68e-05	4.48e-05	-1.4699e-13
-1.4e-05	4.48e-05	-1.70547e-13
-1.12e-05	4.48e-05	-1.8918e-13
-8.4e-06	4.48e-05	-2.02263e-13
-5.6e-06	4.48e-05	-2.09477e-13
-2.8e-06	4.48e-05	-2.10781e-13
0	4.48e-05	-2.06409e-13
2.8e-06	4.48e-05	-1.96389e-13
5.6e-06	4.48e-05	-1.81295e-13
8.4e-06	4.48e-05	-1.61628e-13
1.12e-05	4.48e-05	-1.37967e-13
1.4e-05	4.48e-05	-1.11013e-13
1.68e-05	4.48e-05	-8.153e-14
1.96e-05	4.48e-05	-5.07554e-14
2.24e-05	4.48e-05	-2.02621e-14
2.52e-05	4.48e-05	-1.80633e-15
2.8e-05	4.48e-05	-2.12827e-17
3.08e-05	4.48e-05	-7.31914e-17
3.36e-05	4.48e-05	1.02723e-16
3.64e-05	4.48e-05	-2.92741e-17
3.92e-05	4.48e-05	1.89313e-17
4.2e-05	4.48e-05	-3.3033e-17
4.48e-05	4.48e-05	9.52471e-17
4.76e-05	4.48e-05	1.61461e-17
5.04e-05	4.48e-05	8.19838e-17
5.32e-05	4.48e-05	2.08356e-19

-5.32e-05	4.2e-05	2.247e-18
-5.04e-05	4.2e-05	6.58777e-17
-4.76e-05	4.2e-05	2.88118e-17
-4.48e-05	4.2e-05	7.82921e-17
-4.2e-05	4.2e-05	-1.37805e-17
-3.92e-05	4.2e-05	-1.14915e-16
-3.64e-05	4.2e-05	-1.92779e-16
-3.36e-05	4.2e-05	-3.97752e-15
-3.08e-05	4.2e-05	-8.8763e-14
-2.8e-05	4.2e-05	-1.22393e-12
-2.52e-05	4.2e-05	-3.8125e-12
-2.24e-05	4.2e-05	-6.33582e-12
-1.96e-05	4.2e-05	-8.64861e-12
-1.68e-05	4.2e-05	-1.06912e-11
-1.4e-05	4.2e-05	-1.24101e-11
-1.12e-05	4.2e-05	-1.37608e-11
-8.4e-06	4.2e-05	-1.47104e-11
-5.6e-06	4.2e-05	-1.52385e-11
-2.8e-06	4.2e-05	-1.53385e-11
0	4.2e-05	-1.50166e-11
2.8e-06	4.2e-05	-1.42916e-11
5.6e-06	4.2e-05	-1.31927e-11
8.4e-06	4.2e-05	-1.17584e-11
1.12e-05	4.2e-05	-1.00347e-11
1.4e-05	4.2e-05	-8.0733e-12
1.68e-05	4.2e-05	-5.93262e-12
1.96e-05	4.2e-05	-3.68242e-12
2.24e-05	4.2e-05	-1.46253e-12
2.52e-05	4.2e-05	-1.08552e-13
2.8e-05	4.2e-05	-5.06445e-15
3.08e-05	4.2e-05	-1.0633e-16
3.36e-05	4.2e-05	-2.97677e-17
3.64e-05	4.2e-05	7.4521e-17
3.92e-05	4.2e-05	-6.38465e-17
4.2e-05	4.2e-05	4.53686e-17
4.48e-05	4.2e-05	-5.85829e-17
4.76e-05	4.2e-05	-1.61488e-17
5.04e-05	4.2e-05	-6.61251e-17
5.32e-05	4.2e-05	6.31498e-17

-5.32e-05	3.92e-05	8.72054e-17
-5.04e-05	3.92e-05	-2.58515e-17
-4.76e-05	3.92e-05	2.57067e-17
-4.48e-05	3.92e-05	-5.57409e-17
-4.2e-05	3.92e-05	-8.47153e-17
-3.92e-05	3.92e-05	-2.43761e-16
-3.64e-05	3.92e-05	-6.443e-15
-3.36e-05	3.92e-05	-2.12099e-13
-3.08e-05	3.92e-05	-5.40975e-12
-2.8e-05	3.92e-05	-8.75562e-11
-2.52e-05	3.92e-05	-2.77313e-10
-2.24e-05	3.92e-05	-4.60953e-10
-1.96e-05	3.92e-05	-6.29202e-10
-1.68e-05	3.92e-05	-7.77791e-10
-1.4e-05	3.92e-05	-9.02839e-10
-1.12e-05	3.92e-05	-1.0011e-09
-8.4e-06	3.92e-05	-1.07017e-09
-5.6e-06	3.92e-05	-1.10858e-09
-2.8e-06	3.92e-05	-1.11584e-09
0	3.92e-05	-1.09242e-09
2.8e-06	3.92e-05	-1.03967e-09
5.6e-06	3.92e-05	-9.5972e-10
8.4e-06	3.92e-05	-8.55372e-10
1.12e-05	3.92e-05	-7.29963e-10
1.4e-05	3.92e-05	-5.87274e-10
1.68e-05	3.92e-05	-4.31527e-10
1.96e-05	3.92e-05	-2.6776e-10
2.24e-05	3.92e-05	-1.05485e-10
2.52e-05	3.92e-05	-6.64639e-12
2.8e-05	3.92e-05	-2.62583e-13
3.08e-05	3.92e-05	-8.24406e-15
3.36e-05	3.92e-05	-1.33937e-16
3.64e-05	3.92e-05	-1.77719e-17
3.92e-05	3.92e-05	7.93223e-17
4.2e-05	3.92e-05	-1.69823e-17
4.48e-05	3.92e-05	4.72431e-17
4.76e-05	3.92e-05	-8.91595e-17
5.04e-05	3.92e-05	3.36158e-17
5.32e-05	3.92e-05	-1.43081e-16

-5.32e-05	3.64e-05	-1.15176e-16
-5.04e-05	3.64e-05	3.89594e-17
-4.76e-05	3.64e-05	-1.15251e-16
-4.48e-05	3.64e-05	1.67061e-17
-4.2e-05	3.64e-05	-1.55891e-16
-3.92e-05	3.64e-05	-6.42319e-15
-3.64e-05	3.64e-05	-2.78326e-13
-3.36e-05	3.64e-05	-1.0436e-11
-3.08e-05	3.64e-05	-3.16442e-10
-2.8e-05	3.64e-05	-6.25952e-09
-2.52e-05	3.64e-05	-2.01725e-08
-2.24e-05	3.64e-05	-3.35362e-08
-1.96e-05	3.64e-05	-4.57756e-08
-1.68e-05	3.64e-05	-5.6585e-08
-1.4e-05	3.64e-05	-6.56818e-08
-1.12e-05	3.64e-05	-7.28299e-08
-8.4e-06	3.64e-05	-7.78541e-08
-5.6e-06	3.64e-05	-8.06479e-08
-2.8e-06	3.64e-05	-8.11756e-08
0	3.64e-05	-7.94711e-08
2.8e-06	3.64e-05	-7.56327e-08
5.6e-06	3.64e-05	-6.98159e-08
8.4e-06	3.64e-05	-6.22243e-08
1.12e-05	3.64e-05	-5.31007e-08
1.4e-05	3.64e-05	-4.272e-08
1.68e-05	3.64e-05	-3.13889e-08
1.96e-05	3.64e-05	-1.94702e-08
2.24e-05	3.64e-05	-7.60746e-09
2.52e-05	3.64e-05	-3.90848e-10
2.8e-05	3.64e-05	-1.29671e-11
3.08e-05	3.64e-05	-3.46833e-13
3.36e-05	3.64e-05	-8.17438e-15
3.64e-05	3.64e-05	-1.5091e-16
3.92e-05	3.64e-05	-4.22215e-17
4.2e-05	3.64e-05	8.09148e-17
4.48e-05	3.64e-05	-1.36295e-18
4.76e-05	3.64e-05	3.134e-17
5.04e-05	3.64e-05	-7.73111e-17
5.32e-05	3.64e-05	6.39446e-17

-5.32e-05	3.36e-05	5.24504e-17
-5.04e-05	3.36e-05	-4.47098e-17
-4.76e-05	3.36e-05	8.00958e-17
-4.48e-05	3.36e-05	-4.56096e-17
-4.2e-05	3.36e-05	-3.89978e-15
-3.92e-05	3.36e-05	-2.09023e-13
-3.64e-05	3.36e-05	-1.03568e-11
-3.36e-05	3.36e-05	-4.62994e-10
-3.08e-05	3.36e-05	-1.73737e-08
-2.8e-05	3.36e-05	-4.47225e-07
-2.52e-05	3.36e-05	-1.46751e-06
-2.24e-05	3.36e-05	-2.4399e-06
-1.96e-05	3.36e-05	-3.33026e-06
-1.68e-05	3.36e-05	-4.11661e-06
-1.4e-05	3.36e-05	-4.77837e-06
-1.12e-05	3.36e-05	-5.29836e-06
-8.4e-06	3.36e-05	-5.66383e-06
-5.6e-06	3.36e-05	-5.86703e-06
-2.8e-06	3.36e-05	-5.90538e-06
0	3.36e-05	-5.78133e-06
2.8e-06	3.36e-05	-5.50204e-06
5.6e-06	3.36e-05	-5.07883e-06
8.4e-06	3.36e-05	-4.52652e-06
1.12e-05	3.36e-05	-3.86277e-06
1.4e-05	3.36e-05	-3.10757e-06
1.68e-05	3.36e-05	-2.28321e-06
1.96e-05	3.36e-05	-1.41583e-06
2.24e-05	3.36e-05	-5.48573e-07
2.52e-05	3.36e-05	-2.15827e-08
2.8e-05	3.36e-05	-5.77622e-10
3.08e-05	3.36e-05	-1.29437e-11
3.36e-05	3.36e-05	-2.61458e-13
3.64e-05	3.36e-05	-5.01823e-15
3.92e-05	3.36e-05	-8.99381e-18
4.2e-05	3.36e-05	5.66393e-18
4.48e-05	3.36e-05	6.77408e-17
4.76e-05	3.36e-05	-1.17796e-17
5.04e-05	3.36e-05	8.30141e-17
5.32e-05	3.36e-05	-1.68075e-17

-5.32e-05	3.08e-05	2.28274e-17
-5.04e-05	3.08e-05	6.72271e-17
-4.76e-05	3.08e-05	6.98197e-17
-4.48e-05	3.08e-05	-1.26645e-15
-4.2e-05	3.08e-05	-8.55373e-14
-3.92e-05	3.08e-05	-5.26139e-12
-3.64e-05	3.08e-05	-3.10532e-10
-3.36e-05	3.08e-05	-1.72071e-08
-3.08e-05	3.08e-05	-8.50412e-07
-2.8e-05	3.08e-05	-3.19319e-05
-2.52e-05	3.08e-05	-0.000106766
-2.24e-05	3.08e-05	-0.000177513
-1.96e-05	3.08e-05	-0.000242283
-1.68e-05	3.08e-05	-0.000299487
-1.4e-05	3.08e-05	-0.000347628
-1.12e-05	3.08e-05	-0.000385455
-8.4e-06	3.08e-05	-0.00041204
-5.6e-06	3.08e-05	-0.000426819
-2.8e-06	3.08e-05	-0.000429605
0	3.08e-05	-0.000420577
2.8e-06	3.08e-05	-0.000400256
5.6e-06	3.08e-05	-0.000369465
8.4e-06	3.08e-05	-0.000329283
1.12e-05	3.08e-05	-0.000280995
1.4e-05	3.08e-05	-0.000226054
1.68e-05	3.08e-05	-0.00016608
1.96e-05	3.08e-05	-0.00010296
2.24e-05	3.08e-05	-3.95522e-05
2.52e-05	3.08e-05	-1.06343e-06
2.8e-05	3.08e-05	-2.15596e-08
3.08e-05	3.08e-05	-3.89102e-10
3.36e-05	3.08e-05	-6.58818e-12
3.64e-05	3.08e-05	-1.07049e-13
3.92e-05	3.08e-05	-1.7501e-15
4.2e-05	3.08e-05	3.11203e-17
4.48e-05	3.08e-05	-2.38455e-17
4.76e-05	3.08e-05	1.06988e-16
5.04e-05	3.08e-05	4.44556e-17
5.32e-05	3.08e-05	1.59087e-16

-5.32e-05	2.8e-05	1.8111e-16
-5.04e-05	2.8e-05	8.5363e-17
-4.76e-05	2.8e-05	-5.5165e-17
-4.48e-05	2.8e-05	-1.55333e-14
-4.2e-05	2.8e-05	-1.13419e-12
-3.92e-05	2.8e-05	-8.23906e-11
-3.64e-05	2.8e-05	-5.98476e-09
-3.36e-05	2.8e-05	-4.34773e-07
-3.08e-05	2.8e-05	-3.15885e-05
-2.8e-05	2.8e-05	-0.00227835
-2.52e-05	2.8e-05	-0.00776817
-2.24e-05	2.8e-05	-0.0129148
-1.96e-05	2.8e-05	-0.0176265
-1.68e-05	2.8e-05	-0.021788
-1.4e-05	2.8e-05	-0.0252901
-1.12e-05	2.8e-05	-0.0280417
-8.4e-06	2.8e-05	-0.0299756
-5.6e-06	2.8e-05	-0.0310506
-2.8e-06	2.8e-05	-0.031253
0	2.8e-05	-0.0305959
2.8e-06	2.8e-05	-0.0291173
5.6e-06	2.8e-05	-0.0268771
8.4e-06	2.8e-05	-0.0239538
1.12e-05	2.8e-05	-0.0204408
1.4e-05	2.8e-05	-0.0164438
1.68e-05	2.8e-05	-0.0120806
1.96e-05	2.8e-05	-0.0074876
2.24e-05	2.8e-05	-0.00285134
2.52e-05	2.8e-05	-3.98794e-05
2.8e-05	2.8e-05	-5.46847e-07
3.08e-05	2.8e-05	-7.50013e-09
3.36e-05	2.8e-05	-1.02885e-10
3.64e-05	2.8e-05	-1.41174e-12
3.92e-05	2.8e-05	-1.94152e-14
4.2e-05	2.8e-05	-3.72345e-16
4.48e-05	2.8e-05	1.29603e-16
4.76e-05	2.8e-05	-8.91647e-17
5.04e-05	2.8e-05	1.60895e-16
5.32e-05	2.8e-05	-4.17719e-17

-5.32e-05	2.52e-05	-6.51268e-18
-5.04e-05	2.52e-05	1.88755e-16
-4.76e-05	2.52e-05	-4.66691e-16
-4.48e-05	2.52e-05	-3.12404e-14
-4.2e-05	2.52e-05	-2.28408e-12
-3.92e-05	2.52e-05	-1.66251e-10
-3.64e-05	2.52e-05	-1.21014e-08
-3.36e-05	2.52e-05	-8.80861e-07
-3.08e-05	2.52e-05	-6.41187e-05
-2.8e-05	2.52e-05	-0.00461716
-2.52e-05	2.52e-05	-0.01483
-2.24e-05	2.52e-05	-0.0245198
-1.96e-05	2.52e-05	-0.033422
-1.68e-05	2.52e-05	-0.0412917
-1.4e-05	2.52e-05	-0.0479138
-1.12e-05	2.52e-05	-0.0531129
-8.4e-06	2.52e-05	-0.0567603
-5.6e-06	2.52e-05	-0.0587787
-2.8e-06	2.52e-05	-0.0591431
0	2.52e-05	-0.0578799
2.8e-06	2.52e-05	-0.0550625
5.6e-06	2.52e-05	-0.0508062
8.4e-06	2.52e-05	-0.045261
1.12e-05	2.52e-05	-0.0386039
1.4e-05	2.52e-05	-0.0310324
1.68e-05	2.52e-05	-0.0227587
1.96e-05	2.52e-05	-0.0140069
2.24e-05	2.52e-05	-0.00500658
2.52e-05	2.52e-05	-6.99068e-05
2.8e-05	2.52e-05	-9.59827e-07
3.08e-05	2.52e-05	-1.31784e-08
3.36e-05	2.52e-05	-1.80939e-10
3.64e-05	2.52e-05	-2.48436e-12
3.92e-05	2.52e-05	-3.42162e-14
4.2e-05	2.52e-05	-4.53146e-16
4.48e-05	2.52e-05	-1.48227e-16
4.76e-05	2.52e-05	-3.02336e-17
5.04e-05	2.52e-05	-1.21779e-16
5.32e-05	2.52e-05	1.16968e-16

-5.32e-05	2.24e-05	8.64256e-17
-5.04e-05	2.24e-05	-1.06851e-16
-4.76e-05	2.24e-05	-5.97675e-16
-4.48e-05	2.24e-05	-4.50745e-14
-4.2e-05	2.24e-05	-3.27817e-12
-3.92e-05	2.24e-05	-2.38661e-10
-3.64e-05	2.24e-05	-1.7376e-08
-3.36e-05	2.24e-05	-1.26509e-06
-3.08e-05	2.24e-05	-9.21068e-05
-2.8e-05	2.24e-05	-0.00662416
-2.52e-05	2.24e-05	-0.0206152
-2.24e-05	2.24e-05	-0.0339369
-1.96e-05	2.24e-05	-0.046194
-1.68e-05	2.24e-05	-0.0570321
-1.4e-05	2.24e-05	-0.0661461
-1.12e-05	2.24e-05	-0.0732902
-8.4e-06	2.24e-05	-0.078286
-5.6e-06	2.24e-05	-0.0810278
-2.8e-06	2.24e-05	-0.0814837
0	2.24e-05	-0.0796939
2.8e-06	2.24e-05	-0.0757644
5.6e-06	2.24e-05	-0.0698588
8.4e-06	2.24e-05	-0.0621876
1.12e-05	2.24e-05	-0.0529968
1.4e-05	2.24e-05	-0.0425571
1.68e-05	2.24e-05	-0.0311531
1.96e-05	2.24e-05	-0.0190749
2.24e-05	2.24e-05	-0.00660666
2.52e-05	2.24e-05	-9.21407e-05
2.8e-05	2.24e-05	-1.26528e-06
3.08e-05	2.24e-05	-1.73747e-08
3.36e-05	2.24e-05	-2.38589e-10
3.64e-05	2.24e-05	-3.27633e-12
3.92e-05	2.24e-05	-4.50056e-14
4.2e-05	2.24e-05	-7.26792e-16
4.48e-05	2.24e-05	-7.35048e-17
4.76e-05	2.24e-05	-1.33796e-16
5.04e-05	2.24e-05	-7.2848e-17
5.32e-05	2.24e-05	-5.61005e-17

-5.32e-05	1.96e-05	-7.408e-17
-5.04e-05	1.96e-05	-1.23298e-16
-4.76e-05	1.96e-05	-8.36277e-16
-4.48e-05	1.96e-05	-5.49921e-14
-4.2e-05	1.96e-05	-3.99132e-12
-3.92e-05	1.96e-05	-2.90609e-10
-3.64e-05	1.96e-05	-2.11591e-08
-3.36e-05	1.96e-05	-1.54059e-06
-3.08e-05	1.96e-05	-0.00011217
-2.8e-05	1.96e-05	-0.00806006
-2.52e-05	1.96e-05	-0.0245679
-2.24e-05	1.96e-05	-0.0403003
-1.96e-05	1.96e-05	-0.0547792
-1.68e-05	1.96e-05	-0.0675754
-1.4e-05	1.96e-05	-0.0783211
-1.12e-05	1.96e-05	-0.0867216
-8.4e-06	1.96e-05	-0.0925654
-5.6e-06	1.96e-05	-0.0957296
-2.8e-06	1.96e-05	-0.0961817
0	1.96e-05	-0.0939764
2.8e-06	1.96e-05	-0.0892481
5.6e-06	1.96e-05	-0.0821992
8.4e-06	1.96e-05	-0.0730868
1.12e-05	1.96e-05	-0.0622073
1.4e-05	1.96e-05	-0.0498815
1.68e-05	1.96e-05	-0.0364412
1.96e-05	1.96e-05	-0.0222181
2.24e-05	1.96e-05	-0.00753439
2.52e-05	1.96e-05	-0.00010499
2.8e-05	1.96e-05	-1.44174e-06
3.08e-05	1.96e-05	-1.97982e-08
3.36e-05	1.96e-05	-2.71871e-10
3.64e-05	1.96e-05	-3.7333e-12
3.92e-05	1.96e-05	-5.12705e-14
4.2e-05	1.96e-05	-6.86714e-16
4.48e-05	1.96e-05	-7.61316e-17
4.76e-05	1.96e-05	-2.51648e-17
5.04e-05	1.96e-05	-7.74344e-17
5.32e-05	1.96e-05	-9.20684e-17

-5.32e-05	1.68e-05	-5.65931e-17
-5.04e-05	1.68e-05	-1.01254e-16
-4.76e-05	1.68e-05	-8.69099e-16
-4.48e-05	1.68e-05	-5.98484e-14
-4.2e-05	1.68e-05	-4.34958e-12
-3.92e-05	1.68e-05	-3.1669e-10
-3.64e-05	1.68e-05	-2.30583e-08
-3.36e-05	1.68e-05	-1.67889e-06
-3.08e-05	1.68e-05	-0.00012224
-2.8e-05	1.68e-05	-0.0087776
-2.52e-05	1.68e-05	-0.0263146
-2.24e-05	1.68e-05	-0.0430266
-1.96e-05	1.68e-05	-0.0583993
-1.68e-05	1.68e-05	-0.0719686
-1.4e-05	1.68e-05	-0.0833365
-1.12e-05	1.68e-05	-0.0921858
-8.4e-06	1.68e-05	-0.0982912
-5.6e-06	1.68e-05	-0.101526
-2.8e-06	1.68e-05	-0.101865
0	1.68e-05	-0.0993775
2.8e-06	1.68e-05	-0.0942216
5.6e-06	1.68e-05	-0.086628
8.4e-06	1.68e-05	-0.0768839
1.12e-05	1.68e-05	-0.065315
1.4e-05	1.68e-05	-0.052267
1.68e-05	1.68e-05	-0.0380899
1.96e-05	1.68e-05	-0.0231256
2.24e-05	1.68e-05	-0.00770072
2.52e-05	1.68e-05	-0.000107226
2.8e-05	1.68e-05	-1.47243e-06
3.08e-05	1.68e-05	-2.02193e-08
3.36e-05	1.68e-05	-2.77651e-10
3.64e-05	1.68e-05	-3.81266e-12
3.92e-05	1.68e-05	-5.23503e-14
4.2e-05	1.68e-05	-6.96222e-16
4.48e-05	1.68e-05	1.73336e-17
4.76e-05	1.68e-05	-3.99829e-17
5.04e-05	1.68e-05	-6.48526e-17
5.32e-05	1.68e-05	-1.26018e-16

-5.32e-05	1.4e-05	-8.82499e-17
-5.04e-05	1.4e-05	6.82981e-17
-4.76e-05	1.4e-05	-8.54659e-16
-4.48e-05	1.4e-05	-5.92154e-14
-4.2e-05	1.4e-05	-4.31725e-12
-3.92e-05	1.4e-05	-3.14342e-10
-3.64e-05	1.4e-05	-2.28874e-08
-3.36e-05	1.4e-05	-1.66644e-06
-3.08e-05	1.4e-05	-0.000121335
-2.8e-05	1.4e-05	-0.00870685
-2.52e-05	1.4e-05	-0.0256928
-2.24e-05	1.4e-05	-0.0418708
-1.96e-05	1.4e-05	-0.0567359
-1.68e-05	1.4e-05	-0.0698294
-1.4e-05	1.4e-05	-0.0807573
-1.12e-05	1.4e-05	-0.0892068
-8.4e-06	1.4e-05	-0.0949593
-5.6e-06	1.4e-05	-0.0978986
-2.8e-06	1.4e-05	-0.0980123
0	1.4e-05	-0.0953872
2.8e-06	1.4e-05	-0.0901987
5.6e-06	1.4e-05	-0.0826944
8.4e-06	1.4e-05	-0.0731755
1.12e-05	1.4e-05	-0.0619754
1.4e-05	1.4e-05	-0.0494387
1.68e-05	1.4e-05	-0.0359034
1.96e-05	1.4e-05	-0.0216872
2.24e-05	1.4e-05	-0.00708147
2.52e-05	1.4e-05	-9.85201e-05
2.8e-05	1.4e-05	-1.35283e-06
3.08e-05	1.4e-05	-1.85764e-08
3.36e-05	1.4e-05	-2.55083e-10
3.64e-05	1.4e-05	-3.50271e-12
3.92e-05	1.4e-05	-4.80331e-14
4.2e-05	1.4e-05	-6.25125e-16
4.48e-05	1.4e-05	3.93016e-17
4.76e-05	1.4e-05	-1.67052e-17
5.04e-05	1.4e-05	-4.45629e-17
5.32e-05	1.4e-05	2.22852e-17

-5.32e-05	1.12e-05	6.0495e-17
-5.04e-05	1.12e-05	1.2008e-17
-4.76e-05	1.12e-05	-7.42104e-16
-4.48e-05	1.12e-05	-5.35324e-14
-4.2e-05	1.12e-05	-3.89706e-12
-3.92e-05	1.12e-05	-2.83748e-10
-3.64e-05	1.12e-05	-2.06598e-08
-3.36e-05	1.12e-05	-1.50425e-06
-3.08e-05	1.12e-05	-0.000109525
-2.8e-05	1.12e-05	-0.00785362
-2.52e-05	1.12e-05	-0.0227608
-2.24e-05	1.12e-05	-0.0369468
-1.96e-05	1.12e-05	-0.049959
-1.68e-05	1.12e-05	-0.0613818
-1.4e-05	1.12e-05	-0.0708563
-1.12e-05	1.12e-05	-0.0780991
-8.4e-06	1.12e-05	-0.0829169
-5.6e-06	1.12e-05	-0.0852161
-2.8e-06	1.12e-05	-0.0850042
0	1.12e-05	-0.0823848
2.8e-06	1.12e-05	-0.0775454
5.6e-06	1.12e-05	-0.0707401
8.4e-06	1.12e-05	-0.0622683
1.12e-05	1.12e-05	-0.0524514
1.4e-05	1.12e-05	-0.0416095
1.68e-05	1.12e-05	-0.0300409
1.96e-05	1.12e-05	-0.0180063
2.24e-05	1.12e-05	-0.00572317
2.52e-05	1.12e-05	-7.95269e-05
2.8e-05	1.12e-05	-1.09195e-06
3.08e-05	1.12e-05	-1.4993e-08
3.36e-05	1.12e-05	-2.05862e-10
3.64e-05	1.12e-05	-2.82657e-12
3.92e-05	1.12e-05	-3.87687e-14
4.2e-05	1.12e-05	-5.08852e-16
4.48e-05	1.12e-05	1.91665e-17
4.76e-05	1.12e-05	-6.13133e-18
5.04e-05	1.12e-05	-1.24617e-17
5.32e-05	1.12e-05	2.30954e-17

-5.32e-05	8.4e-06	-5.54428e-17
-5.04e-05	8.4e-06	1.52264e-17
-4.76e-05	8.4e-06	-6.49743e-16
-4.48e-05	8.4e-06	-4.29169e-14
-4.2e-05	8.4e-06	-3.12723e-12
-3.92e-05	8.4e-06	-2.27696e-10
-3.64e-05	8.4e-06	-1.65787e-08
-3.36e-05	8.4e-06	-1.2071e-06
-3.08e-05	8.4e-06	-8.78891e-05
-2.8e-05	8.4e-06	-0.00629582
-2.52e-05	8.4e-06	-0.017788
-2.24e-05	8.4e-06	-0.0287129
-1.96e-05	8.4e-06	-0.0387086
-1.68e-05	8.4e-06	-0.0474334
-1.4e-05	8.4e-06	-0.0545884
-1.12e-05	8.4e-06	-0.0599386
-8.4e-06	8.4e-06	-0.0633307
-5.6e-06	8.4e-06	-0.0647032
-2.8e-06	8.4e-06	-0.064088
0	8.4e-06	-0.0616047
2.8e-06	8.4e-06	-0.0574476
5.6e-06	8.4e-06	-0.0518677
8.4e-06	8.4e-06	-0.0451495
1.12e-05	8.4e-06	-0.037587
1.4e-05	8.4e-06	-0.0294576
1.68e-05	8.4e-06	-0.0209988
1.96e-05	8.4e-06	-0.0123889
2.24e-05	8.4e-06	-0.00373801
2.52e-05	8.4e-06	-5.18145e-05
2.8e-05	8.4e-06	-7.113e-07
3.08e-05	8.4e-06	-9.76457e-09
3.36e-05	8.4e-06	-1.34046e-10
3.64e-05	8.4e-06	-1.83988e-12
3.92e-05	8.4e-06	-2.51764e-14
4.2e-05	8.4e-06	-2.87594e-16
4.48e-05	8.4e-06	-9.42212e-18
4.76e-05	8.4e-06	3.32298e-17
5.04e-05	8.4e-06	-3.96413e-18
5.32e-05	8.4e-06	-2.55719e-17

-5.32e-05	5.6e-06	1.41592e-18
-5.04e-05	5.6e-06	-1.1091e-16
-4.76e-05	5.6e-06	-2.66806e-17
-4.48e-05	5.6e-06	-2.55927e-14
-4.2e-05	5.6e-06	-2.06757e-12
-3.92e-05	5.6e-06	-1.51216e-10
-3.64e-05	5.6e-06	-1.10115e-08
-3.36e-05	5.6e-06	-8.0176e-07
-3.08e-05	5.6e-06	-5.83771e-05
-2.8e-05	5.6e-06	-0.00417389
-2.52e-05	5.6e-06	-0.0112238
-2.24e-05	5.6e-06	-0.0179238
-1.96e-05	5.6e-06	-0.0240315
-1.68e-05	5.6e-06	-0.0292988
-1.4e-05	5.6e-06	-0.0335007
-1.12e-05	5.6e-06	-0.0364623
-8.4e-06	5.6e-06	-0.0380787
-5.6e-06	5.6e-06	-0.0383261
-2.8e-06	5.6e-06	-0.0372626
0	5.6e-06	-0.0350222
2.8e-06	5.6e-06	-0.0318011
5.6e-06	5.6e-06	-0.027839
8.4e-06	5.6e-06	-0.0233961
1.12e-05	5.6e-06	-0.0187282
1.4e-05	5.6e-06	-0.0140603
1.68e-05	5.6e-06	-0.0095594
1.96e-05	5.6e-06	-0.00530906
2.24e-05	5.6e-06	-0.00129038
2.52e-05	5.6e-06	-1.76749e-05
2.8e-05	5.6e-06	-2.42346e-07
3.08e-05	5.6e-06	-3.32281e-09
3.36e-05	5.6e-06	-4.55364e-11
3.64e-05	5.6e-06	-6.10325e-13
3.92e-05	5.6e-06	-5.93415e-16
4.2e-05	5.6e-06	2.85697e-15
4.48e-05	5.6e-06	2.59664e-16
4.76e-05	5.6e-06	1.72695e-17
5.04e-05	5.6e-06	1.30273e-17
5.32e-05	5.6e-06	-7.74883e-17

-5.32e-05	2.8e-06	-1.11871e-16
-5.04e-05	2.8e-06	7.23366e-16
-4.76e-05	2.8e-06	1.5014e-14
-4.48e-05	2.8e-06	2.00469e-13
-4.2e-05	2.8e-06	-1.56694e-13
-3.92e-05	2.8e-06	-5.97953e-11
-3.64e-05	2.8e-06	-4.44501e-09
-3.36e-05	2.8e-06	-3.23844e-07
-3.08e-05	2.8e-06	-2.35832e-05
-2.8e-05	2.8e-06	-0.00167444
-2.52e-05	2.8e-06	-0.00364745
-2.24e-05	2.8e-06	-0.00555189
-1.96e-05	2.8e-06	-0.00727838
-1.68e-05	2.8e-06	-0.00867403
-1.4e-05	2.8e-06	-0.00958782
-1.12e-05	2.8e-06	-0.00990618
-8.4e-06	2.8e-06	-0.00957486
-5.6e-06	2.8e-06	-0.00860877
-2.8e-06	2.8e-06	-0.00709204
0	2.8e-06	-0.00517027
2.8e-06	2.8e-06	-0.00303652
5.6e-06	2.8e-06	-0.000912769
8.4e-06	2.8e-06	0.000971578
1.12e-05	2.8e-06	0.00240324
1.4e-05	2.8e-06	0.00321029
1.68e-05	2.8e-06	0.00329066
1.96e-05	2.8e-06	0.00264671
2.24e-05	2.8e-06	0.0014259
2.52e-05	2.8e-06	2.0196e-05
2.8e-05	2.8e-06	2.77949e-07
3.08e-05	2.8e-06	3.82784e-09
3.36e-05	2.8e-06	5.43261e-11
3.64e-05	2.8e-06	1.76707e-12
3.92e-05	2.8e-06	5.86733e-13
4.2e-05	2.8e-06	2.15256e-13
4.48e-05	2.8e-06	1.58717e-14
4.76e-05	2.8e-06	7.88552e-16
5.04e-05	2.8e-06	-1.9167e-17
5.32e-05	2.8e-06	3.53804e-17

-5.32e-05	0	1.10918e-15
-5.04e-05	0	3.63555e-14
-4.76e-05	0	9.32266e-13
-4.48e-05	0	1.51403e-11
-4.2e-05	0	4.99521e-11
-3.92e-05	0	1.27611e-10
-3.64e-05	0	2.72053e-09
-3.36e-05	0	1.87103e-07
-3.08e-05	0	1.35923e-05
-2.8e-05	0	0.000993903
-2.52e-05	0	0.00430296
-2.24e-05	0	0.00731582
-1.96e-05	0	0.0100271
-1.68e-05	0	0.0125215
-1.4e-05	0	0.0148931
-1.12e-05	0	0.0172024
-8.4e-06	0	0.0194562
-5.6e-06	0	0.0216026
-2.8e-06	0	0.0235341
0	0	0.0250971
2.8e-06	0	0.0261066
5.6e-06	0	0.0263636
8.4e-06	0	0.0256741
1.12e-05	0	0.0238677
1.4e-05	0	0.020818
1.68e-05	0	0.0164657
1.96e-05	0	0.0108582
2.24e-05	0	0.00422501
2.52e-05	0	5.92319e-05
2.8e-05	0	8.14803e-07
3.08e-05	0	1.13911e-08
3.36e-05	0	2.7596e-10
3.64e-05	0	7.77566e-11
3.92e-05	0	4.18682e-11
4.2e-05	0	1.54817e-11
4.48e-05	0	9.70431e-13
4.76e-05	0	3.8233e-14
5.04e-05	0	1.24069e-15
5.32e-05	0	-1.8019e-17

-5.32e-05	-2.8e-06	4.76415e-14
-5.04e-05	-2.8e-06	1.79414e-12
-4.76e-05	-2.8e-06	5.44764e-11
-4.48e-05	-2.8e-06	1.08043e-09
-4.2e-05	-2.8e-06	3.59054e-09
-3.92e-05	-2.8e-06	6.82627e-09
-3.64e-05	-2.8e-06	2.05312e-08
-3.36e-05	-2.8e-06	7.11923e-07
-3.08e-05	-2.8e-06	5.05348e-05
-2.8e-05	-2.8e-06	0.00364036
-2.52e-05	-2.8e-06	0.0120274
-2.24e-05	-2.8e-06	0.0195973
-1.96e-05	-2.8e-06	0.0263327
-1.68e-05	-2.8e-06	0.0323202
-1.4e-05	-2.8e-06	0.0376291
-1.12e-05	-2.8e-06	0.0422787
-8.4e-06	-2.8e-06	0.0462335
-5.6e-06	-2.8e-06	0.0494074
-2.8e-06	-2.8e-06	0.0516727
0	-2.8e-06	0.0528723
2.8e-06	-2.8e-06	0.0528341
5.6e-06	-2.8e-06	0.0513873
8.4e-06	-2.8e-06	0.0483776
1.12e-05	-2.8e-06	0.043679
1.4e-05	-2.8e-06	0.0372019
1.68e-05	-2.8e-06	0.0288977
1.96e-05	-2.8e-06	0.0187776
2.24e-05	-2.8e-06	0.00700403
2.52e-05	-2.8e-06	9.81784e-05
2.8e-05	-2.8e-06	1.37262e-06
3.08e-05	-2.8e-06	3.23999e-08
3.36e-05	-2.8e-06	9.10056e-09
3.64e-05	-2.8e-06	5.4915e-09
3.92e-05	-2.8e-06	3.03517e-09
4.2e-05	-2.8e-06	1.11396e-09
4.48e-05	-2.8e-06	5.69884e-11
4.76e-05	-2.8e-06	1.88689e-12
5.04e-05	-2.8e-06	5.03622e-14
5.32e-05	-2.8e-06	1.90412e-15

-5.32e-05	-5.6e-06	1.7769e-12
-5.04e-05	-5.6e-06	7.95239e-11
-4.76e-05	-5.6e-06	2.98811e-09
-4.48e-05	-5.6e-06	7.70853e-08
-4.2e-05	-5.6e-06	2.6038e-07
-3.92e-05	-5.6e-06	4.85908e-07
-3.64e-05	-5.6e-06	8.12919e-07
-3.36e-05	-5.6e-06	2.4627e-06
-3.08e-05	-5.6e-06	8.84341e-05
-2.8e-05	-5.6e-06	0.00620489
-2.52e-05	-5.6e-06	0.0191093
-2.24e-05	-5.6e-06	0.030335
-1.96e-05	-5.6e-06	0.0401907
-1.68e-05	-5.6e-06	0.0488753
-1.4e-05	-5.6e-06	0.056458
-1.12e-05	-5.6e-06	0.0629192
-8.4e-06	-5.6e-06	0.0681811
-5.6e-06	-5.6e-06	0.072125
-2.8e-06	-5.6e-06	0.0746064
0	-5.6e-06	0.0754689
2.8e-06	-5.6e-06	0.0745584
5.6e-06	-5.6e-06	0.0717379
8.4e-06	-5.6e-06	0.0668992
1.12e-05	-5.6e-06	0.0599683
1.4e-05	-5.6e-06	0.0508983
1.68e-05	-5.6e-06	0.0396389
1.96e-05	-5.6e-06	0.0260717
2.24e-05	-5.6e-06	0.00994725
2.52e-05	-5.6e-06	0.000145192
2.8e-05	-5.6e-06	3.55601e-06
3.08e-05	-5.6e-06	1.02828e-06
3.36e-05	-5.6e-06	6.41958e-07
3.64e-05	-5.6e-06	3.9819e-07
3.92e-05	-5.6e-06	2.20184e-07
4.2e-05	-5.6e-06	8.01438e-08
4.48e-05	-5.6e-06	3.14217e-09
4.76e-05	-5.6e-06	8.39442e-11
5.04e-05	-5.6e-06	1.87875e-12
5.32e-05	-5.6e-06	5.25505e-14

-5.32e-05	-8.4e-06	5.31879e-11
-5.04e-05	-8.4e-06	2.95149e-09
-4.76e-05	-8.4e-06	1.46096e-07
-4.48e-05	-8.4e-06	5.49647e-06
-4.2e-05	-8.4e-06	1.88928e-05
-3.92e-05	-8.4e-06	3.52339e-05
-3.64e-05	-8.4e-06	5.77839e-05
-3.36e-05	-8.4e-06	9.40894e-05
-3.08e-05	-8.4e-06	0.000278391
-2.8e-05	-8.4e-06	0.00940518
-2.52e-05	-8.4e-06	0.0255509
-2.24e-05	-8.4e-06	0.0387615
-1.96e-05	-8.4e-06	0.0503423
-1.68e-05	-8.4e-06	0.0606013
-1.4e-05	-8.4e-06	0.0695567
-1.12e-05	-8.4e-06	0.0771236
-8.4e-06	-8.4e-06	0.0831725
-5.6e-06	-8.4e-06	0.0875524
-2.8e-06	-8.4e-06	0.0901053
0	-8.4e-06	0.0906799
2.8e-06	-8.4e-06	0.0891447
5.6e-06	-8.4e-06	0.085401
8.4e-06	-8.4e-06	0.0793945
1.12e-05	-8.4e-06	0.0711193
1.4e-05	-8.4e-06	0.0606072
1.68e-05	-8.4e-06	0.0478775
1.96e-05	-8.4e-06	0.0327591
2.24e-05	-8.4e-06	0.0142402
2.52e-05	-8.4e-06	0.000476295
2.8e-05	-8.4e-06	0.000118164
3.08e-05	-8.4e-06	7.26173e-05
3.36e-05	-8.4e-06	4.65408e-05
3.64e-05	-8.4e-06	2.88909e-05
3.92e-05	-8.4e-06	1.5974e-05
4.2e-05	-8.4e-06	5.76506e-06
4.48e-05	-8.4e-06	1.54544e-07
4.76e-05	-8.4e-06	3.12757e-09
5.04e-05	-8.4e-06	5.6364e-11
5.32e-05	-8.4e-06	1.14529e-12

-5.32e-05	-1.12e-05	1.0208e-09
-5.04e-05	-1.12e-05	7.43498e-08
-4.76e-05	-1.12e-05	5.41595e-06
-4.48e-05	-1.12e-05	0.00039166
-4.2e-05	-1.12e-05	0.00137095
-3.92e-05	-1.12e-05	0.00255602
-3.64e-05	-1.12e-05	0.00418831
-3.36e-05	-1.12e-05	0.00669308
-3.08e-05	-1.12e-05	0.0110255
-2.8e-05	-1.12e-05	0.0196805
-2.52e-05	-1.12e-05	0.031827
-2.24e-05	-1.12e-05	0.0441139
-1.96e-05	-1.12e-05	0.0557063
-1.68e-05	-1.12e-05	0.0662766
-1.4e-05	-1.12e-05	0.0756028
-1.12e-05	-1.12e-05	0.0834868
-8.4e-06	-1.12e-05	0.0897397
-5.6e-06	-1.12e-05	0.0941817
-2.8e-06	-1.12e-05	0.0966478
0	-1.12e-05	0.0969965
2.8e-06	-1.12e-05	0.0951212
5.6e-06	-1.12e-05	0.0909632
8.4e-06	-1.12e-05	0.0845237
1.12e-05	-1.12e-05	0.0758763
1.4e-05	-1.12e-05	0.0651789
1.68e-05	-1.12e-05	0.0526947
1.96e-05	-1.12e-05	0.0388714
2.24e-05	-1.12e-05	0.0247197
2.52e-05	-1.12e-05	0.0136779
2.8e-05	-1.12e-05	0.00827841
3.08e-05	-1.12e-05	0.00526128
3.36e-05	-1.12e-05	0.00337604
3.64e-05	-1.12e-05	0.00209623
3.92e-05	-1.12e-05	0.00115893
4.2e-05	-1.12e-05	0.000414639
4.48e-05	-1.12e-05	5.7784e-06
4.76e-05	-1.12e-05	7.90531e-08
5.04e-05	-1.12e-05	1.08173e-09
5.32e-05	-1.12e-05	1.5156e-11

-5.32e-05	-1.4e-05	1.87158e-09
-5.04e-05	-1.4e-05	1.36563e-07
-4.76e-05	-1.4e-05	9.96463e-06
-4.48e-05	-1.4e-05	0.000719046
-4.2e-05	-1.4e-05	0.00235085
-3.92e-05	-1.4e-05	0.00431941
-3.64e-05	-1.4e-05	0.00693807
-3.36e-05	-1.4e-05	0.0106521
-3.08e-05	-1.4e-05	0.0161122
-2.8e-05	-1.4e-05	0.0240762
-2.52e-05	-1.4e-05	0.0341002
-2.24e-05	-1.4e-05	0.0448074
-1.96e-05	-1.4e-05	0.0553323
-1.68e-05	-1.4e-05	0.0651532
-1.4e-05	-1.4e-05	0.0739162
-1.12e-05	-1.4e-05	0.0813495
-8.4e-06	-1.4e-05	0.0872274
-5.6e-06	-1.4e-05	0.0913577
-2.8e-06	-1.4e-05	0.093579
0	-1.4e-05	0.0937659
2.8e-06	-1.4e-05	0.0918372
5.6e-06	-1.4e-05	0.087768
8.4e-06	-1.4e-05	0.0816033
1.12e-05	-1.4e-05	0.0734754
1.4e-05	-1.4e-05	0.0636278
1.68e-05	-1.4e-05	0.0524562
1.96e-05	-1.4e-05	0.0405949
2.24e-05	-1.4e-05	0.0290893
2.52e-05	-1.4e-05	0.0195775
2.8e-05	-1.4e-05	0.0130516
3.08e-05	-1.4e-05	0.00867956
3.36e-05	-1.4e-05	0.00569043
3.64e-05	-1.4e-05	0.00356666
3.92e-05	-1.4e-05	0.00196823
4.2e-05	-1.4e-05	0.00065798
4.48e-05	-1.4e-05	9.15179e-06
4.76e-05	-1.4e-05	1.25377e-07
5.04e-05	-1.4e-05	1.71762e-09
5.32e-05	-1.4e-05	2.39569e-11

-5.32e-05	-1.68e-05	2.26235e-09
-5.04e-05	-1.68e-05	1.65073e-07
-4.76e-05	-1.68e-05	1.20458e-05
-4.48e-05	-1.68e-05	0.000867493
-4.2e-05	-1.68e-05	0.00270871
-3.92e-05	-1.68e-05	0.00490852
-3.64e-05	-1.68e-05	0.00775049
-3.36e-05	-1.68e-05	0.0115725
-3.08e-05	-1.68e-05	0.0167396
-2.8e-05	-1.68e-05	0.02349
-2.52e-05	-1.68e-05	0.0315519
-2.24e-05	-1.68e-05	0.0402455
-1.96e-05	-1.68e-05	0.0489474
-1.68e-05	-1.68e-05	0.0571812
-1.4e-05	-1.68e-05	0.0645894
-1.12e-05	-1.68e-05	0.0708953
-8.4e-06	-1.68e-05	0.0758774
-5.6e-06	-1.68e-05	0.0793559
-2.8e-06	-1.68e-05	0.0811885
0	-1.68e-05	0.081272
2.8e-06	-1.68e-05	0.0795489
5.6e-06	-1.68e-05	0.0760173
8.4e-06	-1.68e-05	0.0707432
1.12e-05	-1.68e-05	0.0638778
1.4e-05	-1.68e-05	0.055679
1.68e-05	-1.68e-05	0.0465417
1.96e-05	-1.68e-05	0.0370365
2.24e-05	-1.68e-05	0.0279348
2.52e-05	-1.68e-05	0.0201155
2.8e-05	-1.68e-05	0.0140872
3.08e-05	-1.68e-05	0.00966159
3.36e-05	-1.68e-05	0.0064489
3.64e-05	-1.68e-05	0.00407894
3.92e-05	-1.68e-05	0.00225049
4.2e-05	-1.68e-05	0.000721898
4.48e-05	-1.68e-05	1.0025e-05
4.76e-05	-1.68e-05	1.37383e-07
5.04e-05	-1.68e-05	1.88286e-09
5.32e-05	-1.68e-05	2.6278e-11

-5.32e-05	-1.96e-05	2.09956e-09
-5.04e-05	-1.96e-05	1.52013e-07
-4.76e-05	-1.96e-05	1.10821e-05
-4.48e-05	-1.96e-05	0.000796526
-4.2e-05	-1.96e-05	0.00237926
-3.92e-05	-1.96e-05	0.00425978
-3.64e-05	-1.96e-05	0.00664236
-3.36e-05	-1.96e-05	0.00974325
-3.08e-05	-1.96e-05	0.0137524
-2.8e-05	-1.96e-05	0.0187417
-2.52e-05	-1.96e-05	0.0245431
-2.24e-05	-1.96e-05	0.0307914
-1.96e-05	-1.96e-05	0.0370906
-1.68e-05	-1.96e-05	0.0430955
-1.4e-05	-1.96e-05	0.0485266
-1.12e-05	-1.96e-05	0.0531615
-8.4e-06	-1.96e-05	0.0568229
-5.6e-06	-1.96e-05	0.0593699
-2.8e-06	-1.96e-05	0.0606944
0	-1.96e-05	0.0607219
2.8e-06	-1.96e-05	0.0594157
5.6e-06	-1.96e-05	0.0567839
8.4e-06	-1.96e-05	0.0528893
1.12e-05	-1.96e-05	0.0478616
1.4e-05	-1.96e-05	0.0419117
1.68e-05	-1.96e-05	0.0353471
1.96e-05	-1.96e-05	0.02858
2.24e-05	-1.96e-05	0.0221079
2.52e-05	-1.96e-05	0.0164213
2.8e-05	-1.96e-05	0.0118104
3.08e-05	-1.96e-05	0.00825826
3.36e-05	-1.96e-05	0.00558204
3.64e-05	-1.96e-05	0.00355469
3.92e-05	-1.96e-05	0.00195979
4.2e-05	-1.96e-05	0.000604285
4.48e-05	-1.96e-05	8.3805e-06
4.76e-05	-1.96e-05	1.14998e-07
5.04e-05	-1.96e-05	1.58821e-09
5.32e-05	-1.96e-05	2.63235e-11

-5.32e-05	-2.24e-05	2.60296e-09
-5.04e-05	-2.24e-05	1.11341e-07
-4.76e-05	-2.24e-05	7.37463e-06
-4.48e-05	-2.24e-05	0.000522548
-4.2e-05	-2.24e-05	0.00146331
-3.92e-05	-2.24e-05	0.00259202
-3.64e-05	-2.24e-05	0.00400985
-3.36e-05	-2.24e-05	0.00582336
-3.08e-05	-2.24e-05	0.0081162
-2.8e-05	-2.24e-05	0.0109067
-2.52e-05	-2.24e-05	0.0141091
-2.24e-05	-2.24e-05	0.0175496
-1.96e-05	-2.24e-05	0.0210271
-1.68e-05	-2.24e-05	0.0243538
-1.4e-05	-2.24e-05	0.027371
-1.12e-05	-2.24e-05	0.0299498
-8.4e-06	-2.24e-05	0.0319871
-5.6e-06	-2.24e-05	0.0334016
-2.8e-06	-2.24e-05	0.0341318
0	-2.24e-05	0.0341367
2.8e-06	-2.24e-05	0.0333976
5.6e-06	-2.24e-05	0.0319223
8.4e-06	-2.24e-05	0.0297502
1.12e-05	-2.24e-05	0.0269594
1.4e-05	-2.24e-05	0.0236731
1.68e-05	-2.24e-05	0.0200654
1.96e-05	-2.24e-05	0.0163603
2.24e-05	-2.24e-05	0.0128125
2.52e-05	-2.24e-05	0.00965844
2.8e-05	-2.24e-05	0.00704184
3.08e-05	-2.24e-05	0.00497679
3.36e-05	-2.24e-05	0.0033889
3.64e-05	-2.24e-05	0.00216662
3.92e-05	-2.24e-05	0.00119187
4.2e-05	-2.24e-05	0.000348404
4.48e-05	-2.24e-05	4.92012e-06
4.76e-05	-2.24e-05	7.48323e-08
5.04e-05	-2.24e-05	1.78706e-09
5.32e-05	-2.24e-05	2.137e-10

-5.32e-05	-2.52e-05	8.09514e-08
-5.04e-05	-2.52e-05	7.91732e-07
-4.76e-05	-2.52e-05	7.72876e-06
-4.48e-05	-2.52e-05	6.98975e-05
-4.2e-05	-2.52e-05	0.000181823
-3.92e-05	-2.52e-05	0.000320594
-3.64e-05	-2.52e-05	0.000495055
-3.36e-05	-2.52e-05	0.000717449
-3.08e-05	-2.52e-05	0.000997341
-2.8e-05	-2.52e-05	0.00133646
-2.52e-05	-2.52e-05	0.00172456
-2.24e-05	-2.52e-05	0.00214127
-1.96e-05	-2.52e-05	0.00256265
-1.68e-05	-2.52e-05	0.00296604
-1.4e-05	-2.52e-05	0.00333212
-1.12e-05	-2.52e-05	0.00364513
-8.4e-06	-2.52e-05	0.0038924
-5.6e-06	-2.52e-05	0.00406401
-2.8e-06	-2.52e-05	0.00415247
0	-2.52e-05	0.00415279
2.8e-06	-2.52e-05	0.00406276
5.6e-06	-2.52e-05	0.00388341
8.4e-06	-2.52e-05	0.00361966
1.12e-05	-2.52e-05	0.00328111
1.4e-05	-2.52e-05	0.00288287
1.68e-05	-2.52e-05	0.00244615
1.96e-05	-2.52e-05	0.00199796
2.24e-05	-2.52e-05	0.00156865
2.52e-05	-2.52e-05	0.00118602
2.8e-05	-2.52e-05	0.000867126
3.08e-05	-2.52e-05	0.000614199
3.36e-05	-2.52e-05	0.000418888
3.64e-05	-2.52e-05	0.000268091
3.92e-05	-2.52e-05	0.00014803
4.2e-05	-2.52e-05	4.92852e-05
4.48e-05	-2.52e-05	5.42442e-06
4.76e-05	-2.52e-05	5.55643e-07
5.04e-05	-2.52e-05	5.69208e-08
5.32e-05	-2.52e-05	6.30346e-09

-5.32e-05	-2.8e-05	3.33557e-08
-5.04e-05	-2.8e-05	2.4969e-07
-4.76e-05	-2.8e-05	1.69746e-06
-4.48e-05	-2.8e-05	9.24781e-06
-4.2e-05	-2.8e-05	2.26302e-05
-3.92e-05	-2.8e-05	3.96543e-05
-3.64e-05	-2.8e-05	6.11059e-05
-3.36e-05	-2.8e-05	8.8368e-05
-3.08e-05	-2.8e-05	0.000122528
-2.8e-05	-2.8e-05	0.000163743
-2.52e-05	-2.8e-05	0.000210786
-2.24e-05	-2.8e-05	0.000261264
-1.96e-05	-2.8e-05	0.000312325
-1.68e-05	-2.8e-05	0.000361239
-1.4e-05	-2.8e-05	0.000405655
-1.12e-05	-2.8e-05	0.000443643
-8.4e-06	-2.8e-05	0.000473655
-5.6e-06	-2.8e-05	0.000494475
-2.8e-06	-2.8e-05	0.00050519
0	-2.8e-05	0.000505197
2.8e-06	-2.8e-05	0.000494232
5.6e-06	-2.8e-05	0.000472431
8.4e-06	-2.8e-05	0.000440405
1.12e-05	-2.8e-05	0.000399338
1.4e-05	-2.8e-05	0.00035108
1.68e-05	-2.8e-05	0.000298213
1.96e-05	-2.8e-05	0.00024399
2.24e-05	-2.8e-05	0.000192028
2.52e-05	-2.8e-05	0.000145606
2.8e-05	-2.8e-05	0.000106748
3.08e-05	-2.8e-05	7.57807e-05
3.36e-05	-2.8e-05	5.17674e-05
3.64e-05	-2.8e-05	3.31783e-05
3.92e-05	-2.8e-05	1.84377e-05
4.2e-05	-2.8e-05	6.7687e-06
4.48e-05	-2.8e-05	1.21944e-06
4.76e-05	-2.8e-05	1.78104e-07
5.04e-05	-2.8e-05	2.36935e-08
5.32e-05	-2.8e-05	3.16388e-09

-5.32e-05	-3.08e-05	8.83751e-09
-5.04e-05	-3.08e-05	5.42783e-08
-4.76e-05	-3.08e-05	2.91645e-07
-4.48e-05	-3.08e-05	1.21289e-06
-4.2e-05	-3.08e-05	2.81973e-06
-3.92e-05	-3.08e-05	4.90517e-06
-3.64e-05	-3.08e-05	7.54094e-06
-3.36e-05	-3.08e-05	1.08816e-05
-3.08e-05	-3.08e-05	1.505e-05
-2.8e-05	-3.08e-05	2.00592e-05
-2.52e-05	-3.08e-05	2.57626e-05
-2.24e-05	-3.08e-05	3.18778e-05
-1.96e-05	-3.08e-05	3.80655e-05
-1.68e-05	-3.08e-05	4.39966e-05
-1.4e-05	-3.08e-05	4.93853e-05
-1.12e-05	-3.08e-05	5.39956e-05
-8.4e-06	-3.08e-05	5.7638e-05
-5.6e-06	-3.08e-05	6.01638e-05
-2.8e-06	-3.08e-05	6.14618e-05
0	-3.08e-05	6.14587e-05
2.8e-06	-3.08e-05	6.01234e-05
5.6e-06	-3.08e-05	5.74735e-05
8.4e-06	-3.08e-05	5.35851e-05
1.12e-05	-3.08e-05	4.86038e-05
1.4e-05	-3.08e-05	4.27562e-05
1.68e-05	-3.08e-05	3.6356e-05
1.96e-05	-3.08e-05	2.97953e-05
2.24e-05	-3.08e-05	2.35049e-05
2.52e-05	-3.08e-05	1.78722e-05
2.8e-05	-3.08e-05	1.31379e-05
3.08e-05	-3.08e-05	9.34759e-06
3.36e-05	-3.08e-05	6.39648e-06
3.64e-05	-3.08e-05	4.10694e-06
3.92e-05	-3.08e-05	2.30068e-06
4.2e-05	-3.08e-05	9.11218e-07
4.48e-05	-3.08e-05	2.13519e-07
4.76e-05	-3.08e-05	3.92697e-08
5.04e-05	-3.08e-05	6.32955e-09
5.32e-05	-3.08e-05	9.87284e-10

-5.32e-05	-3.36e-05	1.90253e-09
-5.04e-05	-3.36e-05	9.98274e-09
-4.76e-05	-3.36e-05	4.51734e-08
-4.48e-05	-3.36e-05	1.57954e-07
-4.2e-05	-3.36e-05	3.51581e-07
-3.92e-05	-3.36e-05	6.06803e-07
-3.64e-05	-3.36e-05	9.30434e-07
-3.36e-05	-3.36e-05	1.33963e-06
-3.08e-05	-3.36e-05	1.8482e-06
-2.8e-05	-3.36e-05	2.45705e-06
-2.52e-05	-3.36e-05	3.14862e-06
-2.24e-05	-3.36e-05	3.88955e-06
-1.96e-05	-3.36e-05	4.63941e-06
-1.68e-05	-3.36e-05	5.35859e-06
-1.4e-05	-3.36e-05	6.01232e-06
-1.12e-05	-3.36e-05	6.57181e-06
-8.4e-06	-3.36e-05	7.01386e-06
-5.6e-06	-3.36e-05	7.32028e-06
-2.8e-06	-3.36e-05	7.47751e-06
0	-3.36e-05	7.47668e-06
2.8e-06	-3.36e-05	7.31408e-06
5.6e-06	-3.36e-05	6.99202e-06
8.4e-06	-3.36e-05	6.51993e-06
1.12e-05	-3.36e-05	5.91574e-06
1.4e-05	-3.36e-05	5.20717e-06
1.68e-05	-3.36e-05	4.43232e-06
1.96e-05	-3.36e-05	3.63841e-06
2.24e-05	-3.36e-05	2.87679e-06
2.52e-05	-3.36e-05	2.19326e-06
2.8e-05	-3.36e-05	1.61654e-06
3.08e-05	-3.36e-05	1.15275e-06
3.36e-05	-3.36e-05	7.90239e-07
3.64e-05	-3.36e-05	5.0848e-07
3.92e-05	-3.36e-05	2.87403e-07
4.2e-05	-3.36e-05	1.2094e-07
4.48e-05	-3.36e-05	3.36001e-08
4.76e-05	-3.36e-05	7.31359e-09
5.04e-05	-3.36e-05	1.37101e-09
5.32e-05	-3.36e-05	2.437e-10

-5.32e-05	-3.64e-05	3.62323e-10
-5.04e-05	-3.64e-05	1.66842e-09
-4.76e-05	-3.64e-05	6.61103e-09
-4.48e-05	-3.64e-05	2.04508e-08
-4.2e-05	-3.64e-05	4.38535e-08
-3.92e-05	-3.64e-05	7.50697e-08
-3.64e-05	-3.64e-05	1.14781e-07
-3.36e-05	-3.64e-05	1.64885e-07
-3.08e-05	-3.64e-05	2.26924e-07
-2.8e-05	-3.64e-05	3.0093e-07
-2.52e-05	-3.64e-05	3.84799e-07
-2.24e-05	-3.64e-05	4.74581e-07
-1.96e-05	-3.64e-05	5.65458e-07
-1.68e-05	-3.64e-05	6.5266e-07
-1.4e-05	-3.64e-05	7.31967e-07
-1.12e-05	-3.64e-05	7.99862e-07
-8.4e-06	-3.64e-05	8.53508e-07
-5.6e-06	-3.64e-05	8.9068e-07
-2.8e-06	-3.64e-05	9.09725e-07
0	-3.64e-05	9.0957e-07
2.8e-06	-3.64e-05	8.89773e-07
5.6e-06	-3.64e-05	8.50633e-07
8.4e-06	-3.64e-05	7.93321e-07
1.12e-05	-3.64e-05	7.20042e-07
1.4e-05	-3.64e-05	6.34184e-07
1.68e-05	-3.64e-05	5.40372e-07
1.96e-05	-3.64e-05	4.44289e-07
2.24e-05	-3.64e-05	3.52058e-07
2.52e-05	-3.64e-05	2.69106e-07
2.8e-05	-3.64e-05	1.98858e-07
3.08e-05	-3.64e-05	1.42125e-07
3.36e-05	-3.64e-05	9.76142e-08
3.64e-05	-3.64e-05	6.29663e-08
3.92e-05	-3.64e-05	3.59246e-08
4.2e-05	-3.64e-05	1.58833e-08
4.48e-05	-3.64e-05	4.98363e-09
4.76e-05	-3.64e-05	1.23598e-09
5.04e-05	-3.64e-05	2.62132e-10
5.32e-05	-3.64e-05	5.21012e-11

-5.32e-05	-3.92e-05	6.3641e-11
-5.04e-05	-3.92e-05	2.62142e-10
-4.76e-05	-3.92e-05	9.33805e-10
-4.48e-05	-3.92e-05	2.635e-09
-4.2e-05	-3.92e-05	5.47073e-09
-3.92e-05	-3.92e-05	9.2874e-09
-3.64e-05	-3.92e-05	1.41573e-08
-3.36e-05	-3.92e-05	2.02901e-08
-3.08e-05	-3.92e-05	2.7857e-08
-2.8e-05	-3.92e-05	3.68529e-08
-2.52e-05	-3.92e-05	4.70252e-08
-2.24e-05	-3.92e-05	5.79057e-08
-1.96e-05	-3.92e-05	6.89198e-08
-1.68e-05	-3.92e-05	7.94932e-08
-1.4e-05	-3.92e-05	8.91139e-08
-1.12e-05	-3.92e-05	9.73528e-08
-8.4e-06	-3.92e-05	1.03863e-07
-5.6e-06	-3.92e-05	1.08372e-07
-2.8e-06	-3.92e-05	1.10679e-07
0	-3.92e-05	1.10654e-07
2.8e-06	-3.92e-05	1.08244e-07
5.6e-06	-3.92e-05	1.03487e-07
8.4e-06	-3.92e-05	9.653e-08
1.12e-05	-3.92e-05	8.76427e-08
1.4e-05	-3.92e-05	7.72392e-08
1.68e-05	-3.92e-05	6.58807e-08
1.96e-05	-3.92e-05	5.42509e-08
2.24e-05	-3.92e-05	4.30803e-08
2.52e-05	-3.92e-05	3.30125e-08
2.8e-05	-3.92e-05	2.44568e-08
3.08e-05	-3.92e-05	1.7519e-08
3.36e-05	-3.92e-05	1.20562e-08
3.64e-05	-3.92e-05	7.79839e-09
3.92e-05	-3.92e-05	4.49162e-09
4.2e-05	-3.92e-05	2.06925e-09
4.48e-05	-3.92e-05	7.12024e-10
4.76e-05	-3.92e-05	1.96113e-10
5.04e-05	-3.92e-05	4.61233e-11
5.32e-05	-3.92e-05	1.00997e-11

-5.32e-05	-4.2e-05	1.05583e-11
-5.04e-05	-4.2e-05	3.94589e-11
-4.76e-05	-4.2e-05	1.28762e-10
-4.48e-05	-4.2e-05	3.38123e-10
-4.2e-05	-4.2e-05	6.82455e-10
-3.92e-05	-4.2e-05	1.14901e-09
-3.64e-05	-4.2e-05	1.74591e-09
-3.36e-05	-4.2e-05	2.49632e-09
-3.08e-05	-4.2e-05	3.41912e-09
-2.8e-05	-4.2e-05	4.51268e-09
-2.52e-05	-4.2e-05	5.74661e-09
-2.24e-05	-4.2e-05	7.06532e-09
-1.96e-05	-4.2e-05	8.40025e-09
-1.68e-05	-4.2e-05	9.68231e-09
-1.4e-05	-4.2e-05	1.08494e-08
-1.12e-05	-4.2e-05	1.18491e-08
-8.4e-06	-4.2e-05	1.2639e-08
-5.6e-06	-4.2e-05	1.3186e-08
-2.8e-06	-4.2e-05	1.34655e-08
0	-4.2e-05	1.34616e-08
2.8e-06	-4.2e-05	1.31683e-08
5.6e-06	-4.2e-05	1.25903e-08
8.4e-06	-4.2e-05	1.17458e-08
1.12e-05	-4.2e-05	1.0668e-08
1.4e-05	-4.2e-05	9.4074e-09
1.68e-05	-4.2e-05	8.03208e-09
1.96e-05	-4.2e-05	6.62427e-09
2.24e-05	-4.2e-05	5.27115e-09
2.52e-05	-4.2e-05	4.04914e-09
2.8e-05	-4.2e-05	3.00721e-09
3.08e-05	-4.2e-05	2.159e-09
3.36e-05	-4.2e-05	1.48884e-09
3.64e-05	-4.2e-05	9.65929e-10
3.92e-05	-4.2e-05	5.61587e-10
4.2e-05	-4.2e-05	2.67875e-10
4.48e-05	-4.2e-05	9.9149e-11
4.76e-05	-4.2e-05	2.97759e-11
5.04e-05	-4.2e-05	7.6487e-12
5.32e-05	-4.2e-05	1.82358e-12

-5.32e-05	-4.48e-05	1.67945e-12
-5.04e-05	-4.48e-05	5.75677e-12
-4.76e-05	-4.48e-05	1.74504e-11
-4.48e-05	-4.48e-05	4.32366e-11
-4.2e-05	-4.48e-05	8.51213e-11
-3.92e-05	-4.48e-05	1.42149e-10
-3.64e-05	-4.48e-05	2.15276e-10
-3.36e-05	-4.48e-05	3.07066e-10
-3.08e-05	-4.48e-05	4.19591e-10
-2.8e-05	-4.48e-05	5.52528e-10
-2.52e-05	-4.48e-05	7.02226e-10
-2.24e-05	-4.48e-05	8.62066e-10
-1.96e-05	-4.48e-05	1.02387e-09
-1.68e-05	-4.48e-05	1.17932e-09
-1.4e-05	-4.48e-05	1.32089e-09
-1.12e-05	-4.48e-05	1.44219e-09
-8.4e-06	-4.48e-05	1.53805e-09
-5.6e-06	-4.48e-05	1.6044e-09
-2.8e-06	-4.48e-05	1.63825e-09
0	-4.48e-05	1.63769e-09
2.8e-06	-4.48e-05	1.60199e-09
5.6e-06	-4.48e-05	1.53176e-09
8.4e-06	-4.48e-05	1.42926e-09
1.12e-05	-4.48e-05	1.29855e-09
1.4e-05	-4.48e-05	1.1458e-09
1.68e-05	-4.48e-05	9.79266e-10
1.96e-05	-4.48e-05	8.08831e-10
2.24e-05	-4.48e-05	6.44902e-10
2.52e-05	-4.48e-05	4.96568e-10
2.8e-05	-4.48e-05	3.69691e-10
3.08e-05	-4.48e-05	2.66015e-10
3.36e-05	-4.48e-05	1.83836e-10
3.64e-05	-4.48e-05	1.19649e-10
3.92e-05	-4.48e-05	7.02041e-11
4.2e-05	-4.48e-05	3.45013e-11
4.48e-05	-4.48e-05	1.35516e-11
4.76e-05	-4.48e-05	4.37672e-12
5.04e-05	-4.48e-05	1.21364e-12
5.32e-05	-4.48e-05	3.11647e-13

-5.32e-05	-4.76e-05	2.58391e-13
-5.04e-05	-4.76e-05	8.20323e-13
-4.76e-05	-4.76e-05	2.33446e-12
-4.48e-05	-4.76e-05	5.51215e-12
-4.2e-05	-4.76e-05	1.06144e-11
-3.92e-05	-4.76e-05	1.75851e-11
-3.64e-05	-4.76e-05	2.654e-11
-3.36e-05	-4.76e-05	3.77651e-11
-3.08e-05	-4.76e-05	5.14832e-11
-2.8e-05	-4.76e-05	6.76452e-11
-2.52e-05	-4.76e-05	8.58064e-11
-2.24e-05	-4.76e-05	1.05184e-10
-1.96e-05	-4.76e-05	1.24796e-10
-1.68e-05	-4.76e-05	1.43646e-10
-1.4e-05	-4.76e-05	1.60817e-10
-1.12e-05	-4.76e-05	1.75535e-10
-8.4e-06	-4.76e-05	1.87167e-10
-5.6e-06	-4.76e-05	1.95215e-10
-2.8e-06	-4.76e-05	1.99315e-10
0	-4.76e-05	1.99236e-10
2.8e-06	-4.76e-05	1.9489e-10
5.6e-06	-4.76e-05	1.86359e-10
8.4e-06	-4.76e-05	1.73917e-10
1.12e-05	-4.76e-05	1.58067e-10
1.4e-05	-4.76e-05	1.39559e-10
1.68e-05	-4.76e-05	1.19392e-10
1.96e-05	-4.76e-05	9.87562e-11
2.24e-05	-4.76e-05	7.88942e-11
2.52e-05	-4.76e-05	6.08875e-11
2.8e-05	-4.76e-05	4.54386e-11
3.08e-05	-4.76e-05	3.27696e-11
3.36e-05	-4.76e-05	2.26963e-11
3.64e-05	-4.76e-05	1.48211e-11
3.92e-05	-4.76e-05	8.77377e-12
4.2e-05	-4.76e-05	4.42504e-12
4.48e-05	-4.76e-05	1.82636e-12
4.76e-05	-4.76e-05	6.27683e-13
5.04e-05	-4.76e-05	1.8592e-13
5.32e-05	-4.76e-05	5.13255e-14

-5.32e-05	-5.04e-05	3.90991e-14
-5.04e-05	-5.04e-05	1.14626e-13
-4.76e-05	-5.04e-05	3.09064e-13
-4.48e-05	-5.04e-05	7.00702e-13
-4.2e-05	-5.04e-05	1.32274e-12
-3.92e-05	-5.04e-05	2.17528e-12
-3.64e-05	-5.04e-05	3.27035e-12
-3.36e-05	-5.04e-05	4.64312e-12
-3.08e-05	-5.04e-05	6.31438e-12
-2.8e-05	-5.04e-05	8.27932e-12
-2.52e-05	-5.04e-05	1.04822e-11
-2.24e-05	-5.04e-05	1.28313e-11
-1.96e-05	-5.04e-05	1.52078e-11
-1.68e-05	-5.04e-05	1.74931e-11
-1.4e-05	-5.04e-05	1.95749e-11
-1.12e-05	-5.04e-05	2.13612e-11
-8.4e-06	-5.04e-05	2.27713e-11
-5.6e-06	-5.04e-05	2.3748e-11
-2.8e-06	-5.04e-05	2.42442e-11
0	-5.04e-05	2.42334e-11
2.8e-06	-5.04e-05	2.3705e-11
5.6e-06	-5.04e-05	2.26682e-11
8.4e-06	-5.04e-05	2.11589e-11
1.12e-05	-5.04e-05	1.9237e-11
1.4e-05	-5.04e-05	1.69949e-11
1.68e-05	-5.04e-05	1.45532e-11
1.96e-05	-5.04e-05	1.2055e-11
2.24e-05	-5.04e-05	9.64869e-12
2.52e-05	-5.04e-05	7.46313e-12
2.8e-05	-5.04e-05	5.58257e-12
3.08e-05	-5.04e-05	4.03512e-12
3.36e-05	-5.04e-05	2.80109e-12
3.64e-05	-5.04e-05	1.83544e-12
3.92e-05	-5.04e-05	1.09587e-12
4.2e-05	-5.04e-05	5.65419e-13
4.48e-05	-5.04e-05	2.43365e-13
4.76e-05	-5.04e-05	8.82522e-14
5.04e-05	-5.04e-05	2.77636e-14
5.32e-05	-5.04e-05	7.87618e-15

-5.32e-05	-5.32e-05	5.33497e-15
-5.04e-05	-5.32e-05	1.56647e-14
-4.76e-05	-5.32e-05	3.98534e-14
-4.48e-05	-5.32e-05	8.72344e-14
-4.2e-05	-5.32e-05	1.62647e-13
-3.92e-05	-5.32e-05	2.6455e-13
-3.64e-05	-5.32e-05	3.97639e-13
-3.36e-05	-5.32e-05	5.61767e-13
-3.08e-05	-5.32e-05	7.63718e-13
-2.8e-05	-5.32e-05	9.97953e-13
-2.52e-05	-5.32e-05	1.2626e-12
-2.24e-05	-5.32e-05	1.5422e-12
-1.96e-05	-5.32e-05	1.82698e-12
-1.68e-05	-5.32e-05	2.09912e-12
-1.4e-05	-5.32e-05	2.34902e-12
-1.12e-05	-5.32e-05	2.56139e-12
-8.4e-06	-5.32e-05	2.73106e-12
-5.6e-06	-5.32e-05	2.84714e-12
-2.8e-06	-5.32e-05	2.90667e-12
0	-5.32e-05	2.90527e-12
2.8e-06	-5.32e-05	2.84164e-12
5.6e-06	-5.32e-05	2.71797e-12
8.4e-06	-5.32e-05	2.53705e-12
1.12e-05	-5.32e-05	2.3076e-12
1.4e-05	-5.32e-05	2.03977e-12
1.68e-05	-5.32e-05	1.74834e-12
1.96e-05	-5.32e-05	1.45019e-12
2.24e-05	-5.32e-05	1.1628e-12
2.52e-05	-5.32e-05	9.01314e-13
2.8e-05	-5.32e-05	6.75711e-13
3.08e-05	-5.32e-05	4.8947e-13
3.36e-05	-5.32e-05	3.40544e-13
3.64e-05	-5.32e-05	2.23913e-13
3.92e-05	-5.32e-05	1.34754e-13
4.2e-05	-5.32e-05	7.09071e-14
4.48e-05	-5.32e-05	3.16293e-14
4.76e-05	-5.32e-05	1.19821e-14
5.04e-05	-5.32e-05	3.89391e-15
5.32e-05	-5.32e-05	3.42302e-16
