1.31393e+13	0
1.31303e+13	0
1.31293e+13	0
1.31211e+13	0
1.3116e+13	0
1.31135e+13	0
1.3108e+13	0
1.31072e+13	0
1.30998e+13	0
1.30973e+13	0
1.30939e+13	0
1.30886e+13	0
1.30868e+13	0
1.30839e+13	0
1.30808e+13	0
1.30703e+13	0
1.30686e+13	0
1.30677e+13	0
1.30637e+13	0
1.30591e+13	0
1.3057e+13	0
1.3051e+13	0
1.30456e+13	0
1.30418e+13	0
1.30397e+13	0
1.30387e+13	0
1.30306e+13	0
1.30293e+13	0
1.30257e+13	0
1.30221e+13	0
1.30061e+13	0
1.3008e+13	0
1.30186e+13	0
1.30127e+13	0
1.30157e+13	0
3.0918e+12	0
3.09675e+12	0
3.09727e+12	0
4.1057e+12	0
3.1007e+12	0
3.10287e+12	0
3.10454e+12	0
3.10629e+12	0
3.11242e+12	0
3.11296e+12	0
3.11516e+12	0
3.11723e+12	0
3.11801e+12	0
3.12596e+12	0
3.12534e+12	0
3.12969e+12	0
1.30031e+13	0
1.30038e+13	0
3.13111e+12	0
3.12728e+12	0
1.29945e+13	0
3.1339e+12	0
3.13471e+12	0
3.13583e+12	0
1.29921e+13	0
1.29914e+13	0
1.29891e+13	0
1.29864e+13	0
3.1402e+12	0
1.2983e+13	0
1.29793e+13	0
3.14144e+12	0
3.14966e+12	0
3.14336e+12	0
1.29722e+13	0
1.29702e+13	0
3.14295e+12	0
1.2968e+13	0
1.29655e+13	0
1.29631e+13	0
1.29579e+13	0
1.29552e+13	0
1.29532e+13	0
1.29495e+13	0
1.29471e+13	0
1.29446e+13	0
1.29401e+13	0
1.29375e+13	0
1.29318e+13	0
1.29294e+13	0
1.29257e+13	0
1.29254e+13	0
1.29213e+13	0
1.2919e+13	0
1.29176e+13	7.87653e+08
1.29176e+13	-7.87653e+08
1.29081e+13	0
1.29051e+13	0
1.29044e+13	0
1.29002e+13	0
1.28958e+13	0
1.28928e+13	8.49426e+08
1.28928e+13	-8.49426e+08
1.28865e+13	0
1.289e+13	1.37092e+08
1.289e+13	-1.37092e+08
1.28813e+13	0
1.28796e+13	0
1.28839e+13	0
1.28723e+13	1.27308e+09
1.28723e+13	-1.27308e+09
1.28751e+13	0
1.28509e+13	0
1.28503e+13	0
1.2861e+13	0
1.28557e+13	8.55367e+08
1.28557e+13	-8.55367e+08
1.28648e+13	0
1.28625e+13	0
1.28636e+13	0
1.13133e+13	0
1.1313e+13	0
4.1021e+12	0
4.10036e+12	0
3.15186e+12	0
3.15542e+12	0
3.15559e+12	0
3.15765e+12	0
3.15877e+12	0
3.16021e+12	0
4.09562e+12	4.54994e+08
4.09562e+12	-4.54994e+08
4.09627e+12	0
3.16288e+12	0
3.164e+12	0
4.09149e+12	0
1.13196e+13	0
1.13193e+13	0
3.16935e+12	2.20237e+08
3.16935e+12	-2.20237e+08
4.08895e+12	0
4.087e+12	0
1.13317e+13	0
1.13319e+13	0
3.17369e+12	0
4.08499e+12	0
4.08461e+12	0
4.07925e+12	0
1.1338e+13	0
1.13389e+13	0
4.07811e+12	0
4.0734e+12	1.21986e+09
4.0734e+12	-1.21986e+09
4.06756e+12	0
4.07173e+12	0
1.13443e+13	0
1.13453e+13	0
4.06982e+12	0
1.28463e+13	0
1.28495e+13	0
1.28407e+13	1.28441e+09
1.28407e+13	-1.28441e+09
1.28397e+13	0
1.28357e+13	0
1.28311e+13	0
1.2827e+13	1.08716e+09
1.2827e+13	-1.08716e+09
1.28174e+13	1.54769e+09
1.28174e+13	-1.54769e+09
1.28215e+13	0
1.28224e+13	0
1.28145e+13	7.05932e+08
1.28145e+13	-7.05932e+08
1.28068e+13	7.16226e+08
1.28068e+13	-7.16226e+08
1.28068e+13	0
1.28107e+13	0
1.135e+13	0
1.13499e+13	0
1.13567e+13	0
1.13576e+13	0
4.06596e+12	0
4.06211e+12	0
4.06139e+12	0
4.0589e+12	0
4.05929e+12	0
3.17562e+12	0
3.17734e+12	0
4.05667e+12	0
4.05237e+12	1.29439e+09
4.05237e+12	-1.29439e+09
3.17879e+12	0
3.18131e+12	0
3.183e+12	0
3.18383e+12	0
3.18469e+12	0
3.1915e+12	0
3.18875e+12	0
3.18769e+12	0
3.18716e+12	0
1.28009e+13	0
1.28e+13	0
1.2795e+13	1.80414e+09
1.2795e+13	-1.80414e+09
1.27877e+13	0
1.27808e+13	2.31631e+09
1.27808e+13	-2.31631e+09
1.278e+13	1.31558e+09
1.278e+13	-1.31558e+09
1.27859e+13	0
1.27835e+13	0
4.04567e+12	1.58298e+09
4.04567e+12	-1.58298e+09
3.19538e+12	0
4.04939e+12	0
3.19638e+12	5.63094e+08
3.19638e+12	-5.63094e+08
1.1396e+13	0
1.13731e+13	0
1.1373e+13	0
1.13794e+13	0
1.13778e+13	0
4.04916e+12	0
1.13751e+13	0
1.13758e+13	0
3.20179e+12	0
4.03872e+12	0
3.20435e+12	0
1.13842e+13	0
1.13863e+13	0
4.03781e+12	0
1.2776e+13	0
1.27594e+13	0
1.27579e+13	0
1.27696e+13	0
1.27681e+13	0
1.27741e+13	0
1.27632e+13	1.26008e+09
1.27632e+13	-1.26008e+09
1.27729e+13	0
1.27631e+13	0
4.03672e+12	0
4.031e+12	2.4958e+09
4.031e+12	-2.4958e+09
4.0329e+12	0
4.02847e+12	0
3.20748e+12	0
3.21318e+12	0
3.20944e+12	0
3.21127e+12	0
3.21051e+12	0
1.13967e+13	0
1.13991e+13	0
1.13998e+13	0
1.14021e+13	0
3.21743e+12	1.2845e+08
3.21743e+12	-1.2845e+08
3.21875e+12	0
4.02443e+12	0
1.1402e+13	0
1.14144e+13	0
1.14161e+13	0
1.27525e+13	0
1.275e+13	2.30887e+09
1.275e+13	-2.30887e+09
1.2741e+13	5.00213e+09
1.2741e+13	-5.00213e+09
1.27491e+13	0
1.27378e+13	1.3191e+09
1.27378e+13	-1.3191e+09
1.27465e+13	0
1.27456e+13	0
1.2739e+13	0
3.22017e+12	0
3.22313e+12	5.79955e+08
3.22313e+12	-5.79955e+08
3.22535e+12	0
3.22982e+12	0
3.23201e+12	0
3.23401e+12	0
1.14266e+13	0
1.14268e+13	0
4.02193e+12	0
4.02311e+12	0
1.14298e+13	0
1.14316e+13	0
4.01633e+12	1.1174e+09
4.01633e+12	-1.1174e+09
4.01713e+12	0
4.01453e+12	0
4.01765e+12	0
1.14359e+13	0
1.14342e+13	0
1.14403e+13	0
4.00871e+12	1.78054e+09
4.00871e+12	-1.78054e+09
1.14396e+13	0
1.14343e+13	0
4.00647e+12	2.07231e+09
4.00647e+12	-2.07231e+09
4.00806e+12	0
1.2734e+13	1.49732e+09
1.2734e+13	-1.49732e+09
1.27279e+13	3.38736e+08
1.27279e+13	-3.38736e+08
1.273e+13	0
1.27315e+13	0
1.27206e+13	1.60803e+09
1.27206e+13	-1.60803e+09
1.27137e+13	0
1.2718e+13	0
1.27192e+13	0
1.14371e+13	0
1.14488e+13	0
1.14518e+13	0
1.14657e+13	0
1.14645e+13	0
1.14589e+13	0
1.14586e+13	0
4.0026e+12	0
3.23649e+12	0
3.99989e+12	0
3.99668e+12	0
3.23886e+12	0
3.24036e+12	0
3.24211e+12	0
3.98441e+12	1.99296e+09
3.98441e+12	-1.99296e+09
3.98975e+12	2.55608e+09
3.98975e+12	-2.55608e+09
3.99424e+12	0
3.23996e+12	0
3.24441e+12	0
3.24352e+12	0
3.24793e+12	0
3.99321e+12	0
3.99306e+12	0
3.99023e+12	0
3.25802e+12	0
3.25576e+12	0
3.24672e+12	0
3.25436e+12	0
3.25328e+12	0
3.25195e+12	0
3.25178e+12	0
1.27111e+13	0
1.27075e+13	2.08462e+09
1.27075e+13	-2.08462e+09
1.27086e+13	0
1.27064e+13	0
1.27022e+13	5.72019e+09
1.27022e+13	-5.72019e+09
1.27033e+13	0
1.27004e+13	0
1.26984e+13	0
1.26817e+13	0
1.26926e+13	2.58795e+09
1.26926e+13	-2.58795e+09
1.26857e+13	0
1.26847e+13	0
1.26961e+13	5.37628e+08
1.26961e+13	-5.37628e+08
1.26821e+13	0
1.26822e+13	0
1.26893e+13	0
1.26904e+13	0
3.25934e+12	0
3.26047e+12	0
3.98008e+12	0
3.97549e+12	0
3.97772e+12	0
1.14711e+13	0
1.14694e+13	0
1.14698e+13	0
1.14703e+13	0
1.2673e+13	0
1.26773e+13	0
3.97434e+12	3.36558e+09
3.97434e+12	-3.36558e+09
3.26629e+12	0
3.26453e+12	0
3.96953e+12	0
3.26959e+12	3.29497e+08
3.26959e+12	-3.29497e+08
1.26643e+13	6.13904e+09
1.26643e+13	-6.13904e+09
1.26695e+13	0
1.26663e+13	1.17201e+09
1.26663e+13	-1.17201e+09
1.26637e+13	0
1.26676e+13	0
1.2675e+13	0
1.26736e+13	0
3.96688e+12	1.81061e+09
3.96688e+12	-1.81061e+09
3.27309e+12	0
3.27387e+12	0
3.27586e+12	0
3.2764e+12	0
1.1488e+13	0
1.1494e+13	0
1.14929e+13	0
1.14905e+13	0
1.14911e+13	0
1.26559e+13	0
1.26592e+13	3.97062e+09
1.26592e+13	-3.97062e+09
1.26617e+13	0
1.26604e+13	2.60611e+08
1.26604e+13	-2.60611e+08
1.26603e+13	0
3.2788e+12	0
3.27964e+12	0
3.96032e+12	1.0871e+09
3.96032e+12	-1.0871e+09
3.95998e+12	0
3.95759e+12	4.11544e+08
3.95759e+12	-4.11544e+08
3.95945e+12	0
1.14946e+13	0
1.14974e+13	0
1.15017e+13	0
1.15002e+13	0
1.15005e+13	0
1.26513e+13	0
1.2653e+13	1.52587e+09
1.2653e+13	-1.52587e+09
1.265e+13	0
1.26538e+13	0
3.28359e+12	0
3.28689e+12	3.04975e+08
3.28689e+12	-3.04975e+08
3.95659e+12	0
3.95332e+12	9.28405e+08
3.95332e+12	-9.28405e+08
1.15194e+13	0
1.15127e+13	0
1.15089e+13	0
1.15079e+13	0
1.1508e+13	0
1.26375e+13	0
1.26388e+13	0
1.26462e+13	2.52715e+09
1.26462e+13	-2.52715e+09
1.26435e+13	0
1.26416e+13	0
1.26422e+13	0
1.26451e+13	0
3.29075e+12	6.97245e+08
3.29075e+12	-6.97245e+08
3.94671e+12	3.42727e+09
3.94671e+12	-3.42727e+09
3.94891e+12	0
3.29273e+12	0
3.29377e+12	7.1389e+08
3.29377e+12	-7.1389e+08
3.29507e+12	0
3.94586e+12	0
1.1527e+13	0
3.94281e+12	0
3.94121e+12	0
1.15185e+13	0
1.26281e+13	3.84881e+09
1.26281e+13	-3.84881e+09
1.26318e+13	0
1.26332e+13	1.19875e+09
1.26332e+13	-1.19875e+09
1.26401e+13	0
1.26353e+13	2.88929e+08
1.26353e+13	-2.88929e+08
1.26356e+13	0
1.2636e+13	0
1.26359e+13	0
3.29825e+12	0
3.29928e+12	0
3.93987e+12	0
3.30241e+12	0
3.30402e+12	0
3.93599e+12	0
3.93428e+12	0
3.30637e+12	0
3.9306e+12	2.41568e+09
3.9306e+12	-2.41568e+09
3.93122e+12	0
1.1537e+13	0
1.15364e+13	0
1.15318e+13	0
1.15316e+13	0
1.15315e+13	0
1.26192e+13	1.08004e+10
1.26192e+13	-1.08004e+10
1.26229e+13	8.05626e+09
1.26229e+13	-8.05626e+09
1.26239e+13	1.37515e+09
1.26239e+13	-1.37515e+09
1.26159e+13	1.86406e+09
1.26159e+13	-1.86406e+09
1.2627e+13	0
1.26262e+13	4.01162e+08
1.26262e+13	-4.01162e+08
1.26203e+13	0
1.26237e+13	0
1.26167e+13	0
3.92644e+12	1.10778e+09
3.92644e+12	-1.10778e+09
3.31209e+12	0
3.30975e+12	8.72065e+08
3.30975e+12	-8.72065e+08
3.30917e+12	0
3.30862e+12	0
1.15458e+13	0
1.15473e+13	0
1.15474e+13	0
1.15491e+13	0
1.15567e+13	0
1.15559e+13	0
1.15553e+13	0
1.26125e+13	4.16518e+08
1.26125e+13	-4.16518e+08
1.26146e+13	0
1.25645e+13	2.98861e+09
1.25645e+13	-2.98861e+09
1.25845e+13	1.21149e+10
1.25845e+13	-1.21149e+10
1.26104e+13	0
1.25902e+13	7.866e+09
1.25902e+13	-7.866e+09
1.26046e+13	1.353e+09
1.26046e+13	-1.353e+09
1.26075e+13	0
1.26057e+13	0
1.26029e+13	0
1.26089e+13	0
1.25703e+13	3.3919e+09
1.25703e+13	-3.3919e+09
1.25969e+13	3.41309e+09
1.25969e+13	-3.41309e+09
1.26015e+13	0
1.25821e+13	2.66052e+09
1.25821e+13	-2.66052e+09
1.25959e+13	0
1.25972e+13	0
1.25709e+13	0
1.25838e+13	0
1.25944e+13	0
1.2576e+13	0
1.25779e+13	0
1.25899e+13	4.16478e+08
1.25899e+13	-4.16478e+08
1.25844e+13	0
1.2588e+13	0
3.31671e+12	6.89619e+08
3.31671e+12	-6.89619e+08
3.92141e+12	1.761e+09
3.92141e+12	-1.761e+09
3.92417e+12	0
3.92249e+12	0
3.92362e+12	0
1.15626e+13	0
1.15586e+13	0
3.9175e+12	1.73757e+09
3.9175e+12	-1.73757e+09
3.9161e+12	0
3.31856e+12	0
3.31868e+12	0
3.32088e+12	0
3.32331e+12	0
3.32604e+12	0
3.32752e+12	9.68907e+08
3.32752e+12	-9.68907e+08
3.32871e+12	0
1.15663e+13	0
1.15697e+13	0
1.15706e+13	0
1.15724e+13	0
1.25478e+13	1.20553e+10
1.25478e+13	-1.20553e+10
1.25542e+13	6.70792e+09
1.25542e+13	-6.70792e+09
1.2558e+13	4.208e+09
1.2558e+13	-4.208e+09
1.25665e+13	0
1.25639e+13	0
1.25614e+13	0
1.25598e+13	0
1.15813e+13	0
1.15748e+13	0
1.15745e+13	0
1.15744e+13	0
1.25494e+13	1.66976e+08
1.25494e+13	-1.66976e+08
1.25458e+13	2.67835e+08
1.25458e+13	-2.67835e+08
1.24751e+13	1.0892e+10
1.24751e+13	-1.0892e+10
1.24709e+13	3.15139e+09
1.24709e+13	-3.15139e+09
1.25386e+13	3.95061e+09
1.25386e+13	-3.95061e+09
1.25412e+13	0
1.25109e+13	1.17355e+10
1.25109e+13	-1.17355e+10
1.25309e+13	3.22248e+09
1.25309e+13	-3.22248e+09
1.24832e+13	4.4168e+09
1.24832e+13	-4.4168e+09
1.25356e+13	0
1.25341e+13	1.48209e+09
1.25341e+13	-1.48209e+09
1.25261e+13	1.09768e+09
1.25261e+13	-1.09768e+09
1.25206e+13	3.8606e+09
1.25206e+13	-3.8606e+09
1.24861e+13	0
1.24892e+13	4.89071e+08
1.24892e+13	-4.89071e+08
1.25202e+13	0
1.24932e+13	0
1.25109e+13	0
1.25022e+13	3.12412e+09
1.25022e+13	-3.12412e+09
1.25178e+13	0
1.25149e+13	6.65063e+08
1.25149e+13	-6.65063e+08
1.25078e+13	0
1.25031e+13	0
1.24998e+13	1.01281e+09
1.24998e+13	-1.01281e+09
1.2517e+13	0
3.90946e+12	0
3.90698e+12	0
3.33131e+12	0
3.33197e+12	2.13686e+08
3.33197e+12	-2.13686e+08
1.15825e+13	0
1.24597e+13	4.01469e+09
1.24597e+13	-4.01469e+09
1.24739e+13	0
1.24797e+13	0
3.90372e+12	2.53661e+09
3.90372e+12	-2.53661e+09
3.90569e+12	0
3.90307e+12	0
3.33343e+12	0
3.9011e+12	0
3.33639e+12	7.73644e+08
3.33639e+12	-7.73644e+08
3.33682e+12	0
3.33973e+12	0
1.15863e+13	0
1.15977e+13	0
1.15873e+13	0
1.15898e+13	0
1.24391e+13	9.63692e+09
1.24391e+13	-9.63692e+09
1.24441e+13	5.24347e+09
1.24441e+13	-5.24347e+09
1.24509e+13	4.6578e+09
1.24509e+13	-4.6578e+09
1.24468e+13	0
1.24615e+13	0
1.247e+13	0
1.24642e+13	0
1.24657e+13	0
1.15921e+13	0
1.15879e+13	0
1.24397e+13	0
1.23961e+13	0
1.24065e+13	7.68439e+09
1.24065e+13	-7.68439e+09
1.24019e+13	5.401e+09
1.24019e+13	-5.401e+09
1.2416e+13	5.06526e+09
1.2416e+13	-5.06526e+09
1.24333e+13	0
1.24371e+13	0
1.24079e+13	0
1.24263e+13	3.42143e+09
1.24263e+13	-3.42143e+09
1.24027e+13	0
1.24176e+13	0
1.24271e+13	5.04711e+08
1.24271e+13	-5.04711e+08
1.24259e+13	0
3.8965e+12	0
3.89413e+12	2.03043e+09
3.89413e+12	-2.03043e+09
3.89464e+12	0
3.34701e+12	1.40897e+09
3.34701e+12	-1.40897e+09
3.34568e+12	0
3.34688e+12	1.52577e+08
3.34688e+12	-1.52577e+08
1.23927e+13	9.5283e+08
1.23927e+13	-9.5283e+08
1.23872e+13	0
1.2397e+13	0
3.35065e+12	0
3.88497e+12	1.64186e+09
3.88497e+12	-1.64186e+09
3.88841e+12	6.6913e+08
3.88841e+12	-6.6913e+08
3.88949e+12	0
3.88569e+12	0
1.16076e+13	0
1.16088e+13	0
1.16097e+13	0
1.16099e+13	0
1.16119e+13	0
1.23709e+13	6.6776e+09
1.23709e+13	-6.6776e+09
1.23745e+13	0
1.23726e+13	0
1.23701e+13	0
1.23832e+13	0
1.23852e+13	1.29381e+09
1.23852e+13	-1.29381e+09
1.23593e+13	0
1.23679e+13	0
1.23393e+13	5.50895e+09
1.23393e+13	-5.50895e+09
1.23529e+13	6.87645e+08
1.23529e+13	-6.87645e+08
1.23448e+13	7.97255e+08
1.23448e+13	-7.97255e+08
1.23426e+13	0
1.23543e+13	0
1.23458e+13	0
3.35371e+12	0
3.35659e+12	0
3.35407e+12	0
3.88176e+12	0
3.88344e+12	0
3.88275e+12	0
1.16151e+13	0
3.3588e+12	0
3.36127e+12	0
3.88252e+12	0
3.87417e+12	2.6636e+09
3.87417e+12	-2.6636e+09
3.36306e+12	0
3.36403e+12	0
3.87259e+12	6.91935e+08
3.87259e+12	-6.91935e+08
1.16185e+13	0
1.16219e+13	0
1.16228e+13	0
1.16246e+13	0
1.23318e+13	0
1.23272e+13	1.2385e+09
1.23272e+13	-1.2385e+09
3.36646e+12	9.31798e+08
3.36646e+12	-9.31798e+08
3.36838e+12	2.94796e+08
3.36838e+12	-2.94796e+08
3.36944e+12	0
3.86586e+12	3.27067e+09
3.86586e+12	-3.27067e+09
3.8687e+12	0
3.86192e+12	1.40439e+09
3.86192e+12	-1.40439e+09
3.86741e+12	0
3.86653e+12	0
1.16256e+13	0
1.16319e+13	0
1.16286e+13	0
1.16268e+13	4.9122e+08
1.16268e+13	-4.9122e+08
1.16358e+13	0
1.16385e+13	0
1.16273e+13	0
1.23198e+13	1.76184e+09
1.23198e+13	-1.76184e+09
1.23157e+13	0
1.23151e+13	0
1.23095e+13	2.88693e+09
1.23095e+13	-2.88693e+09
1.22818e+13	0
1.22992e+13	0
1.23078e+13	0
1.22928e+13	0
1.23067e+13	0
1.23035e+13	0
1.23119e+13	0
1.23121e+13	0
1.23024e+13	0
1.23027e+13	7.71936e+07
1.23027e+13	-7.71936e+07
1.22852e+13	0
1.22858e+13	0
1.22887e+13	0
1.22889e+13	0
1.22876e+13	0
1.22874e+13	0
3.37164e+12	0
3.85856e+12	0
1.16411e+13	0
1.22789e+13	1.70392e+09
1.22789e+13	-1.70392e+09
1.22798e+13	0
3.37355e+12	0
3.37215e+12	0
3.37511e+12	0
3.37625e+12	0
3.85509e+12	3.88004e+09
3.85509e+12	-3.88004e+09
3.85544e+12	0
3.38025e+12	0
3.38198e+12	0
3.85115e+12	1.77314e+08
3.85115e+12	-1.77314e+08
1.22718e+13	0
1.22757e+13	0
1.22767e+13	0
3.84656e+12	0
3.84772e+12	1.05712e+09
3.84772e+12	-1.05712e+09
3.38336e+12	1.14921e+09
3.38336e+12	-1.14921e+09
3.38291e+12	0
3.38416e+12	0
3.38692e+12	0
3.38889e+12	0
3.84372e+12	3.16667e+08
3.84372e+12	-3.16667e+08
3.84334e+12	1.14636e+09
3.84334e+12	-1.14636e+09
1.16481e+13	0
1.16496e+13	3.03095e+08
1.16496e+13	-3.03095e+08
1.16506e+13	0
1.16492e+13	0
1.16544e+13	0
1.16557e+13	0
1.16563e+13	0
1.22759e+13	0
1.22687e+13	0
1.22695e+13	0
1.22565e+13	0
1.22673e+13	0
1.22606e+13	3.09099e+07
1.22606e+13	-3.09099e+07
1.22614e+13	0
1.2251e+13	1.3908e+09
1.2251e+13	-1.3908e+09
1.22666e+13	0
1.22665e+13	0
1.22177e+13	0
1.22217e+13	0
1.22207e+13	0
1.22279e+13	1.37134e+09
1.22279e+13	-1.37134e+09
1.22461e+13	0
1.22472e+13	0
1.22446e+13	0
1.22382e+13	0
1.22437e+13	0
1.2243e+13	0
1.22349e+13	0
1.22335e+13	0
1.22353e+13	0
1.22351e+13	0
1.22413e+13	0
1.22395e+13	0
1.22395e+13	0
1.22412e+13	0
3.39127e+12	0
3.39053e+12	0
1.16615e+13	0
1.22189e+13	0
3.83721e+12	0
3.83423e+12	3.24199e+09
3.83423e+12	-3.24199e+09
3.3943e+12	1.40512e+08
3.3943e+12	-1.40512e+08
3.39641e+12	0
3.39951e+12	0
3.83351e+12	0
3.83159e+12	0
3.83064e+12	0
1.16652e+13	0
1.16649e+13	0
1.16663e+13	1.0442e+08
1.16663e+13	-1.0442e+08
1.16711e+13	0
1.22089e+13	0
1.22128e+13	0
1.22144e+13	0
1.22141e+13	0
1.22098e+13	0
3.82842e+12	1.00406e+09
3.82842e+12	-1.00406e+09
3.82924e+12	0
1.16733e+13	0
1.16758e+13	0
1.22099e+13	0
1.22044e+13	0
1.22028e+13	0
1.22015e+13	0
1.21994e+13	0
1.21997e+13	0
1.21933e+13	0
1.21982e+13	0
1.21136e+13	0
1.21156e+13	0
1.21881e+13	0
1.21891e+13	0
1.21908e+13	0
1.21173e+13	0
1.21567e+13	0
1.21551e+13	0
1.2187e+13	0
1.21213e+13	0
1.21222e+13	0
1.21631e+13	0
1.21638e+13	0
1.21266e+13	0
1.21317e+13	0
1.21836e+13	0
1.21635e+13	0
1.21497e+13	0
1.21291e+13	0
1.2166e+13	0
1.21719e+13	0
1.21449e+13	0
1.21478e+13	0
1.21822e+13	0
1.21312e+13	0
1.21739e+13	0
1.21504e+13	0
1.21783e+13	0
1.21788e+13	0
1.2141e+13	0
1.21408e+13	0
1.21843e+13	0
1.21729e+13	0
1.21731e+13	0
1.21792e+13	0
1.21505e+13	0
1.21403e+13	0
1.21388e+13	0
1.21388e+13	0
1.21406e+13	0
1.21841e+13	0
1.21758e+13	0
1.21758e+13	0
3.82395e+12	1.62182e+09
3.82395e+12	-1.62182e+09
3.40051e+12	4.23937e+08
3.40051e+12	-4.23937e+08
3.40203e+12	7.50172e+08
3.40203e+12	-7.50172e+08
3.82151e+12	0
3.40473e+12	1.18063e+09
3.40473e+12	-1.18063e+09
3.82121e+12	0
3.82011e+12	0
3.40818e+12	0
3.40763e+12	0
1.16842e+13	0
1.16869e+13	0
1.16882e+13	1.63853e+09
1.16882e+13	-1.63853e+09
1.16895e+13	0
1.16893e+13	0
1.1688e+13	0
1.16883e+13	0
1.20907e+13	0
1.20901e+13	0
1.2082e+13	0
1.20797e+13	0
1.21049e+13	0
1.20756e+13	0
1.20752e+13	0
1.21138e+13	0
1.2107e+13	0
1.21006e+13	0
1.21072e+13	0
1.20996e+13	0
1.20999e+13	0
3.81447e+12	1.15385e+09
3.81447e+12	-1.15385e+09
3.81373e+12	0
3.41249e+12	0
3.41035e+12	3.90708e+07
3.41035e+12	-3.90708e+07
3.41123e+12	0
1.16939e+13	3.90772e+08
1.16939e+13	-3.90772e+08
1.16937e+13	0
1.20698e+13	0
1.20701e+13	0
3.41398e+12	0
3.81179e+12	0
3.80882e+12	2.16872e+09
3.80882e+12	-2.16872e+09
3.81086e+12	0
3.41664e+12	0
3.41881e+12	0
3.80748e+12	0
1.16968e+13	0
1.17004e+13	0
1.20543e+13	0
1.20508e+13	0
1.20652e+13	0
1.20636e+13	0
3.42188e+12	1.69939e+09
3.42188e+12	-1.69939e+09
3.41958e+12	0
3.80271e+12	2.81672e+09
3.80271e+12	-2.81672e+09
3.80647e+12	0
3.42117e+12	0
3.80474e+12	0
3.80144e+12	0
3.79668e+12	1.22773e+09
3.79668e+12	-1.22773e+09
3.80331e+12	0
3.79695e+12	0
1.17034e+13	0
1.17007e+13	0
1.17109e+13	0
1.17115e+13	0
1.17062e+13	0
1.17058e+13	0
1.17147e+13	0
1.17008e+13	0
1.20402e+13	0
1.20486e+13	0
1.20513e+13	0
1.20625e+13	0
1.20368e+13	0
1.20356e+13	0
1.20339e+13	0
1.20594e+13	0
1.20279e+13	0
1.20284e+13	0
1.20602e+13	0
1.20124e+13	0
1.20153e+13	0
1.20159e+13	0
1.20592e+13	0
1.20174e+13	0
1.20315e+13	0
1.20601e+13	0
1.20308e+13	0
1.20201e+13	0
1.20203e+13	0
3.42578e+12	0
3.42675e+12	0
3.42777e+12	0
3.79442e+12	0
3.79229e+12	1.60865e+09
3.79229e+12	-1.60865e+09
3.43101e+12	3.63622e+08
3.43101e+12	-3.63622e+08
3.42945e+12	0
3.78875e+12	0
3.79233e+12	0
3.7908e+12	0
1.20001e+13	0
1.19985e+13	0
1.19991e+13	0
3.43198e+12	0
3.78681e+12	0
3.78219e+12	0
3.44017e+12	1.64988e+09
3.44017e+12	-1.64988e+09
3.43364e+12	0
3.43569e+12	0
1.17222e+13	0
1.17238e+13	0
1.17244e+13	0
1.17252e+13	0
1.17269e+13	0
1.1997e+13	0
1.19958e+13	0
1.19954e+13	0
1.19632e+13	0
1.19691e+13	0
1.19937e+13	0
1.19919e+13	0
1.19897e+13	0
1.19639e+13	0
1.19861e+13	0
1.19921e+13	0
1.19741e+13	0
1.19845e+13	0
1.19777e+13	0
1.19824e+13	0
1.19812e+13	0
1.19812e+13	0
1.19781e+13	0
3.78011e+12	2.21928e+09
3.78011e+12	-2.21928e+09
3.44297e+12	1.14524e+09
3.44297e+12	-1.14524e+09
3.44048e+12	0
1.17287e+13	0
1.19577e+13	0
3.77679e+12	1.62598e+09
3.77679e+12	-1.62598e+09
3.77844e+12	0
3.44565e+12	1.79836e+08
3.44565e+12	-1.79836e+08
3.7743e+12	0
3.77198e+12	2.81451e+09
3.77198e+12	-2.81451e+09
3.44719e+12	0
3.77201e+12	0
3.77063e+12	0
1.17309e+13	2.4386e+08
1.17309e+13	-2.4386e+08
1.17318e+13	0
1.19559e+13	0
1.19566e+13	0
1.19534e+13	0
3.76919e+12	0
3.76018e+12	2.43749e+09
3.76018e+12	-2.43749e+09
3.44864e+12	0
3.44959e+12	0
3.45904e+12	1.71319e+09
3.45904e+12	-1.71319e+09
3.76589e+12	0
3.76494e+12	3.10345e+08
3.76494e+12	-3.10345e+08
3.45851e+12	0
3.45024e+12	0
3.45099e+12	0
3.45323e+12	2.33818e+08
3.45323e+12	-2.33818e+08
3.45601e+12	0
3.76467e+12	0
3.45393e+12	0
1.17378e+13	0
1.17354e+13	0
1.17332e+13	0
1.17333e+13	0
1.17384e+13	0
1.17406e+13	0
1.17415e+13	0
1.17504e+13	1.00125e+09
1.17504e+13	-1.00125e+09
1.19509e+13	0
1.17451e+13	8.18466e+07
1.17451e+13	-8.18466e+07
1.175e+13	0
1.1949e+13	0
1.19505e+13	0
1.1946e+13	0
1.19442e+13	0
1.19388e+13	0
1.19442e+13	0
1.19298e+13	0
1.19347e+13	0
1.19328e+13	0
1.19384e+13	0
1.1938e+13	0
1.19369e+13	0
1.19218e+13	0
1.1915e+13	0
1.19156e+13	0
1.19208e+13	0
1.19211e+13	0
1.1919e+13	0
1.19187e+13	0
1.19323e+13	0
3.7625e+12	0
3.4564e+12	0
3.76073e+12	0
3.75656e+12	3.52172e+08
3.75656e+12	-3.52172e+08
3.46153e+12	2.5144e+08
3.46153e+12	-2.5144e+08
3.46291e+12	0
1.19108e+13	0
1.19099e+13	0
1.191e+13	0
1.19125e+13	0
1.1914e+13	0
3.46602e+12	6.9951e+08
3.46602e+12	-6.9951e+08
3.46887e+12	8.39164e+08
3.46887e+12	-8.39164e+08
3.75455e+12	0
3.75249e+12	0
3.46795e+12	0
3.75002e+12	1.69499e+09
3.75002e+12	-1.69499e+09
3.74897e+12	1.59492e+09
3.74897e+12	-1.59492e+09
3.74673e+12	0
3.74365e+12	1.33826e+08
3.74365e+12	-1.33826e+08
3.74449e+12	0
1.17549e+13	0
1.17555e+13	0
1.17573e+13	0
1.17576e+13	0
1.19061e+13	0
1.19007e+13	0
1.18983e+13	0
1.19017e+13	0
1.18937e+13	0
1.18978e+13	0
1.18879e+13	0
1.18859e+13	0
3.47448e+12	8.25787e+08
3.47448e+12	-8.25787e+08
3.74044e+12	0
1.176e+13	0
1.18865e+13	0
3.47653e+12	5.28619e+08
3.47653e+12	-5.28619e+08
3.47833e+12	5.25015e+08
3.47833e+12	-5.25015e+08
3.48013e+12	1.50324e+09
3.48013e+12	-1.50324e+09
3.73866e+12	0
3.73661e+12	1.5348e+09
3.73661e+12	-1.5348e+09
3.73756e+12	0
3.73494e+12	8.65663e+08
3.73494e+12	-8.65663e+08
1.17631e+13	0
1.17615e+13	0
1.17616e+13	0
1.18825e+13	0
1.18847e+13	0
1.18842e+13	0
1.18839e+13	0
3.48221e+12	0
3.48316e+12	0
3.49396e+12	0
3.49249e+12	0
3.48466e+12	3.19938e+08
3.48466e+12	-3.19938e+08
3.49107e+12	0
3.4858e+12	0
3.48654e+12	5.80467e+08
3.48654e+12	-5.80467e+08
3.48995e+12	0
3.48849e+12	0
1.17679e+13	0
1.177e+13	0
1.17661e+13	0
1.17653e+13	0
1.17659e+13	0
1.17755e+13	0
1.17655e+13	0
3.73307e+12	2.51866e+08
3.73307e+12	-2.51866e+08
3.7304e+12	1.96675e+08
3.7304e+12	-1.96675e+08
3.72876e+12	0
3.72616e+12	2.01936e+09
3.72616e+12	-2.01936e+09
3.71713e+12	7.41051e+08
3.71713e+12	-7.41051e+08
3.72743e+12	0
3.72513e+12	0
1.18805e+13	0
1.18795e+13	0
1.18796e+13	0
1.18721e+13	0
3.72287e+12	5.32853e+08
3.72287e+12	-5.32853e+08
1.18664e+13	0
1.18692e+13	0
1.18754e+13	0
1.18773e+13	0
3.72106e+12	0
3.71974e+12	5.16242e+08
3.71974e+12	-5.16242e+08
1.18769e+13	0
1.18597e+13	0
1.1859e+13	0
1.18764e+13	0
1.18683e+13	0
1.18573e+13	0
1.18767e+13	0
3.71457e+12	0
3.7126e+12	1.12844e+09
3.7126e+12	-1.12844e+09
3.49346e+12	0
3.49704e+12	1.39966e+09
3.49704e+12	-1.39966e+09
1.17787e+13	0
3.4996e+12	4.04801e+08
3.4996e+12	-4.04801e+08
1.17815e+13	0
1.18547e+13	0
3.50122e+12	2.59933e+08
3.50122e+12	-2.59933e+08
3.50432e+12	1.13713e+09
3.50432e+12	-1.13713e+09
3.50889e+12	1.42139e+09
3.50889e+12	-1.42139e+09
3.50617e+12	0
3.5096e+12	0
3.71e+12	1.36965e+09
3.71e+12	-1.36965e+09
1.17819e+13	0
3.70807e+12	3.82388e+08
3.70807e+12	-3.82388e+08
3.70915e+12	0
3.70423e+12	9.19996e+08
3.70423e+12	-9.19996e+08
3.69688e+12	1.85905e+09
3.69688e+12	-1.85905e+09
3.69907e+12	1.08414e+09
3.69907e+12	-1.08414e+09
1.18537e+13	0
1.18522e+13	0
1.18548e+13	0
1.18528e+13	0
1.18498e+13	0
1.1853e+13	0
1.18488e+13	0
3.69983e+12	0
1.18346e+13	0
1.18375e+13	0
1.18466e+13	0
1.18453e+13	0
1.1843e+13	0
1.184e+13	0
1.18405e+13	0
1.18419e+13	0
1.18422e+13	0
1.18464e+13	0
3.51104e+12	0
3.69706e+12	0
3.51197e+12	1.72941e+08
3.51197e+12	-1.72941e+08
3.69806e+12	0
1.1783e+13	0
1.18327e+13	0
1.18329e+13	0
3.51152e+12	0
3.51366e+12	0
3.51798e+12	1.89689e+09
3.51798e+12	-1.89689e+09
3.69474e+12	0
3.69376e+12	0
3.51982e+12	0
1.17833e+13	0
1.17894e+13	0
3.69209e+12	6.9236e+08
3.69209e+12	-6.9236e+08
1.1792e+13	0
1.17914e+13	1.18052e+08
1.17914e+13	-1.18052e+08
1.17876e+13	0
3.69082e+12	0
3.51699e+12	0
3.68955e+12	0
3.51724e+12	2.2172e+08
3.51724e+12	-2.2172e+08
3.6881e+12	0
3.68841e+12	0
1.18316e+13	0
1.17867e+13	0
1.17965e+13	0
1.17865e+13	0
1.17841e+13	0
1.17982e+13	0
1.17983e+13	0
1.17999e+13	0
1.18286e+13	0
1.18276e+13	0
1.18293e+13	0
1.1826e+13	0
1.17845e+13	2.36846e+07
1.17845e+13	-2.36846e+07
1.18272e+13	0
1.18178e+13	0
1.18205e+13	0
1.18233e+13	0
1.18256e+13	0
3.51772e+12	0
3.52161e+12	5.49588e+08
3.52161e+12	-5.49588e+08
3.52211e+12	0
3.52315e+12	0
3.52612e+12	1.10737e+09
3.52612e+12	-1.10737e+09
3.52654e+12	0
3.68536e+12	0
3.68527e+12	0
3.68108e+12	3.04444e+09
3.68108e+12	-3.04444e+09
3.52815e+12	0
3.68341e+12	0
3.5334e+12	2.37837e+09
3.5334e+12	-2.37837e+09
3.6734e+12	2.38049e+09
3.6734e+12	-2.38049e+09
3.68256e+12	5.8829e+08
3.68256e+12	-5.8829e+08
3.52976e+12	0
3.5331e+12	2.41534e+08
3.5331e+12	-2.41534e+08
3.53146e+12	0
3.67661e+12	0
3.67506e+12	0
3.67999e+12	0
3.67924e+12	0
3.67828e+12	0
3.53643e+12	0
3.67184e+12	0
3.67253e+12	0
3.53795e+12	0
3.6685e+12	2.91494e+08
3.6685e+12	-2.91494e+08
1.18146e+13	0
1.17847e+13	0
1.18121e+13	0
1.18049e+13	0
1.18057e+13	5.82391e+08
1.18057e+13	-5.82391e+08
1.18218e+13	0
1.18175e+13	1.06235e+07
1.18175e+13	-1.06235e+07
1.18217e+13	0
1.18216e+13	0
1.18154e+13	0
1.18155e+13	0
1.18031e+13	0
1.18108e+13	0
1.18064e+13	0
1.1803e+13	0
3.53961e+12	0
1.18101e+13	0
1.18084e+13	0
3.54037e+12	9.79868e+08
3.54037e+12	-9.79868e+08
1.18084e+13	0
3.54109e+12	0
3.54255e+12	0
3.54545e+12	1.92826e+09
3.54545e+12	-1.92826e+09
3.5434e+12	8.06839e+08
3.5434e+12	-8.06839e+08
3.54709e+12	0
3.54679e+12	0
3.54508e+12	0
3.66694e+12	1.20694e+08
3.66694e+12	-1.20694e+08
3.66547e+12	0
3.66485e+12	0
1.18101e+13	0
1.18082e+13	0
3.65939e+12	2.65467e+09
3.65939e+12	-2.65467e+09
3.65282e+12	0
3.66258e+12	4.27484e+08
3.66258e+12	-4.27484e+08
3.65609e+12	1.5741e+09
3.65609e+12	-1.5741e+09
3.66143e+12	0
3.65544e+12	0
3.65864e+12	0
3.66077e+12	0
3.65795e+12	3.30805e+08
3.65795e+12	-3.30805e+08
3.65156e+12	6.74671e+08
3.65156e+12	-6.74671e+08
3.55022e+12	0
3.5513e+12	6.8692e+08
3.5513e+12	-6.8692e+08
3.64946e+12	0
3.55149e+12	0
3.55345e+12	0
3.64756e+12	2.75391e+08
3.64756e+12	-2.75391e+08
3.55277e+12	0
3.55588e+12	1.39408e+09
3.55588e+12	-1.39408e+09
3.55614e+12	0
3.64631e+12	3.99192e+08
3.64631e+12	-3.99192e+08
3.55794e+12	0
3.55915e+12	1.41158e+09
3.55915e+12	-1.41158e+09
3.6434e+12	0
3.64288e+12	4.42783e+08
3.64288e+12	-4.42783e+08
3.55989e+12	0
3.5611e+12	0
3.55896e+12	0
3.64128e+12	0
3.56252e+12	0
3.56927e+12	2.82992e+09
3.56927e+12	-2.82992e+09
3.56381e+12	0
3.56359e+12	0
3.56553e+12	0
3.56498e+12	0
3.56207e+12	0
3.64009e+12	0
3.57339e+12	3.13943e+08
3.57339e+12	-3.13943e+08
3.63976e+12	0
3.62552e+12	6.98934e+08
3.62552e+12	-6.98934e+08
3.6388e+12	0
3.62903e+12	0
3.62741e+12	5.63514e+08
3.62741e+12	-5.63514e+08
3.56981e+12	4.13417e+08
3.56981e+12	-4.13417e+08
3.56855e+12	0
3.63825e+12	0
3.63117e+12	0
3.57139e+12	0
3.56873e+12	0
3.62667e+12	0
3.63739e+12	0
3.63422e+12	1.25986e+09
3.63422e+12	-1.25986e+09
3.63295e+12	7.0671e+08
3.63295e+12	-7.0671e+08
3.57114e+12	0
3.63591e+12	3.8806e+08
3.63591e+12	-3.8806e+08
3.63456e+12	3.71659e+07
3.63456e+12	-3.71659e+07
3.63575e+12	0
3.5752e+12	1.96041e+08
3.5752e+12	-1.96041e+08
3.62328e+12	2.67926e+08
3.62328e+12	-2.67926e+08
3.62398e+12	0
3.58097e+12	1.97576e+09
3.58097e+12	-1.97576e+09
3.62052e+12	1.28498e+09
3.62052e+12	-1.28498e+09
3.58179e+12	1.24005e+09
3.58179e+12	-1.24005e+09
3.62119e+12	0
3.57999e+12	0
3.61832e+12	9.86958e+08
3.61832e+12	-9.86958e+08
3.57704e+12	0
3.58082e+12	0
3.57695e+12	0
3.58423e+12	0
3.61678e+12	4.46702e+08
3.61678e+12	-4.46702e+08
3.61296e+12	0
3.57817e+12	6.40082e+07
3.57817e+12	-6.40082e+07
3.61555e+12	0
3.61895e+12	0
3.61606e+12	0
3.61636e+12	0
3.61222e+12	0
3.585e+12	0
3.58611e+12	0
3.60827e+12	1.89697e+09
3.60827e+12	-1.89697e+09
3.61073e+12	0
3.61063e+12	0
3.6114e+12	0
3.60957e+12	0
3.58656e+12	0
3.58536e+12	0
3.58925e+12	1.45361e+09
3.58925e+12	-1.45361e+09
3.58817e+12	0
3.60807e+12	0
3.60732e+12	5.0968e+08
3.60732e+12	-5.0968e+08
3.60462e+12	0
3.60513e+12	0
3.60616e+12	0
3.58888e+12	0
3.59036e+12	2.14059e+08
3.59036e+12	-2.14059e+08
3.58864e+12	0
3.59299e+12	5.36914e+08
3.59299e+12	-5.36914e+08
3.60361e+12	0
3.60373e+12	0
3.59848e+12	1.47543e+09
3.59848e+12	-1.47543e+09
3.59394e+12	0
3.60177e+12	9.14184e+07
3.60177e+12	-9.14184e+07
3.59145e+12	2.72179e+07
3.59145e+12	-2.72179e+07
3.59455e+12	0
3.59502e+12	0
3.59744e+12	2.78466e+08
3.59744e+12	-2.78466e+08
3.59614e+12	1.2369e+08
3.59614e+12	-1.2369e+08
3.59871e+12	0
3.60087e+12	8.48356e+07
3.60087e+12	-8.48356e+07
3.60113e+12	0
3.59823e+12	0
3.60644e+12	0
3.5978e+12	0
