
-5.32e-05	5.6e-05	-1.37092e-16
-5.04e-05	5.6e-05	-3.16575e-16
-4.76e-05	5.6e-05	-8.2556e-17
-4.48e-05	5.6e-05	-5.79837e-17
-4.2e-05	5.6e-05	6.77671e-17
-3.92e-05	5.6e-05	-2.42622e-16
-3.64e-05	5.6e-05	-2.70618e-17
-3.36e-05	5.6e-05	2.09392e-17
-3.08e-05	5.6e-05	1.32435e-17
-2.8e-05	5.6e-05	7.58036e-17
-2.52e-05	5.6e-05	7.00839e-17
-2.24e-05	5.6e-05	-8.42461e-18
-1.96e-05	5.6e-05	2.80358e-17
-1.68e-05	5.6e-05	-1.59546e-17
-1.4e-05	5.6e-05	7.30636e-17
-1.12e-05	5.6e-05	-5.61103e-17
-8.4e-06	5.6e-05	-4.12217e-19
-5.6e-06	5.6e-05	-3.76673e-17
-2.8e-06	5.6e-05	-2.73499e-17
0	5.6e-05	5.21105e-18
2.8e-06	5.6e-05	-6.44207e-17
5.6e-06	5.6e-05	4.0295e-17
8.4e-06	5.6e-05	4.04825e-17
1.12e-05	5.6e-05	5.84884e-18
1.4e-05	5.6e-05	-7.72149e-17
1.68e-05	5.6e-05	3.54183e-18
1.96e-05	5.6e-05	7.65193e-18
2.24e-05	5.6e-05	2.90734e-17
2.52e-05	5.6e-05	4.37566e-17
2.8e-05	5.6e-05	3.24314e-17
3.08e-05	5.6e-05	-1.91698e-16
3.36e-05	5.6e-05	3.81938e-17
3.64e-05	5.6e-05	1.46379e-17
3.92e-05	5.6e-05	5.6518e-17
4.2e-05	5.6e-05	-2.02102e-16
4.48e-05	5.6e-05	1.17644e-16
4.76e-05	5.6e-05	-3.71163e-18
5.04e-05	5.6e-05	-6.25723e-17
5.32e-05	5.6e-05	7.72277e-17

-5.32e-05	5.32e-05	-3.90297e-16
-5.04e-05	5.32e-05	-1.75458e-16
-4.76e-05	5.32e-05	-7.35935e-18
-4.48e-05	5.32e-05	-6.77119e-17
-4.2e-05	5.32e-05	1.27827e-16
-3.92e-05	5.32e-05	3.78851e-18
-3.64e-05	5.32e-05	-6.05035e-17
-3.36e-05	5.32e-05	-1.00582e-16
-3.08e-05	5.32e-05	1.55699e-17
-2.8e-05	5.32e-05	-2.95792e-18
-2.52e-05	5.32e-05	-2.77895e-18
-2.24e-05	5.32e-05	-1.94624e-17
-1.96e-05	5.32e-05	-2.80945e-16
-1.68e-05	5.32e-05	2.81812e-17
-1.4e-05	5.32e-05	-4.22495e-18
-1.12e-05	5.32e-05	-4.16666e-17
-8.4e-06	5.32e-05	-8.77972e-18
-5.6e-06	5.32e-05	-4.69101e-17
-2.8e-06	5.32e-05	-1.63861e-17
0	5.32e-05	9.81785e-19
2.8e-06	5.32e-05	-8.37484e-17
5.6e-06	5.32e-05	5.94771e-17
8.4e-06	5.32e-05	-4.78273e-17
1.12e-05	5.32e-05	-9.10993e-17
1.4e-05	5.32e-05	-3.17512e-16
1.68e-05	5.32e-05	9.17845e-17
1.96e-05	5.32e-05	-5.63151e-16
2.24e-05	5.32e-05	-2.19914e-16
2.52e-05	5.32e-05	-1.49382e-17
2.8e-05	5.32e-05	-4.67249e-17
3.08e-05	5.32e-05	4.11404e-16
3.36e-05	5.32e-05	4.10085e-17
3.64e-05	5.32e-05	-3.79241e-17
3.92e-05	5.32e-05	-7.99899e-18
4.2e-05	5.32e-05	-6.32699e-17
4.48e-05	5.32e-05	-5.11863e-18
4.76e-05	5.32e-05	1.79588e-16
5.04e-05	5.32e-05	1.99191e-16
5.32e-05	5.32e-05	8.70419e-17

-5.32e-05	5.04e-05	-6.88467e-17
-5.04e-05	5.04e-05	2.71861e-16
-4.76e-05	5.04e-05	-1.56788e-17
-4.48e-05	5.04e-05	-2.78138e-16
-4.2e-05	5.04e-05	1.73538e-16
-3.92e-05	5.04e-05	-1.19099e-16
-3.64e-05	5.04e-05	-4.01887e-17
-3.36e-05	5.04e-05	2.73801e-17
-3.08e-05	5.04e-05	5.29941e-17
-2.8e-05	5.04e-05	1.76778e-17
-2.52e-05	5.04e-05	6.49058e-17
-2.24e-05	5.04e-05	1.7228e-17
-1.96e-05	5.04e-05	1.39647e-18
-1.68e-05	5.04e-05	-5.44966e-17
-1.4e-05	5.04e-05	3.8921e-17
-1.12e-05	5.04e-05	-1.42246e-16
-8.4e-06	5.04e-05	-2.20026e-20
-5.6e-06	5.04e-05	-1.19534e-16
-2.8e-06	5.04e-05	-8.69113e-17
0	5.04e-05	-4.35444e-17
2.8e-06	5.04e-05	2.25073e-17
5.6e-06	5.04e-05	-5.81008e-19
8.4e-06	5.04e-05	-5.06729e-18
1.12e-05	5.04e-05	5.72935e-17
1.4e-05	5.04e-05	1.14413e-16
1.68e-05	5.04e-05	1.39673e-16
1.96e-05	5.04e-05	-2.13949e-16
2.24e-05	5.04e-05	-6.62021e-17
2.52e-05	5.04e-05	2.30586e-16
2.8e-05	5.04e-05	-3.2816e-16
3.08e-05	5.04e-05	-6.02264e-18
3.36e-05	5.04e-05	-3.3816e-16
3.64e-05	5.04e-05	-1.3308e-16
3.92e-05	5.04e-05	-4.63374e-16
4.2e-05	5.04e-05	-6.77692e-17
4.48e-05	5.04e-05	1.34024e-16
4.76e-05	5.04e-05	-2.25318e-16
5.04e-05	5.04e-05	-2.6883e-17
5.32e-05	5.04e-05	-3.29995e-16

-5.32e-05	4.76e-05	-4.05788e-17
-5.04e-05	4.76e-05	-1.4937e-16
-4.76e-05	4.76e-05	-4.00708e-17
-4.48e-05	4.76e-05	9.88361e-17
-4.2e-05	4.76e-05	3.85188e-16
-3.92e-05	4.76e-05	2.0595e-16
-3.64e-05	4.76e-05	-3.49706e-16
-3.36e-05	4.76e-05	9.4763e-17
-3.08e-05	4.76e-05	-9.81054e-17
-2.8e-05	4.76e-05	-4.63461e-16
-2.52e-05	4.76e-05	-4.75945e-16
-2.24e-05	4.76e-05	-7.25038e-16
-1.96e-05	4.76e-05	-1.21357e-15
-1.68e-05	4.76e-05	-1.47447e-15
-1.4e-05	4.76e-05	-1.43671e-15
-1.12e-05	4.76e-05	-1.04136e-15
-8.4e-06	4.76e-05	-8.29164e-16
-5.6e-06	4.76e-05	-5.97953e-16
-2.8e-06	4.76e-05	-1.48091e-16
0	4.76e-05	4.01637e-16
2.8e-06	4.76e-05	8.79707e-16
5.6e-06	4.76e-05	1.06102e-15
8.4e-06	4.76e-05	1.14018e-15
1.12e-05	4.76e-05	1.46563e-15
1.4e-05	4.76e-05	1.13728e-15
1.68e-05	4.76e-05	1.00254e-15
1.96e-05	4.76e-05	6.41278e-16
2.24e-05	4.76e-05	3.3623e-16
2.52e-05	4.76e-05	3.42103e-17
2.8e-05	4.76e-05	-1.04496e-17
3.08e-05	4.76e-05	2.47859e-17
3.36e-05	4.76e-05	1.43473e-16
3.64e-05	4.76e-05	-1.09523e-16
3.92e-05	4.76e-05	5.19242e-18
4.2e-05	4.76e-05	2.57173e-17
4.48e-05	4.76e-05	1.52942e-16
4.76e-05	4.76e-05	7.13169e-17
5.04e-05	4.76e-05	-1.8453e-17
5.32e-05	4.76e-05	6.12861e-17

-5.32e-05	4.48e-05	3.34561e-17
-5.04e-05	4.48e-05	-8.83441e-17
-4.76e-05	4.48e-05	1.06364e-16
-4.48e-05	4.48e-05	3.05441e-16
-4.2e-05	4.48e-05	1.46715e-16
-3.92e-05	4.48e-05	-1.69048e-16
-3.64e-05	4.48e-05	-7.68115e-17
-3.36e-05	4.48e-05	4.17736e-17
-3.08e-05	4.48e-05	-1.13363e-15
-2.8e-05	4.48e-05	-1.45419e-14
-2.52e-05	4.48e-05	-4.36481e-14
-2.24e-05	4.48e-05	-6.90424e-14
-1.96e-05	4.48e-05	-8.64852e-14
-1.68e-05	4.48e-05	-9.44263e-14
-1.4e-05	4.48e-05	-9.1943e-14
-1.12e-05	4.48e-05	-7.9352e-14
-8.4e-06	4.48e-05	-5.81028e-14
-5.6e-06	4.48e-05	-3.03958e-14
-2.8e-06	4.48e-05	7.26727e-16
0	4.48e-05	3.18521e-14
2.8e-06	4.48e-05	5.98025e-14
5.6e-06	4.48e-05	8.11225e-14
8.4e-06	4.48e-05	9.39717e-14
1.12e-05	4.48e-05	9.66553e-14
1.4e-05	4.48e-05	8.89976e-14
1.68e-05	4.48e-05	7.1989e-14
1.96e-05	4.48e-05	4.77024e-14
2.24e-05	4.48e-05	1.96757e-14
2.52e-05	4.48e-05	1.67161e-15
2.8e-05	4.48e-05	1.27643e-16
3.08e-05	4.48e-05	7.03469e-17
3.36e-05	4.48e-05	9.16774e-18
3.64e-05	4.48e-05	9.33599e-17
3.92e-05	4.48e-05	-3.95045e-17
4.2e-05	4.48e-05	-5.09177e-17
4.48e-05	4.48e-05	-4.04086e-18
4.76e-05	4.48e-05	7.74088e-17
5.04e-05	4.48e-05	8.83071e-17
5.32e-05	4.48e-05	8.99306e-17

-5.32e-05	4.2e-05	1.31402e-16
-5.04e-05	4.2e-05	1.79192e-16
-4.76e-05	4.2e-05	2.23612e-16
-4.48e-05	4.2e-05	1.21402e-16
-4.2e-05	4.2e-05	-2.04268e-16
-3.92e-05	4.2e-05	-1.10483e-16
-3.64e-05	4.2e-05	1.22169e-16
-3.36e-05	4.2e-05	-3.43637e-15
-3.08e-05	4.2e-05	-7.53639e-14
-2.8e-05	4.2e-05	-1.03605e-12
-2.52e-05	4.2e-05	-3.18047e-12
-2.24e-05	4.2e-05	-5.02158e-12
-1.96e-05	4.2e-05	-6.29716e-12
-1.68e-05	4.2e-05	-6.87472e-12
-1.4e-05	4.2e-05	-6.69543e-12
-1.12e-05	4.2e-05	-5.78027e-12
-8.4e-06	4.2e-05	-4.22951e-12
-5.6e-06	4.2e-05	-2.21157e-12
-2.8e-06	4.2e-05	5.45479e-14
0	4.2e-05	2.32303e-12
2.8e-06	4.2e-05	4.34808e-12
5.6e-06	4.2e-05	5.91022e-12
8.4e-06	4.2e-05	6.83991e-12
1.12e-05	4.2e-05	7.03738e-12
1.4e-05	4.2e-05	6.48259e-12
1.68e-05	4.2e-05	5.2408e-12
1.96e-05	4.2e-05	3.46157e-12
2.24e-05	4.2e-05	1.42094e-12
2.52e-05	4.2e-05	1.05826e-13
2.8e-05	4.2e-05	4.92149e-15
3.08e-05	4.2e-05	2.5394e-16
3.36e-05	4.2e-05	3.85048e-17
3.64e-05	4.2e-05	7.23513e-17
3.92e-05	4.2e-05	1.47549e-16
4.2e-05	4.2e-05	-7.779e-17
4.48e-05	4.2e-05	-3.88337e-17
4.76e-05	4.2e-05	6.49434e-17
5.04e-05	4.2e-05	9.83414e-18
5.32e-05	4.2e-05	5.65753e-17

-5.32e-05	3.92e-05	-9.10613e-18
-5.04e-05	3.92e-05	4.48447e-17
-4.76e-05	3.92e-05	-4.25496e-17
-4.48e-05	3.92e-05	-8.15478e-17
-4.2e-05	3.92e-05	-1.59631e-16
-3.92e-05	3.92e-05	1.07234e-16
-3.64e-05	3.92e-05	-5.62533e-15
-3.36e-05	3.92e-05	-1.80093e-13
-3.08e-05	3.92e-05	-4.5885e-12
-2.8e-05	3.92e-05	-7.4157e-11
-2.52e-05	3.92e-05	-2.31563e-10
-2.24e-05	3.92e-05	-3.65698e-10
-1.96e-05	3.92e-05	-4.58581e-10
-1.68e-05	3.92e-05	-5.0064e-10
-1.4e-05	3.92e-05	-4.8758e-10
-1.12e-05	3.92e-05	-4.2094e-10
-8.4e-06	3.92e-05	-3.08008e-10
-5.6e-06	3.92e-05	-1.61059e-10
-2.8e-06	3.92e-05	3.96296e-12
0	3.92e-05	1.69163e-10
2.8e-06	3.92e-05	3.1663e-10
5.6e-06	3.92e-05	4.30379e-10
8.4e-06	3.92e-05	4.98089e-10
1.12e-05	3.92e-05	5.12459e-10
1.4e-05	3.92e-05	4.72056e-10
1.68e-05	3.92e-05	3.81608e-10
1.96e-05	3.92e-05	2.51962e-10
2.24e-05	3.92e-05	1.02588e-10
2.52e-05	3.92e-05	6.48108e-12
2.8e-05	3.92e-05	2.56399e-13
3.08e-05	3.92e-05	8.01131e-15
3.36e-05	3.92e-05	3.00365e-16
3.64e-05	3.92e-05	4.61414e-17
3.92e-05	3.92e-05	1.24963e-16
4.2e-05	3.92e-05	1.17145e-16
4.48e-05	3.92e-05	-2.30653e-18
4.76e-05	3.92e-05	8.23611e-17
5.04e-05	3.92e-05	-4.26555e-17
5.32e-05	3.92e-05	1.32104e-16

-5.32e-05	3.64e-05	9.99293e-17
-5.04e-05	3.64e-05	-1.22351e-16
-4.76e-05	3.64e-05	1.57876e-16
-4.48e-05	3.64e-05	-1.26819e-16
-4.2e-05	3.64e-05	1.48739e-16
-3.92e-05	3.64e-05	-5.59283e-15
-3.64e-05	3.64e-05	-2.36447e-13
-3.36e-05	3.64e-05	-8.85998e-12
-3.08e-05	3.64e-05	-2.68481e-10
-2.8e-05	3.64e-05	-5.30433e-09
-2.52e-05	3.64e-05	-1.68609e-08
-2.24e-05	3.64e-05	-2.66323e-08
-1.96e-05	3.64e-05	-3.33957e-08
-1.68e-05	3.64e-05	-3.64582e-08
-1.4e-05	3.64e-05	-3.5507e-08
-1.12e-05	3.64e-05	-3.06542e-08
-8.4e-06	3.64e-05	-2.24303e-08
-5.6e-06	3.64e-05	-1.17292e-08
-2.8e-06	3.64e-05	2.8798e-10
0	3.64e-05	1.23181e-08
2.8e-06	3.64e-05	2.30569e-08
5.6e-06	3.64e-05	3.13403e-08
8.4e-06	3.64e-05	3.62709e-08
1.12e-05	3.64e-05	3.73173e-08
1.4e-05	3.64e-05	3.43747e-08
1.68e-05	3.64e-05	2.77871e-08
1.96e-05	3.64e-05	1.83407e-08
2.24e-05	3.64e-05	7.40625e-09
2.52e-05	3.64e-05	3.81351e-10
2.8e-05	3.64e-05	1.26654e-11
3.08e-05	3.64e-05	3.39081e-13
3.36e-05	3.64e-05	7.93625e-15
3.64e-05	3.64e-05	3.67844e-16
3.92e-05	3.64e-05	4.39792e-17
4.2e-05	3.64e-05	9.3528e-17
4.48e-05	3.64e-05	1.60471e-17
4.76e-05	3.64e-05	8.58488e-17
5.04e-05	3.64e-05	1.35931e-16
5.32e-05	3.64e-05	-2.2891e-18

-5.32e-05	3.36e-05	-8.31295e-17
-5.04e-05	3.36e-05	1.96312e-16
-4.76e-05	3.36e-05	-1.08239e-16
-4.48e-05	3.36e-05	7.96783e-17
-4.2e-05	3.36e-05	-3.30878e-15
-3.92e-05	3.36e-05	-1.77826e-13
-3.64e-05	3.36e-05	-8.80007e-12
-3.36e-05	3.36e-05	-3.93191e-10
-3.08e-05	3.36e-05	-1.4745e-08
-2.8e-05	3.36e-05	-3.79172e-07
-2.52e-05	3.36e-05	-1.2278e-06
-2.24e-05	3.36e-05	-1.93952e-06
-1.96e-05	3.36e-05	-2.43201e-06
-1.68e-05	3.36e-05	-2.655e-06
-1.4e-05	3.36e-05	-2.58573e-06
-1.12e-05	3.36e-05	-2.23233e-06
-8.4e-06	3.36e-05	-1.63345e-06
-5.6e-06	3.36e-05	-8.54181e-07
-2.8e-06	3.36e-05	2.0927e-08
0	3.36e-05	8.96978e-07
2.8e-06	3.36e-05	1.67899e-06
5.6e-06	3.36e-05	2.2822e-06
8.4e-06	3.36e-05	2.64126e-06
1.12e-05	3.36e-05	2.71744e-06
1.4e-05	3.36e-05	2.50314e-06
1.68e-05	3.36e-05	2.02334e-06
1.96e-05	3.36e-05	1.3351e-06
2.24e-05	3.36e-05	5.34621e-07
2.52e-05	3.36e-05	2.10718e-08
2.8e-05	3.36e-05	5.64489e-10
3.08e-05	3.36e-05	1.26586e-11
3.36e-05	3.36e-05	2.55982e-13
3.64e-05	3.36e-05	4.90026e-15
3.92e-05	3.36e-05	2.42842e-16
4.2e-05	3.36e-05	9.03745e-18
4.48e-05	3.36e-05	1.98119e-16
4.76e-05	3.36e-05	-1.07609e-17
5.04e-05	3.36e-05	9.31124e-17
5.32e-05	3.36e-05	3.6884e-17

-5.32e-05	3.08e-05	5.52042e-17
-5.04e-05	3.08e-05	7.3674e-17
-4.76e-05	3.08e-05	-2.09673e-17
-4.48e-05	3.08e-05	-1.05097e-15
-4.2e-05	3.08e-05	-7.29155e-14
-3.92e-05	3.08e-05	-4.47595e-12
-3.64e-05	3.08e-05	-2.64006e-10
-3.36e-05	3.08e-05	-1.46193e-08
-3.08e-05	3.08e-05	-7.22011e-07
-2.8e-05	3.08e-05	-2.70865e-05
-2.52e-05	3.08e-05	-8.94137e-05
-2.24e-05	3.08e-05	-0.000141248
-1.96e-05	3.08e-05	-0.000177108
-1.68e-05	3.08e-05	-0.000193346
-1.4e-05	3.08e-05	-0.0001883
-1.12e-05	3.08e-05	-0.000162565
-8.4e-06	3.08e-05	-0.000118954
-5.6e-06	3.08e-05	-6.2206e-05
-2.8e-06	3.08e-05	1.52072e-06
0	3.08e-05	6.53161e-05
2.8e-06	3.08e-05	0.000122264
5.6e-06	3.08e-05	0.00016619
8.4e-06	3.08e-05	0.000192337
1.12e-05	3.08e-05	0.000197884
1.4e-05	3.08e-05	0.000182276
1.68e-05	3.08e-05	0.000147332
1.96e-05	3.08e-05	9.71912e-05
2.24e-05	3.08e-05	3.8587e-05
2.52e-05	3.08e-05	1.03906e-06
2.8e-05	3.08e-05	2.10854e-08
3.08e-05	3.08e-05	3.80848e-10
3.36e-05	3.08e-05	6.45317e-12
3.64e-05	3.08e-05	1.05002e-13
3.92e-05	3.08e-05	1.69233e-15
4.2e-05	3.08e-05	2.17582e-16
4.48e-05	3.08e-05	1.73997e-17
4.76e-05	3.08e-05	1.62681e-16
5.04e-05	3.08e-05	-4.66575e-17
5.32e-05	3.08e-05	1.35348e-16

-5.32e-05	2.8e-05	7.95292e-17
-5.04e-05	2.8e-05	-3.85956e-18
-4.76e-05	2.8e-05	-1.02843e-16
-4.48e-05	2.8e-05	-1.33109e-14
-4.2e-05	2.8e-05	-9.67892e-13
-3.92e-05	2.8e-05	-7.02273e-11
-3.64e-05	2.8e-05	-5.09572e-09
-3.36e-05	2.8e-05	-3.69787e-07
-3.08e-05	2.8e-05	-2.68377e-05
-2.8e-05	2.8e-05	-0.00193357
-2.52e-05	2.8e-05	-0.00651204
-2.24e-05	2.8e-05	-0.0102866
-1.96e-05	2.8e-05	-0.0128977
-1.68e-05	2.8e-05	-0.0140801
-1.4e-05	2.8e-05	-0.0137126
-1.12e-05	2.8e-05	-0.0118385
-8.4e-06	2.8e-05	-0.00866263
-5.6e-06	2.8e-05	-0.00453017
-2.8e-06	2.8e-05	0.000110508
0	2.8e-05	0.00475618
2.8e-06	2.8e-05	0.00890319
5.6e-06	2.8e-05	0.012102
8.4e-06	2.8e-05	0.014006
1.12e-05	2.8e-05	0.0144099
1.4e-05	2.8e-05	0.0132732
1.68e-05	2.8e-05	0.0107282
1.96e-05	2.8e-05	0.00707554
2.24e-05	2.8e-05	0.00278472
2.52e-05	2.8e-05	3.90164e-05
2.8e-05	2.8e-05	5.35641e-07
3.08e-05	2.8e-05	7.35506e-09
3.36e-05	2.8e-05	1.01014e-10
3.64e-05	2.8e-05	1.38759e-12
3.92e-05	2.8e-05	1.91675e-14
4.2e-05	2.8e-05	2.32412e-16
4.48e-05	2.8e-05	7.30389e-17
4.76e-05	2.8e-05	-2.82631e-17
5.04e-05	2.8e-05	1.13666e-16
5.32e-05	2.8e-05	-5.43041e-17

-5.32e-05	2.52e-05	-5.93346e-17
-5.04e-05	2.52e-05	4.09724e-17
-4.76e-05	2.52e-05	-4.18404e-16
-4.48e-05	2.52e-05	-2.77321e-14
-4.2e-05	2.52e-05	-2.01758e-12
-3.92e-05	2.52e-05	-1.46696e-10
-3.64e-05	2.52e-05	-1.06664e-08
-3.36e-05	2.52e-05	-7.75578e-07
-3.08e-05	2.52e-05	-5.63943e-05
-2.8e-05	2.52e-05	-0.00405701
-2.52e-05	2.52e-05	-0.0128992
-2.24e-05	2.52e-05	-0.0202693
-1.96e-05	2.52e-05	-0.0253846
-1.68e-05	2.52e-05	-0.0277016
-1.4e-05	2.52e-05	-0.0269759
-1.12e-05	2.52e-05	-0.0232902
-8.4e-06	2.52e-05	-0.0170463
-5.6e-06	2.52e-05	-0.0089224
-2.8e-06	2.52e-05	0.000200254
0	2.52e-05	0.00933263
2.8e-06	2.52e-05	0.0174847
5.6e-06	2.52e-05	0.0237725
8.4e-06	2.52e-05	0.0275144
1.12e-05	2.52e-05	0.0283051
1.4e-05	2.52e-05	0.0260616
1.68e-05	2.52e-05	0.0210337
1.96e-05	2.52e-05	0.01378
2.24e-05	2.52e-05	0.00510564
2.52e-05	2.52e-05	7.14297e-05
2.8e-05	2.52e-05	9.81898e-07
3.08e-05	2.52e-05	1.34975e-08
3.36e-05	2.52e-05	1.85539e-10
3.64e-05	2.52e-05	2.55045e-12
3.92e-05	2.52e-05	3.51165e-14
4.2e-05	2.52e-05	4.10622e-16
4.48e-05	2.52e-05	-3.95812e-19
4.76e-05	2.52e-05	7.52697e-17
5.04e-05	2.52e-05	-6.52768e-17
5.32e-05	2.52e-05	8.6076e-18

-5.32e-05	2.24e-05	-3.83915e-17
-5.04e-05	2.24e-05	-8.53007e-17
-4.76e-05	2.24e-05	-6.18987e-16
-4.48e-05	2.24e-05	-4.23362e-14
-4.2e-05	2.24e-05	-3.07195e-12
-3.92e-05	2.24e-05	-2.23418e-10
-3.64e-05	2.24e-05	-1.62488e-08
-3.36e-05	2.24e-05	-1.18174e-06
-3.08e-05	2.24e-05	-8.5946e-05
-2.8e-05	2.24e-05	-0.00617615
-2.52e-05	2.24e-05	-0.0190957
-2.24e-05	2.24e-05	-0.029894
-1.96e-05	2.24e-05	-0.0373975
-1.68e-05	2.24e-05	-0.0407951
-1.4e-05	2.24e-05	-0.0397221
-1.12e-05	2.24e-05	-0.0342978
-8.4e-06	2.24e-05	-0.0251126
-5.6e-06	2.24e-05	-0.0131633
-2.8e-06	2.24e-05	0.000254465
0	2.24e-05	0.0136864
2.8e-06	2.24e-05	0.0256766
5.6e-06	2.24e-05	0.0349247
8.4e-06	2.24e-05	0.0404272
1.12e-05	2.24e-05	0.041586
1.4e-05	2.24e-05	0.0382749
1.68e-05	2.24e-05	0.0308536
1.96e-05	2.24e-05	0.0201289
2.24e-05	2.24e-05	0.00726132
2.52e-05	2.24e-05	0.000101493
2.8e-05	2.24e-05	1.39536e-06
3.08e-05	2.24e-05	1.91838e-08
3.36e-05	2.24e-05	2.63745e-10
3.64e-05	2.24e-05	3.62609e-12
3.92e-05	2.24e-05	4.98484e-14
4.2e-05	2.24e-05	7.71869e-16
4.48e-05	2.24e-05	6.90009e-17
4.76e-05	2.24e-05	2.22139e-17
5.04e-05	2.24e-05	3.89673e-17
5.32e-05	2.24e-05	-1.31428e-16

-5.32e-05	1.96e-05	-5.61826e-17
-5.04e-05	1.96e-05	1.12584e-17
-4.76e-05	1.96e-05	-7.88612e-16
-4.48e-05	1.96e-05	-5.60403e-14
-4.2e-05	1.96e-05	-4.08067e-12
-3.92e-05	1.96e-05	-2.96796e-10
-3.64e-05	1.96e-05	-2.15864e-08
-3.36e-05	1.96e-05	-1.57001e-06
-3.08e-05	1.96e-05	-0.000114189
-2.8e-05	1.96e-05	-0.00820029
-2.52e-05	1.96e-05	-0.0249521
-2.24e-05	1.96e-05	-0.03896
-1.96e-05	1.96e-05	-0.0486956
-1.68e-05	1.96e-05	-0.0531007
-1.4e-05	1.96e-05	-0.0516992
-1.12e-05	1.96e-05	-0.0446453
-8.4e-06	1.96e-05	-0.0327058
-5.6e-06	1.96e-05	-0.0171758
-2.8e-06	1.96e-05	0.000261691
0	1.96e-05	0.0177177
2.8e-06	1.96e-05	0.0333007
5.6e-06	1.96e-05	0.0453207
8.4e-06	1.96e-05	0.0524724
1.12e-05	1.96e-05	0.0539762
1.4e-05	1.96e-05	0.0496645
1.68e-05	1.96e-05	0.04
1.96e-05	1.96e-05	0.0260261
2.24e-05	1.96e-05	0.00925111
2.52e-05	1.96e-05	0.000129232
2.8e-05	1.96e-05	1.77677e-06
3.08e-05	1.96e-05	2.44282e-08
3.36e-05	1.96e-05	3.35854e-10
3.64e-05	1.96e-05	4.61752e-12
3.92e-05	1.96e-05	6.34638e-14
4.2e-05	1.96e-05	9.48918e-16
4.48e-05	1.96e-05	2.74922e-17
4.76e-05	1.96e-05	5.88963e-17
5.04e-05	1.96e-05	-7.34944e-17
5.32e-05	1.96e-05	1.26041e-16

-5.32e-05	1.68e-05	2.49618e-17
-5.04e-05	1.68e-05	4.11769e-17
-4.76e-05	1.68e-05	-9.53121e-16
-4.48e-05	1.68e-05	-6.88599e-14
-4.2e-05	1.68e-05	-5.01497e-12
-3.92e-05	1.68e-05	-3.6475e-10
-3.64e-05	1.68e-05	-2.65291e-08
-3.36e-05	1.68e-05	-1.92952e-06
-3.08e-05	1.68e-05	-0.000140339
-2.8e-05	1.68e-05	-0.0100738
-2.52e-05	1.68e-05	-0.0303359
-2.24e-05	1.68e-05	-0.0472764
-1.96e-05	1.68e-05	-0.0590471
-1.68e-05	1.68e-05	-0.0643682
-1.4e-05	1.68e-05	-0.0626643
-1.12e-05	1.68e-05	-0.0541234
-8.4e-06	1.68e-05	-0.0396737
-5.6e-06	1.68e-05	-0.020882
-2.8e-06	1.68e-05	0.000216714
0	1.68e-05	0.0213382
2.8e-06	1.68e-05	0.0401951
5.6e-06	1.68e-05	0.0547432
8.4e-06	1.68e-05	0.0634015
1.12e-05	1.68e-05	0.0652244
1.4e-05	1.68e-05	0.0600049
1.68e-05	1.68e-05	0.0482995
1.96e-05	1.68e-05	0.0313696
2.24e-05	1.68e-05	0.0110446
2.52e-05	1.68e-05	0.000154229
2.8e-05	1.68e-05	2.12046e-06
3.08e-05	1.68e-05	2.91538e-08
3.36e-05	1.68e-05	4.0083e-10
3.64e-05	1.68e-05	5.51089e-12
3.92e-05	1.68e-05	7.58532e-14
4.2e-05	1.68e-05	1.02178e-15
4.48e-05	1.68e-05	6.91959e-17
4.76e-05	1.68e-05	-3.63768e-17
5.04e-05	1.68e-05	1.45913e-16
5.32e-05	1.68e-05	3.32351e-17

-5.32e-05	1.4e-05	2.05449e-17
-5.04e-05	1.4e-05	-7.31981e-17
-4.76e-05	1.4e-05	-1.06602e-15
-4.48e-05	1.4e-05	-8.05194e-14
-4.2e-05	1.4e-05	-5.85293e-12
-3.92e-05	1.4e-05	-4.257e-10
-3.64e-05	1.4e-05	-3.09623e-08
-3.36e-05	1.4e-05	-2.25197e-06
-3.08e-05	1.4e-05	-0.000163792
-2.8e-05	1.4e-05	-0.0117537
-2.52e-05	1.4e-05	-0.035131
-2.24e-05	1.4e-05	-0.0546684
-1.96e-05	1.4e-05	-0.0682368
-1.68e-05	1.4e-05	-0.0743635
-1.4e-05	1.4e-05	-0.072389
-1.12e-05	1.4e-05	-0.0625336
-8.4e-06	1.4e-05	-0.0458696
-5.6e-06	1.4e-05	-0.0242032
-2.8e-06	1.4e-05	0.000121004
0	1.4e-05	0.0244726
2.8e-06	1.4e-05	0.0462172
5.6e-06	1.4e-05	0.0629987
8.4e-06	1.4e-05	0.0729935
1.12e-05	1.4e-05	0.0751073
1.4e-05	1.4e-05	0.0690964
1.68e-05	1.4e-05	0.0555977
1.96e-05	1.4e-05	0.0360644
2.24e-05	1.4e-05	0.0126111
2.52e-05	1.4e-05	0.000176056
2.8e-05	1.4e-05	2.42058e-06
3.08e-05	1.4e-05	3.32802e-08
3.36e-05	1.4e-05	4.57566e-10
3.64e-05	1.4e-05	6.29118e-12
3.92e-05	1.4e-05	8.64356e-14
4.2e-05	1.4e-05	1.29339e-15
4.48e-05	1.4e-05	-2.59425e-17
4.76e-05	1.4e-05	1.53937e-16
5.04e-05	1.4e-05	3.69938e-17
5.32e-05	1.4e-05	7.41209e-17

-5.32e-05	1.12e-05	6.03432e-17
-5.04e-05	1.12e-05	-1.38428e-17
-4.76e-05	1.12e-05	-1.28187e-15
-4.48e-05	1.12e-05	-9.03837e-14
-4.2e-05	1.12e-05	-6.57675e-12
-3.92e-05	1.12e-05	-4.78346e-10
-3.64e-05	1.12e-05	-3.47914e-08
-3.36e-05	1.12e-05	-2.53047e-06
-3.08e-05	1.12e-05	-0.000184048
-2.8e-05	1.12e-05	-0.0132041
-2.52e-05	1.12e-05	-0.0392376
-2.24e-05	1.12e-05	-0.0609826
-1.96e-05	1.12e-05	-0.0760721
-1.68e-05	1.12e-05	-0.0828742
-1.4e-05	1.12e-05	-0.0806634
-1.12e-05	1.12e-05	-0.0696915
-8.4e-06	1.12e-05	-0.0511551
-5.6e-06	1.12e-05	-0.0270626
-2.8e-06	1.12e-05	-1.76913e-05
0	1.12e-05	0.0270596
2.8e-06	1.12e-05	0.0512447
5.6e-06	1.12e-05	0.0699203
8.4e-06	1.12e-05	0.0810573
1.12e-05	1.12e-05	0.0834333
1.4e-05	1.12e-05	0.0767689
1.68e-05	1.12e-05	0.0617639
1.96e-05	1.12e-05	0.0400303
2.24e-05	1.12e-05	0.0139248
2.52e-05	1.12e-05	0.000194356
2.8e-05	1.12e-05	2.6722e-06
3.08e-05	1.12e-05	3.67401e-08
3.36e-05	1.12e-05	5.0514e-10
3.64e-05	1.12e-05	6.94511e-12
3.92e-05	1.12e-05	9.56012e-14
4.2e-05	1.12e-05	1.23572e-15
4.48e-05	1.12e-05	9.35485e-17
4.76e-05	1.12e-05	-4.56997e-17
5.04e-05	1.12e-05	1.0154e-16
5.32e-05	1.12e-05	-2.07441e-17

-5.32e-05	8.4e-06	-2.31195e-17
-5.04e-05	8.4e-06	3.81174e-17
-4.76e-05	8.4e-06	-1.3482e-15
-4.48e-05	8.4e-06	-9.87411e-14
-4.2e-05	8.4e-06	-7.17224e-12
-3.92e-05	8.4e-06	-5.21644e-10
-3.64e-05	8.4e-06	-3.79404e-08
-3.36e-05	8.4e-06	-2.7595e-06
-3.08e-05	8.4e-06	-0.000200705
-2.8e-05	8.4e-06	-0.0143962
-2.52e-05	8.4e-06	-0.0425749
-2.24e-05	8.4e-06	-0.0660914
-1.96e-05	8.4e-06	-0.0823889
-1.68e-05	8.4e-06	-0.0897153
-1.4e-05	8.4e-06	-0.087301
-1.12e-05	8.4e-06	-0.0754306
-8.4e-06	8.4e-06	-0.0554025
-5.6e-06	8.4e-06	-0.0293858
-2.8e-06	8.4e-06	-0.000186519
0	8.4e-06	0.0290507
2.8e-06	8.4e-06	0.0551759
5.6e-06	8.4e-06	0.0753677
8.4e-06	8.4e-06	0.0874335
1.12e-05	8.4e-06	0.090045
1.4e-05	8.4e-06	0.0828863
1.68e-05	8.4e-06	0.0666971
1.96e-05	8.4e-06	0.043208
2.24e-05	8.4e-06	0.0149681
2.52e-05	8.4e-06	0.000208885
2.8e-05	8.4e-06	2.872e-06
3.08e-05	8.4e-06	3.94878e-08
3.36e-05	8.4e-06	5.42926e-10
3.64e-05	8.4e-06	7.46512e-12
3.92e-05	8.4e-06	1.02646e-13
4.2e-05	8.4e-06	1.63306e-15
4.48e-05	8.4e-06	-2.23907e-17
4.76e-05	8.4e-06	1.41565e-16
5.04e-05	8.4e-06	-2.41547e-18
5.32e-05	8.4e-06	1.53518e-16

-5.32e-05	5.6e-06	1.70662e-16
-5.04e-05	5.6e-06	-1.65106e-16
-4.76e-05	5.6e-06	-1.71469e-15
-4.48e-05	5.6e-06	-1.09233e-13
-4.2e-05	5.6e-06	-7.6426e-12
-3.92e-05	5.6e-06	-5.54882e-10
-3.64e-05	5.6e-06	-4.03558e-08
-3.36e-05	5.6e-06	-2.93514e-06
-3.08e-05	5.6e-06	-0.000213478
-2.8e-05	5.6e-06	-0.0153097
-2.52e-05	5.6e-06	-0.0450865
-2.24e-05	5.6e-06	-0.0698996
-1.96e-05	5.6e-06	-0.0870567
-1.68e-05	5.6e-06	-0.0947323
-1.4e-05	5.6e-06	-0.0921415
-1.12e-05	5.6e-06	-0.079604
-8.4e-06	5.6e-06	-0.0584971
-5.6e-06	5.6e-06	-0.0311037
-2.8e-06	5.6e-06	-0.000369232
0	5.6e-06	0.0304091
2.8e-06	5.6e-06	0.0579282
5.6e-06	5.6e-06	0.079226
8.4e-06	5.6e-06	0.0919934
1.12e-05	5.6e-06	0.09482
1.4e-05	5.6e-06	0.0873498
1.68e-05	5.6e-06	0.0703327
1.96e-05	5.6e-06	0.045567
2.24e-05	5.6e-06	0.0157356
2.52e-05	5.6e-06	0.000219571
2.8e-05	5.6e-06	3.01901e-06
3.08e-05	5.6e-06	4.15102e-08
3.36e-05	5.6e-06	5.70776e-10
3.64e-05	5.6e-06	7.86557e-12
3.92e-05	5.6e-06	1.1804e-13
4.2e-05	5.6e-06	5.20132e-15
4.48e-05	5.6e-06	4.91583e-16
4.76e-05	5.6e-06	-3.64791e-17
5.04e-05	5.6e-06	1.79926e-16
5.32e-05	5.6e-06	6.50419e-17

-5.32e-05	2.8e-06	-8.82055e-17
-5.04e-05	2.8e-06	-8.61201e-16
-4.76e-05	2.8e-06	-2.41546e-14
-4.48e-05	2.8e-06	-4.21857e-13
-4.2e-05	2.8e-06	-8.94863e-12
-3.92e-05	2.8e-06	-5.79569e-10
-3.64e-05	2.8e-06	-4.20188e-08
-3.36e-05	2.8e-06	-3.05582e-06
-3.08e-05	2.8e-06	-0.00022225
-2.8e-05	2.8e-06	-0.0159361
-2.52e-05	2.8e-06	-0.0467499
-2.24e-05	2.8e-06	-0.0723536
-1.96e-05	2.8e-06	-0.0899841
-1.68e-05	2.8e-06	-0.0978044
-1.4e-05	2.8e-06	-0.0950515
-1.12e-05	2.8e-06	-0.0820856
-8.4e-06	2.8e-06	-0.0603377
-5.6e-06	2.8e-06	-0.0321534
-2.8e-06	2.8e-06	-0.000548195
0	2.8e-06	0.0311069
2.8e-06	2.8e-06	0.0594347
5.6e-06	2.8e-06	0.0814023
8.4e-06	2.8e-06	0.0946359
1.12e-05	2.8e-06	0.097669
1.4e-05	2.8e-06	0.0901005
1.68e-05	2.8e-06	0.0726508
1.96e-05	2.8e-06	0.0471179
2.24e-05	2.8e-06	0.0162423
2.52e-05	2.8e-06	0.000226633
2.8e-05	2.8e-06	3.1163e-06
3.08e-05	2.8e-06	4.28535e-08
3.36e-05	2.8e-06	5.91318e-10
3.64e-05	2.8e-06	9.41397e-12
3.92e-05	2.8e-06	8.39179e-13
4.2e-05	2.8e-06	2.73614e-13
4.48e-05	2.8e-06	2.0057e-14
4.76e-05	2.8e-06	9.06249e-16
5.04e-05	2.8e-06	4.28978e-17
5.32e-05	2.8e-06	2.14319e-17

-5.32e-05	0	-1.46623e-15
-5.04e-05	0	-5.3878e-14
-4.76e-05	0	-1.37767e-12
-4.48e-05	0	-2.24542e-11
-4.2e-05	0	-8.10718e-11
-3.92e-05	0	-7.26734e-10
-3.64e-05	0	-4.31784e-08
-3.36e-05	0	-3.12426e-06
-3.08e-05	0	-0.000227189
-2.8e-05	0	-0.0162872
-2.52e-05	0	-0.047597
-2.24e-05	0	-0.0734544
-1.96e-05	0	-0.0911225
-1.68e-05	0	-0.0988424
-1.4e-05	0	-0.0959218
-1.12e-05	0	-0.0827683
-8.4e-06	0	-0.0608368
-5.6e-06	0	-0.0324794
-2.8e-06	0	-0.000706379
0	0	0.0311222
2.8e-06	0	0.0596402
5.6e-06	0	0.0818196
8.4e-06	0	0.09528
1.12e-05	0	0.0985299
1.4e-05	0	0.0911182
1.68e-05	0	0.0736872
1.96e-05	0	0.0479379
2.24e-05	0	0.0165458
2.52e-05	0	0.000230902
2.8e-05	0	3.17587e-06
3.08e-05	0	4.39103e-08
3.36e-05	0	7.53634e-10
3.64e-05	0	1.03445e-10
3.92e-05	0	5.29102e-11
4.2e-05	0	1.95716e-11
4.48e-05	0	1.22713e-12
4.76e-05	0	4.83751e-14
5.04e-05	0	1.61435e-15
5.32e-05	0	-1.56478e-17

-5.32e-05	-2.8e-06	-7.05304e-14
-5.04e-05	-2.8e-06	-2.6492e-12
-4.76e-05	-2.8e-06	-8.04344e-11
-4.48e-05	-2.8e-06	-1.59506e-09
-4.2e-05	-2.8e-06	-5.3001e-09
-3.92e-05	-2.8e-06	-1.04675e-08
-3.64e-05	-2.8e-06	-5.95817e-08
-3.36e-05	-2.8e-06	-3.17769e-06
-3.08e-05	-2.8e-06	-0.000229189
-2.8e-05	-2.8e-06	-0.0164224
-2.52e-05	-2.8e-06	-0.0477614
-2.24e-05	-2.8e-06	-0.0732759
-1.96e-05	-2.8e-06	-0.090463
-1.68e-05	-2.8e-06	-0.0977797
-1.4e-05	-2.8e-06	-0.0946605
-1.12e-05	-2.8e-06	-0.08156
-8.4e-06	-2.8e-06	-0.0599196
-5.6e-06	-2.8e-06	-0.0320345
-2.8e-06	-2.8e-06	-0.000829072
0	-2.8e-06	0.0304365
2.8e-06	-2.8e-06	0.0584963
5.6e-06	-2.8e-06	0.080409
8.4e-06	-2.8e-06	0.0938527
1.12e-05	-2.8e-06	0.0973515
1.4e-05	-2.8e-06	0.0904099
1.68e-05	-2.8e-06	0.0735432
1.96e-05	-2.8e-06	0.0482215
2.24e-05	-2.8e-06	0.016814
2.52e-05	-2.8e-06	0.000234946
2.8e-05	-2.8e-06	3.26024e-06
3.08e-05	-2.8e-06	6.18036e-08
3.36e-05	-2.8e-06	1.17116e-08
3.64e-05	-2.8e-06	6.91418e-09
3.92e-05	-2.8e-06	3.82995e-09
4.2e-05	-2.8e-06	1.40812e-09
4.48e-05	-2.8e-06	7.205e-11
4.76e-05	-2.8e-06	2.38615e-12
5.04e-05	-2.8e-06	6.37422e-14
5.32e-05	-2.8e-06	6.66172e-16

-5.32e-05	-5.6e-06	-2.62372e-12
-5.04e-05	-5.6e-06	-1.17416e-10
-4.76e-05	-5.6e-06	-4.41151e-09
-4.48e-05	-5.6e-06	-1.13791e-07
-4.2e-05	-5.6e-06	-3.83916e-07
-3.92e-05	-5.6e-06	-7.16597e-07
-3.64e-05	-5.6e-06	-1.22102e-06
-3.36e-05	-5.6e-06	-5.08613e-06
-3.08e-05	-5.6e-06	-0.0002347
-2.8e-05	-5.6e-06	-0.0165844
-2.52e-05	-5.6e-06	-0.0475935
-2.24e-05	-5.6e-06	-0.0719793
-1.96e-05	-5.6e-06	-0.0880131
-1.68e-05	-5.6e-06	-0.0945487
-1.4e-05	-5.6e-06	-0.0911785
-1.12e-05	-5.6e-06	-0.0783784
-8.4e-06	-5.6e-06	-0.0575233
-5.6e-06	-5.6e-06	-0.0307804
-2.8e-06	-5.6e-06	-0.000905071
0	-5.6e-06	0.0290331
2.8e-06	-5.6e-06	0.0559592
5.6e-06	-5.6e-06	0.0771026
8.4e-06	-5.6e-06	0.0902723
1.12e-05	-5.6e-06	0.0940645
1.4e-05	-5.6e-06	0.0879727
1.68e-05	-5.6e-06	0.0723743
1.96e-05	-5.6e-06	0.0483748
2.24e-05	-5.6e-06	0.0175606
2.52e-05	-5.6e-06	0.000253031
2.8e-05	-5.6e-06	5.44307e-06
3.08e-05	-5.6e-06	1.30253e-06
3.36e-05	-5.6e-06	8.05702e-07
3.64e-05	-5.6e-06	5.0103e-07
3.92e-05	-5.6e-06	2.77825e-07
4.2e-05	-5.6e-06	1.01303e-07
4.48e-05	-5.6e-06	3.97234e-09
4.76e-05	-5.6e-06	1.06134e-10
5.04e-05	-5.6e-06	2.37497e-12
5.32e-05	-5.6e-06	2.63217e-14

-5.32e-05	-8.4e-06	-7.85275e-11
-5.04e-05	-8.4e-06	-4.35736e-09
-4.76e-05	-8.4e-06	-2.1567e-07
-4.48e-05	-8.4e-06	-8.11331e-06
-4.2e-05	-8.4e-06	-2.78532e-05
-3.92e-05	-8.4e-06	-5.19336e-05
-3.64e-05	-8.4e-06	-8.53803e-05
-3.36e-05	-8.4e-06	-0.000140972
-3.08e-05	-8.4e-06	-0.000476753
-2.8e-05	-8.4e-06	-0.0181358
-2.52e-05	-8.4e-06	-0.047914
-2.24e-05	-8.4e-06	-0.0697564
-1.96e-05	-8.4e-06	-0.0837162
-1.68e-05	-8.4e-06	-0.0890358
-1.4e-05	-8.4e-06	-0.0853732
-1.12e-05	-8.4e-06	-0.0731485
-8.4e-06	-8.4e-06	-0.0535997
-5.6e-06	-8.4e-06	-0.0286912
-2.8e-06	-8.4e-06	-0.000927268
0	-8.4e-06	0.0268995
2.8e-06	-8.4e-06	0.0519915
5.6e-06	-8.4e-06	0.071831
8.4e-06	-8.4e-06	0.084433
1.12e-05	-8.4e-06	0.0885363
1.4e-05	-8.4e-06	0.083702
1.68e-05	-8.4e-06	0.0702772
1.96e-05	-8.4e-06	0.0491073
2.24e-05	-8.4e-06	0.0205427
2.52e-05	-8.4e-06	0.000639638
2.8e-05	-8.4e-06	0.00014915
3.08e-05	-8.4e-06	9.10231e-05
3.36e-05	-8.4e-06	5.83923e-05
3.64e-05	-8.4e-06	3.635e-05
3.92e-05	-8.4e-06	2.01548e-05
4.2e-05	-8.4e-06	7.28684e-06
4.48e-05	-8.4e-06	1.95359e-07
4.76e-05	-8.4e-06	3.95394e-09
5.04e-05	-8.4e-06	7.12555e-11
5.32e-05	-8.4e-06	9.20856e-13

-5.32e-05	-1.12e-05	-1.50681e-09
-5.04e-05	-1.12e-05	-1.09746e-07
-4.76e-05	-1.12e-05	-7.99423e-06
-4.48e-05	-1.12e-05	-0.0005781
-4.2e-05	-1.12e-05	-0.00202095
-3.92e-05	-1.12e-05	-0.00376688
-3.64e-05	-1.12e-05	-0.00618607
-3.36e-05	-1.12e-05	-0.00996715
-3.08e-05	-1.12e-05	-0.0167421
-2.8e-05	-1.12e-05	-0.0309333
-2.52e-05	-1.12e-05	-0.0499941
-2.24e-05	-1.12e-05	-0.0664242
-1.96e-05	-1.12e-05	-0.0772682
-1.68e-05	-1.12e-05	-0.0810282
-1.4e-05	-1.12e-05	-0.0771251
-1.12e-05	-1.12e-05	-0.0658138
-8.4e-06	-1.12e-05	-0.0481266
-5.6e-06	-1.12e-05	-0.0257591
-2.8e-06	-1.12e-05	-0.000892723
0	-1.12e-05	0.0240331
2.8e-06	-1.12e-05	0.0465744
5.6e-06	-1.12e-05	0.0645378
8.4e-06	-1.12e-05	0.0762088
1.12e-05	-1.12e-05	0.080533
1.4e-05	-1.12e-05	0.0772325
1.68e-05	-1.12e-05	0.0668664
1.96e-05	-1.12e-05	0.0509042
2.24e-05	-1.12e-05	0.0321741
2.52e-05	-1.12e-05	0.0174026
2.8e-05	-1.12e-05	0.0104094
3.08e-05	-1.12e-05	0.00659303
3.36e-05	-1.12e-05	0.00423529
3.64e-05	-1.12e-05	0.00263727
3.92e-05	-1.12e-05	0.00146219
4.2e-05	-1.12e-05	0.000524071
4.48e-05	-1.12e-05	7.30381e-06
4.76e-05	-1.12e-05	9.99289e-08
5.04e-05	-1.12e-05	1.36746e-09
5.32e-05	-1.12e-05	1.81995e-11

-5.32e-05	-1.4e-05	-2.75343e-09
-5.04e-05	-1.4e-05	-2.00897e-07
-4.76e-05	-1.4e-05	-1.4658e-05
-4.48e-05	-1.4e-05	-0.00105764
-4.2e-05	-1.4e-05	-0.00345045
-3.92e-05	-1.4e-05	-0.00632302
-3.64e-05	-1.4e-05	-0.0101275
-3.36e-05	-1.4e-05	-0.0155146
-3.08e-05	-1.4e-05	-0.0234331
-2.8e-05	-1.4e-05	-0.0348737
-2.52e-05	-1.4e-05	-0.0482607
-2.24e-05	-1.4e-05	-0.0601156
-1.96e-05	-1.4e-05	-0.0679441
-1.68e-05	-1.4e-05	-0.0702391
-1.4e-05	-1.4e-05	-0.0663434
-1.12e-05	-1.4e-05	-0.0563713
-8.4e-06	-1.4e-05	-0.04113
-5.6e-06	-1.4e-05	-0.0220056
-2.8e-06	-1.4e-05	-0.000802502
0	-1.4e-05	0.0204532
2.8e-06	-1.4e-05	0.0397318
5.6e-06	-1.4e-05	0.0552177
8.4e-06	-1.4e-05	0.065508
1.12e-05	-1.4e-05	0.0697733
1.4e-05	-1.4e-05	0.0678732
1.68e-05	-1.4e-05	0.0604321
1.96e-05	-1.4e-05	0.0489075
2.24e-05	-1.4e-05	0.0356996
2.52e-05	-1.4e-05	0.024144
2.8e-05	-1.4e-05	0.0161509
3.08e-05	-1.4e-05	0.0107866
3.36e-05	-1.4e-05	0.00710653
3.64e-05	-1.4e-05	0.00447529
3.92e-05	-1.4e-05	0.00247879
4.2e-05	-1.4e-05	0.000830278
4.48e-05	-1.4e-05	1.15491e-05
4.76e-05	-1.4e-05	1.58233e-07
5.04e-05	-1.4e-05	2.16792e-09
5.32e-05	-1.4e-05	2.9078e-11

-5.32e-05	-1.68e-05	-3.31466e-09
-5.04e-05	-1.68e-05	-2.41831e-07
-4.76e-05	-1.68e-05	-1.76452e-05
-4.48e-05	-1.68e-05	-0.00127058
-4.2e-05	-1.68e-05	-0.0039554
-3.92e-05	-1.68e-05	-0.0071322
-3.64e-05	-1.68e-05	-0.0111807
-3.36e-05	-1.68e-05	-0.0165309
-3.08e-05	-1.68e-05	-0.0235815
-2.8e-05	-1.68e-05	-0.0323723
-2.52e-05	-1.68e-05	-0.0418384
-2.24e-05	-1.68e-05	-0.0500844
-1.96e-05	-1.68e-05	-0.0553953
-1.68e-05	-1.68e-05	-0.0565865
-1.4e-05	-1.68e-05	-0.0530864
-1.12e-05	-1.68e-05	-0.0449314
-8.4e-06	-1.68e-05	-0.0327148
-5.6e-06	-1.68e-05	-0.0174941
-2.8e-06	-1.68e-05	-0.000661465
0	-1.68e-05	0.016214
2.8e-06	-1.68e-05	0.0315601
5.6e-06	-1.68e-05	0.0439755
8.4e-06	-1.68e-05	0.052388
1.12e-05	-1.68e-05	0.056185
1.4e-05	-1.68e-05	0.0553057
1.68e-05	-1.68e-05	0.0502916
1.96e-05	-1.68e-05	0.0422897
2.24e-05	-1.68e-05	0.0329709
2.52e-05	-1.68e-05	0.0242107
2.8e-05	-1.68e-05	0.0171819
3.08e-05	-1.68e-05	0.0119053
3.36e-05	-1.68e-05	0.00801294
3.64e-05	-1.68e-05	0.0051017
3.92e-05	-1.68e-05	0.00282787
4.2e-05	-1.68e-05	0.0009091
4.48e-05	-1.68e-05	1.26258e-05
4.76e-05	-1.68e-05	1.73044e-07
5.04e-05	-1.68e-05	2.37184e-09
5.32e-05	-1.68e-05	3.18645e-11

-5.32e-05	-1.96e-05	-3.0645e-09
-5.04e-05	-1.96e-05	-2.2185e-07
-4.76e-05	-1.96e-05	-1.61712e-05
-4.48e-05	-1.96e-05	-0.00116211
-4.2e-05	-1.96e-05	-0.00345853
-3.92e-05	-1.96e-05	-0.00615028
-3.64e-05	-1.96e-05	-0.00949113
-3.36e-05	-1.96e-05	-0.0137158
-3.08e-05	-1.96e-05	-0.01895
-2.8e-05	-1.96e-05	-0.0250227
-2.52e-05	-1.96e-05	-0.0312431
-2.24e-05	-1.96e-05	-0.0365321
-1.96e-05	-1.96e-05	-0.0398257
-1.68e-05	-1.96e-05	-0.0403312
-1.4e-05	-1.96e-05	-0.0376411
-1.12e-05	-1.96e-05	-0.0317614
-8.4e-06	-1.96e-05	-0.0230868
-5.6e-06	-1.96e-05	-0.0123395
-2.8e-06	-1.96e-05	-0.000478
0	-1.96e-05	0.0114141
2.8e-06	-1.96e-05	0.0222511
5.6e-06	-1.96e-05	0.0310676
8.4e-06	-1.96e-05	0.0371306
1.12e-05	-1.96e-05	0.0400307
1.4e-05	-1.96e-05	0.0397438
1.68e-05	-1.96e-05	0.0366562
1.96e-05	-1.96e-05	0.0315376
2.24e-05	-1.96e-05	0.0254336
2.52e-05	-1.96e-05	0.0194251
2.8e-05	-1.96e-05	0.0142458
3.08e-05	-1.96e-05	0.0101053
3.36e-05	-1.96e-05	0.00690529
3.64e-05	-1.96e-05	0.00443309
3.92e-05	-1.96e-05	0.00245737
4.2e-05	-1.96e-05	0.000759542
4.48e-05	-1.96e-05	1.05349e-05
4.76e-05	-1.96e-05	1.44579e-07
5.04e-05	-1.96e-05	1.99681e-09
5.32e-05	-1.96e-05	2.40776e-11

-5.32e-05	-2.24e-05	-3.7917e-09
-5.04e-05	-2.24e-05	-1.62084e-07
-4.76e-05	-2.24e-05	-1.0733e-05
-4.48e-05	-2.24e-05	-0.00076037
-4.2e-05	-2.24e-05	-0.0021205
-3.92e-05	-2.24e-05	-0.00372646
-3.64e-05	-2.24e-05	-0.00569424
-3.36e-05	-2.24e-05	-0.00812329
-3.08e-05	-2.24e-05	-0.0110371
-2.8e-05	-2.24e-05	-0.0143001
-2.52e-05	-2.24e-05	-0.0175517
-2.24e-05	-2.24e-05	-0.0202663
-1.96e-05	-2.24e-05	-0.0219105
-1.68e-05	-2.24e-05	-0.0220725
-1.4e-05	-2.24e-05	-0.0205336
-1.12e-05	-2.24e-05	-0.0172921
-8.4e-06	-2.24e-05	-0.0125555
-5.6e-06	-2.24e-05	-0.00670835
-2.8e-06	-2.24e-05	-0.00026356
0	-2.24e-05	0.00619801
2.8e-06	-2.24e-05	0.0120943
5.6e-06	-2.24e-05	0.0169084
8.4e-06	-2.24e-05	0.0202499
1.12e-05	-2.24e-05	0.0219031
1.4e-05	-2.24e-05	0.0218596
1.68e-05	-2.24e-05	0.0203268
1.96e-05	-2.24e-05	0.0177056
2.24e-05	-2.24e-05	0.0145224
2.52e-05	-2.24e-05	0.0113062
2.8e-05	-2.24e-05	0.00843459
3.08e-05	-2.24e-05	0.00606211
3.36e-05	-2.24e-05	0.00417976
3.64e-05	-2.24e-05	0.00269654
3.92e-05	-2.24e-05	0.00149221
4.2e-05	-2.24e-05	0.000437308
4.48e-05	-2.24e-05	6.17656e-06
4.76e-05	-2.24e-05	9.39667e-08
5.04e-05	-2.24e-05	2.24045e-09
5.32e-05	-2.24e-05	-2.88593e-11

-5.32e-05	-2.52e-05	-1.17993e-07
-5.04e-05	-2.52e-05	-1.15336e-06
-4.76e-05	-2.52e-05	-1.12502e-05
-4.48e-05	-2.52e-05	-0.00010166
-4.2e-05	-2.52e-05	-0.00026331
-3.92e-05	-2.52e-05	-0.000460483
-3.64e-05	-2.52e-05	-0.000702068
-3.36e-05	-2.52e-05	-0.000998841
-3.08e-05	-2.52e-05	-0.00135245
-2.8e-05	-2.52e-05	-0.00174548
-2.52e-05	-2.52e-05	-0.0021348
-2.24e-05	-2.52e-05	-0.0024584
-1.96e-05	-2.52e-05	-0.00265305
-1.68e-05	-2.52e-05	-0.00266958
-1.4e-05	-2.52e-05	-0.00248165
-1.12e-05	-2.52e-05	-0.00208897
-8.4e-06	-2.52e-05	-0.00151639
-5.6e-06	-2.52e-05	-0.000810131
-2.8e-06	-2.52e-05	-3.19275e-05
0	-2.52e-05	0.000748306
2.8e-06	-2.52e-05	0.00146049
5.6e-06	-2.52e-05	0.00204246
8.4e-06	-2.52e-05	0.00244723
1.12e-05	-2.52e-05	0.00264896
1.4e-05	-2.52e-05	0.00264673
1.68e-05	-2.52e-05	0.00246553
1.96e-05	-2.52e-05	0.00215324
2.24e-05	-2.52e-05	0.00177233
2.52e-05	-2.52e-05	0.00138523
2.8e-05	-2.52e-05	0.00103706
3.08e-05	-2.52e-05	0.000747402
3.36e-05	-2.52e-05	0.000516308
3.64e-05	-2.52e-05	0.000333515
3.92e-05	-2.52e-05	0.000185275
4.2e-05	-2.52e-05	6.18559e-05
4.48e-05	-2.52e-05	6.81337e-06
4.76e-05	-2.52e-05	6.98452e-07
5.04e-05	-2.52e-05	7.14871e-08
5.32e-05	-2.52e-05	6.75872e-09

-5.32e-05	-2.8e-05	-4.84714e-08
-5.04e-05	-2.8e-05	-3.63828e-07
-4.76e-05	-2.8e-05	-2.47105e-06
-4.48e-05	-2.8e-05	-1.34442e-05
-4.2e-05	-2.8e-05	-3.27499e-05
-3.92e-05	-2.8e-05	-5.69017e-05
-3.64e-05	-2.8e-05	-8.65365e-05
-3.36e-05	-2.8e-05	-0.000122777
-3.08e-05	-2.8e-05	-0.000165676
-2.8e-05	-2.8e-05	-0.000213023
-2.52e-05	-2.8e-05	-0.000259648
-2.24e-05	-2.8e-05	-0.000298229
-1.96e-05	-2.8e-05	-0.000321268
-1.68e-05	-2.8e-05	-0.000322893
-1.4e-05	-2.8e-05	-0.000299942
-1.12e-05	-2.8e-05	-0.000252367
-8.4e-06	-2.8e-05	-0.000183147
-5.6e-06	-2.8e-05	-9.78385e-05
-2.8e-06	-2.8e-05	-3.86772e-06
0	-2.8e-05	9.03486e-05
2.8e-06	-2.8e-05	0.000176375
5.6e-06	-2.8e-05	0.000246729
8.4e-06	-2.8e-05	0.000295765
1.12e-05	-2.8e-05	0.000320383
1.4e-05	-2.8e-05	0.000320483
1.68e-05	-2.8e-05	0.000299068
1.96e-05	-2.8e-05	0.000261857
2.24e-05	-2.8e-05	0.000216265
2.52e-05	-2.8e-05	0.000169671
2.8e-05	-2.8e-05	0.000127467
3.08e-05	-2.8e-05	9.21192e-05
3.36e-05	-2.8e-05	6.37628e-05
3.64e-05	-2.8e-05	4.12557e-05
3.92e-05	-2.8e-05	2.30693e-05
4.2e-05	-2.8e-05	8.49461e-06
4.48e-05	-2.8e-05	1.53215e-06
4.76e-05	-2.8e-05	2.23976e-07
5.04e-05	-2.8e-05	2.97623e-08
5.32e-05	-2.8e-05	3.50944e-09

-5.32e-05	-3.08e-05	-1.27746e-08
-5.04e-05	-3.08e-05	-7.91002e-08
-4.76e-05	-3.08e-05	-4.24573e-07
-4.48e-05	-3.08e-05	-1.76251e-06
-4.2e-05	-3.08e-05	-4.07775e-06
-3.92e-05	-3.08e-05	-7.03144e-06
-3.64e-05	-3.08e-05	-1.06636e-05
-3.36e-05	-3.08e-05	-1.50869e-05
-3.08e-05	-3.08e-05	-2.02899e-05
-2.8e-05	-3.08e-05	-2.5994e-05
-2.52e-05	-3.08e-05	-3.15793e-05
-2.24e-05	-3.08e-05	-3.61796e-05
-1.96e-05	-3.08e-05	-3.89057e-05
-1.68e-05	-3.08e-05	-3.90571e-05
-1.4e-05	-3.08e-05	-3.62541e-05
-1.12e-05	-3.08e-05	-3.04897e-05
-8.4e-06	-3.08e-05	-2.21212e-05
-5.6e-06	-3.08e-05	-1.18162e-05
-2.8e-06	-3.08e-05	-4.68545e-07
0	-3.08e-05	1.09088e-05
2.8e-06	-3.08e-05	2.13006e-05
5.6e-06	-3.08e-05	2.98063e-05
8.4e-06	-3.08e-05	3.57472e-05
1.12e-05	-3.08e-05	3.87515e-05
1.4e-05	-3.08e-05	3.88084e-05
1.68e-05	-3.08e-05	3.62783e-05
1.96e-05	-3.08e-05	3.18442e-05
2.24e-05	-3.08e-05	2.63859e-05
2.52e-05	-3.08e-05	2.0777e-05
2.8e-05	-3.08e-05	1.56624e-05
3.08e-05	-3.08e-05	1.13505e-05
3.36e-05	-3.08e-05	7.8729e-06
3.64e-05	-3.08e-05	5.10427e-06
3.92e-05	-3.08e-05	2.87771e-06
4.2e-05	-3.08e-05	1.1435e-06
4.48e-05	-3.08e-05	2.68343e-07
4.76e-05	-3.08e-05	4.94034e-08
5.04e-05	-3.08e-05	7.95116e-09
5.32e-05	-3.08e-05	1.10874e-09

-5.32e-05	-3.36e-05	-2.72852e-09
-5.04e-05	-3.36e-05	-1.45475e-08
-4.76e-05	-3.36e-05	-6.57624e-08
-4.48e-05	-3.36e-05	-2.29432e-07
-4.2e-05	-3.36e-05	-5.08062e-07
-3.92e-05	-3.36e-05	-8.68903e-07
-3.64e-05	-3.36e-05	-1.3137e-06
-3.36e-05	-3.36e-05	-1.85332e-06
-3.08e-05	-3.36e-05	-2.48424e-06
-2.8e-05	-3.36e-05	-3.17146e-06
-2.52e-05	-3.36e-05	-3.84068e-06
-2.24e-05	-3.36e-05	-4.38928e-06
-1.96e-05	-3.36e-05	-4.71177e-06
-1.68e-05	-3.36e-05	-4.72461e-06
-1.4e-05	-3.36e-05	-4.38226e-06
-1.12e-05	-3.36e-05	-3.68378e-06
-8.4e-06	-3.36e-05	-2.67198e-06
-5.6e-06	-3.36e-05	-1.42713e-06
-2.8e-06	-3.36e-05	-5.67614e-08
0	-3.36e-05	1.3172e-06
2.8e-06	-3.36e-05	2.57254e-06
5.6e-06	-3.36e-05	3.60092e-06
8.4e-06	-3.36e-05	4.32074e-06
1.12e-05	-3.36e-05	4.6874e-06
1.4e-05	-3.36e-05	4.69971e-06
1.68e-05	-3.36e-05	4.4009e-06
1.96e-05	-3.36e-05	3.87246e-06
2.24e-05	-3.36e-05	3.21886e-06
2.52e-05	-3.36e-05	2.54361e-06
2.8e-05	-3.36e-05	1.92391e-06
3.08e-05	-3.36e-05	1.39815e-06
3.36e-05	-3.36e-05	9.7189e-07
3.64e-05	-3.36e-05	6.3163e-07
3.92e-05	-3.36e-05	3.59369e-07
4.2e-05	-3.36e-05	1.51761e-07
4.48e-05	-3.36e-05	4.22374e-08
4.76e-05	-3.36e-05	9.20424e-09
5.04e-05	-3.36e-05	1.72214e-09
5.32e-05	-3.36e-05	2.7506e-10

-5.32e-05	-3.64e-05	-5.14089e-10
-5.04e-05	-3.64e-05	-2.43074e-09
-4.76e-05	-3.64e-05	-9.62371e-09
-4.48e-05	-3.64e-05	-2.96924e-08
-4.2e-05	-3.64e-05	-6.33232e-08
-3.92e-05	-3.64e-05	-1.07374e-07
-3.64e-05	-3.64e-05	-1.61804e-07
-3.36e-05	-3.64e-05	-2.27603e-07
-3.08e-05	-3.64e-05	-3.04091e-07
-2.8e-05	-3.64e-05	-3.86892e-07
-2.52e-05	-3.64e-05	-4.67092e-07
-2.24e-05	-3.64e-05	-5.32522e-07
-1.96e-05	-3.64e-05	-5.70662e-07
-1.68e-05	-3.64e-05	-5.71553e-07
-1.4e-05	-3.64e-05	-5.29739e-07
-1.12e-05	-3.64e-05	-4.45095e-07
-8.4e-06	-3.64e-05	-3.22756e-07
-5.6e-06	-3.64e-05	-1.72372e-07
-2.8e-06	-3.64e-05	-6.87639e-09
0	-3.64e-05	1.59053e-07
2.8e-06	-3.64e-05	3.10707e-07
5.6e-06	-3.64e-05	4.3505e-07
8.4e-06	-3.64e-05	5.22272e-07
1.12e-05	-3.64e-05	5.67023e-07
1.4e-05	-3.64e-05	5.69167e-07
1.68e-05	-3.64e-05	5.33889e-07
1.96e-05	-3.64e-05	4.70907e-07
2.24e-05	-3.64e-05	3.92627e-07
2.52e-05	-3.64e-05	3.1133e-07
2.8e-05	-3.64e-05	2.36259e-07
3.08e-05	-3.64e-05	1.72176e-07
3.36e-05	-3.64e-05	1.19955e-07
3.64e-05	-3.64e-05	7.81736e-08
3.92e-05	-3.64e-05	4.49051e-08
4.2e-05	-3.64e-05	1.993e-08
4.48e-05	-3.64e-05	6.26605e-09
4.76e-05	-3.64e-05	1.55602e-09
5.04e-05	-3.64e-05	3.29209e-10
5.32e-05	-3.64e-05	5.89084e-11

-5.32e-05	-3.92e-05	-8.90691e-11
-5.04e-05	-3.92e-05	-3.81712e-10
-4.76e-05	-3.92e-05	-1.3592e-09
-4.48e-05	-3.92e-05	-3.82402e-09
-4.2e-05	-3.92e-05	-7.89326e-09
-3.92e-05	-3.92e-05	-1.32684e-08
-3.64e-05	-3.92e-05	-1.99242e-08
-3.36e-05	-3.92e-05	-2.79439e-08
-3.08e-05	-3.92e-05	-3.7215e-08
-2.8e-05	-3.92e-05	-4.71919e-08
-2.52e-05	-3.92e-05	-5.68048e-08
-2.24e-05	-3.92e-05	-6.46092e-08
-1.96e-05	-3.92e-05	-6.91188e-08
-1.68e-05	-3.92e-05	-6.91467e-08
-1.4e-05	-3.92e-05	-6.40395e-08
-1.12e-05	-3.92e-05	-5.37813e-08
-8.4e-06	-3.92e-05	-3.89883e-08
-5.6e-06	-3.92e-05	-2.08201e-08
-2.8e-06	-3.92e-05	-8.33057e-10
0	-3.92e-05	1.92065e-08
2.8e-06	-3.92e-05	3.75281e-08
5.6e-06	-3.92e-05	5.25635e-08
8.4e-06	-3.92e-05	6.31332e-08
1.12e-05	-3.92e-05	6.8595e-08
1.4e-05	-3.92e-05	6.89338e-08
1.68e-05	-3.92e-05	6.47701e-08
1.96e-05	-3.92e-05	5.7263e-08
2.24e-05	-3.92e-05	4.78862e-08
2.52e-05	-3.92e-05	3.80975e-08
2.8e-05	-3.92e-05	2.90048e-08
3.08e-05	-3.92e-05	2.11967e-08
3.36e-05	-3.92e-05	1.48028e-08
3.64e-05	-3.92e-05	9.67626e-09
3.92e-05	-3.92e-05	5.6125e-09
4.2e-05	-3.92e-05	2.59626e-09
4.48e-05	-3.92e-05	8.95413e-10
4.76e-05	-3.92e-05	2.46966e-10
5.04e-05	-3.92e-05	5.79094e-11
5.32e-05	-3.92e-05	1.14202e-11

-5.32e-05	-4.2e-05	-1.45307e-11
-5.04e-05	-4.2e-05	-5.74054e-11
-4.76e-05	-4.2e-05	-1.87389e-10
-4.48e-05	-4.2e-05	-4.90465e-10
-4.2e-05	-4.2e-05	-9.83837e-10
-3.92e-05	-4.2e-05	-1.63953e-09
-3.64e-05	-4.2e-05	-2.4529e-09
-3.36e-05	-4.2e-05	-3.42992e-09
-3.08e-05	-4.2e-05	-4.55345e-09
-2.8e-05	-4.2e-05	-5.75565e-09
-2.52e-05	-4.2e-05	-6.90807e-09
-2.24e-05	-4.2e-05	-7.83906e-09
-1.96e-05	-4.2e-05	-8.37213e-09
-1.68e-05	-4.2e-05	-8.36585e-09
-1.4e-05	-4.2e-05	-7.74205e-09
-1.12e-05	-4.2e-05	-6.49876e-09
-8.4e-06	-4.2e-05	-4.70989e-09
-5.6e-06	-4.2e-05	-2.51487e-09
-2.8e-06	-4.2e-05	-1.00924e-10
0	-4.2e-05	2.31937e-09
2.8e-06	-4.2e-05	4.53294e-09
5.6e-06	-4.2e-05	6.3511e-09
8.4e-06	-4.2e-05	7.63204e-09
1.12e-05	-4.2e-05	8.29868e-09
1.4e-05	-4.2e-05	8.34924e-09
1.68e-05	-4.2e-05	7.858e-09
1.96e-05	-4.2e-05	6.96312e-09
2.24e-05	-4.2e-05	5.83974e-09
2.52e-05	-4.2e-05	4.66106e-09
2.8e-05	-4.2e-05	3.5599e-09
3.08e-05	-4.2e-05	2.60887e-09
3.36e-05	-4.2e-05	1.8264e-09
3.64e-05	-4.2e-05	1.19781e-09
3.92e-05	-4.2e-05	7.01481e-10
4.2e-05	-4.2e-05	3.36069e-10
4.48e-05	-4.2e-05	1.24706e-10
4.76e-05	-4.2e-05	3.75063e-11
5.04e-05	-4.2e-05	9.59991e-12
5.32e-05	-4.2e-05	2.0597e-12

-5.32e-05	-4.48e-05	-2.26576e-12
-5.04e-05	-4.48e-05	-8.36384e-12
-4.76e-05	-4.48e-05	-2.53899e-11
-4.48e-05	-4.48e-05	-6.26855e-11
-4.2e-05	-4.48e-05	-1.22606e-10
-3.92e-05	-4.48e-05	-2.02576e-10
-3.64e-05	-4.48e-05	-3.01917e-10
-3.36e-05	-4.48e-05	-4.20894e-10
-3.08e-05	-4.48e-05	-5.57029e-10
-2.8e-05	-4.48e-05	-7.01896e-10
-2.52e-05	-4.48e-05	-8.40073e-10
-2.24e-05	-4.48e-05	-9.51141e-10
-1.96e-05	-4.48e-05	-1.01414e-09
-1.68e-05	-4.48e-05	-1.01221e-09
-1.4e-05	-4.48e-05	-9.36024e-10
-1.12e-05	-4.48e-05	-7.85323e-10
-8.4e-06	-4.48e-05	-5.68992e-10
-5.6e-06	-4.48e-05	-3.03784e-10
-2.8e-06	-4.48e-05	-1.2227e-11
0	-4.48e-05	2.80098e-10
2.8e-06	-4.48e-05	5.47548e-10
5.6e-06	-4.48e-05	7.67421e-10
8.4e-06	-4.48e-05	9.22668e-10
1.12e-05	-4.48e-05	1.00403e-09
1.4e-05	-4.48e-05	1.01131e-09
1.68e-05	-4.48e-05	9.53371e-10
1.96e-05	-4.48e-05	8.46692e-10
2.24e-05	-4.48e-05	7.12085e-10
2.52e-05	-4.48e-05	5.7015e-10
2.8e-05	-4.48e-05	4.36813e-10
3.08e-05	-4.48e-05	3.21016e-10
3.36e-05	-4.48e-05	2.25307e-10
3.64e-05	-4.48e-05	1.48279e-10
3.92e-05	-4.48e-05	8.76594e-11
4.2e-05	-4.48e-05	4.32799e-11
4.48e-05	-4.48e-05	1.7047e-11
4.76e-05	-4.48e-05	5.5144e-12
5.04e-05	-4.48e-05	1.52214e-12
5.32e-05	-4.48e-05	3.52244e-13

-5.32e-05	-4.76e-05	-3.4059e-13
-5.04e-05	-4.76e-05	-1.18965e-12
-4.76e-05	-4.76e-05	-3.39546e-12
-4.48e-05	-4.76e-05	-7.9874e-12
-4.2e-05	-4.76e-05	-1.52749e-11
-3.92e-05	-4.76e-05	-2.50276e-11
-3.64e-05	-4.76e-05	-3.71538e-11
-3.36e-05	-4.76e-05	-5.16381e-11
-3.08e-05	-4.76e-05	-6.81285e-11
-2.8e-05	-4.76e-05	-8.55875e-11
-2.52e-05	-4.76e-05	-1.02155e-10
-2.24e-05	-4.76e-05	-1.15409e-10
-1.96e-05	-4.76e-05	-1.22851e-10
-1.68e-05	-4.76e-05	-1.22478e-10
-1.4e-05	-4.76e-05	-1.13171e-10
-1.12e-05	-4.76e-05	-9.49042e-11
-8.4e-06	-4.76e-05	-6.87414e-11
-5.6e-06	-4.76e-05	-3.66969e-11
-2.8e-06	-4.76e-05	-1.48135e-12
0	-4.76e-05	3.3827e-11
2.8e-06	-4.76e-05	6.61429e-11
5.6e-06	-4.76e-05	9.27335e-11
8.4e-06	-4.76e-05	1.11551e-10
1.12e-05	-4.76e-05	1.21481e-10
1.4e-05	-4.76e-05	1.22501e-10
1.68e-05	-4.76e-05	1.15671e-10
1.96e-05	-4.76e-05	1.02952e-10
2.24e-05	-4.76e-05	8.68215e-11
2.52e-05	-4.76e-05	6.97289e-11
2.8e-05	-4.76e-05	5.35856e-11
3.08e-05	-4.76e-05	3.94904e-11
3.36e-05	-4.76e-05	2.77894e-11
3.64e-05	-4.76e-05	1.83554e-11
3.92e-05	-4.76e-05	1.0951e-11
4.2e-05	-4.76e-05	5.55031e-12
4.48e-05	-4.76e-05	2.29755e-12
4.76e-05	-4.76e-05	7.90874e-13
5.04e-05	-4.76e-05	2.33469e-13
5.32e-05	-4.76e-05	5.72738e-14

-5.32e-05	-5.04e-05	-5.02948e-14
-5.04e-05	-5.04e-05	-1.65813e-13
-4.76e-05	-5.04e-05	-4.49346e-13
-4.48e-05	-5.04e-05	-1.01476e-12
-4.2e-05	-5.04e-05	-1.90174e-12
-3.92e-05	-5.04e-05	-3.09176e-12
-3.64e-05	-5.04e-05	-4.56965e-12
-3.36e-05	-5.04e-05	-6.33302e-12
-3.08e-05	-5.04e-05	-8.32893e-12
-2.8e-05	-5.04e-05	-1.04333e-11
-2.52e-05	-5.04e-05	-1.24193e-11
-2.24e-05	-5.04e-05	-1.40012e-11
-1.96e-05	-5.04e-05	-1.48793e-11
-1.68e-05	-5.04e-05	-1.48178e-11
-1.4e-05	-5.04e-05	-1.36803e-11
-1.12e-05	-5.04e-05	-1.14678e-11
-8.4e-06	-5.04e-05	-8.30283e-12
-5.6e-06	-5.04e-05	-4.43265e-12
-2.8e-06	-5.04e-05	-1.7937e-13
0	-5.04e-05	4.08458e-12
2.8e-06	-5.04e-05	7.98806e-12
5.6e-06	-5.04e-05	1.12043e-11
8.4e-06	-5.04e-05	1.34841e-11
1.12e-05	-5.04e-05	1.46963e-11
1.4e-05	-5.04e-05	1.48363e-11
1.68e-05	-5.04e-05	1.40315e-11
1.96e-05	-5.04e-05	1.25155e-11
2.24e-05	-5.04e-05	1.05825e-11
2.52e-05	-5.04e-05	8.52447e-12
2.8e-05	-5.04e-05	6.57062e-12
3.08e-05	-5.04e-05	4.85579e-12
3.36e-05	-5.04e-05	3.42621e-12
3.64e-05	-5.04e-05	2.27159e-12
3.92e-05	-5.04e-05	1.36724e-12
4.2e-05	-5.04e-05	7.09107e-13
4.48e-05	-5.04e-05	3.06213e-13
4.76e-05	-5.04e-05	1.11218e-13
5.04e-05	-5.04e-05	3.47024e-14
5.32e-05	-5.04e-05	9.21632e-15

-5.32e-05	-5.32e-05	-6.57542e-15
-5.04e-05	-5.32e-05	-2.2608e-14
-4.76e-05	-5.32e-05	-5.79019e-14
-4.48e-05	-5.32e-05	-1.2623e-13
-4.2e-05	-5.32e-05	-2.33665e-13
-3.92e-05	-5.32e-05	-3.75454e-13
-3.64e-05	-5.32e-05	-5.54676e-13
-3.36e-05	-5.32e-05	-7.64254e-13
-3.08e-05	-5.32e-05	-1.00432e-12
-2.8e-05	-5.32e-05	-1.25252e-12
-2.52e-05	-5.32e-05	-1.48918e-12
-2.24e-05	-5.32e-05	-1.67367e-12
-1.96e-05	-5.32e-05	-1.77724e-12
-1.68e-05	-5.32e-05	-1.76649e-12
-1.4e-05	-5.32e-05	-1.63121e-12
-1.12e-05	-5.32e-05	-1.36503e-12
-8.4e-06	-5.32e-05	-9.8937e-13
-5.6e-06	-5.32e-05	-5.27406e-13
-2.8e-06	-5.32e-05	-2.14681e-14
0	-5.32e-05	4.86122e-13
2.8e-06	-5.32e-05	9.51467e-13
5.6e-06	-5.32e-05	1.33416e-12
8.4e-06	-5.32e-05	1.60716e-12
1.12e-05	-5.32e-05	1.75258e-12
1.4e-05	-5.32e-05	1.77136e-12
1.68e-05	-5.32e-05	1.67783e-12
1.96e-05	-5.32e-05	1.49958e-12
2.24e-05	-5.32e-05	1.27117e-12
2.52e-05	-5.32e-05	1.02685e-12
2.8e-05	-5.32e-05	7.93753e-13
3.08e-05	-5.32e-05	5.88186e-13
3.36e-05	-5.32e-05	4.1613e-13
3.64e-05	-5.32e-05	2.76915e-13
3.92e-05	-5.32e-05	1.68057e-13
4.2e-05	-5.32e-05	8.89191e-14
4.48e-05	-5.32e-05	3.97569e-14
4.76e-05	-5.32e-05	1.51305e-14
5.04e-05	-5.32e-05	4.85797e-15
5.32e-05	-5.32e-05	4.32271e-16
