-6e-05	-6e-05	-2.59399e-16
-5.7e-05	-6e-05	-2.21237e-16
-5.4e-05	-6e-05	-2.78698e-16
-5.1e-05	-6e-05	3.58658e-16
-4.8e-05	-6e-05	4.62673e-16
-4.5e-05	-6e-05	-5.1343e-16
-4.2e-05	-6e-05	4.47941e-18
-3.9e-05	-6e-05	4.57667e-16
-3.6e-05	-6e-05	3.72638e-17
-3.3e-05	-6e-05	-2.31864e-17
-3e-05	-6e-05	-1.67542e-17
-2.7e-05	-6e-05	5.3655e-17
-2.4e-05	-6e-05	5.54379e-17
-2.1e-05	-6e-05	-1.47795e-17
-1.8e-05	-6e-05	-5.21316e-17
-1.5e-05	-6e-05	1.63059e-17
-1.2e-05	-6e-05	5.9836e-18
-9e-06	-6e-05	2.79537e-17
-6e-06	-6e-05	-5.36406e-18
-3e-06	-6e-05	3.19482e-17
0	-6e-05	1.98059e-17
3e-06	-6e-05	6.12961e-17
6e-06	-6e-05	8.94844e-18
9e-06	-6e-05	3.89105e-17
1.2e-05	-6e-05	-2.55258e-18
1.5e-05	-6e-05	3.42002e-17
1.8e-05	-6e-05	-3.18917e-17
2.1e-05	-6e-05	3.81972e-17
2.4e-05	-6e-05	2.01372e-17
2.7e-05	-6e-05	1.65029e-17
3e-05	-6e-05	3.1645e-17
3.3e-05	-6e-05	3.08761e-17
3.6e-05	-6e-05	-1.07815e-17
3.9e-05	-6e-05	2.81235e-17
4.2e-05	-6e-05	-3.56828e-17
4.5e-05	-6e-05	5.52236e-17
4.8e-05	-6e-05	-4.62163e-17
5.1e-05	-6e-05	1.35213e-16
5.4e-05	-6e-05	4.28339e-17
5.7e-05	-6e-05	-8.28969e-17
-6e-05	-5.7e-05	-1.71048e-16
-5.7e-05	-5.7e-05	-3.15281e-16
-5.4e-05	-5.7e-05	8.79067e-17
-5.1e-05	-5.7e-05	4.41944e-16
-4.8e-05	-5.7e-05	2.58231e-17
-4.5e-05	-5.7e-05	2.97887e-17
-4.2e-05	-5.7e-05	6.11666e-17
-3.9e-05	-5.7e-05	5.14008e-17
-3.6e-05	-5.7e-05	8.02069e-17
-3.3e-05	-5.7e-05	-1.76845e-17
-3e-05	-5.7e-05	-3.93531e-17
-2.7e-05	-5.7e-05	-1.02206e-17
-2.4e-05	-5.7e-05	7.18177e-17
-2.1e-05	-5.7e-05	-1.8287e-17
-1.8e-05	-5.7e-05	2.19925e-17
-1.5e-05	-5.7e-05	-9.21061e-17
-1.2e-05	-5.7e-05	2.97092e-18
-9e-06	-5.7e-05	-8.61189e-17
-6e-06	-5.7e-05	3.30625e-17
-3e-06	-5.7e-05	-1.87561e-17
0	-5.7e-05	1.64707e-17
3e-06	-5.7e-05	1.77504e-17
6e-06	-5.7e-05	5.96109e-17
9e-06	-5.7e-05	-3.33862e-17
1.2e-05	-5.7e-05	-1.3282e-16
1.5e-05	-5.7e-05	6.5742e-17
1.8e-05	-5.7e-05	2.06359e-16
2.1e-05	-5.7e-05	8.70001e-17
2.4e-05	-5.7e-05	-3.04968e-16
2.7e-05	-5.7e-05	-2.67784e-16
3e-05	-5.7e-05	5.50611e-17
3.3e-05	-5.7e-05	2.36982e-16
3.6e-05	-5.7e-05	1.64786e-16
3.9e-05	-5.7e-05	-6.7942e-16
4.2e-05	-5.7e-05	-2.29559e-16
4.5e-05	-5.7e-05	-7.43694e-16
4.8e-05	-5.7e-05	-2.95077e-16
5.1e-05	-5.7e-05	-1.12908e-16
5.4e-05	-5.7e-05	-5.61588e-16
5.7e-05	-5.7e-05	-7.17898e-17
-6e-05	-5.4e-05	7.29813e-16
-5.7e-05	-5.4e-05	-4.96158e-16
-5.4e-05	-5.4e-05	2.57659e-16
-5.1e-05	-5.4e-05	1.21616e-15
-4.8e-05	-5.4e-05	1.80412e-16
-4.5e-05	-5.4e-05	-1.0311e-16
-4.2e-05	-5.4e-05	1.84827e-16
-3.9e-05	-5.4e-05	2.75918e-17
-3.6e-05	-5.4e-05	-4.02866e-16
-3.3e-05	-5.4e-05	3.61191e-16
-3e-05	-5.4e-05	-2.49351e-16
-2.7e-05	-5.4e-05	1.77257e-16
-2.4e-05	-5.4e-05	-2.61675e-16
-2.1e-05	-5.4e-05	-1.28346e-16
-1.8e-05	-5.4e-05	-4.03027e-16
-1.5e-05	-5.4e-05	-8.79185e-18
-1.2e-05	-5.4e-05	-1.72213e-17
-9e-06	-5.4e-05	7.68312e-17
-6e-06	-5.4e-05	-5.88781e-17
-3e-06	-5.4e-05	-9.13944e-17
0	-5.4e-05	-5.72516e-17
3e-06	-5.4e-05	2.83062e-17
6e-06	-5.4e-05	-7.86213e-17
9e-06	-5.4e-05	-2.2692e-17
1.2e-05	-5.4e-05	-6.04375e-17
1.5e-05	-5.4e-05	1.29779e-17
1.8e-05	-5.4e-05	5.22215e-18
2.1e-05	-5.4e-05	6.70936e-17
2.4e-05	-5.4e-05	-6.63198e-17
2.7e-05	-5.4e-05	1.8919e-17
3e-05	-5.4e-05	9.49368e-18
3.3e-05	-5.4e-05	9.02819e-18
3.6e-05	-5.4e-05	5.45594e-18
3.9e-05	-5.4e-05	3.03799e-17
4.2e-05	-5.4e-05	-1.82797e-17
4.5e-05	-5.4e-05	4.99598e-17
4.8e-05	-5.4e-05	1.00672e-16
5.1e-05	-5.4e-05	1.17109e-16
5.4e-05	-5.4e-05	-7.65231e-19
5.7e-05	-5.4e-05	4.58278e-16
-6e-05	-5.1e-05	2.24421e-17
-5.7e-05	-5.1e-05	5.2726e-16
-5.4e-05	-5.1e-05	-1.01083e-17
-5.1e-05	-5.1e-05	2.80235e-16
-4.8e-05	-5.1e-05	2.48134e-16
-4.5e-05	-5.1e-05	-3.76211e-17
-4.2e-05	-5.1e-05	6.85836e-17
-3.9e-05	-5.1e-05	3.49729e-17
-3.6e-05	-5.1e-05	6.12672e-17
-3.3e-05	-5.1e-05	-1.76638e-17
-3e-05	-5.1e-05	-9.07698e-18
-2.7e-05	-5.1e-05	2.34531e-17
-2.4e-05	-5.1e-05	-8.71353e-18
-2.1e-05	-5.1e-05	1.1902e-17
-1.8e-05	-5.1e-05	-2.20709e-17
-1.5e-05	-5.1e-05	4.68506e-17
-1.2e-05	-5.1e-05	-3.43843e-17
-9e-06	-5.1e-05	-2.31819e-17
-6e-06	-5.1e-05	7.48224e-18
-3e-06	-5.1e-05	9.38181e-18
0	-5.1e-05	1.99376e-17
3e-06	-5.1e-05	-3.91835e-17
6e-06	-5.1e-05	2.84577e-17
9e-06	-5.1e-05	-6.433e-17
1.2e-05	-5.1e-05	3.30543e-17
1.5e-05	-5.1e-05	-1.00678e-16
1.8e-05	-5.1e-05	1.94616e-17
2.1e-05	-5.1e-05	-8.19387e-18
2.4e-05	-5.1e-05	1.13425e-16
2.7e-05	-5.1e-05	-7.1772e-17
3e-05	-5.1e-05	4.04307e-17
3.3e-05	-5.1e-05	-1.50337e-17
3.6e-05	-5.1e-05	1.57039e-17
3.9e-05	-5.1e-05	-3.8884e-17
4.2e-05	-5.1e-05	9.96487e-17
4.5e-05	-5.1e-05	3.19707e-17
4.8e-05	-5.1e-05	6.14362e-17
5.1e-05	-5.1e-05	1.42978e-16
5.4e-05	-5.1e-05	1.42271e-16
5.7e-05	-5.1e-05	1.05935e-16
-6e-05	-4.8e-05	3.12991e-16
-5.7e-05	-4.8e-05	9.2476e-17
-5.4e-05	-4.8e-05	2.26605e-16
-5.1e-05	-4.8e-05	2.61706e-16
-4.8e-05	-4.8e-05	-2.31744e-17
-4.5e-05	-4.8e-05	1.52895e-16
-4.2e-05	-4.8e-05	1.11966e-16
-3.9e-05	-4.8e-05	3.06746e-17
-3.6e-05	-4.8e-05	-1.15695e-17
-3.3e-05	-4.8e-05	-2.22001e-17
-3e-05	-4.8e-05	7.50663e-18
-2.7e-05	-4.8e-05	-1.22585e-17
-2.4e-05	-4.8e-05	7.22016e-17
-2.1e-05	-4.8e-05	-5.74215e-17
-1.8e-05	-4.8e-05	1.69804e-17
-1.5e-05	-4.8e-05	-1.89363e-17
-1.2e-05	-4.8e-05	7.65154e-18
-9e-06	-4.8e-05	-5.14583e-17
-6e-06	-4.8e-05	-1.10656e-17
-3e-06	-4.8e-05	1.1188e-17
0	-4.8e-05	1.23138e-17
3e-06	-4.8e-05	-1.71788e-18
6e-06	-4.8e-05	2.63462e-17
9e-06	-4.8e-05	-4.73538e-18
1.2e-05	-4.8e-05	-8.46315e-17
1.5e-05	-4.8e-05	7.67729e-17
1.8e-05	-4.8e-05	-1.4153e-16
2.1e-05	-4.8e-05	4.84161e-17
2.4e-05	-4.8e-05	-4.68404e-17
2.7e-05	-4.8e-05	1.23296e-16
3e-05	-4.8e-05	-6.55185e-17
3.3e-05	-4.8e-05	5.57631e-17
3.6e-05	-4.8e-05	-1.70428e-17
3.9e-05	-4.8e-05	3.69226e-17
4.2e-05	-4.8e-05	-7.21466e-17
4.5e-05	-4.8e-05	1.25828e-16
4.8e-05	-4.8e-05	7.07868e-18
5.1e-05	-4.8e-05	7.54562e-17
5.4e-05	-4.8e-05	1.09235e-16
5.7e-05	-4.8e-05	1.17407e-16
-6e-05	-4.5e-05	1.9703e-16
-5.7e-05	-4.5e-05	9.28993e-17
-5.4e-05	-4.5e-05	2.30889e-16
-5.1e-05	-4.5e-05	3.24037e-17
-4.8e-05	-4.5e-05	1.69177e-16
-4.5e-05	-4.5e-05	1.08423e-16
-4.2e-05	-4.5e-05	-7.20361e-17
-3.9e-05	-4.5e-05	1.65284e-17
-3.6e-05	-4.5e-05	4.87538e-17
-3.3e-05	-4.5e-05	9.97676e-18
-3e-05	-4.5e-05	-3.3347e-17
-2.7e-05	-4.5e-05	7.51473e-17
-2.4e-05	-4.5e-05	-3.11466e-17
-2.1e-05	-4.5e-05	-2.12377e-17
-1.8e-05	-4.5e-05	-4.31816e-17
-1.5e-05	-4.5e-05	5.00999e-17
-1.2e-05	-4.5e-05	-7.00708e-17
-9e-06	-4.5e-05	-6.83612e-17
-6e-06	-4.5e-05	5.62039e-17
-3e-06	-4.5e-05	-1.2341e-17
0	-4.5e-05	8.04531e-18
3e-06	-4.5e-05	-2.46925e-17
6e-06	-4.5e-05	1.60624e-18
9e-06	-4.5e-05	4.70623e-17
1.2e-05	-4.5e-05	1.67981e-17
1.5e-05	-4.5e-05	-2.83146e-17
1.8e-05	-4.5e-05	1.11143e-16
2.1e-05	-4.5e-05	-1.93568e-16
2.4e-05	-4.5e-05	1.04242e-16
2.7e-05	-4.5e-05	-5.31834e-17
3e-05	-4.5e-05	1.16566e-16
3.3e-05	-4.5e-05	-9.96787e-17
3.6e-05	-4.5e-05	6.85595e-17
3.9e-05	-4.5e-05	-7.94434e-18
4.2e-05	-4.5e-05	8.02599e-17
4.5e-05	-4.5e-05	-4.38807e-17
4.8e-05	-4.5e-05	1.39336e-16
5.1e-05	-4.5e-05	-2.25807e-17
5.4e-05	-4.5e-05	1.57371e-16
5.7e-05	-4.5e-05	6.88077e-18
-6e-05	-4.2e-05	1.62295e-16
-5.7e-05	-4.2e-05	2.8433e-17
-5.4e-05	-4.2e-05	1.18583e-16
-5.1e-05	-4.2e-05	2.2309e-17
-4.8e-05	-4.2e-05	1.09506e-16
-4.5e-05	-4.2e-05	-3.15917e-17
-4.2e-05	-4.2e-05	4.69971e-18
-3.9e-05	-4.2e-05	1.7152e-16
-3.6e-05	-4.2e-05	-2.47331e-17
-3.3e-05	-4.2e-05	-7.24003e-17
-3e-05	-4.2e-05	4.09595e-17
-2.7e-05	-4.2e-05	5.1874e-17
-2.4e-05	-4.2e-05	9.03261e-18
-2.1e-05	-4.2e-05	-1.11115e-16
-1.8e-05	-4.2e-05	7.73515e-17
-1.5e-05	-4.2e-05	-2.47242e-17
-1.2e-05	-4.2e-05	-7.7433e-18
-9e-06	-4.2e-05	1.89087e-17
-6e-06	-4.2e-05	4.96452e-18
-3e-06	-4.2e-05	5.55325e-17
0	-4.2e-05	-4.31808e-17
3e-06	-4.2e-05	6.55868e-17
6e-06	-4.2e-05	-2.99116e-18
9e-06	-4.2e-05	3.76643e-18
1.2e-05	-4.2e-05	-1.74005e-17
1.5e-05	-4.2e-05	2.09993e-17
1.8e-05	-4.2e-05	-7.46241e-19
2.1e-05	-4.2e-05	1.28665e-16
2.4e-05	-4.2e-05	-2.57632e-16
2.7e-05	-4.2e-05	1.36056e-16
3e-05	-4.2e-05	-2.7218e-17
3.3e-05	-4.2e-05	1.45473e-16
3.6e-05	-4.2e-05	-1.54928e-16
3.9e-05	-4.2e-05	5.27957e-17
4.2e-05	-4.2e-05	-3.8589e-19
4.5e-05	-4.2e-05	5.11966e-17
4.8e-05	-4.2e-05	-1.39118e-17
5.1e-05	-4.2e-05	8.86561e-17
5.4e-05	-4.2e-05	-3.23448e-17
5.7e-05	-4.2e-05	1.06231e-16
-6e-05	-3.9e-05	-1.73299e-17
-5.7e-05	-3.9e-05	1.17771e-16
-5.4e-05	-3.9e-05	5.42272e-17
-5.1e-05	-3.9e-05	-3.40668e-17
-4.8e-05	-3.9e-05	7.25255e-17
-4.5e-05	-3.9e-05	-6.68533e-17
-4.2e-05	-3.9e-05	1.58054e-16
-3.9e-05	-3.9e-05	-9.59178e-17
-3.6e-05	-3.9e-05	-8.73628e-17
-3.3e-05	-3.9e-05	5.14409e-17
-3e-05	-3.9e-05	1.07464e-16
-2.7e-05	-3.9e-05	5.83308e-17
-2.4e-05	-3.9e-05	-1.22475e-16
-2.1e-05	-3.9e-05	-2.05909e-18
-1.8e-05	-3.9e-05	1.34496e-17
-1.5e-05	-3.9e-05	2.77676e-17
-1.2e-05	-3.9e-05	-8.49997e-17
-9e-06	-3.9e-05	-4.99058e-17
-6e-06	-3.9e-05	3.70992e-17
-3e-06	-3.9e-05	1.29349e-17
0	-3.9e-05	-7.88308e-18
3e-06	-3.9e-05	-5.59273e-17
6e-06	-3.9e-05	5.90126e-17
9e-06	-3.9e-05	1.4318e-17
1.2e-05	-3.9e-05	3.36193e-18
1.5e-05	-3.9e-05	-4.55856e-17
1.8e-05	-3.9e-05	1.98572e-17
2.1e-05	-3.9e-05	-4.16231e-17
2.4e-05	-3.9e-05	9.42658e-17
2.7e-05	-3.9e-05	-2.06125e-16
3e-05	-3.9e-05	9.65793e-17
3.3e-05	-3.9e-05	-6.09218e-17
3.6e-05	-3.9e-05	1.46377e-16
3.9e-05	-3.9e-05	-1.40036e-16
4.2e-05	-3.9e-05	1.17948e-16
4.5e-05	-3.9e-05	-4.59034e-17
4.8e-05	-3.9e-05	5.74646e-17
5.1e-05	-3.9e-05	-4.13345e-18
5.4e-05	-3.9e-05	8.35637e-17
5.7e-05	-3.9e-05	2.44123e-17
-6e-05	-3.6e-05	6.98689e-17
-5.7e-05	-3.6e-05	2.94535e-17
-5.4e-05	-3.6e-05	1.43864e-17
-5.1e-05	-3.6e-05	5.91617e-17
-4.8e-05	-3.6e-05	-5.62416e-17
-4.5e-05	-3.6e-05	2.5779e-17
-4.2e-05	-3.6e-05	-6.02751e-17
-3.9e-05	-3.6e-05	-7.25831e-17
-3.6e-05	-3.6e-05	2.79641e-17
-3.3e-05	-3.6e-05	9.87578e-17
-3e-05	-3.6e-05	-1.24259e-17
-2.7e-05	-3.6e-05	-4.71822e-17
-2.4e-05	-3.6e-05	-8.2409e-17
-2.1e-05	-3.6e-05	5.28835e-19
-1.8e-05	-3.6e-05	4.70479e-17
-1.5e-05	-3.6e-05	-1.76704e-16
-1.2e-05	-3.6e-05	-5.17691e-16
-9e-06	-3.6e-05	-6.66486e-16
-6e-06	-3.6e-05	-8.04859e-16
-3e-06	-3.6e-05	-9.96217e-16
0	-3.6e-05	-8.96551e-16
3e-06	-3.6e-05	-7.59148e-16
6e-06	-3.6e-05	-5.50047e-16
9e-06	-3.6e-05	-5.54113e-17
1.2e-05	-3.6e-05	-2.36953e-17
1.5e-05	-3.6e-05	7.53878e-18
1.8e-05	-3.6e-05	3.54571e-17
2.1e-05	-3.6e-05	1.30793e-16
2.4e-05	-3.6e-05	-6.39201e-17
2.7e-05	-3.6e-05	8.05772e-17
3e-05	-3.6e-05	-1.23313e-16
3.3e-05	-3.6e-05	8.96904e-17
3.6e-05	-3.6e-05	-9.18824e-17
3.9e-05	-3.6e-05	1.00647e-16
4.2e-05	-3.6e-05	-3.55702e-17
4.5e-05	-3.6e-05	4.99939e-17
4.8e-05	-3.6e-05	-6.56644e-17
5.1e-05	-3.6e-05	2.36638e-17
5.4e-05	-3.6e-05	-5.37619e-17
5.7e-05	-3.6e-05	1.39191e-17
-6e-05	-3.3e-05	-1.84885e-17
-5.7e-05	-3.3e-05	-9.91329e-18
-5.4e-05	-3.3e-05	-1.65153e-17
-5.1e-05	-3.3e-05	-3.63467e-17
-4.8e-05	-3.3e-05	-6.20027e-17
-4.5e-05	-3.3e-05	-4.4966e-17
-4.2e-05	-3.3e-05	-6.29196e-18
-3.9e-05	-3.3e-05	-4.49808e-17
-3.6e-05	-3.3e-05	1.14784e-16
-3.3e-05	-3.3e-05	-2.30141e-17
-3e-05	-3.3e-05	-6.1161e-17
-2.7e-05	-3.3e-05	-9.8698e-17
-2.4e-05	-3.3e-05	-3.63529e-17
-2.1e-05	-3.3e-05	9.37537e-18
-1.8e-05	-3.3e-05	-8.4787e-16
-1.5e-05	-3.3e-05	-1.40445e-14
-1.2e-05	-3.3e-05	-4.34714e-14
-9e-06	-3.3e-05	-6.82328e-14
-6e-06	-3.3e-05	-8.44593e-14
-3e-06	-3.3e-05	-9.03472e-14
0	-3.3e-05	-8.52193e-14
3e-06	-3.3e-05	-6.98255e-14
6e-06	-3.3e-05	-4.6434e-14
9e-06	-3.3e-05	-1.88538e-14
1.2e-05	-3.3e-05	-1.11201e-15
1.5e-05	-3.3e-05	-1.11034e-16
1.8e-05	-3.3e-05	-3.02787e-17
2.1e-05	-3.3e-05	9.70938e-17
2.4e-05	-3.3e-05	5.39886e-17
2.7e-05	-3.3e-05	-4.7873e-17
3e-05	-3.3e-05	8.06347e-18
3.3e-05	-3.3e-05	-1.05189e-16
3.6e-05	-3.3e-05	1.16972e-16
3.9e-05	-3.3e-05	-2.41409e-17
4.2e-05	-3.3e-05	5.54634e-17
4.5e-05	-3.3e-05	3.61645e-17
4.8e-05	-3.3e-05	-2.52238e-17
5.1e-05	-3.3e-05	-1.59303e-17
5.4e-05	-3.3e-05	-8.23543e-18
5.7e-05	-3.3e-05	-2.82642e-17
-6e-05	-3e-05	-9.46411e-18
-5.7e-05	-3e-05	-4.32302e-17
-5.4e-05	-3e-05	-6.46949e-17
-5.1e-05	-3e-05	-4.30775e-17
-4.8e-05	-3e-05	-3.04219e-19
-4.5e-05	-3e-05	7.71825e-18
-4.2e-05	-3e-05	-4.25925e-17
-3.9e-05	-3e-05	3.85699e-17
-3.6e-05	-3e-05	1.39547e-17
-3.3e-05	-3e-05	-1.08177e-16
-3e-05	-3e-05	-2.50639e-17
-2.7e-05	-3e-05	-9.75769e-17
-2.4e-05	-3e-05	-1.54855e-16
-2.1e-05	-3e-05	-2.58987e-15
-1.8e-05	-3e-05	-7.47935e-14
-1.5e-05	-3e-05	-1.29716e-12
-1.2e-05	-3e-05	-4.10348e-12
-9e-06	-3e-05	-6.44057e-12
-6e-06	-3e-05	-7.9702e-12
-3e-06	-3e-05	-8.5216e-12
0	-3e-05	-8.03852e-12
3e-06	-3e-05	-6.59037e-12
6e-06	-3e-05	-4.37504e-12
9e-06	-3e-05	-1.76214e-12
1.2e-05	-3e-05	-1.03519e-13
1.5e-05	-3e-05	-3.58464e-15
1.8e-05	-3e-05	-1.10773e-16
2.1e-05	-3e-05	1.34657e-17
2.4e-05	-3e-05	1.13587e-16
2.7e-05	-3e-05	-1.37859e-17
3e-05	-3e-05	-3.77318e-17
3.3e-05	-3e-05	9.73072e-19
3.6e-05	-3e-05	-1.25872e-16
3.9e-05	-3e-05	1.33165e-17
4.2e-05	-3e-05	4.74086e-17
4.5e-05	-3e-05	-2.10741e-17
4.8e-05	-3e-05	7.47887e-17
5.1e-05	-3e-05	5.81555e-18
5.4e-05	-3e-05	4.30056e-18
5.7e-05	-3e-05	-4.13458e-18
-6e-05	-2.7e-05	-2.501e-19
-5.7e-05	-2.7e-05	3.27571e-17
-5.4e-05	-2.7e-05	5.39289e-19
-5.1e-05	-2.7e-05	7.19e-17
-4.8e-05	-2.7e-05	1.8915e-17
-4.5e-05	-2.7e-05	-3.51336e-17
-4.2e-05	-2.7e-05	6.18567e-18
-3.9e-05	-2.7e-05	1.14165e-17
-3.6e-05	-2.7e-05	-1.42571e-16
-3.3e-05	-2.7e-05	-2.87897e-17
-3e-05	-2.7e-05	-2.15014e-16
-2.7e-05	-2.7e-05	-1.31171e-16
-2.4e-05	-2.7e-05	-4.39621e-15
-2.1e-05	-2.7e-05	-1.80304e-13
-1.8e-05	-2.7e-05	-5.88864e-12
-1.5e-05	-2.7e-05	-1.2061e-10
-1.2e-05	-2.7e-05	-3.87039e-10
-9e-06	-2.7e-05	-6.07554e-10
-6e-06	-2.7e-05	-7.51823e-10
-3e-06	-2.7e-05	-8.03816e-10
0	-2.7e-05	-7.58233e-10
3e-06	-2.7e-05	-6.21621e-10
6e-06	-2.7e-05	-4.12558e-10
9e-06	-2.7e-05	-1.65051e-10
1.2e-05	-2.7e-05	-8.19532e-12
1.5e-05	-2.7e-05	-2.5242e-13
1.8e-05	-2.7e-05	-6.01189e-15
2.1e-05	-2.7e-05	-1.30077e-16
2.4e-05	-2.7e-05	-2.32444e-17
2.7e-05	-2.7e-05	1.00878e-16
3e-05	-2.7e-05	-3.95249e-18
3.3e-05	-2.7e-05	-8.09982e-17
3.6e-05	-2.7e-05	-1.73237e-17
3.9e-05	-2.7e-05	-1.9318e-17
4.2e-05	-2.7e-05	-1.06685e-16
4.5e-05	-2.7e-05	2.5262e-17
4.8e-05	-2.7e-05	-1.48082e-16
5.1e-05	-2.7e-05	-4.90474e-17
5.4e-05	-2.7e-05	-7.70651e-17
5.7e-05	-2.7e-05	-6.61435e-17
-6e-05	-2.4e-05	-4.91136e-17
-5.7e-05	-2.4e-05	-7.3835e-17
-5.4e-05	-2.4e-05	-6.64013e-17
-5.1e-05	-2.4e-05	-7.22803e-17
-4.8e-05	-2.4e-05	-1.01747e-16
-4.5e-05	-2.4e-05	-6.71036e-17
-4.2e-05	-2.4e-05	-5.43611e-17
-3.9e-05	-2.4e-05	-1.35373e-16
-3.6e-05	-2.4e-05	2.24826e-17
-3.3e-05	-2.4e-05	-1.31117e-16
-3e-05	-2.4e-05	1.34153e-17
-2.7e-05	-2.4e-05	-4.53738e-15
-2.4e-05	-2.4e-05	-2.37451e-13
-2.1e-05	-2.4e-05	-1.14534e-11
-1.8e-05	-2.4e-05	-4.45707e-10
-1.5e-05	-2.4e-05	-1.12104e-08
-1.2e-05	-2.4e-05	-3.65073e-08
-9e-06	-2.4e-05	-5.73114e-08
-6e-06	-2.4e-05	-7.09183e-08
-3e-06	-2.4e-05	-7.58217e-08
0	-2.4e-05	-7.1521e-08
3e-06	-2.4e-05	-5.86328e-08
6e-06	-2.4e-05	-3.89038e-08
9e-06	-2.4e-05	-1.54581e-08
1.2e-05	-2.4e-05	-6.23117e-10
1.5e-05	-2.4e-05	-1.60926e-11
1.8e-05	-2.4e-05	-3.34507e-13
2.1e-05	-2.4e-05	-6.09944e-15
2.4e-05	-2.4e-05	-4.60146e-17
2.7e-05	-2.4e-05	-9.54269e-17
3e-05	-2.4e-05	-2.56813e-17
3.3e-05	-2.4e-05	1.03197e-17
3.6e-05	-2.4e-05	5.33421e-18
3.9e-05	-2.4e-05	-1.37165e-17
4.2e-05	-2.4e-05	6.75505e-17
4.5e-05	-2.4e-05	-1.48846e-16
4.8e-05	-2.4e-05	-6.27878e-17
5.1e-05	-2.4e-05	-1.6049e-16
5.4e-05	-2.4e-05	-1.87203e-16
5.7e-05	-2.4e-05	-1.36477e-16
-6e-05	-2.1e-05	-1.68505e-16
-5.7e-05	-2.1e-05	-1.23576e-16
-5.4e-05	-2.1e-05	-1.14099e-16
-5.1e-05	-2.1e-05	-1.35164e-16
-4.8e-05	-2.1e-05	-8.32774e-17
-4.5e-05	-2.1e-05	-2.9772e-17
-4.2e-05	-2.1e-05	1.15096e-17
-3.9e-05	-2.1e-05	2.72471e-17
-3.6e-05	-2.1e-05	-1.47662e-16
-3.3e-05	-2.1e-05	4.93832e-17
-3e-05	-2.1e-05	-2.88054e-15
-2.7e-05	-2.1e-05	-1.78205e-13
-2.4e-05	-2.1e-05	-1.13871e-11
-2.1e-05	-2.1e-05	-6.5586e-10
-1.8e-05	-2.1e-05	-3.16565e-08
-1.5e-05	-2.1e-05	-1.04155e-06
-1.2e-05	-2.1e-05	-3.44369e-06
-9e-06	-2.1e-05	-5.40627e-06
-6e-06	-2.1e-05	-6.68962e-06
-3e-06	-2.1e-05	-7.15205e-06
0	-2.1e-05	-6.74628e-06
3e-06	-2.1e-05	-5.53039e-06
6e-06	-2.1e-05	-3.66868e-06
9e-06	-2.1e-05	-1.44763e-06
1.2e-05	-2.1e-05	-4.44718e-08
1.5e-05	-2.1e-05	-9.24671e-10
1.8e-05	-2.1e-05	-1.60775e-11
2.1e-05	-2.1e-05	-2.52037e-13
2.4e-05	-2.1e-05	-3.69386e-15
2.7e-05	-2.1e-05	-7.83036e-18
3e-05	-2.1e-05	-2.64123e-17
3.3e-05	-2.1e-05	-4.7665e-17
3.6e-05	-2.1e-05	-3.46467e-17
3.9e-05	-2.1e-05	8.23341e-17
4.2e-05	-2.1e-05	-8.45423e-17
4.5e-05	-2.1e-05	1.2484e-17
4.8e-05	-2.1e-05	-1.12886e-16
5.1e-05	-2.1e-05	-1.68553e-16
5.4e-05	-2.1e-05	-5.03443e-20
5.7e-05	-2.1e-05	-1.79827e-16
-6e-05	-1.8e-05	-3.25003e-17
-5.7e-05	-1.8e-05	-3.62029e-17
-5.4e-05	-1.8e-05	-1.06687e-16
-5.1e-05	-1.8e-05	-5.225e-17
-4.8e-05	-1.8e-05	6.2911e-17
-4.5e-05	-1.8e-05	6.36468e-17
-4.2e-05	-1.8e-05	-1.08447e-16
-3.9e-05	-1.8e-05	-1.91152e-16
-3.6e-05	-1.8e-05	-6.61059e-17
-3.3e-05	-1.8e-05	-1.12839e-15
-3e-05	-1.8e-05	-7.26454e-14
-2.7e-05	-1.8e-05	-5.76456e-12
-2.4e-05	-1.8e-05	-4.39331e-10
-2.1e-05	-1.8e-05	-3.14251e-08
-1.8e-05	-1.8e-05	-2.00323e-06
-1.5e-05	-1.8e-05	-9.67276e-05
-1.2e-05	-1.8e-05	-0.000324855
-9e-06	-1.8e-05	-0.000509981
-6e-06	-1.8e-05	-0.000631022
-3e-06	-1.8e-05	-0.000674633
0	-1.8e-05	-0.000636349
3e-06	-1.8e-05	-0.000521641
6e-06	-1.8e-05	-0.00034597
9e-06	-1.8e-05	-0.000135557
1.2e-05	-1.8e-05	-2.82974e-06
1.5e-05	-1.8e-05	-4.44646e-08
1.8e-05	-1.8e-05	-6.21673e-10
2.1e-05	-1.8e-05	-8.15223e-12
2.4e-05	-1.8e-05	-1.02575e-13
2.7e-05	-1.8e-05	-1.20128e-15
3e-05	-1.8e-05	-1.95971e-17
3.3e-05	-1.8e-05	-3.81385e-17
3.6e-05	-1.8e-05	2.82801e-17
3.9e-05	-1.8e-05	-8.91889e-17
4.2e-05	-1.8e-05	-3.69782e-17
4.5e-05	-1.8e-05	-9.81998e-17
4.8e-05	-1.8e-05	-1.79858e-16
5.1e-05	-1.8e-05	-2.79485e-18
5.4e-05	-1.8e-05	-1.86106e-16
5.7e-05	-1.8e-05	5.21403e-17
-6e-05	-1.5e-05	-7.80506e-17
-5.7e-05	-1.5e-05	-5.85924e-17
-5.4e-05	-1.5e-05	-5.6383e-17
-5.1e-05	-1.5e-05	1.14124e-16
-4.8e-05	-1.5e-05	5.88334e-18
-4.5e-05	-1.5e-05	-2.11278e-16
-4.2e-05	-1.5e-05	-2.61446e-16
-3.9e-05	-1.5e-05	-9.40815e-17
-3.6e-05	-1.5e-05	-3.09936e-16
-3.3e-05	-1.5e-05	-1.30451e-14
-3e-05	-1.5e-05	-1.22241e-12
-2.7e-05	-1.5e-05	-1.15046e-10
-2.4e-05	-1.5e-05	-1.08286e-08
-2.1e-05	-1.5e-05	-1.01929e-06
-1.8e-05	-1.5e-05	-9.59526e-05
-1.5e-05	-1.5e-05	-0.00897889
-1.2e-05	-1.5e-05	-0.0306462
-9e-06	-1.5e-05	-0.0481073
-6e-06	-1.5e-05	-0.0595234
-3e-06	-1.5e-05	-0.0636362
0	-1.5e-05	-0.0600242
3e-06	-1.5e-05	-0.0492025
6e-06	-1.5e-05	-0.0326272
9e-06	-1.5e-05	-0.0126926
1.2e-05	-1.5e-05	-0.000136621
1.5e-05	-1.5e-05	-1.44694e-06
1.8e-05	-1.5e-05	-1.53263e-08
2.1e-05	-1.5e-05	-1.62359e-10
2.4e-05	-1.5e-05	-1.72006e-12
2.7e-05	-1.5e-05	-1.81461e-14
3e-05	-1.5e-05	-1.57508e-16
3.3e-05	-1.5e-05	6.13802e-17
3.6e-05	-1.5e-05	-1.2136e-16
3.9e-05	-1.5e-05	9.50758e-18
4.2e-05	-1.5e-05	-2.15402e-16
4.5e-05	-1.5e-05	-1.16356e-16
4.8e-05	-1.5e-05	-9.64261e-17
5.1e-05	-1.5e-05	-2.28684e-16
5.4e-05	-1.5e-05	-5.96489e-17
5.7e-05	-1.5e-05	-1.57982e-16
-6e-05	-1.2e-05	-1.00383e-16
-5.7e-05	-1.2e-05	-1.38436e-16
-5.4e-05	-1.2e-05	4.27259e-17
-5.1e-05	-1.2e-05	-1.52817e-16
-4.8e-05	-1.2e-05	-2.06532e-16
-4.5e-05	-1.2e-05	-3.24667e-16
-4.2e-05	-1.2e-05	-5.48239e-17
-3.9e-05	-1.2e-05	-1.56523e-16
-3.6e-05	-1.2e-05	-3.88683e-16
-3.3e-05	-1.2e-05	-2.65003e-14
-3e-05	-1.2e-05	-2.48059e-12
-2.7e-05	-1.2e-05	-2.33782e-10
-2.4e-05	-1.2e-05	-2.20398e-08
-2.1e-05	-1.2e-05	-2.07782e-06
-1.8e-05	-1.2e-05	-0.00019589
-1.5e-05	-1.2e-05	-0.0183058
-1.2e-05	-1.2e-05	-0.05859
-9e-06	-1.2e-05	-0.0914142
-6e-06	-1.2e-05	-0.112931
-3e-06	-1.2e-05	-0.120651
0	-1.2e-05	-0.113726
3e-06	-1.2e-05	-0.0930666
6e-06	-1.2e-05	-0.0612581
9e-06	-1.2e-05	-0.0222708
1.2e-05	-1.2e-05	-0.000239423
1.5e-05	-1.2e-05	-2.53866e-06
1.8e-05	-1.2e-05	-2.6918e-08
2.1e-05	-1.2e-05	-2.85417e-10
2.4e-05	-1.2e-05	-3.02708e-12
2.7e-05	-1.2e-05	-3.23582e-14
3e-05	-1.2e-05	-4.82694e-16
3.3e-05	-1.2e-05	-7.19403e-17
3.6e-05	-1.2e-05	1.10839e-16
3.9e-05	-1.2e-05	-5.52028e-17
4.2e-05	-1.2e-05	2.7129e-17
4.5e-05	-1.2e-05	-6.00441e-17
4.8e-05	-1.2e-05	-4.14699e-17
5.1e-05	-1.2e-05	-7.44117e-17
5.4e-05	-1.2e-05	-4.92267e-18
5.7e-05	-1.2e-05	-1.19115e-16
-6e-05	-9e-06	-4.19961e-18
-5.7e-05	-9e-06	-1.41012e-17
-5.4e-05	-9e-06	-1.0978e-16
-5.1e-05	-9e-06	-1.77325e-16
-4.8e-05	-9e-06	-5.29348e-16
-4.5e-05	-9e-06	-8.88243e-16
-4.2e-05	-9e-06	-2.23503e-15
-3.9e-05	-9e-06	-5.12552e-15
-3.6e-05	-9e-06	-1.26196e-14
-3.3e-05	-9e-06	-6.6241e-14
-3e-05	-9e-06	-3.63186e-12
-2.7e-05	-9e-06	-3.36385e-10
-2.4e-05	-9e-06	-3.17046e-08
-2.1e-05	-9e-06	-2.98949e-06
-1.8e-05	-9e-06	-0.000281888
-1.5e-05	-9e-06	-0.0263147
-1.2e-05	-9e-06	-0.0814066
-9e-06	-9e-06	-0.126389
-6e-06	-9e-06	-0.155875
-3e-06	-9e-06	-0.16639
0	-9e-06	-0.156731
3e-06	-9e-06	-0.128085
6e-06	-9e-06	-0.0839071
9e-06	-9e-06	-0.0295329
1.2e-05	-9e-06	-0.00031721
1.5e-05	-9e-06	-3.36391e-06
1.8e-05	-9e-06	-3.56735e-08
2.1e-05	-9e-06	-3.78458e-10
2.4e-05	-9e-06	-4.07849e-12
2.7e-05	-9e-06	-7.14361e-14
3e-05	-9e-06	-1.28855e-14
3.3e-05	-9e-06	-5.41981e-15
3.6e-05	-9e-06	-2.23631e-15
3.9e-05	-9e-06	-9.88477e-16
4.2e-05	-9e-06	-3.09244e-16
4.5e-05	-9e-06	-1.32312e-16
4.8e-05	-9e-06	6.48587e-17
5.1e-05	-9e-06	7.02443e-17
5.4e-05	-9e-06	-2.13925e-17
5.7e-05	-9e-06	7.84622e-17
-6e-05	-6e-06	3.62404e-17
-5.7e-05	-6e-06	4.16006e-17
-5.4e-05	-6e-06	-6.9969e-17
-5.1e-05	-6e-06	-1.31118e-15
-4.8e-05	-6e-06	-2.33867e-14
-4.5e-05	-6e-06	-8.56195e-14
-4.2e-05	-6e-06	-2.1184e-13
-3.9e-05	-6e-06	-4.95395e-13
-3.6e-05	-6e-06	-1.14845e-12
-3.3e-05	-6e-06	-2.70438e-12
-3e-05	-6e-06	-1.05084e-11
-2.7e-05	-6e-06	-4.23746e-10
-2.4e-05	-6e-06	-3.86363e-08
-2.1e-05	-6e-06	-3.64013e-06
-1.8e-05	-6e-06	-0.000343242
-1.5e-05	-6e-06	-0.0320189
-1.2e-05	-6e-06	-0.0968434
-9e-06	-6e-06	-0.149707
-6e-06	-6e-06	-0.1843
-3e-06	-6e-06	-0.196558
0	-6e-06	-0.185051
3e-06	-6e-06	-0.151118
6e-06	-6e-06	-0.098726
9e-06	-6e-06	-0.0340714
1.2e-05	-6e-06	-0.000365752
1.5e-05	-6e-06	-3.87904e-06
1.8e-05	-6e-06	-4.11722e-08
2.1e-05	-6e-06	-4.50806e-10
2.4e-05	-6e-06	-1.08581e-11
2.7e-05	-6e-06	-2.73484e-12
3e-05	-6e-06	-1.16084e-12
3.3e-05	-6e-06	-5.01517e-13
3.6e-05	-6e-06	-2.16735e-13
3.9e-05	-6e-06	-9.26474e-14
4.2e-05	-6e-06	-3.78471e-14
4.5e-05	-6e-06	-1.13706e-14
4.8e-05	-6e-06	-5.55626e-16
5.1e-05	-6e-06	-5.55643e-17
5.4e-05	-6e-06	-3.19821e-17
5.7e-05	-6e-06	4.10677e-17
-6e-05	-3e-06	4.29615e-18
-5.7e-05	-3e-06	-4.70783e-18
-5.4e-05	-3e-06	-2.33013e-15
-5.1e-05	-3e-06	-8.55232e-14
-4.8e-05	-3e-06	-2.17258e-12
-4.5e-05	-3e-06	-8.00409e-12
-4.2e-05	-3e-06	-1.97968e-11
-3.9e-05	-3e-06	-4.62998e-11
-3.6e-05	-3e-06	-1.07285e-10
-3.3e-05	-3e-06	-2.48475e-10
-3e-05	-3e-06	-5.81023e-10
-2.7e-05	-3e-06	-1.78814e-09
-2.4e-05	-3e-06	-4.5183e-08
-2.1e-05	-3e-06	-3.97071e-06
-1.8e-05	-3e-06	-0.000373718
-1.5e-05	-3e-06	-0.0348387
-1.2e-05	-3e-06	-0.103435
-9e-06	-3e-06	-0.159134
-6e-06	-3e-06	-0.195466
-3e-06	-3e-06	-0.208263
0	-3e-06	-0.196039
3e-06	-3e-06	-0.160146
6e-06	-3e-06	-0.104597
9e-06	-3e-06	-0.0356769
1.2e-05	-3e-06	-0.000382947
1.5e-05	-3e-06	-4.06968e-06
1.8e-05	-3e-06	-4.62766e-08
2.1e-05	-3e-06	-1.81349e-09
2.4e-05	-3e-06	-5.87101e-10
2.7e-05	-3e-06	-2.5105e-10
3e-05	-3e-06	-1.0843e-10
3.3e-05	-3e-06	-4.68783e-11
3.6e-05	-3e-06	-2.02436e-11
3.9e-05	-3e-06	-8.66456e-12
4.2e-05	-3e-06	-3.52951e-12
4.5e-05	-3e-06	-1.05914e-12
4.8e-05	-3e-06	-4.2088e-14
5.1e-05	-3e-06	-1.18025e-15
5.4e-05	-3e-06	4.94336e-18
5.7e-05	-3e-06	-1.18414e-16
-6e-05	0	2.54772e-17
-5.7e-05	0	-2.22032e-15
-5.4e-05	0	-1.25001e-13
-5.1e-05	0	-6.06126e-12
-4.8e-05	0	-2.00906e-10
-4.5e-05	0	-7.48068e-10
-4.2e-05	0	-1.85027e-09
-3.9e-05	0	-4.32721e-09
-3.6e-05	0	-1.00267e-08
-3.3e-05	0	-2.32164e-08
-3e-05	0	-5.38568e-08
-2.7e-05	0	-1.25861e-07
-2.4e-05	0	-3.36205e-07
-2.1e-05	0	-4.64481e-06
-1.8e-05	0	-0.000373539
-1.5e-05	0	-0.0346441
-1.2e-05	0	-0.100702
-9e-06	0	-0.153741
-6e-06	0	-0.188174
-3e-06	0	-0.200244
0	0	-0.188582
3e-06	0	-0.154423
6e-06	0	-0.101368
9e-06	0	-0.0347403
1.2e-05	0	-0.000376921
1.5e-05	0	-4.69836e-06
1.8e-05	0	-3.39904e-07
2.1e-05	0	-1.27173e-07
2.4e-05	0	-5.44134e-08
2.7e-05	0	-2.34568e-08
3e-05	0	-1.01337e-08
3.3e-05	0	-4.38128e-09
3.6e-05	0	-1.89201e-09
3.9e-05	0	-8.09798e-10
4.2e-05	0	-3.2983e-10
4.5e-05	0	-9.83221e-11
4.8e-05	0	-2.9809e-12
5.1e-05	0	-6.15038e-14
5.4e-05	0	-1.25725e-15
5.7e-05	0	2.71286e-17
-6e-05	3e-06	-1.18419e-15
-5.7e-05	3e-06	-8.30568e-14
-5.4e-05	3e-06	-5.96172e-12
-5.1e-05	3e-06	-3.82056e-10
-4.8e-05	3e-06	-1.85742e-08
-4.5e-05	3e-06	-6.99173e-08
-4.2e-05	3e-06	-1.72931e-07
-3.9e-05	3e-06	-4.04426e-07
-3.6e-05	3e-06	-9.3708e-07
-3.3e-05	3e-06	-2.16967e-06
-3e-05	3e-06	-5.03225e-06
-2.7e-05	3e-06	-1.1718e-05
-2.4e-05	3e-06	-2.75326e-05
-2.1e-05	3e-06	-6.90618e-05
-1.8e-05	3e-06	-0.000502965
-1.5e-05	3e-06	-0.0325479
-1.2e-05	3e-06	-0.0893539
-9e-06	3e-06	-0.133924
-6e-06	3e-06	-0.162818
-3e-06	3e-06	-0.172939
0	3e-06	-0.163107
3e-06	3e-06	-0.134421
6e-06	3e-06	-0.0899354
9e-06	3e-06	-0.033196
1.2e-05	3e-06	-0.000596976
1.5e-05	3e-06	-7.07292e-05
1.8e-05	3e-06	-2.78326e-05
2.1e-05	3e-06	-1.184e-05
2.4e-05	3e-06	-5.08425e-06
2.7e-05	3e-06	-2.19214e-06
3e-05	3e-06	-9.47082e-07
3.3e-05	3e-06	-4.09478e-07
3.6e-05	3e-06	-1.76831e-07
3.9e-05	3e-06	-7.56853e-08
4.2e-05	3e-06	-3.08234e-08
4.5e-05	3e-06	-9.12633e-09
4.8e-05	3e-06	-1.88378e-10
5.1e-05	3e-06	-2.94075e-12
5.4e-05	3e-06	-4.0801e-14
5.7e-05	3e-06	-9.86412e-16
-6e-05	6e-06	-2.16083e-14
-5.7e-05	6e-06	-2.01931e-12
-5.4e-05	6e-06	-1.91343e-10
-5.1e-05	6e-06	-1.81739e-08
-4.8e-05	6e-06	-1.71664e-06
-4.5e-05	6e-06	-6.53494e-06
-4.2e-05	6e-06	-1.61626e-05
-3.9e-05	6e-06	-3.77981e-05
-3.6e-05	6e-06	-8.75784e-05
-3.3e-05	6e-06	-0.000202765
-3e-05	6e-06	-0.000470243
-2.7e-05	6e-06	-0.00109478
-2.4e-05	6e-06	-0.00256797
-2.1e-05	6e-06	-0.00610974
-1.8e-05	6e-06	-0.014916
-1.5e-05	6e-06	-0.0377559
-1.2e-05	6e-06	-0.0710451
-9e-06	6e-06	-0.101011
-6e-06	6e-06	-0.121256
-3e-06	6e-06	-0.128432
0	6e-06	-0.121444
3e-06	6e-06	-0.10134
6e-06	6e-06	-0.0714346
9e-06	6e-06	-0.0381222
1.2e-05	6e-06	-0.0150837
1.5e-05	6e-06	-0.0061758
1.8e-05	6e-06	-0.00259504
2.1e-05	6e-06	-0.00110616
2.4e-05	6e-06	-0.000475101
2.7e-05	6e-06	-0.000204865
3e-05	6e-06	-8.85131e-05
3.3e-05	6e-06	-3.82703e-05
3.6e-05	6e-06	-1.6527e-05
3.9e-05	6e-06	-7.07371e-06
4.2e-05	6e-06	-2.88058e-06
4.5e-05	6e-06	-8.46993e-07
4.8e-05	6e-06	-8.99285e-09
5.1e-05	6e-06	-9.44477e-11
5.4e-05	6e-06	-9.94048e-13
5.7e-05	6e-06	-1.14487e-14
-6e-05	9e-06	-5.66474e-14
-5.7e-05	9e-06	-2.8404e-12
-5.4e-05	9e-06	-2.28453e-10
-5.1e-05	9e-06	-2.11034e-08
-4.8e-05	9e-06	-1.97949e-06
-4.5e-05	9e-06	-6.78662e-06
-4.2e-05	9e-06	-1.66722e-05
-3.9e-05	9e-06	-3.89264e-05
-3.6e-05	9e-06	-8.99981e-05
-3.3e-05	9e-06	-0.000207508
-3e-05	9e-06	-0.000477373
-2.7e-05	9e-06	-0.00109397
-2.4e-05	9e-06	-0.00248815
-2.1e-05	9e-06	-0.00557333
-1.8e-05	9e-06	-0.0120909
-1.5e-05	9e-06	-0.0244031
-1.2e-05	9e-06	-0.0407959
-9e-06	9e-06	-0.0561201
-6e-06	9e-06	-0.0667106
-3e-06	9e-06	-0.0704983
0	9e-06	-0.0668064
3e-06	9e-06	-0.0562876
6e-06	9e-06	-0.0409946
9e-06	9e-06	-0.0245843
1.2e-05	9e-06	-0.0121993
1.5e-05	9e-06	-0.00562696
1.8e-05	9e-06	-0.00251286
2.1e-05	9e-06	-0.00110501
2.4e-05	9e-06	-0.000482229
2.7e-05	9e-06	-0.00020964
3e-05	9e-06	-9.09545e-05
3.3e-05	9e-06	-3.94095e-05
3.6e-05	9e-06	-1.70367e-05
3.9e-05	9e-06	-7.29185e-06
4.2e-05	9e-06	-2.95193e-06
4.5e-05	9e-06	-7.82932e-07
4.8e-05	9e-06	-8.34995e-09
5.1e-05	9e-06	-9.0635e-11
5.4e-05	9e-06	-1.13186e-12
5.7e-05	9e-06	-5.07422e-14
-6e-05	1.2e-05	-2.56979e-12
-5.7e-05	1.2e-05	-4.27689e-11
-5.4e-05	1.2e-05	-6.83379e-10
-5.1e-05	1.2e-05	-1.07772e-08
-4.8e-05	1.2e-05	-1.53089e-07
-4.5e-05	1.2e-05	-5.01851e-07
-4.2e-05	1.2e-05	-1.23133e-06
-3.9e-05	1.2e-05	-2.87449e-06
-3.6e-05	1.2e-05	-6.64462e-06
-3.3e-05	1.2e-05	-1.53151e-05
-3e-05	1.2e-05	-3.52083e-05
-2.7e-05	1.2e-05	-8.05757e-05
-2.4e-05	1.2e-05	-0.000182766
-2.1e-05	1.2e-05	-0.000407157
-1.8e-05	1.2e-05	-0.000873588
-1.5e-05	1.2e-05	-0.0017272
-1.2e-05	1.2e-05	-0.00285085
-9e-06	1.2e-05	-0.00390561
-6e-06	1.2e-05	-0.0046367
-3e-06	1.2e-05	-0.00489848
0	1.2e-05	-0.00464329
3e-06	1.2e-05	-0.00391714
6e-06	1.2e-05	-0.00286452
9e-06	1.2e-05	-0.00173963
1.2e-05	1.2e-05	-0.000881243
1.5e-05	1.2e-05	-0.000411031
1.8e-05	1.2e-05	-0.000184572
2.1e-05	1.2e-05	-8.13861e-05
2.4e-05	1.2e-05	-3.55659e-05
2.7e-05	1.2e-05	-1.54723e-05
3e-05	1.2e-05	-6.71521e-06
3.3e-05	1.2e-05	-2.91015e-06
3.6e-05	1.2e-05	-1.25816e-06
3.9e-05	1.2e-05	-5.38521e-07
4.2e-05	1.2e-05	-2.1817e-07
4.5e-05	1.2e-05	-6.17677e-08
4.8e-05	1.2e-05	-4.33848e-09
5.1e-05	1.2e-05	-2.75039e-10
5.4e-05	1.2e-05	-1.72171e-11
5.7e-05	1.2e-05	-1.13048e-12
-6e-05	1.5e-05	-8.91198e-13
-5.7e-05	1.5e-05	-1.06437e-11
-5.4e-05	1.5e-05	-1.28756e-10
-5.1e-05	1.5e-05	-1.39514e-09
-4.8e-05	1.5e-05	-1.17705e-08
-4.5e-05	1.5e-05	-3.71313e-08
-4.2e-05	1.5e-05	-9.09426e-08
-3.9e-05	1.5e-05	-2.12258e-07
-3.6e-05	1.5e-05	-4.90546e-07
-3.3e-05	1.5e-05	-1.13019e-06
-3e-05	1.5e-05	-2.59612e-06
-2.7e-05	1.5e-05	-5.9319e-06
-2.4e-05	1.5e-05	-1.34128e-05
-2.1e-05	1.5e-05	-2.96962e-05
-1.8e-05	1.5e-05	-6.2973e-05
-1.5e-05	1.5e-05	-0.000122161
-1.2e-05	1.5e-05	-0.000199242
-9e-06	1.5e-05	-0.000271834
-6e-06	1.5e-05	-0.00032229
-3e-06	1.5e-05	-0.000340379
0	1.5e-05	-0.000322743
3e-06	1.5e-05	-0.000272627
6e-06	1.5e-05	-0.000200183
9e-06	1.5e-05	-0.000123016
1.2e-05	1.5e-05	-6.35127e-05
1.5e-05	1.5e-05	-2.99753e-05
1.8e-05	1.5e-05	-1.35445e-05
2.1e-05	1.5e-05	-5.99138e-06
2.4e-05	1.5e-05	-2.62246e-06
2.7e-05	1.5e-05	-1.14178e-06
3e-05	1.5e-05	-4.95755e-07
3.3e-05	1.5e-05	-2.14889e-07
3.6e-05	1.5e-05	-9.2914e-08
3.9e-05	1.5e-05	-3.97725e-08
4.2e-05	1.5e-05	-1.61385e-08
4.5e-05	1.5e-05	-4.82067e-09
4.8e-05	1.5e-05	-5.66742e-10
5.1e-05	1.5e-05	-5.21479e-11
5.4e-05	1.5e-05	-4.306e-12
5.7e-05	1.5e-05	-3.4669e-13
-6e-05	1.8e-05	-1.82126e-13
-5.7e-05	1.8e-05	-1.70009e-12
-5.4e-05	1.8e-05	-1.67855e-11
-5.1e-05	1.8e-05	-1.42186e-10
-4.8e-05	1.8e-05	-9.00577e-10
-4.5e-05	1.8e-05	-2.74839e-09
-4.2e-05	1.8e-05	-6.71689e-09
-3.9e-05	1.8e-05	-1.5673e-08
-3.6e-05	1.8e-05	-3.62124e-08
-3.3e-05	1.8e-05	-8.3391e-08
-3e-05	1.8e-05	-1.91374e-07
-2.7e-05	1.8e-05	-4.36465e-07
-2.4e-05	1.8e-05	-9.8336e-07
-2.1e-05	1.8e-05	-2.16235e-06
-1.8e-05	1.8e-05	-4.53022e-06
-1.5e-05	1.8e-05	-8.6347e-06
-1.2e-05	1.8e-05	-1.39261e-05
-9e-06	1.8e-05	-1.89217e-05
-6e-06	1.8e-05	-2.24032e-05
-3e-06	1.8e-05	-2.36527e-05
0	1.8e-05	-2.24343e-05
3e-06	1.8e-05	-1.89763e-05
6e-06	1.8e-05	-1.39908e-05
9e-06	1.8e-05	-8.69346e-06
1.2e-05	1.8e-05	-4.56819e-06
1.5e-05	1.8e-05	-2.18241e-06
1.8e-05	1.8e-05	-9.92947e-07
2.1e-05	1.8e-05	-4.40825e-07
2.4e-05	1.8e-05	-1.93312e-07
2.7e-05	1.8e-05	-8.42456e-08
3e-05	1.8e-05	-3.65967e-08
3.3e-05	1.8e-05	-1.58671e-08
3.6e-05	1.8e-05	-6.86149e-09
3.9e-05	1.8e-05	-2.93752e-09
4.2e-05	1.8e-05	-1.19453e-09
4.5e-05	1.8e-05	-3.73085e-10
4.8e-05	1.8e-05	-5.82088e-11
5.1e-05	1.8e-05	-6.83597e-12
5.4e-05	1.8e-05	-6.90466e-13
5.7e-05	1.8e-05	-6.65284e-14
-6e-05	2.1e-05	-2.80931e-14
-5.7e-05	2.1e-05	-2.21202e-13
-5.4e-05	2.1e-05	-1.84966e-12
-5.1e-05	2.1e-05	-1.30704e-11
-4.8e-05	2.1e-05	-6.86202e-11
-4.5e-05	2.1e-05	-2.0349e-10
-4.2e-05	2.1e-05	-4.96109e-10
-3.9e-05	2.1e-05	-1.15723e-09
-3.6e-05	2.1e-05	-2.67299e-09
-3.3e-05	2.1e-05	-6.15197e-09
-3e-05	2.1e-05	-1.41027e-08
-2.7e-05	2.1e-05	-3.20953e-08
-2.4e-05	2.1e-05	-7.20185e-08
-2.1e-05	2.1e-05	-1.57197e-07
-1.8e-05	2.1e-05	-3.2531e-07
-1.5e-05	2.1e-05	-6.09967e-07
-1.2e-05	2.1e-05	-9.73434e-07
-9e-06	2.1e-05	-1.31722e-06
-6e-06	2.1e-05	-1.55739e-06
-3e-06	2.1e-05	-1.64369e-06
0	2.1e-05	-1.55953e-06
3e-06	2.1e-05	-1.32098e-06
6e-06	2.1e-05	-9.77885e-07
9e-06	2.1e-05	-6.14012e-07
1.2e-05	2.1e-05	-3.27978e-07
1.5e-05	2.1e-05	-1.58636e-07
1.8e-05	2.1e-05	-7.27152e-08
2.1e-05	2.1e-05	-3.24146e-08
2.4e-05	2.1e-05	-1.42451e-08
2.7e-05	2.1e-05	-6.21495e-09
3e-05	2.1e-05	-2.70134e-09
3.3e-05	2.1e-05	-1.17155e-09
3.6e-05	2.1e-05	-5.06696e-10
3.9e-05	2.1e-05	-2.16968e-10
4.2e-05	2.1e-05	-8.84533e-11
4.5e-05	2.1e-05	-2.86825e-11
4.8e-05	2.1e-05	-5.38907e-12
5.1e-05	2.1e-05	-7.58265e-13
5.4e-05	2.1e-05	-9.15371e-14
5.7e-05	2.1e-05	-1.02574e-14
-6e-05	2.4e-05	-5.40926e-15
-5.7e-05	2.4e-05	-2.54338e-14
-5.4e-05	2.4e-05	-1.86798e-13
-5.1e-05	2.4e-05	-1.13599e-12
-4.8e-05	2.4e-05	-5.21507e-12
-4.5e-05	2.4e-05	-1.50712e-11
-4.2e-05	2.4e-05	-3.66416e-11
-3.9e-05	2.4e-05	-8.5441e-11
-3.6e-05	2.4e-05	-1.97285e-10
-3.3e-05	2.4e-05	-4.53758e-10
-3e-05	2.4e-05	-1.03886e-09
-2.7e-05	2.4e-05	-2.35854e-09
-2.4e-05	2.4e-05	-5.26857e-09
-2.1e-05	2.4e-05	-1.14097e-08
-1.8e-05	2.4e-05	-2.33223e-08
-1.5e-05	2.4e-05	-4.30658e-08
-1.2e-05	2.4e-05	-6.80469e-08
-9e-06	2.4e-05	-9.1706e-08
-6e-06	2.4e-05	-1.0827e-07
-3e-06	2.4e-05	-1.1423e-07
0	2.4e-05	-1.08418e-07
3e-06	2.4e-05	-9.19646e-08
6e-06	2.4e-05	-6.83532e-08
9e-06	2.4e-05	-4.33444e-08
1.2e-05	2.4e-05	-2.35096e-08
1.5e-05	2.4e-05	-1.15126e-08
1.8e-05	2.4e-05	-5.31911e-09
2.1e-05	2.4e-05	-2.3819e-09
2.4e-05	2.4e-05	-1.04933e-09
2.7e-05	2.4e-05	-4.58397e-10
3e-05	2.4e-05	-1.99375e-10
3.3e-05	2.4e-05	-8.64967e-11
3.6e-05	2.4e-05	-3.74168e-11
3.9e-05	2.4e-05	-1.60261e-11
4.2e-05	2.4e-05	-6.55164e-12
4.5e-05	2.4e-05	-2.19199e-12
4.8e-05	2.4e-05	-4.7072e-13
5.1e-05	2.4e-05	-7.72286e-14
5.4e-05	2.4e-05	-1.13934e-14
5.7e-05	2.4e-05	-3.77157e-15
-6e-05	2.7e-05	-1.82398e-15
-5.7e-05	2.7e-05	-5.52629e-15
-5.4e-05	2.7e-05	-1.91614e-14
-5.1e-05	2.7e-05	-9.78511e-14
-4.8e-05	2.7e-05	-3.96247e-13
-4.5e-05	2.7e-05	-1.11411e-12
-4.2e-05	2.7e-05	-2.70565e-12
-3.9e-05	2.7e-05	-6.30734e-12
-3.6e-05	2.7e-05	-1.45595e-11
-3.3e-05	2.7e-05	-3.34609e-11
-3e-05	2.7e-05	-7.64953e-11
-2.7e-05	2.7e-05	-1.73194e-10
-2.4e-05	2.7e-05	-3.84984e-10
-2.1e-05	2.7e-05	-8.26868e-10
-1.8e-05	2.7e-05	-1.6696e-09
-1.5e-05	2.7e-05	-3.03908e-09
-1.2e-05	2.7e-05	-4.75695e-09
-9e-06	2.7e-05	-6.38519e-09
-6e-06	2.7e-05	-7.52747e-09
-3e-06	2.7e-05	-7.93885e-09
0	2.7e-05	-7.53762e-09
3e-06	2.7e-05	-6.40299e-09
6e-06	2.7e-05	-4.77803e-09
9e-06	2.7e-05	-3.05829e-09
1.2e-05	2.7e-05	-1.68273e-09
1.5e-05	2.7e-05	-8.34222e-10
1.8e-05	2.7e-05	-3.88644e-10
2.1e-05	2.7e-05	-1.74901e-10
2.4e-05	2.7e-05	-7.72643e-11
2.7e-05	2.7e-05	-3.38027e-11
3e-05	2.7e-05	-1.47134e-11
3.3e-05	2.7e-05	-6.38549e-12
3.6e-05	2.7e-05	-2.76294e-12
3.9e-05	2.7e-05	-1.18433e-12
4.2e-05	2.7e-05	-4.85332e-13
4.5e-05	2.7e-05	-1.67074e-13
4.8e-05	2.7e-05	-3.8195e-14
5.1e-05	2.7e-05	-6.82575e-15
5.4e-05	2.7e-05	-6.07591e-16
5.7e-05	2.7e-05	-1.26069e-16
-6e-05	3e-05	-1.43343e-16
-5.7e-05	3e-05	-7.95566e-16
-5.4e-05	3e-05	-1.3414e-15
-5.1e-05	3e-05	-7.63455e-15
-4.8e-05	3e-05	-2.77214e-14
-4.5e-05	3e-05	-8.20185e-14
-4.2e-05	3e-05	-2.00348e-13
-3.9e-05	3e-05	-4.67184e-13
-3.6e-05	3e-05	-1.07434e-12
-3.3e-05	3e-05	-2.46548e-12
-3e-05	3e-05	-5.62945e-12
-2.7e-05	3e-05	-1.27082e-11
-2.4e-05	3e-05	-2.80986e-11
-2.1e-05	3e-05	-5.98354e-11
-1.8e-05	3e-05	-1.19365e-10
-1.5e-05	3e-05	-2.14365e-10
-1.2e-05	3e-05	-3.32553e-10
-9e-06	3e-05	-4.44618e-10
-6e-06	3e-05	-5.23376e-10
-3e-06	3e-05	-5.51771e-10
0	3e-05	-5.24075e-10
3e-06	3e-05	-4.45842e-10
6e-06	3e-05	-3.34004e-10
9e-06	3e-05	-2.1569e-10
1.2e-05	3e-05	-1.20285e-10
1.5e-05	3e-05	-6.03596e-11
1.8e-05	3e-05	-2.83633e-11
2.1e-05	3e-05	-1.28328e-11
2.4e-05	3e-05	-5.6865e-12
2.7e-05	3e-05	-2.49199e-12
3e-05	3e-05	-1.08586e-12
3.3e-05	3e-05	-4.71492e-13
3.6e-05	3e-05	-2.03497e-13
3.9e-05	3e-05	-8.7398e-14
4.2e-05	3e-05	-3.63521e-14
4.5e-05	3e-05	-1.25997e-14
4.8e-05	3e-05	-3.70618e-15
5.1e-05	3e-05	8.01548e-17
5.4e-05	3e-05	-2.87614e-16
5.7e-05	3e-05	6.54453e-16
-6e-05	3.3e-05	-3.79007e-17
-5.7e-05	3.3e-05	1.43371e-15
-5.4e-05	3.3e-05	-5.59091e-16
-5.1e-05	3.3e-05	5.53176e-16
-4.8e-05	3.3e-05	-2.45163e-15
-4.5e-05	3.3e-05	-6.25131e-15
-4.2e-05	3.3e-05	-1.59825e-14
-3.9e-05	3.3e-05	-3.40157e-14
-3.6e-05	3.3e-05	-7.80319e-14
-3.3e-05	3.3e-05	-1.81712e-13
-3e-05	3.3e-05	-4.14612e-13
-2.7e-05	3.3e-05	-9.31755e-13
-2.4e-05	3.3e-05	-2.04845e-12
-2.1e-05	3.3e-05	-4.32364e-12
-1.8e-05	3.3e-05	-8.52368e-12
-1.5e-05	3.3e-05	-1.51141e-11
-1.2e-05	3.3e-05	-2.32489e-11
-9e-06	3.3e-05	-3.09624e-11
-6e-06	3.3e-05	-3.6392e-11
-3e-06	3.3e-05	-3.83514e-11
0	3.3e-05	-3.64401e-11
3e-06	3.3e-05	-3.10466e-11
6e-06	3.3e-05	-2.33488e-11
9e-06	3.3e-05	-1.52055e-11
1.2e-05	3.3e-05	-8.58804e-12
1.5e-05	3.3e-05	-4.36114e-12
1.8e-05	3.3e-05	-2.06752e-12
2.1e-05	3.3e-05	-9.40806e-13
2.4e-05	3.3e-05	-4.18251e-13
2.7e-05	3.3e-05	-1.83744e-13
3e-05	3.3e-05	-8.00594e-14
3.3e-05	3.3e-05	-3.51351e-14
3.6e-05	3.3e-05	-1.49787e-14
3.9e-05	3.3e-05	-5.86786e-15
4.2e-05	3.3e-05	-2.8671e-15
4.5e-05	3.3e-05	-7.7099e-16
4.8e-05	3.3e-05	-2.67742e-16
5.1e-05	3.3e-05	-5.93631e-16
5.4e-05	3.3e-05	3.3575e-16
5.7e-05	3.3e-05	-5.80677e-16
-6e-05	3.6e-05	2.62423e-16
-5.7e-05	3.6e-05	-3.7732e-16
-5.4e-05	3.6e-05	3.0357e-16
-5.1e-05	3.6e-05	-6.22767e-16
-4.8e-05	3.6e-05	-4.7274e-16
-4.5e-05	3.6e-05	-3.0818e-16
-4.2e-05	3.6e-05	-1.09491e-15
-3.9e-05	3.6e-05	-1.06061e-15
-3.6e-05	3.6e-05	-4.80674e-15
-3.3e-05	3.6e-05	-1.37259e-14
-3e-05	3.6e-05	-3.04606e-14
-2.7e-05	3.6e-05	-6.84101e-14
-2.4e-05	3.6e-05	-1.48998e-13
-2.1e-05	3.6e-05	-3.11924e-13
-1.8e-05	3.6e-05	-6.0802e-13
-1.5e-05	3.6e-05	-1.06522e-12
-1.2e-05	3.6e-05	-1.62534e-12
-9e-06	3.6e-05	-2.15633e-12
-6e-06	3.6e-05	-2.53061e-12
-3e-06	3.6e-05	-2.66579e-12
0	3.6e-05	-2.53391e-12
3e-06	3.6e-05	-2.16213e-12
6e-06	3.6e-05	-1.63223e-12
9e-06	3.6e-05	-1.07153e-12
1.2e-05	3.6e-05	-6.12502e-13
1.5e-05	3.6e-05	-3.14677e-13
1.8e-05	3.6e-05	-1.50543e-13
2.1e-05	3.6e-05	-6.89362e-14
2.4e-05	3.6e-05	-3.07882e-14
2.7e-05	3.6e-05	-1.34965e-14
3e-05	3.6e-05	-6.03082e-15
3.3e-05	3.6e-05	-2.70522e-15
3.6e-05	3.6e-05	-1.61387e-15
3.9e-05	3.6e-05	-5.63287e-16
4.2e-05	3.6e-05	1.0266e-16
4.5e-05	3.6e-05	-1.02972e-16
4.8e-05	3.6e-05	2.94349e-16
5.1e-05	3.6e-05	-3.15726e-16
5.4e-05	3.6e-05	3.60825e-16
5.7e-05	3.6e-05	-3.34727e-16
-6e-05	3.9e-05	2.58236e-16
-5.7e-05	3.9e-05	-1.66199e-16
-5.4e-05	3.9e-05	2.04413e-17
-5.1e-05	3.9e-05	1.93448e-16
-4.8e-05	3.9e-05	6.7363e-16
-4.5e-05	3.9e-05	-9.00843e-18
-4.2e-05	3.9e-05	6.71652e-16
-3.9e-05	3.9e-05	2.67489e-17
-3.6e-05	3.9e-05	-1.01802e-15
-3.3e-05	3.9e-05	-8.33844e-16
-3e-05	3.9e-05	-2.17662e-15
-2.7e-05	3.9e-05	-4.88735e-15
-2.4e-05	3.9e-05	-1.08494e-14
-2.1e-05	3.9e-05	-2.25085e-14
-1.8e-05	3.9e-05	-4.33354e-14
-1.5e-05	3.9e-05	-7.50176e-14
-1.2e-05	3.9e-05	-1.13635e-13
-9e-06	3.9e-05	-1.50189e-13
-6e-06	3.9e-05	-1.75976e-13
-3e-06	3.9e-05	-1.85311e-13
0	3.9e-05	-1.7621e-13
3e-06	3.9e-05	-1.50583e-13
6e-06	3.9e-05	-1.14108e-13
9e-06	3.9e-05	-7.54796e-14
1.2e-05	3.9e-05	-4.36379e-14
1.5e-05	3.9e-05	-2.26839e-14
1.8e-05	3.9e-05	-1.093e-14
2.1e-05	3.9e-05	-5.07044e-15
2.4e-05	3.9e-05	-2.26928e-15
2.7e-05	3.9e-05	-9.7519e-16
3e-05	3.9e-05	-2.01975e-16
3.3e-05	3.9e-05	-3.95654e-16
3.6e-05	3.9e-05	-5.65631e-17
3.9e-05	3.9e-05	-4.31846e-16
4.2e-05	3.9e-05	2.49834e-17
4.5e-05	3.9e-05	-5.68746e-17
4.8e-05	3.9e-05	2.77156e-16
5.1e-05	3.9e-05	5.38363e-16
5.4e-05	3.9e-05	1.51121e-16
5.7e-05	3.9e-05	1.74233e-16
-6e-05	4.2e-05	-8.68486e-17
-5.7e-05	4.2e-05	3.29012e-16
-5.4e-05	4.2e-05	-3.3864e-17
-5.1e-05	4.2e-05	5.49257e-16
-4.8e-05	4.2e-05	1.39267e-17
-4.5e-05	4.2e-05	2.86608e-16
-4.2e-05	4.2e-05	-2.9772e-16
-3.9e-05	4.2e-05	-7.24518e-16
-3.6e-05	4.2e-05	-4.24178e-16
-3.3e-05	4.2e-05	-2.08604e-16
-3e-05	4.2e-05	1.6446e-16
-2.7e-05	4.2e-05	-3.48664e-16
-2.4e-05	4.2e-05	-8.15968e-16
-2.1e-05	4.2e-05	-1.61138e-15
-1.8e-05	4.2e-05	-3.05405e-15
-1.5e-05	4.2e-05	-5.3131e-15
-1.2e-05	4.2e-05	-7.93488e-15
-9e-06	4.2e-05	-1.04531e-14
-6e-06	4.2e-05	-1.22425e-14
-3e-06	4.2e-05	-1.2879e-14
0	4.2e-05	-1.22547e-14
3e-06	4.2e-05	-1.04894e-14
6e-06	4.2e-05	-7.97367e-15
9e-06	4.2e-05	-5.3217e-15
1.2e-05	4.2e-05	-3.10199e-15
1.5e-05	4.2e-05	-1.62998e-15
1.8e-05	4.2e-05	-8.12195e-16
2.1e-05	4.2e-05	-3.47352e-16
2.4e-05	4.2e-05	-1.64651e-16
2.7e-05	4.2e-05	-7.84354e-17
3e-05	4.2e-05	-1.43559e-17
3.3e-05	4.2e-05	1.29521e-16
3.6e-05	4.2e-05	-6.18453e-17
3.9e-05	4.2e-05	1.25953e-16
4.2e-05	4.2e-05	-2.79307e-16
4.5e-05	4.2e-05	2.26919e-16
4.8e-05	4.2e-05	1.44522e-16
5.1e-05	4.2e-05	1.12308e-16
5.4e-05	4.2e-05	1.78188e-16
5.7e-05	4.2e-05	-2.29883e-16
-6e-05	4.5e-05	-9.8385e-17
-5.7e-05	4.5e-05	-9.09899e-17
-5.4e-05	4.5e-05	-8.25188e-17
-5.1e-05	4.5e-05	-4.20135e-17
-4.8e-05	4.5e-05	-2.1434e-16
-4.5e-05	4.5e-05	1.21995e-16
-4.2e-05	4.5e-05	-4.89225e-16
-3.9e-05	4.5e-05	1.63703e-16
-3.6e-05	4.5e-05	-8.67162e-17
-3.3e-05	4.5e-05	1.97599e-16
-3e-05	4.5e-05	5.3689e-17
-2.7e-05	4.5e-05	-8.56874e-17
-2.4e-05	4.5e-05	-2.9098e-17
-2.1e-05	4.5e-05	-9.65045e-17
-1.8e-05	4.5e-05	-2.42784e-16
-1.5e-05	4.5e-05	-3.69845e-16
-1.2e-05	4.5e-05	-5.54374e-16
-9e-06	4.5e-05	-7.39899e-16
-6e-06	4.5e-05	-8.47359e-16
-3e-06	4.5e-05	-8.9637e-16
0	4.5e-05	-8.52547e-16
3e-06	4.5e-05	-7.30637e-16
6e-06	4.5e-05	-5.59113e-16
9e-06	4.5e-05	-3.69974e-16
1.2e-05	4.5e-05	-2.2546e-16
1.5e-05	4.5e-05	-1.13102e-16
1.8e-05	4.5e-05	-5.24775e-17
2.1e-05	4.5e-05	-3.37452e-17
2.4e-05	4.5e-05	-8.65753e-19
2.7e-05	4.5e-05	-1.2526e-17
3e-05	4.5e-05	-5.91714e-17
3.3e-05	4.5e-05	2.67585e-17
3.6e-05	4.5e-05	1.20537e-16
3.9e-05	4.5e-05	-9.33307e-17
4.2e-05	4.5e-05	2.29738e-16
4.5e-05	4.5e-05	-3.31152e-16
4.8e-05	4.5e-05	1.136e-16
5.1e-05	4.5e-05	-3.36772e-16
5.4e-05	4.5e-05	2.22566e-16
5.7e-05	4.5e-05	-3.5698e-16
-6e-05	4.8e-05	1.9141e-17
-5.7e-05	4.8e-05	-1.67191e-16
-5.4e-05	4.8e-05	-2.25667e-17
-5.1e-05	4.8e-05	-9.44401e-17
-4.8e-05	4.8e-05	3.82724e-17
-4.5e-05	4.8e-05	-3.20206e-16
-4.2e-05	4.8e-05	1.66819e-16
-3.9e-05	4.8e-05	-1.80231e-16
-3.6e-05	4.8e-05	1.99605e-16
-3.3e-05	4.8e-05	-7.3422e-18
-3e-05	4.8e-05	-9.03744e-17
-2.7e-05	4.8e-05	-4.03754e-17
-2.4e-05	4.8e-05	3.05545e-17
-2.1e-05	4.8e-05	-4.3662e-17
-1.8e-05	4.8e-05	-3.68379e-18
-1.5e-05	4.8e-05	-2.83522e-17
-1.2e-05	4.8e-05	-5.17355e-17
-9e-06	4.8e-05	-4.57308e-17
-6e-06	4.8e-05	-5.95805e-17
-3e-06	4.8e-05	-6.22134e-17
0	4.8e-05	-5.92619e-17
3e-06	4.8e-05	-5.07431e-17
6e-06	4.8e-05	-3.87513e-17
9e-06	4.8e-05	-2.83495e-17
1.2e-05	4.8e-05	-1.09486e-17
1.5e-05	4.8e-05	-1.50137e-17
1.8e-05	4.8e-05	-4.88324e-18
2.1e-05	4.8e-05	1.00283e-17
2.4e-05	4.8e-05	-1.97711e-17
2.7e-05	4.8e-05	2.58693e-17
3e-05	4.8e-05	-2.81403e-18
3.3e-05	4.8e-05	2.53548e-17
3.6e-05	4.8e-05	-2.28463e-17
3.9e-05	4.8e-05	1.04728e-17
4.2e-05	4.8e-05	-2.11961e-17
4.5e-05	4.8e-05	1.17592e-16
4.8e-05	4.8e-05	-1.68369e-16
5.1e-05	4.8e-05	2.94534e-16
5.4e-05	4.8e-05	-1.82618e-16
5.7e-05	4.8e-05	1.36394e-16
-6e-05	5.1e-05	-1.93772e-16
-5.7e-05	5.1e-05	2.98643e-16
-5.4e-05	5.1e-05	-2.45994e-16
-5.1e-05	5.1e-05	2.35911e-16
-4.8e-05	5.1e-05	-6.17996e-17
-4.5e-05	5.1e-05	2.22648e-16
-4.2e-05	5.1e-05	-9.16051e-17
-3.9e-05	5.1e-05	1.29778e-16
-3.6e-05	5.1e-05	-5.35559e-17
-3.3e-05	5.1e-05	-6.12072e-17
-3e-05	5.1e-05	-2.30784e-17
-2.7e-05	5.1e-05	2.795e-17
-2.4e-05	5.1e-05	-3.78882e-17
-2.1e-05	5.1e-05	1.14983e-17
-1.8e-05	5.1e-05	-1.41364e-18
-1.5e-05	5.1e-05	-2.00518e-17
-1.2e-05	5.1e-05	6.827e-18
-9e-06	5.1e-05	-4.62437e-18
-6e-06	5.1e-05	-3.5121e-18
-3e-06	5.1e-05	-3.96847e-18
0	5.1e-05	-4.01442e-18
3e-06	5.1e-05	-3.68556e-18
6e-06	5.1e-05	-2.65908e-18
9e-06	5.1e-05	-1.54414e-18
1.2e-05	5.1e-05	-2.54461e-18
1.5e-05	5.1e-05	6.57708e-18
1.8e-05	5.1e-05	-7.66482e-18
2.1e-05	5.1e-05	1.00226e-18
2.4e-05	5.1e-05	1.26983e-17
2.7e-05	5.1e-05	-1.79476e-17
3e-05	5.1e-05	1.18199e-17
3.3e-05	5.1e-05	1.41893e-17
3.6e-05	5.1e-05	1.10292e-17
3.9e-05	5.1e-05	1.52875e-17
4.2e-05	5.1e-05	2.76356e-17
4.5e-05	5.1e-05	-2.40535e-17
4.8e-05	5.1e-05	7.35871e-17
5.1e-05	5.1e-05	1.18089e-18
5.4e-05	5.1e-05	1.06586e-16
5.7e-05	5.1e-05	-6.25533e-17
-6e-05	5.4e-05	5.55129e-17
-5.7e-05	5.4e-05	-7.25667e-17
-5.4e-05	5.4e-05	9.98677e-17
-5.1e-05	5.4e-05	-1.65475e-17
-4.8e-05	5.4e-05	7.61366e-17
-4.5e-05	5.4e-05	-4.96234e-17
-4.2e-05	5.4e-05	3.37514e-17
-3.9e-05	5.4e-05	1.83784e-17
-3.6e-05	5.4e-05	-7.88384e-19
-3.3e-05	5.4e-05	-2.9499e-17
-3e-05	5.4e-05	5.04667e-17
-2.7e-05	5.4e-05	-3.21341e-17
-2.4e-05	5.4e-05	1.61623e-17
-2.1e-05	5.4e-05	5.22029e-18
-1.8e-05	5.4e-05	-1.6531e-17
-1.5e-05	5.4e-05	9.16599e-18
-1.2e-05	5.4e-05	-2.65889e-18
-9e-06	5.4e-05	-7.05007e-19
-6e-06	5.4e-05	1.8226e-19
-3e-06	5.4e-05	-4.39115e-19
0	5.4e-05	-3.11651e-19
3e-06	5.4e-05	-2.00357e-19
6e-06	5.4e-05	-1.13397e-19
9e-06	5.4e-05	6.02677e-20
1.2e-05	5.4e-05	3.90535e-19
1.5e-05	5.4e-05	-2.90466e-18
1.8e-05	5.4e-05	5.76562e-18
2.1e-05	5.4e-05	-6.67639e-18
2.4e-05	5.4e-05	3.48374e-18
2.7e-05	5.4e-05	5.88948e-18
3e-05	5.4e-05	-2.10651e-17
3.3e-05	5.4e-05	2.11288e-17
3.6e-05	5.4e-05	-2.08673e-17
3.9e-05	5.4e-05	1.94671e-17
4.2e-05	5.4e-05	-3.41082e-17
4.5e-05	5.4e-05	2.42414e-17
4.8e-05	5.4e-05	-1.91615e-17
5.1e-05	5.4e-05	4.52255e-17
5.4e-05	5.4e-05	-9.04021e-18
5.7e-05	5.4e-05	3.5201e-17
-6e-05	5.7e-05	-8.75119e-19
-5.7e-05	5.7e-05	-3.61234e-18
-5.4e-05	5.7e-05	4.30733e-18
-5.1e-05	5.7e-05	-1.23326e-17
-4.8e-05	5.7e-05	-2.44557e-17
-4.5e-05	5.7e-05	2.75541e-18
-4.2e-05	5.7e-05	-1.25209e-17
-3.9e-05	5.7e-05	-1.92804e-18
-3.6e-05	5.7e-05	-3.7176e-17
-3.3e-05	5.7e-05	3.60236e-17
-3e-05	5.7e-05	-2.73036e-17
-2.7e-05	5.7e-05	1.67268e-17
-2.4e-05	5.7e-05	-9.32762e-19
-2.1e-05	5.7e-05	-9.7322e-18
-1.8e-05	5.7e-05	1.09729e-17
-1.5e-05	5.7e-05	-2.87852e-18
-1.2e-05	5.7e-05	5.05638e-19
-9e-06	5.7e-05	3.83597e-19
-6e-06	5.7e-05	-5.76493e-20
-3e-06	5.7e-05	-8.38337e-20
0	5.7e-05	-2.53843e-20
3e-06	5.7e-05	-4.84426e-20
6e-06	5.7e-05	9.80043e-20
9e-06	5.7e-05	-6.25085e-20
1.2e-05	5.7e-05	4.36322e-20
1.5e-05	5.7e-05	7.36547e-19
1.8e-05	5.7e-05	-2.4618e-18
2.1e-05	5.7e-05	5.97647e-18
2.4e-05	5.7e-05	-5.1019e-18
2.7e-05	5.7e-05	7.94498e-19
3e-05	5.7e-05	5.99027e-18
3.3e-05	5.7e-05	-1.29971e-17
3.6e-05	5.7e-05	2.10979e-17
3.9e-05	5.7e-05	-2.30461e-17
4.2e-05	5.7e-05	2.01682e-17
4.5e-05	5.7e-05	-2.08513e-17
4.8e-05	5.7e-05	1.59301e-17
5.1e-05	5.7e-05	-6.20375e-18
5.4e-05	5.7e-05	1.66646e-17
5.7e-05	5.7e-05	-4.32619e-18
