
-5.7e-05	6e-05	0.0136564
-5.4e-05	6e-05	-0.0156071
-5.1e-05	6e-05	0.0166398
-4.8e-05	6e-05	-0.0171295
-4.5e-05	6e-05	0.0172248
-4.2e-05	6e-05	-0.0170005
-3.9e-05	6e-05	0.0165085
-3.6e-05	6e-05	-0.0157957
-3.3e-05	6e-05	0.0149094
-3e-05	6e-05	-0.0138966
-2.7e-05	6e-05	0.0128019
-2.4e-05	6e-05	-0.0116644
-2.1e-05	6e-05	0.0105151
-1.8e-05	6e-05	-0.00937691
-1.5e-05	6e-05	0.00826471
-1.2e-05	6e-05	-0.00718684
-9e-06	6e-05	0.00614656
-6e-06	6e-05	-0.00514345
-3e-06	6e-05	0.00417457
0	6e-05	-0.00323533
3e-06	6e-05	0.00232011
6e-06	6e-05	-0.00142271
9e-06	6e-05	0.000536582
1.2e-05	6e-05	0.000344959
1.5e-05	6e-05	-0.00122861
1.8e-05	6e-05	0.00212101
2.1e-05	6e-05	-0.00302864
2.4e-05	6e-05	0.00395777
2.7e-05	6e-05	-0.00491444
3e-05	6e-05	0.00590447
3.3e-05	6e-05	-0.00693353
3.6e-05	6e-05	0.00800735
3.9e-05	6e-05	-0.00913234
4.2e-05	6e-05	0.0103169
4.5e-05	6e-05	-0.011575
4.8e-05	6e-05	0.0129351
5.1e-05	6e-05	-0.014465
5.4e-05	6e-05	0.0163431
5.7e-05	6e-05	-0.0190873

-5.7e-05	5.7e-05	-0.028353
-5.4e-05	5.7e-05	0.0310049
-5.1e-05	5.7e-05	-0.0326203
-4.8e-05	5.7e-05	0.0334161
-4.5e-05	5.7e-05	-0.033525
-4.2e-05	5.7e-05	0.0330405
-3.9e-05	5.7e-05	-0.032045
-3.6e-05	5.7e-05	0.0306239
-3.3e-05	5.7e-05	-0.0288681
-3e-05	5.7e-05	0.0268711
-2.7e-05	5.7e-05	-0.024722
-2.4e-05	5.7e-05	0.0224978
-2.1e-05	5.7e-05	-0.0202595
-1.8e-05	5.7e-05	0.0180504
-1.5e-05	5.7e-05	-0.015898
-1.2e-05	5.7e-05	0.0138169
-9e-06	5.7e-05	-0.0118119
-6e-06	5.7e-05	0.00988111
-3e-06	5.7e-05	-0.00801792
0	5.7e-05	0.0062129
3e-06	5.7e-05	-0.00445481
6e-06	5.7e-05	0.00273137
9e-06	5.7e-05	-0.00102981
1.2e-05	5.7e-05	-0.000662885
1.5e-05	5.7e-05	0.00235973
1.8e-05	5.7e-05	-0.00407358
2.1e-05	5.7e-05	0.00581698
2.4e-05	5.7e-05	-0.00760207
2.7e-05	5.7e-05	0.0094405
3e-05	5.7e-05	-0.0113434
3.3e-05	5.7e-05	0.0133214
3.6e-05	5.7e-05	-0.0153851
3.9e-05	5.7e-05	0.0175454
4.2e-05	5.7e-05	-0.019815
4.5e-05	5.7e-05	0.0222117
4.8e-05	5.7e-05	-0.024766
5.1e-05	5.7e-05	0.0275369
5.4e-05	5.7e-05	-0.0306395
5.7e-05	5.7e-05	0.0342677

-5.7e-05	5.4e-05	0.0423431
-5.4e-05	5.4e-05	-0.0451995
-5.1e-05	5.4e-05	0.047064
-4.8e-05	5.4e-05	-0.0479754
-4.5e-05	5.4e-05	0.0479967
-4.2e-05	5.4e-05	-0.0472045
-3.9e-05	5.4e-05	0.0456924
-3.6e-05	5.4e-05	-0.0435744
-3.3e-05	5.4e-05	0.0409825
-3e-05	5.4e-05	-0.0380567
-2.7e-05	5.4e-05	0.0349311
-2.4e-05	5.4e-05	-0.0317202
-2.1e-05	5.4e-05	0.0285111
-1.8e-05	5.4e-05	-0.0253632
-1.5e-05	5.4e-05	0.0223116
-1.2e-05	5.4e-05	-0.0193727
-9e-06	5.4e-05	0.0165498
-6e-06	5.4e-05	-0.0138373
-3e-06	5.4e-05	0.0112239
0	5.4e-05	-0.00869472
3e-06	5.4e-05	0.00623301
6e-06	5.4e-05	-0.00382085
9e-06	5.4e-05	0.00143979
1.2e-05	5.4e-05	0.000928774
1.5e-05	5.4e-05	-0.00330338
1.8e-05	5.4e-05	0.0057023
2.1e-05	5.4e-05	-0.0081434
2.4e-05	5.4e-05	0.0106439
2.7e-05	5.4e-05	-0.0132201
3e-05	5.4e-05	0.0158877
3.3e-05	5.4e-05	-0.0186612
3.6e-05	5.4e-05	0.0215548
3.9e-05	5.4e-05	-0.0245816
4.2e-05	5.4e-05	0.0277545
4.5e-05	5.4e-05	-0.0310862
4.8e-05	5.4e-05	0.0345911
5.1e-05	5.4e-05	-0.038288
5.4e-05	5.4e-05	0.0421967
5.7e-05	5.4e-05	-0.0463095

-5.7e-05	5.1e-05	-0.0542019
-5.4e-05	5.1e-05	0.0571205
-5.1e-05	5.1e-05	-0.059061
-4.8e-05	5.1e-05	0.0599588
-4.5e-05	5.1e-05	-0.0598147
-4.2e-05	5.1e-05	0.0586783
-3.9e-05	5.1e-05	-0.0566446
-3.6e-05	5.1e-05	0.0538511
-3.3e-05	5.1e-05	-0.0504702
-3e-05	5.1e-05	0.0466927
-2.7e-05	5.1e-05	-0.042702
-2.4e-05	5.1e-05	0.0386491
-2.1e-05	5.1e-05	-0.034642
-1.8e-05	5.1e-05	0.0307475
-1.5e-05	5.1e-05	-0.0270006
-1.2e-05	5.1e-05	0.0234129
-9e-06	5.1e-05	-0.0199817
-6e-06	5.1e-05	0.0166948
-3e-06	5.1e-05	-0.0135348
0	5.1e-05	0.010481
3e-06	5.1e-05	-0.0075114
6e-06	5.1e-05	0.00460319
9e-06	5.1e-05	-0.00173325
1.2e-05	5.1e-05	-0.00112153
1.5e-05	5.1e-05	0.00398406
1.8e-05	5.1e-05	-0.00687692
2.1e-05	5.1e-05	0.00982216
2.4e-05	5.1e-05	-0.0128409
2.7e-05	5.1e-05	0.0159534
3e-05	5.1e-05	-0.0191782
3.3e-05	5.1e-05	0.022533
3.6e-05	5.1e-05	-0.026034
3.9e-05	5.1e-05	0.029696
4.2e-05	5.1e-05	-0.0335302
4.5e-05	5.1e-05	0.0375417
4.8e-05	5.1e-05	-0.0417254
5.1e-05	5.1e-05	0.0460611
5.4e-05	5.1e-05	-0.0505017
5.7e-05	5.1e-05	0.0549479

-5.7e-05	4.8e-05	0.0629484
-5.4e-05	4.8e-05	-0.0658931
-5.1e-05	4.8e-05	0.0678341
-4.8e-05	4.8e-05	-0.0686527
-4.5e-05	4.8e-05	0.0683037
-4.2e-05	4.8e-05	-0.0668106
-3.9e-05	4.8e-05	0.0642647
-3.6e-05	4.8e-05	-0.0608248
-3.3e-05	4.8e-05	0.0567086
-3e-05	4.8e-05	-0.0521689
-2.7e-05	4.8e-05	0.0474502
-2.4e-05	4.8e-05	-0.0427402
-2.1e-05	4.8e-05	0.0381575
-1.8e-05	4.8e-05	-0.0337632
-1.5e-05	4.8e-05	0.0295796
-1.2e-05	4.8e-05	-0.0256054
-9e-06	4.8e-05	0.0218258
-6e-06	4.8e-05	-0.0182195
-3e-06	4.8e-05	0.0147616
0	4.8e-05	-0.0114259
3e-06	4.8e-05	0.00818578
6e-06	4.8e-05	-0.00501472
9e-06	4.8e-05	0.00188633
1.2e-05	4.8e-05	0.0012255
1.5e-05	4.8e-05	-0.00434659
1.8e-05	4.8e-05	0.00750239
2.1e-05	4.8e-05	-0.0107178
2.4e-05	4.8e-05	0.0140167
2.7e-05	4.8e-05	-0.0174217
3e-05	4.8e-05	0.0209534
3.3e-05	4.8e-05	-0.0246306
3.6e-05	4.8e-05	0.0284715
3.9e-05	4.8e-05	-0.0324929
4.2e-05	4.8e-05	0.0367065
4.5e-05	4.8e-05	-0.0411128
4.8e-05	4.8e-05	0.0456933
5.1e-05	4.8e-05	-0.0504018
5.4e-05	4.8e-05	0.0551528
5.7e-05	4.8e-05	-0.0598074

-5.7e-05	4.5e-05	-0.0679477
-5.4e-05	4.5e-05	0.0709093
-5.1e-05	4.5e-05	-0.0728293
-4.8e-05	4.5e-05	0.0735545
-4.5e-05	4.5e-05	-0.0730025
-4.2e-05	4.5e-05	0.0711691
-3.9e-05	4.5e-05	-0.0681361
-3.6e-05	4.5e-05	0.0640806
-3.3e-05	4.5e-05	-0.0592737
-3e-05	4.5e-05	0.0540553
-2.7e-05	4.5e-05	-0.0487618
-2.4e-05	4.5e-05	0.0436165
-2.1e-05	4.5e-05	-0.038728
-1.8e-05	4.5e-05	0.034129
-1.5e-05	4.5e-05	-0.0298125
-1.2e-05	4.5e-05	0.0257533
-9e-06	4.5e-05	-0.02192
-6e-06	4.5e-05	0.0182795
-3e-06	4.5e-05	-0.0147998
0	4.5e-05	0.0114497
3e-06	4.5e-05	-0.00819977
6e-06	4.5e-05	0.00502132
9e-06	4.5e-05	-0.00188658
1.2e-05	4.5e-05	-0.00123168
1.5e-05	4.5e-05	0.0043604
1.8e-05	4.5e-05	-0.00752626
2.1e-05	4.5e-05	0.0107556
2.4e-05	4.5e-05	-0.0140739
2.7e-05	4.5e-05	0.0175049
3e-05	4.5e-05	-0.0210693
3.3e-05	4.5e-05	0.0247852
3.6e-05	4.5e-05	-0.0286718
3.9e-05	4.5e-05	0.0327503
4.2e-05	4.5e-05	-0.0370384
4.5e-05	4.5e-05	0.0415397
4.8e-05	4.5e-05	-0.0462324
5.1e-05	4.5e-05	0.0510589
5.4e-05	4.5e-05	-0.0559161
5.7e-05	4.5e-05	0.0606483

-5.7e-05	4.2e-05	0.0688641
-5.4e-05	4.2e-05	-0.0718447
-5.1e-05	4.2e-05	0.073758
-4.8e-05	4.2e-05	-0.0744197
-4.5e-05	4.2e-05	0.0737092
-4.2e-05	4.2e-05	-0.0715856
-3.9e-05	4.2e-05	0.0681079
-3.6e-05	4.2e-05	-0.0634587
-3.3e-05	4.2e-05	0.0579683
-3e-05	4.2e-05	-0.0521119
-2.7e-05	4.2e-05	0.0464025
-2.4e-05	4.2e-05	-0.0410851
-2.1e-05	4.2e-05	0.0362111
-1.8e-05	4.2e-05	-0.0317469
-1.5e-05	4.2e-05	0.0276343
-1.2e-05	4.2e-05	-0.023815
-9e-06	4.2e-05	0.0202377
-6e-06	4.2e-05	-0.0168584
-3e-06	4.2e-05	0.0136391
0	4.2e-05	-0.0105464
3e-06	4.2e-05	0.0075499
6e-06	4.2e-05	-0.00462145
9e-06	4.2e-05	0.00173408
1.2e-05	4.2e-05	0.00113843
1.5e-05	4.2e-05	-0.00402207
1.8e-05	4.2e-05	0.00694296
2.1e-05	4.2e-05	-0.00992744
2.4e-05	4.2e-05	0.0130017
2.7e-05	4.2e-05	-0.01619
3e-05	4.2e-05	0.0195117
3.3e-05	4.2e-05	-0.0229787
3.6e-05	4.2e-05	0.0266087
3.9e-05	4.2e-05	-0.0304322
4.2e-05	4.2e-05	0.0344815
4.5e-05	4.2e-05	-0.0387742
4.8e-05	4.2e-05	0.0432978
5.1e-05	4.2e-05	-0.0479967
5.4e-05	4.2e-05	0.0527647
5.7e-05	4.2e-05	-0.0574415

-5.7e-05	3.9e-05	-0.0656423
-5.4e-05	3.9e-05	0.0686572
-5.1e-05	3.9e-05	-0.0706098
-4.8e-05	3.9e-05	0.071281
-4.5e-05	3.9e-05	-0.0705039
-4.2e-05	3.9e-05	0.068185
-3.9e-05	3.9e-05	-0.0643311
-3.6e-05	3.9e-05	0.0590936
-3.3e-05	3.9e-05	-0.0528412
-3e-05	3.9e-05	0.0462569
-2.7e-05	3.9e-05	-0.040299
-2.4e-05	3.9e-05	0.0351423
-2.1e-05	3.9e-05	-0.0306686
-1.8e-05	3.9e-05	0.0267197
-1.5e-05	3.9e-05	-0.0231665
-1.2e-05	3.9e-05	0.0199144
-9e-06	3.9e-05	-0.0168955
-6e-06	3.9e-05	0.0140593
-3e-06	3.9e-05	-0.0113665
0	3.9e-05	0.00878485
3e-06	3.9e-05	-0.00628661
6e-06	3.9e-05	0.00384665
9e-06	3.9e-05	-0.00144144
1.2e-05	3.9e-05	-0.000951816
1.5e-05	3.9e-05	0.00335595
1.8e-05	3.9e-05	-0.00579448
2.1e-05	3.9e-05	0.00829235
2.4e-05	3.9e-05	-0.0108761
2.7e-05	3.9e-05	0.0135722
3e-05	3.9e-05	-0.0163991
3.3e-05	3.9e-05	0.0193491
3.6e-05	3.9e-05	-0.02243
3.9e-05	3.9e-05	0.0256898
4.2e-05	3.9e-05	-0.02919
4.5e-05	3.9e-05	0.0329769
4.8e-05	3.9e-05	-0.0370599
5.1e-05	3.9e-05	0.0413981
5.4e-05	3.9e-05	-0.0458929
5.7e-05	3.9e-05	0.0503869

-5.7e-05	3.6e-05	0.0584893
-5.4e-05	3.6e-05	-0.0615722
-5.1e-05	3.6e-05	0.0636421
-4.8e-05	3.6e-05	-0.0644411
-4.5e-05	3.6e-05	0.0637473
-4.2e-05	3.6e-05	-0.0613935
-3.9e-05	3.6e-05	0.0572906
-3.6e-05	3.6e-05	-0.0514743
-3.3e-05	3.6e-05	0.0442285
-3e-05	3.6e-05	-0.036434
-2.7e-05	3.6e-05	0.0304831
-2.4e-05	3.6e-05	-0.0259777
-2.1e-05	3.6e-05	0.0223857
-1.8e-05	3.6e-05	-0.0193667
-1.5e-05	3.6e-05	0.0167238
-1.2e-05	3.6e-05	-0.0143419
-9e-06	3.6e-05	0.01215
-6e-06	3.6e-05	-0.0101011
-3e-06	3.6e-05	0.00816156
0	3.6e-05	-0.00630535
3e-06	3.6e-05	0.00451089
6e-06	3.6e-05	-0.0027592
9e-06	3.6e-05	0.00103273
1.2e-05	3.6e-05	0.000685566
1.5e-05	3.6e-05	-0.00241297
1.8e-05	3.6e-05	0.00416808
2.1e-05	3.6e-05	-0.00597234
2.4e-05	3.6e-05	0.00785249
2.7e-05	3.6e-05	-0.00984309
3e-05	3.6e-05	0.0119789
3.3e-05	3.6e-05	-0.0141906
3.6e-05	3.6e-05	0.0164522
3.9e-05	3.6e-05	-0.0188512
4.2e-05	3.6e-05	0.0215031
4.5e-05	3.6e-05	-0.0245011
4.8e-05	3.6e-05	0.0278896
5.1e-05	3.6e-05	-0.0316522
5.4e-05	3.6e-05	0.0357064
5.7e-05	3.6e-05	-0.0399036

-5.7e-05	3.3e-05	-0.0478478
-5.4e-05	3.3e-05	0.051052
-5.1e-05	3.3e-05	-0.0533479
-4.8e-05	3.3e-05	0.0544386
-4.5e-05	3.3e-05	-0.0540454
-4.2e-05	3.3e-05	0.0519159
-3.9e-05	3.3e-05	-0.0478246
-3.6e-05	3.3e-05	0.041566
-3.3e-05	3.3e-05	-0.0329695
-3e-05	3.3e-05	0.0221353
-2.7e-05	3.3e-05	-0.0170197
-2.4e-05	3.3e-05	0.0140229
-2.1e-05	3.3e-05	-0.0119127
-1.8e-05	3.3e-05	0.0102385
-1.5e-05	3.3e-05	-0.00881203
-1.2e-05	3.3e-05	0.00754331
-9e-06	3.3e-05	-0.00638375
-6e-06	3.3e-05	0.00530387
-3e-06	3.3e-05	-0.00428374
0	3.3e-05	0.00330859
3e-06	3.3e-05	-0.00236652
6e-06	3.3e-05	0.00144722
9e-06	3.3e-05	-0.000541216
1.2e-05	3.3e-05	-0.000360678
1.5e-05	3.3e-05	0.00126797
1.8e-05	3.3e-05	-0.00219141
2.1e-05	3.3e-05	0.00314497
2.4e-05	3.3e-05	-0.00415115
2.7e-05	3.3e-05	0.00525768
3e-05	3.3e-05	-0.00661751
3.3e-05	3.3e-05	0.0079569
3.6e-05	3.3e-05	-0.00914855
3.9e-05	3.3e-05	0.0103976
4.2e-05	3.3e-05	-0.0119169
4.5e-05	3.3e-05	0.0138648
4.8e-05	3.3e-05	-0.0163303
5.1e-05	3.3e-05	0.0193283
5.4e-05	3.3e-05	-0.0227974
5.7e-05	3.3e-05	0.0266025

-5.7e-05	3e-05	0.0343574
-5.4e-05	3e-05	-0.0377521
-5.1e-05	3e-05	0.0404049
-4.8e-05	3e-05	-0.0419874
-4.5e-05	3e-05	0.0421755
-4.2e-05	3e-05	-0.0406497
-3.9e-05	3e-05	0.0370711
-3.6e-05	3e-05	-0.0309927
-3.3e-05	3e-05	0.0215664
-3e-05	3e-05	-0.000519129
-2.7e-05	3e-05	0.000207722
-2.4e-05	3e-05	-0.000168598
-2.1e-05	3e-05	0.000143151
-1.8e-05	3e-05	-0.000123014
-1.5e-05	3e-05	0.000105866
-1.2e-05	3e-05	-9.06204e-05
-9e-06	3e-05	7.66884e-05
-6e-06	3e-05	-6.37147e-05
-3e-06	3e-05	5.14595e-05
0	3e-05	-3.97451e-05
3e-06	3e-05	2.84282e-05
6e-06	3e-05	-1.73848e-05
9e-06	3e-05	6.50128e-06
1.2e-05	3e-05	4.33298e-06
1.5e-05	3e-05	-1.52323e-05
1.8e-05	3e-05	2.6326e-05
2.1e-05	3e-05	-3.77792e-05
2.4e-05	3e-05	4.95881e-05
2.7e-05	3e-05	-3.91425e-05
3e-05	3e-05	0.000798485
3.3e-05	3e-05	-0.00129618
3.6e-05	3e-05	0.00112656
3.9e-05	3e-05	-0.000922715
4.2e-05	3e-05	0.00104128
4.5e-05	3e-05	-0.00170912
4.8e-05	3e-05	0.0030589
5.1e-05	3e-05	-0.00513697
5.4e-05	3e-05	0.00790546
5.7e-05	3e-05	-0.0112455

-5.7e-05	2.7e-05	-0.0188059
-5.4e-05	2.7e-05	0.0224669
-5.1e-05	2.7e-05	-0.0256132
-4.8e-05	2.7e-05	0.0278974
-4.5e-05	2.7e-05	-0.0289727
-4.2e-05	2.7e-05	0.0284997
-3.9e-05	2.7e-05	-0.0261394
-3.6e-05	2.7e-05	0.0215283
-3.3e-05	2.7e-05	-0.0142534
-3e-05	2.7e-05	0.000174977
-2.7e-05	2.7e-05	-4.52775e-06
-2.4e-05	2.7e-05	2.05103e-06
-2.1e-05	2.7e-05	-1.72048e-06
-1.8e-05	2.7e-05	1.47798e-06
-1.5e-05	2.7e-05	-1.27186e-06
-1.2e-05	2.7e-05	1.08865e-06
-9e-06	2.7e-05	-9.21262e-07
-6e-06	2.7e-05	7.65397e-07
-3e-06	2.7e-05	-6.18172e-07
0	2.7e-05	4.77446e-07
3e-06	2.7e-05	-3.41498e-07
6e-06	2.7e-05	2.08837e-07
9e-06	2.7e-05	-7.80956e-08
1.2e-05	2.7e-05	-5.20539e-08
1.5e-05	2.7e-05	1.82986e-07
1.8e-05	2.7e-05	-3.16198e-07
2.1e-05	2.7e-05	4.48724e-07
2.4e-05	2.7e-05	-1.70602e-07
2.7e-05	2.7e-05	-3.46609e-05
3e-05	2.7e-05	0.0028864
3.3e-05	2.7e-05	-0.00479085
3.6e-05	2.7e-05	0.00694259
3.9e-05	2.7e-05	-0.00894126
4.2e-05	2.7e-05	0.0104589
4.5e-05	2.7e-05	-0.0112519
4.8e-05	2.7e-05	0.0111618
5.1e-05	2.7e-05	-0.0101159
5.4e-05	2.7e-05	0.00812914
5.7e-05	2.7e-05	-0.00530247

-5.7e-05	2.4e-05	0.00207657
-5.4e-05	2.4e-05	-0.00607344
-5.1e-05	2.4e-05	0.0098333
-4.8e-05	2.4e-05	-0.0130008
-4.5e-05	2.4e-05	0.0152253
-4.2e-05	2.4e-05	-0.0161783
-3.9e-05	2.4e-05	0.01557
-3.6e-05	2.4e-05	-0.0131724
-3.3e-05	2.4e-05	0.00888362
-3e-05	2.4e-05	-0.000107219
-2.7e-05	2.4e-05	1.31878e-06
-2.4e-05	2.4e-05	-3.98619e-08
-2.1e-05	2.4e-05	2.08573e-08
-1.8e-05	2.4e-05	-1.77599e-08
-1.5e-05	2.4e-05	1.528e-08
-1.2e-05	2.4e-05	-1.30784e-08
-9e-06	2.4e-05	1.10672e-08
-6e-06	2.4e-05	-9.19463e-09
-3e-06	2.4e-05	7.42596e-09
0	2.4e-05	-5.73542e-09
3e-06	2.4e-05	4.10229e-09
6e-06	2.4e-05	-2.50867e-09
9e-06	2.4e-05	9.38112e-10
1.2e-05	2.4e-05	6.25328e-10
1.5e-05	2.4e-05	-2.1968e-09
1.8e-05	2.4e-05	3.67882e-09
2.1e-05	2.4e-05	4.5862e-09
2.4e-05	2.4e-05	-8.29272e-07
2.7e-05	2.4e-05	6.96887e-05
3e-05	2.4e-05	-0.00578943
3.3e-05	2.4e-05	0.0102845
3.6e-05	2.4e-05	-0.0146632
3.9e-05	2.4e-05	0.0186404
4.2e-05	2.4e-05	-0.0219279
4.5e-05	2.4e-05	0.0242834
4.8e-05	2.4e-05	-0.0255319
5.1e-05	2.4e-05	0.0255788
5.4e-05	2.4e-05	-0.0244164
5.7e-05	2.4e-05	0.0221262

-5.7e-05	2.1e-05	0.0149061
-5.4e-05	2.1e-05	-0.0105218
-5.1e-05	2.1e-05	0.00606458
-4.8e-05	2.1e-05	-0.00189195
-4.5e-05	2.1e-05	-0.00164929
-4.2e-05	2.1e-05	0.00424953
-3.9e-05	2.1e-05	-0.0056651
-3.6e-05	2.1e-05	0.00575602
-3.3e-05	2.1e-05	-0.00454698
-3e-05	2.1e-05	5.49909e-05
-2.7e-05	2.1e-05	-6.62055e-07
-2.4e-05	2.1e-05	8.25501e-09
-2.1e-05	2.1e-05	-3.44205e-10
-1.8e-05	2.1e-05	2.14508e-10
-1.5e-05	2.1e-05	-1.83585e-10
-1.2e-05	2.1e-05	1.57116e-10
-9e-06	2.1e-05	-1.32951e-10
-6e-06	2.1e-05	1.10454e-10
-3e-06	2.1e-05	-8.92066e-11
0	2.1e-05	6.88975e-11
3e-06	2.1e-05	-4.92798e-11
6e-06	2.1e-05	3.01352e-11
9e-06	2.1e-05	-1.12692e-11
1.2e-05	2.1e-05	-7.48762e-12
1.5e-05	2.1e-05	2.43543e-11
1.8e-05	2.1e-05	1.25403e-10
2.1e-05	2.1e-05	-1.41841e-08
2.4e-05	2.1e-05	1.18703e-06
2.7e-05	2.1e-05	-9.88976e-05
3e-05	2.1e-05	0.00822375
3.3e-05	2.1e-05	-0.0151516
3.6e-05	2.1e-05	0.0217262
3.9e-05	2.1e-05	-0.0276825
4.2e-05	2.1e-05	0.032745
4.5e-05	2.1e-05	-0.0366675
4.8e-05	2.1e-05	0.0392592
5.1e-05	2.1e-05	-0.0404031
5.4e-05	2.1e-05	0.0400676
5.7e-05	2.1e-05	-0.0383123

-5.7e-05	1.8e-05	-0.0312271
-5.4e-05	1.8e-05	0.0264298
-5.1e-05	1.8e-05	-0.0212398
-4.8e-05	1.8e-05	0.0160166
-4.5e-05	1.8e-05	-0.0111048
-4.2e-05	1.8e-05	0.00680159
-3.9e-05	1.8e-05	-0.00332438
-3.6e-05	1.8e-05	0.000776196
-3.3e-05	1.8e-05	0.000893239
-3e-05	1.8e-05	-1.10449e-05
-2.7e-05	1.8e-05	1.33665e-07
-2.4e-05	1.8e-05	-1.62097e-09
-2.1e-05	1.8e-05	2.25571e-11
-1.8e-05	1.8e-05	-2.80028e-12
-1.5e-05	1.8e-05	2.20826e-12
-1.2e-05	1.8e-05	-1.88756e-12
-9e-06	1.8e-05	1.59714e-12
-6e-06	1.8e-05	-1.32679e-12
-3e-06	1.8e-05	1.07161e-12
0	1.8e-05	-8.27963e-13
3e-06	1.8e-05	5.91594e-13
6e-06	1.8e-05	-3.62154e-13
9e-06	1.8e-05	1.36092e-13
1.2e-05	1.8e-05	5.97722e-14
1.5e-05	1.8e-05	2.23268e-12
1.8e-05	1.8e-05	-2.11875e-10
2.1e-05	1.8e-05	1.76948e-08
2.4e-05	1.8e-05	-1.4741e-06
2.7e-05	1.8e-05	0.000122798
3e-05	1.8e-05	-0.010217
3.3e-05	1.8e-05	0.0192772
3.6e-05	1.8e-05	-0.0278379
3.9e-05	1.8e-05	0.0356187
4.2e-05	1.8e-05	-0.0423367
4.5e-05	1.8e-05	0.0477334
4.8e-05	1.8e-05	-0.0515982
5.1e-05	1.8e-05	0.0537882
5.4e-05	1.8e-05	-0.054244
5.7e-05	1.8e-05	0.053

-5.7e-05	1.5e-05	0.0460287
-5.4e-05	1.5e-05	-0.0408214
-5.1e-05	1.5e-05	0.0349137
-4.8e-05	1.5e-05	-0.0286728
-4.5e-05	1.5e-05	0.0224481
-4.2e-05	1.5e-05	-0.0165354
-3.9e-05	1.5e-05	0.0111447
-3.6e-05	1.5e-05	-0.00637359
-3.3e-05	1.5e-05	0.00218726
-3e-05	1.5e-05	-2.59996e-05
-2.7e-05	1.5e-05	3.11299e-07
-2.4e-05	1.5e-05	-3.72717e-09
-2.1e-05	1.5e-05	4.45897e-11
-1.8e-05	1.5e-05	-5.03404e-13
-1.5e-05	1.5e-05	-2.01799e-14
-1.2e-05	1.5e-05	2.24559e-14
-9e-06	1.5e-05	-1.90786e-14
-6e-06	1.5e-05	1.59669e-14
-3e-06	1.5e-05	-1.27597e-14
0	1.5e-05	9.84778e-15
3e-06	1.5e-05	-7.18133e-15
6e-06	1.5e-05	4.56658e-15
9e-06	1.5e-05	-1.84462e-15
1.2e-05	1.5e-05	3.44575e-14
1.5e-05	1.5e-05	-2.91988e-12
1.8e-05	1.5e-05	2.43555e-10
2.1e-05	1.5e-05	-2.02893e-08
2.4e-05	1.5e-05	1.69016e-06
2.7e-05	1.5e-05	-0.000140794
3e-05	1.5e-05	0.0117191
3.3e-05	1.5e-05	-0.02251
3.6e-05	1.5e-05	0.0327184
3.9e-05	1.5e-05	-0.0420444
4.2e-05	1.5e-05	0.0501911
4.5e-05	1.5e-05	-0.0568829
4.8e-05	1.5e-05	0.0618844
5.1e-05	1.5e-05	-0.0650217
5.4e-05	1.5e-05	0.0662015
5.7e-05	1.5e-05	-0.0654273

-5.7e-05	1.2e-05	-0.0585538
-5.4e-05	1.2e-05	0.0529641
-5.1e-05	1.2e-05	-0.0463987
-4.8e-05	1.2e-05	0.0392415
-4.5e-05	1.2e-05	-0.0318577
-4.2e-05	1.2e-05	0.0245525
-3.9e-05	1.2e-05	-0.0175403
-3.6e-05	1.2e-05	0.0109258
-3.3e-05	1.2e-05	-0.0046983
-3e-05	1.2e-05	5.62006e-05
-2.7e-05	1.2e-05	-6.73983e-07
-2.4e-05	1.2e-05	8.08269e-09
-2.1e-05	1.2e-05	-9.69304e-11
-1.8e-05	1.2e-05	1.16172e-12
-1.5e-05	1.2e-05	-1.3545e-14
-1.2e-05	1.2e-05	1.26735e-17
-9e-06	1.2e-05	2.94791e-16
-6e-06	1.2e-05	-5.14027e-18
-3e-06	1.2e-05	2.63171e-16
0	1.2e-05	1.22718e-16
3e-06	1.2e-05	-1.89288e-16
6e-06	1.2e-05	8.33656e-17
9e-06	1.2e-05	8.95772e-16
1.2e-05	1.2e-05	-3.77227e-14
1.5e-05	1.2e-05	3.15922e-12
1.8e-05	1.2e-05	-2.63145e-10
2.1e-05	1.2e-05	2.19209e-08
2.4e-05	1.2e-05	-1.82609e-06
2.7e-05	1.2e-05	0.000152119
3e-05	1.2e-05	-0.0126661
3.3e-05	1.2e-05	0.0246989
3.6e-05	1.2e-05	-0.0361178
3.9e-05	1.2e-05	0.0466121
4.2e-05	1.2e-05	-0.0558748
4.5e-05	1.2e-05	0.0636132
4.8e-05	1.2e-05	-0.0695643
5.1e-05	1.2e-05	0.0735154
5.4e-05	1.2e-05	-0.0753304
5.7e-05	1.2e-05	0.0749736

-5.7e-05	9e-06	0.0681845
-5.4e-05	9e-06	-0.0622564
-5.1e-05	9e-06	0.0551236
-4.8e-05	9e-06	-0.0472021
-4.5e-05	9e-06	0.0388873
-4.2e-05	9e-06	-0.030503
-3.9e-05	9e-06	0.022271
-3.6e-05	9e-06	-0.0143017
-3.3e-05	9e-06	0.00659984
-3e-05	9e-06	-7.90829e-05
-2.7e-05	9e-06	9.48739e-07
-2.4e-05	9e-06	-1.13818e-08
-2.1e-05	9e-06	1.36544e-10
-1.8e-05	9e-06	-1.63837e-12
-1.5e-05	9e-06	1.97758e-14
-1.2e-05	9e-06	8.34409e-17
-9e-06	9e-06	2.02271e-16
-6e-06	9e-06	3.61412e-16
-3e-06	9e-06	3.36826e-16
0	9e-06	-1.04407e-16
3e-06	9e-06	-8.97199e-18
6e-06	9e-06	-1.79216e-16
9e-06	9e-06	-3.36e-16
1.2e-05	9e-06	3.89314e-14
1.5e-05	9e-06	-3.24152e-12
1.8e-05	9e-06	2.70041e-10
2.1e-05	9e-06	-2.24957e-08
2.4e-05	9e-06	1.874e-06
2.7e-05	9e-06	-0.000156114
3e-05	9e-06	0.0130029
3.3e-05	9e-06	-0.0257173
3.6e-05	9e-06	0.0378327
3.9e-05	9e-06	-0.049044
4.2e-05	9e-06	0.0590462
4.5e-05	9e-06	-0.0675355
4.8e-05	9e-06	0.0742187
5.1e-05	9e-06	-0.0788344
5.4e-05	9e-06	0.0811892
5.7e-05	9e-06	-0.0811951

-5.7e-05	6e-06	-0.0744769
-5.4e-05	6e-06	0.068256
-5.1e-05	6e-06	-0.060655
-4.8e-05	6e-06	0.0521459
-4.5e-05	6e-06	-0.043177
-4.2e-05	6e-06	0.0340976
-3.9e-05	6e-06	-0.0251302
-3.6e-05	6e-06	0.0163769
-3.3e-05	6e-06	-0.00783958
-3e-05	6e-06	9.40205e-05
-2.7e-05	6e-06	-1.12808e-06
-2.4e-05	6e-06	1.35349e-08
-2.1e-05	6e-06	-1.62394e-10
-1.8e-05	6e-06	1.94848e-12
-1.5e-05	6e-06	-2.35691e-14
-1.2e-05	6e-06	4.49226e-16
-9e-06	6e-06	4.94972e-16
-6e-06	6e-06	2.92227e-16
-3e-06	6e-06	3.57778e-16
0	6e-06	4.49417e-16
3e-06	6e-06	-1.96227e-17
6e-06	6e-06	-2.98465e-16
9e-06	6e-06	6.5118e-16
1.2e-05	6e-06	-3.82037e-14
1.5e-05	6e-06	3.16297e-12
1.8e-05	6e-06	-2.63527e-10
2.1e-05	6e-06	2.19536e-08
2.4e-05	6e-06	-1.82888e-06
2.7e-05	6e-06	0.000152358
3e-05	6e-06	-0.0126944
3.3e-05	6e-06	0.025477
3.6e-05	6e-06	-0.0377184
3.9e-05	6e-06	0.0491422
4.2e-05	6e-06	-0.0594649
4.5e-05	6e-06	0.0683851
4.8e-05	6e-06	-0.075579
5.1e-05	6e-06	0.0807191
5.4e-05	6e-06	-0.0835316
5.7e-05	6e-06	0.0838561

-5.7e-05	3e-06	0.0771907
-5.4e-05	3e-06	-0.070705
-5.1e-05	3e-06	0.0627125
-4.8e-05	3e-06	-0.0537823
-4.5e-05	3e-06	0.0444582
-4.2e-05	3e-06	-0.0351171
-3.9e-05	3e-06	0.0259597
-3.6e-05	3e-06	-0.017053
-3.3e-05	3e-06	0.00837061
-3e-05	3e-06	-0.00010045
-2.7e-05	3e-06	1.20526e-06
-2.4e-05	3e-06	-1.44613e-08
-2.1e-05	3e-06	1.73514e-10
-1.8e-05	3e-06	-2.08181e-12
-1.5e-05	3e-06	2.49007e-14
-1.2e-05	3e-06	-4.44077e-16
-9e-06	3e-06	2.28915e-16
-6e-06	3e-06	-1.11829e-16
-3e-06	3e-06	8.53155e-16
0	3e-06	5.32654e-16
3e-06	3e-06	7.04404e-17
6e-06	3e-06	2.18532e-16
9e-06	3e-06	-4.62898e-16
1.2e-05	3e-06	3.50137e-14
1.5e-05	3e-06	-2.92213e-12
1.8e-05	3e-06	2.43442e-10
2.1e-05	3e-06	-2.02808e-08
2.4e-05	3e-06	1.68957e-06
2.7e-05	3e-06	-0.000140756
3e-05	3e-06	0.0117323
3.3e-05	3e-06	-0.0239374
3.6e-05	3e-06	0.0356969
3.9e-05	3e-06	-0.0467913
4.2e-05	3e-06	0.0569902
4.5e-05	3e-06	-0.0660209
4.8e-05	3e-06	0.073533
5.1e-05	3e-06	-0.0791003
5.4e-05	3e-06	0.0823276
5.7e-05	3e-06	-0.082953

-5.7e-05	0	-0.0763177
-5.4e-05	0	0.0695528
-5.1e-05	0	-0.0611774
-4.8e-05	0	0.0519275
-4.5e-05	0	-0.0425447
-4.2e-05	0	0.0334158
-3.9e-05	0	-0.0246632
-3.6e-05	0	0.0162729
-3.3e-05	0	-0.00816288
-3e-05	0	9.80107e-05
-2.7e-05	0	-1.17594e-06
-2.4e-05	0	1.41091e-08
-2.1e-05	0	-1.69282e-10
-1.8e-05	0	2.03127e-12
-1.5e-05	0	-2.41672e-14
-1.2e-05	0	2.87022e-16
-9e-06	0	-3.08667e-16
-6e-06	0	3.04205e-16
-3e-06	0	5.09312e-16
0	0	1.68425e-16
3e-06	0	1.68481e-17
6e-06	0	-3.68465e-17
9e-06	0	6.18327e-16
1.2e-05	0	-3.01243e-14
1.5e-05	0	2.5247e-12
1.8e-05	0	-2.1033e-10
2.1e-05	0	1.75227e-08
2.4e-05	0	-1.45982e-06
2.7e-05	0	0.000121618
3e-05	0	-0.0101421
3.3e-05	0	0.0211143
3.6e-05	0	-0.0317615
3.9e-05	0	0.0419557
4.2e-05	0	-0.0515667
4.5e-05	0	0.0604057
4.8e-05	0	-0.0681199
5.1e-05	0	0.074107
5.4e-05	0	-0.0777781
5.7e-05	0	0.0787323

-5.7e-05	-3e-06	0.0721107
-5.4e-05	-3e-06	-0.0649866
-5.1e-05	-3e-06	0.0560973
-4.8e-05	-3e-06	-0.0464541
-4.5e-05	-3e-06	0.0373038
-4.2e-05	-3e-06	-0.0289244
-3.9e-05	-3e-06	0.0212228
-3.6e-05	-3e-06	-0.0140369
-3.3e-05	-3e-06	0.00721149
-3e-05	-3e-06	-8.66411e-05
-2.7e-05	-3e-06	1.03942e-06
-2.4e-05	-3e-06	-1.24698e-08
-2.1e-05	-3e-06	1.49598e-10
-1.8e-05	-3e-06	-1.79438e-12
-1.5e-05	-3e-06	2.17814e-14
-1.2e-05	-3e-06	-4.06321e-16
-9e-06	-3e-06	7.05113e-17
-6e-06	-3e-06	2.39364e-16
-3e-06	-3e-06	2.41053e-16
0	-3e-06	-8.57377e-17
3e-06	-3e-06	-2.24662e-16
6e-06	-3e-06	1.23873e-16
9e-06	-3e-06	-1.61769e-16
1.2e-05	-3e-06	2.3936e-14
1.5e-05	-3e-06	-1.98833e-12
1.8e-05	-3e-06	1.6566e-10
2.1e-05	-3e-06	-1.38008e-08
2.4e-05	-3e-06	1.14973e-06
2.7e-05	-3e-06	-9.57821e-05
3e-05	-3e-06	0.00799301
3.3e-05	-3e-06	-0.0170908
3.6e-05	-3e-06	0.0259848
3.9e-05	-3e-06	-0.0346723
4.2e-05	-3e-06	0.0431899
4.5e-05	-3e-06	-0.0515514
4.8e-05	-3e-06	0.0595129
5.1e-05	-3e-06	-0.0660762
5.4e-05	-3e-06	0.0703268
5.7e-05	-3e-06	-0.0716985

-5.7e-05	-6e-06	-0.0651174
-5.4e-05	-6e-06	0.0574909
-5.1e-05	-6e-06	-0.0477185
-4.8e-05	-6e-06	0.0371319
-4.5e-05	-6e-06	-0.0285971
-4.2e-05	-6e-06	0.0216655
-3.9e-05	-6e-06	-0.0157335
-3.6e-05	-6e-06	0.0104263
-3.3e-05	-6e-06	-0.00554025
-3e-05	-6e-06	6.6624e-05
-2.7e-05	-6e-06	-7.99042e-07
-2.4e-05	-6e-06	9.58314e-09
-2.1e-05	-6e-06	-1.14933e-10
-1.8e-05	-6e-06	1.37849e-12
-1.5e-05	-6e-06	-1.6376e-14
-1.2e-05	-6e-06	1.56841e-16
-9e-06	-6e-06	-1.42853e-16
-6e-06	-6e-06	1.68689e-16
-3e-06	-6e-06	9.47912e-17
0	-6e-06	-3.48783e-16
3e-06	-6e-06	8.68052e-17
6e-06	-6e-06	5.35617e-16
9e-06	-6e-06	-4.10969e-17
1.2e-05	-6e-06	-1.59822e-14
1.5e-05	-6e-06	1.34712e-12
1.8e-05	-6e-06	-1.12192e-10
2.1e-05	-6e-06	9.34456e-09
2.4e-05	-6e-06	-7.78322e-07
2.7e-05	-6e-06	6.48279e-05
3e-05	-6e-06	-0.00541589
3.3e-05	-6e-06	0.0120366
3.6e-05	-6e-06	-0.0185373
3.9e-05	-6e-06	0.0250541
4.2e-05	-6e-06	-0.0318491
4.5e-05	-6e-06	0.0393731
4.8e-05	-6e-06	-0.0480048
5.1e-05	-6e-06	0.0555845
5.4e-05	-6e-06	-0.0606739
5.7e-05	-6e-06	0.0626041

-5.7e-05	-9e-06	0.0562126
-5.4e-05	-9e-06	-0.0479879
-5.1e-05	-9e-06	0.0367066
-4.8e-05	-9e-06	-0.0230756
-4.5e-05	-9e-06	0.0162213
-4.2e-05	-9e-06	-0.0118419
-3.9e-05	-9e-06	0.0084829
-3.6e-05	-9e-06	-0.00564137
-3.3e-05	-9e-06	0.00318093
-3e-05	-9e-06	-3.83326e-05
-2.7e-05	-9e-06	4.5918e-07
-2.4e-05	-9e-06	-5.5013e-09
-2.1e-05	-9e-06	6.59192e-11
-1.8e-05	-9e-06	-7.90063e-13
-1.5e-05	-9e-06	9.63891e-15
-1.2e-05	-9e-06	-7.06041e-17
-9e-06	-9e-06	6.50935e-17
-6e-06	-9e-06	2.6555e-16
-3e-06	-9e-06	-3.13393e-16
0	-9e-06	-7.1833e-17
3e-06	-9e-06	1.77442e-16
6e-06	-9e-06	2.26938e-16
9e-06	-9e-06	3.49009e-17
1.2e-05	-9e-06	7.91255e-15
1.5e-05	-9e-06	-6.58212e-13
1.8e-05	-9e-06	5.47246e-11
2.1e-05	-9e-06	-4.55029e-09
2.4e-05	-9e-06	3.78384e-07
2.7e-05	-9e-06	-3.14678e-05
3e-05	-9e-06	0.00263469
3.3e-05	-9e-06	-0.00623273
3.6e-05	-9e-06	0.00973453
3.9e-05	-9e-06	-0.0133479
4.2e-05	-9e-06	0.0174784
4.5e-05	-9e-06	-0.0232427
4.8e-05	-9e-06	0.0340807
5.1e-05	-9e-06	-0.0435677
5.4e-05	-9e-06	0.0497972
5.7e-05	-9e-06	-0.052397

-5.7e-05	-1.2e-05	-0.0465599
-5.4e-05	-1.2e-05	0.0380748
-5.1e-05	-1.2e-05	-0.0253926
-4.8e-05	-1.2e-05	0.000575553
-4.5e-05	-1.2e-05	-0.00019872
-4.2e-05	-1.2e-05	0.000142427
-3.9e-05	-1.2e-05	-0.000101966
-3.6e-05	-1.2e-05	6.78135e-05
-3.3e-05	-1.2e-05	-3.81165e-05
-3e-05	-1.2e-05	8.96955e-07
-2.7e-05	-1.2e-05	-1.59118e-08
-2.4e-05	-1.2e-05	2.51259e-10
-2.1e-05	-1.2e-05	-3.7218e-12
-1.8e-05	-1.2e-05	5.32087e-14
-1.5e-05	-1.2e-05	-5.02428e-16
-1.2e-05	-1.2e-05	2.67982e-16
-9e-06	-1.2e-05	3.21264e-16
-6e-06	-1.2e-05	1.59553e-16
-3e-06	-1.2e-05	-1.7992e-16
0	-1.2e-05	4.6189e-17
3e-06	-1.2e-05	-6.19448e-17
6e-06	-1.2e-05	1.21114e-16
9e-06	-1.2e-05	3.42447e-16
1.2e-05	-1.2e-05	-7.14677e-16
1.5e-05	-1.2e-05	4.33325e-14
1.8e-05	-1.2e-05	-3.07905e-12
2.1e-05	-1.2e-05	2.07669e-10
2.4e-05	-1.2e-05	-1.31479e-08
2.7e-05	-1.2e-05	7.42189e-07
3e-05	-1.2e-05	-3.17903e-05
3.3e-05	-1.2e-05	7.48512e-05
3.6e-05	-1.2e-05	-0.000116941
3.9e-05	-1.2e-05	0.000160413
4.2e-05	-1.2e-05	-0.000211132
4.5e-05	-1.2e-05	0.000359586
4.8e-05	-1.2e-05	-0.0190455
5.1e-05	-1.2e-05	0.0316611
5.4e-05	-1.2e-05	-0.0389528
5.7e-05	-1.2e-05	0.0420882

-5.7e-05	-1.5e-05	0.0372754
-5.4e-05	-1.5e-05	-0.0296083
-5.1e-05	-1.5e-05	0.0184528
-4.8e-05	-1.5e-05	-0.000225521
-4.5e-05	-1.5e-05	5.01933e-06
-4.2e-05	-1.5e-05	-1.74412e-06
-3.9e-05	-1.5e-05	1.22603e-06
-3.6e-05	-1.5e-05	-8.15156e-07
-3.3e-05	-1.5e-05	4.56835e-07
-3e-05	-1.5e-05	-1.58843e-08
-2.7e-05	-1.5e-05	3.73072e-10
-2.4e-05	-1.5e-05	-7.32539e-12
-2.1e-05	-1.5e-05	1.29436e-13
-1.8e-05	-1.5e-05	-1.46575e-15
-1.5e-05	-1.5e-05	6.56201e-17
-1.2e-05	-1.5e-05	3.20387e-16
-9e-06	-1.5e-05	2.93937e-16
-6e-06	-1.5e-05	-2.55127e-16
-3e-06	-1.5e-05	2.37801e-16
0	-1.5e-05	-2.01865e-16
3e-06	-1.5e-05	1.3088e-17
6e-06	-1.5e-05	1.82486e-16
9e-06	-1.5e-05	-1.04024e-16
1.2e-05	-1.5e-05	-1.84356e-16
1.5e-05	-1.5e-05	-2.19323e-15
1.8e-05	-1.5e-05	1.07379e-13
2.1e-05	-1.5e-05	-6.06484e-12
2.4e-05	-1.5e-05	3.09252e-10
2.7e-05	-1.5e-05	-1.32089e-08
3e-05	-1.5e-05	3.83583e-07
3.3e-05	-1.5e-05	-8.98946e-07
3.6e-05	-1.5e-05	1.40505e-06
3.9e-05	-1.5e-05	-1.94803e-06
4.2e-05	-1.5e-05	4.24791e-06
4.5e-05	-1.5e-05	-0.000147906
4.8e-05	-1.5e-05	0.0122595
5.1e-05	-1.5e-05	-0.022791
5.4e-05	-1.5e-05	0.0294508
5.7e-05	-1.5e-05	-0.0324975

-5.7e-05	-1.8e-05	-0.0287756
-5.4e-05	-1.8e-05	0.0224915
-5.1e-05	-1.8e-05	-0.0136163
-4.8e-05	-1.8e-05	0.000164028
-4.5e-05	-1.8e-05	-1.99978e-06
-4.2e-05	-1.8e-05	4.42877e-08
-3.9e-05	-1.8e-05	-1.50175e-08
-3.6e-05	-1.8e-05	9.80177e-09
-3.3e-05	-1.8e-05	-5.47634e-09
-3e-05	-1.8e-05	2.50644e-10
-2.7e-05	-1.8e-05	-7.3181e-12
-2.4e-05	-1.8e-05	1.72025e-13
-2.1e-05	-1.8e-05	-3.58398e-15
-1.8e-05	-1.8e-05	4.79087e-16
-1.5e-05	-1.8e-05	-3.52596e-17
-1.2e-05	-1.8e-05	1.74066e-16
-9e-06	-1.8e-05	-8.80358e-17
-6e-06	-1.8e-05	-3.07232e-16
-3e-06	-1.8e-05	2.59869e-16
0	-1.8e-05	3.63237e-17
3e-06	-1.8e-05	-2.34715e-16
6e-06	-1.8e-05	2.1321e-16
9e-06	-1.8e-05	-1.54092e-16
1.2e-05	-1.8e-05	-2.89035e-16
1.5e-05	-1.8e-05	-5.00653e-17
1.8e-05	-1.8e-05	-2.87594e-15
2.1e-05	-1.8e-05	1.42878e-13
2.4e-05	-1.8e-05	-6.08436e-12
2.7e-05	-1.8e-05	2.093e-10
3e-05	-1.8e-05	-4.62835e-09
3.3e-05	-1.8e-05	1.07984e-08
3.6e-05	-1.8e-05	-1.70482e-08
3.9e-05	-1.8e-05	3.74882e-08
4.2e-05	-1.8e-05	-1.22175e-06
4.5e-05	-1.8e-05	9.91063e-05
4.8e-05	-1.8e-05	-0.00826187
5.1e-05	-1.8e-05	0.0161462
5.4e-05	-1.8e-05	-0.0214342
5.7e-05	-1.8e-05	0.0239161

-5.7e-05	-2.1e-05	0.0210693
-5.4e-05	-2.1e-05	-0.0163408
-5.1e-05	-2.1e-05	0.00984001
-4.8e-05	-2.1e-05	-0.000118514
-4.5e-05	-2.1e-05	1.42477e-06
-4.2e-05	-2.1e-05	-1.73679e-08
-3.9e-05	-2.1e-05	3.82863e-10
-3.6e-05	-2.1e-05	-1.2025e-10
-3.3e-05	-2.1e-05	6.56891e-11
-3e-05	-2.1e-05	-3.71225e-12
-2.7e-05	-2.1e-05	1.29656e-13
-2.4e-05	-2.1e-05	-3.65036e-15
-2.1e-05	-2.1e-05	9.91037e-17
-1.8e-05	-2.1e-05	2.07858e-16
-1.5e-05	-2.1e-05	8.7882e-18
-1.2e-05	-2.1e-05	-1.3659e-16
-9e-06	-2.1e-05	3.19863e-17
-6e-06	-2.1e-05	-2.31706e-16
-3e-06	-2.1e-05	2.21492e-16
0	-2.1e-05	5.17349e-17
3e-06	-2.1e-05	-2.71058e-16
6e-06	-2.1e-05	3.35629e-16
9e-06	-2.1e-05	2.00551e-16
1.2e-05	-2.1e-05	-1.82923e-16
1.5e-05	-2.1e-05	-3.12699e-16
1.8e-05	-2.1e-05	1.84962e-16
2.1e-05	-2.1e-05	-2.97799e-15
2.4e-05	-2.1e-05	1.07745e-13
2.7e-05	-2.1e-05	-3.11131e-12
3e-05	-2.1e-05	5.58617e-11
3.3e-05	-2.1e-05	-1.31031e-10
3.6e-05	-2.1e-05	3.15992e-10
3.9e-05	-2.1e-05	-9.69494e-09
4.2e-05	-2.1e-05	7.83266e-07
4.5e-05	-2.1e-05	-6.5091e-05
4.8e-05	-2.1e-05	0.00542946
5.1e-05	-2.1e-05	-0.0109313
5.4e-05	-2.1e-05	0.0146755
5.7e-05	-2.1e-05	-0.0163186

-5.7e-05	-2.4e-05	-0.0139525
-5.4e-05	-2.4e-05	0.0107821
-5.1e-05	-2.4e-05	-0.00659543
-4.8e-05	-2.4e-05	7.94757e-05
-4.5e-05	-2.4e-05	-9.54875e-07
-4.2e-05	-2.4e-05	1.14754e-08
-3.9e-05	-2.4e-05	-1.39966e-10
-3.6e-05	-2.4e-05	3.07182e-12
-3.3e-05	-2.4e-05	-8.07135e-13
-3e-05	-2.4e-05	5.29866e-14
-2.7e-05	-2.4e-05	-2.07795e-15
-2.4e-05	-2.4e-05	-3.40602e-17
-2.1e-05	-2.4e-05	-1.74602e-16
-1.8e-05	-2.4e-05	-8.60065e-17
-1.5e-05	-2.4e-05	-6.16367e-18
-1.2e-05	-2.4e-05	9.63944e-17
-9e-06	-2.4e-05	-9.89283e-17
-6e-06	-2.4e-05	1.83335e-16
-3e-06	-2.4e-05	2.44618e-16
0	-2.4e-05	-4.26828e-17
3e-06	-2.4e-05	1.02346e-16
6e-06	-2.4e-05	4.07914e-17
9e-06	-2.4e-05	2.25428e-16
1.2e-05	-2.4e-05	-8.0695e-17
1.5e-05	-2.4e-05	-3.5119e-16
1.8e-05	-2.4e-05	-1.36145e-16
2.1e-05	-2.4e-05	7.29742e-17
2.4e-05	-2.4e-05	-1.35366e-15
2.7e-05	-2.4e-05	4.48739e-14
3e-05	-2.4e-05	-6.83434e-13
3.3e-05	-2.4e-05	2.36616e-12
3.6e-05	-2.4e-05	-6.96584e-11
3.9e-05	-2.4e-05	5.59105e-09
4.2e-05	-2.4e-05	-4.64467e-07
4.5e-05	-2.4e-05	3.86074e-05
4.8e-05	-2.4e-05	-0.00322304
5.1e-05	-2.4e-05	0.00668449
5.4e-05	-2.4e-05	-0.00895746
5.7e-05	-2.4e-05	0.00964333

-5.7e-05	-2.7e-05	0.0070899
-5.4e-05	-2.7e-05	-0.00546064
-5.1e-05	-2.7e-05	0.00350417
-4.8e-05	-2.7e-05	-4.23006e-05
-4.5e-05	-2.7e-05	5.07612e-07
-4.2e-05	-2.7e-05	-6.09272e-09
-3.9e-05	-2.7e-05	7.31699e-11
-3.6e-05	-2.7e-05	-8.95312e-13
-3.3e-05	-2.7e-05	1.99917e-14
-3e-05	-2.7e-05	-6.87328e-16
-2.7e-05	-2.7e-05	8.25304e-18
-2.4e-05	-2.7e-05	-5.20621e-17
-2.1e-05	-2.7e-05	-1.84021e-16
-1.8e-05	-2.7e-05	-2.03051e-16
-1.5e-05	-2.7e-05	8.39198e-18
-1.2e-05	-2.7e-05	-2.03723e-16
-9e-06	-2.7e-05	2.67167e-16
-6e-06	-2.7e-05	1.99357e-16
-3e-06	-2.7e-05	3.19303e-16
0	-2.7e-05	-1.10785e-16
3e-06	-2.7e-05	-2.81272e-16
6e-06	-2.7e-05	2.88576e-16
9e-06	-2.7e-05	-2.22652e-16
1.2e-05	-2.7e-05	6.55512e-17
1.5e-05	-2.7e-05	-1.40029e-16
1.8e-05	-2.7e-05	-2.39996e-16
2.1e-05	-2.7e-05	2.82544e-16
2.4e-05	-2.7e-05	4.82348e-16
2.7e-05	-2.7e-05	-1.52666e-16
3e-05	-2.7e-05	1.26745e-14
3.3e-05	-2.7e-05	-3.82232e-13
3.6e-05	-2.7e-05	3.019e-11
3.9e-05	-2.7e-05	-2.50195e-09
4.2e-05	-2.7e-05	2.0757e-07
4.5e-05	-2.7e-05	-1.72233e-05
4.8e-05	-2.7e-05	0.0014405
5.1e-05	-2.7e-05	-0.00314322
5.4e-05	-2.7e-05	0.00417948
5.7e-05	-2.7e-05	-0.0042604

-5.7e-05	-3e-05	-9.40916e-05
-5.4e-05	-3e-05	7.19331e-05
-5.1e-05	-3e-05	-4.59447e-05
-4.8e-05	-3e-05	1.13376e-06
-4.5e-05	-3e-05	-2.10892e-08
-4.2e-05	-3e-05	3.49275e-10
-3.9e-05	-3e-05	-5.42861e-12
-3.6e-05	-3e-05	8.12623e-14
-3.3e-05	-3e-05	-1.25777e-15
-3e-05	-3e-05	-2.72725e-16
-2.7e-05	-3e-05	3.30745e-16
-2.4e-05	-3e-05	-2.82864e-16
-2.1e-05	-3e-05	8.67257e-17
-1.8e-05	-3e-05	-1.03102e-16
-1.5e-05	-3e-05	-1.98601e-17
-1.2e-05	-3e-05	1.24106e-17
-9e-06	-3e-05	-1.10963e-16
-6e-06	-3e-05	1.63746e-16
-3e-06	-3e-05	-7.65285e-17
0	-3e-05	-6.37562e-18
3e-06	-3e-05	-1.46679e-17
6e-06	-3e-05	-3.06579e-18
9e-06	-3e-05	-2.06078e-17
1.2e-05	-3e-05	-2.87852e-17
1.5e-05	-3e-05	1.8362e-16
1.8e-05	-3e-05	-2.68854e-16
2.1e-05	-3e-05	2.91422e-16
2.4e-05	-3e-05	-1.29716e-16
2.7e-05	-3e-05	2.13702e-16
3e-05	-3e-05	-6.19627e-16
3.3e-05	-3e-05	3.36088e-14
3.6e-05	-3e-05	-2.22986e-12
3.9e-05	-3e-05	1.43334e-10
4.2e-05	-3e-05	-8.65283e-09
4.5e-05	-3e-05	4.65877e-07
4.8e-05	-3e-05	-1.9038e-05
5.1e-05	-3e-05	4.13202e-05
5.4e-05	-3e-05	-5.49227e-05
5.7e-05	-3e-05	5.54607e-05

-5.7e-05	-3.3e-05	1.25708e-06
-5.4e-05	-3.3e-05	-9.47766e-07
-5.1e-05	-3.3e-05	6.02556e-07
-4.8e-05	-3.3e-05	-2.23089e-08
-4.5e-05	-3.3e-05	5.57601e-10
-4.2e-05	-3.3e-05	-1.16524e-11
-3.9e-05	-3.3e-05	2.19683e-13
-3.6e-05	-3.3e-05	-3.78949e-15
-3.3e-05	-3.3e-05	-5.03869e-18
-3e-05	-3.3e-05	1.61148e-16
-2.7e-05	-3.3e-05	-1.18492e-16
-2.4e-05	-3.3e-05	1.85035e-16
-2.1e-05	-3.3e-05	-1.68966e-16
-1.8e-05	-3.3e-05	-2.74592e-17
-1.5e-05	-3.3e-05	1.03802e-16
-1.2e-05	-3.3e-05	-1.62001e-16
-9e-06	-3.3e-05	1.23163e-16
-6e-06	-3.3e-05	-1.20794e-16
-3e-06	-3.3e-05	8.5338e-17
0	-3.3e-05	1.96298e-17
3e-06	-3.3e-05	-1.00393e-16
6e-06	-3.3e-05	6.06778e-17
9e-06	-3.3e-05	-1.0339e-16
1.2e-05	-3.3e-05	1.0228e-16
1.5e-05	-3.3e-05	-2.40781e-16
1.8e-05	-3.3e-05	3.21741e-16
2.1e-05	-3.3e-05	-2.15436e-16
2.4e-05	-3.3e-05	1.60083e-16
2.7e-05	-3.3e-05	-8.51248e-17
3e-05	-3.3e-05	1.91822e-17
3.3e-05	-3.3e-05	-1.55941e-15
3.6e-05	-3.3e-05	9.0296e-14
3.9e-05	-3.3e-05	-4.79205e-12
4.2e-05	-3.3e-05	2.29621e-10
4.5e-05	-3.3e-05	-9.21862e-09
4.8e-05	-3.3e-05	2.51612e-07
5.1e-05	-3.3e-05	-5.43202e-07
5.4e-05	-3.3e-05	7.21659e-07
5.7e-05	-3.3e-05	-7.22175e-07

-5.7e-05	-3.6e-05	-1.68958e-08
-5.4e-05	-3.6e-05	1.24913e-08
-5.1e-05	-3.6e-05	-7.90443e-09
-4.8e-05	-3.6e-05	3.88221e-10
-4.5e-05	-3.6e-05	-1.21526e-11
-4.2e-05	-3.6e-05	3.05779e-13
-3.9e-05	-3.6e-05	-6.72183e-15
-3.6e-05	-3.6e-05	3.65895e-16
-3.3e-05	-3.6e-05	-8.11603e-17
-3e-05	-3.6e-05	-3.00535e-17
-2.7e-05	-3.6e-05	1.92489e-16
-2.4e-05	-3.6e-05	-1.36863e-16
-2.1e-05	-3.6e-05	9.53171e-18
-1.8e-05	-3.6e-05	3.61186e-17
-1.5e-05	-3.6e-05	1.14085e-16
-1.2e-05	-3.6e-05	-7.79871e-17
-9e-06	-3.6e-05	-3.99473e-17
-6e-06	-3.6e-05	1.20055e-17
-3e-06	-3.6e-05	8.64392e-17
0	-3.6e-05	-2.16551e-16
3e-06	-3.6e-05	1.84544e-16
6e-06	-3.6e-05	-1.22153e-16
9e-06	-3.6e-05	6.29134e-17
1.2e-05	-3.6e-05	-1.36956e-16
1.5e-05	-3.6e-05	7.72559e-17
1.8e-05	-3.6e-05	-9.84749e-17
2.1e-05	-3.6e-05	1.70832e-16
2.4e-05	-3.6e-05	-2.01574e-17
2.7e-05	-3.6e-05	-2.59882e-17
3e-05	-3.6e-05	-3.2711e-17
3.3e-05	-3.6e-05	1.05834e-16
3.6e-05	-3.6e-05	-2.85931e-15
3.9e-05	-3.6e-05	1.26121e-13
4.2e-05	-3.6e-05	-5.02125e-12
4.5e-05	-3.6e-05	1.61182e-10
4.8e-05	-3.6e-05	-3.3254e-09
5.1e-05	-3.6e-05	7.14117e-09
5.4e-05	-3.6e-05	-9.48125e-09
5.7e-05	-3.6e-05	9.40626e-09

-5.7e-05	-3.9e-05	2.28284e-10
-5.4e-05	-3.9e-05	-1.64697e-10
-5.1e-05	-3.9e-05	1.03717e-10
-4.8e-05	-3.9e-05	-6.32114e-12
-4.5e-05	-3.9e-05	2.3716e-13
-4.2e-05	-3.9e-05	-7.01795e-15
-3.9e-05	-3.9e-05	2.58497e-16
-3.6e-05	-3.9e-05	-5.70971e-17
-3.3e-05	-3.9e-05	2.26349e-17
-3e-05	-3.9e-05	-1.84889e-17
-2.7e-05	-3.9e-05	-9.79617e-17
-2.4e-05	-3.9e-05	7.11837e-17
-2.1e-05	-3.9e-05	-1.2871e-16
-1.8e-05	-3.9e-05	1.26121e-16
-1.5e-05	-3.9e-05	-1.23834e-17
-1.2e-05	-3.9e-05	3.1938e-17
-9e-06	-3.9e-05	-1.64702e-16
-6e-06	-3.9e-05	2.44659e-16
-3e-06	-3.9e-05	-1.92021e-16
0	-3.9e-05	1.4613e-16
3e-06	-3.9e-05	-1.41085e-16
6e-06	-3.9e-05	1.60625e-16
9e-06	-3.9e-05	-5.56004e-17
1.2e-05	-3.9e-05	-8.66614e-17
1.5e-05	-3.9e-05	1.36589e-16
1.8e-05	-3.9e-05	-1.00271e-16
2.1e-05	-3.9e-05	1.86825e-16
2.4e-05	-3.9e-05	-1.61917e-16
2.7e-05	-3.9e-05	6.38007e-17
3e-05	-3.9e-05	-1.24471e-16
3.3e-05	-3.9e-05	-2.99436e-17
3.6e-05	-3.9e-05	2.02392e-16
3.9e-05	-3.9e-05	-2.88926e-15
4.2e-05	-3.9e-05	9.83541e-14
4.5e-05	-3.9e-05	-2.63592e-12
4.8e-05	-3.9e-05	4.39498e-11
5.1e-05	-3.9e-05	-9.38827e-11
5.4e-05	-3.9e-05	1.24553e-10
5.7e-05	-3.9e-05	-1.22549e-10

-5.7e-05	-4.2e-05	-3.0981e-12
-5.4e-05	-4.2e-05	2.17234e-12
-5.1e-05	-4.2e-05	-1.36106e-12
-4.8e-05	-4.2e-05	9.85099e-14
-4.5e-05	-4.2e-05	-4.0082e-15
-4.2e-05	-4.2e-05	1.47675e-17
-3.9e-05	-4.2e-05	4.87452e-17
-3.6e-05	-4.2e-05	8.06397e-17
-3.3e-05	-4.2e-05	-1.84114e-16
-3e-05	-4.2e-05	-3.30309e-17
-2.7e-05	-4.2e-05	-3.57631e-17
-2.4e-05	-4.2e-05	-6.95858e-17
-2.1e-05	-4.2e-05	2.48368e-17
-1.8e-05	-4.2e-05	1.12284e-16
-1.5e-05	-4.2e-05	2.59341e-17
-1.2e-05	-4.2e-05	-1.10987e-16
-9e-06	-4.2e-05	1.66399e-16
-6e-06	-4.2e-05	-9.44098e-17
-3e-06	-4.2e-05	1.6869e-17
0	-4.2e-05	-6.39321e-17
3e-06	-4.2e-05	3.82238e-17
6e-06	-4.2e-05	1.20693e-16
9e-06	-4.2e-05	-1.12389e-16
1.2e-05	-4.2e-05	9.82128e-17
1.5e-05	-4.2e-05	-9.9117e-17
1.8e-05	-4.2e-05	1.74422e-16
2.1e-05	-4.2e-05	-2.04599e-16
2.4e-05	-4.2e-05	1.55311e-16
2.7e-05	-4.2e-05	-1.77105e-16
3e-05	-4.2e-05	8.30188e-17
3.3e-05	-4.2e-05	-2.79465e-17
3.6e-05	-4.2e-05	6.70563e-17
3.9e-05	-4.2e-05	9.65501e-17
4.2e-05	-4.2e-05	-1.73335e-15
4.5e-05	-4.2e-05	4.1177e-14
4.8e-05	-4.2e-05	-5.80853e-13
5.1e-05	-4.2e-05	1.23418e-12
5.4e-05	-4.2e-05	-1.63614e-12
5.7e-05	-4.2e-05	1.59709e-12

-5.7e-05	-4.5e-05	4.24685e-14
-5.4e-05	-4.5e-05	-2.86146e-14
-5.1e-05	-4.5e-05	1.78579e-14
-4.8e-05	-4.5e-05	-1.35242e-15
-4.5e-05	-4.5e-05	-4.51543e-17
-4.2e-05	-4.5e-05	2.64796e-16
-3.9e-05	-4.5e-05	-2.20828e-16
-3.6e-05	-4.5e-05	1.33602e-16
-3.3e-05	-4.5e-05	-1.62767e-16
-3e-05	-4.5e-05	-2.63502e-17
-2.7e-05	-4.5e-05	-8.48099e-18
-2.4e-05	-4.5e-05	-5.77622e-17
-2.1e-05	-4.5e-05	1.73107e-17
-1.8e-05	-4.5e-05	9.43423e-18
-1.5e-05	-4.5e-05	-9.93605e-17
-1.2e-05	-4.5e-05	1.21636e-16
-9e-06	-4.5e-05	-1.28518e-16
-6e-06	-4.5e-05	2.1276e-16
-3e-06	-4.5e-05	-1.78837e-16
0	-4.5e-05	-9.26687e-17
3e-06	-4.5e-05	2.37429e-16
6e-06	-4.5e-05	-1.5921e-16
9e-06	-4.5e-05	4.44219e-17
1.2e-05	-4.5e-05	3.4809e-17
1.5e-05	-4.5e-05	3.21757e-17
1.8e-05	-4.5e-05	-7.5366e-17
2.1e-05	-4.5e-05	6.7123e-17
2.4e-05	-4.5e-05	-1.32453e-16
2.7e-05	-4.5e-05	2.52247e-17
3e-05	-4.5e-05	2.02864e-18
3.3e-05	-4.5e-05	4.91703e-17
3.6e-05	-4.5e-05	-6.4965e-17
3.9e-05	-4.5e-05	1.16094e-16
4.2e-05	-4.5e-05	-4.55326e-17
4.5e-05	-4.5e-05	-5.14928e-16
4.8e-05	-4.5e-05	7.46822e-15
5.1e-05	-4.5e-05	-1.61651e-14
5.4e-05	-4.5e-05	2.1593e-14
5.7e-05	-4.5e-05	-2.10495e-14

-5.7e-05	-4.8e-05	-6.18047e-16
-5.4e-05	-4.8e-05	4.9624e-16
-5.1e-05	-4.8e-05	-1.01222e-16
-4.8e-05	-4.8e-05	-1.28664e-16
-4.5e-05	-4.8e-05	2.23428e-16
-4.2e-05	-4.8e-05	-2.40868e-16
-3.9e-05	-4.8e-05	2.54636e-16
-3.6e-05	-4.8e-05	-2.98729e-16
-3.3e-05	-4.8e-05	2.33962e-16
-3e-05	-4.8e-05	-1.63485e-16
-2.7e-05	-4.8e-05	9.81021e-17
-2.4e-05	-4.8e-05	-6.04246e-17
-2.1e-05	-4.8e-05	-2.55756e-17
-1.8e-05	-4.8e-05	-5.03991e-17
-1.5e-05	-4.8e-05	-6.8114e-17
-1.2e-05	-4.8e-05	-4.27839e-17
-9e-06	-4.8e-05	2.049e-16
-6e-06	-4.8e-05	-2.64259e-16
-3e-06	-4.8e-05	1.82799e-16
0	-4.8e-05	-9.10658e-17
3e-06	-4.8e-05	6.74661e-17
6e-06	-4.8e-05	3.12928e-17
9e-06	-4.8e-05	-7.88025e-17
1.2e-05	-4.8e-05	3.6737e-17
1.5e-05	-4.8e-05	6.47776e-17
1.8e-05	-4.8e-05	4.41441e-18
2.1e-05	-4.8e-05	-1.04747e-16
2.4e-05	-4.8e-05	4.89107e-17
2.7e-05	-4.8e-05	1.01694e-16
3e-05	-4.8e-05	-5.37068e-17
3.3e-05	-4.8e-05	1.33483e-16
3.6e-05	-4.8e-05	-5.38112e-17
3.9e-05	-4.8e-05	-1.03335e-16
4.2e-05	-4.8e-05	1.66629e-16
4.5e-05	-4.8e-05	-1.18968e-16
4.8e-05	-4.8e-05	-1.25521e-17
5.1e-05	-4.8e-05	1.0417e-16
5.4e-05	-4.8e-05	-2.20841e-16
5.7e-05	-4.8e-05	3.57025e-16

-5.7e-05	-5.1e-05	-8.56805e-17
-5.4e-05	-5.1e-05	1.73595e-16
-5.1e-05	-5.1e-05	-1.07393e-16
-4.8e-05	-5.1e-05	8.8159e-17
-4.5e-05	-5.1e-05	-3.87459e-18
-4.2e-05	-5.1e-05	-8.6173e-17
-3.9e-05	-5.1e-05	-1.53879e-17
-3.6e-05	-5.1e-05	3.92985e-17
-3.3e-05	-5.1e-05	-4.35585e-17
-3e-05	-5.1e-05	5.99412e-17
-2.7e-05	-5.1e-05	4.76665e-17
-2.4e-05	-5.1e-05	-3.11216e-17
-2.1e-05	-5.1e-05	1.97907e-16
-1.8e-05	-5.1e-05	-2.33471e-16
-1.5e-05	-5.1e-05	2.13642e-16
-1.2e-05	-5.1e-05	-1.75738e-16
-9e-06	-5.1e-05	6.80432e-18
-6e-06	-5.1e-05	1.14774e-16
-3e-06	-5.1e-05	-2.23091e-16
0	-5.1e-05	2.68872e-16
3e-06	-5.1e-05	-1.1452e-16
6e-06	-5.1e-05	-4.29293e-17
9e-06	-5.1e-05	-4.69076e-17
1.2e-05	-5.1e-05	2.92009e-17
1.5e-05	-5.1e-05	7.79122e-17
1.8e-05	-5.1e-05	-9.60089e-17
2.1e-05	-5.1e-05	6.51133e-17
2.4e-05	-5.1e-05	8.08519e-17
2.7e-05	-5.1e-05	-1.38138e-16
3e-05	-5.1e-05	2.4078e-16
3.3e-05	-5.1e-05	-2.4993e-16
3.6e-05	-5.1e-05	-1.27416e-17
3.9e-05	-5.1e-05	-6.74196e-17
4.2e-05	-5.1e-05	-7.22345e-17
4.5e-05	-5.1e-05	1.91747e-16
4.8e-05	-5.1e-05	-1.71372e-16
5.1e-05	-5.1e-05	5.03674e-17
5.4e-05	-5.1e-05	-2.01647e-17
5.7e-05	-5.1e-05	8.14097e-17

-5.7e-05	-5.4e-05	-2.06707e-16
-5.4e-05	-5.4e-05	-2.57029e-17
-5.1e-05	-5.4e-05	-1.52223e-16
-4.8e-05	-5.4e-05	3.51915e-17
-4.5e-05	-5.4e-05	-1.3317e-16
-4.2e-05	-5.4e-05	6.10714e-17
-3.9e-05	-5.4e-05	-6.62495e-17
-3.6e-05	-5.4e-05	1.0844e-17
-3.3e-05	-5.4e-05	5.59396e-17
-3e-05	-5.4e-05	6.25247e-17
-2.7e-05	-5.4e-05	9.93614e-18
-2.4e-05	-5.4e-05	1.53241e-16
-2.1e-05	-5.4e-05	-1.47725e-16
-1.8e-05	-5.4e-05	2.2441e-16
-1.5e-05	-5.4e-05	-2.56048e-16
-1.2e-05	-5.4e-05	1.24247e-16
-9e-06	-5.4e-05	-1.35982e-16
-6e-06	-5.4e-05	-3.79272e-17
-3e-06	-5.4e-05	1.24564e-16
0	-5.4e-05	1.4864e-16
3e-06	-5.4e-05	-4.85251e-17
6e-06	-5.4e-05	-8.07265e-17
9e-06	-5.4e-05	-4.57964e-17
1.2e-05	-5.4e-05	1.29917e-16
1.5e-05	-5.4e-05	-1.58822e-16
1.8e-05	-5.4e-05	1.93988e-17
2.1e-05	-5.4e-05	9.00857e-17
2.4e-05	-5.4e-05	-8.36522e-17
2.7e-05	-5.4e-05	3.01246e-16
3e-05	-5.4e-05	-2.75734e-16
3.3e-05	-5.4e-05	7.21549e-17
3.6e-05	-5.4e-05	-1.58094e-16
3.9e-05	-5.4e-05	-9.99164e-17
4.2e-05	-5.4e-05	1.28466e-16
4.5e-05	-5.4e-05	4.57394e-17
4.8e-05	-5.4e-05	1.24873e-16
5.1e-05	-5.4e-05	-7.12813e-17
5.4e-05	-5.4e-05	1.46912e-16
5.7e-05	-5.4e-05	3.99219e-17

-5.7e-05	-5.7e-05	1.15027e-16
-5.4e-05	-5.7e-05	-3.58388e-16
-5.1e-05	-5.7e-05	1.00165e-16
-4.8e-05	-5.7e-05	-2.27123e-16
-4.5e-05	-5.7e-05	1.70103e-17
-4.2e-05	-5.7e-05	3.09714e-17
-3.9e-05	-5.7e-05	-8.6399e-17
-3.6e-05	-5.7e-05	1.53544e-16
-3.3e-05	-5.7e-05	-1.41945e-16
-3e-05	-5.7e-05	1.22256e-16
-2.7e-05	-5.7e-05	-6.47084e-17
-2.4e-05	-5.7e-05	1.45787e-16
-2.1e-05	-5.7e-05	1.50477e-17
-1.8e-05	-5.7e-05	-9.3215e-18
-1.5e-05	-5.7e-05	-4.89029e-17
-1.2e-05	-5.7e-05	-7.15403e-19
-9e-06	-5.7e-05	-1.01692e-16
-6e-06	-5.7e-05	-1.48301e-18
-3e-06	-5.7e-05	1.91153e-16
0	-5.7e-05	-6.62845e-17
3e-06	-5.7e-05	1.40803e-16
6e-06	-5.7e-05	-1.88871e-16
9e-06	-5.7e-05	2.47002e-17
1.2e-05	-5.7e-05	-5.74606e-17
1.5e-05	-5.7e-05	5.82171e-17
1.8e-05	-5.7e-05	2.99331e-17
2.1e-05	-5.7e-05	-1.01121e-16
2.4e-05	-5.7e-05	2.20315e-16
2.7e-05	-5.7e-05	-1.68124e-16
3e-05	-5.7e-05	9.59688e-17
3.3e-05	-5.7e-05	-8.96839e-17
3.6e-05	-5.7e-05	-5.76707e-17
3.9e-05	-5.7e-05	6.38068e-17
4.2e-05	-5.7e-05	-8.79173e-18
4.5e-05	-5.7e-05	1.43914e-16
4.8e-05	-5.7e-05	5.92537e-17
5.1e-05	-5.7e-05	3.52062e-17
5.4e-05	-5.7e-05	-4.84382e-17
5.7e-05	-5.7e-05	4.66763e-17
