-6.4e-05	-6.4e-05	-4.334e-16
-6.08e-05	-6.4e-05	1.1911e-17
-5.76e-05	-6.4e-05	-2.16238e-16
-5.44e-05	-6.4e-05	4.39404e-17
-5.12e-05	-6.4e-05	5.95416e-17
-4.8e-05	-6.4e-05	-8.32094e-17
-4.48e-05	-6.4e-05	3.78436e-17
-4.16e-05	-6.4e-05	1.90829e-18
-3.84e-05	-6.4e-05	-2.36461e-17
-3.52e-05	-6.4e-05	-8.05044e-17
-3.2e-05	-6.4e-05	1.22846e-17
-2.88e-05	-6.4e-05	1.89994e-17
-2.56e-05	-6.4e-05	-1.00401e-16
-2.24e-05	-6.4e-05	4.2705e-17
-1.92e-05	-6.4e-05	-9.86331e-17
-1.6e-05	-6.4e-05	6.3973e-17
-1.28e-05	-6.4e-05	-2.49212e-17
-9.6e-06	-6.4e-05	6.91239e-17
-6.4e-06	-6.4e-05	-4.26932e-17
-3.2e-06	-6.4e-05	1.00368e-16
0	-6.4e-05	4.23858e-17
3.2e-06	-6.4e-05	8.63254e-17
6.4e-06	-6.4e-05	8.4623e-17
9.6e-06	-6.4e-05	4.22175e-17
1.28e-05	-6.4e-05	-4.55347e-17
1.6e-05	-6.4e-05	-4.67078e-17
1.92e-05	-6.4e-05	3.66793e-17
2.24e-05	-6.4e-05	-4.71795e-18
2.56e-05	-6.4e-05	1.49042e-16
2.88e-05	-6.4e-05	-7.13697e-17
3.2e-05	-6.4e-05	-1.24543e-16
3.52e-05	-6.4e-05	-1.10903e-17
3.84e-05	-6.4e-05	5.68747e-17
4.16e-05	-6.4e-05	-5.52954e-17
4.48e-05	-6.4e-05	-8.94421e-18
4.8e-05	-6.4e-05	1.2712e-16
5.12e-05	-6.4e-05	4.16331e-17
5.44e-05	-6.4e-05	-1.78081e-18
5.76e-05	-6.4e-05	-2.09412e-16
6.08e-05	-6.4e-05	-2.44511e-16
-6.4e-05	-6.08e-05	-1.22538e-16
-6.08e-05	-6.08e-05	-3.17036e-16
-5.76e-05	-6.08e-05	-2.99193e-16
-5.44e-05	-6.08e-05	-4.16206e-18
-5.12e-05	-6.08e-05	1.06037e-16
-4.8e-05	-6.08e-05	7.66585e-17
-4.48e-05	-6.08e-05	1.03338e-16
-4.16e-05	-6.08e-05	-1.1783e-16
-3.84e-05	-6.08e-05	5.86608e-17
-3.52e-05	-6.08e-05	-1.02811e-16
-3.2e-05	-6.08e-05	5.21251e-18
-2.88e-05	-6.08e-05	-1.44413e-16
-2.56e-05	-6.08e-05	-1.03958e-16
-2.24e-05	-6.08e-05	-1.4584e-16
-1.92e-05	-6.08e-05	4.09914e-17
-1.6e-05	-6.08e-05	-7.47509e-17
-1.28e-05	-6.08e-05	2.92335e-17
-9.6e-06	-6.08e-05	-6.55799e-17
-6.4e-06	-6.08e-05	6.23078e-17
-3.2e-06	-6.08e-05	1.0471e-16
0	-6.08e-05	8.39149e-17
3.2e-06	-6.08e-05	6.9541e-17
6.4e-06	-6.08e-05	5.34929e-17
9.6e-06	-6.08e-05	1.25419e-16
1.28e-05	-6.08e-05	-1.27319e-16
1.6e-05	-6.08e-05	1.24999e-16
1.92e-05	-6.08e-05	-2.25791e-16
2.24e-05	-6.08e-05	5.82363e-18
2.56e-05	-6.08e-05	5.59547e-17
2.88e-05	-6.08e-05	2.70618e-16
3.2e-05	-6.08e-05	-6.84303e-17
3.52e-05	-6.08e-05	-1.28387e-16
3.84e-05	-6.08e-05	-1.23529e-18
4.16e-05	-6.08e-05	-4.91689e-17
4.48e-05	-6.08e-05	4.01305e-17
4.8e-05	-6.08e-05	-5.21463e-18
5.12e-05	-6.08e-05	4.54972e-18
5.44e-05	-6.08e-05	-8.0829e-17
5.76e-05	-6.08e-05	-1.47715e-16
6.08e-05	-6.08e-05	-4.05076e-16
-6.4e-05	-5.76e-05	-1.32962e-16
-6.08e-05	-5.76e-05	-2.54582e-16
-5.76e-05	-5.76e-05	7.98985e-18
-5.44e-05	-5.76e-05	2.25277e-18
-5.12e-05	-5.76e-05	-1.82899e-16
-4.8e-05	-5.76e-05	2.94512e-17
-4.48e-05	-5.76e-05	-5.55868e-17
-4.16e-05	-5.76e-05	-4.54921e-17
-3.84e-05	-5.76e-05	-2.66863e-16
-3.52e-05	-5.76e-05	-1.51493e-17
-3.2e-05	-5.76e-05	-4.38911e-17
-2.88e-05	-5.76e-05	-4.67415e-17
-2.56e-05	-5.76e-05	2.08303e-17
-2.24e-05	-5.76e-05	-1.42373e-17
-1.92e-05	-5.76e-05	-1.50627e-16
-1.6e-05	-5.76e-05	-1.31241e-16
-1.28e-05	-5.76e-05	-5.48378e-16
-9.6e-06	-5.76e-05	-1.3775e-17
-6.4e-06	-5.76e-05	7.35625e-17
-3.2e-06	-5.76e-05	4.51919e-16
0	-5.76e-05	8.34998e-17
3.2e-06	-5.76e-05	-9.69841e-17
6.4e-06	-5.76e-05	3.9682e-17
9.6e-06	-5.76e-05	6.24336e-17
1.28e-05	-5.76e-05	9.45842e-17
1.6e-05	-5.76e-05	-1.19412e-16
1.92e-05	-5.76e-05	1.53295e-16
2.24e-05	-5.76e-05	-6.89955e-18
2.56e-05	-5.76e-05	-1.47349e-16
2.88e-05	-5.76e-05	3.29943e-17
3.2e-05	-5.76e-05	1.8828e-16
3.52e-05	-5.76e-05	-2.00825e-17
3.84e-05	-5.76e-05	-1.22842e-16
4.16e-05	-5.76e-05	9.87319e-17
4.48e-05	-5.76e-05	-1.31723e-17
4.8e-05	-5.76e-05	-5.54044e-17
5.12e-05	-5.76e-05	6.90997e-17
5.44e-05	-5.76e-05	3.75247e-16
5.76e-05	-5.76e-05	1.40791e-16
6.08e-05	-5.76e-05	-2.71193e-16
-6.4e-05	-5.44e-05	2.20685e-16
-6.08e-05	-5.44e-05	-2.06598e-16
-5.76e-05	-5.44e-05	4.84579e-17
-5.44e-05	-5.44e-05	-4.11132e-16
-5.12e-05	-5.44e-05	-3.40037e-17
-4.8e-05	-5.44e-05	2.98922e-16
-4.48e-05	-5.44e-05	4.19754e-16
-4.16e-05	-5.44e-05	1.7443e-17
-3.84e-05	-5.44e-05	2.83684e-16
-3.52e-05	-5.44e-05	5.13597e-16
-3.2e-05	-5.44e-05	3.69947e-17
-2.88e-05	-5.44e-05	2.20511e-16
-2.56e-05	-5.44e-05	7.25546e-17
-2.24e-05	-5.44e-05	3.30046e-16
-1.92e-05	-5.44e-05	-4.70663e-17
-1.6e-05	-5.44e-05	-3.35589e-17
-1.28e-05	-5.44e-05	1.72967e-16
-9.6e-06	-5.44e-05	2.89383e-16
-6.4e-06	-5.44e-05	-5.13936e-17
-3.2e-06	-5.44e-05	-2.76192e-16
0	-5.44e-05	2.35307e-16
3.2e-06	-5.44e-05	1.43082e-16
6.4e-06	-5.44e-05	-2.51682e-17
9.6e-06	-5.44e-05	-9.25235e-17
1.28e-05	-5.44e-05	2.28082e-16
1.6e-05	-5.44e-05	-1.79793e-16
1.92e-05	-5.44e-05	8.5829e-17
2.24e-05	-5.44e-05	2.06533e-16
2.56e-05	-5.44e-05	9.0606e-17
2.88e-05	-5.44e-05	-5.98538e-17
3.2e-05	-5.44e-05	-1.84758e-16
3.52e-05	-5.44e-05	-7.36915e-18
3.84e-05	-5.44e-05	5.72777e-17
4.16e-05	-5.44e-05	3.32615e-17
4.48e-05	-5.44e-05	4.52353e-17
4.8e-05	-5.44e-05	2.29126e-16
5.12e-05	-5.44e-05	1.39918e-16
5.44e-05	-5.44e-05	2.45892e-17
5.76e-05	-5.44e-05	8.47946e-17
6.08e-05	-5.44e-05	-6.47511e-17
-6.4e-05	-5.12e-05	-7.6839e-17
-6.08e-05	-5.12e-05	-2.2858e-16
-5.76e-05	-5.12e-05	-1.15406e-16
-5.44e-05	-5.12e-05	-1.01757e-16
-5.12e-05	-5.12e-05	3.28365e-16
-4.8e-05	-5.12e-05	6.23519e-17
-4.48e-05	-5.12e-05	-1.90336e-16
-4.16e-05	-5.12e-05	1.74967e-16
-3.84e-05	-5.12e-05	3.89642e-17
-3.52e-05	-5.12e-05	1.31519e-16
-3.2e-05	-5.12e-05	8.34961e-18
-2.88e-05	-5.12e-05	9.98757e-17
-2.56e-05	-5.12e-05	-5.89473e-17
-2.24e-05	-5.12e-05	6.12583e-17
-1.92e-05	-5.12e-05	3.5821e-17
-1.6e-05	-5.12e-05	1.17619e-16
-1.28e-05	-5.12e-05	7.41266e-17
-9.6e-06	-5.12e-05	-1.25872e-17
-6.4e-06	-5.12e-05	2.17254e-17
-3.2e-06	-5.12e-05	-4.81682e-17
0	-5.12e-05	-4.07458e-19
3.2e-06	-5.12e-05	-6.30414e-17
6.4e-06	-5.12e-05	3.582e-17
9.6e-06	-5.12e-05	-1.16229e-17
1.28e-05	-5.12e-05	-5.38652e-18
1.6e-05	-5.12e-05	1.27598e-16
1.92e-05	-5.12e-05	-5.03546e-17
2.24e-05	-5.12e-05	8.0273e-17
2.56e-05	-5.12e-05	-2.08845e-17
2.88e-05	-5.12e-05	3.69219e-18
3.2e-05	-5.12e-05	1.3168e-16
3.52e-05	-5.12e-05	1.42309e-17
3.84e-05	-5.12e-05	-7.66267e-17
4.16e-05	-5.12e-05	-1.03526e-16
4.48e-05	-5.12e-05	1.09442e-16
4.8e-05	-5.12e-05	-1.50435e-17
5.12e-05	-5.12e-05	1.98413e-16
5.44e-05	-5.12e-05	1.84396e-16
5.76e-05	-5.12e-05	-7.16226e-17
6.08e-05	-5.12e-05	8.68621e-17
-6.4e-05	-4.8e-05	-2.56408e-16
-6.08e-05	-4.8e-05	7.53396e-17
-5.76e-05	-4.8e-05	-3.38448e-17
-5.44e-05	-4.8e-05	1.71981e-16
-5.12e-05	-4.8e-05	8.27305e-17
-4.8e-05	-4.8e-05	-1.38849e-16
-4.48e-05	-4.8e-05	1.75113e-16
-4.16e-05	-4.8e-05	9.17128e-17
-3.84e-05	-4.8e-05	6.18968e-17
-3.52e-05	-4.8e-05	-2.11241e-17
-3.2e-05	-4.8e-05	1.74042e-17
-2.88e-05	-4.8e-05	-1.30806e-17
-2.56e-05	-4.8e-05	-7.27322e-17
-2.24e-05	-4.8e-05	1.31499e-16
-1.92e-05	-4.8e-05	-1.47752e-18
-1.6e-05	-4.8e-05	6.0898e-17
-1.28e-05	-4.8e-05	-6.52441e-17
-9.6e-06	-4.8e-05	2.30536e-17
-6.4e-06	-4.8e-05	1.76717e-19
-3.2e-06	-4.8e-05	2.23246e-17
0	-4.8e-05	-5.57439e-17
3.2e-06	-4.8e-05	-4.46249e-17
6.4e-06	-4.8e-05	2.01125e-17
9.6e-06	-4.8e-05	-4.04698e-17
1.28e-05	-4.8e-05	5.71058e-17
1.6e-05	-4.8e-05	3.06372e-17
1.92e-05	-4.8e-05	9.20295e-17
2.24e-05	-4.8e-05	-1.98901e-17
2.56e-05	-4.8e-05	2.15513e-17
2.88e-05	-4.8e-05	-4.12502e-17
3.2e-05	-4.8e-05	3.8718e-17
3.52e-05	-4.8e-05	3.00461e-17
3.84e-05	-4.8e-05	-1.26272e-16
4.16e-05	-4.8e-05	-6.40244e-17
4.48e-05	-4.8e-05	3.77478e-17
4.8e-05	-4.8e-05	1.28602e-16
5.12e-05	-4.8e-05	-6.6126e-17
5.44e-05	-4.8e-05	-5.5109e-18
5.76e-05	-4.8e-05	-1.15097e-17
6.08e-05	-4.8e-05	-4.72396e-17
-6.4e-05	-4.48e-05	-4.46527e-17
-6.08e-05	-4.48e-05	4.01786e-17
-5.76e-05	-4.48e-05	1.56853e-17
-5.44e-05	-4.48e-05	1.39709e-16
-5.12e-05	-4.48e-05	-7.38172e-17
-4.8e-05	-4.48e-05	1.45897e-16
-4.48e-05	-4.48e-05	9.62497e-17
-4.16e-05	-4.48e-05	1.69207e-17
-3.84e-05	-4.48e-05	-9.68609e-17
-3.52e-05	-4.48e-05	-4.66129e-17
-3.2e-05	-4.48e-05	-4.81768e-17
-2.88e-05	-4.48e-05	-3.14996e-17
-2.56e-05	-4.48e-05	1.00746e-16
-2.24e-05	-4.48e-05	2.43768e-18
-1.92e-05	-4.48e-05	1.04916e-16
-1.6e-05	-4.48e-05	-9.66124e-17
-1.28e-05	-4.48e-05	-3.93718e-18
-9.6e-06	-4.48e-05	-6.71945e-17
-6.4e-06	-4.48e-05	1.93071e-17
-3.2e-06	-4.48e-05	-7.05982e-17
0	-4.48e-05	1.89089e-17
3.2e-06	-4.48e-05	5.7e-18
6.4e-06	-4.48e-05	-2.43785e-17
9.6e-06	-4.48e-05	2.6026e-17
1.28e-05	-4.48e-05	-2.666e-17
1.6e-05	-4.48e-05	-4.60225e-17
1.92e-05	-4.48e-05	-8.2116e-17
2.24e-05	-4.48e-05	4.5884e-17
2.56e-05	-4.48e-05	1.29338e-17
2.88e-05	-4.48e-05	2.46848e-17
3.2e-05	-4.48e-05	-1.54606e-16
3.52e-05	-4.48e-05	-7.49136e-17
3.84e-05	-4.48e-05	4.0351e-17
4.16e-05	-4.48e-05	-7.80984e-17
4.48e-05	-4.48e-05	-3.01451e-17
4.8e-05	-4.48e-05	-7.76194e-17
5.12e-05	-4.48e-05	-1.32504e-16
5.44e-05	-4.48e-05	-2.76216e-17
5.76e-05	-4.48e-05	6.34853e-17
6.08e-05	-4.48e-05	4.54889e-17
-6.4e-05	-4.16e-05	2.16723e-16
-6.08e-05	-4.16e-05	2.91132e-17
-5.76e-05	-4.16e-05	8.72656e-17
-5.44e-05	-4.16e-05	-2.25195e-17
-5.12e-05	-4.16e-05	9.11036e-17
-4.8e-05	-4.16e-05	6.2436e-17
-4.48e-05	-4.16e-05	9.73519e-17
-4.16e-05	-4.16e-05	-1.1674e-16
-3.84e-05	-4.16e-05	3.43348e-17
-3.52e-05	-4.16e-05	-4.41103e-17
-3.2e-05	-4.16e-05	3.47143e-17
-2.88e-05	-4.16e-05	4.10381e-17
-2.56e-05	-4.16e-05	-9.75407e-17
-2.24e-05	-4.16e-05	1.35671e-16
-1.92e-05	-4.16e-05	9.83794e-17
-1.6e-05	-4.16e-05	3.09434e-16
-1.28e-05	-4.16e-05	3.20193e-16
-9.6e-06	-4.16e-05	3.85915e-16
-6.4e-06	-4.16e-05	2.13021e-16
-3.2e-06	-4.16e-05	6.63298e-18
0	-4.16e-05	-2.80837e-16
3.2e-06	-4.16e-05	-4.2623e-16
6.4e-06	-4.16e-05	-4.42778e-16
9.6e-06	-4.16e-05	-3.6636e-16
1.28e-05	-4.16e-05	-1.74518e-16
1.6e-05	-4.16e-05	3.95163e-17
1.92e-05	-4.16e-05	-6.20419e-17
2.24e-05	-4.16e-05	-6.94865e-17
2.56e-05	-4.16e-05	6.34143e-17
2.88e-05	-4.16e-05	-1.20119e-16
3.2e-05	-4.16e-05	-5.69746e-17
3.52e-05	-4.16e-05	-1.52588e-16
3.84e-05	-4.16e-05	9.68648e-19
4.16e-05	-4.16e-05	2.16872e-17
4.48e-05	-4.16e-05	-6.19258e-17
4.8e-05	-4.16e-05	-7.6223e-17
5.12e-05	-4.16e-05	-9.08873e-17
5.44e-05	-4.16e-05	4.23114e-17
5.76e-05	-4.16e-05	1.14541e-16
6.08e-05	-4.16e-05	1.47942e-16
-6.4e-05	-3.84e-05	5.67055e-17
-6.08e-05	-3.84e-05	3.63649e-17
-5.76e-05	-3.84e-05	-6.96896e-17
-5.44e-05	-3.84e-05	6.61738e-17
-5.12e-05	-3.84e-05	-2.58301e-17
-4.8e-05	-3.84e-05	1.12967e-16
-4.48e-05	-3.84e-05	-1.4483e-16
-4.16e-05	-3.84e-05	7.99393e-17
-3.84e-05	-3.84e-05	-5.23485e-17
-3.52e-05	-3.84e-05	4.34936e-17
-3.2e-05	-3.84e-05	-4.08837e-17
-2.88e-05	-3.84e-05	-5.28281e-17
-2.56e-05	-3.84e-05	1.76929e-16
-2.24e-05	-3.84e-05	7.90937e-16
-1.92e-05	-3.84e-05	1.25244e-14
-1.6e-05	-3.84e-05	3.64428e-14
-1.28e-05	-3.84e-05	4.90309e-14
-9.6e-06	-3.84e-05	4.55159e-14
-6.4e-06	-3.84e-05	2.74012e-14
-3.2e-06	-3.84e-05	6.79717e-16
0	-3.84e-05	-2.58906e-14
3.2e-06	-3.84e-05	-4.39319e-14
6.4e-06	-3.84e-05	-4.81035e-14
9.6e-06	-3.84e-05	-3.73201e-14
1.28e-05	-3.84e-05	-1.61191e-14
1.6e-05	-3.84e-05	-1.03659e-15
1.92e-05	-3.84e-05	-2.63171e-17
2.24e-05	-3.84e-05	-5.51856e-17
2.56e-05	-3.84e-05	-7.72057e-17
2.88e-05	-3.84e-05	5.24691e-17
3.2e-05	-3.84e-05	-1.6666e-16
3.52e-05	-3.84e-05	1.97438e-17
3.84e-05	-3.84e-05	-2.70589e-17
4.16e-05	-3.84e-05	4.16458e-18
4.48e-05	-3.84e-05	-7.27872e-17
4.8e-05	-3.84e-05	-9.54163e-17
5.12e-05	-3.84e-05	-6.08518e-17
5.44e-05	-3.84e-05	6.15922e-17
5.76e-05	-3.84e-05	9.32638e-18
6.08e-05	-3.84e-05	3.2123e-17
-6.4e-05	-3.52e-05	-8.5045e-17
-6.08e-05	-3.52e-05	-1.28017e-17
-5.76e-05	-3.52e-05	3.16772e-17
-5.44e-05	-3.52e-05	-4.23653e-18
-5.12e-05	-3.52e-05	4.49259e-18
-4.8e-05	-3.52e-05	-1.57841e-16
-4.48e-05	-3.52e-05	-3.07641e-17
-4.16e-05	-3.52e-05	-1.345e-16
-3.84e-05	-3.52e-05	8.30048e-17
-3.52e-05	-3.52e-05	-4.09249e-17
-3.2e-05	-3.52e-05	5.9326e-17
-2.88e-05	-3.52e-05	2.21382e-16
-2.56e-05	-3.52e-05	2.26122e-15
-2.24e-05	-3.52e-05	6.86577e-14
-1.92e-05	-3.52e-05	1.32755e-12
-1.6e-05	-3.52e-05	3.91141e-12
-1.28e-05	-3.52e-05	5.24413e-12
-9.6e-06	-3.52e-05	4.86699e-12
-6.4e-06	-3.52e-05	2.93161e-12
-3.2e-06	-3.52e-05	7.9209e-14
0	-3.52e-05	-2.76821e-12
3.2e-06	-3.52e-05	-4.70775e-12
6.4e-06	-3.52e-05	-5.14594e-12
9.6e-06	-3.52e-05	-3.98859e-12
1.28e-05	-3.52e-05	-1.71897e-12
1.6e-05	-3.52e-05	-9.03537e-14
1.92e-05	-3.52e-05	-2.96085e-15
2.24e-05	-3.52e-05	-1.44596e-16
2.56e-05	-3.52e-05	-4.66743e-17
2.88e-05	-3.52e-05	-8.82156e-17
3.2e-05	-3.52e-05	8.14883e-17
3.52e-05	-3.52e-05	-5.20057e-17
3.84e-05	-3.52e-05	7.06064e-17
4.16e-05	-3.52e-05	-2.49715e-17
4.48e-05	-3.52e-05	-1.07896e-16
4.8e-05	-3.52e-05	-6.22482e-17
5.12e-05	-3.52e-05	-1.1108e-17
5.44e-05	-3.52e-05	2.24363e-17
5.76e-05	-3.52e-05	-3.70406e-17
6.08e-05	-3.52e-05	-4.06863e-17
-6.4e-05	-3.2e-05	-2.01034e-17
-6.08e-05	-3.2e-05	6.15746e-17
-5.76e-05	-3.2e-05	-1.18471e-16
-5.44e-05	-3.2e-05	-3.33325e-17
-5.12e-05	-3.2e-05	-2.49853e-16
-4.8e-05	-3.2e-05	-4.70353e-17
-4.48e-05	-3.2e-05	-2.1181e-16
-4.16e-05	-3.2e-05	5.19348e-17
-3.84e-05	-3.2e-05	-8.51024e-17
-3.52e-05	-3.2e-05	9.71434e-17
-3.2e-05	-3.2e-05	2.32661e-16
-2.88e-05	-3.2e-05	3.74232e-15
-2.56e-05	-3.2e-05	1.66943e-13
-2.24e-05	-3.2e-05	6.13289e-12
-1.92e-05	-3.2e-05	1.40232e-10
-1.6e-05	-3.2e-05	4.18322e-10
-1.28e-05	-3.2e-05	5.60877e-10
-9.6e-06	-3.2e-05	5.20522e-10
-6.4e-06	-3.2e-05	3.13511e-10
-3.2e-06	-3.2e-05	8.4419e-12
0	-3.2e-05	-2.96077e-10
3.2e-06	-3.2e-05	-5.03481e-10
6.4e-06	-3.2e-05	-5.50301e-10
9.6e-06	-3.2e-05	-4.26419e-10
1.28e-05	-3.2e-05	-1.82646e-10
1.6e-05	-3.2e-05	-8.09599e-12
1.92e-05	-3.2e-05	-2.21431e-13
2.24e-05	-3.2e-05	-4.81569e-15
2.56e-05	-3.2e-05	-1.76015e-16
2.88e-05	-3.2e-05	-9.20681e-18
3.2e-05	-3.2e-05	3.28348e-17
3.52e-05	-3.2e-05	1.33969e-16
3.84e-05	-3.2e-05	-7.30345e-17
4.16e-05	-3.2e-05	2.38751e-17
4.48e-05	-3.2e-05	-9.41048e-17
4.8e-05	-3.2e-05	-3.00625e-17
5.12e-05	-3.2e-05	-4.90325e-17
5.44e-05	-3.2e-05	-3.84501e-17
5.76e-05	-3.2e-05	-1.23984e-16
6.08e-05	-3.2e-05	2.91155e-17
-6.4e-05	-2.88e-05	8.66455e-17
-6.08e-05	-2.88e-05	-1.29799e-16
-5.76e-05	-2.88e-05	-1.56439e-16
-5.44e-05	-2.88e-05	-1.53382e-16
-5.12e-05	-2.88e-05	-2.17919e-17
-4.8e-05	-2.88e-05	-5.14326e-17
-4.48e-05	-2.88e-05	6.63592e-17
-4.16e-05	-2.88e-05	2.46031e-17
-3.84e-05	-2.88e-05	1.95859e-17
-3.52e-05	-2.88e-05	1.51891e-16
-3.2e-05	-2.88e-05	3.62899e-15
-2.88e-05	-2.88e-05	2.20315e-13
-2.56e-05	-2.88e-05	1.19929e-11
-2.24e-05	-2.88e-05	5.2578e-10
-1.92e-05	-2.88e-05	1.48086e-08
-1.6e-05	-2.88e-05	4.47401e-08
-1.28e-05	-2.88e-05	5.99877e-08
-9.6e-06	-2.88e-05	5.56686e-08
-6.4e-06	-2.88e-05	3.35269e-08
-3.2e-06	-2.88e-05	8.99587e-10
0	-2.88e-05	-3.16671e-08
3.2e-06	-2.88e-05	-5.38455e-08
6.4e-06	-2.88e-05	-5.88478e-08
9.6e-06	-2.88e-05	-4.55878e-08
1.28e-05	-2.88e-05	-1.94058e-08
1.6e-05	-2.88e-05	-6.96562e-10
1.92e-05	-2.88e-05	-1.59495e-11
2.24e-05	-2.88e-05	-2.93532e-13
2.56e-05	-2.88e-05	-4.7339e-15
2.88e-05	-2.88e-05	-2.23686e-17
3.2e-05	-2.88e-05	-1.87744e-17
3.52e-05	-2.88e-05	-2.19397e-17
3.84e-05	-2.88e-05	-4.05084e-17
4.16e-05	-2.88e-05	-7.29257e-17
4.48e-05	-2.88e-05	5.92915e-17
4.8e-05	-2.88e-05	-2.08838e-17
5.12e-05	-2.88e-05	6.09599e-17
5.44e-05	-2.88e-05	-1.24924e-16
5.76e-05	-2.88e-05	7.76633e-17
6.08e-05	-2.88e-05	4.36641e-17
-6.4e-05	-2.56e-05	-6.73945e-17
-6.08e-05	-2.56e-05	-2.17692e-16
-5.76e-05	-2.56e-05	-2.13659e-17
-5.44e-05	-2.56e-05	-3.5441e-17
-5.12e-05	-2.56e-05	1.54251e-16
-4.8e-05	-2.56e-05	6.19657e-17
-4.48e-05	-2.56e-05	1.36638e-16
-4.16e-05	-2.56e-05	2.85753e-17
-3.84e-05	-2.56e-05	9.98239e-17
-3.52e-05	-2.56e-05	2.19448e-15
-3.2e-05	-2.56e-05	1.65446e-13
-2.88e-05	-2.56e-05	1.19406e-11
-2.56e-05	-2.56e-05	7.76694e-10
-2.24e-05	-2.56e-05	4.22923e-08
-1.92e-05	-2.56e-05	1.56335e-06
-1.6e-05	-2.56e-05	4.7852e-06
-1.28e-05	-2.56e-05	6.4159e-06
-9.6e-06	-2.56e-05	5.95362e-06
-6.4e-06	-2.56e-05	3.58537e-06
-3.2e-06	-2.56e-05	9.58599e-08
0	-2.56e-05	-3.38696e-06
3.2e-06	-2.56e-05	-5.75858e-06
6.4e-06	-2.56e-05	-6.29305e-06
9.6e-06	-2.56e-05	-4.87383e-06
1.28e-05	-2.56e-05	-2.06172e-06
1.6e-05	-2.56e-05	-5.62424e-08
1.92e-05	-2.56e-05	-1.03563e-09
2.24e-05	-2.56e-05	-1.59368e-11
2.56e-05	-2.56e-05	-2.20926e-13
2.88e-05	-2.56e-05	-2.86948e-15
3.2e-05	-2.56e-05	4.96989e-18
3.52e-05	-2.56e-05	-1.19724e-16
3.84e-05	-2.56e-05	-6.00011e-17
4.16e-05	-2.56e-05	-5.34242e-17
4.48e-05	-2.56e-05	6.34077e-17
4.8e-05	-2.56e-05	3.2764e-17
5.12e-05	-2.56e-05	4.98047e-18
5.44e-05	-2.56e-05	1.16159e-16
5.76e-05	-2.56e-05	5.42633e-18
6.08e-05	-2.56e-05	2.05671e-17
-6.4e-05	-2.24e-05	-1.73782e-16
-6.08e-05	-2.24e-05	8.21223e-17
-5.76e-05	-2.24e-05	2.36177e-17
-5.44e-05	-2.24e-05	2.39516e-16
-5.12e-05	-2.24e-05	8.0886e-17
-4.8e-05	-2.24e-05	2.63205e-17
-4.48e-05	-2.24e-05	-6.4353e-17
-4.16e-05	-2.24e-05	7.73556e-18
-3.84e-05	-2.24e-05	7.12474e-16
-3.52e-05	-2.24e-05	6.72271e-14
-3.2e-05	-2.24e-05	6.03454e-12
-2.88e-05	-2.24e-05	5.20102e-10
-2.56e-05	-2.24e-05	4.20613e-08
-2.24e-05	-2.24e-05	3.02984e-06
-1.92e-05	-2.24e-05	0.000164995
-1.6e-05	-2.24e-05	0.000511825
-1.28e-05	-2.24e-05	0.000686204
-9.6e-06	-2.24e-05	0.000636725
-6.4e-06	-2.24e-05	0.00038342
-3.2e-06	-2.24e-05	1.02146e-05
0	-2.24e-05	-0.000362254
3.2e-06	-2.24e-05	-0.000615859
6.4e-06	-2.24e-05	-0.000672965
9.6e-06	-2.24e-05	-0.000521077
1.28e-05	-2.24e-05	-0.000219029
1.6e-05	-2.24e-05	-4.04654e-06
1.92e-05	-2.24e-05	-5.62332e-08
2.24e-05	-2.24e-05	-6.95174e-10
2.56e-05	-2.24e-05	-8.05983e-12
2.88e-05	-2.24e-05	-8.96636e-14
3.2e-05	-2.24e-05	-1.01193e-15
3.52e-05	-2.24e-05	-4.62962e-17
3.84e-05	-2.24e-05	-6.34269e-17
4.16e-05	-2.24e-05	1.23817e-17
4.48e-05	-2.24e-05	-7.00849e-17
4.8e-05	-2.24e-05	2.39262e-17
5.12e-05	-2.24e-05	3.26505e-17
5.44e-05	-2.24e-05	1.18978e-16
5.76e-05	-2.24e-05	-3.25185e-18
6.08e-05	-2.24e-05	-1.00722e-16
-6.4e-05	-1.92e-05	8.67406e-17
-6.08e-05	-1.92e-05	2.00421e-16
-5.76e-05	-1.92e-05	7.69477e-17
-5.44e-05	-1.92e-05	7.44557e-17
-5.12e-05	-1.92e-05	-1.1328e-16
-4.8e-05	-1.92e-05	-1.47662e-16
-4.48e-05	-1.92e-05	-2.0368e-17
-4.16e-05	-1.92e-05	2.90021e-17
-3.84e-05	-1.92e-05	1.19538e-14
-3.52e-05	-1.92e-05	1.26802e-12
-3.2e-05	-1.92e-05	1.35238e-10
-2.88e-05	-1.92e-05	1.44229e-08
-2.56e-05	-1.92e-05	1.53827e-06
-2.24e-05	-1.92e-05	0.000164072
-1.92e-05	-1.92e-05	0.0174081
-1.6e-05	-1.92e-05	0.054747
-1.28e-05	-1.92e-05	0.073392
-9.6e-06	-1.92e-05	0.0680961
-6.4e-06	-1.92e-05	0.0410029
-3.2e-06	-1.92e-05	0.00108842
0	-1.92e-05	-0.0387451
3.2e-06	-1.92e-05	-0.0658639
6.4e-06	-1.92e-05	-0.0719655
9.6e-06	-1.92e-05	-0.0557112
1.28e-05	-1.92e-05	-0.0232674
1.6e-05	-1.92e-05	-0.000220461
1.92e-05	-1.92e-05	-2.06073e-06
2.24e-05	-1.92e-05	-1.92642e-08
2.56e-05	-1.92e-05	-1.80104e-10
2.88e-05	-1.92e-05	-1.68394e-12
3.2e-05	-1.92e-05	-1.56894e-14
3.52e-05	-1.92e-05	-2.05001e-16
3.84e-05	-1.92e-05	6.60536e-18
4.16e-05	-1.92e-05	-8.86625e-17
4.48e-05	-1.92e-05	-9.79566e-17
4.8e-05	-1.92e-05	-3.9156e-17
5.12e-05	-1.92e-05	-5.13989e-17
5.44e-05	-1.92e-05	-6.94206e-17
5.76e-05	-1.92e-05	-5.01956e-17
6.08e-05	-1.92e-05	6.08954e-17
-6.4e-05	-1.6e-05	1.43039e-16
-6.08e-05	-1.6e-05	-1.18391e-16
-5.76e-05	-1.6e-05	-1.82392e-18
-5.44e-05	-1.6e-05	-1.75976e-17
-5.12e-05	-1.6e-05	-1.02781e-16
-4.8e-05	-1.6e-05	-3.46518e-17
-4.48e-05	-1.6e-05	-1.67025e-16
-4.16e-05	-1.6e-05	1.70702e-16
-3.84e-05	-1.6e-05	2.26057e-14
-3.52e-05	-1.6e-05	2.44885e-12
-3.2e-05	-1.6e-05	2.6157e-10
-2.88e-05	-1.6e-05	2.79375e-08
-2.56e-05	-1.6e-05	2.98393e-06
-2.24e-05	-1.6e-05	0.000318708
-1.92e-05	-1.6e-05	0.0337724
-1.6e-05	-1.6e-05	0.0986872
-1.28e-05	-1.6e-05	0.131177
-9.6e-06	-1.6e-05	0.121296
-6.4e-06	-1.6e-05	0.0727325
-3.2e-06	-1.6e-05	0.00150929
0	-1.6e-05	-0.0693269
3.2e-06	-1.6e-05	-0.117254
6.4e-06	-1.6e-05	-0.127508
9.6e-06	-1.6e-05	-0.0975914
1.28e-05	-1.6e-05	-0.0376466
1.6e-05	-1.6e-05	-0.000356277
1.92e-05	-1.6e-05	-3.33402e-06
2.24e-05	-1.6e-05	-3.11995e-08
2.56e-05	-1.6e-05	-2.9196e-10
2.88e-05	-1.6e-05	-2.7318e-12
3.2e-05	-1.6e-05	-2.5405e-14
3.52e-05	-1.6e-05	-1.08147e-16
3.84e-05	-1.6e-05	3.47857e-17
4.16e-05	-1.6e-05	5.55241e-17
4.48e-05	-1.6e-05	-8.6113e-17
4.8e-05	-1.6e-05	-3.35441e-17
5.12e-05	-1.6e-05	-6.33191e-17
5.44e-05	-1.6e-05	-9.49712e-17
5.76e-05	-1.6e-05	-2.31781e-17
6.08e-05	-1.6e-05	3.80767e-17
-6.4e-05	-1.28e-05	-1.07851e-16
-6.08e-05	-1.28e-05	-9.66153e-17
-5.76e-05	-1.28e-05	-2.83145e-17
-5.44e-05	-1.28e-05	-1.77414e-16
-5.12e-05	-1.28e-05	-1.52709e-15
-4.8e-05	-1.28e-05	-4.66447e-15
-4.48e-05	-1.28e-05	-7.96397e-15
-4.16e-05	-1.28e-05	-1.13918e-14
-3.84e-05	-1.28e-05	1.43661e-14
-3.52e-05	-1.28e-05	3.1715e-12
-3.2e-05	-1.28e-05	3.40935e-10
-2.88e-05	-1.28e-05	3.64243e-08
-2.56e-05	-1.28e-05	3.89116e-06
-2.24e-05	-1.28e-05	0.000415687
-1.92e-05	-1.28e-05	0.0439994
-1.6e-05	-1.28e-05	0.122797
-1.28e-05	-1.28e-05	0.161875
-9.6e-06	-1.28e-05	0.14895
-6.4e-06	-1.28e-05	0.08861
-3.2e-06	-1.28e-05	0.000743912
0	-1.28e-05	-0.0861088
3.2e-06	-1.28e-05	-0.14423
6.4e-06	-1.28e-05	-0.155705
9.6e-06	-1.28e-05	-0.117825
1.28e-05	-1.28e-05	-0.0432785
1.6e-05	-1.28e-05	-0.000409094
1.92e-05	-1.28e-05	-3.82866e-06
2.24e-05	-1.28e-05	-3.58319e-08
2.56e-05	-1.28e-05	-3.35315e-10
2.88e-05	-1.28e-05	-3.11378e-12
3.2e-05	-1.28e-05	-1.00177e-14
3.52e-05	-1.28e-05	1.46851e-14
3.84e-05	-1.28e-05	1.11476e-14
4.16e-05	-1.28e-05	7.61212e-15
4.48e-05	-1.28e-05	4.60069e-15
4.8e-05	-1.28e-05	1.60156e-15
5.12e-05	-1.28e-05	9.88589e-17
5.44e-05	-1.28e-05	-1.08459e-16
5.76e-05	-1.28e-05	-5.30423e-17
6.08e-05	-1.28e-05	-6.2533e-17
-6.4e-05	-9.6e-06	3.85555e-17
-6.08e-05	-9.6e-06	-4.79432e-17
-5.76e-05	-9.6e-06	-2.12715e-16
-5.44e-05	-9.6e-06	-8.20959e-15
-5.12e-05	-9.6e-06	-1.56786e-13
-4.8e-05	-9.6e-06	-4.90235e-13
-4.48e-05	-9.6e-06	-8.4337e-13
-4.16e-05	-9.6e-06	-1.22559e-12
-3.84e-05	-9.6e-06	-1.62334e-12
-3.52e-05	-9.6e-06	1.14692e-12
-3.2e-05	-9.6e-06	3.49047e-10
-2.88e-05	-9.6e-06	3.75779e-08
-2.56e-05	-9.6e-06	4.01499e-06
-2.24e-05	-9.6e-06	0.000428942
-1.92e-05	-9.6e-06	0.0453568
-1.6e-05	-9.6e-06	0.121605
-1.28e-05	-9.6e-06	0.158862
-9.6e-06	-9.6e-06	0.145149
-6.4e-06	-9.6e-06	0.0850942
-3.2e-06	-9.6e-06	-0.00142877
0	-9.6e-06	-0.0860266
3.2e-06	-9.6e-06	-0.141484
6.4e-06	-9.6e-06	-0.150809
9.6e-06	-9.6e-06	-0.112336
1.28e-05	-9.6e-06	-0.0392756
1.6e-05	-9.6e-06	-0.000370755
1.92e-05	-9.6e-06	-3.46955e-06
2.24e-05	-9.6e-06	-3.24643e-08
2.56e-05	-9.6e-06	-3.00563e-10
2.88e-05	-9.6e-06	-2.24181e-13
3.2e-05	-9.6e-06	2.04018e-12
3.52e-05	-9.6e-06	1.59395e-12
3.84e-05	-9.6e-06	1.18269e-12
4.16e-05	-9.6e-06	8.1662e-13
4.48e-05	-9.6e-06	4.84125e-13
4.8e-05	-9.6e-06	1.8268e-13
5.12e-05	-9.6e-06	9.44871e-15
5.44e-05	-9.6e-06	1.9968e-16
5.76e-05	-9.6e-06	3.91429e-17
6.08e-05	-9.6e-06	4.74592e-17
-6.4e-05	-6.4e-06	-2.23282e-17
-6.08e-05	-6.4e-06	-3.93267e-16
-5.76e-05	-6.4e-06	-1.96645e-14
-5.44e-05	-6.4e-06	-7.20363e-13
-5.12e-05	-6.4e-06	-1.65355e-11
-4.8e-05	-6.4e-06	-5.22421e-11
-4.48e-05	-6.4e-06	-8.98805e-11
-4.16e-05	-6.4e-06	-1.30661e-10
-3.84e-05	-6.4e-06	-1.76287e-10
-3.52e-05	-6.4e-06	-2.26002e-10
-3.2e-05	-6.4e-06	-6.33441e-13
-2.88e-05	-6.4e-06	3.05711e-08
-2.56e-05	-6.4e-06	3.30474e-06
-2.24e-05	-6.4e-06	0.000353135
-1.92e-05	-6.4e-06	0.0372954
-1.6e-05	-6.4e-06	0.0950132
-1.28e-05	-6.4e-06	0.1227
-9.6e-06	-6.4e-06	0.110834
-6.4e-06	-6.4e-06	0.0629883
-3.2e-06	-6.4e-06	-0.00477002
0	-6.4e-06	-0.0695336
3.2e-06	-6.4e-06	-0.109953
6.4e-06	-6.4e-06	-0.113857
9.6e-06	-6.4e-06	-0.0819521
1.28e-05	-6.4e-06	-0.0261841
1.6e-05	-6.4e-06	-0.000246471
1.92e-05	-6.4e-06	-2.30484e-06
2.24e-05	-6.4e-06	-2.11283e-08
2.56e-05	-6.4e-06	1.47609e-10
2.88e-05	-6.4e-06	2.77284e-10
3.2e-05	-6.4e-06	2.20269e-10
3.52e-05	-6.4e-06	1.69926e-10
3.84e-05	-6.4e-06	1.26058e-10
4.16e-05	-6.4e-06	8.70407e-11
4.48e-05	-6.4e-06	5.15938e-11
4.8e-05	-6.4e-06	1.9354e-11
5.12e-05	-6.4e-06	8.51645e-13
5.44e-05	-6.4e-06	2.33012e-14
5.76e-05	-6.4e-06	4.2011e-16
6.08e-05	-6.4e-06	1.62106e-17
-6.4e-05	-3.2e-06	-5.59097e-16
-6.08e-05	-3.2e-06	-2.57871e-14
-5.76e-05	-3.2e-06	-1.40489e-12
-5.44e-05	-3.2e-06	-6.16952e-11
-5.12e-05	-3.2e-06	-1.74325e-09
-4.8e-05	-3.2e-06	-5.56849e-09
-4.48e-05	-3.2e-06	-9.58058e-09
-4.16e-05	-3.2e-06	-1.39271e-08
-3.84e-05	-3.2e-06	-1.8793e-08
-3.52e-05	-3.2e-06	-2.43764e-08
-3.2e-05	-3.2e-06	-3.07629e-08
-2.88e-05	-3.2e-06	-2.11755e-08
-2.56e-05	-3.2e-06	1.83522e-06
-2.24e-05	-3.2e-06	0.000201314
-1.92e-05	-3.2e-06	0.0212176
-1.6e-05	-3.2e-06	0.0481427
-1.28e-05	-3.2e-06	0.0611201
-9.6e-06	-3.2e-06	0.0538126
-6.4e-06	-3.2e-06	0.0274419
-3.2e-06	-3.2e-06	-0.00858024
0	-3.2e-06	-0.0405665
3.2e-06	-3.2e-06	-0.0567166
6.4e-06	-3.2e-06	-0.0524254
9.6e-06	-3.2e-06	-0.0320376
1.28e-05	-3.2e-06	-0.00576408
1.6e-05	-3.2e-06	-5.25111e-05
1.92e-05	-3.2e-06	-4.28944e-07
2.24e-05	-3.2e-06	4.18472e-08
2.56e-05	-3.2e-06	3.71873e-08
2.88e-05	-3.2e-06	2.97556e-08
3.2e-05	-3.2e-06	2.348e-08
3.52e-05	-3.2e-06	1.81123e-08
3.84e-05	-3.2e-06	1.34363e-08
4.16e-05	-3.2e-06	9.27736e-09
4.48e-05	-3.2e-06	5.49811e-09
4.8e-05	-3.2e-06	2.04992e-09
5.12e-05	-3.2e-06	7.3149e-11
5.44e-05	-3.2e-06	1.67035e-12
5.76e-05	-3.2e-06	3.07794e-14
6.08e-05	-3.2e-06	1.46152e-16
-6.4e-05	0	-1.93197e-14
-6.08e-05	0	-1.39521e-12
-5.76e-05	0	-9.08812e-11
-5.44e-05	0	-4.957e-09
-5.12e-05	0	-1.83734e-07
-4.8e-05	0	-5.93566e-07
-4.48e-05	0	-1.02122e-06
-4.16e-05	0	-1.48449e-06
-3.84e-05	0	-2.00313e-06
-3.52e-05	0	-2.59839e-06
-3.2e-05	0	-3.29643e-06
-2.88e-05	0	-4.13547e-06
-2.56e-05	0	-5.22511e-06
-2.24e-05	0	-1.05978e-05
-1.92e-05	0	-0.000486376
-1.6e-05	0	-0.0102718
-1.28e-05	0	-0.0125384
-9.6e-06	0	-0.0126401
-6.4e-06	0	-0.0129837
-3.2e-06	0	-0.0118831
0	0	-0.00595523
3.2e-06	0	0.00610987
6.4e-06	0	0.020669
9.6e-06	0	0.0289551
1.28e-05	0	0.020521
1.6e-05	0	0.000215695
1.92e-05	0	8.17501e-06
2.24e-05	0	4.95903e-06
2.56e-05	0	3.96816e-06
2.88e-05	0	3.1716e-06
3.2e-05	0	2.5027e-06
3.52e-05	0	1.93058e-06
3.84e-05	0	1.43216e-06
4.16e-05	0	9.8884e-07
4.48e-05	0	5.85918e-07
4.8e-05	0	2.17106e-07
5.12e-05	0	5.89422e-09
5.44e-05	0	1.0827e-10
5.76e-05	0	1.66298e-12
6.08e-05	0	1.52694e-14
-6.4e-05	3.2e-06	-7.0208e-13
-6.08e-05	3.2e-06	-6.06409e-11
-5.76e-05	3.2e-06	-4.91325e-09
-5.44e-05	3.2e-06	-3.54625e-07
-5.12e-05	3.2e-06	-1.936e-05
-4.8e-05	3.2e-06	-6.32726e-05
-4.48e-05	3.2e-06	-0.000108854
-4.16e-05	3.2e-06	-0.000158232
-3.84e-05	3.2e-06	-0.000213511
-3.52e-05	3.2e-06	-0.000276956
-3.2e-05	3.2e-06	-0.000351349
-2.88e-05	3.2e-06	-0.000440721
-2.56e-05	3.2e-06	-0.000554741
-2.24e-05	3.2e-06	-0.000966974
-1.92e-05	3.2e-06	-0.0290102
-1.6e-05	3.2e-06	-0.0707663
-1.28e-05	3.2e-06	-0.0817224
-9.6e-06	3.2e-06	-0.0721579
-6.4e-06	3.2e-06	-0.0479786
-3.2e-06	3.2e-06	-0.013721
0	3.2e-06	0.0256721
3.2e-06	3.2e-06	0.0632072
6.4e-06	3.2e-06	0.0890919
9.6e-06	3.2e-06	0.0913362
1.28e-05	3.2e-06	0.0560098
1.6e-05	3.2e-06	0.00182304
1.92e-05	3.2e-06	0.000667881
2.24e-05	3.2e-06	0.000526548
2.56e-05	3.2e-06	0.00042292
2.88e-05	3.2e-06	0.000338052
3.2e-05	3.2e-06	0.00026676
3.52e-05	3.2e-06	0.000205779
3.84e-05	3.2e-06	0.000152653
4.16e-05	3.2e-06	0.000105397
4.48e-05	3.2e-06	6.24407e-05
4.8e-05	3.2e-06	2.29918e-05
5.12e-05	3.2e-06	4.23041e-07
5.44e-05	3.2e-06	5.86454e-09
5.76e-05	3.2e-06	7.23517e-11
6.08e-05	3.2e-06	6.91266e-13
-6.4e-05	6.4e-06	-1.56219e-11
-6.08e-05	6.4e-06	-1.67249e-09
-5.76e-05	6.4e-06	-1.78982e-07
-5.44e-05	6.4e-06	-1.91555e-05
-5.12e-05	6.4e-06	-0.0020394
-4.8e-05	6.4e-06	-0.00674492
-4.48e-05	6.4e-06	-0.011603
-4.16e-05	6.4e-06	-0.016866
-3.84e-05	6.4e-06	-0.022758
-3.52e-05	6.4e-06	-0.0295202
-3.2e-05	6.4e-06	-0.0374484
-2.88e-05	6.4e-06	-0.0469683
-2.56e-05	6.4e-06	-0.0588523
-2.24e-05	6.4e-06	-0.0749303
-1.92e-05	6.4e-06	-0.100298
-1.6e-05	6.4e-06	-0.12459
-1.28e-05	6.4e-06	-0.128155
-9.6e-06	6.4e-06	-0.108083
-6.4e-06	6.4e-06	-0.0676468
-3.2e-06	6.4e-06	-0.0134291
0	6.4e-06	0.0455639
3.2e-06	6.4e-06	0.0984862
6.4e-06	6.4e-06	0.133981
9.6e-06	6.4e-06	0.142925
1.28e-05	6.4e-06	0.123218
1.6e-05	6.4e-06	0.0900916
1.92e-05	6.4e-06	0.0701987
2.24e-05	6.4e-06	0.0561067
2.56e-05	6.4e-06	0.0450761
2.88e-05	6.4e-06	0.036032
3.2e-05	6.4e-06	0.0284336
3.52e-05	6.4e-06	0.0219338
3.84e-05	6.4e-06	0.0162711
4.16e-05	6.4e-06	0.0112339
4.48e-05	6.4e-06	0.00665438
4.8e-05	6.4e-06	0.00243468
5.12e-05	6.4e-06	2.29542e-05
5.44e-05	6.4e-06	2.13883e-07
5.76e-05	6.4e-06	1.99315e-09
6.08e-05	6.4e-06	1.83425e-11
-6.4e-05	9.6e-06	-2.46186e-11
-6.08e-05	9.6e-06	-2.6348e-09
-5.76e-05	9.6e-06	-2.82001e-07
-5.44e-05	9.6e-06	-3.02187e-05
-5.12e-05	9.6e-06	-0.00321137
-4.8e-05	9.6e-06	-0.00970251
-4.48e-05	9.6e-06	-0.0165485
-4.16e-05	9.6e-06	-0.0240141
-3.84e-05	9.6e-06	-0.0323818
-3.52e-05	9.6e-06	-0.0419662
-3.2e-05	9.6e-06	-0.0531248
-2.88e-05	9.6e-06	-0.0662616
-2.56e-05	9.6e-06	-0.0817933
-2.24e-05	9.6e-06	-0.0999281
-1.92e-05	9.6e-06	-0.119553
-1.6e-05	9.6e-06	-0.133168
-1.28e-05	9.6e-06	-0.130366
-9.6e-06	9.6e-06	-0.107141
-6.4e-06	9.6e-06	-0.0652775
-3.2e-06	9.6e-06	-0.0108016
0	9.6e-06	0.0473999
3.2e-06	9.6e-06	0.0990441
6.4e-06	9.6e-06	0.134476
9.6e-06	9.6e-06	0.147485
1.28e-05	9.6e-06	0.138602
1.6e-05	9.6e-06	0.117422
1.92e-05	9.6e-06	0.0967581
2.24e-05	9.6e-06	0.0789166
2.56e-05	9.6e-06	0.0638748
2.88e-05	9.6e-06	0.0512011
3.2e-05	9.6e-06	0.0404461
3.52e-05	9.6e-06	0.0312106
3.84e-05	9.6e-06	0.0231484
4.16e-05	9.6e-06	0.0159563
4.48e-05	9.6e-06	0.00936297
4.8e-05	9.6e-06	0.00311458
5.12e-05	9.6e-06	2.93128e-05
5.44e-05	9.6e-06	2.73538e-07
5.76e-05	9.6e-06	2.55513e-09
6.08e-05	9.6e-06	2.34442e-11
-6.4e-05	1.28e-05	-4.24162e-11
-6.08e-05	1.28e-05	-2.53705e-09
-5.76e-05	1.28e-05	-2.35346e-07
-5.44e-05	1.28e-05	-2.46275e-05
-5.12e-05	1.28e-05	-0.00260327
-4.8e-05	1.28e-05	-0.00716777
-4.48e-05	1.28e-05	-0.0121117
-4.16e-05	1.28e-05	-0.0175445
-3.84e-05	1.28e-05	-0.0236426
-3.52e-05	1.28e-05	-0.0306168
-3.2e-05	1.28e-05	-0.0386931
-2.88e-05	1.28e-05	-0.0480743
-2.56e-05	1.28e-05	-0.0588211
-2.24e-05	1.28e-05	-0.070523
-1.92e-05	1.28e-05	-0.0815148
-1.6e-05	1.28e-05	-0.0876514
-1.28e-05	1.28e-05	-0.0839703
-9.6e-06	1.28e-05	-0.0681048
-6.4e-06	1.28e-05	-0.0409564
-3.2e-06	1.28e-05	-0.00618018
0	1.28e-05	0.0306948
3.2e-06	1.28e-05	0.0633694
6.4e-06	1.28e-05	0.08619
9.6e-06	1.28e-05	0.095842
1.28e-05	1.28e-05	0.0928936
1.6e-05	1.28e-05	0.0820608
1.92e-05	1.28e-05	0.069261
2.24e-05	1.28e-05	0.05714
2.56e-05	1.28e-05	0.0464833
2.88e-05	1.28e-05	0.0373403
3.2e-05	1.28e-05	0.0295226
3.52e-05	1.28e-05	0.022788
3.84e-05	1.28e-05	0.0168984
4.16e-05	1.28e-05	0.0116311
4.48e-05	1.28e-05	0.00676885
4.8e-05	1.28e-05	0.0020651
5.12e-05	1.28e-05	1.95116e-05
5.44e-05	1.28e-05	1.87041e-07
5.76e-05	1.28e-05	2.0266e-09
6.08e-05	1.28e-05	1.58316e-11
-6.4e-05	1.6e-05	-2.06975e-09
-6.08e-05	1.6e-05	-3.75939e-08
-5.76e-05	1.6e-05	-6.55101e-07
-5.44e-05	1.6e-05	-1.12593e-05
-5.12e-05	1.6e-05	-0.000173535
-4.8e-05	1.6e-05	-0.0004582
-4.48e-05	1.6e-05	-0.000773011
-4.16e-05	1.6e-05	-0.00111953
-3.84e-05	1.6e-05	-0.00150856
-3.52e-05	1.6e-05	-0.00195342
-3.2e-05	1.6e-05	-0.00246831
-2.88e-05	1.6e-05	-0.00306564
-2.56e-05	1.6e-05	-0.00374787
-2.24e-05	1.6e-05	-0.00448572
-1.92e-05	1.6e-05	-0.00516896
-1.6e-05	1.6e-05	-0.00554023
-1.28e-05	1.6e-05	-0.00529647
-9.6e-06	1.6e-05	-0.00429008
-6.4e-06	1.6e-05	-0.00257657
-3.2e-06	1.6e-05	-0.000385062
0	1.6e-05	0.00193699
3.2e-06	1.6e-05	0.00399436
6.4e-06	1.6e-05	0.00543392
9.6e-06	1.6e-05	0.00605068
1.28e-05	1.6e-05	0.00588145
1.6e-05	1.6e-05	0.00521489
1.92e-05	1.6e-05	0.00441115
2.24e-05	1.6e-05	0.00364306
2.56e-05	1.6e-05	0.00296503
2.88e-05	1.6e-05	0.00238231
3.2e-05	1.6e-05	0.0018837
3.52e-05	1.6e-05	0.00145403
3.84e-05	1.6e-05	0.00107822
4.16e-05	1.6e-05	0.000742063
4.48e-05	1.6e-05	0.000432119
4.8e-05	1.6e-05	0.000141561
5.12e-05	1.6e-05	9.1527e-06
5.44e-05	1.6e-05	5.32335e-07
5.76e-05	1.6e-05	3.05519e-08
6.08e-05	1.6e-05	1.71919e-09
-6.4e-05	1.92e-05	-4.9925e-10
-6.08e-05	1.92e-05	-8.45312e-09
-5.76e-05	1.92e-05	-1.10928e-07
-5.44e-05	1.92e-05	-1.295e-06
-5.12e-05	1.92e-05	-1.15289e-05
-4.8e-05	1.92e-05	-2.93108e-05
-4.48e-05	1.92e-05	-4.93391e-05
-4.16e-05	1.92e-05	-7.14384e-05
-3.84e-05	1.92e-05	-9.62563e-05
-3.52e-05	1.92e-05	-0.000124631
-3.2e-05	1.92e-05	-0.000157455
-2.88e-05	1.92e-05	-0.000195483
-2.56e-05	1.92e-05	-0.000238779
-2.24e-05	1.92e-05	-0.000285285
-1.92e-05	1.92e-05	-0.000327756
-1.6e-05	1.92e-05	-0.000350205
-1.28e-05	1.92e-05	-0.000334101
-9.6e-06	1.92e-05	-0.000270257
-6.4e-06	1.92e-05	-0.0001621
-3.2e-06	1.92e-05	-2.39925e-05
0	1.92e-05	0.000122235
3.2e-06	1.92e-05	0.00025179
6.4e-06	1.92e-05	0.000342616
9.6e-06	1.92e-05	0.000382027
1.28e-05	1.92e-05	0.000372383
1.6e-05	1.92e-05	0.000331357
1.92e-05	1.92e-05	0.000280911
2.24e-05	1.92e-05	0.000232255
2.56e-05	1.92e-05	0.000189125
2.88e-05	1.92e-05	0.000151989
3.2e-05	1.92e-05	0.000120189
3.52e-05	1.92e-05	9.27772e-05
3.84e-05	1.92e-05	6.87967e-05
4.16e-05	1.92e-05	4.73468e-05
4.48e-05	1.92e-05	2.76175e-05
4.8e-05	1.92e-05	9.6153e-06
5.12e-05	1.92e-05	1.06658e-06
5.44e-05	1.92e-05	9.09555e-08
5.76e-05	1.92e-05	6.92048e-09
6.08e-05	1.92e-05	4.86929e-10
-6.4e-05	2.24e-05	-6.95893e-11
-6.08e-05	2.24e-05	-1.21728e-09
-5.76e-05	2.24e-05	-1.29703e-08
-5.44e-05	2.24e-05	-1.17097e-07
-5.12e-05	2.24e-05	-7.63657e-07
-4.8e-05	2.24e-05	-1.87609e-06
-4.48e-05	2.24e-05	-3.14942e-06
-4.16e-05	2.24e-05	-4.5586e-06
-3.84e-05	2.24e-05	-6.14177e-06
-3.52e-05	2.24e-05	-7.95157e-06
-3.2e-05	2.24e-05	-1.0044e-05
-2.88e-05	2.24e-05	-1.24645e-05
-2.56e-05	2.24e-05	-1.52114e-05
-2.24e-05	2.24e-05	-1.81415e-05
-1.92e-05	2.24e-05	-2.07816e-05
-1.6e-05	2.24e-05	-2.21381e-05
-1.28e-05	2.24e-05	-2.10765e-05
-9.6e-06	2.24e-05	-1.7026e-05
-6.4e-06	2.24e-05	-1.01987e-05
-3.2e-06	2.24e-05	-1.49498e-06
0	2.24e-05	7.7139e-06
3.2e-06	2.24e-05	1.58728e-05
6.4e-06	2.24e-05	2.16042e-05
9.6e-06	2.24e-05	2.41225e-05
1.28e-05	2.24e-05	2.35778e-05
1.6e-05	2.24e-05	2.1052e-05
1.92e-05	2.24e-05	1.7887e-05
2.24e-05	2.24e-05	1.4806e-05
2.56e-05	2.24e-05	1.2063e-05
2.88e-05	2.24e-05	9.69664e-06
3.2e-05	2.24e-05	7.6686e-06
3.52e-05	2.24e-05	5.9198e-06
3.84e-05	2.24e-05	4.38965e-06
4.16e-05	2.24e-05	3.02119e-06
4.48e-05	2.24e-05	1.76672e-06
4.8e-05	2.24e-05	6.48341e-07
5.12e-05	2.24e-05	9.75449e-08
5.44e-05	2.24e-05	1.07225e-08
5.76e-05	2.24e-05	1.00404e-09
6.08e-05	2.24e-05	8.41276e-11
-6.4e-05	2.56e-05	-7.19129e-12
-6.08e-05	2.56e-05	-1.41786e-10
-5.76e-05	2.56e-05	-1.28099e-09
-5.44e-05	2.56e-05	-9.54035e-09
-5.12e-05	2.56e-05	-5.04507e-08
-4.8e-05	2.56e-05	-1.20142e-07
-4.48e-05	2.56e-05	-2.0105e-07
-4.16e-05	2.56e-05	-2.90894e-07
-3.84e-05	2.56e-05	-3.91883e-07
-3.52e-05	2.56e-05	-5.07312e-07
-3.2e-05	2.56e-05	-6.4068e-07
-2.88e-05	2.56e-05	-7.9473e-07
-2.56e-05	2.56e-05	-9.68958e-07
-2.24e-05	2.56e-05	-1.15351e-06
-1.92e-05	2.56e-05	-1.31762e-06
-1.6e-05	2.56e-05	-1.39952e-06
-1.28e-05	2.56e-05	-1.32968e-06
-9.6e-06	2.56e-05	-1.07269e-06
-6.4e-06	2.56e-05	-6.41696e-07
-3.2e-06	2.56e-05	-9.31562e-08
0	2.56e-05	4.86811e-07
3.2e-06	2.56e-05	1.00067e-06
6.4e-06	2.56e-05	1.3624e-06
9.6e-06	2.56e-05	1.52331e-06
1.28e-05	2.56e-05	1.49287e-06
1.6e-05	2.56e-05	1.33734e-06
1.92e-05	2.56e-05	1.13884e-06
2.24e-05	2.56e-05	9.43809e-07
2.56e-05	2.56e-05	7.69394e-07
2.88e-05	2.56e-05	6.1862e-07
3.2e-05	2.56e-05	4.89288e-07
3.52e-05	2.56e-05	3.77721e-07
3.84e-05	2.56e-05	2.80089e-07
4.16e-05	2.56e-05	1.92802e-07
4.48e-05	2.56e-05	1.13105e-07
4.8e-05	2.56e-05	4.34574e-08
5.12e-05	2.56e-05	8.02855e-09
5.44e-05	2.56e-05	1.06707e-09
5.76e-05	2.56e-05	1.17859e-10
6.08e-05	2.56e-05	1.14079e-11
-6.4e-05	2.88e-05	-5.81349e-13
-6.08e-05	2.88e-05	-1.45394e-11
-5.76e-05	2.88e-05	-1.14697e-10
-5.44e-05	2.88e-05	-7.33389e-10
-5.12e-05	2.88e-05	-3.32523e-09
-4.8e-05	2.88e-05	-7.6968e-09
-4.48e-05	2.88e-05	-1.28357e-08
-4.16e-05	2.88e-05	-1.85628e-08
-3.84e-05	2.88e-05	-2.50045e-08
-3.52e-05	2.88e-05	-3.23662e-08
-3.2e-05	2.88e-05	-4.08663e-08
-2.88e-05	2.88e-05	-5.06689e-08
-2.56e-05	2.88e-05	-6.17165e-08
-2.24e-05	2.88e-05	-7.3337e-08
-1.92e-05	2.88e-05	-8.3538e-08
-1.6e-05	2.88e-05	-8.8479e-08
-1.28e-05	2.88e-05	-8.38932e-08
-9.6e-06	2.88e-05	-6.75862e-08
-6.4e-06	2.88e-05	-4.03772e-08
-3.2e-06	2.88e-05	-5.80499e-09
0	2.88e-05	3.07225e-08
3.2e-06	2.88e-05	6.30895e-08
6.4e-06	2.88e-05	8.59227e-08
9.6e-06	2.88e-05	9.62037e-08
1.28e-05	2.88e-05	9.45253e-08
1.6e-05	2.88e-05	8.49462e-08
1.92e-05	2.88e-05	7.25004e-08
2.24e-05	2.88e-05	6.01592e-08
2.56e-05	2.88e-05	4.90712e-08
2.88e-05	2.88e-05	3.94656e-08
3.2e-05	2.88e-05	3.12183e-08
3.52e-05	2.88e-05	2.4101e-08
3.84e-05	2.88e-05	1.78717e-08
4.16e-05	2.88e-05	1.23054e-08
4.48e-05	2.88e-05	7.2454e-09
4.8e-05	2.88e-05	2.89866e-09
5.12e-05	2.88e-05	6.22847e-10
5.44e-05	2.88e-05	9.62262e-11
5.76e-05	2.88e-05	1.21843e-11
6.08e-05	2.88e-05	1.33358e-12
-6.4e-05	3.2e-05	-3.51073e-14
-6.08e-05	3.2e-05	-1.36813e-12
-5.76e-05	3.2e-05	-9.63182e-12
-5.44e-05	3.2e-05	-5.43324e-11
-5.12e-05	3.2e-05	-2.18714e-10
-4.8e-05	3.2e-05	-4.93252e-10
-4.48e-05	3.2e-05	-8.19544e-10
-4.16e-05	3.2e-05	-1.18456e-09
-3.84e-05	3.2e-05	-1.59543e-09
-3.52e-05	3.2e-05	-2.06492e-09
-3.2e-05	3.2e-05	-2.60662e-09
-2.88e-05	3.2e-05	-3.23028e-09
-2.56e-05	3.2e-05	-3.93062e-09
-2.24e-05	3.2e-05	-4.66211e-09
-1.92e-05	3.2e-05	-5.29619e-09
-1.6e-05	3.2e-05	-5.59398e-09
-1.28e-05	3.2e-05	-5.29338e-09
-9.6e-06	3.2e-05	-4.25861e-09
-6.4e-06	3.2e-05	-2.54078e-09
-3.2e-06	3.2e-05	-3.61747e-10
0	3.2e-05	1.93894e-09
3.2e-06	3.2e-05	3.97784e-09
6.4e-06	3.2e-05	5.41934e-09
9.6e-06	3.2e-05	6.07615e-09
1.28e-05	3.2e-05	5.9852e-09
1.6e-05	3.2e-05	5.39518e-09
1.92e-05	3.2e-05	4.61504e-09
2.24e-05	3.2e-05	3.83435e-09
2.56e-05	3.2e-05	3.12961e-09
2.88e-05	3.2e-05	2.51772e-09
3.2e-05	3.2e-05	1.99182e-09
3.52e-05	3.2e-05	1.53779e-09
3.84e-05	3.2e-05	1.14036e-09
4.16e-05	3.2e-05	7.85471e-10
4.48e-05	3.2e-05	4.64365e-10
4.8e-05	3.2e-05	1.92555e-10
5.12e-05	3.2e-05	4.65282e-11
5.44e-05	3.2e-05	8.13178e-12
5.76e-05	3.2e-05	1.15754e-12
6.08e-05	3.2e-05	1.38188e-13
-6.4e-05	3.52e-05	-6.43906e-16
-6.08e-05	3.52e-05	-1.23957e-13
-5.76e-05	3.52e-05	-7.72555e-13
-5.44e-05	3.52e-05	-3.92746e-12
-5.12e-05	3.52e-05	-1.43572e-11
-4.8e-05	3.52e-05	-3.16204e-11
-4.48e-05	3.52e-05	-5.23317e-11
-4.16e-05	3.52e-05	-7.55902e-11
-3.84e-05	3.52e-05	-1.01796e-10
-3.52e-05	3.52e-05	-1.31737e-10
-3.2e-05	3.52e-05	-1.66259e-10
-2.88e-05	3.52e-05	-2.05928e-10
-2.56e-05	3.52e-05	-2.50313e-10
-2.24e-05	3.52e-05	-2.96348e-10
-1.92e-05	3.52e-05	-3.35761e-10
-1.6e-05	3.52e-05	-3.53686e-10
-1.28e-05	3.52e-05	-3.34016e-10
-9.6e-06	3.52e-05	-2.68351e-10
-6.4e-06	3.52e-05	-1.59889e-10
-3.2e-06	3.52e-05	-2.25434e-11
0	3.52e-05	1.22373e-10
3.2e-06	3.52e-05	2.50821e-10
6.4e-06	3.52e-05	3.41838e-10
9.6e-06	3.52e-05	3.83794e-10
1.28e-05	3.52e-05	3.78979e-10
1.6e-05	3.52e-05	3.42633e-10
1.92e-05	3.52e-05	2.93744e-10
2.24e-05	3.52e-05	2.44372e-10
2.56e-05	3.52e-05	1.9959e-10
2.88e-05	3.52e-05	1.60616e-10
3.2e-05	3.52e-05	1.27084e-10
3.52e-05	3.52e-05	9.8119e-11
3.84e-05	3.52e-05	7.27653e-11
4.16e-05	3.52e-05	5.01437e-11
4.48e-05	3.52e-05	2.9774e-11
4.8e-05	3.52e-05	1.27483e-11
5.12e-05	3.52e-05	3.38607e-12
5.44e-05	3.52e-05	6.59057e-13
5.76e-05	3.52e-05	1.02402e-13
6.08e-05	3.52e-05	1.53167e-14
-6.4e-05	3.84e-05	-1.6092e-15
-6.08e-05	3.84e-05	-8.77346e-15
-5.76e-05	3.84e-05	-6.13459e-14
-5.44e-05	3.84e-05	-2.76025e-13
-5.12e-05	3.84e-05	-9.40049e-13
-4.8e-05	3.84e-05	-2.02506e-12
-4.48e-05	3.84e-05	-3.33947e-12
-4.16e-05	3.84e-05	-4.82213e-12
-3.84e-05	3.84e-05	-6.49614e-12
-3.52e-05	3.84e-05	-8.40931e-12
-3.2e-05	3.84e-05	-1.0605e-11
-2.88e-05	3.84e-05	-1.3126e-11
-2.56e-05	3.84e-05	-1.59393e-11
-2.24e-05	3.84e-05	-1.88362e-11
-1.92e-05	3.84e-05	-2.12856e-11
-1.6e-05	3.84e-05	-2.23638e-11
-1.28e-05	3.84e-05	-2.10775e-11
-9.6e-06	3.84e-05	-1.69109e-11
-6.4e-06	3.84e-05	-1.00624e-11
-3.2e-06	3.84e-05	-1.40502e-12
0	3.84e-05	7.72369e-12
3.2e-06	3.84e-05	1.58163e-11
6.4e-06	3.84e-05	2.1564e-11
9.6e-06	3.84e-05	2.42439e-11
1.28e-05	3.84e-05	2.39966e-11
1.6e-05	3.84e-05	2.17583e-11
1.92e-05	3.84e-05	1.86946e-11
2.24e-05	3.84e-05	1.55733e-11
2.56e-05	3.84e-05	1.27276e-11
2.88e-05	3.84e-05	1.02459e-11
3.2e-05	3.84e-05	8.10893e-12
3.52e-05	3.84e-05	6.26095e-12
3.84e-05	3.84e-05	4.64142e-12
4.16e-05	3.84e-05	3.20109e-12
4.48e-05	3.84e-05	1.9082e-12
4.8e-05	3.84e-05	8.41271e-13
5.12e-05	3.84e-05	2.42821e-13
5.44e-05	3.84e-05	5.18252e-14
5.76e-05	3.84e-05	1.15549e-14
6.08e-05	3.84e-05	1.67918e-15
-6.4e-05	4.16e-05	3.42554e-15
-6.08e-05	4.16e-05	-5.46782e-16
-5.76e-05	4.16e-05	-1.38361e-15
-5.44e-05	4.16e-05	-1.84159e-14
-5.12e-05	4.16e-05	-5.91385e-14
-4.8e-05	4.16e-05	-1.28691e-13
-4.48e-05	4.16e-05	-2.14466e-13
-4.16e-05	4.16e-05	-3.09149e-13
-3.84e-05	4.16e-05	-4.19741e-13
-3.52e-05	4.16e-05	-5.35807e-13
-3.2e-05	4.16e-05	-6.73387e-13
-2.88e-05	4.16e-05	-8.36316e-13
-2.56e-05	4.16e-05	-1.01665e-12
-2.24e-05	4.16e-05	-1.19779e-12
-1.92e-05	4.16e-05	-1.34949e-12
-1.6e-05	4.16e-05	-1.41314e-12
-1.28e-05	4.16e-05	-1.33071e-12
-9.6e-06	4.16e-05	-1.06603e-12
-6.4e-06	4.16e-05	-6.33473e-13
-3.2e-06	4.16e-05	-8.74206e-14
0	4.16e-05	4.8725e-13
3.2e-06	4.16e-05	9.9731e-13
6.4e-06	4.16e-05	1.36036e-12
9.6e-06	4.16e-05	1.53143e-12
1.28e-05	4.16e-05	1.51969e-12
1.6e-05	4.16e-05	1.38118e-12
1.92e-05	4.16e-05	1.19021e-12
2.24e-05	4.16e-05	9.92369e-13
2.56e-05	4.16e-05	8.11911e-13
2.88e-05	4.16e-05	6.52669e-13
3.2e-05	4.16e-05	5.1681e-13
3.52e-05	4.16e-05	3.99855e-13
3.84e-05	4.16e-05	2.96662e-13
4.16e-05	4.16e-05	2.03676e-13
4.48e-05	4.16e-05	1.2244e-13
4.8e-05	4.16e-05	5.32768e-14
5.12e-05	4.16e-05	1.66073e-14
5.44e-05	4.16e-05	2.78793e-15
5.76e-05	4.16e-05	8.02553e-16
6.08e-05	4.16e-05	3.68367e-16
-6.4e-05	4.48e-05	2.07058e-17
-6.08e-05	4.48e-05	3.30622e-16
-5.76e-05	4.48e-05	-1.96556e-16
-5.44e-05	4.48e-05	-1.86536e-15
-5.12e-05	4.48e-05	-4.2437e-15
-4.8e-05	4.48e-05	-1.08534e-14
-4.48e-05	4.48e-05	-1.46345e-14
-4.16e-05	4.48e-05	-2.22619e-14
-3.84e-05	4.48e-05	-2.6769e-14
-3.52e-05	4.48e-05	-3.03859e-14
-3.2e-05	4.48e-05	-4.28053e-14
-2.88e-05	4.48e-05	-5.57177e-14
-2.56e-05	4.48e-05	-6.54952e-14
-2.24e-05	4.48e-05	-7.56691e-14
-1.92e-05	4.48e-05	-8.37889e-14
-1.6e-05	4.48e-05	-8.96714e-14
-1.28e-05	4.48e-05	-8.42561e-14
-9.6e-06	4.48e-05	-6.70151e-14
-6.4e-06	4.48e-05	-3.96807e-14
-3.2e-06	4.48e-05	-5.67746e-15
0	4.48e-05	3.09888e-14
3.2e-06	4.48e-05	6.302e-14
6.4e-06	4.48e-05	8.55575e-14
9.6e-06	4.48e-05	9.698e-14
1.28e-05	4.48e-05	9.62442e-14
1.6e-05	4.48e-05	8.77834e-14
1.92e-05	4.48e-05	7.52322e-14
2.24e-05	4.48e-05	6.38225e-14
2.56e-05	4.48e-05	5.17701e-14
2.88e-05	4.48e-05	4.21033e-14
3.2e-05	4.48e-05	3.15334e-14
3.52e-05	4.48e-05	2.48982e-14
3.84e-05	4.48e-05	1.95278e-14
4.16e-05	4.48e-05	1.32258e-14
4.48e-05	4.48e-05	8.02973e-15
4.8e-05	4.48e-05	3.15096e-15
5.12e-05	4.48e-05	1.51217e-16
5.44e-05	4.48e-05	-3.64028e-16
5.76e-05	4.48e-05	-1.46109e-15
6.08e-05	4.48e-05	-6.16892e-16
-6.4e-05	4.8e-05	-1.74238e-15
-6.08e-05	4.8e-05	-5.549e-16
-5.76e-05	4.8e-05	-1.52577e-15
-5.44e-05	4.8e-05	-9.24176e-16
-5.12e-05	4.8e-05	-1.56578e-15
-4.8e-05	4.8e-05	-1.48141e-15
-4.48e-05	4.8e-05	-2.49773e-16
-4.16e-05	4.8e-05	-1.59969e-15
-3.84e-05	4.8e-05	1.13209e-15
-3.52e-05	4.8e-05	-2.4513e-15
-3.2e-05	4.8e-05	-5.30383e-15
-2.88e-05	4.8e-05	-3.81033e-15
-2.56e-05	4.8e-05	-3.61626e-15
-2.24e-05	4.8e-05	-3.38696e-15
-1.92e-05	4.8e-05	-6.14699e-15
-1.6e-05	4.8e-05	-5.36487e-15
-1.28e-05	4.8e-05	-5.18853e-15
-9.6e-06	4.8e-05	-4.14408e-15
-6.4e-06	4.8e-05	-2.62092e-15
-3.2e-06	4.8e-05	1.3916e-17
0	4.8e-05	1.71815e-15
3.2e-06	4.8e-05	3.72198e-15
6.4e-06	4.8e-05	5.7531e-15
9.6e-06	4.8e-05	6.02314e-15
1.28e-05	4.8e-05	5.94227e-15
1.6e-05	4.8e-05	5.35442e-15
1.92e-05	4.8e-05	5.11837e-15
2.24e-05	4.8e-05	3.4356e-15
2.56e-05	4.8e-05	3.79313e-15
2.88e-05	4.8e-05	2.63178e-15
3.2e-05	4.8e-05	2.45508e-15
3.52e-05	4.8e-05	4.50544e-16
3.84e-05	4.8e-05	6.94603e-16
4.16e-05	4.8e-05	7.04604e-16
4.48e-05	4.8e-05	1.02204e-16
4.8e-05	4.8e-05	9.57959e-16
5.12e-05	4.8e-05	-4.04202e-16
5.44e-05	4.8e-05	1.15213e-16
5.76e-05	4.8e-05	-3.88247e-16
6.08e-05	4.8e-05	-1.57147e-16
-6.4e-05	5.12e-05	-3.10795e-16
-6.08e-05	5.12e-05	-3.09831e-16
-5.76e-05	5.12e-05	-4.05911e-16
-5.44e-05	5.12e-05	-9.69046e-17
-5.12e-05	5.12e-05	-1.79752e-16
-4.8e-05	5.12e-05	7.00011e-16
-4.48e-05	5.12e-05	-9.26841e-17
-4.16e-05	5.12e-05	4.13832e-16
-3.84e-05	5.12e-05	-8.14104e-16
-3.52e-05	5.12e-05	-1.78972e-15
-3.2e-05	5.12e-05	-9.73382e-16
-2.88e-05	5.12e-05	8.49831e-16
-2.56e-05	5.12e-05	-2.10822e-16
-2.24e-05	5.12e-05	-1.19969e-15
-1.92e-05	5.12e-05	7.21396e-16
-1.6e-05	5.12e-05	-8.78427e-16
-1.28e-05	5.12e-05	-4.18117e-16
-9.6e-06	5.12e-05	-3.18684e-16
-6.4e-06	5.12e-05	1.9164e-16
-3.2e-06	5.12e-05	-5.755e-16
0	5.12e-05	1.96677e-16
3.2e-06	5.12e-05	3.57288e-16
6.4e-06	5.12e-05	1.92e-16
9.6e-06	5.12e-05	5.82689e-16
1.28e-05	5.12e-05	2.4715e-16
1.6e-05	5.12e-05	2.84876e-16
1.92e-05	5.12e-05	-7.48391e-17
2.24e-05	5.12e-05	8.177e-16
2.56e-05	5.12e-05	-4.37174e-16
2.88e-05	5.12e-05	6.00118e-16
3.2e-05	5.12e-05	7.00309e-16
3.52e-05	5.12e-05	-1.13146e-16
3.84e-05	5.12e-05	-4.67209e-16
4.16e-05	5.12e-05	-9.80911e-16
4.48e-05	5.12e-05	-3.80999e-16
4.8e-05	5.12e-05	-6.85281e-16
5.12e-05	5.12e-05	-3.34819e-17
5.44e-05	5.12e-05	-7.0935e-16
5.76e-05	5.12e-05	-2.49274e-16
6.08e-05	5.12e-05	-2.39527e-16
-6.4e-05	5.44e-05	-2.54124e-16
-6.08e-05	5.44e-05	-1.31168e-16
-5.76e-05	5.44e-05	-4.00082e-16
-5.44e-05	5.44e-05	3.38663e-17
-5.12e-05	5.44e-05	-5.62781e-16
-4.8e-05	5.44e-05	-5.13114e-16
-4.48e-05	5.44e-05	-1.08829e-15
-4.16e-05	5.44e-05	-8.24658e-16
-3.84e-05	5.44e-05	-1.7288e-15
-3.52e-05	5.44e-05	-1.14164e-15
-3.2e-05	5.44e-05	1.00914e-15
-2.88e-05	5.44e-05	1.41929e-16
-2.56e-05	5.44e-05	-1.46683e-16
-2.24e-05	5.44e-05	1.44719e-15
-1.92e-05	5.44e-05	-1.89072e-16
-1.6e-05	5.44e-05	-9.95422e-16
-1.28e-05	5.44e-05	-1.69282e-16
-9.6e-06	5.44e-05	1.21861e-15
-6.4e-06	5.44e-05	-5.47011e-16
-3.2e-06	5.44e-05	3.70296e-17
0	5.44e-05	8.78321e-17
3.2e-06	5.44e-05	-6.40775e-17
6.4e-06	5.44e-05	2.01672e-16
9.6e-06	5.44e-05	-3.98228e-16
1.28e-05	5.44e-05	5.44485e-16
1.6e-05	5.44e-05	-9.43167e-17
1.92e-05	5.44e-05	-2.84087e-16
2.24e-05	5.44e-05	-4.46613e-16
2.56e-05	5.44e-05	3.79961e-16
2.88e-05	5.44e-05	-2.46986e-16
3.2e-05	5.44e-05	3.3909e-16
3.52e-05	5.44e-05	4.81377e-16
3.84e-05	5.44e-05	-2.91937e-16
4.16e-05	5.44e-05	3.26358e-16
4.48e-05	5.44e-05	-7.40721e-16
4.8e-05	5.44e-05	-3.80348e-16
5.12e-05	5.44e-05	-9.5781e-16
5.44e-05	5.44e-05	-7.56805e-16
5.76e-05	5.44e-05	-9.56947e-16
6.08e-05	5.44e-05	-6.90261e-16
-6.4e-05	5.76e-05	-1.02738e-15
-6.08e-05	5.76e-05	-2.53707e-16
-5.76e-05	5.76e-05	-1.03239e-15
-5.44e-05	5.76e-05	-4.18318e-16
-5.12e-05	5.76e-05	-9.01158e-16
-4.8e-05	5.76e-05	-8.15393e-16
-4.48e-05	5.76e-05	-7.20194e-16
-4.16e-05	5.76e-05	-5.05035e-16
-3.84e-05	5.76e-05	1.36661e-16
-3.52e-05	5.76e-05	9.89186e-17
-3.2e-05	5.76e-05	1.32636e-15
-2.88e-05	5.76e-05	-7.704e-16
-2.56e-05	5.76e-05	4.57459e-16
-2.24e-05	5.76e-05	2.64138e-16
-1.92e-05	5.76e-05	-1.88826e-15
-1.6e-05	5.76e-05	5.65402e-16
-1.28e-05	5.76e-05	8.07926e-16
-9.6e-06	5.76e-05	-7.59973e-16
-6.4e-06	5.76e-05	5.19568e-16
-3.2e-06	5.76e-05	-2.3813e-16
0	5.76e-05	-3.04204e-16
3.2e-06	5.76e-05	1.90727e-16
6.4e-06	5.76e-05	-1.18937e-16
9.6e-06	5.76e-05	3.1013e-16
1.28e-05	5.76e-05	-2.73752e-16
1.6e-05	5.76e-05	4.31938e-16
1.92e-05	5.76e-05	2.28862e-16
2.24e-05	5.76e-05	-4.34396e-16
2.56e-05	5.76e-05	4.67843e-17
2.88e-05	5.76e-05	-1.34207e-16
3.2e-05	5.76e-05	-4.20379e-16
3.52e-05	5.76e-05	5.05828e-16
3.84e-05	5.76e-05	-8.67893e-17
4.16e-05	5.76e-05	6.1775e-16
4.48e-05	5.76e-05	1.04521e-16
4.8e-05	5.76e-05	1.85042e-16
5.12e-05	5.76e-05	-1.61629e-16
5.44e-05	5.76e-05	-2.26607e-16
5.76e-05	5.76e-05	-8.23165e-17
6.08e-05	5.76e-05	-9.80244e-16
-6.4e-05	6.08e-05	9.56861e-17
-6.08e-05	6.08e-05	-1.20144e-15
-5.76e-05	6.08e-05	3.5089e-16
-5.44e-05	6.08e-05	-1.1324e-15
-5.12e-05	6.08e-05	4.47391e-16
-4.8e-05	6.08e-05	-4.99186e-16
-4.48e-05	6.08e-05	7.94613e-16
-4.16e-05	6.08e-05	8.42495e-16
-3.84e-05	6.08e-05	-4.95391e-18
-3.52e-05	6.08e-05	1.75783e-15
-3.2e-05	6.08e-05	-1.07637e-15
-2.88e-05	6.08e-05	7.20532e-17
-2.56e-05	6.08e-05	-7.01414e-16
-2.24e-05	6.08e-05	-1.95274e-15
-1.92e-05	6.08e-05	1.07161e-15
-1.6e-05	6.08e-05	1.16409e-15
-1.28e-05	6.08e-05	-2.74531e-16
-9.6e-06	6.08e-05	-3.17846e-16
-6.4e-06	6.08e-05	-7.1837e-16
-3.2e-06	6.08e-05	2.1879e-16
0	6.08e-05	9.33361e-17
3.2e-06	6.08e-05	-1.43322e-16
6.4e-06	6.08e-05	2.69546e-16
9.6e-06	6.08e-05	-6.49517e-17
1.28e-05	6.08e-05	5.82596e-17
1.6e-05	6.08e-05	-3.84674e-16
1.92e-05	6.08e-05	2.55072e-16
2.24e-05	6.08e-05	6.10269e-16
2.56e-05	6.08e-05	-4.03481e-16
2.88e-05	6.08e-05	1.50971e-16
3.2e-05	6.08e-05	-2.43949e-16
3.52e-05	6.08e-05	-6.65855e-16
3.84e-05	6.08e-05	3.92835e-16
4.16e-05	6.08e-05	-7.24446e-16
4.48e-05	6.08e-05	8.41887e-16
4.8e-05	6.08e-05	-2.27707e-16
5.12e-05	6.08e-05	5.35167e-16
5.44e-05	6.08e-05	4.17684e-17
5.76e-05	6.08e-05	2.55127e-16
6.08e-05	6.08e-05	1.60859e-17
