
-6.08e-05	6.4e-05	-0.00330306
-5.76e-05	6.4e-05	-0.00569624
-5.44e-05	6.4e-05	-0.00810739
-5.12e-05	6.4e-05	-0.01035
-4.8e-05	6.4e-05	-0.0122893
-4.48e-05	6.4e-05	-0.0138331
-4.16e-05	6.4e-05	-0.0149316
-3.84e-05	6.4e-05	-0.0155771
-3.52e-05	6.4e-05	-0.0157983
-3.2e-05	6.4e-05	-0.0156491
-2.88e-05	6.4e-05	-0.0151943
-2.56e-05	6.4e-05	-0.0144969
-2.24e-05	6.4e-05	-0.0136113
-1.92e-05	6.4e-05	-0.0125802
-1.6e-05	6.4e-05	-0.0114358
-1.28e-05	6.4e-05	-0.0102014
-9.6e-06	6.4e-05	-0.00889367
-6.4e-06	6.4e-05	-0.00752481
-3.2e-06	6.4e-05	-0.00610407
0	6.4e-05	-0.00463903
3.2e-06	6.4e-05	-0.00313651
6.4e-06	6.4e-05	-0.00160346
9.6e-06	6.4e-05	-4.78478e-05
1.28e-05	6.4e-05	0.00152038
1.6e-05	6.4e-05	0.00308799
1.92e-05	6.4e-05	0.00463689
2.24e-05	6.4e-05	0.00614223
2.56e-05	6.4e-05	0.00757042
2.88e-05	6.4e-05	0.00887755
3.2e-05	6.4e-05	0.0100091
3.52e-05	6.4e-05	0.0109012
3.84e-05	6.4e-05	0.0114852
4.16e-05	6.4e-05	0.0116925
4.48e-05	6.4e-05	0.0114616
4.8e-05	6.4e-05	0.0107434
5.12e-05	6.4e-05	0.00950466
5.44e-05	6.4e-05	0.00772681
5.76e-05	6.4e-05	0.00539237
6.08e-05	6.4e-05	0.00243901

-6.08e-05	6.08e-05	-0.00592209
-5.76e-05	6.08e-05	-0.0107492
-5.44e-05	6.08e-05	-0.0155144
-5.12e-05	6.08e-05	-0.0199095
-4.8e-05	6.08e-05	-0.0236874
-4.48e-05	6.08e-05	-0.0266722
-4.16e-05	6.08e-05	-0.0287695
-3.84e-05	6.08e-05	-0.0299699
-3.52e-05	6.08e-05	-0.0303389
-3.2e-05	6.08e-05	-0.0299937
-2.88e-05	6.08e-05	-0.0290692
-2.56e-05	6.08e-05	-0.0276925
-2.24e-05	6.08e-05	-0.0259692
-1.92e-05	6.08e-05	-0.02398
-1.6e-05	6.08e-05	-0.0217841
-1.28e-05	6.08e-05	-0.0194233
-9.6e-06	6.08e-05	-0.0169275
-6.4e-06	6.08e-05	-0.0143183
-3.2e-06	6.08e-05	-0.0116121
0	6.08e-05	-0.0088222
3.2e-06	6.08e-05	-0.0059609
6.4e-06	6.08e-05	-0.00304054
9.6e-06	6.08e-05	-7.52659e-05
1.28e-05	6.08e-05	0.00291726
1.6e-05	6.08e-05	0.00591351
1.92e-05	6.08e-05	0.00888103
2.24e-05	6.08e-05	0.0117747
2.56e-05	6.08e-05	0.0145322
2.88e-05	6.08e-05	0.0170709
3.2e-05	6.08e-05	0.0192854
3.52e-05	6.08e-05	0.0210511
3.84e-05	6.08e-05	0.0222315
4.16e-05	6.08e-05	0.0226902
4.48e-05	6.08e-05	0.0223045
4.8e-05	6.08e-05	0.0209774
5.12e-05	6.08e-05	0.0186475
5.44e-05	6.08e-05	0.0152925
5.76e-05	6.08e-05	0.010926
6.08e-05	6.08e-05	0.00558668

-6.08e-05	5.76e-05	-0.00754576
-5.76e-05	5.76e-05	-0.0146794
-5.44e-05	5.76e-05	-0.0216274
-5.12e-05	5.76e-05	-0.0279823
-4.8e-05	5.76e-05	-0.0333987
-4.48e-05	5.76e-05	-0.037624
-4.16e-05	5.76e-05	-0.0405248
-3.84e-05	5.76e-05	-0.0420994
-3.52e-05	5.76e-05	-0.0424683
-3.2e-05	5.76e-05	-0.0418319
-2.88e-05	5.76e-05	-0.0404084
-2.56e-05	5.76e-05	-0.0383895
-2.24e-05	5.76e-05	-0.0359242
-1.92e-05	5.76e-05	-0.0331207
-1.6e-05	5.76e-05	-0.0300539
-1.28e-05	5.76e-05	-0.0267757
-9.6e-06	5.76e-05	-0.023322
-6.4e-06	5.76e-05	-0.0197186
-3.2e-06	5.76e-05	-0.0159854
0	5.76e-05	-0.0121386
3.2e-06	5.76e-05	-0.00819315
6.4e-06	5.76e-05	-0.00416415
9.6e-06	5.76e-05	-6.87796e-05
1.28e-05	5.76e-05	0.00407164
1.6e-05	5.76e-05	0.00822869
1.92e-05	5.76e-05	0.0123627
2.24e-05	5.76e-05	0.016417
2.56e-05	5.76e-05	0.0203111
2.88e-05	5.76e-05	0.0239333
3.2e-05	5.76e-05	0.027136
3.52e-05	5.76e-05	0.0297383
3.84e-05	5.76e-05	0.0315379
4.16e-05	5.76e-05	0.0323311
4.48e-05	5.76e-05	0.0319334
4.8e-05	5.76e-05	0.0302004
5.12e-05	5.76e-05	0.0270439
5.44e-05	5.76e-05	0.0224437
5.76e-05	5.76e-05	0.0164536
6.08e-05	5.76e-05	0.00920662

-6.08e-05	5.44e-05	-0.00801897
-5.76e-05	5.44e-05	-0.0171704
-5.44e-05	5.44e-05	-0.026011
-5.12e-05	5.44e-05	-0.0340366
-4.8e-05	5.44e-05	-0.0408056
-4.48e-05	5.44e-05	-0.045988
-4.16e-05	5.44e-05	-0.0494104
-3.84e-05	5.44e-05	-0.0510892
-3.52e-05	5.44e-05	-0.0512285
-3.2e-05	5.44e-05	-0.0501547
-2.88e-05	5.44e-05	-0.0481903
-2.56e-05	5.44e-05	-0.0455887
-2.24e-05	5.44e-05	-0.0425263
-1.92e-05	5.44e-05	-0.0391188
-1.6e-05	5.44e-05	-0.0354406
-1.28e-05	5.44e-05	-0.0315405
-9.6e-06	5.44e-05	-0.0274512
-6.4e-06	5.44e-05	-0.0231967
-3.2e-06	5.44e-05	-0.0187953
0	5.44e-05	-0.0142629
3.2e-06	5.44e-05	-0.0096139
6.4e-06	5.44e-05	-0.0048631
9.6e-06	5.44e-05	-2.69119e-05
1.28e-05	5.44e-05	0.00487471
1.6e-05	5.44e-05	0.0098154
1.92e-05	5.44e-05	0.0147579
2.24e-05	5.44e-05	0.019647
2.56e-05	5.44e-05	0.0243996
2.88e-05	5.44e-05	0.0288911
3.2e-05	5.44e-05	0.0329447
3.52e-05	5.44e-05	0.0363294
3.84e-05	5.44e-05	0.0387787
4.16e-05	5.44e-05	0.0400198
4.48e-05	5.44e-05	0.0398051
4.8e-05	5.44e-05	0.0379396
5.12e-05	5.44e-05	0.0343055
5.44e-05	5.44e-05	0.0288797
5.76e-05	5.44e-05	0.0217456
6.08e-05	5.44e-05	0.0131025

-6.08e-05	5.12e-05	-0.00729948
-5.76e-05	5.12e-05	-0.0180624
-5.44e-05	5.12e-05	-0.0284138
-5.12e-05	5.12e-05	-0.0377513
-4.8e-05	5.12e-05	-0.0455311
-4.48e-05	5.12e-05	-0.0513326
-4.16e-05	5.12e-05	-0.0549271
-3.84e-05	5.12e-05	-0.0563478
-3.52e-05	5.12e-05	-0.0559273
-3.2e-05	5.12e-05	-0.0542108
-2.88e-05	5.12e-05	-0.051658
-2.56e-05	5.12e-05	-0.0485659
-2.24e-05	5.12e-05	-0.0451042
-1.92e-05	5.12e-05	-0.0413653
-1.6e-05	5.12e-05	-0.0374003
-1.28e-05	5.12e-05	-0.0332395
-9.6e-06	5.12e-05	-0.0289034
-6.4e-06	5.12e-05	-0.0244074
-3.2e-06	5.12e-05	-0.0197647
0	5.12e-05	-0.0149871
3.2e-06	5.12e-05	-0.0100862
6.4e-06	5.12e-05	-0.00507367
9.6e-06	5.12e-05	3.82693e-05
1.28e-05	5.12e-05	0.00523576
1.6e-05	5.12e-05	0.0105016
1.92e-05	5.12e-05	0.0158117
2.24e-05	5.12e-05	0.0211282
2.56e-05	5.12e-05	0.0263866
2.88e-05	5.12e-05	0.0314749
3.2e-05	5.12e-05	0.0362064
3.52e-05	5.12e-05	0.0403054
3.84e-05	5.12e-05	0.0434393
4.16e-05	5.12e-05	0.0452628
4.48e-05	5.12e-05	0.0454602
4.8e-05	5.12e-05	0.0437819
5.12e-05	5.12e-05	0.040073
5.44e-05	5.12e-05	0.0342966
5.76e-05	5.12e-05	0.0265484
6.08e-05	5.12e-05	0.0170658

-6.08e-05	4.8e-05	-0.00544856
-5.76e-05	4.8e-05	-0.0173455
-5.44e-05	4.8e-05	-0.0287753
-5.12e-05	4.8e-05	-0.0390375
-4.8e-05	4.8e-05	-0.0474774
-4.48e-05	4.8e-05	-0.0535554
-4.16e-05	4.8e-05	-0.0569395
-3.84e-05	4.8e-05	-0.0576389
-3.52e-05	4.8e-05	-0.0561673
-3.2e-05	4.8e-05	-0.0535315
-2.88e-05	4.8e-05	-0.0503587
-2.56e-05	4.8e-05	-0.0469251
-2.24e-05	4.8e-05	-0.043326
-1.92e-05	4.8e-05	-0.0395852
-1.6e-05	4.8e-05	-0.0357051
-1.28e-05	4.8e-05	-0.0316841
-9.6e-06	4.8e-05	-0.027523
-6.4e-06	4.8e-05	-0.0232251
-3.2e-06	4.8e-05	-0.0187955
0	4.8e-05	-0.0142409
3.2e-06	4.8e-05	-0.00956835
6.4e-06	4.8e-05	-0.00478465
9.6e-06	4.8e-05	0.000104023
1.28e-05	4.8e-05	0.00509292
1.6e-05	4.8e-05	0.0101791
1.92e-05	4.8e-05	0.0153609
2.24e-05	4.8e-05	0.0206344
2.56e-05	4.8e-05	0.0259819
2.88e-05	4.8e-05	0.0313422
3.2e-05	4.8e-05	0.0365535
3.52e-05	4.8e-05	0.0412929
3.84e-05	4.8e-05	0.0451506
4.16e-05	4.8e-05	0.0477012
4.48e-05	4.8e-05	0.0485562
4.8e-05	4.8e-05	0.047405
5.12e-05	4.8e-05	0.044048
5.44e-05	4.8e-05	0.0384211
5.76e-05	4.8e-05	0.030613
6.08e-05	4.8e-05	0.0208736

-6.08e-05	4.48e-05	-0.00261835
-5.76e-05	4.48e-05	-0.0151433
-5.44e-05	4.48e-05	-0.0272098
-5.12e-05	4.48e-05	-0.0380303
-4.8e-05	4.48e-05	-0.0468333
-4.48e-05	4.48e-05	-0.0529215
-4.16e-05	4.48e-05	-0.0557593
-3.84e-05	4.48e-05	-0.0551662
-3.52e-05	4.48e-05	-0.0517967
-3.2e-05	4.48e-05	-0.04789
-2.88e-05	4.48e-05	-0.0441496
-2.56e-05	4.48e-05	-0.0406319
-2.24e-05	4.48e-05	-0.0372392
-1.92e-05	4.48e-05	-0.0338754
-1.6e-05	4.48e-05	-0.0304749
-1.28e-05	4.48e-05	-0.0269997
-9.6e-06	4.48e-05	-0.0234301
-6.4e-06	4.48e-05	-0.0197575
-3.2e-06	4.48e-05	-0.0159799
0	4.48e-05	-0.0120986
3.2e-06	4.48e-05	-0.00811636
6.4e-06	4.48e-05	-0.00403537
9.6e-06	4.48e-05	0.000144128
1.28e-05	4.48e-05	0.0044263
1.6e-05	4.48e-05	0.008823
1.92e-05	4.48e-05	0.0133585
2.24e-05	4.48e-05	0.0180749
2.56e-05	4.48e-05	0.0230325
2.88e-05	4.48e-05	0.0282848
3.2e-05	4.48e-05	0.0337739
3.52e-05	4.48e-05	0.0390899
3.84e-05	4.48e-05	0.0437181
4.16e-05	4.48e-05	0.0471418
4.48e-05	4.48e-05	0.0488961
4.8e-05	4.48e-05	0.0486066
5.12e-05	4.48e-05	0.0460216
5.44e-05	4.48e-05	0.0410381
5.76e-05	4.48e-05	0.0337192
6.08e-05	4.48e-05	0.0243028

-6.08e-05	4.16e-05	0.000971508
-5.76e-05	4.16e-05	-0.0116807
-5.44e-05	4.16e-05	-0.0239673
-5.12e-05	4.16e-05	-0.035041
-4.8e-05	4.16e-05	-0.0440325
-4.48e-05	4.16e-05	-0.0500682
-4.16e-05	4.16e-05	-0.0522678
-3.84e-05	4.16e-05	-0.0498001
-3.52e-05	4.16e-05	-0.0426443
-3.2e-05	4.16e-05	-0.0371663
-2.88e-05	4.16e-05	-0.0331867
-2.56e-05	4.16e-05	-0.0300429
-2.24e-05	4.16e-05	-0.0272996
-1.92e-05	4.16e-05	-0.0247202
-1.6e-05	4.16e-05	-0.0221825
-1.28e-05	4.16e-05	-0.0196242
-9.6e-06	4.16e-05	-0.0170145
-6.4e-06	4.16e-05	-0.014339
-3.2e-06	4.16e-05	-0.0115918
0	4.16e-05	-0.00877097
3.2e-06	4.16e-05	-0.00587645
6.4e-06	4.16e-05	-0.00290758
9.6e-06	4.16e-05	0.000138912
1.28e-05	4.16e-05	0.00327209
1.6e-05	4.16e-05	0.00651238
1.92e-05	4.16e-05	0.00990183
2.24e-05	4.16e-05	0.0135233
2.56e-05	4.16e-05	0.0175335
2.88e-05	4.16e-05	0.0222
3.2e-05	4.16e-05	0.0278174
3.52e-05	4.16e-05	0.0336904
3.84e-05	4.16e-05	0.0391486
4.16e-05	4.16e-05	0.0435809
4.48e-05	4.16e-05	0.0464518
4.8e-05	4.16e-05	0.047326
5.12e-05	4.16e-05	0.0458971
5.44e-05	4.16e-05	0.0420134
5.76e-05	4.16e-05	0.0356964
6.08e-05	4.16e-05	0.0271497

-6.08e-05	3.84e-05	0.00506458
-5.76e-05	3.84e-05	-0.0072406
-5.44e-05	3.84e-05	-0.0193695
-5.12e-05	3.84e-05	-0.0304652
-4.8e-05	3.84e-05	-0.0396282
-4.48e-05	3.84e-05	-0.0458976
-4.16e-05	3.84e-05	-0.0480815
-3.84e-05	3.84e-05	-0.0440191
-3.52e-05	3.84e-05	-0.0274428
-3.2e-05	3.84e-05	-0.0211327
-2.88e-05	3.84e-05	-0.0179839
-2.56e-05	3.84e-05	-0.0159705
-2.24e-05	3.84e-05	-0.0143929
-1.92e-05	3.84e-05	-0.0129828
-1.6e-05	3.84e-05	-0.0116273
-1.28e-05	3.84e-05	-0.0102754
-9.6e-06	3.84e-05	-0.00890342
-6.4e-06	3.84e-05	-0.00750036
-3.2e-06	3.84e-05	-0.00606138
0	3.84e-05	-0.00458453
3.2e-06	3.84e-05	-0.00306897
6.4e-06	3.84e-05	-0.00151351
9.6e-06	3.84e-05	8.48715e-05
1.28e-05	3.84e-05	0.00173349
1.6e-05	3.84e-05	0.00344865
1.92e-05	3.84e-05	0.00526623
2.24e-05	3.84e-05	0.00726763
2.56e-05	3.84e-05	0.0096516
2.88e-05	3.84e-05	0.0129547
3.2e-05	3.84e-05	0.0188107
3.52e-05	3.84e-05	0.0253159
3.84e-05	3.84e-05	0.0316745
4.16e-05	3.84e-05	0.037222
4.48e-05	3.84e-05	0.0413777
4.8e-05	3.84e-05	0.0436579
5.12e-05	3.84e-05	0.0437038
5.44e-05	3.84e-05	0.041309
5.76e-05	3.84e-05	0.0364407
6.08e-05	3.84e-05	0.0292495

-6.08e-05	3.52e-05	0.00939796
-5.76e-05	3.52e-05	-0.00212047
-5.44e-05	3.52e-05	-0.0137409
-5.12e-05	3.52e-05	-0.0246559
-4.8e-05	3.52e-05	-0.0340435
-4.48e-05	3.52e-05	-0.0411199
-4.16e-05	3.52e-05	-0.0452383
-3.84e-05	3.52e-05	-0.046265
-3.52e-05	3.52e-05	0.00083116
-3.2e-05	3.52e-05	0.000226865
-2.88e-05	3.52e-05	0.000198344
-2.56e-05	3.52e-05	0.000176148
-2.24e-05	3.52e-05	0.000158776
-1.92e-05	3.52e-05	0.000143232
-1.6e-05	3.52e-05	0.000128282
-1.28e-05	3.52e-05	0.000113369
-9.6e-06	3.52e-05	9.82335e-05
-6.4e-06	3.52e-05	8.2754e-05
-3.2e-06	3.52e-05	6.68776e-05
0	3.52e-05	5.05834e-05
3.2e-06	3.52e-05	3.38621e-05
6.4e-06	3.52e-05	1.67008e-05
9.6e-06	3.52e-05	-9.33586e-07
1.28e-05	3.52e-05	-1.9121e-05
1.6e-05	3.52e-05	-3.80403e-05
1.92e-05	3.52e-05	-5.80839e-05
2.24e-05	3.52e-05	-8.01428e-05
2.56e-05	3.52e-05	-0.000106274
2.88e-05	3.52e-05	-0.000151283
3.2e-05	3.52e-05	0.00720552
3.52e-05	3.52e-05	0.0144777
3.84e-05	3.52e-05	0.0217732
4.16e-05	3.52e-05	0.0284792
4.48e-05	3.52e-05	0.0340106
4.8e-05	3.52e-05	0.0378529
5.12e-05	3.52e-05	0.0396004
5.44e-05	3.52e-05	0.0389899
5.76e-05	3.52e-05	0.035925
6.08e-05	3.52e-05	0.0304889

-6.08e-05	3.2e-05	0.013723
-5.76e-05	3.2e-05	0.00339373
-5.44e-05	3.2e-05	-0.00737043
-5.12e-05	3.2e-05	-0.017844
-4.8e-05	3.2e-05	-0.0273095
-4.48e-05	3.2e-05	-0.0351378
-4.16e-05	3.2e-05	-0.040914
-3.84e-05	3.2e-05	-0.0446622
-3.52e-05	3.2e-05	0.000495075
-3.2e-05	3.2e-05	-8.06491e-06
-2.88e-05	3.2e-05	-2.1254e-06
-2.56e-05	3.2e-05	-1.94353e-06
-2.24e-05	3.2e-05	-1.75153e-06
-1.92e-05	3.2e-05	-1.58019e-06
-1.6e-05	3.2e-05	-1.41532e-06
-1.28e-05	3.2e-05	-1.25081e-06
-9.6e-06	3.2e-05	-1.08383e-06
-6.4e-06	3.2e-05	-9.13052e-07
-3.2e-06	3.2e-05	-7.37888e-07
0	3.2e-05	-5.58112e-07
3.2e-06	3.2e-05	-3.73624e-07
6.4e-06	3.2e-05	-1.84284e-07
9.6e-06	3.2e-05	1.02695e-08
1.28e-05	3.2e-05	2.10913e-07
1.6e-05	3.2e-05	4.19605e-07
1.92e-05	3.2e-05	6.40558e-07
2.24e-05	3.2e-05	8.91281e-07
2.56e-05	3.2e-05	4.79481e-07
2.88e-05	3.2e-05	6.52342e-05
3.2e-05	3.2e-05	-0.00588915
3.52e-05	3.2e-05	0.00202162
3.84e-05	3.2e-05	0.0101548
4.16e-05	3.2e-05	0.0179559
4.48e-05	3.2e-05	0.0248503
4.8e-05	3.2e-05	0.0303029
5.12e-05	3.2e-05	0.0338669
5.44e-05	3.2e-05	0.0352216
5.76e-05	3.2e-05	0.0342016
6.08e-05	3.2e-05	0.0308129

-6.08e-05	2.88e-05	0.0178128
-5.76e-05	2.88e-05	0.00902675
-5.44e-05	2.88e-05	-0.000539732
-5.12e-05	2.88e-05	-0.0102525
-4.8e-05	2.88e-05	-0.0194872
-4.48e-05	2.88e-05	-0.0277038
-4.16e-05	2.88e-05	-0.0345335
-3.84e-05	2.88e-05	-0.0398648
-3.52e-05	2.88e-05	0.000444866
-3.2e-05	2.88e-05	-4.88327e-06
-2.88e-05	2.88e-05	7.83331e-08
-2.56e-05	2.88e-05	2.08304e-08
-2.24e-05	2.88e-05	1.93288e-08
-1.92e-05	2.88e-05	1.74332e-08
-1.6e-05	2.88e-05	1.5615e-08
-1.28e-05	2.88e-05	1.38003e-08
-9.6e-06	2.88e-05	1.19582e-08
-6.4e-06	2.88e-05	1.0074e-08
-3.2e-06	2.88e-05	8.14141e-09
0	2.88e-05	6.15792e-09
3.2e-06	2.88e-05	4.12245e-09
6.4e-06	2.88e-05	2.03347e-09
9.6e-06	2.88e-05	-1.12965e-10
1.28e-05	2.88e-05	-2.32649e-09
1.6e-05	2.88e-05	-4.62527e-09
1.92e-05	2.88e-05	-7.35488e-09
2.24e-05	2.88e-05	1.64182e-08
2.56e-05	2.88e-05	-2.38249e-06
2.88e-05	2.88e-05	0.0002146
3.2e-05	2.88e-05	-0.0192928
3.52e-05	2.88e-05	-0.011061
3.84e-05	2.88e-05	-0.00232661
4.16e-05	2.88e-05	0.0063893
4.48e-05	2.88e-05	0.0145199
4.8e-05	2.88e-05	0.0215134
5.12e-05	2.88e-05	0.0268847
5.44e-05	2.88e-05	0.0302576
5.76e-05	2.88e-05	0.0313959
6.08e-05	2.88e-05	0.0302234

-6.08e-05	2.56e-05	0.0214619
-5.76e-05	2.56e-05	0.014505
-5.44e-05	2.56e-05	0.00644549
-5.12e-05	2.56e-05	-0.00217291
-4.8e-05	2.56e-05	-0.0108044
-4.48e-05	2.56e-05	-0.018961
-4.16e-05	2.56e-05	-0.0262686
-3.84e-05	2.56e-05	-0.0325005
-3.52e-05	2.56e-05	0.000362426
-3.2e-05	2.56e-05	-4.00185e-06
-2.88e-05	2.56e-05	4.3915e-08
-2.56e-05	2.56e-05	-7.24155e-10
-2.24e-05	2.56e-05	-2.07767e-10
-1.92e-05	2.56e-05	-1.92391e-10
-1.6e-05	2.56e-05	-1.72277e-10
-1.28e-05	2.56e-05	-1.5226e-10
-9.6e-06	2.56e-05	-1.31937e-10
-6.4e-06	2.56e-05	-1.1115e-10
-3.2e-06	2.56e-05	-8.98274e-11
0	2.56e-05	-6.79433e-11
3.2e-06	2.56e-05	-4.54857e-11
6.4e-06	2.56e-05	-2.24381e-11
9.6e-06	2.56e-05	1.24343e-12
1.28e-05	2.56e-05	2.56036e-11
1.6e-05	2.56e-05	5.63417e-11
1.92e-05	2.56e-05	-4.00947e-10
2.24e-05	2.56e-05	4.3482e-08
2.56e-05	2.56e-05	-3.92848e-06
2.88e-05	2.56e-05	0.000355833
3.2e-05	2.56e-05	-0.0319306
3.52e-05	2.56e-05	-0.0237779
3.84e-05	2.56e-05	-0.0147722
4.16e-05	2.56e-05	-0.00542025
4.48e-05	2.56e-05	0.00371387
4.8e-05	2.56e-05	0.0120631
5.12e-05	2.56e-05	0.0191082
5.44e-05	2.56e-05	0.0244204
5.76e-05	2.56e-05	0.0276952
6.08e-05	2.56e-05	0.0287743

-6.08e-05	2.24e-05	0.0244863
-5.76e-05	2.24e-05	0.0195529
-5.44e-05	2.24e-05	0.0132449
-5.12e-05	2.24e-05	0.00601894
-4.8e-05	2.24e-05	-0.00164884
-4.48e-05	2.24e-05	-0.00931101
-4.16e-05	2.24e-05	-0.0165897
-3.84e-05	2.24e-05	-0.0231965
-3.52e-05	2.24e-05	0.000258414
-3.2e-05	2.24e-05	-2.85308e-06
-2.88e-05	2.24e-05	3.15031e-08
-2.56e-05	2.24e-05	-3.45179e-10
-2.24e-05	2.24e-05	6.19116e-12
-1.92e-05	2.24e-05	2.07948e-12
-1.6e-05	2.24e-05	1.90139e-12
-1.28e-05	2.24e-05	1.67999e-12
-9.6e-06	2.24e-05	1.45588e-12
-6.4e-06	2.24e-05	1.22642e-12
-3.2e-06	2.24e-05	9.91139e-13
0	2.24e-05	7.4969e-13
3.2e-06	2.24e-05	5.0209e-13
6.4e-06	2.24e-05	2.47717e-13
9.6e-06	2.24e-05	-1.26095e-14
1.28e-05	2.24e-05	-3.61425e-13
1.6e-05	2.24e-05	6.54488e-12
1.92e-05	2.24e-05	-6.44655e-10
2.24e-05	2.24e-05	5.83094e-08
2.56e-05	2.24e-05	-5.28137e-06
2.88e-05	2.24e-05	0.000478349
3.2e-05	2.24e-05	-0.0428886
3.52e-05	2.24e-05	-0.0352226
3.84e-05	2.24e-05	-0.0263201
4.16e-05	2.24e-05	-0.0166779
4.48e-05	2.24e-05	-0.00685813
4.8e-05	2.24e-05	0.00256039
5.12e-05	2.24e-05	0.01103
5.44e-05	2.24e-05	0.0180764
5.76e-05	2.24e-05	0.0233326
6.08e-05	2.24e-05	0.026563

-6.08e-05	1.92e-05	0.026726
-5.76e-05	1.92e-05	0.0238992
-5.44e-05	1.92e-05	0.0194932
-5.12e-05	1.92e-05	0.0138822
-4.8e-05	1.92e-05	0.00747747
-4.48e-05	1.92e-05	0.000685731
-4.16e-05	1.92e-05	-0.00612557
-3.84e-05	1.92e-05	-0.0126487
-3.52e-05	1.92e-05	0.000140558
-3.2e-05	1.92e-05	-1.55179e-06
-2.88e-05	1.92e-05	1.71322e-08
-2.56e-05	1.92e-05	-1.89173e-10
-2.24e-05	1.92e-05	2.06224e-12
-1.92e-05	1.92e-05	-4.62882e-14
-1.6e-05	1.92e-05	-2.06104e-14
-1.28e-05	1.92e-05	-1.83552e-14
-9.6e-06	1.92e-05	-1.60089e-14
-6.4e-06	1.92e-05	-1.35518e-14
-3.2e-06	1.92e-05	-1.09167e-14
0	1.92e-05	-8.19933e-15
3.2e-06	1.92e-05	-5.44513e-15
6.4e-06	1.92e-05	-2.58277e-15
9.6e-06	1.92e-05	1.32685e-15
1.28e-05	1.92e-05	-9.09632e-14
1.6e-05	1.92e-05	8.53517e-12
1.92e-05	1.92e-05	-7.72485e-10
2.24e-05	1.92e-05	6.99678e-08
2.56e-05	1.92e-05	-6.33725e-06
2.88e-05	1.92e-05	0.000573989
3.2e-05	1.92e-05	-0.0514372
3.52e-05	1.92e-05	-0.0446299
3.84e-05	1.92e-05	-0.0362077
4.16e-05	1.92e-05	-0.0266538
4.48e-05	1.92e-05	-0.0165239
4.8e-05	1.92e-05	-0.00640156
5.12e-05	1.92e-05	0.00314637
5.44e-05	1.92e-05	0.0116099
5.76e-05	1.92e-05	0.0185695
6.08e-05	1.92e-05	0.0237216

-6.08e-05	1.6e-05	0.0280516
-5.76e-05	1.6e-05	0.0272907
-5.44e-05	1.6e-05	0.0248224
-5.12e-05	1.6e-05	0.0209453
-4.8e-05	1.6e-05	0.0160099
-4.48e-05	1.6e-05	0.0103813
-4.16e-05	1.6e-05	0.00440351
-3.84e-05	1.6e-05	-0.00162417
-3.52e-05	1.6e-05	1.74273e-05
-3.2e-05	1.6e-05	-1.92233e-07
-2.88e-05	1.6e-05	2.12044e-09
-2.56e-05	1.6e-05	-2.33894e-11
-2.24e-05	1.6e-05	2.5832e-13
-1.92e-05	1.6e-05	-2.53382e-15
-1.6e-05	1.6e-05	3.77164e-16
-1.28e-05	1.6e-05	2.3201e-16
-9.6e-06	1.6e-05	2.05596e-16
-6.4e-06	1.6e-05	9.00417e-17
-3.2e-06	1.6e-05	1.21494e-17
0	1.6e-05	9.84638e-17
3.2e-06	1.6e-05	1.86026e-16
6.4e-06	1.6e-05	6.47358e-17
9.6e-06	1.6e-05	1.22776e-15
1.28e-05	1.6e-05	-1.04413e-13
1.6e-05	1.6e-05	9.46371e-12
1.92e-05	1.6e-05	-8.57188e-10
2.24e-05	1.6e-05	7.76402e-08
2.56e-05	1.6e-05	-7.03231e-06
2.88e-05	1.6e-05	0.000636955
3.2e-05	1.6e-05	-0.0570582
3.52e-05	1.6e-05	-0.0514159
3.84e-05	1.6e-05	-0.0438198
4.16e-05	1.6e-05	-0.0347323
4.48e-05	1.6e-05	-0.0246945
4.8e-05	1.6e-05	-0.0142848
5.12e-05	1.6e-05	-0.00407726
5.44e-05	1.6e-05	0.00539637
5.76e-05	1.6e-05	0.0136778
6.08e-05	1.6e-05	0.0204079

-6.08e-05	1.28e-05	0.028374
-5.76e-05	1.28e-05	0.0295113
-5.44e-05	1.28e-05	0.028891
-5.12e-05	1.28e-05	0.0267453
-4.8e-05	1.28e-05	0.0233724
-4.48e-05	1.28e-05	0.0190979
-4.16e-05	1.28e-05	0.0142369
-3.84e-05	1.28e-05	0.00906438
-3.52e-05	1.28e-05	-0.000101902
-3.2e-05	1.28e-05	1.12542e-06
-2.88e-05	1.28e-05	-1.24292e-08
-2.56e-05	1.28e-05	1.3727e-10
-2.24e-05	1.28e-05	-1.51602e-12
-1.92e-05	1.28e-05	1.67871e-14
-1.6e-05	1.28e-05	-2.88058e-16
-1.28e-05	1.28e-05	2.59049e-17
-9.6e-06	1.28e-05	-3.42203e-18
-6.4e-06	1.28e-05	-1.85943e-16
-3.2e-06	1.28e-05	-8.55238e-17
0	1.28e-05	5.81421e-17
3.2e-06	1.28e-05	7.74093e-18
6.4e-06	1.28e-05	4.76357e-19
9.6e-06	1.28e-05	1.30378e-15
1.28e-05	1.28e-05	-1.08839e-13
1.6e-05	1.28e-05	9.86513e-12
1.92e-05	1.28e-05	-8.9356e-10
2.24e-05	1.28e-05	8.09368e-08
2.56e-05	1.28e-05	-7.33109e-06
2.88e-05	1.28e-05	0.000664035
3.2e-05	1.28e-05	-0.0594654
3.52e-05	1.28e-05	-0.0552064
3.84e-05	1.28e-05	-0.0487225
4.16e-05	1.28e-05	-0.0404478
4.48e-05	1.28e-05	-0.0309001
4.8e-05	1.28e-05	-0.0206409
5.12e-05	1.28e-05	-0.0102357
5.44e-05	1.28e-05	-0.000221139
5.76e-05	1.28e-05	0.008923
6.08e-05	1.28e-05	0.016797

-6.08e-05	9.6e-06	0.027656
-5.76e-05	9.6e-06	0.0304039
-5.44e-05	9.6e-06	0.0314149
-5.12e-05	9.6e-06	0.0308689
-4.8e-05	9.6e-06	0.0290255
-4.48e-05	9.6e-06	0.0261804
-4.16e-05	9.6e-06	0.0226228
-3.84e-05	9.6e-06	0.0185982
-3.52e-05	9.6e-06	-0.000208289
-3.2e-05	9.6e-06	2.30024e-06
-2.88e-05	9.6e-06	-2.54027e-08
-2.56e-05	9.6e-06	2.80535e-10
-2.24e-05	9.6e-06	-3.09807e-12
-1.92e-05	9.6e-06	3.41653e-14
-1.6e-05	9.6e-06	-4.24641e-16
-1.28e-05	9.6e-06	-1.29351e-17
-9.6e-06	9.6e-06	-1.71411e-16
-6.4e-06	9.6e-06	-1.194e-16
-3.2e-06	9.6e-06	-3.18288e-17
0	9.6e-06	-1.32018e-17
3.2e-06	9.6e-06	-5.57344e-17
6.4e-06	9.6e-06	2.30652e-17
9.6e-06	9.6e-06	1.15845e-15
1.28e-05	9.6e-06	-1.07329e-13
1.6e-05	9.6e-06	9.72477e-12
1.92e-05	9.6e-06	-8.80882e-10
2.24e-05	9.6e-06	7.97912e-08
2.56e-05	9.6e-06	-7.22756e-06
2.88e-05	9.6e-06	0.00065468
3.2e-05	9.6e-06	-0.0586108
3.52e-05	9.6e-06	-0.0558503
3.84e-05	9.6e-06	-0.0506822
4.16e-05	9.6e-06	-0.0435082
4.48e-05	9.6e-06	-0.0348156
4.8e-05	9.6e-06	-0.025136
5.12e-05	9.6e-06	-0.0150087
5.44e-05	9.6e-06	-0.00495345
5.76e-05	9.6e-06	0.00454854
6.08e-05	9.6e-06	0.0130737

-6.08e-05	6.4e-06	0.0259237
-5.76e-05	6.4e-06	0.0298917
-5.44e-05	6.4e-06	0.0321992
-5.12e-05	6.4e-06	0.0329912
-4.8e-05	6.4e-06	0.032511
-4.48e-05	6.4e-06	0.031044
-4.16e-05	6.4e-06	0.0288656
-3.84e-05	6.4e-06	0.0261974
-3.52e-05	6.4e-06	-0.000293028
-3.2e-05	6.4e-06	3.23613e-06
-2.88e-05	6.4e-06	-3.5739e-08
-2.56e-05	6.4e-06	3.94692e-10
-2.24e-05	6.4e-06	-4.35893e-12
-1.92e-05	6.4e-06	4.79886e-14
-1.6e-05	6.4e-06	-6.17056e-16
-1.28e-05	6.4e-06	-1.50353e-16
-9.6e-06	6.4e-06	-6.57667e-17
-6.4e-06	6.4e-06	2.60959e-18
-3.2e-06	6.4e-06	-8.01987e-17
0	6.4e-06	-1.04148e-16
3.2e-06	6.4e-06	-5.47255e-17
6.4e-06	6.4e-06	-8.50814e-17
9.6e-06	6.4e-06	1.18847e-15
1.28e-05	6.4e-06	-1.0015e-13
1.6e-05	6.4e-06	9.07337e-12
1.92e-05	6.4e-06	-8.21911e-10
2.24e-05	6.4e-06	7.44529e-08
2.56e-05	6.4e-06	-6.74433e-06
2.88e-05	6.4e-06	0.000610936
3.2e-05	6.4e-06	-0.0546788
3.52e-05	6.4e-06	-0.0534189
3.84e-05	6.4e-06	-0.0496703
4.16e-05	6.4e-06	-0.0438037
4.48e-05	6.4e-06	-0.0362725
4.8e-05	6.4e-06	-0.0275671
5.12e-05	6.4e-06	-0.018179
5.44e-05	6.4e-06	-0.00858331
5.76e-05	6.4e-06	0.000761419
6.08e-05	6.4e-06	0.00942419

-6.08e-05	3.2e-06	0.0232778
-5.76e-05	3.2e-06	0.0280007
-5.44e-05	3.2e-06	0.0311672
-5.12e-05	3.2e-06	0.0329088
-4.8e-05	3.2e-06	0.0334912
-4.48e-05	3.2e-06	0.0332178
-4.16e-05	3.2e-06	0.0323706
-3.84e-05	3.2e-06	0.0311649
-3.52e-05	3.2e-06	-0.000348341
-3.2e-05	3.2e-06	3.84721e-06
-2.88e-05	3.2e-06	-4.24901e-08
-2.56e-05	3.2e-06	4.69277e-10
-2.24e-05	3.2e-06	-5.18305e-12
-1.92e-05	3.2e-06	5.71392e-14
-1.6e-05	3.2e-06	-7.49096e-16
-1.28e-05	3.2e-06	-1.02034e-16
-9.6e-06	3.2e-06	-4.26422e-17
-6.4e-06	3.2e-06	-1.06496e-16
-3.2e-06	3.2e-06	-1.07438e-16
0	3.2e-06	-9.02908e-17
3.2e-06	3.2e-06	-1.4558e-16
6.4e-06	3.2e-06	-4.61414e-17
9.6e-06	3.2e-06	9.63876e-16
1.28e-05	3.2e-06	-8.79053e-14
1.6e-05	3.2e-06	7.97663e-12
1.92e-05	3.2e-06	-7.22608e-10
2.24e-05	3.2e-06	6.54618e-08
2.56e-05	3.2e-06	-5.93025e-06
2.88e-05	3.2e-06	0.000537228
3.2e-05	3.2e-06	-0.0480666
3.52e-05	3.2e-06	-0.0481921
3.84e-05	3.2e-06	-0.045853
4.16e-05	3.2e-06	-0.0414006
4.48e-05	3.2e-06	-0.0352584
4.8e-05	3.2e-06	-0.0278673
5.12e-05	3.2e-06	-0.0196454
5.44e-05	3.2e-06	-0.0109816
5.76e-05	3.2e-06	-0.00228285
6.08e-05	3.2e-06	0.00602631

-6.08e-05	0	0.019903
-5.76e-05	0	0.0248804
-5.44e-05	0	0.028389
-5.12e-05	0	0.0305664
-4.8e-05	0	0.0317781
-4.48e-05	0	0.0323797
-4.16e-05	0	0.0326812
-3.84e-05	0	0.0329232
-3.52e-05	0	-0.000367788
-3.2e-05	0	4.06242e-06
-2.88e-05	0	-4.48716e-08
-2.56e-05	0	4.95631e-10
-2.24e-05	0	-5.47458e-12
-1.92e-05	0	6.03064e-14
-1.6e-05	0	-7.8347e-16
-1.28e-05	0	8.55393e-18
-9.6e-06	0	-1.22647e-16
-6.4e-06	0	-1.13927e-16
-3.2e-06	0	-1.53661e-16
0	0	-2.51723e-16
3.2e-06	0	-4.40962e-17
6.4e-06	0	-9.07091e-17
9.6e-06	0	9.05633e-16
1.28e-05	0	-7.2031e-14
1.6e-05	0	6.53099e-12
1.92e-05	0	-5.91701e-10
2.24e-05	0	5.36084e-08
2.56e-05	0	-4.85694e-06
2.88e-05	0	0.000440041
3.2e-05	0	-0.039356
3.52e-05	0	-0.0406303
3.84e-05	0	-0.0395658
4.16e-05	0	-0.0365197
4.48e-05	0	-0.0318997
4.8e-05	0	-0.0260986
5.12e-05	0	-0.0194322
5.44e-05	0	-0.012124
5.76e-05	0	-0.0044969
6.08e-05	0	0.00303631

-6.08e-05	-3.2e-06	0.0160748
-5.76e-05	-3.2e-06	0.0208287
-5.44e-05	-3.2e-06	0.0241152
-5.12e-05	-3.2e-06	0.0260637
-4.8e-05	-3.2e-06	0.0273492
-4.48e-05	-3.2e-06	0.0283868
-4.16e-05	-3.2e-06	0.029509
-3.84e-05	-3.2e-06	0.031034
-3.52e-05	-3.2e-06	-0.000346487
-3.2e-05	-3.2e-06	3.8279e-06
-2.88e-05	-3.2e-06	-4.22896e-08
-2.56e-05	-3.2e-06	4.67203e-10
-2.24e-05	-3.2e-06	-5.16157e-12
-1.92e-05	-3.2e-06	5.69055e-14
-1.6e-05	-3.2e-06	-6.29618e-16
-1.28e-05	-3.2e-06	-6.6657e-17
-9.6e-06	-3.2e-06	-1.52459e-16
-6.4e-06	-3.2e-06	-6.26241e-17
-3.2e-06	-3.2e-06	-2.63829e-16
0	-3.2e-06	-1.37092e-16
3.2e-06	-3.2e-06	-1.58147e-16
6.4e-06	-3.2e-06	-9.94474e-17
9.6e-06	-3.2e-06	4.69849e-16
1.28e-05	-3.2e-06	-5.35787e-14
1.6e-05	-3.2e-06	4.85757e-12
1.92e-05	-3.2e-06	-4.4017e-10
2.24e-05	-3.2e-06	3.98872e-08
2.56e-05	-3.2e-06	-3.6145e-06
2.88e-05	-3.2e-06	0.000327538
3.2e-05	-3.2e-06	-0.0292787
3.52e-05	-3.2e-06	-0.0313362
3.84e-05	-3.2e-06	-0.0312755
4.16e-05	-3.2e-06	-0.0294993
4.48e-05	-3.2e-06	-0.0264256
4.8e-05	-3.2e-06	-0.0224257
5.12e-05	-3.2e-06	-0.0177033
5.44e-05	-3.2e-06	-0.0121142
5.76e-05	-3.2e-06	-0.0058814
6.08e-05	-3.2e-06	0.000570941

-6.08e-05	-6.4e-06	0.0121576
-5.76e-05	-6.4e-06	0.0163271
-5.44e-05	-6.4e-06	0.018851
-5.12e-05	-6.4e-06	0.0196097
-4.8e-05	-6.4e-06	0.0203419
-4.48e-05	-6.4e-06	0.021309
-4.16e-05	-6.4e-06	0.0227641
-3.84e-05	-6.4e-06	0.0251793
-3.52e-05	-6.4e-06	-0.000280904
-3.2e-05	-6.4e-06	3.10482e-06
-2.88e-05	-6.4e-06	-3.43171e-08
-2.56e-05	-6.4e-06	3.79298e-10
-2.24e-05	-6.4e-06	-4.19229e-12
-1.92e-05	-6.4e-06	4.62975e-14
-1.6e-05	-6.4e-06	-5.59509e-16
-1.28e-05	-6.4e-06	-1.57505e-16
-9.6e-06	-6.4e-06	-7.18268e-17
-6.4e-06	-6.4e-06	-1.14926e-16
-3.2e-06	-6.4e-06	-1.36252e-16
0	-6.4e-06	-1.89058e-16
3.2e-06	-6.4e-06	-1.43851e-16
6.4e-06	-6.4e-06	-2.13605e-16
9.6e-06	-6.4e-06	3.36408e-16
1.28e-05	-6.4e-06	-3.41067e-14
1.6e-05	-6.4e-06	3.0969e-12
1.92e-05	-6.4e-06	-2.80757e-10
2.24e-05	-6.4e-06	2.54532e-08
2.56e-05	-6.4e-06	-2.30757e-06
2.88e-05	-6.4e-06	0.000209202
3.2e-05	-6.4e-06	-0.0186849
3.52e-05	-6.4e-06	-0.0210038
3.84e-05	-6.4e-06	-0.021529
4.16e-05	-6.4e-06	-0.0207478
4.48e-05	-6.4e-06	-0.019108
4.8e-05	-6.4e-06	-0.0170426
5.12e-05	-6.4e-06	-0.0148106
5.44e-05	-6.4e-06	-0.0112197
5.76e-05	-6.4e-06	-0.00654469
6.08e-05	-6.4e-06	-0.0013142

-6.08e-05	-9.6e-06	0.00857219
-5.76e-05	-9.6e-06	0.012082
-5.44e-05	-9.6e-06	0.013621
-5.12e-05	-9.6e-06	0.0112658
-4.8e-05	-9.6e-06	0.011026
-4.48e-05	-9.6e-06	0.011509
-4.16e-05	-9.6e-06	0.012629
-3.84e-05	-9.6e-06	0.0150389
-3.52e-05	-9.6e-06	-0.000167498
-3.2e-05	-9.6e-06	1.85528e-06
-2.88e-05	-9.6e-06	-2.05535e-08
-2.56e-05	-9.6e-06	2.2774e-10
-2.24e-05	-9.6e-06	-2.52391e-12
-1.92e-05	-9.6e-06	2.79197e-14
-1.6e-05	-9.6e-06	-3.24027e-16
-1.28e-05	-9.6e-06	-6.25005e-17
-9.6e-06	-9.6e-06	-9.89962e-17
-6.4e-06	-9.6e-06	-1.45978e-16
-3.2e-06	-9.6e-06	-1.18024e-16
0	-9.6e-06	-1.52724e-16
3.2e-06	-9.6e-06	-1.91182e-16
6.4e-06	-9.6e-06	1.2494e-17
9.6e-06	-9.6e-06	5.09573e-17
1.28e-05	-9.6e-06	-1.55061e-14
1.6e-05	-9.6e-06	1.40914e-12
1.92e-05	-9.6e-06	-1.27889e-10
2.24e-05	-9.6e-06	1.16088e-08
2.56e-05	-9.6e-06	-1.05388e-06
2.88e-05	-9.6e-06	9.56833e-05
3.2e-05	-9.6e-06	-0.00852836
3.52e-05	-9.6e-06	-0.01034
3.84e-05	-9.6e-06	-0.0108926
4.16e-05	-9.6e-06	-0.0107055
4.48e-05	-9.6e-06	-0.0101824
4.8e-05	-9.6e-06	-0.00992735
5.12e-05	-9.6e-06	-0.0115022
5.44e-05	-9.6e-06	-0.00992186
5.76e-05	-9.6e-06	-0.0067007
6.08e-05	-9.6e-06	-0.00263785

-6.08e-05	-1.28e-05	0.00566237
-5.76e-05	-1.28e-05	0.00892061
-5.44e-05	-1.28e-05	0.0111506
-5.12e-05	-1.28e-05	-0.00025256
-4.8e-05	-1.28e-05	-0.000120128
-4.48e-05	-1.28e-05	-0.000126916
-4.16e-05	-1.28e-05	-0.000139144
-3.84e-05	-1.28e-05	-0.00016813
-3.52e-05	-1.28e-05	3.78728e-06
-3.2e-05	-1.28e-05	-6.36742e-08
-2.88e-05	-1.28e-05	9.50529e-10
-2.56e-05	-1.28e-05	-1.32978e-11
-2.24e-05	-1.28e-05	1.7853e-13
-1.92e-05	-1.28e-05	-2.36908e-15
-1.6e-05	-1.28e-05	6.63375e-18
-1.28e-05	-1.28e-05	-7.78216e-17
-9.6e-06	-1.28e-05	-4.8647e-17
-6.4e-06	-1.28e-05	-1.23686e-16
-3.2e-06	-1.28e-05	-7.86242e-18
0	-1.28e-05	-1.35125e-16
3.2e-06	-1.28e-05	-7.91363e-17
6.4e-06	-1.28e-05	2.94011e-17
9.6e-06	-1.28e-05	-7.32784e-17
1.28e-05	-1.28e-05	1.28454e-15
1.6e-05	-1.28e-05	-1.00776e-13
1.92e-05	-1.28e-05	7.52983e-12
2.24e-05	-1.28e-05	-5.39257e-10
2.56e-05	-1.28e-05	3.61721e-08
2.88e-05	-1.28e-05	-2.15132e-06
3.2e-05	-1.28e-05	9.49532e-05
3.52e-05	-1.28e-05	0.000114227
3.84e-05	-1.28e-05	0.000120267
4.16e-05	-1.28e-05	0.000118159
4.48e-05	-1.28e-05	0.000111707
4.8e-05	-1.28e-05	0.000163311
5.12e-05	-1.28e-05	-0.00987416
5.44e-05	-1.28e-05	-0.00886671
5.76e-05	-1.28e-05	-0.00657862
6.08e-05	-1.28e-05	-0.00346412

-6.08e-05	-1.6e-05	0.00337145
-5.76e-05	-1.6e-05	0.00629432
-5.44e-05	-1.6e-05	0.00856749
-5.12e-05	-1.6e-05	-9.40663e-05
-4.8e-05	-1.6e-05	2.39283e-06
-4.48e-05	-1.6e-05	1.38762e-06
-4.16e-05	-1.6e-05	1.53287e-06
-3.84e-05	-1.6e-05	1.88015e-06
-3.52e-05	-1.6e-05	-6.39548e-08
-3.2e-05	-1.6e-05	1.44024e-09
-2.88e-05	-1.6e-05	-2.69796e-11
-2.56e-05	-1.6e-05	4.54591e-13
-2.24e-05	-1.6e-05	-7.12589e-15
-1.92e-05	-1.6e-05	1.44233e-16
-1.6e-05	-1.6e-05	-6.41408e-17
-1.28e-05	-1.6e-05	-3.14378e-18
-9.6e-06	-1.6e-05	-1.12087e-16
-6.4e-06	-1.6e-05	-4.23732e-17
-3.2e-06	-1.6e-05	7.35603e-18
0	-1.6e-05	2.87585e-17
3.2e-06	-1.6e-05	9.00638e-17
6.4e-06	-1.6e-05	-4.79087e-17
9.6e-06	-1.6e-05	3.35336e-17
1.28e-05	-1.6e-05	-3.84275e-17
1.6e-05	-1.6e-05	3.8857e-15
1.92e-05	-1.6e-05	-2.5768e-13
2.24e-05	-1.6e-05	1.5305e-11
2.56e-05	-1.6e-05	-8.16888e-10
2.88e-05	-1.6e-05	3.62123e-08
3.2e-05	-1.6e-05	-1.05744e-06
3.52e-05	-1.6e-05	-1.2618e-06
3.84e-05	-1.6e-05	-1.32802e-06
4.16e-05	-1.6e-05	-1.29238e-06
4.48e-05	-1.6e-05	-2.28425e-06
4.8e-05	-1.6e-05	9.29498e-05
5.12e-05	-1.6e-05	-0.00834602
5.44e-05	-1.6e-05	-0.00776202
5.76e-05	-1.6e-05	-0.00615375
6.08e-05	-1.6e-05	-0.00380755

-6.08e-05	-1.92e-05	0.00166416
-5.76e-05	-1.92e-05	0.00413731
-5.44e-05	-1.92e-05	0.00615513
-5.12e-05	-1.92e-05	-6.85985e-05
-4.8e-05	-1.92e-05	7.42053e-07
-4.48e-05	-1.92e-05	-2.37803e-08
-4.16e-05	-1.92e-05	-1.6788e-08
-3.84e-05	-1.92e-05	-2.10319e-08
-3.52e-05	-1.92e-05	9.59093e-10
-3.2e-05	-1.92e-05	-2.70762e-11
-2.88e-05	-1.92e-05	6.10059e-13
-2.56e-05	-1.92e-05	-1.20491e-14
-2.24e-05	-1.92e-05	2.72489e-16
-1.92e-05	-1.92e-05	-4.15595e-17
-1.6e-05	-1.92e-05	2.04873e-17
-1.28e-05	-1.92e-05	-1.51994e-16
-9.6e-06	-1.92e-05	-2.75502e-17
-6.4e-06	-1.92e-05	-2.46205e-17
-3.2e-06	-1.92e-05	4.36355e-17
0	-1.92e-05	1.00894e-16
3.2e-06	-1.92e-05	2.9834e-17
6.4e-06	-1.92e-05	8.54823e-17
9.6e-06	-1.92e-05	1.0829e-17
1.28e-05	-1.92e-05	-9.43994e-17
1.6e-05	-1.92e-05	-1.27603e-16
1.92e-05	-1.92e-05	6.85631e-15
2.24e-05	-1.92e-05	-3.45645e-13
2.56e-05	-1.92e-05	1.5332e-11
2.88e-05	-1.92e-05	-5.41632e-10
3.2e-05	-1.92e-05	1.1779e-08
3.52e-05	-1.92e-05	1.39385e-08
3.84e-05	-1.92e-05	1.45612e-08
4.16e-05	-1.92e-05	2.34988e-08
4.48e-05	-1.92e-05	-8.12381e-07
4.8e-05	-1.92e-05	7.49302e-05
5.12e-05	-1.92e-05	-0.00670587
5.44e-05	-1.92e-05	-0.00646709
5.76e-05	-1.92e-05	-0.00539278
6.08e-05	-1.92e-05	-0.0036806

-6.08e-05	-2.24e-05	0.000528182
-5.76e-05	-2.24e-05	0.0024798
-5.44e-05	-2.24e-05	0.00410923
-5.12e-05	-2.24e-05	-4.5763e-05
-4.8e-05	-2.24e-05	5.05082e-07
-4.48e-05	-2.24e-05	-5.40079e-09
-4.16e-05	-2.24e-05	2.47323e-10
-3.84e-05	-2.24e-05	2.34632e-10
-3.52e-05	-2.24e-05	-1.34723e-11
-3.2e-05	-2.24e-05	4.57575e-13
-2.88e-05	-2.24e-05	-1.20349e-14
-2.56e-05	-2.24e-05	3.311e-16
-2.24e-05	-2.24e-05	6.54337e-17
-1.92e-05	-2.24e-05	7.87166e-17
-1.6e-05	-2.24e-05	5.27208e-17
-1.28e-05	-2.24e-05	1.48732e-18
-9.6e-06	-2.24e-05	-7.86749e-17
-6.4e-06	-2.24e-05	-2.09117e-17
-3.2e-06	-2.24e-05	4.61588e-17
0	-2.24e-05	1.32471e-16
3.2e-06	-2.24e-05	-2.19832e-17
6.4e-06	-2.24e-05	7.10202e-17
9.6e-06	-2.24e-05	5.01418e-17
1.28e-05	-2.24e-05	2.46004e-17
1.6e-05	-2.24e-05	3.76132e-17
1.92e-05	-2.24e-05	-6.69117e-17
2.24e-05	-2.24e-05	7.0793e-15
2.56e-05	-2.24e-05	-2.58546e-13
2.88e-05	-2.24e-05	7.59461e-12
3.2e-05	-2.24e-05	-1.3125e-10
3.52e-05	-2.24e-05	-1.53117e-10
3.84e-05	-2.24e-05	-2.36025e-10
4.16e-05	-2.24e-05	6.56472e-09
4.48e-05	-2.24e-05	-6.09865e-07
4.8e-05	-2.24e-05	5.52911e-05
5.12e-05	-2.24e-05	-0.00494583
5.44e-05	-2.24e-05	-0.0049702
5.76e-05	-2.24e-05	-0.0043217
6.08e-05	-2.24e-05	-0.00313648

-6.08e-05	-2.56e-05	-6.87144e-05
-5.76e-05	-2.56e-05	0.00131437
-5.44e-05	-2.56e-05	0.00249143
-5.12e-05	-2.56e-05	-2.77281e-05
-4.8e-05	-2.56e-05	3.05941e-07
-4.48e-05	-2.56e-05	-3.37752e-09
-4.16e-05	-2.56e-05	3.51993e-11
-3.84e-05	-2.56e-05	-3.0445e-12
-3.52e-05	-2.56e-05	1.86393e-13
-3.2e-05	-2.56e-05	-7.24333e-15
-2.88e-05	-2.56e-05	2.42296e-16
-2.56e-05	-2.56e-05	7.98743e-17
-2.24e-05	-2.56e-05	9.45111e-17
-1.92e-05	-2.56e-05	1.61716e-16
-1.6e-05	-2.56e-05	7.36693e-17
-1.28e-05	-2.56e-05	7.62361e-17
-9.6e-06	-2.56e-05	-6.62311e-17
-6.4e-06	-2.56e-05	-5.34634e-17
-3.2e-06	-2.56e-05	3.44109e-17
0	-2.56e-05	-4.75609e-17
3.2e-06	-2.56e-05	4.9868e-17
6.4e-06	-2.56e-05	-1.70828e-16
9.6e-06	-2.56e-05	7.50992e-17
1.28e-05	-2.56e-05	4.02998e-17
1.6e-05	-2.56e-05	1.13493e-16
1.92e-05	-2.56e-05	3.32004e-16
2.24e-05	-2.56e-05	-8.13189e-17
2.56e-05	-2.56e-05	4.20737e-15
2.88e-05	-2.56e-05	-1.02199e-13
3.2e-05	-2.56e-05	1.45681e-12
3.52e-05	-2.56e-05	2.21963e-12
3.84e-05	-2.56e-05	-4.5356e-11
4.16e-05	-2.56e-05	4.27874e-09
4.48e-05	-2.56e-05	-3.88018e-07
4.8e-05	-2.56e-05	3.52021e-05
5.12e-05	-2.56e-05	-0.00314621
5.44e-05	-2.56e-05	-0.00333787
5.76e-05	-2.56e-05	-0.00302784
6.08e-05	-2.56e-05	-0.00230623

-6.08e-05	-2.88e-05	-0.00020042
-5.76e-05	-2.88e-05	0.000549036
-5.44e-05	-2.88e-05	0.00121592
-5.12e-05	-2.88e-05	-1.35138e-05
-4.8e-05	-2.88e-05	1.4938e-07
-4.48e-05	-2.88e-05	-1.65162e-09
-4.16e-05	-2.88e-05	1.82893e-11
-3.84e-05	-2.88e-05	-1.72615e-13
-3.52e-05	-2.88e-05	-1.06653e-16
-3.2e-05	-2.88e-05	6.53585e-17
-2.88e-05	-2.88e-05	9.76982e-17
-2.56e-05	-2.88e-05	4.5527e-17
-2.24e-05	-2.88e-05	8.7646e-17
-1.92e-05	-2.88e-05	9.05896e-17
-1.6e-05	-2.88e-05	5.59322e-17
-1.28e-05	-2.88e-05	3.33673e-17
-9.6e-06	-2.88e-05	1.96148e-18
-6.4e-06	-2.88e-05	-5.64509e-17
-3.2e-06	-2.88e-05	-4.18766e-17
0	-2.88e-05	-1.31411e-16
3.2e-06	-2.88e-05	-1.80355e-16
6.4e-06	-2.88e-05	-2.38497e-18
9.6e-06	-2.88e-05	-1.09935e-16
1.28e-05	-2.88e-05	3.04375e-17
1.6e-05	-2.88e-05	2.21101e-16
1.92e-05	-2.88e-05	1.84409e-16
2.24e-05	-2.88e-05	2.08811e-16
2.56e-05	-2.88e-05	-8.27218e-17
2.88e-05	-2.88e-05	1.26247e-15
3.2e-05	-2.88e-05	-1.89805e-14
3.52e-05	-2.88e-05	2.17893e-13
3.84e-05	-2.88e-05	-2.15163e-11
4.16e-05	-2.88e-05	1.95204e-09
4.48e-05	-2.88e-05	-1.77298e-07
4.8e-05	-2.88e-05	1.6106e-05
5.12e-05	-2.88e-05	-0.00143642
5.44e-05	-2.88e-05	-0.00166083
5.76e-05	-2.88e-05	-0.00161654
6.08e-05	-2.88e-05	-0.00151663

-6.08e-05	-3.2e-05	2.14919e-06
-5.76e-05	-3.2e-05	-6.71003e-06
-5.44e-05	-3.2e-05	-1.51105e-05
-5.12e-05	-3.2e-05	3.57701e-07
-4.8e-05	-3.2e-05	-6.33709e-09
-4.48e-05	-3.2e-05	9.98442e-11
-4.16e-05	-3.2e-05	-1.4766e-12
-3.84e-05	-3.2e-05	2.07664e-14
-3.52e-05	-3.2e-05	-5.05153e-16
-3.2e-05	-3.2e-05	3.69626e-16
-2.88e-05	-3.2e-05	-3.28715e-16
-2.56e-05	-3.2e-05	1.55829e-16
-2.24e-05	-3.2e-05	-7.81833e-17
-1.92e-05	-3.2e-05	6.19023e-17
-1.6e-05	-3.2e-05	1.51828e-17
-1.28e-05	-3.2e-05	-2.85872e-17
-9.6e-06	-3.2e-05	2.06332e-17
-6.4e-06	-3.2e-05	-2.48711e-17
-3.2e-06	-3.2e-05	9.19401e-18
0	-3.2e-05	-6.05919e-18
3.2e-06	-3.2e-05	-1.57369e-17
6.4e-06	-3.2e-05	-6.09547e-18
9.6e-06	-3.2e-05	-1.77405e-17
1.28e-05	-3.2e-05	1.53738e-17
1.6e-05	-3.2e-05	1.16558e-17
1.92e-05	-3.2e-05	8.46394e-18
2.24e-05	-3.2e-05	3.96584e-17
2.56e-05	-3.2e-05	-6.44561e-18
2.88e-05	-3.2e-05	-2.84374e-17
3.2e-05	-3.2e-05	5.47031e-16
3.52e-05	-3.2e-05	-2.42761e-14
3.84e-05	-3.2e-05	1.72835e-12
4.16e-05	-3.2e-05	-1.17163e-10
4.48e-05	-3.2e-05	7.44974e-09
4.8e-05	-3.2e-05	-4.20553e-07
5.12e-05	-3.2e-05	1.7646e-05
5.44e-05	-3.2e-05	2.02221e-05
5.76e-05	-3.2e-05	1.96485e-05
6.08e-05	-3.2e-05	1.86484e-05

-6.08e-05	-3.52e-05	-1.95463e-08
-5.76e-05	-3.52e-05	8.18811e-08
-5.44e-05	-3.52e-05	1.87829e-07
-5.12e-05	-3.52e-05	-6.81744e-09
-4.8e-05	-3.52e-05	1.64392e-10
-4.48e-05	-3.52e-05	-3.30227e-12
-4.16e-05	-3.52e-05	5.98093e-14
-3.84e-05	-3.52e-05	-1.15654e-15
-3.52e-05	-3.52e-05	2.84578e-16
-3.2e-05	-3.52e-05	-1.93246e-16
-2.88e-05	-3.52e-05	1.92466e-16
-2.56e-05	-3.52e-05	-2.37093e-16
-2.24e-05	-3.52e-05	1.05902e-16
-1.92e-05	-3.52e-05	7.17408e-18
-1.6e-05	-3.52e-05	-5.3203e-17
-1.28e-05	-3.52e-05	1.45404e-17
-9.6e-06	-3.52e-05	-2.36274e-17
-6.4e-06	-3.52e-05	9.54895e-18
-3.2e-06	-3.52e-05	-1.9119e-17
0	-3.52e-05	1.50237e-17
3.2e-06	-3.52e-05	-1.35689e-17
6.4e-06	-3.52e-05	1.84667e-17
9.6e-06	-3.52e-05	-2.65728e-18
1.28e-05	-3.52e-05	-3.24503e-18
1.6e-05	-3.52e-05	1.03563e-17
1.92e-05	-3.52e-05	4.39731e-18
2.24e-05	-3.52e-05	-2.02201e-18
2.56e-05	-3.52e-05	1.50918e-18
2.88e-05	-3.52e-05	-1.07468e-17
3.2e-05	-3.52e-05	-2.14989e-17
3.52e-05	-3.52e-05	1.16816e-15
3.84e-05	-3.52e-05	-6.9527e-14
4.16e-05	-3.52e-05	3.85003e-12
4.48e-05	-3.52e-05	-1.91798e-10
4.8e-05	-3.52e-05	7.94237e-09
5.12e-05	-3.52e-05	-2.16837e-07
5.44e-05	-3.52e-05	-2.46204e-07
5.76e-05	-3.52e-05	-2.38783e-07
6.08e-05	-3.52e-05	-2.29372e-07

-6.08e-05	-3.84e-05	1.17811e-10
-5.76e-05	-3.84e-05	-9.97114e-10
-5.44e-05	-3.84e-05	-2.33536e-09
-5.12e-05	-3.84e-05	1.14388e-10
-4.8e-05	-3.84e-05	-3.48399e-12
-4.48e-05	-3.84e-05	8.47345e-14
-4.16e-05	-3.84e-05	-1.76872e-15
-3.84e-05	-3.84e-05	8.07959e-17
-3.52e-05	-3.84e-05	-3.62846e-17
-3.2e-05	-3.84e-05	1.17867e-16
-2.88e-05	-3.84e-05	-1.05393e-16
-2.56e-05	-3.84e-05	-4.42546e-19
-2.24e-05	-3.84e-05	1.0461e-16
-1.92e-05	-3.84e-05	6.5522e-18
-1.6e-05	-3.84e-05	-2.09364e-17
-1.28e-05	-3.84e-05	3.67055e-18
-9.6e-06	-3.84e-05	3.0628e-17
-6.4e-06	-3.84e-05	-4.70242e-17
-3.2e-06	-3.84e-05	3.20022e-17
0	-3.84e-05	-1.46443e-17
3.2e-06	-3.84e-05	1.78788e-17
6.4e-06	-3.84e-05	-3.68346e-17
9.6e-06	-3.84e-05	1.66832e-17
1.28e-05	-3.84e-05	3.42469e-18
1.6e-05	-3.84e-05	3.33201e-18
1.92e-05	-3.84e-05	-5.31869e-18
2.24e-05	-3.84e-05	3.72652e-18
2.56e-05	-3.84e-05	-1.37111e-18
2.88e-05	-3.84e-05	1.44392e-18
3.2e-05	-3.84e-05	1.23143e-18
3.52e-05	-3.84e-05	-4.40394e-17
3.84e-05	-3.84e-05	2.10009e-15
4.16e-05	-3.84e-05	-9.82841e-14
4.48e-05	-3.84e-05	4.03725e-12
4.8e-05	-3.84e-05	-1.32189e-10
5.12e-05	-3.84e-05	2.66531e-09
5.44e-05	-3.84e-05	2.9973e-09
5.76e-05	-3.84e-05	2.90137e-09
6.08e-05	-3.84e-05	2.82212e-09

-6.08e-05	-4.16e-05	5.37052e-13
-5.76e-05	-4.16e-05	1.21102e-11
-5.44e-05	-4.16e-05	2.90445e-11
-5.12e-05	-4.16e-05	-1.7926e-12
-4.8e-05	-4.16e-05	6.58742e-14
-4.48e-05	-4.16e-05	-1.92849e-15
-4.16e-05	-4.16e-05	4.49831e-17
-3.84e-05	-4.16e-05	1.01113e-17
-3.52e-05	-4.16e-05	-4.04588e-17
-3.2e-05	-4.16e-05	-2.90497e-17
-2.88e-05	-4.16e-05	-1.91596e-17
-2.56e-05	-4.16e-05	5.41139e-17
-2.24e-05	-4.16e-05	3.28933e-17
-1.92e-05	-4.16e-05	-4.09179e-17
-1.6e-05	-4.16e-05	-2.30738e-17
-1.28e-05	-4.16e-05	6.47153e-18
-9.6e-06	-4.16e-05	-3.43214e-18
-6.4e-06	-4.16e-05	1.77184e-17
-3.2e-06	-4.16e-05	-1.79473e-17
0	-4.16e-05	3.05208e-17
3.2e-06	-4.16e-05	-4.51008e-17
6.4e-06	-4.16e-05	5.21893e-17
9.6e-06	-4.16e-05	-1.92733e-17
1.28e-05	-4.16e-05	2.28217e-17
1.6e-05	-4.16e-05	-2.32098e-17
1.92e-05	-4.16e-05	1.6805e-18
2.24e-05	-4.16e-05	-7.21453e-18
2.56e-05	-4.16e-05	5.4879e-18
2.88e-05	-4.16e-05	-2.3627e-18
3.2e-05	-4.16e-05	-1.88605e-18
3.52e-05	-4.16e-05	2.10475e-18
3.84e-05	-4.16e-05	-5.8234e-17
4.16e-05	-4.16e-05	2.17202e-15
4.48e-05	-4.16e-05	-7.5936e-14
4.8e-05	-4.16e-05	2.05581e-12
5.12e-05	-4.16e-05	-3.27712e-11
5.44e-05	-4.16e-05	-3.6486e-11
5.76e-05	-4.16e-05	-3.52471e-11
6.08e-05	-4.16e-05	-3.47336e-11

-6.08e-05	-4.48e-05	-3.70461e-14
-5.76e-05	-4.48e-05	-1.46639e-13
-5.44e-05	-4.48e-05	-3.61329e-13
-5.12e-05	-4.48e-05	2.69912e-14
-4.8e-05	-4.48e-05	-1.11659e-15
-4.48e-05	-4.48e-05	3.06763e-17
-4.16e-05	-4.48e-05	2.47939e-17
-3.84e-05	-4.48e-05	-7.44532e-17
-3.52e-05	-4.48e-05	3.87897e-17
-3.2e-05	-4.48e-05	-5.20835e-17
-2.88e-05	-4.48e-05	1.27355e-17
-2.56e-05	-4.48e-05	7.68974e-18
-2.24e-05	-4.48e-05	3.66833e-17
-1.92e-05	-4.48e-05	-2.45841e-17
-1.6e-05	-4.48e-05	-2.29759e-17
-1.28e-05	-4.48e-05	1.96333e-17
-9.6e-06	-4.48e-05	1.80057e-17
-6.4e-06	-4.48e-05	-1.06435e-17
-3.2e-06	-4.48e-05	1.31193e-17
0	-4.48e-05	3.03877e-17
3.2e-06	-4.48e-05	-1.60346e-17
6.4e-06	-4.48e-05	-1.71076e-18
9.6e-06	-4.48e-05	1.70189e-17
1.28e-05	-4.48e-05	-8.08663e-18
1.6e-05	-4.48e-05	1.531e-17
1.92e-05	-4.48e-05	-1.05511e-17
2.24e-05	-4.48e-05	5.90245e-18
2.56e-05	-4.48e-05	7.84869e-19
2.88e-05	-4.48e-05	5.96758e-18
3.2e-05	-4.48e-05	4.90927e-19
3.52e-05	-4.48e-05	-1.85737e-18
3.84e-05	-4.48e-05	7.91903e-18
4.16e-05	-4.48e-05	-4.77537e-17
4.48e-05	-4.48e-05	1.35098e-15
4.8e-05	-4.48e-05	-3.06583e-14
5.12e-05	-4.48e-05	4.03073e-13
5.44e-05	-4.48e-05	4.44099e-13
5.76e-05	-4.48e-05	4.28111e-13
6.08e-05	-4.48e-05	4.27636e-13

-6.08e-05	-4.8e-05	9.38373e-16
-5.76e-05	-4.8e-05	1.79685e-15
-5.44e-05	-4.8e-05	4.4008e-15
-5.12e-05	-4.8e-05	-3.34257e-16
-4.8e-05	-4.8e-05	1.64506e-17
-4.48e-05	-4.8e-05	3.95716e-17
-4.16e-05	-4.8e-05	5.83627e-18
-3.84e-05	-4.8e-05	-1.28075e-17
-3.52e-05	-4.8e-05	-2.25755e-17
-3.2e-05	-4.8e-05	-1.81847e-17
-2.88e-05	-4.8e-05	1.53472e-17
-2.56e-05	-4.8e-05	2.57451e-18
-2.24e-05	-4.8e-05	-1.41502e-17
-1.92e-05	-4.8e-05	-4.5893e-17
-1.6e-05	-4.8e-05	-3.60829e-17
-1.28e-05	-4.8e-05	8.6973e-17
-9.6e-06	-4.8e-05	-6.40974e-17
-6.4e-06	-4.8e-05	1.26394e-17
-3.2e-06	-4.8e-05	6.87649e-18
0	-4.8e-05	-1.22061e-18
3.2e-06	-4.8e-05	-1.62119e-17
6.4e-06	-4.8e-05	4.94644e-18
9.6e-06	-4.8e-05	-1.35846e-18
1.28e-05	-4.8e-05	3.01519e-17
1.6e-05	-4.8e-05	-3.22202e-17
1.92e-05	-4.8e-05	1.37035e-17
2.24e-05	-4.8e-05	-2.81289e-19
2.56e-05	-4.8e-05	3.24803e-18
2.88e-05	-4.8e-05	-1.77553e-18
3.2e-05	-4.8e-05	7.39278e-19
3.52e-05	-4.8e-05	1.95324e-18
3.84e-05	-4.8e-05	-7.18065e-18
4.16e-05	-4.8e-05	1.10128e-17
4.48e-05	-4.8e-05	-3.38831e-17
4.8e-05	-4.8e-05	4.5806e-16
5.12e-05	-4.8e-05	-4.95818e-15
5.44e-05	-4.8e-05	-5.38502e-15
5.76e-05	-4.8e-05	-5.17915e-15
6.08e-05	-4.8e-05	-5.2832e-15

-6.08e-05	-5.12e-05	2.3692e-17
-5.76e-05	-5.12e-05	-5.41086e-17
-5.44e-05	-5.12e-05	-5.48405e-17
-5.12e-05	-5.12e-05	-7.5804e-17
-4.8e-05	-5.12e-05	1.03546e-16
-4.48e-05	-5.12e-05	-1.00821e-16
-4.16e-05	-5.12e-05	8.27254e-17
-3.84e-05	-5.12e-05	-8.96801e-17
-3.52e-05	-5.12e-05	3.50969e-17
-3.2e-05	-5.12e-05	-3.47628e-17
-2.88e-05	-5.12e-05	4.98317e-17
-2.56e-05	-5.12e-05	-7.46687e-17
-2.24e-05	-5.12e-05	8.57419e-17
-1.92e-05	-5.12e-05	-1.3056e-16
-1.6e-05	-5.12e-05	1.46544e-16
-1.28e-05	-5.12e-05	-6.06377e-17
-9.6e-06	-5.12e-05	2.39995e-17
-6.4e-06	-5.12e-05	-1.90608e-17
-3.2e-06	-5.12e-05	9.52981e-18
0	-5.12e-05	1.84764e-18
3.2e-06	-5.12e-05	-1.57548e-17
6.4e-06	-5.12e-05	1.85032e-17
9.6e-06	-5.12e-05	2.15875e-17
1.28e-05	-5.12e-05	-9.67744e-19
1.6e-05	-5.12e-05	1.19294e-17
1.92e-05	-5.12e-05	-1.35266e-17
2.24e-05	-5.12e-05	2.59611e-17
2.56e-05	-5.12e-05	-1.11889e-17
2.88e-05	-5.12e-05	2.36006e-18
3.2e-05	-5.12e-05	-6.96091e-20
3.52e-05	-5.12e-05	-8.34621e-18
3.84e-05	-5.12e-05	1.37356e-17
4.16e-05	-5.12e-05	-1.57042e-17
4.48e-05	-5.12e-05	1.69663e-17
4.8e-05	-5.12e-05	-5.84664e-18
5.12e-05	-5.12e-05	7.77156e-17
5.44e-05	-5.12e-05	4.11651e-17
5.76e-05	-5.12e-05	4.28914e-17
6.08e-05	-5.12e-05	7.06189e-17

-6.08e-05	-5.44e-05	-4.0454e-18
-5.76e-05	-5.44e-05	2.82254e-17
-5.44e-05	-5.44e-05	-2.42702e-18
-5.12e-05	-5.44e-05	6.01495e-17
-4.8e-05	-5.44e-05	-5.67436e-17
-4.48e-05	-5.44e-05	8.29991e-17
-4.16e-05	-5.44e-05	-9.8649e-17
-3.84e-05	-5.44e-05	1.23577e-16
-3.52e-05	-5.44e-05	-1.24129e-16
-3.2e-05	-5.44e-05	1.24991e-16
-2.88e-05	-5.44e-05	-1.4496e-16
-2.56e-05	-5.44e-05	1.10001e-16
-2.24e-05	-5.44e-05	-9.84953e-17
-1.92e-05	-5.44e-05	9.19017e-17
-1.6e-05	-5.44e-05	-5.96848e-17
-1.28e-05	-5.44e-05	5.65826e-17
-9.6e-06	-5.44e-05	-2.20644e-17
-6.4e-06	-5.44e-05	2.76684e-17
-3.2e-06	-5.44e-05	2.03935e-18
0	-5.44e-05	-2.08793e-17
3.2e-06	-5.44e-05	1.46832e-18
6.4e-06	-5.44e-05	5.18019e-18
9.6e-06	-5.44e-05	9.9204e-18
1.28e-05	-5.44e-05	-6.98996e-18
1.6e-05	-5.44e-05	-5.31497e-18
1.92e-05	-5.44e-05	1.3989e-17
2.24e-05	-5.44e-05	-2.81248e-17
2.56e-05	-5.44e-05	1.58458e-17
2.88e-05	-5.44e-05	-9.48913e-18
3.2e-05	-5.44e-05	1.02175e-18
3.52e-05	-5.44e-05	5.89396e-18
3.84e-05	-5.44e-05	-1.31061e-17
4.16e-05	-5.44e-05	2.47208e-17
4.48e-05	-5.44e-05	-1.88935e-17
4.8e-05	-5.44e-05	1.80466e-17
5.12e-05	-5.44e-05	-3.23181e-18
5.44e-05	-5.44e-05	-1.40516e-17
5.76e-05	-5.44e-05	-7.89867e-19
6.08e-05	-5.44e-05	1.35449e-17

-6.08e-05	-5.76e-05	-8.94033e-18
-5.76e-05	-5.76e-05	-5.36998e-18
-5.44e-05	-5.76e-05	1.5627e-17
-5.12e-05	-5.76e-05	-3.48097e-18
-4.8e-05	-5.76e-05	5.39521e-17
-4.48e-05	-5.76e-05	-3.36763e-17
-4.16e-05	-5.76e-05	3.84035e-17
-3.84e-05	-5.76e-05	-5.23591e-17
-3.52e-05	-5.76e-05	8.91882e-17
-3.2e-05	-5.76e-05	-7.75762e-17
-2.88e-05	-5.76e-05	8.91989e-17
-2.56e-05	-5.76e-05	-4.47921e-17
-2.24e-05	-5.76e-05	4.49312e-17
-1.92e-05	-5.76e-05	-3.63287e-17
-1.6e-05	-5.76e-05	3.59496e-17
-1.28e-05	-5.76e-05	-1.4242e-17
-9.6e-06	-5.76e-05	1.30753e-17
-6.4e-06	-5.76e-05	7.12238e-18
-3.2e-06	-5.76e-05	-8.02824e-18
0	-5.76e-05	-2.05885e-17
3.2e-06	-5.76e-05	1.12991e-17
6.4e-06	-5.76e-05	7.62631e-18
9.6e-06	-5.76e-05	-1.46425e-17
1.28e-05	-5.76e-05	3.14426e-18
1.6e-05	-5.76e-05	1.26495e-17
1.92e-05	-5.76e-05	-1.21726e-17
2.24e-05	-5.76e-05	8.858e-18
2.56e-05	-5.76e-05	-1.30244e-17
2.88e-05	-5.76e-05	6.48961e-18
3.2e-05	-5.76e-05	-3.45169e-18
3.52e-05	-5.76e-05	-6.88185e-18
3.84e-05	-5.76e-05	1.89176e-17
4.16e-05	-5.76e-05	-2.22316e-17
4.48e-05	-5.76e-05	8.90126e-18
4.8e-05	-5.76e-05	-7.66205e-18
5.12e-05	-5.76e-05	2.866e-18
5.44e-05	-5.76e-05	-3.15168e-18
5.76e-05	-5.76e-05	2.69958e-18
6.08e-05	-5.76e-05	1.65435e-17

-6.08e-05	-6.08e-05	-1.34287e-17
-5.76e-05	-6.08e-05	6.40968e-18
-5.44e-05	-6.08e-05	-3.12113e-18
-5.12e-05	-6.08e-05	1.11275e-17
-4.8e-05	-6.08e-05	-1.9767e-17
-4.48e-05	-6.08e-05	3.11975e-17
-4.16e-05	-6.08e-05	-2.4719e-17
-3.84e-05	-6.08e-05	4.5995e-17
-3.52e-05	-6.08e-05	-6.02369e-17
-3.2e-05	-6.08e-05	3.26495e-17
-2.88e-05	-6.08e-05	-4.76623e-17
-2.56e-05	-6.08e-05	5.82207e-17
-2.24e-05	-6.08e-05	-3.92073e-17
-1.92e-05	-6.08e-05	1.55387e-17
-1.6e-05	-6.08e-05	-1.66134e-17
-1.28e-05	-6.08e-05	2.06387e-17
-9.6e-06	-6.08e-05	1.11626e-18
-6.4e-06	-6.08e-05	4.28055e-18
-3.2e-06	-6.08e-05	-1.99252e-17
0	-6.08e-05	3.73603e-18
3.2e-06	-6.08e-05	1.99145e-17
6.4e-06	-6.08e-05	1.49847e-18
9.6e-06	-6.08e-05	-3.72218e-18
1.28e-05	-6.08e-05	-1.09175e-18
1.6e-05	-6.08e-05	1.85476e-18
1.92e-05	-6.08e-05	2.55219e-18
2.24e-05	-6.08e-05	-6.5913e-18
2.56e-05	-6.08e-05	7.43449e-18
2.88e-05	-6.08e-05	-4.87582e-18
3.2e-05	-6.08e-05	2.19296e-19
3.52e-05	-6.08e-05	4.23117e-18
3.84e-05	-6.08e-05	-4.08093e-18
4.16e-05	-6.08e-05	9.68792e-18
4.48e-05	-6.08e-05	-1.10919e-17
4.8e-05	-6.08e-05	5.88669e-18
5.12e-05	-6.08e-05	1.31116e-17
5.44e-05	-6.08e-05	-7.04977e-18
5.76e-05	-6.08e-05	-2.49668e-18
6.08e-05	-6.08e-05	-4.16206e-18
