-6.4e-05	-6.4e-05	-1.18223e-16
-6.08e-05	-6.4e-05	-1.44958e-17
-5.76e-05	-6.4e-05	1.91845e-16
-5.44e-05	-6.4e-05	1.17301e-16
-5.12e-05	-6.4e-05	-6.40641e-17
-4.8e-05	-6.4e-05	-2.29122e-16
-4.48e-05	-6.4e-05	-1.05316e-16
-4.16e-05	-6.4e-05	-8.04835e-17
-3.84e-05	-6.4e-05	1.8694e-17
-3.52e-05	-6.4e-05	8.30117e-18
-3.2e-05	-6.4e-05	5.11522e-17
-2.88e-05	-6.4e-05	-2.85332e-17
-2.56e-05	-6.4e-05	1.27116e-16
-2.24e-05	-6.4e-05	-2.75438e-17
-1.92e-05	-6.4e-05	3.51265e-17
-1.6e-05	-6.4e-05	-4.36221e-17
-1.28e-05	-6.4e-05	5.35498e-18
-9.6e-06	-6.4e-05	-7.31566e-17
-6.4e-06	-6.4e-05	3.37136e-17
-3.2e-06	-6.4e-05	-5.36227e-17
0	-6.4e-05	-5.52399e-17
3.2e-06	-6.4e-05	-3.26979e-17
6.4e-06	-6.4e-05	-4.72349e-17
9.6e-06	-6.4e-05	4.04517e-17
1.28e-05	-6.4e-05	-2.36113e-17
1.6e-05	-6.4e-05	1.23672e-16
1.92e-05	-6.4e-05	-4.30311e-18
2.24e-05	-6.4e-05	-2.68313e-19
2.56e-05	-6.4e-05	-4.00463e-18
2.88e-05	-6.4e-05	2.36292e-17
3.2e-05	-6.4e-05	-1.53483e-17
3.52e-05	-6.4e-05	-2.99193e-18
3.84e-05	-6.4e-05	3.42242e-17
4.16e-05	-6.4e-05	2.02541e-17
4.48e-05	-6.4e-05	-3.25626e-17
4.8e-05	-6.4e-05	-9.15165e-18
5.12e-05	-6.4e-05	-4.42488e-17
5.44e-05	-6.4e-05	4.21484e-17
5.76e-05	-6.4e-05	-8.02931e-17
6.08e-05	-6.4e-05	1.64514e-16
-6.4e-05	-6.08e-05	-1.8751e-16
-6.08e-05	-6.08e-05	3.17862e-16
-5.76e-05	-6.08e-05	-3.47976e-16
-5.44e-05	-6.08e-05	1.63489e-16
-5.12e-05	-6.08e-05	-1.14189e-16
-4.8e-05	-6.08e-05	-2.31695e-17
-4.48e-05	-6.08e-05	8.55576e-17
-4.16e-05	-6.08e-05	-2.02377e-16
-3.84e-05	-6.08e-05	1.16904e-16
-3.52e-05	-6.08e-05	6.0193e-17
-3.2e-05	-6.08e-05	1.91586e-16
-2.88e-05	-6.08e-05	9.2683e-17
-2.56e-05	-6.08e-05	8.22784e-17
-2.24e-05	-6.08e-05	1.45221e-16
-1.92e-05	-6.08e-05	4.85015e-17
-1.6e-05	-6.08e-05	9.27459e-17
-1.28e-05	-6.08e-05	-6.67724e-17
-9.6e-06	-6.08e-05	6.50448e-17
-6.4e-06	-6.08e-05	-5.52232e-17
-3.2e-06	-6.08e-05	2.3478e-16
0	-6.08e-05	-1.09949e-16
3.2e-06	-6.08e-05	-1.61281e-16
6.4e-06	-6.08e-05	2.58507e-16
9.6e-06	-6.08e-05	-1.48611e-16
1.28e-05	-6.08e-05	-9.98622e-17
1.6e-05	-6.08e-05	2.0144e-16
1.92e-05	-6.08e-05	-1.51997e-16
2.24e-05	-6.08e-05	-7.31348e-17
2.56e-05	-6.08e-05	-1.24128e-16
2.88e-05	-6.08e-05	2.56459e-19
3.2e-05	-6.08e-05	7.3352e-17
3.52e-05	-6.08e-05	-6.74651e-17
3.84e-05	-6.08e-05	-7.43351e-18
4.16e-05	-6.08e-05	1.70077e-16
4.48e-05	-6.08e-05	-1.07714e-16
4.8e-05	-6.08e-05	3.25181e-17
5.12e-05	-6.08e-05	1.71564e-16
5.44e-05	-6.08e-05	1.73415e-16
5.76e-05	-6.08e-05	2.36604e-16
6.08e-05	-6.08e-05	-1.45666e-16
-6.4e-05	-5.76e-05	1.70942e-16
-6.08e-05	-5.76e-05	-4.38081e-16
-5.76e-05	-5.76e-05	6.25843e-18
-5.44e-05	-5.76e-05	-9.96202e-17
-5.12e-05	-5.76e-05	-8.19891e-17
-4.8e-05	-5.76e-05	5.52858e-17
-4.48e-05	-5.76e-05	-8.23141e-17
-4.16e-05	-5.76e-05	-6.51377e-17
-3.84e-05	-5.76e-05	-2.33402e-16
-3.52e-05	-5.76e-05	-1.82432e-17
-3.2e-05	-5.76e-05	1.0725e-16
-2.88e-05	-5.76e-05	-3.84146e-17
-2.56e-05	-5.76e-05	2.41901e-16
-2.24e-05	-5.76e-05	6.32567e-17
-1.92e-05	-5.76e-05	1.03818e-16
-1.6e-05	-5.76e-05	-9.34669e-17
-1.28e-05	-5.76e-05	-4.52865e-16
-9.6e-06	-5.76e-05	-5.24757e-17
-6.4e-06	-5.76e-05	5.05617e-17
-3.2e-06	-5.76e-05	-2.34683e-17
0	-5.76e-05	-4.80029e-17
3.2e-06	-5.76e-05	-9.29031e-17
6.4e-06	-5.76e-05	-1.24723e-16
9.6e-06	-5.76e-05	8.5778e-17
1.28e-05	-5.76e-05	-1.0424e-16
1.6e-05	-5.76e-05	1.02485e-16
1.92e-05	-5.76e-05	1.81701e-16
2.24e-05	-5.76e-05	1.63248e-16
2.56e-05	-5.76e-05	-1.35803e-16
2.88e-05	-5.76e-05	2.96214e-16
3.2e-05	-5.76e-05	3.24448e-16
3.52e-05	-5.76e-05	1.30861e-16
3.84e-05	-5.76e-05	-2.49224e-16
4.16e-05	-5.76e-05	-9.87187e-17
4.48e-05	-5.76e-05	-3.12911e-17
4.8e-05	-5.76e-05	-2.97522e-17
5.12e-05	-5.76e-05	9.45791e-17
5.44e-05	-5.76e-05	2.6271e-16
5.76e-05	-5.76e-05	1.78378e-16
6.08e-05	-5.76e-05	-1.38069e-16
-6.4e-05	-5.44e-05	5.80234e-17
-6.08e-05	-5.44e-05	1.78178e-17
-5.76e-05	-5.44e-05	3.16286e-17
-5.44e-05	-5.44e-05	1.94496e-17
-5.12e-05	-5.44e-05	-2.88026e-16
-4.8e-05	-5.44e-05	-3.43472e-17
-4.48e-05	-5.44e-05	5.10597e-17
-4.16e-05	-5.44e-05	-5.5113e-17
-3.84e-05	-5.44e-05	4.73048e-17
-3.52e-05	-5.44e-05	-2.91051e-16
-3.2e-05	-5.44e-05	4.48302e-17
-2.88e-05	-5.44e-05	-5.01288e-17
-2.56e-05	-5.44e-05	-2.73604e-17
-2.24e-05	-5.44e-05	-1.73848e-16
-1.92e-05	-5.44e-05	8.70548e-17
-1.6e-05	-5.44e-05	6.82176e-17
-1.28e-05	-5.44e-05	-1.09071e-16
-9.6e-06	-5.44e-05	-1.50541e-16
-6.4e-06	-5.44e-05	5.29845e-17
-3.2e-06	-5.44e-05	3.13172e-16
0	-5.44e-05	-2.12591e-16
3.2e-06	-5.44e-05	-1.74767e-16
6.4e-06	-5.44e-05	6.97544e-17
9.6e-06	-5.44e-05	-5.03872e-19
1.28e-05	-5.44e-05	-1.44587e-16
1.6e-05	-5.44e-05	1.22927e-16
1.92e-05	-5.44e-05	-4.02646e-17
2.24e-05	-5.44e-05	-2.32609e-16
2.56e-05	-5.44e-05	-4.33788e-17
2.88e-05	-5.44e-05	4.79751e-17
3.2e-05	-5.44e-05	2.79586e-16
3.52e-05	-5.44e-05	2.10138e-17
3.84e-05	-5.44e-05	-9.18651e-17
4.16e-05	-5.44e-05	-5.80712e-17
4.48e-05	-5.44e-05	-9.66619e-17
4.8e-05	-5.44e-05	-1.03318e-16
5.12e-05	-5.44e-05	5.05696e-17
5.44e-05	-5.44e-05	-6.81332e-17
5.76e-05	-5.44e-05	1.92892e-17
6.08e-05	-5.44e-05	-1.34727e-16
-6.4e-05	-5.12e-05	1.28248e-16
-6.08e-05	-5.12e-05	-1.72092e-18
-5.76e-05	-5.12e-05	2.01595e-16
-5.44e-05	-5.12e-05	-1.01297e-16
-5.12e-05	-5.12e-05	-8.9135e-18
-4.8e-05	-5.12e-05	4.48948e-17
-4.48e-05	-5.12e-05	-3.02093e-17
-4.16e-05	-5.12e-05	8.83998e-18
-3.84e-05	-5.12e-05	-9.62624e-17
-3.52e-05	-5.12e-05	-1.09235e-17
-3.2e-05	-5.12e-05	-1.2994e-16
-2.88e-05	-5.12e-05	-9.56228e-18
-2.56e-05	-5.12e-05	5.87563e-17
-2.24e-05	-5.12e-05	-1.24632e-16
-1.92e-05	-5.12e-05	-4.57694e-17
-1.6e-05	-5.12e-05	-1.11986e-16
-1.28e-05	-5.12e-05	-1.36408e-16
-9.6e-06	-5.12e-05	2.80608e-17
-6.4e-06	-5.12e-05	-6.20357e-17
-3.2e-06	-5.12e-05	1.29223e-16
0	-5.12e-05	-9.94444e-18
3.2e-06	-5.12e-05	1.67677e-16
6.4e-06	-5.12e-05	1.71578e-17
9.6e-06	-5.12e-05	7.82507e-17
1.28e-05	-5.12e-05	-2.2868e-17
1.6e-05	-5.12e-05	-5.34927e-17
1.92e-05	-5.12e-05	-7.0072e-17
2.24e-05	-5.12e-05	8.93783e-18
2.56e-05	-5.12e-05	1.33866e-16
2.88e-05	-5.12e-05	1.23932e-16
3.2e-05	-5.12e-05	-1.44189e-16
3.52e-05	-5.12e-05	1.88279e-17
3.84e-05	-5.12e-05	6.02624e-17
4.16e-05	-5.12e-05	9.21614e-17
4.48e-05	-5.12e-05	-8.62414e-18
4.8e-05	-5.12e-05	-1.18683e-16
5.12e-05	-5.12e-05	-8.82309e-17
5.44e-05	-5.12e-05	-3.7668e-17
5.76e-05	-5.12e-05	2.07607e-17
6.08e-05	-5.12e-05	2.48533e-17
-6.4e-05	-4.8e-05	1.51257e-16
-6.08e-05	-4.8e-05	9.78287e-17
-5.76e-05	-4.8e-05	2.58403e-17
-5.44e-05	-4.8e-05	-3.78732e-17
-5.12e-05	-4.8e-05	1.04964e-16
-4.8e-05	-4.8e-05	-1.58623e-16
-4.48e-05	-4.8e-05	-5.23249e-17
-4.16e-05	-4.8e-05	-2.10558e-17
-3.84e-05	-4.8e-05	1.08767e-16
-3.52e-05	-4.8e-05	-1.27471e-16
-3.2e-05	-4.8e-05	-4.26298e-18
-2.88e-05	-4.8e-05	2.12864e-17
-2.56e-05	-4.8e-05	-2.60544e-17
-2.24e-05	-4.8e-05	-6.13235e-17
-1.92e-05	-4.8e-05	-1.56439e-17
-1.6e-05	-4.8e-05	-6.67568e-17
-1.28e-05	-4.8e-05	1.28407e-17
-9.6e-06	-4.8e-05	5.10695e-18
-6.4e-06	-4.8e-05	5.65125e-17
-3.2e-06	-4.8e-05	-6.88472e-17
0	-4.8e-05	1.61474e-16
3.2e-06	-4.8e-05	2.24463e-17
6.4e-06	-4.8e-05	6.06247e-17
9.6e-06	-4.8e-05	4.84316e-18
1.28e-05	-4.8e-05	-8.89197e-19
1.6e-05	-4.8e-05	-2.35614e-17
1.92e-05	-4.8e-05	-4.10324e-17
2.24e-05	-4.8e-05	-9.32971e-17
2.56e-05	-4.8e-05	3.42876e-17
2.88e-05	-4.8e-05	-1.2668e-16
3.2e-05	-4.8e-05	8.45099e-17
3.52e-05	-4.8e-05	6.48793e-18
3.84e-05	-4.8e-05	8.62735e-17
4.16e-05	-4.8e-05	7.97969e-17
4.48e-05	-4.8e-05	4.78925e-18
4.8e-05	-4.8e-05	-1.19255e-16
5.12e-05	-4.8e-05	-2.56226e-17
5.44e-05	-4.8e-05	1.41118e-17
5.76e-05	-4.8e-05	-7.55424e-17
6.08e-05	-4.8e-05	5.44802e-17
-6.4e-05	-4.48e-05	-3.03327e-17
-6.08e-05	-4.48e-05	1.00925e-16
-5.76e-05	-4.48e-05	-1.26377e-16
-5.44e-05	-4.48e-05	3.70645e-17
-5.12e-05	-4.48e-05	-9.69806e-17
-4.8e-05	-4.48e-05	2.06491e-17
-4.48e-05	-4.48e-05	-5.02522e-17
-4.16e-05	-4.48e-05	2.20226e-16
-3.84e-05	-4.48e-05	-1.38213e-16
-3.52e-05	-4.48e-05	-3.83624e-17
-3.2e-05	-4.48e-05	1.41018e-17
-2.88e-05	-4.48e-05	-3.64308e-17
-2.56e-05	-4.48e-05	-4.65522e-17
-2.24e-05	-4.48e-05	-6.39511e-17
-1.92e-05	-4.48e-05	-9.38797e-17
-1.6e-05	-4.48e-05	4.98219e-17
-1.28e-05	-4.48e-05	-2.19753e-19
-9.6e-06	-4.48e-05	2.2692e-17
-6.4e-06	-4.48e-05	-1.3811e-17
-3.2e-06	-4.48e-05	1.1917e-16
0	-4.48e-05	-3.62852e-17
3.2e-06	-4.48e-05	1.93519e-17
6.4e-06	-4.48e-05	2.63964e-17
9.6e-06	-4.48e-05	6.50074e-17
1.28e-05	-4.48e-05	-9.6383e-17
1.6e-05	-4.48e-05	2.86574e-17
1.92e-05	-4.48e-05	-7.11241e-17
2.24e-05	-4.48e-05	-2.08942e-17
2.56e-05	-4.48e-05	-1.12859e-16
2.88e-05	-4.48e-05	7.21626e-17
3.2e-05	-4.48e-05	-1.38508e-17
3.52e-05	-4.48e-05	1.30567e-16
3.84e-05	-4.48e-05	-1.91654e-17
4.16e-05	-4.48e-05	6.50022e-17
4.48e-05	-4.48e-05	9.70935e-17
4.8e-05	-4.48e-05	5.29604e-17
5.12e-05	-4.48e-05	1.26002e-16
5.44e-05	-4.48e-05	-6.52973e-17
5.76e-05	-4.48e-05	3.71385e-17
6.08e-05	-4.48e-05	-4.63042e-17
-6.4e-05	-4.16e-05	1.41873e-16
-6.08e-05	-4.16e-05	-7.47637e-17
-5.76e-05	-4.16e-05	1.46478e-16
-5.44e-05	-4.16e-05	-2.56697e-17
-5.12e-05	-4.16e-05	1.78279e-16
-4.8e-05	-4.16e-05	-5.81025e-17
-4.48e-05	-4.16e-05	1.6012e-16
-4.16e-05	-4.16e-05	-1.25795e-16
-3.84e-05	-4.16e-05	-1.18291e-16
-3.52e-05	-4.16e-05	3.11163e-17
-3.2e-05	-4.16e-05	4.12535e-17
-2.88e-05	-4.16e-05	1.64889e-17
-2.56e-05	-4.16e-05	-2.14394e-18
-2.24e-05	-4.16e-05	-7.90751e-17
-1.92e-05	-4.16e-05	8.89737e-17
-1.6e-05	-4.16e-05	1.59125e-16
-1.28e-05	-4.16e-05	3.02643e-16
-9.6e-06	-4.16e-05	3.26495e-16
-6.4e-06	-4.16e-05	3.86688e-16
-3.2e-06	-4.16e-05	3.18651e-16
0	-4.16e-05	3.88718e-16
3.2e-06	-4.16e-05	3.34767e-16
6.4e-06	-4.16e-05	2.60802e-16
9.6e-06	-4.16e-05	9.72124e-17
1.28e-05	-4.16e-05	1.14449e-16
1.6e-05	-4.16e-05	-8.86361e-17
1.92e-05	-4.16e-05	3.9697e-17
2.24e-05	-4.16e-05	-1.54669e-16
2.56e-05	-4.16e-05	5.47627e-17
2.88e-05	-4.16e-05	-5.12744e-17
3.2e-05	-4.16e-05	1.4899e-16
3.52e-05	-4.16e-05	5.02481e-17
3.84e-05	-4.16e-05	1.17506e-16
4.16e-05	-4.16e-05	2.99615e-17
4.48e-05	-4.16e-05	-7.12868e-18
4.8e-05	-4.16e-05	8.26864e-17
5.12e-05	-4.16e-05	-6.3485e-17
5.44e-05	-4.16e-05	4.7059e-17
5.76e-05	-4.16e-05	-5.96922e-17
6.08e-05	-4.16e-05	1.80955e-16
-6.4e-05	-3.84e-05	-5.43064e-17
-6.08e-05	-3.84e-05	1.84114e-16
-5.76e-05	-3.84e-05	-5.78965e-17
-5.44e-05	-3.84e-05	1.62331e-16
-5.12e-05	-3.84e-05	-1.31098e-16
-4.8e-05	-3.84e-05	2.53925e-17
-4.48e-05	-3.84e-05	-1.26192e-16
-4.16e-05	-3.84e-05	-1.53406e-16
-3.84e-05	-3.84e-05	6.6484e-17
-3.52e-05	-3.84e-05	8.79528e-18
-3.2e-05	-3.84e-05	9.77574e-17
-2.88e-05	-3.84e-05	-4.29735e-17
-2.56e-05	-3.84e-05	-3.38011e-17
-2.24e-05	-3.84e-05	3.55538e-16
-1.92e-05	-3.84e-05	5.4212e-15
-1.6e-05	-3.84e-05	1.61167e-14
-1.28e-05	-3.84e-05	2.47932e-14
-9.6e-06	-3.84e-05	3.10874e-14
-6.4e-06	-3.84e-05	3.52323e-14
-3.2e-06	-3.84e-05	3.8046e-14
0	-3.84e-05	3.88717e-14
3.2e-06	-3.84e-05	3.7021e-14
6.4e-06	-3.84e-05	3.14643e-14
9.6e-06	-3.84e-05	2.16732e-14
1.28e-05	-3.84e-05	8.77423e-15
1.6e-05	-3.84e-05	5.86032e-16
1.92e-05	-3.84e-05	-8.47772e-17
2.24e-05	-3.84e-05	8.5373e-17
2.56e-05	-3.84e-05	-1.14053e-16
2.88e-05	-3.84e-05	6.35605e-17
3.2e-05	-3.84e-05	-7.25869e-19
3.52e-05	-3.84e-05	1.1241e-16
3.84e-05	-3.84e-05	4.08135e-17
4.16e-05	-3.84e-05	6.1974e-17
4.48e-05	-3.84e-05	-2.9758e-17
4.8e-05	-3.84e-05	1.59915e-17
5.12e-05	-3.84e-05	4.87809e-17
5.44e-05	-3.84e-05	-5.67314e-17
5.76e-05	-3.84e-05	7.32667e-17
6.08e-05	-3.84e-05	-1.16138e-16
-6.4e-05	-3.52e-05	1.10153e-16
-6.08e-05	-3.52e-05	-1.05287e-16
-5.76e-05	-3.52e-05	7.55848e-17
-5.44e-05	-3.52e-05	-1.46298e-16
-5.12e-05	-3.52e-05	-1.71558e-18
-4.8e-05	-3.52e-05	-4.21992e-17
-4.48e-05	-3.52e-05	-6.75844e-17
-4.16e-05	-3.52e-05	1.54703e-16
-3.84e-05	-3.52e-05	6.08354e-18
-3.52e-05	-3.52e-05	1.08142e-16
-3.2e-05	-3.52e-05	-1.21953e-16
-2.88e-05	-3.52e-05	-7.82304e-17
-2.56e-05	-3.52e-05	9.38053e-16
-2.24e-05	-3.52e-05	2.93852e-14
-1.92e-05	-3.52e-05	5.67521e-13
-1.6e-05	-3.52e-05	1.70929e-12
-1.28e-05	-3.52e-05	2.64263e-12
-9.6e-06	-3.52e-05	3.31219e-12
-6.4e-06	-3.52e-05	3.76314e-12
-3.2e-06	-3.52e-05	4.04555e-12
0	-3.52e-05	4.14456e-12
3.2e-06	-3.52e-05	3.96025e-12
6.4e-06	-3.52e-05	3.36692e-12
9.6e-06	-3.52e-05	2.31639e-12
1.28e-05	-3.52e-05	9.4808e-13
1.6e-05	-3.52e-05	4.95854e-14
1.92e-05	-3.52e-05	1.74343e-15
2.24e-05	-3.52e-05	1.61823e-17
2.56e-05	-3.52e-05	1.45959e-16
2.88e-05	-3.52e-05	-2.8922e-17
3.2e-05	-3.52e-05	-6.12978e-17
3.52e-05	-3.52e-05	-1.31553e-16
3.84e-05	-3.52e-05	3.22439e-17
4.16e-05	-3.52e-05	-4.52338e-17
4.48e-05	-3.52e-05	1.54684e-16
4.8e-05	-3.52e-05	5.40367e-17
5.12e-05	-3.52e-05	5.14794e-17
5.44e-05	-3.52e-05	-1.34385e-17
5.76e-05	-3.52e-05	-7.6276e-17
6.08e-05	-3.52e-05	2.20686e-17
-6.4e-05	-3.2e-05	-4.00997e-17
-6.08e-05	-3.2e-05	6.21081e-17
-5.76e-05	-3.2e-05	-9.66946e-17
-5.44e-05	-3.2e-05	2.31853e-17
-5.12e-05	-3.2e-05	1.45732e-17
-4.8e-05	-3.2e-05	-2.83342e-17
-4.48e-05	-3.2e-05	1.4668e-16
-4.16e-05	-3.2e-05	-4.66822e-17
-3.84e-05	-3.2e-05	7.19887e-17
-3.52e-05	-3.2e-05	-9.15483e-17
-3.2e-05	-3.2e-05	-9.74251e-17
-2.88e-05	-3.2e-05	1.47352e-15
-2.56e-05	-3.2e-05	7.11641e-14
-2.24e-05	-3.2e-05	2.61548e-12
-1.92e-05	-3.2e-05	5.98659e-11
-1.6e-05	-3.2e-05	1.82348e-10
-1.28e-05	-3.2e-05	2.81877e-10
-9.6e-06	-3.2e-05	3.53182e-10
-6.4e-06	-3.2e-05	4.01178e-10
-3.2e-06	-3.2e-05	4.31314e-10
0	-3.2e-05	4.41946e-10
3.2e-06	-3.2e-05	4.22434e-10
6.4e-06	-3.2e-05	3.59267e-10
9.6e-06	-3.2e-05	2.47175e-10
1.28e-05	-3.2e-05	1.00563e-10
1.6e-05	-3.2e-05	4.44747e-12
1.92e-05	-3.2e-05	1.21522e-13
2.24e-05	-3.2e-05	2.8003e-15
2.56e-05	-3.2e-05	7.81631e-17
2.88e-05	-3.2e-05	6.59525e-17
3.2e-05	-3.2e-05	-1.04621e-16
3.52e-05	-3.2e-05	-9.31105e-17
3.84e-05	-3.2e-05	-1.19067e-16
4.16e-05	-3.2e-05	4.27189e-18
4.48e-05	-3.2e-05	-2.46797e-17
4.8e-05	-3.2e-05	6.26018e-17
5.12e-05	-3.2e-05	-8.69704e-17
5.44e-05	-3.2e-05	6.89259e-17
5.76e-05	-3.2e-05	3.65294e-17
6.08e-05	-3.2e-05	-7.11923e-18
-6.4e-05	-2.88e-05	1.61329e-17
-6.08e-05	-2.88e-05	-4.63597e-17
-5.76e-05	-2.88e-05	-1.10849e-17
-5.44e-05	-2.88e-05	6.79554e-17
-5.12e-05	-2.88e-05	-5.99958e-17
-4.8e-05	-2.88e-05	8.59481e-17
-4.48e-05	-2.88e-05	-1.03112e-16
-4.16e-05	-2.88e-05	2.42881e-17
-3.84e-05	-2.88e-05	-1.45028e-17
-3.52e-05	-2.88e-05	-7.58395e-17
-3.2e-05	-2.88e-05	1.53222e-15
-2.88e-05	-2.88e-05	9.38127e-14
-2.56e-05	-2.88e-05	5.10794e-12
-2.24e-05	-2.88e-05	2.24006e-10
-1.92e-05	-2.88e-05	6.31437e-09
-1.6e-05	-2.88e-05	1.94549e-08
-1.28e-05	-2.88e-05	3.00664e-08
-9.6e-06	-2.88e-05	3.76602e-08
-6.4e-06	-2.88e-05	4.27695e-08
-3.2e-06	-2.88e-05	4.59825e-08
0	-2.88e-05	4.71262e-08
3.2e-06	-2.88e-05	4.50604e-08
6.4e-06	-2.88e-05	3.83342e-08
9.6e-06	-2.88e-05	2.63748e-08
1.28e-05	-2.88e-05	1.0666e-08
1.6e-05	-2.88e-05	3.82144e-10
1.92e-05	-2.88e-05	8.74483e-12
2.24e-05	-2.88e-05	1.60957e-13
2.56e-05	-2.88e-05	2.66555e-15
2.88e-05	-2.88e-05	-8.14505e-17
3.2e-05	-2.88e-05	7.07648e-18
3.52e-05	-2.88e-05	-1.00579e-16
3.84e-05	-2.88e-05	-2.01756e-17
4.16e-05	-2.88e-05	-2.85757e-18
4.48e-05	-2.88e-05	-4.87869e-17
4.8e-05	-2.88e-05	-5.61695e-17
5.12e-05	-2.88e-05	5.31164e-18
5.44e-05	-2.88e-05	-2.00258e-18
5.76e-05	-2.88e-05	-6.59865e-17
6.08e-05	-2.88e-05	-4.76815e-17
-6.4e-05	-2.56e-05	-3.11238e-17
-6.08e-05	-2.56e-05	-3.4306e-17
-5.76e-05	-2.56e-05	7.85523e-17
-5.44e-05	-2.56e-05	-7.85426e-18
-5.12e-05	-2.56e-05	-4.44963e-18
-4.8e-05	-2.56e-05	-4.92279e-17
-4.48e-05	-2.56e-05	-4.28152e-17
-4.16e-05	-2.56e-05	3.05873e-17
-3.84e-05	-2.56e-05	-8.78149e-17
-3.52e-05	-2.56e-05	9.50854e-16
-3.2e-05	-2.56e-05	7.03713e-14
-2.88e-05	-2.56e-05	5.07815e-12
-2.56e-05	-2.56e-05	3.30424e-10
-2.24e-05	-2.56e-05	1.79993e-08
-1.92e-05	-2.56e-05	6.6584e-07
-1.6e-05	-2.56e-05	2.07575e-06
-1.28e-05	-2.56e-05	3.20705e-06
-9.6e-06	-2.56e-05	4.01575e-06
-6.4e-06	-2.56e-05	4.55963e-06
-3.2e-06	-2.56e-05	4.9022e-06
0	-2.56e-05	5.02522e-06
3.2e-06	-2.56e-05	4.80653e-06
6.4e-06	-2.56e-05	4.09033e-06
9.6e-06	-2.56e-05	2.81438e-06
1.28e-05	-2.56e-05	1.1312e-06
1.6e-05	-2.56e-05	3.08119e-08
1.92e-05	-2.56e-05	5.67032e-10
2.24e-05	-2.56e-05	8.72307e-12
2.56e-05	-2.56e-05	1.2088e-13
2.88e-05	-2.56e-05	1.54521e-15
3.2e-05	-2.56e-05	-1.29337e-16
3.52e-05	-2.56e-05	3.87641e-17
3.84e-05	-2.56e-05	-5.53594e-17
4.16e-05	-2.56e-05	-4.94033e-17
4.48e-05	-2.56e-05	1.72287e-17
4.8e-05	-2.56e-05	-3.67314e-17
5.12e-05	-2.56e-05	-2.48218e-17
5.44e-05	-2.56e-05	-9.61728e-17
5.76e-05	-2.56e-05	-9.36507e-18
6.08e-05	-2.56e-05	-8.47126e-17
-6.4e-05	-2.24e-05	-1.62583e-17
-6.08e-05	-2.24e-05	2.65071e-17
-5.76e-05	-2.24e-05	2.38437e-17
-5.44e-05	-2.24e-05	-6.31856e-17
-5.12e-05	-2.24e-05	-1.94049e-17
-4.8e-05	-2.24e-05	-6.34562e-18
-4.48e-05	-2.24e-05	8.12827e-17
-4.16e-05	-2.24e-05	-9.57839e-18
-3.84e-05	-2.24e-05	3.86579e-16
-3.52e-05	-2.24e-05	2.84809e-14
-3.2e-05	-2.24e-05	2.5599e-12
-2.88e-05	-2.24e-05	2.20776e-10
-2.56e-05	-2.24e-05	1.78662e-08
-2.24e-05	-2.24e-05	1.28787e-06
-1.92e-05	-2.24e-05	7.01932e-05
-1.6e-05	-2.24e-05	0.000221481
-1.28e-05	-2.24e-05	0.000342083
-9.6e-06	-2.24e-05	0.000428204
-6.4e-06	-2.24e-05	0.000486099
-3.2e-06	-2.24e-05	0.000522623
0	-2.24e-05	0.000535855
3.2e-06	-2.24e-05	0.000512706
6.4e-06	-2.24e-05	0.000436446
9.6e-06	-2.24e-05	0.000300322
1.28e-05	-2.24e-05	0.000119963
1.6e-05	-2.24e-05	2.21324e-06
1.92e-05	-2.24e-05	3.07359e-08
2.24e-05	-2.24e-05	3.79782e-10
2.56e-05	-2.24e-05	4.40128e-12
2.88e-05	-2.24e-05	4.88434e-14
3.2e-05	-2.24e-05	5.21201e-16
3.52e-05	-2.24e-05	-7.26533e-17
3.84e-05	-2.24e-05	5.24058e-17
4.16e-05	-2.24e-05	5.39263e-17
4.48e-05	-2.24e-05	3.97005e-17
4.8e-05	-2.24e-05	2.94046e-17
5.12e-05	-2.24e-05	-1.94174e-17
5.44e-05	-2.24e-05	2.17433e-17
5.76e-05	-2.24e-05	-6.01191e-17
6.08e-05	-2.24e-05	4.01969e-17
-6.4e-05	-1.92e-05	1.7179e-17
-6.08e-05	-1.92e-05	1.03498e-16
-5.76e-05	-1.92e-05	-3.76216e-17
-5.44e-05	-1.92e-05	5.58555e-18
-5.12e-05	-1.92e-05	1.0604e-17
-4.8e-05	-1.92e-05	1.0921e-16
-4.48e-05	-1.92e-05	6.51613e-17
-4.16e-05	-1.92e-05	1.19294e-16
-3.84e-05	-1.92e-05	4.99832e-15
-3.52e-05	-1.92e-05	5.34257e-13
-3.2e-05	-1.92e-05	5.70678e-11
-2.88e-05	-1.92e-05	6.09683e-09
-2.56e-05	-1.92e-05	6.51394e-07
-2.24e-05	-1.92e-05	6.96002e-05
-1.92e-05	-1.92e-05	0.00739776
-1.6e-05	-1.92e-05	0.0236328
-1.28e-05	-1.92e-05	0.0364885
-9.6e-06	-1.92e-05	0.0456598
-6.4e-06	-1.92e-05	0.0518226
-3.2e-06	-1.92e-05	0.0557167
0	-1.92e-05	0.0571398
3.2e-06	-1.92e-05	0.0546897
6.4e-06	-1.92e-05	0.0465698
9.6e-06	-1.92e-05	0.0320481
1.28e-05	-1.92e-05	0.0127213
1.6e-05	-1.92e-05	0.000120276
1.92e-05	-1.92e-05	1.12296e-06
2.24e-05	-1.92e-05	1.04856e-08
2.56e-05	-1.92e-05	9.79181e-11
2.88e-05	-1.92e-05	9.14408e-13
3.2e-05	-1.92e-05	8.42211e-15
3.52e-05	-1.92e-05	1.52214e-16
3.84e-05	-1.92e-05	1.6955e-18
4.16e-05	-1.92e-05	8.06836e-17
4.48e-05	-1.92e-05	1.0545e-16
4.8e-05	-1.92e-05	8.10947e-17
5.12e-05	-1.92e-05	2.16556e-17
5.44e-05	-1.92e-05	-8.15846e-18
5.76e-05	-1.92e-05	5.51199e-17
6.08e-05	-1.92e-05	4.20011e-18
-6.4e-05	-1.6e-05	1.03217e-16
-6.08e-05	-1.6e-05	-4.12544e-17
-5.76e-05	-1.6e-05	4.99727e-17
-5.44e-05	-1.6e-05	3.22249e-17
-5.12e-05	-1.6e-05	1.55267e-16
-4.8e-05	-1.6e-05	2.22158e-16
-4.48e-05	-1.6e-05	2.50681e-16
-4.16e-05	-1.6e-05	3.95486e-16
-3.84e-05	-1.6e-05	8.88131e-15
-3.52e-05	-1.6e-05	8.99794e-13
-3.2e-05	-1.6e-05	9.61845e-11
-2.88e-05	-1.6e-05	1.02886e-08
-2.56e-05	-1.6e-05	1.10056e-06
-2.24e-05	-1.6e-05	0.000117727
-1.92e-05	-1.6e-05	0.0124894
-1.6e-05	-1.6e-05	0.0364393
-1.28e-05	-1.6e-05	0.0547282
-9.6e-06	-1.6e-05	0.0668817
-6.4e-06	-1.6e-05	0.0747629
-3.2e-06	-1.6e-05	0.0804128
0	-1.6e-05	0.0838056
3.2e-06	-1.6e-05	0.0821752
6.4e-06	-1.6e-05	0.0715482
9.6e-06	-1.6e-05	0.0496372
1.28e-05	-1.6e-05	0.0182034
1.6e-05	-1.6e-05	0.000171918
1.92e-05	-1.6e-05	1.60747e-06
2.24e-05	-1.6e-05	1.50303e-08
2.56e-05	-1.6e-05	1.40537e-10
2.88e-05	-1.6e-05	1.31453e-12
3.2e-05	-1.6e-05	1.28035e-14
3.52e-05	-1.6e-05	5.66075e-16
3.84e-05	-1.6e-05	4.46857e-16
4.16e-05	-1.6e-05	3.40699e-16
4.48e-05	-1.6e-05	2.4732e-16
4.8e-05	-1.6e-05	8.44892e-17
5.12e-05	-1.6e-05	5.30775e-18
5.44e-05	-1.6e-05	-7.64537e-18
5.76e-05	-1.6e-05	2.61084e-17
6.08e-05	-1.6e-05	3.7309e-17
-6.4e-05	-1.28e-05	2.98576e-17
-6.08e-05	-1.28e-05	4.40295e-17
-5.76e-05	-1.28e-05	1.28915e-16
-5.44e-05	-1.28e-05	4.61068e-16
-5.12e-05	-1.28e-05	6.02122e-15
-4.8e-05	-1.28e-05	1.79542e-14
-4.48e-05	-1.28e-05	2.99104e-14
-4.16e-05	-1.28e-05	4.08844e-14
-3.84e-05	-1.28e-05	5.93179e-14
-3.52e-05	-1.28e-05	9.62598e-13
-3.2e-05	-1.28e-05	9.66276e-11
-2.88e-05	-1.28e-05	1.03244e-08
-2.56e-05	-1.28e-05	1.1039e-06
-2.24e-05	-1.28e-05	0.000118033
-1.92e-05	-1.28e-05	0.0124896
-1.6e-05	-1.28e-05	0.0333447
-1.28e-05	-1.28e-05	0.046719
-9.6e-06	-1.28e-05	0.0528003
-6.4e-06	-1.28e-05	0.0556952
-3.2e-06	-1.28e-05	0.0597834
0	-1.28e-05	0.0659047
3.2e-06	-1.28e-05	0.0700319
6.4e-06	-1.28e-05	0.0654735
9.6e-06	-1.28e-05	0.0473775
1.28e-05	-1.28e-05	0.0166921
1.6e-05	-1.28e-05	0.000157569
1.92e-05	-1.28e-05	1.4748e-06
2.24e-05	-1.28e-05	1.38039e-08
2.56e-05	-1.28e-05	1.29268e-10
2.88e-05	-1.28e-05	1.2704e-12
3.2e-05	-1.28e-05	6.59632e-14
3.52e-05	-1.28e-05	4.67444e-14
3.84e-05	-1.28e-05	3.76809e-14
4.16e-05	-1.28e-05	2.76385e-14
4.48e-05	-1.28e-05	1.70636e-14
4.8e-05	-1.28e-05	6.62129e-15
5.12e-05	-1.28e-05	3.46672e-16
5.44e-05	-1.28e-05	6.50417e-17
5.76e-05	-1.28e-05	-3.32186e-17
6.08e-05	-1.28e-05	2.4363e-17
-6.4e-05	-9.6e-06	-2.81668e-17
-6.08e-05	-9.6e-06	1.34254e-16
-5.76e-05	-9.6e-06	9.60242e-16
-5.44e-05	-9.6e-06	3.25383e-14
-5.12e-05	-9.6e-06	6.29621e-13
-4.8e-05	-9.6e-06	1.93061e-12
-4.48e-05	-9.6e-06	3.18763e-12
-4.16e-05	-9.6e-06	4.35674e-12
-3.84e-05	-9.6e-06	5.42045e-12
-3.52e-05	-9.6e-06	6.92653e-12
-3.2e-05	-9.6e-06	6.96857e-11
-2.88e-05	-9.6e-06	6.68302e-09
-2.56e-05	-9.6e-06	7.12141e-07
-2.24e-05	-9.6e-06	7.59727e-05
-1.92e-05	-9.6e-06	0.00799735
-1.6e-05	-9.6e-06	0.018
-1.28e-05	-9.6e-06	0.0183578
-9.6e-06	-9.6e-06	0.0106618
-6.4e-06	-9.6e-06	0.00247777
-3.2e-06	-9.6e-06	0.0017454
0	-9.6e-06	0.0110002
3.2e-06	-9.6e-06	0.0251345
6.4e-06	-9.6e-06	0.0341938
9.6e-06	-9.6e-06	0.0296727
1.28e-05	-9.6e-06	0.010539
1.6e-05	-9.6e-06	9.96666e-05
1.92e-05	-9.6e-06	9.35475e-07
2.24e-05	-9.6e-06	8.78779e-09
2.56e-05	-9.6e-06	8.94888e-11
2.88e-05	-9.6e-06	7.29953e-12
3.2e-05	-9.6e-06	5.82772e-12
3.52e-05	-9.6e-06	4.9739e-12
3.84e-05	-9.6e-06	4.00606e-12
4.16e-05	-9.6e-06	2.94376e-12
4.48e-05	-9.6e-06	1.82e-12
4.8e-05	-9.6e-06	7.02268e-13
5.12e-05	-9.6e-06	3.66354e-14
5.44e-05	-9.6e-06	1.13574e-15
5.76e-05	-9.6e-06	-1.11621e-17
6.08e-05	-9.6e-06	-3.61605e-17
-6.4e-05	-6.4e-06	2.57423e-17
-6.08e-05	-6.4e-06	1.64647e-15
-5.76e-05	-6.4e-06	7.87871e-14
-5.44e-05	-6.4e-06	2.89793e-12
-5.12e-05	-6.4e-06	6.641e-11
-4.8e-05	-6.4e-06	2.0577e-10
-4.48e-05	-6.4e-06	3.39786e-10
-4.16e-05	-6.4e-06	4.64363e-10
-3.84e-05	-6.4e-06	5.77168e-10
-3.52e-05	-6.4e-06	6.75978e-10
-3.2e-05	-6.4e-06	7.79523e-10
-2.88e-05	-6.4e-06	3.07002e-09
-2.56e-05	-6.4e-06	2.37064e-07
-2.24e-05	-6.4e-06	2.48263e-05
-1.92e-05	-6.4e-06	0.0025528
-1.6e-05	-6.4e-06	0.001649
-1.28e-05	-6.4e-06	-0.0128122
-9.6e-06	-6.4e-06	-0.0372977
-6.4e-06	-6.4e-06	-0.0596574
-3.2e-06	-6.4e-06	-0.0673125
0	-6.4e-06	-0.0552931
3.2e-06	-6.4e-06	-0.0295606
6.4e-06	-6.4e-06	-0.0037388
9.6e-06	-6.4e-06	0.00902237
1.28e-05	-6.4e-06	0.00458352
1.6e-05	-6.4e-06	4.39893e-05
1.92e-05	-6.4e-06	4.18494e-07
2.24e-05	-6.4e-06	4.76134e-09
2.56e-05	-6.4e-06	7.91863e-10
2.88e-05	-6.4e-06	6.95961e-10
3.2e-05	-6.4e-06	6.20413e-10
3.52e-05	-6.4e-06	5.3015e-10
3.84e-05	-6.4e-06	4.27013e-10
4.16e-05	-6.4e-06	3.13751e-10
4.48e-05	-6.4e-06	1.93952e-10
4.8e-05	-6.4e-06	7.43846e-11
5.12e-05	-6.4e-06	3.27912e-12
5.44e-05	-6.4e-06	8.94136e-14
5.76e-05	-6.4e-06	1.97723e-15
6.08e-05	-6.4e-06	-5.92752e-18
-6.4e-05	-3.2e-06	1.78082e-15
-6.08e-05	-3.2e-06	1.03761e-13
-5.76e-05	-3.2e-06	5.65515e-12
-5.44e-05	-3.2e-06	2.48129e-10
-5.12e-05	-3.2e-06	7.00113e-09
-4.8e-05	-3.2e-06	2.19332e-08
-4.48e-05	-3.2e-06	3.62188e-08
-4.16e-05	-3.2e-06	4.94966e-08
-3.84e-05	-3.2e-06	6.152e-08
-3.52e-05	-3.2e-06	7.20304e-08
-3.2e-05	-3.2e-06	8.08207e-08
-2.88e-05	-3.2e-06	8.87987e-08
-2.56e-05	-3.2e-06	1.97666e-07
-2.24e-05	-3.2e-06	1.04909e-05
-1.92e-05	-3.2e-06	0.00100729
-1.6e-05	-3.2e-06	-0.00212035
-1.28e-05	-3.2e-06	-0.0263767
-9.6e-06	-3.2e-06	-0.0653127
-6.4e-06	-3.2e-06	-0.101196
-3.2e-06	-3.2e-06	-0.116214
0	-3.2e-06	-0.102581
3.2e-06	-3.2e-06	-0.0668534
6.4e-06	-3.2e-06	-0.0263984
9.6e-06	-3.2e-06	0.000233248
1.28e-05	-3.2e-06	0.00441795
1.6e-05	-3.2e-06	4.3759e-05
1.92e-05	-3.2e-06	5.08245e-07
2.24e-05	-3.2e-06	8.88862e-08
2.56e-05	-3.2e-06	8.04293e-08
2.88e-05	-3.2e-06	7.4144e-08
3.2e-05	-3.2e-06	6.61291e-08
3.52e-05	-3.2e-06	5.65084e-08
3.84e-05	-3.2e-06	4.55148e-08
4.16e-05	-3.2e-06	3.34414e-08
4.48e-05	-3.2e-06	2.06683e-08
4.8e-05	-3.2e-06	7.87835e-09
5.12e-05	-3.2e-06	2.81514e-10
5.44e-05	-3.2e-06	6.43422e-12
5.76e-05	-3.2e-06	1.18246e-13
6.08e-05	-3.2e-06	3.00558e-15
-6.4e-05	0	7.78112e-14
-6.08e-05	0	5.61791e-12
-5.76e-05	0	3.65696e-10
-5.44e-05	0	1.99308e-08
-5.12e-05	0	7.37897e-07
-4.8e-05	0	2.33796e-06
-4.48e-05	0	3.86067e-06
-4.16e-05	0	5.27587e-06
-3.84e-05	0	6.5574e-06
-3.52e-05	0	7.67764e-06
-3.2e-05	0	8.61346e-06
-2.88e-05	0	9.35972e-06
-2.56e-05	0	1.06446e-05
-2.24e-05	0	8.71161e-05
-1.92e-05	0	0.00798701
-1.6e-05	0	0.0164936
-1.28e-05	0	-0.00965362
-9.6e-06	0	-0.0577329
-6.4e-06	0	-0.10372
-3.2e-06	0	-0.125
0	0	-0.111263
3.2e-06	0	-0.0693145
6.4e-06	0	-0.0196141
9.6e-06	0	0.0137531
1.28e-05	0	0.0151979
1.6e-05	0	0.000169936
1.92e-05	0	1.09161e-05
2.24e-05	0	9.05734e-06
2.56e-05	0	8.56875e-06
2.88e-05	0	7.9029e-06
3.2e-05	0	7.04866e-06
3.52e-05	0	6.0232e-06
3.84e-05	0	4.85137e-06
4.16e-05	0	3.56439e-06
4.48e-05	0	2.20254e-06
4.8e-05	0	8.34364e-07
5.12e-05	0	2.26772e-08
5.44e-05	0	4.16866e-10
5.76e-05	0	6.40801e-12
6.08e-05	0	1.20266e-13
-6.4e-05	3.2e-06	2.82981e-12
-6.08e-05	3.2e-06	2.4408e-10
-5.76e-05	3.2e-06	1.97632e-08
-5.44e-05	3.2e-06	1.42547e-06
-5.12e-05	3.2e-06	7.77519e-05
-4.8e-05	3.2e-06	0.000249223
-4.48e-05	3.2e-06	0.00041152
-4.16e-05	3.2e-06	0.000562357
-3.84e-05	3.2e-06	0.000698951
-3.52e-05	3.2e-06	0.000818353
-3.2e-05	3.2e-06	0.000918084
-2.88e-05	3.2e-06	0.00099688
-2.56e-05	3.2e-06	0.00105906
-2.24e-05	3.2e-06	0.00139622
-1.92e-05	3.2e-06	0.0316599
-1.6e-05	3.2e-06	0.0600018
-1.28e-05	3.2e-06	0.0347138
-9.6e-06	3.2e-06	-0.0180831
-6.4e-06	3.2e-06	-0.0695768
-3.2e-06	3.2e-06	-0.0948381
0	3.2e-06	-0.0823179
3.2e-06	3.2e-06	-0.0385127
6.4e-06	3.2e-06	0.0151098
9.6e-06	3.2e-06	0.0510572
1.28e-05	3.2e-06	0.0443552
1.6e-05	3.2e-06	0.00199528
1.92e-05	3.2e-06	0.00100571
2.24e-05	3.2e-06	0.000963822
2.56e-05	3.2e-06	0.000913307
2.88e-05	3.2e-06	0.000842362
3.2e-05	3.2e-06	0.000751313
3.52e-05	3.2e-06	0.00064201
3.84e-05	3.2e-06	0.000517102
4.16e-05	3.2e-06	0.000379914
4.48e-05	3.2e-06	0.00023472
4.8e-05	3.2e-06	8.83575e-05
5.12e-05	3.2e-06	1.6271e-06
5.44e-05	3.2e-06	2.2571e-08
5.76e-05	3.2e-06	2.78642e-10
6.08e-05	3.2e-06	3.81505e-12
-6.4e-05	6.4e-06	6.29667e-11
-6.08e-05	6.4e-06	6.72925e-09
-5.76e-05	6.4e-06	7.19696e-07
-5.44e-05	6.4e-06	7.69781e-05
-5.12e-05	6.4e-06	0.00819048
-4.8e-05	6.4e-06	0.0265676
-4.48e-05	6.4e-06	0.0438651
-4.16e-05	6.4e-06	0.0599419
-3.84e-05	6.4e-06	0.074501
-3.52e-05	6.4e-06	0.0872276
-3.2e-05	6.4e-06	0.0978566
-2.88e-05	6.4e-06	0.106249
-2.56e-05	6.4e-06	0.112584
-2.24e-05	6.4e-06	0.117964
-1.92e-05	6.4e-06	0.126246
-1.6e-05	6.4e-06	0.121635
-1.28e-05	6.4e-06	0.0860489
-9.6e-06	6.4e-06	0.0309639
-6.4e-06	6.4e-06	-0.0204954
-3.2e-06	6.4e-06	-0.0463389
0	6.4e-06	-0.0359483
3.2e-06	6.4e-06	0.00526089
6.4e-06	6.4e-06	0.0585678
9.6e-06	6.4e-06	0.100799
1.28e-05	6.4e-06	0.116009
1.6e-05	6.4e-06	0.109284
1.92e-05	6.4e-06	0.106225
2.24e-05	6.4e-06	0.102718
2.56e-05	6.4e-06	0.0973471
2.88e-05	6.4e-06	0.0897865
3.2e-05	6.4e-06	0.080082
3.52e-05	6.4e-06	0.0684314
3.84e-05	6.4e-06	0.0551173
4.16e-05	6.4e-06	0.0404936
4.48e-05	6.4e-06	0.0250142
4.8e-05	6.4e-06	0.00935619
5.12e-05	6.4e-06	8.82587e-05
5.44e-05	6.4e-06	8.22838e-07
5.76e-05	6.4e-06	7.67221e-09
6.08e-05	6.4e-06	7.24975e-11
-6.4e-05	9.6e-06	1.0068e-10
-6.08e-05	9.6e-06	1.06211e-08
-5.76e-05	9.6e-06	1.13609e-06
-5.44e-05	9.6e-06	0.00012167
-5.12e-05	9.6e-06	0.0129224
-4.8e-05	9.6e-06	0.0382449
-4.48e-05	9.6e-06	0.0625833
-4.16e-05	9.6e-06	0.0853699
-3.84e-05	9.6e-06	0.106051
-3.52e-05	9.6e-06	0.124119
-3.2e-05	9.6e-06	0.139127
-2.88e-05	9.6e-06	0.150689
-2.56e-05	9.6e-06	0.158443
-2.24e-05	9.6e-06	0.161828
-1.92e-05	9.6e-06	0.159021
-1.6e-05	9.6e-06	0.142269
-1.28e-05	9.6e-06	0.105965
-9.6e-06	9.6e-06	0.058063
-6.4e-06	9.6e-06	0.0150978
-3.2e-06	9.6e-06	-0.00665376
0	9.6e-06	0.000874195
3.2e-06	9.6e-06	0.0338237
6.4e-06	9.6e-06	0.0784459
9.6e-06	9.6e-06	0.117915
1.28e-05	9.6e-06	0.140954
1.6e-05	9.6e-06	0.14824
1.92e-05	9.6e-06	0.149035
2.24e-05	9.6e-06	0.145557
2.56e-05	9.6e-06	0.138367
2.88e-05	9.6e-06	0.127745
3.2e-05	9.6e-06	0.113972
3.52e-05	9.6e-06	0.0973916
3.84e-05	9.6e-06	0.0784126
4.16e-05	9.6e-06	0.057502
4.48e-05	9.6e-06	0.0351705
4.8e-05	9.6e-06	0.0119447
5.12e-05	9.6e-06	0.000112482
5.44e-05	9.6e-06	1.05027e-06
5.76e-05	9.6e-06	9.81647e-09
6.08e-05	9.6e-06	9.46826e-11
-6.4e-05	1.28e-05	1.74653e-10
-6.08e-05	1.28e-05	1.02628e-08
-5.76e-05	1.28e-05	9.50206e-07
-5.44e-05	1.28e-05	9.93605e-05
-5.12e-05	1.28e-05	0.010497
-4.8e-05	1.28e-05	0.0282755
-4.48e-05	1.28e-05	0.0458211
-4.16e-05	1.28e-05	0.0623873
-3.84e-05	1.28e-05	0.077461
-3.52e-05	1.28e-05	0.0906269
-3.2e-05	1.28e-05	0.101518
-2.88e-05	1.28e-05	0.10977
-2.56e-05	1.28e-05	0.114916
-2.24e-05	1.28e-05	0.116126
-1.92e-05	1.28e-05	0.111645
-1.6e-05	1.28e-05	0.0982703
-1.28e-05	1.28e-05	0.0747772
-9.6e-06	1.28e-05	0.0458677
-6.4e-06	1.28e-05	0.0205434
-3.2e-06	1.28e-05	0.00768913
0	1.28e-05	0.0117578
3.2e-06	1.28e-05	0.0306995
6.4e-06	1.28e-05	0.0570588
9.6e-06	1.28e-05	0.0816863
1.28e-05	1.28e-05	0.0982468
1.6e-05	1.28e-05	0.105968
1.92e-05	1.28e-05	0.107931
2.24e-05	1.28e-05	0.105975
2.56e-05	1.28e-05	0.100945
2.88e-05	1.28e-05	0.0932643
3.2e-05	1.28e-05	0.0832293
3.52e-05	1.28e-05	0.071121
3.84e-05	1.28e-05	0.0572406
4.16e-05	1.28e-05	0.0419057
4.48e-05	1.28e-05	0.0254098
4.8e-05	1.28e-05	0.00790531
5.12e-05	1.28e-05	7.4739e-05
5.44e-05	1.28e-05	7.17018e-07
5.76e-05	1.28e-05	7.78552e-09
6.08e-05	1.28e-05	2.16514e-10
-6.4e-05	1.6e-05	8.50468e-09
-6.08e-05	1.6e-05	1.53275e-07
-5.76e-05	1.6e-05	2.66127e-06
-5.44e-05	1.6e-05	4.55781e-05
-5.12e-05	1.6e-05	0.000699955
-4.8e-05	1.6e-05	0.00180768
-4.48e-05	1.6e-05	0.00292456
-4.16e-05	1.6e-05	0.00398109
-3.84e-05	1.6e-05	0.00494273
-3.52e-05	1.6e-05	0.00578265
-3.2e-05	1.6e-05	0.00647718
-2.88e-05	1.6e-05	0.00700258
-2.56e-05	1.6e-05	0.00732794
-2.24e-05	1.6e-05	0.00739794
-1.92e-05	1.6e-05	0.0070993
-1.6e-05	1.6e-05	0.00624045
-1.28e-05	1.6e-05	0.0047579
-9.6e-06	1.6e-05	0.00294609
-6.4e-06	1.6e-05	0.00136294
-3.2e-06	1.6e-05	0.000559153
0	1.6e-05	0.000811058
3.2e-06	1.6e-05	0.001992
6.4e-06	1.6e-05	0.00364025
9.6e-06	1.6e-05	0.00518889
1.28e-05	1.6e-05	0.00624368
1.6e-05	1.6e-05	0.00674854
1.92e-05	1.6e-05	0.00688158
2.24e-05	1.6e-05	0.00676018
2.56e-05	1.6e-05	0.0064405
2.88e-05	1.6e-05	0.00595087
3.2e-05	1.6e-05	0.0053107
3.52e-05	1.6e-05	0.00453809
3.84e-05	1.6e-05	0.00365229
4.16e-05	1.6e-05	0.00267353
4.48e-05	1.6e-05	0.00162211
4.8e-05	1.6e-05	0.000542007
5.12e-05	1.6e-05	3.51708e-05
5.44e-05	1.6e-05	2.05284e-06
5.76e-05	1.6e-05	1.18258e-07
6.08e-05	1.6e-05	6.96148e-09
-6.4e-05	1.92e-05	2.85886e-09
-6.08e-05	1.92e-05	3.46071e-08
-5.76e-05	1.92e-05	4.51778e-07
-5.44e-05	1.92e-05	5.25256e-06
-5.12e-05	1.92e-05	4.65218e-05
-4.8e-05	1.92e-05	0.000115651
-4.48e-05	1.92e-05	0.000186675
-4.16e-05	1.92e-05	0.000254046
-3.84e-05	1.92e-05	0.000315392
-3.52e-05	1.92e-05	0.000368974
-3.2e-05	1.92e-05	0.000413262
-2.88e-05	1.92e-05	0.000446709
-2.56e-05	1.92e-05	0.000467268
-2.24e-05	1.92e-05	0.000471274
-1.92e-05	1.92e-05	0.000451454
-1.6e-05	1.92e-05	0.000396359
-1.28e-05	1.92e-05	0.000302794
-9.6e-06	1.92e-05	0.000189221
-6.4e-06	1.92e-05	9.02319e-05
-3.2e-06	1.92e-05	3.9962e-05
0	1.92e-05	5.55592e-05
3.2e-06	1.92e-05	0.000129198
6.4e-06	1.92e-05	0.000232284
9.6e-06	1.92e-05	0.000329683
1.28e-05	1.92e-05	0.000396838
1.6e-05	1.92e-05	0.000429764
1.92e-05	1.92e-05	0.000438744
2.24e-05	1.92e-05	0.000431223
2.56e-05	1.92e-05	0.000410913
2.88e-05	1.92e-05	0.000379703
3.2e-05	1.92e-05	0.000338865
3.52e-05	1.92e-05	0.000289566
3.84e-05	1.92e-05	0.000233038
4.16e-05	1.92e-05	0.00017058
4.48e-05	1.92e-05	0.000103674
4.8e-05	1.92e-05	3.68289e-05
5.12e-05	1.92e-05	4.10638e-06
5.44e-05	1.92e-05	3.51628e-07
5.76e-05	1.92e-05	2.68623e-08
6.08e-05	1.92e-05	1.9605e-09
-6.4e-05	2.24e-05	5.59683e-10
-6.08e-05	2.24e-05	5.00867e-09
-5.76e-05	2.24e-05	5.29543e-08
-5.44e-05	2.24e-05	4.75837e-07
-5.12e-05	2.24e-05	3.08314e-06
-4.8e-05	2.24e-05	7.40364e-06
-4.48e-05	2.24e-05	1.19164e-05
-4.16e-05	2.24e-05	1.62116e-05
-3.84e-05	2.24e-05	2.0125e-05
-3.52e-05	2.24e-05	2.3543e-05
-3.2e-05	2.24e-05	2.6367e-05
-2.88e-05	2.24e-05	2.84959e-05
-2.56e-05	2.24e-05	2.97943e-05
-2.24e-05	2.24e-05	3.00206e-05
-1.92e-05	2.24e-05	2.871e-05
-1.6e-05	2.24e-05	2.5179e-05
-1.28e-05	2.24e-05	1.92736e-05
-9.6e-06	2.24e-05	1.21528e-05
-6.4e-06	2.24e-05	5.9622e-06
-3.2e-06	2.24e-05	2.81772e-06
0	2.24e-05	3.78352e-06
3.2e-06	2.24e-05	8.37617e-06
6.4e-06	2.24e-05	1.48247e-05
9.6e-06	2.24e-05	2.09512e-05
1.28e-05	2.24e-05	2.52252e-05
1.6e-05	2.24e-05	2.73675e-05
1.92e-05	2.24e-05	2.79716e-05
2.24e-05	2.24e-05	2.75066e-05
2.56e-05	2.24e-05	2.62167e-05
2.88e-05	2.24e-05	2.42274e-05
3.2e-05	2.24e-05	2.16222e-05
3.52e-05	2.24e-05	1.84766e-05
3.84e-05	2.24e-05	1.48693e-05
4.16e-05	2.24e-05	1.08847e-05
4.48e-05	2.24e-05	6.63252e-06
4.8e-05	2.24e-05	2.48459e-06
5.12e-05	2.24e-05	3.7624e-07
5.44e-05	2.24e-05	4.15519e-08
5.76e-05	2.24e-05	3.90793e-09
6.08e-05	2.24e-05	3.38714e-10
-6.4e-05	2.56e-05	8.44836e-11
-6.08e-05	2.56e-05	5.87007e-10
-5.76e-05	2.56e-05	5.24261e-09
-5.44e-05	2.56e-05	3.88394e-08
-5.12e-05	2.56e-05	2.03808e-07
-4.8e-05	2.56e-05	4.74205e-07
-4.48e-05	2.56e-05	7.60762e-07
-4.16e-05	2.56e-05	1.03454e-06
-3.84e-05	2.56e-05	1.28416e-06
-3.52e-05	2.56e-05	1.5022e-06
-3.2e-05	2.56e-05	1.68226e-06
-2.88e-05	2.56e-05	1.81774e-06
-2.56e-05	2.56e-05	1.89971e-06
-2.24e-05	2.56e-05	1.91227e-06
-1.92e-05	2.56e-05	1.82589e-06
-1.6e-05	2.56e-05	1.59979e-06
-1.28e-05	2.56e-05	1.22705e-06
-9.6e-06	2.56e-05	7.80495e-07
-6.4e-06	2.56e-05	3.93268e-07
-3.2e-06	2.56e-05	1.96542e-07
0	2.56e-05	2.5635e-07
3.2e-06	2.56e-05	5.42829e-07
6.4e-06	2.56e-05	9.46289e-07
9.6e-06	2.56e-05	1.33171e-06
1.28e-05	2.56e-05	1.60362e-06
1.6e-05	2.56e-05	1.74273e-06
1.92e-05	2.56e-05	1.78323e-06
2.24e-05	2.56e-05	1.75454e-06
2.56e-05	2.56e-05	1.67263e-06
2.88e-05	2.56e-05	1.54585e-06
3.2e-05	2.56e-05	1.37966e-06
3.52e-05	2.56e-05	1.17895e-06
3.84e-05	2.56e-05	9.4876e-07
4.16e-05	2.56e-05	6.94624e-07
4.48e-05	2.56e-05	4.24654e-07
4.8e-05	2.56e-05	1.66643e-07
5.12e-05	2.56e-05	3.10227e-08
5.44e-05	2.56e-05	4.14486e-09
5.76e-05	2.56e-05	4.59972e-10
6.08e-05	2.56e-05	4.60152e-11
-6.4e-05	2.88e-05	1.08641e-11
-6.08e-05	2.88e-05	6.06529e-11
-5.76e-05	2.88e-05	4.70554e-10
-5.44e-05	2.88e-05	2.99104e-09
-5.12e-05	2.88e-05	1.3442e-08
-4.8e-05	2.88e-05	3.03863e-08
-4.48e-05	2.88e-05	4.85729e-08
-4.16e-05	2.88e-05	6.60195e-08
-3.84e-05	2.88e-05	8.19418e-08
-3.52e-05	2.88e-05	9.585e-08
-3.2e-05	2.88e-05	1.0733e-07
-2.88e-05	2.88e-05	1.15951e-07
-2.56e-05	2.88e-05	1.21122e-07
-2.24e-05	2.88e-05	1.21805e-07
-1.92e-05	2.88e-05	1.16129e-07
-1.6e-05	2.88e-05	1.01661e-07
-1.28e-05	2.88e-05	7.81332e-08
-9.6e-06	2.88e-05	5.01243e-08
-6.4e-06	2.88e-05	2.58985e-08
-3.2e-06	2.88e-05	1.35885e-08
0	2.88e-05	1.72925e-08
3.2e-06	2.88e-05	3.51655e-08
6.4e-06	2.88e-05	6.04134e-08
9.6e-06	2.88e-05	8.46635e-08
1.28e-05	2.88e-05	1.01957e-07
1.6e-05	2.88e-05	1.10973e-07
1.92e-05	2.88e-05	1.13679e-07
2.24e-05	2.88e-05	1.11912e-07
2.56e-05	2.88e-05	1.06713e-07
2.88e-05	2.88e-05	9.86335e-08
3.2e-05	2.88e-05	8.80328e-08
3.52e-05	2.88e-05	7.5226e-08
3.84e-05	2.88e-05	6.05381e-08
4.16e-05	2.88e-05	4.43343e-08
4.48e-05	2.88e-05	2.72067e-08
4.8e-05	2.88e-05	1.11231e-08
5.12e-05	2.88e-05	2.41099e-09
5.44e-05	2.88e-05	3.74644e-10
5.76e-05	2.88e-05	4.76851e-11
6.08e-05	2.88e-05	5.39313e-12
-6.4e-05	3.2e-05	1.25092e-12
-6.08e-05	3.2e-05	5.76085e-12
-5.76e-05	3.2e-05	3.9607e-11
-5.44e-05	3.2e-05	2.2198e-10
-5.12e-05	3.2e-05	8.84764e-10
-4.8e-05	3.2e-05	1.94782e-09
-4.48e-05	3.2e-05	3.1016e-09
-4.16e-05	3.2e-05	4.21315e-09
-3.84e-05	3.2e-05	5.22867e-09
-3.52e-05	3.2e-05	6.11583e-09
-3.2e-05	3.2e-05	6.8477e-09
-2.88e-05	3.2e-05	7.39617e-09
-2.56e-05	3.2e-05	7.72233e-09
-2.24e-05	3.2e-05	7.75841e-09
-1.92e-05	3.2e-05	7.38633e-09
-1.6e-05	3.2e-05	6.46125e-09
-1.28e-05	3.2e-05	4.97605e-09
-9.6e-06	3.2e-05	3.21893e-09
-6.4e-06	3.2e-05	1.70301e-09
-3.2e-06	3.2e-05	9.32601e-10
0	3.2e-05	1.16201e-09
3.2e-06	3.2e-05	2.27727e-09
6.4e-06	3.2e-05	3.85755e-09
9.6e-06	3.2e-05	5.38349e-09
1.28e-05	3.2e-05	6.48296e-09
1.6e-05	3.2e-05	7.06645e-09
1.92e-05	3.2e-05	7.24672e-09
2.24e-05	3.2e-05	7.13813e-09
2.56e-05	3.2e-05	6.80819e-09
2.88e-05	3.2e-05	6.29333e-09
3.2e-05	3.2e-05	5.61714e-09
3.52e-05	3.2e-05	4.80001e-09
3.84e-05	3.2e-05	3.86286e-09
4.16e-05	3.2e-05	2.83e-09
4.48e-05	3.2e-05	1.74402e-09
4.8e-05	3.2e-05	7.39463e-10
5.12e-05	3.2e-05	1.80418e-10
5.44e-05	3.2e-05	3.1742e-11
5.76e-05	3.2e-05	4.5406e-12
6.08e-05	3.2e-05	5.7165e-13
-6.4e-05	3.52e-05	1.33475e-13
-6.08e-05	3.52e-05	5.1517e-13
-5.76e-05	3.52e-05	3.18694e-12
-5.44e-05	3.52e-05	1.606e-11
-5.12e-05	3.52e-05	5.81314e-11
-4.8e-05	3.52e-05	1.24898e-10
-4.48e-05	3.52e-05	1.98072e-10
-4.16e-05	3.52e-05	2.68875e-10
-3.84e-05	3.52e-05	3.33641e-10
-3.52e-05	3.52e-05	3.90227e-10
-3.2e-05	3.52e-05	4.36883e-10
-2.88e-05	3.52e-05	4.71771e-10
-2.56e-05	3.52e-05	4.92335e-10
-2.24e-05	3.52e-05	4.94162e-10
-1.92e-05	3.52e-05	4.6983e-10
-1.6e-05	3.52e-05	4.10716e-10
-1.28e-05	3.52e-05	3.16962e-10
-9.6e-06	3.52e-05	2.06709e-10
-6.4e-06	3.52e-05	1.11833e-10
-3.2e-06	3.52e-05	6.36086e-11
0	3.52e-05	7.78187e-11
3.2e-06	3.52e-05	1.47422e-10
6.4e-06	3.52e-05	2.4635e-10
9.6e-06	3.52e-05	3.42382e-10
1.28e-05	3.52e-05	4.12262e-10
1.6e-05	3.52e-05	4.49967e-10
1.92e-05	3.52e-05	4.61943e-10
2.24e-05	3.52e-05	4.55283e-10
2.56e-05	3.52e-05	4.3435e-10
2.88e-05	3.52e-05	4.01546e-10
3.2e-05	3.52e-05	3.58415e-10
3.52e-05	3.52e-05	3.06279e-10
3.84e-05	3.52e-05	2.4649e-10
4.16e-05	3.52e-05	1.80674e-10
4.48e-05	3.52e-05	1.11844e-10
4.8e-05	3.52e-05	4.89925e-11
5.12e-05	3.52e-05	1.31517e-11
5.44e-05	3.52e-05	2.57021e-12
5.76e-05	3.52e-05	4.07249e-13
6.08e-05	3.52e-05	5.73808e-14
-6.4e-05	3.84e-05	1.39341e-14
-6.08e-05	3.84e-05	4.54704e-14
-5.76e-05	3.84e-05	2.48594e-13
-5.44e-05	3.84e-05	1.14182e-12
-5.12e-05	3.84e-05	3.81392e-12
-4.8e-05	3.84e-05	8.01101e-12
-4.48e-05	3.84e-05	1.26495e-11
-4.16e-05	3.84e-05	1.71602e-11
-3.84e-05	3.84e-05	2.129e-11
-3.52e-05	3.84e-05	2.49006e-11
-3.2e-05	3.84e-05	2.78741e-11
-2.88e-05	3.84e-05	3.00929e-11
-2.56e-05	3.84e-05	3.13864e-11
-2.24e-05	3.84e-05	3.14751e-11
-1.92e-05	3.84e-05	2.98863e-11
-1.6e-05	3.84e-05	2.61111e-11
-1.28e-05	3.84e-05	2.01928e-11
-9.6e-06	3.84e-05	1.32744e-11
-6.4e-06	3.84e-05	7.33422e-12
-3.2e-06	3.84e-05	4.31552e-12
0	3.84e-05	5.19554e-12
3.2e-06	3.84e-05	9.54041e-12
6.4e-06	3.84e-05	1.57348e-11
9.6e-06	3.84e-05	2.17784e-11
1.28e-05	3.84e-05	2.62193e-11
1.6e-05	3.84e-05	2.8652e-11
1.92e-05	3.84e-05	2.94457e-11
2.24e-05	3.84e-05	2.90381e-11
2.56e-05	3.84e-05	2.77112e-11
2.88e-05	3.84e-05	2.56197e-11
3.2e-05	3.84e-05	2.28701e-11
3.52e-05	3.84e-05	1.95434e-11
3.84e-05	3.84e-05	1.57302e-11
4.16e-05	3.84e-05	1.1537e-11
4.48e-05	3.84e-05	7.17655e-12
4.8e-05	3.84e-05	3.23651e-12
5.12e-05	3.84e-05	9.41431e-13
5.44e-05	3.84e-05	2.00826e-13
5.76e-05	3.84e-05	3.52658e-14
6.08e-05	3.84e-05	5.34661e-15
-6.4e-05	4.16e-05	1.94348e-15
-6.08e-05	4.16e-05	3.95964e-15
-5.76e-05	4.16e-05	1.9158e-14
-5.44e-05	4.16e-05	7.99197e-14
-5.12e-05	4.16e-05	2.50726e-13
-4.8e-05	4.16e-05	5.13619e-13
-4.48e-05	4.16e-05	8.09643e-13
-4.16e-05	4.16e-05	1.09602e-12
-3.84e-05	4.16e-05	1.36088e-12
-3.52e-05	4.16e-05	1.59074e-12
-3.2e-05	4.16e-05	1.77944e-12
-2.88e-05	4.16e-05	1.91738e-12
-2.56e-05	4.16e-05	2.00228e-12
-2.24e-05	4.16e-05	2.00516e-12
-1.92e-05	4.16e-05	1.90056e-12
-1.6e-05	4.16e-05	1.66005e-12
-1.28e-05	4.16e-05	1.28711e-12
-9.6e-06	4.16e-05	8.51804e-13
-6.4e-06	4.16e-05	4.80726e-13
-3.2e-06	4.16e-05	2.91142e-13
0	4.16e-05	3.46069e-13
3.2e-06	4.16e-05	6.17284e-13
6.4e-06	4.16e-05	1.00497e-12
9.6e-06	4.16e-05	1.38575e-12
1.28e-05	4.16e-05	1.66738e-12
1.6e-05	4.16e-05	1.82497e-12
1.92e-05	4.16e-05	1.87654e-12
2.24e-05	4.16e-05	1.85185e-12
2.56e-05	4.16e-05	1.7676e-12
2.88e-05	4.16e-05	1.63581e-12
3.2e-05	4.16e-05	1.4585e-12
3.52e-05	4.16e-05	1.24784e-12
3.84e-05	4.16e-05	1.00392e-12
4.16e-05	4.16e-05	7.38156e-13
4.48e-05	4.16e-05	4.615e-13
4.8e-05	4.16e-05	2.15317e-13
5.12e-05	4.16e-05	6.6943e-14
5.44e-05	4.16e-05	1.68715e-14
5.76e-05	4.16e-05	3.09745e-15
6.08e-05	4.16e-05	1.59203e-15
-6.4e-05	4.48e-05	3.04886e-16
-6.08e-05	4.48e-05	1.57819e-15
-5.76e-05	4.48e-05	1.77907e-15
-5.44e-05	4.48e-05	6.89338e-15
-5.12e-05	4.48e-05	1.73525e-14
-4.8e-05	4.48e-05	3.47664e-14
-4.48e-05	4.48e-05	5.38622e-14
-4.16e-05	4.48e-05	7.17732e-14
-3.84e-05	4.48e-05	8.78754e-14
-3.52e-05	4.48e-05	1.02709e-13
-3.2e-05	4.48e-05	1.11494e-13
-2.88e-05	4.48e-05	1.25055e-13
-2.56e-05	4.48e-05	1.28012e-13
-2.24e-05	4.48e-05	1.27182e-13
-1.92e-05	4.48e-05	1.19646e-13
-1.6e-05	4.48e-05	1.05517e-13
-1.28e-05	4.48e-05	8.22503e-14
-9.6e-06	4.48e-05	5.49473e-14
-6.4e-06	4.48e-05	3.11403e-14
-3.2e-06	4.48e-05	1.96871e-14
0	4.48e-05	2.27686e-14
3.2e-06	4.48e-05	3.96684e-14
6.4e-06	4.48e-05	6.44559e-14
9.6e-06	4.48e-05	8.78249e-14
1.28e-05	4.48e-05	1.06186e-13
1.6e-05	4.48e-05	1.16261e-13
1.92e-05	4.48e-05	1.19787e-13
2.24e-05	4.48e-05	1.17576e-13
2.56e-05	4.48e-05	1.12537e-13
2.88e-05	4.48e-05	1.03806e-13
3.2e-05	4.48e-05	9.45671e-14
3.52e-05	4.48e-05	7.85462e-14
3.84e-05	4.48e-05	6.55451e-14
4.16e-05	4.48e-05	4.70184e-14
4.48e-05	4.48e-05	3.08475e-14
4.8e-05	4.48e-05	1.54248e-14
5.12e-05	4.48e-05	6.21177e-15
5.44e-05	4.48e-05	3.01816e-15
5.76e-05	4.48e-05	1.79329e-15
6.08e-05	4.48e-05	2.13264e-15
-6.4e-05	4.8e-05	1.8043e-15
-6.08e-05	4.8e-05	2.14394e-15
-5.76e-05	4.8e-05	2.0333e-15
-5.44e-05	4.8e-05	2.93767e-15
-5.12e-05	4.8e-05	2.59784e-15
-4.8e-05	4.8e-05	4.61616e-15
-4.48e-05	4.8e-05	4.41784e-15
-4.16e-05	4.8e-05	5.14447e-15
-3.84e-05	4.8e-05	6.45263e-15
-3.52e-05	4.8e-05	4.84203e-15
-3.2e-05	4.8e-05	9.11221e-15
-2.88e-05	4.8e-05	8.06631e-15
-2.56e-05	4.8e-05	7.91903e-15
-2.24e-05	4.8e-05	6.73732e-15
-1.92e-05	4.8e-05	8.01163e-15
-1.6e-05	4.8e-05	6.67401e-15
-1.28e-05	4.8e-05	5.699e-15
-9.6e-06	4.8e-05	3.46069e-15
-6.4e-06	4.8e-05	1.69157e-15
-3.2e-06	4.8e-05	9.7898e-16
0	4.8e-05	1.64996e-15
3.2e-06	4.8e-05	2.74426e-15
6.4e-06	4.8e-05	3.78737e-15
9.6e-06	4.8e-05	5.55209e-15
1.28e-05	4.8e-05	6.65472e-15
1.6e-05	4.8e-05	7.76157e-15
1.92e-05	4.8e-05	7.47458e-15
2.24e-05	4.8e-05	7.79533e-15
2.56e-05	4.8e-05	6.73521e-15
2.88e-05	4.8e-05	6.70923e-15
3.2e-05	4.8e-05	5.44781e-15
3.52e-05	4.8e-05	6.57623e-15
3.84e-05	4.8e-05	3.41138e-15
4.16e-05	4.8e-05	4.47444e-15
4.48e-05	4.8e-05	1.27314e-15
4.8e-05	4.8e-05	1.98943e-15
5.12e-05	4.8e-05	1.14268e-15
5.44e-05	4.8e-05	1.08171e-15
5.76e-05	4.8e-05	1.5484e-15
6.08e-05	4.8e-05	1.12955e-15
-6.4e-05	5.12e-05	1.58303e-15
-6.08e-05	5.12e-05	1.18513e-15
-5.76e-05	5.12e-05	1.50538e-15
-5.44e-05	5.12e-05	1.32642e-15
-5.12e-05	5.12e-05	8.17386e-16
-4.8e-05	5.12e-05	1.54063e-15
-4.48e-05	5.12e-05	-1.02962e-16
-4.16e-05	5.12e-05	1.94822e-15
-3.84e-05	5.12e-05	-7.13757e-16
-3.52e-05	5.12e-05	2.08677e-15
-3.2e-05	5.12e-05	1.0164e-15
-2.88e-05	5.12e-05	1.10821e-16
-2.56e-05	5.12e-05	2.52684e-16
-2.24e-05	5.12e-05	5.32284e-16
-1.92e-05	5.12e-05	1.09235e-17
-1.6e-05	5.12e-05	2.01715e-15
-1.28e-05	5.12e-05	-4.48555e-16
-9.6e-06	5.12e-05	-9.10363e-17
-6.4e-06	5.12e-05	4.2347e-16
-3.2e-06	5.12e-05	2.42283e-16
0	5.12e-05	-6.77729e-19
3.2e-06	5.12e-05	6.35273e-17
6.4e-06	5.12e-05	2.13971e-16
9.6e-06	5.12e-05	4.29199e-16
1.28e-05	5.12e-05	2.38014e-16
1.6e-05	5.12e-05	2.20643e-16
1.92e-05	5.12e-05	1.06256e-15
2.24e-05	5.12e-05	-1.63092e-16
2.56e-05	5.12e-05	9.18297e-16
2.88e-05	5.12e-05	-5.47155e-17
3.2e-05	5.12e-05	8.06884e-17
3.52e-05	5.12e-05	3.94914e-16
3.84e-05	5.12e-05	1.15433e-15
4.16e-05	5.12e-05	2.73118e-16
4.48e-05	5.12e-05	1.87686e-15
4.8e-05	5.12e-05	1.91624e-16
5.12e-05	5.12e-05	1.91697e-15
5.44e-05	5.12e-05	1.2644e-16
5.76e-05	5.12e-05	1.50584e-15
6.08e-05	5.12e-05	2.93267e-16
-6.4e-05	5.44e-05	1.63987e-15
-6.08e-05	5.44e-05	3.01e-16
-5.76e-05	5.44e-05	1.70141e-15
-5.44e-05	5.44e-05	-6.159e-17
-5.12e-05	5.44e-05	1.96919e-15
-4.8e-05	5.44e-05	4.99779e-17
-4.48e-05	5.44e-05	2.39688e-15
-4.16e-05	5.44e-05	3.19764e-16
-3.84e-05	5.44e-05	1.76109e-15
-3.52e-05	5.44e-05	1.12577e-15
-3.2e-05	5.44e-05	-6.11023e-16
-2.88e-05	5.44e-05	-4.25965e-16
-2.56e-05	5.44e-05	-9.71873e-16
-2.24e-05	5.44e-05	-8.71853e-16
-1.92e-05	5.44e-05	1.27273e-15
-1.6e-05	5.44e-05	7.09789e-16
-1.28e-05	5.44e-05	2.9049e-16
-9.6e-06	5.44e-05	-1.43549e-15
-6.4e-06	5.44e-05	8.69986e-18
-3.2e-06	5.44e-05	3.03755e-16
0	5.44e-05	-2.44472e-16
3.2e-06	5.44e-05	-4.40237e-17
6.4e-06	5.44e-05	1.8216e-16
9.6e-06	5.44e-05	8.89669e-17
1.28e-05	5.44e-05	-4.66042e-16
1.6e-05	5.44e-05	7.85278e-17
1.92e-05	5.44e-05	-2.41735e-16
2.24e-05	5.44e-05	9.36226e-16
2.56e-05	5.44e-05	-1.21989e-16
2.88e-05	5.44e-05	2.19159e-16
3.2e-05	5.44e-05	-3.5336e-16
3.52e-05	5.44e-05	-6.62499e-16
3.84e-05	5.44e-05	-1.81988e-16
4.16e-05	5.44e-05	-1.16031e-17
4.48e-05	5.44e-05	1.18998e-16
4.8e-05	5.44e-05	1.26987e-15
5.12e-05	5.44e-05	3.07292e-16
5.44e-05	5.44e-05	2.01405e-15
5.76e-05	5.44e-05	3.85373e-16
6.08e-05	5.44e-05	1.94712e-15
-6.4e-05	5.76e-05	1.55516e-16
-6.08e-05	5.76e-05	1.78453e-15
-5.76e-05	5.76e-05	2.88313e-16
-5.44e-05	5.76e-05	1.57284e-15
-5.12e-05	5.76e-05	1.79261e-16
-4.8e-05	5.76e-05	1.1954e-15
-4.48e-05	5.76e-05	4.36361e-16
-4.16e-05	5.76e-05	1.77267e-16
-3.84e-05	5.76e-05	1.18353e-16
-3.52e-05	5.76e-05	-8.19104e-16
-3.2e-05	5.76e-05	-7.74354e-16
-2.88e-05	5.76e-05	1.03874e-16
-2.56e-05	5.76e-05	-5.17845e-16
-2.24e-05	5.76e-05	1.25118e-15
-1.92e-05	5.76e-05	7.69231e-16
-1.6e-05	5.76e-05	-4.77602e-16
-1.28e-05	5.76e-05	-6.00384e-16
-9.6e-06	5.76e-05	4.02567e-16
-6.4e-06	5.76e-05	-4.85462e-16
-3.2e-06	5.76e-05	1.68811e-16
0	5.76e-05	5.20293e-16
3.2e-06	5.76e-05	-1.35005e-16
6.4e-06	5.76e-05	-7.5706e-17
9.6e-06	5.76e-05	-3.69231e-17
1.28e-05	5.76e-05	8.51229e-17
1.6e-05	5.76e-05	-4.67502e-16
1.92e-05	5.76e-05	-1.22301e-16
2.24e-05	5.76e-05	-1.07648e-16
2.56e-05	5.76e-05	3.90282e-16
2.88e-05	5.76e-05	2.80828e-16
3.2e-05	5.76e-05	7.66126e-16
3.52e-05	5.76e-05	-1.90441e-16
3.84e-05	5.76e-05	-2.4765e-16
4.16e-05	5.76e-05	-2.56827e-16
4.48e-05	5.76e-05	-4.00113e-16
4.8e-05	5.76e-05	-4.03532e-16
5.12e-05	5.76e-05	1.49506e-16
5.44e-05	5.76e-05	-3.25222e-16
5.76e-05	5.76e-05	4.8572e-16
6.08e-05	5.76e-05	1.66511e-17
-6.4e-05	6.08e-05	8.50414e-16
-6.08e-05	6.08e-05	-6.09369e-17
-5.76e-05	6.08e-05	5.28559e-16
-5.44e-05	6.08e-05	-2.79719e-16
-5.12e-05	6.08e-05	-2.63882e-16
-4.8e-05	6.08e-05	-7.10989e-16
-4.48e-05	6.08e-05	-1.33881e-15
-4.16e-05	6.08e-05	-9.75097e-16
-3.84e-05	6.08e-05	-1.56161e-15
-3.52e-05	6.08e-05	-1.03233e-15
-3.2e-05	6.08e-05	1.69737e-16
-2.88e-05	6.08e-05	1.03944e-15
-2.56e-05	6.08e-05	1.8578e-15
-2.24e-05	6.08e-05	1.41648e-15
-1.92e-05	6.08e-05	-4.82466e-16
-1.6e-05	6.08e-05	-2.24055e-15
-1.28e-05	6.08e-05	-4.64421e-16
-9.6e-06	6.08e-05	1.19598e-15
-6.4e-06	6.08e-05	9.04075e-16
-3.2e-06	6.08e-05	-4.98492e-16
0	6.08e-05	-2.31032e-16
3.2e-06	6.08e-05	2.65257e-16
6.4e-06	6.08e-05	-3.02962e-16
9.6e-06	6.08e-05	-1.11288e-16
1.28e-05	6.08e-05	3.65686e-16
1.6e-05	6.08e-05	2.66877e-16
1.92e-05	6.08e-05	-5.05298e-16
2.24e-05	6.08e-05	-4.17007e-16
2.56e-05	6.08e-05	-4.05637e-16
2.88e-05	6.08e-05	2.8196e-16
3.2e-05	6.08e-05	5.24285e-16
3.52e-05	6.08e-05	7.4915e-16
3.84e-05	6.08e-05	5.2734e-16
4.16e-05	6.08e-05	3.46689e-17
4.48e-05	6.08e-05	-2.31793e-17
4.8e-05	6.08e-05	-6.29674e-16
5.12e-05	6.08e-05	-5.20176e-16
5.44e-05	6.08e-05	-8.08412e-16
5.76e-05	6.08e-05	-4.78255e-16
6.08e-05	6.08e-05	-4.20229e-16
