
-6.08e-05	6.4e-05	0.00463648
-5.76e-05	6.4e-05	0.00500346
-5.44e-05	6.4e-05	0.00502488
-5.12e-05	6.4e-05	0.004858
-4.8e-05	6.4e-05	0.00456797
-4.48e-05	6.4e-05	0.00419052
-4.16e-05	6.4e-05	0.00375315
-3.84e-05	6.4e-05	0.00328265
-3.52e-05	6.4e-05	0.00280629
-3.2e-05	6.4e-05	0.00234971
-2.88e-05	6.4e-05	0.00193336
-2.56e-05	6.4e-05	0.00157033
-2.24e-05	6.4e-05	0.00126646
-1.92e-05	6.4e-05	0.0010219
-1.6e-05	6.4e-05	0.000833349
-1.28e-05	6.4e-05	0.000696021
-9.6e-06	6.4e-05	0.000605184
-6.4e-06	6.4e-05	0.000557126
-3.2e-06	6.4e-05	0.000549748
0	6.4e-05	0.000582857
3.2e-06	6.4e-05	0.000658251
6.4e-06	6.4e-05	0.000779628
9.6e-06	6.4e-05	0.000952253
1.28e-05	6.4e-05	0.00118229
1.6e-05	6.4e-05	0.00147564
1.92e-05	6.4e-05	0.00183622
2.24e-05	6.4e-05	0.00226368
2.56e-05	6.4e-05	0.00275108
2.88e-05	6.4e-05	0.00328345
3.2e-05	6.4e-05	0.00383863
3.52e-05	6.4e-05	0.00439096
3.84e-05	6.4e-05	0.00491675
4.16e-05	6.4e-05	0.00539854
4.48e-05	6.4e-05	0.00582701
4.8e-05	6.4e-05	0.00620144
5.12e-05	6.4e-05	0.0065311
5.44e-05	6.4e-05	0.00684167
5.76e-05	6.4e-05	0.00719817
6.08e-05	6.4e-05	0.00778316

-6.08e-05	6.08e-05	0.00999384
-5.76e-05	6.08e-05	0.0102664
-5.44e-05	6.08e-05	0.0101516
-5.12e-05	6.08e-05	0.00975554
-4.8e-05	6.08e-05	0.00914477
-4.48e-05	6.08e-05	0.00836884
-4.16e-05	6.08e-05	0.00747488
-3.84e-05	6.08e-05	0.00651466
-3.52e-05	6.08e-05	0.00554452
-3.2e-05	6.08e-05	0.00461877
-2.88e-05	6.08e-05	0.00378011
-2.56e-05	6.08e-05	0.0030545
-2.24e-05	6.08e-05	0.00245182
-1.92e-05	6.08e-05	0.00197022
-1.6e-05	6.08e-05	0.00160113
-1.28e-05	6.08e-05	0.00133358
-9.6e-06	6.08e-05	0.00115717
-6.4e-06	6.08e-05	0.00106398
-3.2e-06	6.08e-05	0.00104955
0	6.08e-05	0.0011134
3.2e-06	6.08e-05	0.00125919
6.4e-06	6.08e-05	0.00149459
9.6e-06	6.08e-05	0.00183071
1.28e-05	6.08e-05	0.00228092
1.6e-05	6.08e-05	0.00285867
1.92e-05	6.08e-05	0.00357398
2.24e-05	6.08e-05	0.00442848
2.56e-05	6.08e-05	0.00540984
2.88e-05	6.08e-05	0.00648759
3.2e-05	6.08e-05	0.00761406
3.52e-05	6.08e-05	0.00873291
3.84e-05	6.08e-05	0.0097929
4.16e-05	6.08e-05	0.0107575
4.48e-05	6.08e-05	0.0116078
4.8e-05	6.08e-05	0.0123409
5.12e-05	6.08e-05	0.0129689
5.44e-05	6.08e-05	0.0135197
5.76e-05	6.08e-05	0.014044
6.08e-05	6.08e-05	0.0146214

-6.08e-05	5.76e-05	0.0157214
-5.76e-05	5.76e-05	0.0157399
-5.44e-05	5.76e-05	0.015385
-5.12e-05	5.76e-05	0.0146999
-4.8e-05	5.76e-05	0.0137294
-4.48e-05	5.76e-05	0.0125212
-4.16e-05	5.76e-05	0.0111343
-3.84e-05	5.76e-05	0.00964449
-3.52e-05	5.76e-05	0.00814297
-3.2e-05	5.76e-05	0.00672125
-2.88e-05	5.76e-05	0.00544878
-2.56e-05	5.76e-05	0.00436317
-2.24e-05	5.76e-05	0.00347393
-1.92e-05	5.76e-05	0.00277213
-1.6e-05	5.76e-05	0.00223983
-1.28e-05	5.76e-05	0.00185704
-9.6e-06	5.76e-05	0.00160604
-6.4e-06	5.76e-05	0.00147378
-3.2e-06	5.76e-05	0.00145302
0	5.76e-05	0.00154284
3.2e-06	5.76e-05	0.00174886
6.4e-06	5.76e-05	0.00208313
9.6e-06	5.76e-05	0.00256358
1.28e-05	5.76e-05	0.00321275
1.6e-05	5.76e-05	0.00405495
1.92e-05	5.76e-05	0.00511104
2.24e-05	5.76e-05	0.00639023
2.56e-05	5.76e-05	0.00787911
2.88e-05	5.76e-05	0.0095314
3.2e-05	5.76e-05	0.0112661
3.52e-05	5.76e-05	0.0129835
3.84e-05	5.76e-05	0.0145959
4.16e-05	5.76e-05	0.0160457
4.48e-05	5.76e-05	0.0173059
4.8e-05	5.76e-05	0.0183733
5.12e-05	5.76e-05	0.0192607
5.44e-05	5.76e-05	0.0199916
5.76e-05	5.76e-05	0.0205951
6.08e-05	5.76e-05	0.0210939

-6.08e-05	5.44e-05	0.0215684
-5.76e-05	5.44e-05	0.0213161
-5.44e-05	5.44e-05	0.020684
-5.12e-05	5.44e-05	0.0196768
-4.8e-05	5.44e-05	0.0183154
-4.48e-05	5.44e-05	0.0166369
-4.16e-05	5.44e-05	0.0147049
-3.84e-05	5.44e-05	0.0126201
-3.52e-05	5.44e-05	0.0105215
-3.2e-05	5.44e-05	0.00855884
-2.88e-05	5.44e-05	0.00683686
-2.56e-05	5.44e-05	0.00540039
-2.24e-05	5.44e-05	0.00424882
-1.92e-05	5.44e-05	0.00335684
-1.6e-05	5.44e-05	0.00269048
-1.28e-05	5.44e-05	0.00221675
-9.6e-06	5.44e-05	0.00190854
-6.4e-06	5.44e-05	0.00174673
-3.2e-06	5.44e-05	0.00172089
0	5.44e-05	0.00182953
3.2e-06	5.44e-05	0.00208021
6.4e-06	5.44e-05	0.00248963
9.6e-06	5.44e-05	0.00308361
1.28e-05	5.44e-05	0.00389629
1.6e-05	5.44e-05	0.00496756
1.92e-05	5.44e-05	0.00633708
2.24e-05	5.44e-05	0.00803235
2.56e-05	5.44e-05	0.0100494
2.88e-05	5.44e-05	0.0123288
3.2e-05	5.44e-05	0.0147417
3.52e-05	5.44e-05	0.0171155
3.84e-05	5.44e-05	0.0193104
4.16e-05	5.44e-05	0.0212475
4.48e-05	5.44e-05	0.0228992
4.8e-05	5.44e-05	0.0242695
5.12e-05	5.44e-05	0.0253777
5.44e-05	5.44e-05	0.026247
5.76e-05	5.44e-05	0.0268964
6.08e-05	5.44e-05	0.0273299

-6.08e-05	5.12e-05	0.0273988
-5.76e-05	5.12e-05	0.0269053
-5.44e-05	5.12e-05	0.026002
-5.12e-05	5.12e-05	0.0246695
-4.8e-05	5.12e-05	0.0229032
-4.48e-05	5.12e-05	0.0207199
-4.16e-05	5.12e-05	0.0181753
-3.84e-05	5.12e-05	0.0153925
-3.52e-05	5.12e-05	0.0125831
-3.2e-05	5.12e-05	0.0100085
-2.88e-05	5.12e-05	0.00782179
-2.56e-05	5.12e-05	0.00605978
-2.24e-05	5.12e-05	0.00469101
-1.92e-05	5.12e-05	0.00365818
-1.6e-05	5.12e-05	0.00290221
-1.28e-05	5.12e-05	0.00237279
-9.6e-06	5.12e-05	0.0020318
-6.4e-06	5.12e-05	0.00185364
-3.2e-06	5.12e-05	0.00182467
0	5.12e-05	0.00194271
3.2e-06	5.12e-05	0.00221701
6.4e-06	5.12e-05	0.00266874
9.6e-06	5.12e-05	0.0033319
1.28e-05	5.12e-05	0.00425418
1.6e-05	5.12e-05	0.00549646
1.92e-05	5.12e-05	0.00712832
2.24e-05	5.12e-05	0.00921448
2.56e-05	5.12e-05	0.0117845
2.88e-05	5.12e-05	0.0147806
3.2e-05	5.12e-05	0.0180026
3.52e-05	5.12e-05	0.021132
3.84e-05	5.12e-05	0.0239506
4.16e-05	5.12e-05	0.0263691
4.48e-05	5.12e-05	0.0283797
4.8e-05	5.12e-05	0.0300103
5.12e-05	5.12e-05	0.0312969
5.44e-05	5.12e-05	0.0322708
5.76e-05	5.12e-05	0.0329509
6.08e-05	5.12e-05	0.0333387

-6.08e-05	4.8e-05	0.0331298
-5.76e-05	4.8e-05	0.0324412
-5.44e-05	4.8e-05	0.031302
-5.12e-05	4.8e-05	0.0296715
-4.8e-05	4.8e-05	0.027514
-4.48e-05	4.8e-05	0.0248075
-4.16e-05	4.8e-05	0.0215712
-3.84e-05	4.8e-05	0.0179265
-3.52e-05	4.8e-05	0.0141934
-3.2e-05	4.8e-05	0.0108979
-2.88e-05	4.8e-05	0.00824745
-2.56e-05	4.8e-05	0.00622169
-2.24e-05	4.8e-05	0.00471655
-1.92e-05	4.8e-05	0.00361971
-1.6e-05	4.8e-05	0.00283745
-1.28e-05	4.8e-05	0.00229958
-9.6e-06	4.8e-05	0.00195728
-6.4e-06	4.8e-05	0.00177947
-3.2e-06	4.8e-05	0.00175004
0	4.8e-05	0.00186621
3.2e-06	4.8e-05	0.00213825
6.4e-06	4.8e-05	0.00259049
9.6e-06	4.8e-05	0.00326374
1.28e-05	4.8e-05	0.00421888
1.6e-05	4.8e-05	0.0055412
1.92e-05	4.8e-05	0.00734261
2.24e-05	4.8e-05	0.00975423
2.56e-05	4.8e-05	0.0128906
2.88e-05	4.8e-05	0.0167522
3.2e-05	4.8e-05	0.0210463
3.52e-05	4.8e-05	0.0250959
3.84e-05	4.8e-05	0.0285787
4.16e-05	4.8e-05	0.0314447
4.48e-05	4.8e-05	0.0337521
4.8e-05	4.8e-05	0.0355786
5.12e-05	4.8e-05	0.0369904
5.44e-05	4.8e-05	0.0380329
5.76e-05	4.8e-05	0.0387308
6.08e-05	4.8e-05	0.0390877

-6.08e-05	4.48e-05	0.0386963
-5.76e-05	4.48e-05	0.0378697
-5.44e-05	4.48e-05	0.0365548
-5.12e-05	4.48e-05	0.0346899
-4.8e-05	4.48e-05	0.0322003
-4.48e-05	4.48e-05	0.0289983
-4.16e-05	4.48e-05	0.0250044
-3.84e-05	4.48e-05	0.0202406
-3.52e-05	4.48e-05	0.0151218
-3.2e-05	4.48e-05	0.010955
-2.88e-05	4.48e-05	0.00790649
-2.56e-05	4.48e-05	0.00575592
-2.24e-05	4.48e-05	0.00425263
-1.92e-05	4.48e-05	0.0032044
-1.6e-05	4.48e-05	0.00247946
-1.28e-05	4.48e-05	0.00199125
-9.6e-06	4.48e-05	0.00168459
-6.4e-06	4.48e-05	0.00152631
-3.2e-06	4.48e-05	0.0014997
0	4.48e-05	0.00160173
3.2e-06	4.48e-05	0.00184248
6.4e-06	4.48e-05	0.00224668
9.6e-06	4.48e-05	0.00285752
1.28e-05	4.48e-05	0.00374381
1.6e-05	4.48e-05	0.0050115
1.92e-05	4.48e-05	0.00682038
2.24e-05	4.48e-05	0.00940138
2.56e-05	4.48e-05	0.0130498
2.88e-05	4.48e-05	0.0180031
3.2e-05	4.48e-05	0.0239723
3.52e-05	4.48e-05	0.0291948
3.84e-05	4.48e-05	0.0333317
4.16e-05	4.48e-05	0.0365382
4.48e-05	4.48e-05	0.0390244
4.8e-05	4.48e-05	0.0409496
5.12e-05	4.48e-05	0.0424166
5.44e-05	4.48e-05	0.0434854
5.76e-05	4.48e-05	0.0441851
6.08e-05	4.48e-05	0.0445213

-6.08e-05	4.16e-05	0.0440326
-5.76e-05	4.16e-05	0.0431347
-5.44e-05	4.16e-05	0.0417286
-5.12e-05	4.16e-05	0.0397362
-4.8e-05	4.16e-05	0.0370449
-4.48e-05	4.16e-05	0.0334821
-4.16e-05	4.16e-05	0.0287771
-3.84e-05	4.16e-05	0.0225614
-3.52e-05	4.16e-05	0.0148381
-3.2e-05	4.16e-05	0.00970516
-2.88e-05	4.16e-05	0.00653157
-2.56e-05	4.16e-05	0.00454383
-2.24e-05	4.16e-05	0.00326049
-1.92e-05	4.16e-05	0.00241066
-1.6e-05	4.16e-05	0.00184208
-1.28e-05	4.16e-05	0.0014671
-9.6e-06	4.16e-05	0.00123452
-6.4e-06	4.16e-05	0.00111522
-3.2e-06	4.16e-05	0.00109492
0	4.16e-05	0.00117095
3.2e-06	4.16e-05	0.00135158
6.4e-06	4.16e-05	0.00165757
9.6e-06	4.16e-05	0.00212669
1.28e-05	4.16e-05	0.00282291
1.6e-05	4.16e-05	0.00385441
1.92e-05	4.16e-05	0.00540865
2.24e-05	4.16e-05	0.00781941
2.56e-05	4.16e-05	0.0116794
2.88e-05	4.16e-05	0.0179284
3.2e-05	4.16e-05	0.0272325
3.52e-05	4.16e-05	0.0338769
3.84e-05	4.16e-05	0.0384417
4.16e-05	4.16e-05	0.0417231
4.48e-05	4.16e-05	0.0441864
4.8e-05	4.16e-05	0.0460743
5.12e-05	4.16e-05	0.0475112
5.44e-05	4.16e-05	0.0485588
5.76e-05	4.16e-05	0.0492428
6.08e-05	4.16e-05	0.0495661

-6.08e-05	3.84e-05	0.0490615
-5.76e-05	3.84e-05	0.0481656
-5.44e-05	3.84e-05	0.0467709
-5.12e-05	3.84e-05	0.0447978
-4.8e-05	3.84e-05	0.0421235
-4.48e-05	3.84e-05	0.0385318
-4.16e-05	3.84e-05	0.0335656
-3.84e-05	3.84e-05	0.0260014
-3.52e-05	3.84e-05	0.0117087
-3.2e-05	3.84e-05	0.00632903
-2.88e-05	3.84e-05	0.00385841
-2.56e-05	3.84e-05	0.00254918
-2.24e-05	3.84e-05	0.00177872
-1.92e-05	3.84e-05	0.0012942
-1.6e-05	3.84e-05	0.000979409
-1.28e-05	3.84e-05	0.000775311
-9.6e-06	3.84e-05	0.000649946
-6.4e-06	3.84e-05	0.000585936
-3.2e-06	3.84e-05	0.000574961
0	3.84e-05	0.000615442
3.2e-06	3.84e-05	0.000712054
6.4e-06	3.84e-05	0.0008768
9.6e-06	3.84e-05	0.00113216
1.28e-05	3.84e-05	0.00151818
1.6e-05	3.84e-05	0.00210824
1.92e-05	3.84e-05	0.00304735
2.24e-05	3.84e-05	0.00465366
2.56e-05	3.84e-05	0.00771909
2.88e-05	3.84e-05	0.0144901
3.2e-05	3.84e-05	0.0326837
3.52e-05	3.84e-05	0.0400559
3.84e-05	3.84e-05	0.0441736
4.16e-05	3.84e-05	0.0470082
4.48e-05	3.84e-05	0.0491635
4.8e-05	3.84e-05	0.0508572
5.12e-05	3.84e-05	0.0521777
5.44e-05	3.84e-05	0.0531602
5.76e-05	3.84e-05	0.0538138
6.08e-05	3.84e-05	0.0541325

-6.08e-05	3.52e-05	0.0536889
-5.76e-05	3.52e-05	0.0528664
-5.44e-05	3.52e-05	0.0515867
-5.12e-05	3.52e-05	0.0497899
-4.8e-05	3.52e-05	0.0473946
-4.48e-05	3.52e-05	0.0442932
-4.16e-05	3.52e-05	0.0403746
-3.84e-05	3.52e-05	0.0357227
-3.52e-05	3.52e-05	-0.000535352
-3.2e-05	3.52e-05	-6.50084e-05
-2.88e-05	3.52e-05	-4.25201e-05
-2.56e-05	3.52e-05	-2.80857e-05
-2.24e-05	3.52e-05	-1.96082e-05
-1.92e-05	3.52e-05	-1.42716e-05
-1.6e-05	3.52e-05	-1.08025e-05
-1.28e-05	3.52e-05	-8.55243e-06
-9.6e-06	3.52e-05	-7.17009e-06
-6.4e-06	3.52e-05	-6.46422e-06
-3.2e-06	3.52e-05	-6.34322e-06
0	3.52e-05	-6.78969e-06
3.2e-06	3.52e-05	-7.85515e-06
6.4e-06	3.52e-05	-9.67176e-06
9.6e-06	3.52e-05	-1.2487e-05
1.28e-05	3.52e-05	-1.67409e-05
1.6e-05	3.52e-05	-2.32397e-05
1.92e-05	3.52e-05	-3.35715e-05
2.24e-05	3.52e-05	-5.12729e-05
2.56e-05	3.52e-05	-7.96697e-05
2.88e-05	3.52e-05	-0.000619952
3.2e-05	3.52e-05	0.048394
3.52e-05	3.52e-05	0.0488003
3.84e-05	3.52e-05	0.0504283
4.16e-05	3.52e-05	0.052164
4.48e-05	3.52e-05	0.0537561
4.8e-05	3.52e-05	0.0551384
5.12e-05	3.52e-05	0.0562844
5.44e-05	3.52e-05	0.0571757
5.76e-05	3.52e-05	0.0577939
6.08e-05	3.52e-05	0.0581193

-6.08e-05	3.2e-05	0.0578045
-5.76e-05	3.2e-05	0.0571148
-5.44e-05	3.2e-05	0.0560322
-5.12e-05	3.2e-05	0.0545238
-4.8e-05	3.2e-05	0.0525564
-4.48e-05	3.2e-05	0.0501098
-4.16e-05	3.2e-05	0.047222
-3.84e-05	3.2e-05	0.044104
-3.52e-05	3.2e-05	-0.000491837
-3.2e-05	3.2e-05	6.21134e-06
-2.88e-05	3.2e-05	4.07322e-07
-2.56e-05	3.2e-05	3.10115e-07
-2.24e-05	3.2e-05	2.16152e-07
-1.92e-05	3.2e-05	1.57379e-07
-1.6e-05	3.2e-05	1.19147e-07
-1.28e-05	3.2e-05	9.43416e-08
-9.6e-06	3.2e-05	7.90993e-08
-6.4e-06	3.2e-05	7.13152e-08
-3.2e-06	3.2e-05	6.99811e-08
0	3.2e-05	7.49053e-08
3.2e-06	3.2e-05	8.66555e-08
6.4e-06	3.2e-05	1.06687e-07
9.6e-06	3.2e-05	1.37723e-07
1.28e-05	3.2e-05	1.84603e-07
1.6e-05	3.2e-05	2.56169e-07
1.92e-05	3.2e-05	3.70725e-07
2.24e-05	3.2e-05	4.85803e-07
2.56e-05	3.2e-05	7.96738e-06
2.88e-05	3.2e-05	-0.000633973
3.2e-05	3.2e-05	0.0567853
3.52e-05	3.2e-05	0.0554834
3.84e-05	3.2e-05	0.0557078
4.16e-05	3.2e-05	0.0565659
4.48e-05	3.2e-05	0.0576337
4.8e-05	3.2e-05	0.0587069
5.12e-05	3.2e-05	0.0596775
5.44e-05	3.2e-05	0.0604806
5.76e-05	3.2e-05	0.0610723
6.08e-05	3.2e-05	0.0614203

-6.08e-05	2.88e-05	0.0612891
-5.76e-05	2.88e-05	0.0607733
-5.44e-05	2.88e-05	0.0599392
-5.12e-05	2.88e-05	0.0587786
-4.8e-05	2.88e-05	0.0572929
-4.48e-05	2.88e-05	0.0555056
-4.16e-05	2.88e-05	0.053487
-3.84e-05	2.88e-05	0.0513901
-3.52e-05	2.88e-05	-0.000574715
-3.2e-05	2.88e-05	6.33964e-06
-2.88e-05	2.88e-05	-7.52653e-08
-2.56e-05	2.88e-05	-2.63499e-09
-2.24e-05	2.88e-05	-2.39148e-09
-1.92e-05	2.88e-05	-1.73539e-09
-1.6e-05	2.88e-05	-1.31415e-09
-1.28e-05	2.88e-05	-1.04068e-09
-9.6e-06	2.88e-05	-8.72611e-10
-6.4e-06	2.88e-05	-7.86772e-10
-3.2e-06	2.88e-05	-7.72061e-10
0	2.88e-05	-8.26373e-10
3.2e-06	2.88e-05	-9.55956e-10
6.4e-06	2.88e-05	-1.17684e-09
9.6e-06	2.88e-05	-1.51899e-09
1.28e-05	2.88e-05	-2.03551e-09
1.6e-05	2.88e-05	-2.83413e-09
1.92e-05	2.88e-05	-3.15351e-09
2.24e-05	2.88e-05	-8.95967e-08
2.56e-05	2.88e-05	7.53795e-06
2.88e-05	2.88e-05	-0.000683219
3.2e-05	2.88e-05	0.0611467
3.52e-05	2.88e-05	0.0596855
3.84e-05	2.88e-05	0.059395
4.16e-05	2.88e-05	0.0597848
4.48e-05	2.88e-05	0.0605142
4.8e-05	2.88e-05	0.0613681
5.12e-05	2.88e-05	0.0622114
5.44e-05	2.88e-05	0.0629562
5.76e-05	2.88e-05	0.0635436
6.08e-05	2.88e-05	0.0639333

-6.08e-05	2.56e-05	0.0640247
-5.76e-05	2.56e-05	0.0637046
-5.44e-05	2.56e-05	0.0631415
-5.12e-05	2.56e-05	0.0623471
-4.8e-05	2.56e-05	0.0613454
-4.48e-05	2.56e-05	0.0601774
-4.16e-05	2.56e-05	0.0589101
-3.84e-05	2.56e-05	0.0576393
-3.52e-05	2.56e-05	-0.000644452
-3.2e-05	2.56e-05	7.11847e-06
-2.88e-05	2.56e-05	-7.85703e-08
-2.56e-05	2.56e-05	9.0605e-10
-2.24e-05	2.56e-05	1.66764e-11
-1.92e-05	2.56e-05	1.92441e-11
-1.6e-05	2.56e-05	1.44934e-11
-1.28e-05	2.56e-05	1.14797e-11
-9.6e-06	2.56e-05	9.62653e-12
-6.4e-06	2.56e-05	8.67986e-12
-3.2e-06	2.56e-05	8.51769e-12
0	2.56e-05	9.11668e-12
3.2e-06	2.56e-05	1.05458e-11
6.4e-06	2.56e-05	1.29814e-11
9.6e-06	2.56e-05	1.67522e-11
1.28e-05	2.56e-05	2.25625e-11
1.6e-05	2.56e-05	2.06745e-11
1.92e-05	2.56e-05	9.91296e-10
2.24e-05	2.56e-05	-8.55999e-08
2.56e-05	2.56e-05	7.75478e-06
2.88e-05	2.56e-05	-0.000701951
3.2e-05	2.56e-05	0.062815
3.52e-05	2.56e-05	0.0616899
3.84e-05	2.56e-05	0.0613799
4.16e-05	2.56e-05	0.0616356
4.48e-05	2.56e-05	0.0622288
4.8e-05	2.56e-05	0.0629839
5.12e-05	2.56e-05	0.0637732
5.44e-05	2.56e-05	0.0645061
5.76e-05	2.56e-05	0.0651193
6.08e-05	2.56e-05	0.0655705

-6.08e-05	2.24e-05	0.0659045
-5.76e-05	2.24e-05	0.065783
-5.44e-05	2.24e-05	0.0654884
-5.12e-05	2.24e-05	0.0650503
-4.8e-05	2.24e-05	0.0645085
-4.48e-05	2.24e-05	0.0639133
-4.16e-05	2.24e-05	0.0633232
-3.84e-05	2.24e-05	0.0627989
-3.52e-05	2.24e-05	-0.000702034
-3.2e-05	2.24e-05	7.75441e-06
-2.88e-05	2.24e-05	-8.5653e-08
-2.56e-05	2.24e-05	9.45671e-10
-2.24e-05	2.24e-05	-1.07396e-11
-1.92e-05	2.24e-05	-9.55764e-14
-1.6e-05	2.24e-05	-1.6121e-13
-1.28e-05	2.24e-05	-1.26544e-13
-9.6e-06	2.24e-05	-1.06204e-13
-6.4e-06	2.24e-05	-9.58088e-14
-3.2e-06	2.24e-05	-9.40452e-14
0	2.24e-05	-1.00611e-13
3.2e-06	2.24e-05	-1.16364e-13
6.4e-06	2.24e-05	-1.43198e-13
9.6e-06	2.24e-05	-1.86087e-13
1.28e-05	2.24e-05	-1.32778e-13
1.6e-05	2.24e-05	-1.07339e-11
1.92e-05	2.24e-05	9.40134e-10
2.24e-05	2.24e-05	-8.5152e-08
2.56e-05	2.24e-05	7.70839e-06
2.88e-05	2.24e-05	-0.000697809
3.2e-05	2.24e-05	0.0624365
3.52e-05	2.24e-05	0.0618177
3.84e-05	2.24e-05	0.0617431
4.16e-05	2.24e-05	0.0620884
4.48e-05	2.24e-05	0.062711
4.8e-05	2.24e-05	0.0634817
5.12e-05	2.24e-05	0.0642942
5.44e-05	2.24e-05	0.0650659
5.76e-05	2.24e-05	0.0657364
6.08e-05	2.24e-05	0.066266

-6.08e-05	1.92e-05	0.066841
-5.76e-05	1.92e-05	0.0669024
-5.44e-05	1.92e-05	0.0668523
-5.12e-05	1.92e-05	0.0667378
-4.8e-05	1.92e-05	0.0666152
-4.48e-05	1.92e-05	0.0665443
-4.16e-05	1.92e-05	0.066581
-3.84e-05	1.92e-05	0.0667681
-3.52e-05	1.92e-05	-0.000746309
-3.2e-05	1.92e-05	8.24352e-06
-2.88e-05	1.92e-05	-9.10557e-08
-2.56e-05	1.92e-05	1.00578e-09
-2.24e-05	1.92e-05	-1.11063e-11
-1.92e-05	1.92e-05	1.25023e-13
-1.6e-05	1.92e-05	4.59395e-16
-1.28e-05	1.92e-05	1.38543e-15
-9.6e-06	1.92e-05	1.12139e-15
-6.4e-06	1.92e-05	9.88394e-16
-3.2e-06	1.92e-05	1.00656e-15
0	1.92e-05	1.04749e-15
3.2e-06	1.92e-05	1.2409e-15
6.4e-06	1.92e-05	1.55854e-15
9.6e-06	1.92e-05	7.58324e-16
1.28e-05	1.92e-05	1.13691e-13
1.6e-05	1.92e-05	-1.0047e-11
1.92e-05	1.92e-05	9.09894e-10
2.24e-05	1.92e-05	-8.23718e-08
2.56e-05	1.92e-05	7.45708e-06
2.88e-05	1.92e-05	-0.000675086
3.2e-05	1.92e-05	0.060396
3.52e-05	1.92e-05	0.0603378
3.84e-05	1.92e-05	0.0606241
4.16e-05	1.92e-05	0.0611954
4.48e-05	1.92e-05	0.0619661
4.8e-05	1.92e-05	0.0628456
5.12e-05	1.92e-05	0.0637497
5.44e-05	1.92e-05	0.0646072
5.76e-05	1.92e-05	0.0653634
6.08e-05	1.92e-05	0.0659824

-6.08e-05	1.6e-05	0.0667726
-5.76e-05	1.6e-05	0.0669822
-5.44e-05	1.6e-05	0.0671302
-5.12e-05	1.6e-05	0.0672851
-4.8e-05	1.6e-05	0.0675242
-4.48e-05	1.6e-05	0.0679227
-4.16e-05	1.6e-05	0.0685427
-3.84e-05	1.6e-05	0.0694214
-3.52e-05	1.6e-05	-0.000775876
-3.2e-05	1.6e-05	8.57023e-06
-2.88e-05	1.6e-05	-9.46658e-08
-2.56e-05	1.6e-05	1.04567e-09
-2.24e-05	1.6e-05	-1.15504e-11
-1.92e-05	1.6e-05	1.27632e-13
-1.6e-05	1.6e-05	-1.48774e-15
-1.28e-05	1.6e-05	-2.80041e-17
-9.6e-06	1.6e-05	-8.0968e-17
-6.4e-06	1.6e-05	-6.50564e-17
-3.2e-06	1.6e-05	-9.10573e-17
0	1.6e-05	-5.86447e-17
3.2e-06	1.6e-05	-4.24697e-17
6.4e-06	1.6e-05	-4.34134e-17
9.6e-06	1.6e-05	-1.24609e-15
1.28e-05	1.6e-05	1.04645e-13
1.6e-05	1.6e-05	-9.48058e-12
1.92e-05	1.6e-05	8.5829e-10
2.24e-05	1.6e-05	-7.77028e-08
2.56e-05	1.6e-05	7.0346e-06
2.88e-05	1.6e-05	-0.000636857
3.2e-05	1.6e-05	0.0569688
3.52e-05	1.6e-05	0.0574754
3.84e-05	1.6e-05	0.0581768
4.16e-05	1.6e-05	0.0590501
4.48e-05	1.6e-05	0.0600464
4.8e-05	1.6e-05	0.0611034
5.12e-05	1.6e-05	0.0621548
5.44e-05	1.6e-05	0.0631383
5.76e-05	1.6e-05	0.0640029
6.08e-05	1.6e-05	0.0647153

-6.08e-05	1.28e-05	0.0656688
-5.76e-05	1.28e-05	0.0659712
-5.44e-05	1.28e-05	0.0662461
-5.12e-05	1.28e-05	0.0665905
-4.8e-05	1.28e-05	0.0671118
-4.48e-05	1.28e-05	0.0679111
-4.16e-05	1.28e-05	0.0690662
-3.84e-05	1.28e-05	0.070619
-3.52e-05	1.28e-05	-0.00078917
-3.2e-05	1.28e-05	8.71725e-06
-2.88e-05	1.28e-05	-9.62917e-08
-2.56e-05	1.28e-05	1.06365e-09
-2.24e-05	1.28e-05	-1.17491e-11
-1.92e-05	1.28e-05	1.29722e-13
-1.6e-05	1.28e-05	-1.46528e-15
-1.28e-05	1.28e-05	-4.5007e-17
-9.6e-06	1.28e-05	-1.08249e-16
-6.4e-06	1.28e-05	-9.12915e-17
-3.2e-06	1.28e-05	-1.73143e-17
0	1.28e-05	-4.38284e-17
3.2e-06	1.28e-05	-3.63356e-17
6.4e-06	1.28e-05	-7.80943e-17
9.6e-06	1.28e-05	-1.11821e-15
1.28e-05	1.28e-05	9.62214e-14
1.6e-05	1.28e-05	-8.71752e-12
1.92e-05	1.28e-05	7.89233e-10
2.24e-05	1.28e-05	-7.14526e-08
2.56e-05	1.28e-05	6.4689e-06
2.88e-05	1.28e-05	-0.000585657
3.2e-05	1.28e-05	0.0523816
3.52e-05	1.28e-05	0.0534291
3.84e-05	1.28e-05	0.0545568
4.16e-05	1.28e-05	0.0557657
4.48e-05	1.28e-05	0.0570327
4.8e-05	1.28e-05	0.0583155
5.12e-05	1.28e-05	0.0595585
5.44e-05	1.28e-05	0.060702
5.76e-05	1.28e-05	0.0616933
6.08e-05	1.28e-05	0.0624973

-6.08e-05	9.6e-06	0.0635362
-5.76e-05	9.6e-06	0.0638524
-5.44e-05	9.6e-06	0.0641529
-5.12e-05	9.6e-06	0.0645732
-4.8e-05	9.6e-06	0.0652668
-4.48e-05	9.6e-06	0.0663751
-4.16e-05	9.6e-06	0.0680037
-3.84e-05	9.6e-06	0.070208
-3.52e-05	9.6e-06	-0.000784483
-3.2e-05	9.6e-06	8.66572e-06
-2.88e-05	9.6e-06	-9.57251e-08
-2.56e-05	9.6e-06	1.05742e-09
-2.24e-05	9.6e-06	-1.16807e-11
-1.92e-05	9.6e-06	1.28956e-13
-1.6e-05	9.6e-06	-1.46993e-15
-1.28e-05	9.6e-06	-8.92398e-17
-9.6e-06	9.6e-06	-1.01451e-16
-6.4e-06	9.6e-06	2.30289e-17
-3.2e-06	9.6e-06	-3.5504e-17
0	9.6e-06	-6.89089e-17
3.2e-06	9.6e-06	-6.56299e-17
6.4e-06	9.6e-06	-4.5736e-17
9.6e-06	9.6e-06	-1.06401e-15
1.28e-05	9.6e-06	8.60618e-14
1.6e-05	9.6e-06	-7.79577e-12
1.92e-05	9.6e-06	7.05798e-10
2.24e-05	9.6e-06	-6.39003e-08
2.56e-05	9.6e-06	5.7853e-06
2.88e-05	9.6e-06	-0.000523779
3.2e-05	9.6e-06	0.0468399
3.52e-05	9.6e-06	0.0483832
3.84e-05	9.6e-06	0.049917
4.16e-05	9.6e-06	0.0514636
4.48e-05	9.6e-06	0.0530218
4.8e-05	9.6e-06	0.054564
5.12e-05	9.6e-06	0.0560371
5.44e-05	9.6e-06	0.0573734
5.76e-05	9.6e-06	0.0585095
6.08e-05	9.6e-06	0.0594011

-6.08e-05	6.4e-06	0.0604261
-5.76e-05	6.4e-06	0.0606509
-5.44e-05	6.4e-06	0.0608359
-5.12e-05	6.4e-06	0.0611715
-4.8e-05	6.4e-06	0.0618842
-4.48e-05	6.4e-06	0.0631766
-4.16e-05	6.4e-06	0.0651956
-3.84e-05	6.4e-06	0.0680192
-3.52e-05	6.4e-06	-0.000759923
-3.2e-05	6.4e-06	8.39477e-06
-2.88e-05	6.4e-06	-9.27358e-08
-2.56e-05	6.4e-06	1.02444e-09
-2.24e-05	6.4e-06	-1.13169e-11
-1.92e-05	6.4e-06	1.24916e-13
-1.6e-05	6.4e-06	-1.40629e-15
-1.28e-05	6.4e-06	-1.183e-16
-9.6e-06	6.4e-06	1.34529e-17
-6.4e-06	6.4e-06	-2.29913e-18
-3.2e-06	6.4e-06	-7.03224e-17
0	6.4e-06	-2.46298e-17
3.2e-06	6.4e-06	-3.23412e-17
6.4e-06	6.4e-06	-1.09004e-16
9.6e-06	6.4e-06	-8.70854e-16
1.28e-05	6.4e-06	7.44906e-14
1.6e-05	6.4e-06	-6.74804e-12
1.92e-05	6.4e-06	6.10957e-10
2.24e-05	6.4e-06	-5.53152e-08
2.56e-05	6.4e-06	5.00817e-06
2.88e-05	6.4e-06	-0.000453433
3.2e-05	6.4e-06	0.0405414
3.52e-05	6.4e-06	0.0425144
3.84e-05	6.4e-06	0.0444057
4.16e-05	6.4e-06	0.0462643
4.48e-05	6.4e-06	0.0481148
4.8e-05	6.4e-06	0.0499428
5.12e-05	6.4e-06	0.0516881
5.44e-05	6.4e-06	0.0532579
5.76e-05	6.4e-06	0.0545635
6.08e-05	6.4e-06	0.0555427

-6.08e-05	3.2e-06	0.0564448
-5.76e-05	3.2e-06	0.0564456
-5.44e-05	3.2e-06	0.0563215
-5.12e-05	3.2e-06	0.0563402
-4.8e-05	3.2e-06	0.0568571
-4.48e-05	3.2e-06	0.0581647
-4.16e-05	3.2e-06	0.0604611
-3.84e-05	3.2e-06	0.063858
-3.52e-05	3.2e-06	-0.000713317
-3.2e-05	3.2e-06	7.88041e-06
-2.88e-05	3.2e-06	-8.70591e-08
-2.56e-05	3.2e-06	9.61789e-10
-2.24e-05	3.2e-06	-1.06255e-11
-1.92e-05	3.2e-06	1.17365e-13
-1.6e-05	3.2e-06	-1.38883e-15
-1.28e-05	3.2e-06	-1.12484e-17
-9.6e-06	3.2e-06	-1.373e-17
-6.4e-06	3.2e-06	-8.9499e-17
-3.2e-06	3.2e-06	-4.09506e-17
0	3.2e-06	-2.23462e-17
3.2e-06	3.2e-06	-9.61195e-17
6.4e-06	3.2e-06	-7.12489e-17
9.6e-06	3.2e-06	-7.47459e-16
1.28e-05	3.2e-06	6.19155e-14
1.6e-05	3.2e-06	-5.60748e-12
1.92e-05	3.2e-06	5.07713e-10
2.24e-05	3.2e-06	-4.59694e-08
2.56e-05	3.2e-06	4.16217e-06
2.88e-05	3.2e-06	-0.000376852
3.2e-05	3.2e-06	0.0336861
3.52e-05	3.2e-06	0.0359959
3.84e-05	3.2e-06	0.0381628
4.16e-05	3.2e-06	0.0402773
4.48e-05	3.2e-06	0.0424025
4.8e-05	3.2e-06	0.0445448
5.12e-05	3.2e-06	0.0466255
5.44e-05	3.2e-06	0.04849
5.76e-05	3.2e-06	0.0500052
6.08e-05	3.2e-06	0.0510844

-6.08e-05	0	0.0517703
-5.76e-05	0	0.0513941
-5.44e-05	0	0.0506954
-5.12e-05	0	0.0500411
-4.8e-05	0	0.0500613
-4.48e-05	0	0.051163
-4.16e-05	0	0.0535859
-3.84e-05	0	0.0574878
-3.52e-05	0	-0.000642019
-3.2e-05	0	7.09346e-06
-2.88e-05	0	-7.83733e-08
-2.56e-05	0	8.65919e-10
-2.24e-05	0	-9.56727e-12
-1.92e-05	0	1.05639e-13
-1.6e-05	0	-1.21601e-15
-1.28e-05	0	9.30578e-18
-9.6e-06	0	-5.8374e-17
-6.4e-06	0	-4.88727e-17
-3.2e-06	0	-7.60121e-18
0	0	-8.496e-17
3.2e-06	0	-8.69975e-17
6.4e-06	0	-5.84865e-17
9.6e-06	0	-5.529e-16
1.28e-05	0	4.86794e-14
1.6e-05	0	-4.40916e-12
1.92e-05	0	3.9924e-10
2.24e-05	0	-3.61505e-08
2.56e-05	0	3.27337e-06
2.88e-05	0	-0.000296398
3.2e-05	0	0.0264857
3.52e-05	0	0.029001
3.84e-05	0	0.0313157
4.16e-05	0	0.0335864
4.48e-05	0	0.0359436
4.8e-05	0	0.0384419
5.12e-05	0	0.0409768
5.44e-05	0	0.0432372
5.76e-05	0	0.0450226
6.08e-05	0	0.0462323

-6.08e-05	-3.2e-06	0.046673
-5.76e-05	-3.2e-06	0.0457807
-5.44e-05	-3.2e-06	0.0441526
-5.12e-05	-3.2e-06	0.0422064
-4.8e-05	-3.2e-06	0.0413225
-4.48e-05	-3.2e-06	0.0419598
-4.16e-05	-3.2e-06	0.0443097
-3.84e-05	-3.2e-06	0.048598
-3.52e-05	-3.2e-06	-0.00054256
-3.2e-05	-3.2e-06	5.99572e-06
-2.88e-05	-3.2e-06	-6.62573e-08
-2.56e-05	-3.2e-06	7.32194e-10
-2.24e-05	-3.2e-06	-8.09134e-12
-1.92e-05	-3.2e-06	8.93649e-14
-1.6e-05	-3.2e-06	-1.03689e-15
-1.28e-05	-3.2e-06	-3.6911e-17
-9.6e-06	-3.2e-06	-7.60356e-17
-6.4e-06	-3.2e-06	-4.63479e-17
-3.2e-06	-3.2e-06	-7.77803e-17
0	-3.2e-06	-6.2396e-17
3.2e-06	-3.2e-06	-8.32949e-17
6.4e-06	-3.2e-06	9.83834e-18
9.6e-06	-3.2e-06	-4.01576e-16
1.28e-05	-3.2e-06	3.52168e-14
1.6e-05	-3.2e-06	-3.19227e-12
1.92e-05	-3.2e-06	2.89095e-10
2.24e-05	-3.2e-06	-2.61808e-08
2.56e-05	-3.2e-06	2.37097e-06
2.88e-05	-3.2e-06	-0.000214719
3.2e-05	-3.2e-06	0.0191775
3.52e-05	-3.2e-06	0.0217077
3.84e-05	-3.2e-06	0.0239737
4.16e-05	-3.2e-06	0.0262311
4.48e-05	-3.2e-06	0.0287253
4.8e-05	-3.2e-06	0.031641
5.12e-05	-3.2e-06	0.0348976
5.44e-05	-3.2e-06	0.0377153
5.76e-05	-3.2e-06	0.0398411
6.08e-05	-3.2e-06	0.0412234

-6.08e-05	-6.4e-06	0.0415349
-5.76e-05	-6.4e-06	0.0401154
-5.44e-05	-6.4e-06	0.0371683
-5.12e-05	-6.4e-06	0.0325832
-4.8e-05	-6.4e-06	0.0303517
-4.48e-05	-6.4e-06	0.030322
-4.16e-05	-6.4e-06	0.0323326
-3.84e-05	-6.4e-06	0.0367322
-3.52e-05	-6.4e-06	-0.000409842
-3.2e-05	-6.4e-06	4.53115e-06
-2.88e-05	-6.4e-06	-5.00953e-08
-2.56e-05	-6.4e-06	5.53836e-10
-2.24e-05	-6.4e-06	-6.12302e-12
-1.92e-05	-6.4e-06	6.76326e-14
-1.6e-05	-6.4e-06	-8.12268e-16
-1.28e-05	-6.4e-06	-7.34363e-17
-9.6e-06	-6.4e-06	-6.35964e-17
-6.4e-06	-6.4e-06	-9.15863e-17
-3.2e-06	-6.4e-06	-6.74103e-17
0	-6.4e-06	-7.3725e-17
3.2e-06	-6.4e-06	2.84127e-19
6.4e-06	-6.4e-06	-3.58035e-18
9.6e-06	-6.4e-06	-2.76087e-16
1.28e-05	-6.4e-06	2.20877e-14
1.6e-05	-6.4e-06	-2.00367e-12
1.92e-05	-6.4e-06	1.81527e-10
2.24e-05	-6.4e-06	-1.64459e-08
2.56e-05	-6.4e-06	1.48995e-06
2.88e-05	-6.4e-06	-0.000134986
3.2e-05	-6.4e-06	0.0120462
3.52e-05	-6.4e-06	0.0143052
3.84e-05	-6.4e-06	0.0162277
4.16e-05	-6.4e-06	0.0181877
4.48e-05	-6.4e-06	0.0205911
4.8e-05	-6.4e-06	0.0239549
5.12e-05	-6.4e-06	0.0286567
5.44e-05	-6.4e-06	0.0322366
5.76e-05	-6.4e-06	0.0347175
6.08e-05	-6.4e-06	0.0362867

-6.08e-05	-9.6e-06	0.0368125
-5.76e-05	-9.6e-06	0.0352873
-5.44e-05	-9.6e-06	0.0311826
-5.12e-05	-9.6e-06	0.0200459
-4.8e-05	-9.6e-06	0.0166567
-4.48e-05	-9.6e-06	0.0161222
-4.16e-05	-9.6e-06	0.0174104
-3.84e-05	-9.6e-06	0.0210792
-3.52e-05	-9.6e-06	-0.000234831
-3.2e-05	-9.6e-06	2.60173e-06
-2.88e-05	-9.6e-06	-2.883e-08
-2.56e-05	-9.6e-06	3.19527e-10
-2.24e-05	-9.6e-06	-3.54211e-12
-1.92e-05	-9.6e-06	3.92211e-14
-1.6e-05	-9.6e-06	-5.25645e-16
-1.28e-05	-9.6e-06	-5.02746e-17
-9.6e-06	-9.6e-06	-9.94357e-17
-6.4e-06	-9.6e-06	-4.65405e-17
-3.2e-06	-9.6e-06	-4.59986e-17
0	-9.6e-06	-1.65568e-17
3.2e-06	-9.6e-06	-8.27457e-18
6.4e-06	-9.6e-06	-2.21792e-17
9.6e-06	-9.6e-06	-1.43293e-16
1.28e-05	-9.6e-06	9.97492e-15
1.6e-05	-9.6e-06	-9.05627e-13
1.92e-05	-9.6e-06	8.21311e-11
2.24e-05	-9.6e-06	-7.4496e-09
2.56e-05	-9.6e-06	6.7578e-07
2.88e-05	-9.6e-06	-6.13087e-05
3.2e-05	-9.6e-06	0.00545983
3.52e-05	-9.6e-06	0.00699324
3.84e-05	-9.6e-06	0.00816485
4.16e-05	-9.6e-06	0.00938815
4.48e-05	-9.6e-06	0.0111421
4.8e-05	-9.6e-06	0.0145187
5.12e-05	-9.6e-06	0.0230447
5.44e-05	-9.6e-06	0.0273023
5.76e-05	-9.6e-06	0.0299082
6.08e-05	-9.6e-06	0.0315667

-6.08e-05	-1.28e-05	0.0327793
-5.76e-05	-1.28e-05	0.0324315
-5.44e-05	-1.28e-05	0.0316924
-5.12e-05	-1.28e-05	-0.000583816
-4.8e-05	-1.28e-05	-0.000179541
-4.48e-05	-1.28e-05	-0.000177868
-4.16e-05	-1.28e-05	-0.000191938
-3.84e-05	-1.28e-05	-0.000235934
-3.52e-05	-1.28e-05	5.31759e-06
-3.2e-05	-1.28e-05	-8.94577e-08
-2.88e-05	-1.28e-05	1.33627e-09
-2.56e-05	-1.28e-05	-1.87062e-11
-2.24e-05	-1.28e-05	2.51306e-13
-1.92e-05	-1.28e-05	-3.36007e-15
-1.6e-05	-1.28e-05	-2.17454e-17
-1.28e-05	-1.28e-05	-8.6814e-17
-9.6e-06	-1.28e-05	-4.71612e-17
-6.4e-06	-1.28e-05	-4.93296e-17
-3.2e-06	-1.28e-05	-2.99775e-17
0	-1.28e-05	-1.57825e-17
3.2e-06	-1.28e-05	-1.59984e-17
6.4e-06	-1.28e-05	-3.24449e-17
9.6e-06	-1.28e-05	-9.27802e-18
1.28e-05	-1.28e-05	-8.98539e-16
1.6e-05	-1.28e-05	6.48784e-14
1.92e-05	-1.28e-05	-4.84137e-12
2.24e-05	-1.28e-05	3.46402e-10
2.56e-05	-1.28e-05	-2.32143e-08
2.88e-05	-1.28e-05	1.37929e-06
3.2e-05	-1.28e-05	-6.07995e-05
3.52e-05	-1.28e-05	-7.72681e-05
3.84e-05	-1.28e-05	-9.01607e-05
4.16e-05	-1.28e-05	-0.000103632
4.48e-05	-1.28e-05	-0.000121102
4.8e-05	-1.28e-05	-0.00031686
5.12e-05	-1.28e-05	0.0213046
5.44e-05	-1.28e-05	0.0235498
5.76e-05	-1.28e-05	0.0255317
6.08e-05	-1.28e-05	0.0270286

-6.08e-05	-1.6e-05	0.0288091
-5.76e-05	-1.6e-05	0.0294091
-5.44e-05	-1.6e-05	0.0302593
-5.12e-05	-1.6e-05	-0.000335486
-4.8e-05	-1.6e-05	5.75587e-06
-4.48e-05	-1.6e-05	1.92015e-06
-4.16e-05	-1.6e-05	2.11599e-06
-3.84e-05	-1.6e-05	2.64147e-06
-3.52e-05	-1.6e-05	-8.99066e-08
-3.2e-05	-1.6e-05	2.02612e-09
-2.88e-05	-1.6e-05	-3.79828e-11
-2.56e-05	-1.6e-05	6.40368e-13
-2.24e-05	-1.6e-05	-1.01314e-14
-1.92e-05	-1.6e-05	1.11497e-16
-1.6e-05	-1.6e-05	-5.77806e-17
-1.28e-05	-1.6e-05	-2.9546e-17
-9.6e-06	-1.6e-05	-3.73283e-17
-6.4e-06	-1.6e-05	-1.96083e-17
-3.2e-06	-1.6e-05	-1.24187e-17
0	-1.6e-05	-2.3353e-17
3.2e-06	-1.6e-05	-2.78521e-17
6.4e-06	-1.6e-05	-2.83348e-17
9.6e-06	-1.6e-05	-5.68436e-17
1.28e-05	-1.6e-05	-3.17464e-17
1.6e-05	-1.6e-05	-2.68075e-15
1.92e-05	-1.6e-05	1.65796e-13
2.24e-05	-1.6e-05	-9.8397e-12
2.56e-05	-1.6e-05	5.24647e-10
2.88e-05	-1.6e-05	-2.32305e-08
3.2e-05	-1.6e-05	6.77216e-07
3.52e-05	-1.6e-05	8.53675e-07
3.84e-05	-1.6e-05	9.95887e-07
4.16e-05	-1.6e-05	1.11857e-06
4.48e-05	-1.6e-05	3.60355e-06
4.8e-05	-1.6e-05	-0.000200886
5.12e-05	-1.6e-05	0.0179909
5.44e-05	-1.6e-05	0.0196553
5.76e-05	-1.6e-05	0.021201
6.08e-05	-1.6e-05	0.0224706

-6.08e-05	-1.92e-05	0.0244721
-5.76e-05	-1.92e-05	0.0256305
-5.44e-05	-1.92e-05	0.0272997
-5.12e-05	-1.92e-05	-0.000304923
-4.8e-05	-1.92e-05	3.34663e-06
-4.48e-05	-1.92e-05	-5.88591e-08
-4.16e-05	-1.92e-05	-2.29005e-08
-3.84e-05	-1.92e-05	-2.95861e-08
-3.52e-05	-1.92e-05	1.34988e-09
-3.2e-05	-1.92e-05	-3.81365e-11
-2.88e-05	-1.92e-05	8.59854e-13
-2.56e-05	-1.92e-05	-1.69836e-14
-2.24e-05	-1.92e-05	2.84137e-16
-1.92e-05	-1.92e-05	-4.35515e-17
-1.6e-05	-1.92e-05	-2.13882e-17
-1.28e-05	-1.92e-05	-2.08216e-17
-9.6e-06	-1.92e-05	-1.1434e-17
-6.4e-06	-1.92e-05	-1.41325e-17
-3.2e-06	-1.92e-05	-1.20888e-17
0	-1.92e-05	-3.24864e-17
3.2e-06	-1.92e-05	-3.61505e-17
6.4e-06	-1.92e-05	-6.62817e-17
9.6e-06	-1.92e-05	-5.68265e-17
1.28e-05	-1.92e-05	-6.60669e-17
1.6e-05	-1.92e-05	1.79577e-17
1.92e-05	-1.92e-05	-4.41528e-15
2.24e-05	-1.92e-05	2.22447e-13
2.56e-05	-1.92e-05	-9.85395e-12
2.88e-05	-1.92e-05	3.47664e-10
3.2e-05	-1.92e-05	-7.54503e-09
3.52e-05	-1.92e-05	-9.43336e-09
3.84e-05	-1.92e-05	-1.07819e-08
4.16e-05	-1.92e-05	-3.18458e-08
4.48e-05	-1.92e-05	1.72621e-06
4.8e-05	-1.92e-05	-0.000157698
5.12e-05	-1.92e-05	0.0140905
5.44e-05	-1.92e-05	0.0155413
5.76e-05	-1.92e-05	0.0167816
6.08e-05	-1.92e-05	0.0177658

-6.08e-05	-2.24e-05	0.0195274
-5.76e-05	-2.24e-05	0.0209001
-5.44e-05	-2.24e-05	0.0229943
-5.12e-05	-2.24e-05	-0.000256706
-4.8e-05	-2.24e-05	2.83704e-06
-4.48e-05	-2.24e-05	-3.11098e-08
-4.16e-05	-2.24e-05	6.03238e-10
-3.84e-05	-2.24e-05	3.27544e-10
-3.52e-05	-2.24e-05	-1.89509e-11
-3.2e-05	-2.24e-05	6.44898e-13
-2.88e-05	-2.24e-05	-1.70142e-14
-2.56e-05	-2.24e-05	3.74628e-16
-2.24e-05	-2.24e-05	-2.3706e-17
-1.92e-05	-2.24e-05	-7.55888e-18
-1.6e-05	-2.24e-05	-4.90295e-18
-1.28e-05	-2.24e-05	-1.7484e-18
-9.6e-06	-2.24e-05	-1.56849e-17
-6.4e-06	-2.24e-05	-1.02173e-17
-3.2e-06	-2.24e-05	-3.08129e-17
0	-2.24e-05	-2.96798e-17
3.2e-06	-2.24e-05	-5.72264e-17
6.4e-06	-2.24e-05	-5.26753e-17
9.6e-06	-2.24e-05	-5.94531e-17
1.28e-05	-2.24e-05	-6.1166e-17
1.6e-05	-2.24e-05	-3.5141e-17
1.92e-05	-2.24e-05	4.15801e-17
2.24e-05	-2.24e-05	-4.43301e-15
2.56e-05	-2.24e-05	1.66436e-13
2.88e-05	-2.24e-05	-4.87779e-12
3.2e-05	-2.24e-05	8.41016e-11
3.52e-05	-2.24e-05	1.02504e-10
3.84e-05	-2.24e-05	2.7336e-10
4.16e-05	-2.24e-05	-1.36232e-08
4.48e-05	-2.24e-05	1.24662e-06
4.8e-05	-2.24e-05	-0.000112891
5.12e-05	-2.24e-05	0.0100828
5.44e-05	-2.24e-05	0.0113704
5.76e-05	-2.24e-05	0.0123297
6.08e-05	-2.24e-05	0.0129319

-6.08e-05	-2.56e-05	0.0138277
-5.76e-05	-2.56e-05	0.0150885
-5.44e-05	-2.56e-05	0.017294
-5.12e-05	-2.56e-05	-0.000192947
-4.8e-05	-2.56e-05	2.13309e-06
-4.48e-05	-2.56e-05	-2.35844e-08
-4.16e-05	-2.56e-05	2.5787e-10
-3.84e-05	-2.56e-05	-6.59507e-12
-3.52e-05	-2.56e-05	2.88395e-13
-3.2e-05	-2.56e-05	-1.0547e-14
-2.88e-05	-2.56e-05	3.0814e-16
-2.56e-05	-2.56e-05	-1.18582e-17
-2.24e-05	-2.56e-05	-2.49703e-18
-1.92e-05	-2.56e-05	-5.01755e-18
-1.6e-05	-2.56e-05	-1.24718e-18
-1.28e-05	-2.56e-05	-1.4908e-17
-9.6e-06	-2.56e-05	2.31955e-18
-6.4e-06	-2.56e-05	-2.79657e-17
-3.2e-06	-2.56e-05	-1.99911e-17
0	-2.56e-05	-3.42552e-17
3.2e-06	-2.56e-05	-2.87441e-17
6.4e-06	-2.56e-05	-3.21243e-17
9.6e-06	-2.56e-05	-4.83602e-17
1.28e-05	-2.56e-05	-3.10106e-17
1.6e-05	-2.56e-05	-3.32348e-17
1.92e-05	-2.56e-05	-3.27428e-17
2.24e-05	-2.56e-05	6.23846e-17
2.56e-05	-2.56e-05	-2.61749e-15
2.88e-05	-2.56e-05	6.55938e-14
3.2e-05	-2.56e-05	-9.25771e-13
3.52e-05	-2.56e-05	-2.18991e-12
3.84e-05	-2.56e-05	9.2826e-11
4.16e-05	-2.56e-05	-8.53446e-09
4.48e-05	-2.56e-05	7.73207e-07
4.8e-05	-2.56e-05	-7.00639e-05
5.12e-05	-2.56e-05	0.00625296
5.44e-05	-2.56e-05	0.00733204
5.76e-05	-2.56e-05	0.00802267
6.08e-05	-2.56e-05	0.00822826

-6.08e-05	-2.88e-05	0.00727578
-5.76e-05	-2.88e-05	0.0080726
-5.44e-05	-2.88e-05	0.00988531
-5.12e-05	-2.88e-05	-0.00011012
-4.8e-05	-2.88e-05	1.22005e-06
-4.48e-05	-2.88e-05	-1.35206e-08
-4.16e-05	-2.88e-05	1.49908e-10
-3.84e-05	-2.88e-05	-1.62028e-12
-3.52e-05	-2.88e-05	1.50615e-14
-3.2e-05	-2.88e-05	-4.63591e-17
-2.88e-05	-2.88e-05	-7.12796e-18
-2.56e-05	-2.88e-05	2.67783e-18
-2.24e-05	-2.88e-05	-3.28776e-18
-1.92e-05	-2.88e-05	2.32347e-18
-1.6e-05	-2.88e-05	-1.18752e-17
-1.28e-05	-2.88e-05	4.77584e-18
-9.6e-06	-2.88e-05	-1.49952e-17
-6.4e-06	-2.88e-05	-1.08725e-18
-3.2e-06	-2.88e-05	-2.24755e-17
0	-2.88e-05	-1.60857e-17
3.2e-06	-2.88e-05	-1.20683e-17
6.4e-06	-2.88e-05	-2.81448e-17
9.6e-06	-2.88e-05	-1.82666e-17
1.28e-05	-2.88e-05	-2.08097e-17
1.6e-05	-2.88e-05	-1.80678e-17
1.92e-05	-2.88e-05	-7.0908e-18
2.24e-05	-2.88e-05	-7.40371e-18
2.56e-05	-2.88e-05	3.79258e-17
2.88e-05	-2.88e-05	-9.10547e-16
3.2e-05	-2.88e-05	1.56197e-14
3.52e-05	-2.88e-05	-4.53593e-13
3.84e-05	-2.88e-05	4.23007e-11
4.16e-05	-2.88e-05	-3.83526e-09
4.48e-05	-2.88e-05	3.47925e-07
4.8e-05	-2.88e-05	-3.15682e-05
5.12e-05	-2.88e-05	0.00281144
5.44e-05	-2.88e-05	0.003556
5.76e-05	-2.88e-05	0.00406267
6.08e-05	-2.88e-05	0.00465153

-6.08e-05	-3.2e-05	-8.77283e-05
-5.76e-05	-3.2e-05	-9.81145e-05
-5.44e-05	-3.2e-05	-0.000122166
-5.12e-05	-3.2e-05	2.89946e-06
-4.8e-05	-3.2e-05	-5.14242e-08
-4.48e-05	-3.2e-05	8.10771e-10
-4.16e-05	-3.2e-05	-1.19941e-11
-3.84e-05	-3.2e-05	1.69983e-13
-3.52e-05	-3.2e-05	-2.28967e-15
-3.2e-05	-3.2e-05	1.76946e-18
-2.88e-05	-3.2e-05	3.18536e-17
-2.56e-05	-3.2e-05	-1.47295e-17
-2.24e-05	-3.2e-05	6.83208e-18
-1.92e-05	-3.2e-05	-2.03259e-18
-1.6e-05	-3.2e-05	-1.57173e-18
-1.28e-05	-3.2e-05	1.02038e-18
-9.6e-06	-3.2e-05	-2.01106e-18
-6.4e-06	-3.2e-05	-1.73687e-19
-3.2e-06	-3.2e-05	-1.77472e-18
0	-3.2e-05	-1.60069e-18
3.2e-06	-3.2e-05	-9.72862e-19
6.4e-06	-3.2e-05	-2.76292e-18
9.6e-06	-3.2e-05	-1.0132e-18
1.28e-05	-3.2e-05	-2.26263e-18
1.6e-05	-3.2e-05	-2.04569e-18
1.92e-05	-3.2e-05	-1.77474e-18
2.24e-05	-3.2e-05	6.94019e-20
2.56e-05	-3.2e-05	-1.1182e-18
2.88e-05	-3.2e-05	2.26797e-17
3.2e-05	-3.2e-05	-7.94072e-16
3.52e-05	-3.2e-05	4.82303e-14
3.84e-05	-3.2e-05	-3.40865e-12
4.16e-05	-3.2e-05	2.30718e-10
4.48e-05	-3.2e-05	-1.46458e-08
4.8e-05	-3.2e-05	8.25334e-07
5.12e-05	-3.2e-05	-3.45522e-05
5.44e-05	-3.2e-05	-4.33254e-05
5.76e-05	-3.2e-05	-4.94382e-05
6.08e-05	-3.2e-05	-5.74589e-05

-6.08e-05	-3.52e-05	1.04811e-06
-5.76e-05	-3.52e-05	1.19239e-06
-5.44e-05	-3.52e-05	1.51025e-06
-5.12e-05	-3.52e-05	-5.50462e-08
-4.8e-05	-3.52e-05	1.32907e-09
-4.48e-05	-3.52e-05	-2.67125e-11
-4.16e-05	-3.52e-05	4.83221e-13
-3.84e-05	-3.52e-05	-8.17529e-15
-3.52e-05	-3.52e-05	1.51609e-16
-3.2e-05	-3.52e-05	-7.29046e-18
-2.88e-05	-3.52e-05	2.97785e-17
-2.56e-05	-3.52e-05	-2.51042e-17
-2.24e-05	-3.52e-05	1.63079e-17
-1.92e-05	-3.52e-05	-8.02561e-18
-1.6e-05	-3.52e-05	2.40544e-18
-1.28e-05	-3.52e-05	-1.09001e-18
-9.6e-06	-3.52e-05	-4.23939e-19
-6.4e-06	-3.52e-05	5.094e-19
-3.2e-06	-3.52e-05	-5.63326e-19
0	-3.52e-05	9.61002e-20
3.2e-06	-3.52e-05	-4.28557e-19
6.4e-06	-3.52e-05	-1.38701e-19
9.6e-06	-3.52e-05	-1.97841e-19
1.28e-05	-3.52e-05	-2.21306e-19
1.6e-05	-3.52e-05	-1.89077e-19
1.92e-05	-3.52e-05	-6.8892e-20
2.24e-05	-3.52e-05	-2.81585e-20
2.56e-05	-3.52e-05	-1.51685e-20
2.88e-05	-3.52e-05	-6.94164e-19
3.2e-05	-3.52e-05	3.91411e-17
3.52e-05	-3.52e-05	-2.31663e-15
3.84e-05	-3.52e-05	1.37358e-13
4.16e-05	-3.52e-05	-7.59412e-12
4.48e-05	-3.52e-05	3.7762e-10
4.8e-05	-3.52e-05	-1.56049e-08
5.12e-05	-3.52e-05	4.24768e-07
5.44e-05	-3.52e-05	5.27829e-07
5.76e-05	-3.52e-05	6.01467e-07
6.08e-05	-3.52e-05	7.1e-07

-6.08e-05	-3.84e-05	-1.23935e-08
-5.76e-05	-3.84e-05	-1.44916e-08
-5.44e-05	-3.84e-05	-1.86763e-08
-5.12e-05	-3.84e-05	9.20335e-10
-4.8e-05	-3.84e-05	-2.808e-11
-4.48e-05	-3.84e-05	6.83999e-13
-4.16e-05	-3.84e-05	-1.4577e-14
-3.84e-05	-3.84e-05	2.99792e-16
-3.52e-05	-3.84e-05	-2.18724e-17
-3.2e-05	-3.84e-05	1.90982e-17
-2.88e-05	-3.84e-05	-1.62596e-17
-2.56e-05	-3.84e-05	1.40618e-17
-2.24e-05	-3.84e-05	-4.46819e-18
-1.92e-05	-3.84e-05	1.63195e-18
-1.6e-05	-3.84e-05	-1.01439e-18
-1.28e-05	-3.84e-05	-6.85027e-19
-9.6e-06	-3.84e-05	1.16867e-18
-6.4e-06	-3.84e-05	-9.30388e-19
-3.2e-06	-3.84e-05	8.39955e-19
0	-3.84e-05	-5.41765e-19
3.2e-06	-3.84e-05	4.98059e-19
6.4e-06	-3.84e-05	-4.69817e-19
9.6e-06	-3.84e-05	2.2716e-19
1.28e-05	-3.84e-05	-9.02767e-20
1.6e-05	-3.84e-05	5.15341e-20
1.92e-05	-3.84e-05	-6.74643e-20
2.24e-05	-3.84e-05	4.70675e-20
2.56e-05	-3.84e-05	-3.36494e-20
2.88e-05	-3.84e-05	5.62254e-20
3.2e-05	-3.84e-05	-1.46889e-18
3.52e-05	-3.84e-05	8.06242e-17
3.84e-05	-3.84e-05	-4.13854e-15
4.16e-05	-3.84e-05	1.94165e-13
4.48e-05	-3.84e-05	-7.95983e-12
4.8e-05	-3.84e-05	2.60017e-10
5.12e-05	-3.84e-05	-5.22347e-09
5.44e-05	-3.84e-05	-6.43003e-09
5.76e-05	-3.84e-05	-7.31564e-09
6.08e-05	-3.84e-05	-8.77609e-09

-6.08e-05	-4.16e-05	1.44814e-10
-5.76e-05	-4.16e-05	1.76142e-10
-5.44e-05	-4.16e-05	2.31034e-10
-5.12e-05	-4.16e-05	-1.43744e-11
-4.8e-05	-4.16e-05	5.29988e-13
-4.48e-05	-4.16e-05	-1.51555e-14
-4.16e-05	-4.16e-05	3.80526e-16
-3.84e-05	-4.16e-05	-1.92916e-17
-3.52e-05	-4.16e-05	1.28154e-17
-3.2e-05	-4.16e-05	-6.38207e-18
-2.88e-05	-4.16e-05	8.2133e-18
-2.56e-05	-4.16e-05	-9.6954e-18
-2.24e-05	-4.16e-05	8.01901e-18
-1.92e-05	-4.16e-05	-1.43786e-18
-1.6e-05	-4.16e-05	-2.2337e-18
-1.28e-05	-4.16e-05	2.38762e-18
-9.6e-06	-4.16e-05	-1.5298e-18
-6.4e-06	-4.16e-05	1.50473e-18
-3.2e-06	-4.16e-05	-1.01964e-18
0	-4.16e-05	8.25394e-19
3.2e-06	-4.16e-05	-5.78541e-19
6.4e-06	-4.16e-05	5.2113e-19
9.6e-06	-4.16e-05	-1.75553e-19
1.28e-05	-4.16e-05	1.67068e-19
1.6e-05	-4.16e-05	-1.32406e-19
1.92e-05	-4.16e-05	3.24699e-20
2.24e-05	-4.16e-05	-5.21491e-20
2.56e-05	-4.16e-05	4.2772e-20
2.88e-05	-4.16e-05	-2.5494e-20
3.2e-05	-4.16e-05	5.50843e-20
3.52e-05	-4.16e-05	-2.31116e-18
3.84e-05	-4.16e-05	1.05268e-16
4.16e-05	-4.16e-05	-4.29525e-15
4.48e-05	-4.16e-05	1.49908e-13
4.8e-05	-4.16e-05	-4.04842e-12
5.12e-05	-4.16e-05	6.42542e-11
5.44e-05	-4.16e-05	7.83251e-11
5.76e-05	-4.16e-05	8.89565e-11
6.08e-05	-4.16e-05	1.08514e-10

-6.08e-05	-4.48e-05	-1.66836e-12
-5.76e-05	-4.48e-05	-2.1415e-12
-5.44e-05	-4.48e-05	-2.85892e-12
-5.12e-05	-4.48e-05	2.15167e-13
-4.8e-05	-4.48e-05	-9.30024e-15
-4.48e-05	-4.48e-05	3.03227e-16
-4.16e-05	-4.48e-05	-4.93466e-18
-3.84e-05	-4.48e-05	-2.03605e-18
-3.52e-05	-4.48e-05	6.88955e-19
-3.2e-05	-4.48e-05	-1.67882e-18
-2.88e-05	-4.48e-05	-2.92756e-18
-2.56e-05	-4.48e-05	-1.38993e-18
-2.24e-05	-4.48e-05	4.92867e-18
-1.92e-05	-4.48e-05	-3.60791e-18
-1.6e-05	-4.48e-05	2.51613e-18
-1.28e-05	-4.48e-05	-2.74103e-18
-9.6e-06	-4.48e-05	1.70405e-18
-6.4e-06	-4.48e-05	-1.09329e-18
-3.2e-06	-4.48e-05	9.32409e-19
0	-4.48e-05	-3.1521e-19
3.2e-06	-4.48e-05	2.22018e-19
6.4e-06	-4.48e-05	-3.18491e-19
9.6e-06	-4.48e-05	1.54143e-19
1.28e-05	-4.48e-05	-4.54423e-20
1.6e-05	-4.48e-05	7.70139e-20
1.92e-05	-4.48e-05	-7.31401e-20
2.24e-05	-4.48e-05	5.07225e-20
2.56e-05	-4.48e-05	-3.47784e-20
2.88e-05	-4.48e-05	3.90413e-20
3.2e-05	-4.48e-05	-6.64346e-21
3.52e-05	-4.48e-05	5.18471e-20
3.84e-05	-4.48e-05	-2.34863e-18
4.16e-05	-4.48e-05	8.63856e-17
4.48e-05	-4.48e-05	-2.62572e-15
4.8e-05	-4.48e-05	6.04187e-14
5.12e-05	-4.48e-05	-7.90645e-13
5.44e-05	-4.48e-05	-9.54018e-13
5.76e-05	-4.48e-05	-1.08139e-12
6.08e-05	-4.48e-05	-1.34221e-12

-6.08e-05	-4.8e-05	1.88896e-14
-5.76e-05	-4.8e-05	2.60467e-14
-5.44e-05	-4.8e-05	3.53865e-14
-5.12e-05	-4.8e-05	-3.12679e-15
-4.8e-05	-4.8e-05	1.53889e-16
-4.48e-05	-4.8e-05	-3.04267e-18
-4.16e-05	-4.8e-05	-1.40349e-18
-3.84e-05	-4.8e-05	2.38604e-18
-3.52e-05	-4.8e-05	-4.05601e-18
-3.2e-05	-4.8e-05	2.06868e-18
-2.88e-05	-4.8e-05	-3.16754e-18
-2.56e-05	-4.8e-05	4.31124e-18
-2.24e-05	-4.8e-05	-3.57544e-18
-1.92e-05	-4.8e-05	5.52201e-19
-1.6e-05	-4.8e-05	-1.87708e-18
-1.28e-05	-4.8e-05	2.3364e-18
-9.6e-06	-4.8e-05	-2.11199e-18
-6.4e-06	-4.8e-05	1.39647e-18
-3.2e-06	-4.8e-05	-1.08058e-18
0	-4.8e-05	5.12703e-19
3.2e-06	-4.8e-05	-5.55976e-19
6.4e-06	-4.8e-05	3.57481e-19
9.6e-06	-4.8e-05	-1.65601e-19
1.28e-05	-4.8e-05	2.28567e-19
1.6e-05	-4.8e-05	-1.34385e-19
1.92e-05	-4.8e-05	4.47263e-20
2.24e-05	-4.8e-05	-2.79208e-20
2.56e-05	-4.8e-05	3.83166e-20
2.88e-05	-4.8e-05	-2.54495e-20
3.2e-05	-4.8e-05	6.97719e-21
3.52e-05	-4.8e-05	2.88429e-21
3.84e-05	-4.8e-05	3.75966e-20
4.16e-05	-4.8e-05	-1.60686e-18
4.48e-05	-4.8e-05	4.36807e-17
4.8e-05	-4.8e-05	-8.75936e-16
5.12e-05	-4.8e-05	9.73204e-15
5.44e-05	-4.8e-05	1.16194e-14
5.76e-05	-4.8e-05	1.31417e-14
6.08e-05	-4.8e-05	1.66077e-14

-6.08e-05	-5.12e-05	-2.08115e-16
-5.76e-05	-5.12e-05	-3.17575e-16
-5.44e-05	-5.12e-05	-4.36774e-16
-5.12e-05	-5.12e-05	4.20806e-17
-4.8e-05	-5.12e-05	4.43019e-19
-4.48e-05	-5.12e-05	-3.53531e-18
-4.16e-05	-5.12e-05	4.28437e-18
-3.84e-05	-5.12e-05	-3.11318e-18
-3.52e-05	-5.12e-05	2.60996e-18
-3.2e-05	-5.12e-05	-2.5944e-18
-2.88e-05	-5.12e-05	3.70283e-18
-2.56e-05	-5.12e-05	-4.89567e-18
-2.24e-05	-5.12e-05	4.28837e-18
-1.92e-05	-5.12e-05	-4.96858e-18
-1.6e-05	-5.12e-05	3.34137e-18
-1.28e-05	-5.12e-05	-3.09799e-18
-9.6e-06	-5.12e-05	1.25215e-18
-6.4e-06	-5.12e-05	-7.61431e-19
-3.2e-06	-5.12e-05	5.83431e-19
0	-5.12e-05	-3.03641e-19
3.2e-06	-5.12e-05	4.35463e-19
6.4e-06	-5.12e-05	-2.02639e-19
9.6e-06	-5.12e-05	2.39421e-19
1.28e-05	-5.12e-05	-5.14529e-20
1.6e-05	-5.12e-05	4.67493e-20
1.92e-05	-5.12e-05	-6.54642e-21
2.24e-05	-5.12e-05	8.83377e-20
2.56e-05	-5.12e-05	-4.85701e-20
2.88e-05	-5.12e-05	1.8481e-20
3.2e-05	-5.12e-05	-1.02502e-20
3.52e-05	-5.12e-05	-2.39736e-20
3.84e-05	-5.12e-05	4.04705e-20
4.16e-05	-5.12e-05	2.52337e-21
4.48e-05	-5.12e-05	-6.70145e-19
4.8e-05	-5.12e-05	1.24352e-17
5.12e-05	-5.12e-05	-1.19724e-16
5.44e-05	-5.12e-05	-1.41651e-16
5.76e-05	-5.12e-05	-1.59719e-16
6.08e-05	-5.12e-05	-2.05827e-16

-6.08e-05	-5.44e-05	1.41494e-18
-5.76e-05	-5.44e-05	4.53166e-18
-5.44e-05	-5.44e-05	5.02927e-18
-5.12e-05	-5.44e-05	1.18826e-18
-4.8e-05	-5.44e-05	-1.53492e-18
-4.48e-05	-5.44e-05	2.38237e-18
-4.16e-05	-5.44e-05	-2.91525e-18
-3.84e-05	-5.44e-05	3.07956e-18
-3.52e-05	-5.44e-05	-3.46246e-18
-3.2e-05	-5.44e-05	3.96313e-18
-2.88e-05	-5.44e-05	-4.9049e-18
-2.56e-05	-5.44e-05	3.24548e-18
-2.24e-05	-5.44e-05	-3.27833e-18
-1.92e-05	-5.44e-05	3.05126e-18
-1.6e-05	-5.44e-05	-1.80685e-18
-1.28e-05	-5.44e-05	1.41824e-18
-9.6e-06	-5.44e-05	-1.30261e-19
-6.4e-06	-5.44e-05	8.98994e-19
-3.2e-06	-5.44e-05	-5.89282e-19
0	-5.44e-05	4.25763e-19
3.2e-06	-5.44e-05	-3.66106e-19
6.4e-06	-5.44e-05	1.41708e-19
9.6e-06	-5.44e-05	2.69523e-20
1.28e-05	-5.44e-05	2.14141e-20
1.6e-05	-5.44e-05	-3.68694e-20
1.92e-05	-5.44e-05	5.28262e-20
2.24e-05	-5.44e-05	-9.1653e-20
2.56e-05	-5.44e-05	4.58616e-20
2.88e-05	-5.44e-05	-2.85372e-20
3.2e-05	-5.44e-05	7.69109e-21
3.52e-05	-5.44e-05	1.29767e-20
3.84e-05	-5.44e-05	-2.93929e-20
4.16e-05	-5.44e-05	5.5379e-20
4.48e-05	-5.44e-05	-3.4346e-20
4.8e-05	-5.44e-05	-1.41501e-19
5.12e-05	-5.44e-05	1.45342e-18
5.44e-05	-5.44e-05	1.7163e-18
5.76e-05	-5.44e-05	1.91877e-18
6.08e-05	-5.44e-05	2.68377e-18

-6.08e-05	-5.76e-05	4.39145e-19
-5.76e-05	-5.76e-05	-1.01935e-18
-5.44e-05	-5.76e-05	1.04522e-18
-5.12e-05	-5.76e-05	-5.30089e-19
-4.8e-05	-5.76e-05	1.39159e-18
-4.48e-05	-5.76e-05	-1.27893e-18
-4.16e-05	-5.76e-05	7.72267e-19
-3.84e-05	-5.76e-05	-1.43418e-18
-3.52e-05	-5.76e-05	2.12111e-18
-3.2e-05	-5.76e-05	-1.97661e-18
-2.88e-05	-5.76e-05	2.18876e-18
-2.56e-05	-5.76e-05	-6.07555e-19
-2.24e-05	-5.76e-05	9.07843e-19
-1.92e-05	-5.76e-05	-9.81919e-19
-1.6e-05	-5.76e-05	8.47495e-19
-1.28e-05	-5.76e-05	-6.74433e-19
-9.6e-06	-5.76e-05	1.14138e-18
-6.4e-06	-5.76e-05	-9.31674e-19
-3.2e-06	-5.76e-05	5.86297e-19
0	-5.76e-05	-4.88582e-19
3.2e-06	-5.76e-05	1.80292e-19
6.4e-06	-5.76e-05	-7.29011e-20
9.6e-06	-5.76e-05	-5.96801e-21
1.28e-05	-5.76e-05	-1.36017e-20
1.6e-05	-5.76e-05	4.32128e-20
1.92e-05	-5.76e-05	-3.65819e-20
2.24e-05	-5.76e-05	1.80879e-20
2.56e-05	-5.76e-05	-4.18072e-20
2.88e-05	-5.76e-05	1.82088e-20
3.2e-05	-5.76e-05	-9.80463e-21
3.52e-05	-5.76e-05	-9.12588e-21
3.84e-05	-5.76e-05	3.32561e-20
4.16e-05	-5.76e-05	-4.57639e-20
4.48e-05	-5.76e-05	2.25501e-20
4.8e-05	-5.76e-05	-2.94875e-20
5.12e-05	-5.76e-05	-3.1907e-20
5.44e-05	-5.76e-05	-6.64218e-20
5.76e-05	-5.76e-05	1.69087e-20
6.08e-05	-5.76e-05	-5.21742e-21

-6.08e-05	-6.08e-05	-2.88894e-19
-5.76e-05	-6.08e-05	5.28384e-19
-5.44e-05	-6.08e-05	-7.64427e-19
-5.12e-05	-6.08e-05	1.01689e-18
-4.8e-05	-6.08e-05	-9.93678e-19
-4.48e-05	-6.08e-05	8.05758e-19
-4.16e-05	-6.08e-05	-7.22941e-19
-3.84e-05	-6.08e-05	9.63867e-19
-3.52e-05	-6.08e-05	-1.06552e-18
-3.2e-05	-6.08e-05	5.10408e-19
-2.88e-05	-6.08e-05	-7.01558e-19
-2.56e-05	-6.08e-05	7.02925e-19
-2.24e-05	-6.08e-05	-1.02659e-18
-1.92e-05	-6.08e-05	7.65981e-19
-1.6e-05	-6.08e-05	-9.2486e-19
-1.28e-05	-6.08e-05	1.16202e-18
-9.6e-06	-6.08e-05	-1.01901e-18
-6.4e-06	-6.08e-05	5.4835e-19
-3.2e-06	-6.08e-05	-3.66871e-19
0	-6.08e-05	2.21091e-19
3.2e-06	-6.08e-05	5.49105e-20
6.4e-06	-6.08e-05	1.90232e-21
9.6e-06	-6.08e-05	-3.19114e-20
1.28e-05	-6.08e-05	1.70318e-20
1.6e-05	-6.08e-05	1.16267e-21
1.92e-05	-6.08e-05	-2.44824e-21
2.24e-05	-6.08e-05	-1.507e-20
2.56e-05	-6.08e-05	2.34486e-20
2.88e-05	-6.08e-05	-1.64284e-20
3.2e-05	-6.08e-05	3.6972e-21
3.52e-05	-6.08e-05	7.91314e-21
3.84e-05	-6.08e-05	-8.92205e-21
4.16e-05	-6.08e-05	1.89705e-20
4.48e-05	-6.08e-05	-4.25864e-21
4.8e-05	-6.08e-05	2.39922e-21
5.12e-05	-6.08e-05	2.47705e-20
5.44e-05	-6.08e-05	-8.06529e-21
5.76e-05	-6.08e-05	-4.47071e-21
6.08e-05	-6.08e-05	-4.19907e-21
