
-6.46e-05	6.8e-05	0.0143048
-6.12e-05	6.8e-05	-0.0166801
-5.78e-05	6.8e-05	0.0182649
-5.44e-05	6.8e-05	-0.0193913
-5.1e-05	6.8e-05	0.0201361
-4.76e-05	6.8e-05	-0.0204963
-4.42e-05	6.8e-05	0.0204543
-4.08e-05	6.8e-05	-0.0200042
-3.74e-05	6.8e-05	0.0191576
-3.4e-05	6.8e-05	-0.0179405
-3.06e-05	6.8e-05	0.016387
-2.72e-05	6.8e-05	-0.0145356
-2.38e-05	6.8e-05	0.0124267
-2.04e-05	6.8e-05	-0.010102
-1.7e-05	6.8e-05	0.00760434
-1.36e-05	6.8e-05	-0.00497761
-1.02e-05	6.8e-05	0.00226672
-6.8e-06	6.8e-05	0.000482807
-3.4e-06	6.8e-05	-0.00322526
0	6.8e-05	0.00591527
3.4e-06	6.8e-05	-0.00850848
6.8e-06	6.8e-05	0.0109621
1.02e-05	6.8e-05	-0.0132354
1.36e-05	6.8e-05	0.0152906
1.7e-05	6.8e-05	-0.0170931
2.04e-05	6.8e-05	0.018612
2.38e-05	6.8e-05	-0.0198206
2.72e-05	6.8e-05	0.0206975
3.06e-05	6.8e-05	-0.0212278
3.4e-05	6.8e-05	0.0214065
3.74e-05	6.8e-05	-0.0212431
4.08e-05	6.8e-05	0.0207701
4.42e-05	6.8e-05	-0.0200502
4.76e-05	6.8e-05	0.0191825
5.1e-05	6.8e-05	-0.0183035
5.44e-05	6.8e-05	0.0175873
5.78e-05	6.8e-05	-0.0172578
6.12e-05	6.8e-05	0.017647
6.46e-05	6.8e-05	-0.0194177

-6.46e-05	6.46e-05	-0.0285702
-6.12e-05	6.46e-05	0.0318701
-5.78e-05	6.46e-05	-0.0344909
-5.44e-05	6.46e-05	0.0365127
-5.1e-05	6.46e-05	-0.0379037
-4.76e-05	6.46e-05	0.0385923
-4.42e-05	6.46e-05	-0.0385201
-4.08e-05	6.46e-05	0.0376696
-3.74e-05	6.46e-05	-0.0360664
-3.4e-05	6.46e-05	0.0337643
-3.06e-05	6.46e-05	-0.0308314
-2.72e-05	6.46e-05	0.0273413
-2.38e-05	6.46e-05	-0.0233702
-2.04e-05	6.46e-05	0.0189958
-1.7e-05	6.46e-05	-0.014298
-1.36e-05	6.46e-05	0.00935879
-1.02e-05	6.46e-05	-0.00426215
-6.8e-06	6.46e-05	-0.000906677
-3.4e-06	6.46e-05	0.00606195
0	6.46e-05	-0.0111186
3.4e-06	6.46e-05	0.0159932
6.8e-06	6.46e-05	-0.0206055
1.02e-05	6.46e-05	0.0248792
1.36e-05	6.46e-05	-0.0287433
1.7e-05	6.46e-05	0.0321327
2.04e-05	6.46e-05	-0.0349894
2.38e-05	6.46e-05	0.0372629
2.72e-05	6.46e-05	-0.0389116
3.06e-05	6.46e-05	0.0399049
3.4e-05	6.46e-05	-0.0402279
3.74e-05	6.46e-05	0.0398914
4.08e-05	6.46e-05	-0.0389471
4.42e-05	6.46e-05	0.0375068
4.76e-05	6.46e-05	-0.0357535
5.1e-05	6.46e-05	0.0339414
5.44e-05	6.46e-05	-0.0323832
5.78e-05	6.46e-05	0.0314371
6.12e-05	6.46e-05	-0.0314995
6.46e-05	6.46e-05	0.0329912

-6.46e-05	6.12e-05	0.0398222
-6.12e-05	6.12e-05	-0.0433814
-5.78e-05	6.12e-05	0.0465999
-5.44e-05	6.12e-05	-0.0492726
-5.1e-05	6.12e-05	0.0511912
-4.76e-05	6.12e-05	-0.0521722
-4.42e-05	6.12e-05	0.0520972
-4.08e-05	6.12e-05	-0.0509373
-3.74e-05	6.12e-05	0.0487426
-3.4e-05	6.12e-05	-0.0456023
-3.06e-05	6.12e-05	0.0416173
-2.72e-05	6.12e-05	-0.0368897
-2.38e-05	6.12e-05	0.0315215
-2.04e-05	6.12e-05	-0.0256156
-1.7e-05	6.12e-05	0.019278
-1.36e-05	6.12e-05	-0.0126178
-1.02e-05	6.12e-05	0.00574699
-6.8e-06	6.12e-05	0.00122012
-3.4e-06	6.12e-05	-0.00816845
0	6.12e-05	0.0149836
3.4e-06	6.12e-05	-0.0215535
6.8e-06	6.12e-05	0.0277701
1.02e-05	6.12e-05	-0.0335309
1.36e-05	6.12e-05	0.0387405
1.7e-05	6.12e-05	-0.0433115
2.04e-05	6.12e-05	0.0471658
2.38e-05	6.12e-05	-0.050235
2.72e-05	6.12e-05	0.0524608
3.06e-05	6.12e-05	-0.053796
3.4e-05	6.12e-05	0.0542086
3.74e-05	6.12e-05	-0.0536931
4.08e-05	6.12e-05	0.0522951
4.42e-05	6.12e-05	-0.0501478
4.76e-05	6.12e-05	0.0474949
5.1e-05	6.12e-05	-0.0446845
5.44e-05	6.12e-05	0.0421392
5.78e-05	6.12e-05	-0.0403096
6.12e-05	6.12e-05	0.0396158
6.46e-05	6.12e-05	-0.0403607

-6.46e-05	5.78e-05	-0.0457163
-6.12e-05	5.78e-05	0.0493017
-5.78e-05	5.78e-05	-0.0528833
-5.44e-05	5.78e-05	0.0560493
-5.1e-05	5.78e-05	-0.058417
-4.76e-05	5.78e-05	0.0596746
-4.42e-05	5.78e-05	-0.0596359
-4.08e-05	5.78e-05	0.0582751
-3.74e-05	5.78e-05	-0.0556998
-3.4e-05	5.78e-05	0.0520497
-3.06e-05	5.78e-05	-0.0474554
-2.72e-05	5.78e-05	0.0420349
-2.38e-05	5.78e-05	-0.0359004
-2.04e-05	5.78e-05	0.0291648
-1.7e-05	5.78e-05	-0.0219449
-1.36e-05	5.78e-05	0.0143621
-1.02e-05	5.78e-05	-0.00654234
-6.8e-06	5.78e-05	-0.00138553
-3.4e-06	5.78e-05	0.00929125
0	5.78e-05	-0.0170452
3.4e-06	5.78e-05	0.0245201
6.8e-06	5.78e-05	-0.0315935
1.02e-05	5.78e-05	0.0381493
1.36e-05	5.78e-05	-0.0440792
1.7e-05	5.78e-05	0.049285
2.04e-05	5.78e-05	-0.0536784
2.38e-05	5.78e-05	0.0571819
2.72e-05	5.78e-05	-0.0597275
3.06e-05	5.78e-05	0.0612541
3.4e-05	5.78e-05	-0.0617054
3.74e-05	5.78e-05	0.0610358
4.08e-05	5.78e-05	-0.0592418
4.42e-05	5.78e-05	0.0564378
4.76e-05	5.78e-05	-0.0528998
5.1e-05	5.78e-05	0.0490529
5.44e-05	5.78e-05	-0.0454178
5.78e-05	5.78e-05	0.0425348
6.12e-05	5.78e-05	-0.0408765
6.46e-05	5.78e-05	0.0407503

-6.46e-05	5.44e-05	0.0449234
-6.12e-05	5.44e-05	-0.0484847
-5.78e-05	5.44e-05	0.0523515
-5.44e-05	5.44e-05	-0.0559607
-5.1e-05	5.44e-05	0.0587656
-4.76e-05	5.44e-05	-0.0603139
-4.42e-05	5.44e-05	0.0603428
-4.08e-05	5.44e-05	-0.0588595
-3.74e-05	5.44e-05	0.0561158
-3.4e-05	5.44e-05	-0.0523246
-3.06e-05	5.44e-05	0.0476313
-2.72e-05	5.44e-05	-0.0421466
-2.38e-05	5.44e-05	0.0359717
-2.04e-05	5.44e-05	-0.0292106
-1.7e-05	5.44e-05	0.021974
-1.36e-05	5.44e-05	-0.0143797
-1.02e-05	5.44e-05	0.00655126
-6.8e-06	5.44e-05	0.00138363
-3.4e-06	5.44e-05	-0.00929548
0	5.44e-05	0.0170551
3.4e-06	5.44e-05	-0.0245356
6.8e-06	5.44e-05	0.0316148
1.02e-05	5.44e-05	-0.0381771
1.36e-05	5.44e-05	0.0441153
1.7e-05	5.44e-05	-0.049332
2.04e-05	5.44e-05	0.0537413
2.38e-05	5.44e-05	-0.0572683
2.72e-05	5.44e-05	0.0598467
3.06e-05	5.44e-05	-0.0614121
3.4e-05	5.44e-05	0.0618861
3.74e-05	5.44e-05	-0.0611576
4.08e-05	5.44e-05	0.0590985
4.42e-05	5.44e-05	-0.055745
4.76e-05	5.44e-05	0.0513805
5.1e-05	5.44e-05	-0.0465025
5.44e-05	5.44e-05	0.0417342
5.78e-05	5.44e-05	-0.0377196
6.12e-05	5.44e-05	0.0350162
6.46e-05	5.44e-05	-0.0339968

-6.46e-05	5.1e-05	-0.0371548
-6.12e-05	5.1e-05	0.040733
-5.78e-05	5.1e-05	-0.0449194
-5.44e-05	5.1e-05	0.0490247
-5.1e-05	5.1e-05	-0.0523358
-4.76e-05	5.1e-05	0.054226
-4.42e-05	5.1e-05	-0.0543111
-4.08e-05	5.1e-05	0.0526563
-3.74e-05	5.1e-05	-0.0499067
-3.4e-05	5.1e-05	0.0463472
-3.06e-05	5.1e-05	-0.0420859
-2.72e-05	5.1e-05	0.0371857
-2.38e-05	5.1e-05	-0.0317108
-2.04e-05	5.1e-05	0.025738
-1.7e-05	5.1e-05	-0.0193564
-1.36e-05	5.1e-05	0.0126652
-1.02e-05	5.1e-05	-0.00577089
-6.8e-06	5.1e-05	-0.00121558
-3.4e-06	5.1e-05	0.00818099
0	5.1e-05	-0.0150121
3.4e-06	5.1e-05	0.0215976
6.8e-06	5.1e-05	-0.0278304
1.02e-05	5.1e-05	0.0336092
1.36e-05	5.1e-05	-0.0388408
1.7e-05	5.1e-05	0.0434413
2.04e-05	5.1e-05	-0.0473386
2.38e-05	5.1e-05	0.0504729
2.72e-05	5.1e-05	-0.0527962
3.06e-05	5.1e-05	0.0542645
3.4e-05	5.1e-05	-0.0548077
3.74e-05	5.1e-05	0.0542477
4.08e-05	5.1e-05	-0.0521689
4.42e-05	5.1e-05	0.0484412
4.76e-05	5.1e-05	-0.0433495
5.1e-05	5.1e-05	0.0374839
5.44e-05	5.1e-05	-0.0315907
5.78e-05	5.1e-05	0.0264356
6.12e-05	5.1e-05	-0.0226843
6.46e-05	5.1e-05	0.0208018

-6.46e-05	4.76e-05	0.0231123
-6.12e-05	4.76e-05	-0.0268036
-5.78e-05	4.76e-05	0.0314264
-5.44e-05	4.76e-05	-0.0361798
-5.1e-05	4.76e-05	0.040171
-4.76e-05	4.76e-05	-0.0425289
-4.42e-05	4.76e-05	0.0425932
-4.08e-05	4.76e-05	-0.0403483
-3.74e-05	4.76e-05	0.0376836
-3.4e-05	4.76e-05	-0.0347345
-3.06e-05	4.76e-05	0.031425
-2.72e-05	4.76e-05	-0.027715
-2.38e-05	4.76e-05	0.023612
-2.04e-05	4.76e-05	-0.0191549
-1.7e-05	4.76e-05	0.0144017
-1.36e-05	4.76e-05	-0.00942217
-1.02e-05	4.76e-05	0.00429363
-6.8e-06	4.76e-05	0.000902394
-3.4e-06	4.76e-05	-0.00608225
0	4.76e-05	0.011162
3.4e-06	4.76e-05	-0.0160593
6.8e-06	4.76e-05	0.0206946
1.02e-05	4.76e-05	-0.0249932
1.36e-05	4.76e-05	0.0288865
1.7e-05	4.76e-05	-0.0323141
2.04e-05	4.76e-05	0.0352262
2.38e-05	4.76e-05	-0.0375872
2.72e-05	4.76e-05	0.0393819
3.06e-05	4.76e-05	-0.0406223
3.4e-05	4.76e-05	0.0413385
3.74e-05	4.76e-05	-0.0414394
4.08e-05	4.76e-05	0.0397552
4.42e-05	4.76e-05	-0.0358778
4.76e-05	4.76e-05	0.0301654
5.1e-05	4.76e-05	-0.0233679
5.44e-05	4.76e-05	0.0163896
5.78e-05	4.76e-05	-0.0101333
6.12e-05	4.76e-05	0.00538178
6.46e-05	4.76e-05	-0.00270093

-6.46e-05	4.42e-05	-0.00434974
-6.12e-05	4.42e-05	0.00827762
-5.78e-05	4.42e-05	-0.0135061
-5.44e-05	4.42e-05	0.0191501
-5.1e-05	4.42e-05	-0.0241468
-4.76e-05	4.42e-05	0.0273105
-4.42e-05	4.42e-05	-0.0273607
-4.08e-05	4.42e-05	0.0229431
-3.74e-05	4.42e-05	-0.0205926
-3.4e-05	4.42e-05	0.0187331
-3.06e-05	4.42e-05	-0.0168677
-2.72e-05	4.42e-05	0.0148479
-2.38e-05	4.42e-05	-0.0126389
-2.04e-05	4.42e-05	0.0102489
-1.7e-05	4.42e-05	-0.00770407
-1.36e-05	4.42e-05	0.00503988
-1.02e-05	4.42e-05	-0.00229679
-6.8e-06	4.42e-05	-0.000481997
-3.4e-06	4.42e-05	0.00325194
0	4.42e-05	-0.00596832
3.4e-06	4.42e-05	0.00858712
6.8e-06	4.42e-05	-0.011066
1.02e-05	4.42e-05	0.0133652
1.36e-05	4.42e-05	-0.0154483
1.7e-05	4.42e-05	0.0172841
2.04e-05	4.42e-05	-0.0188483
2.38e-05	4.42e-05	0.0201286
2.72e-05	4.42e-05	-0.0211373
3.06e-05	4.42e-05	0.0219499
3.4e-05	4.42e-05	-0.0228326
3.74e-05	4.42e-05	0.0247502
4.08e-05	4.42e-05	-0.024099
4.42e-05	4.42e-05	0.020244
4.76e-05	4.42e-05	-0.0139416
5.1e-05	4.42e-05	0.00623758
5.44e-05	4.42e-05	0.00177463
5.78e-05	4.42e-05	-0.00905914
6.12e-05	4.42e-05	0.0147273
6.46e-05	4.42e-05	-0.0181199

-6.46e-05	4.08e-05	-0.0169564
-6.12e-05	4.08e-05	0.0126808
-5.78e-05	4.08e-05	-0.00667624
-5.44e-05	4.08e-05	-0.000149106
-5.1e-05	4.08e-05	0.00665411
-4.76e-05	4.08e-05	-0.0114714
-4.42e-05	4.08e-05	0.0128548
-4.08e-05	4.08e-05	-0.000333968
-3.74e-05	4.08e-05	0.000194803
-3.4e-05	4.08e-05	-0.000176189
-3.06e-05	4.08e-05	0.000158622
-2.72e-05	4.08e-05	-0.000139623
-2.38e-05	4.08e-05	0.000118849
-2.04e-05	4.08e-05	-9.63741e-05
-1.7e-05	4.08e-05	7.24438e-05
-1.36e-05	4.08e-05	-4.73915e-05
-1.02e-05	4.08e-05	2.15974e-05
-6.8e-06	4.08e-05	4.53225e-06
-3.4e-06	4.08e-05	-3.05788e-05
0	4.08e-05	5.61215e-05
3.4e-06	4.08e-05	-8.07468e-05
6.8e-06	4.08e-05	0.000104056
1.02e-05	4.08e-05	-0.000125676
1.36e-05	4.08e-05	0.000145265
1.7e-05	4.08e-05	-0.000162528
2.04e-05	4.08e-05	0.000177238
2.38e-05	4.08e-05	-0.000189279
2.72e-05	4.08e-05	0.000198769
3.06e-05	4.08e-05	-0.000206022
3.4e-05	4.08e-05	0.000169879
3.74e-05	4.08e-05	-0.0072456
4.08e-05	4.08e-05	0.00835134
4.42e-05	4.08e-05	-0.00428969
4.76e-05	4.08e-05	-0.00278667
5.1e-05	4.08e-05	0.0114374
5.44e-05	4.08e-05	-0.0204239
5.78e-05	4.08e-05	0.0286293
6.12e-05	4.08e-05	-0.0350981
6.46e-05	4.08e-05	0.0391027

-6.46e-05	3.74e-05	0.0383032
-6.12e-05	3.74e-05	-0.0336342
-5.78e-05	3.74e-05	0.0267666
-5.44e-05	3.74e-05	-0.0185519
-5.1e-05	3.74e-05	0.0100607
-4.76e-05	3.74e-05	-0.00250216
-4.42e-05	3.74e-05	-0.00289725
-4.08e-05	3.74e-05	2.98081e-05
-3.74e-05	3.74e-05	-2.08515e-06
-3.4e-05	3.74e-05	1.65939e-06
-3.06e-05	3.74e-05	-1.49169e-06
-2.72e-05	3.74e-05	1.31295e-06
-2.38e-05	3.74e-05	-1.11759e-06
-2.04e-05	3.74e-05	9.0624e-07
-1.7e-05	3.74e-05	-6.81212e-07
-1.36e-05	3.74e-05	4.45637e-07
-1.02e-05	3.74e-05	-2.03087e-07
-6.8e-06	3.74e-05	-4.2617e-08
-3.4e-06	3.74e-05	2.87539e-07
0	3.74e-05	-5.27724e-07
3.4e-06	3.74e-05	7.59282e-07
6.8e-06	3.74e-05	-9.78469e-07
1.02e-05	3.74e-05	1.18177e-06
1.36e-05	3.74e-05	-1.36597e-06
1.7e-05	3.74e-05	1.5283e-06
2.04e-05	3.74e-05	-1.66663e-06
2.38e-05	3.74e-05	1.77988e-06
2.72e-05	3.74e-05	-1.86817e-06
3.06e-05	3.74e-05	1.83409e-06
3.4e-05	3.74e-05	8.73353e-06
3.74e-05	3.74e-05	-0.000974109
4.08e-05	3.74e-05	0.00337076
4.42e-05	3.74e-05	-0.00923646
4.76e-05	3.74e-05	0.0175595
5.1e-05	3.74e-05	-0.027213
5.44e-05	3.74e-05	0.0370615
5.78e-05	3.74e-05	-0.0460217
6.12e-05	3.74e-05	0.0531343
6.46e-05	3.74e-05	-0.0576401

-6.46e-05	3.4e-05	-0.057179
-6.12e-05	3.4e-05	0.0521874
-5.78e-05	3.4e-05	-0.0445443
-5.44e-05	3.4e-05	0.0349927
-5.1e-05	3.4e-05	-0.0244673
-4.76e-05	3.4e-05	0.0139745
-4.42e-05	3.4e-05	-0.00440549
-4.08e-05	3.4e-05	4.09909e-05
-3.74e-05	3.4e-05	-3.66897e-07
-3.4e-05	3.4e-05	-1.19864e-08
-3.06e-05	3.4e-05	1.39938e-08
-2.72e-05	3.4e-05	-1.23461e-08
-2.38e-05	3.4e-05	1.05092e-08
-2.04e-05	3.4e-05	-8.52169e-09
-1.7e-05	3.4e-05	6.40566e-09
-1.36e-05	3.4e-05	-4.19046e-09
-1.02e-05	3.4e-05	1.90969e-09
-6.8e-06	3.4e-05	4.00731e-10
-3.4e-06	3.4e-05	-2.7038e-09
0	3.4e-05	4.96232e-09
3.4e-06	3.4e-05	-7.13972e-09
6.8e-06	3.4e-05	9.20079e-09
1.02e-05	3.4e-05	-1.11124e-08
1.36e-05	3.4e-05	1.28446e-08
1.7e-05	3.4e-05	-1.43711e-08
2.04e-05	3.4e-05	1.56715e-08
2.38e-05	3.4e-05	-1.66958e-08
2.72e-05	3.4e-05	1.31654e-08
3.06e-05	3.4e-05	4.5259e-07
3.4e-05	3.4e-05	-5.023e-05
3.74e-05	3.4e-05	0.00534162
4.08e-05	3.4e-05	-0.0111629
4.42e-05	3.4e-05	0.0190423
4.76e-05	3.4e-05	-0.0286012
5.1e-05	3.4e-05	0.0390725
5.44e-05	3.4e-05	-0.0495199
5.78e-05	3.4e-05	0.0589693
6.12e-05	3.4e-05	-0.066512
6.46e-05	3.4e-05	0.0713947

-6.46e-05	3.06e-05	0.0713595
-6.12e-05	3.06e-05	-0.0662564
-5.78e-05	3.06e-05	0.0581399
-5.44e-05	3.06e-05	-0.0476228
-5.1e-05	3.06e-05	0.035496
-4.76e-05	3.06e-05	-0.0226122
-4.42e-05	3.06e-05	0.00972663
-4.08e-05	3.06e-05	-9.11532e-05
-3.74e-05	3.06e-05	8.55614e-07
-3.4e-05	3.06e-05	-7.88769e-09
-3.06e-05	3.06e-05	-5.64855e-11
-2.72e-05	3.06e-05	1.15393e-10
-2.38e-05	3.06e-05	-9.88156e-11
-2.04e-05	3.06e-05	8.01325e-11
-1.7e-05	3.06e-05	-6.02344e-11
-1.36e-05	3.06e-05	3.94042e-11
-1.02e-05	3.06e-05	-1.79575e-11
-6.8e-06	3.06e-05	-3.7681e-12
-3.4e-06	3.06e-05	2.54245e-11
0	3.06e-05	-4.66619e-11
3.4e-06	3.06e-05	6.71366e-11
6.8e-06	3.06e-05	-8.65174e-11
1.02e-05	3.06e-05	1.04493e-10
1.36e-05	3.06e-05	-1.20781e-10
1.7e-05	3.06e-05	1.3513e-10
2.04e-05	3.06e-05	-1.46831e-10
2.38e-05	3.06e-05	1.00101e-10
2.72e-05	3.06e-05	5.94015e-09
3.06e-05	3.06e-05	-6.50521e-07
3.4e-05	3.06e-05	6.93477e-05
3.74e-05	3.06e-05	-0.00738073
4.08e-05	3.06e-05	0.0153707
4.42e-05	3.06e-05	-0.0245651
4.76e-05	3.06e-05	0.0348197
5.1e-05	3.06e-05	-0.0456136
5.44e-05	3.06e-05	0.0562056
5.78e-05	3.06e-05	-0.0657605
6.12e-05	3.06e-05	0.0734557
6.46e-05	3.06e-05	-0.0785726

-6.46e-05	2.72e-05	-0.0791534
-6.12e-05	2.72e-05	0.0742797
-5.78e-05	2.72e-05	-0.0661867
-5.44e-05	2.72e-05	0.0553511
-5.1e-05	2.72e-05	-0.0424284
-4.76e-05	2.72e-05	0.0281598
-4.42e-05	2.72e-05	-0.0132551
-4.08e-05	2.72e-05	0.000124423
-3.74e-05	2.72e-05	-1.16871e-06
-3.4e-05	2.72e-05	1.09764e-08
-3.06e-05	2.72e-05	-1.01874e-10
-2.72e-05	2.72e-05	-1.23142e-13
-2.38e-05	2.72e-05	9.20194e-13
-2.04e-05	2.72e-05	-7.53463e-13
-1.7e-05	2.72e-05	5.66471e-13
-1.36e-05	2.72e-05	-3.7053e-13
-1.02e-05	2.72e-05	1.68879e-13
-6.8e-06	2.72e-05	3.5516e-14
-3.4e-06	2.72e-05	-2.39108e-13
0	2.72e-05	4.38796e-13
3.4e-06	2.72e-05	-6.31317e-13
6.8e-06	2.72e-05	8.13548e-13
1.02e-05	2.72e-05	-9.82541e-13
1.36e-05	2.72e-05	1.1357e-12
1.7e-05	2.72e-05	-1.26555e-12
2.04e-05	2.72e-05	8.30898e-13
2.38e-05	2.72e-05	5.76324e-11
2.72e-05	2.72e-05	-6.29556e-09
3.06e-05	2.72e-05	6.70815e-07
3.4e-05	2.72e-05	-7.14602e-05
3.74e-05	2.72e-05	0.00761133
4.08e-05	2.72e-05	-0.0162724
4.42e-05	2.72e-05	0.0256688
4.76e-05	2.72e-05	-0.0357379
5.1e-05	2.72e-05	0.0461198
5.44e-05	2.72e-05	-0.0562434
5.78e-05	2.72e-05	0.0654201
6.12e-05	2.72e-05	-0.072934
6.46e-05	2.72e-05	0.078124

-6.46e-05	2.38e-05	0.0795791
-6.12e-05	2.38e-05	-0.0753658
-5.78e-05	2.38e-05	0.0679265
-5.44e-05	2.38e-05	-0.0575982
-5.1e-05	2.38e-05	0.0449053
-4.76e-05	2.38e-05	-0.0304932
-4.42e-05	2.38e-05	0.0150453
-4.08e-05	2.38e-05	-0.000141342
-3.74e-05	2.38e-05	1.3279e-06
-3.4e-05	2.38e-05	-1.24755e-08
-3.06e-05	2.38e-05	1.17194e-10
-2.72e-05	2.38e-05	-1.09079e-12
-2.38e-05	2.38e-05	1.56432e-15
-2.04e-05	2.38e-05	7.05949e-15
-1.7e-05	2.38e-05	-5.21429e-15
-1.36e-05	2.38e-05	3.48347e-15
-1.02e-05	2.38e-05	-1.55432e-15
-6.8e-06	2.38e-05	-3.17342e-16
-3.4e-06	2.38e-05	2.26736e-15
0	2.38e-05	-4.15715e-15
3.4e-06	2.38e-05	5.957e-15
6.8e-06	2.38e-05	-7.67944e-15
1.02e-05	2.38e-05	9.24375e-15
1.36e-05	2.38e-05	-1.06059e-14
1.7e-05	2.38e-05	7.62774e-15
2.04e-05	2.38e-05	4.49221e-13
2.38e-05	2.38e-05	-4.92214e-11
2.72e-05	2.38e-05	5.24434e-09
3.06e-05	2.38e-05	-5.58606e-07
3.4e-05	2.38e-05	5.95001e-05
3.74e-05	2.38e-05	-0.00634393
4.08e-05	2.38e-05	0.0142138
4.42e-05	2.38e-05	-0.0225901
4.76e-05	2.38e-05	0.031457
5.1e-05	2.38e-05	-0.0405784
5.44e-05	2.38e-05	0.0495378
5.78e-05	2.38e-05	-0.0577976
6.12e-05	2.38e-05	0.0647638
6.46e-05	2.38e-05	-0.0698517

-6.46e-05	2.04e-05	-0.0724603
-6.12e-05	2.04e-05	0.0693733
-5.78e-05	2.04e-05	-0.0632675
-5.44e-05	2.04e-05	0.0543345
-5.1e-05	2.04e-05	-0.0429616
-4.76e-05	2.04e-05	0.0296932
-4.42e-05	2.04e-05	-0.015172
-4.08e-05	2.04e-05	0.000142618
-3.74e-05	2.04e-05	-1.34003e-06
-3.4e-05	2.04e-05	1.25909e-08
-3.06e-05	2.04e-05	-1.18303e-10
-2.72e-05	2.04e-05	1.11147e-12
-2.38e-05	2.04e-05	-1.0299e-14
-2.04e-05	2.04e-05	1.31366e-16
-1.7e-05	2.04e-05	5.13766e-17
-1.36e-05	2.04e-05	-4.06213e-17
-1.02e-05	2.04e-05	3.67113e-17
-6.8e-06	2.04e-05	5.9767e-17
-3.4e-06	2.04e-05	-1.06779e-16
0	2.04e-05	8.75659e-17
3.4e-06	2.04e-05	-1.01874e-16
6.8e-06	2.04e-05	7.85628e-17
1.02e-05	2.04e-05	-3.21332e-17
1.36e-05	2.04e-05	9.37414e-17
1.7e-05	2.04e-05	2.50935e-15
2.04e-05	2.04e-05	-2.83416e-13
2.38e-05	2.04e-05	3.02065e-11
2.72e-05	2.04e-05	-3.21795e-09
3.06e-05	2.04e-05	3.42812e-07
3.4e-05	2.04e-05	-3.652e-05
3.74e-05	2.04e-05	0.00390254
4.08e-05	2.04e-05	-0.00970521
4.42e-05	2.04e-05	0.015932
4.76e-05	2.04e-05	-0.0226204
5.1e-05	2.04e-05	0.0296506
5.44e-05	2.04e-05	-0.0367586
5.78e-05	2.04e-05	0.0435658
6.12e-05	2.04e-05	-0.0496168
6.46e-05	2.04e-05	0.0544214

-6.46e-05	1.7e-05	0.0584344
-6.12e-05	1.7e-05	-0.0569143
-5.78e-05	1.7e-05	0.0527852
-5.44e-05	1.7e-05	-0.0460814
-5.1e-05	1.7e-05	0.0370394
-4.76e-05	1.7e-05	-0.0260859
-4.42e-05	1.7e-05	0.0137988
-4.08e-05	1.7e-05	-0.000129785
-3.74e-05	1.7e-05	1.21957e-06
-3.4e-05	1.7e-05	-1.14601e-08
-3.06e-05	1.7e-05	1.07689e-10
-2.72e-05	1.7e-05	-1.01194e-12
-2.38e-05	1.7e-05	9.5736e-15
-2.04e-05	1.7e-05	-6.61443e-17
-1.7e-05	1.7e-05	-6.79556e-17
-1.36e-05	1.7e-05	-4.68125e-18
-1.02e-05	1.7e-05	1.26672e-16
-6.8e-06	1.7e-05	-5.0707e-17
-3.4e-06	1.7e-05	-8.08743e-17
0	1.7e-05	-4.65238e-17
3.4e-06	1.7e-05	-5.30252e-17
6.8e-06	1.7e-05	2.36386e-17
1.02e-05	1.7e-05	3.02543e-17
1.36e-05	1.7e-05	-5.2065e-17
1.7e-05	1.7e-05	-4.23699e-16
2.04e-05	1.7e-05	4.77019e-14
2.38e-05	1.7e-05	-5.09463e-12
2.72e-05	1.7e-05	5.44237e-10
3.06e-05	1.7e-05	-5.81378e-08
3.4e-05	1.7e-05	6.21043e-06
3.74e-05	1.7e-05	-0.000679278
4.08e-05	1.7e-05	0.0034455
4.42e-05	1.7e-05	-0.0066341
4.76e-05	1.7e-05	0.010349
5.1e-05	1.7e-05	-0.0145908
5.44e-05	1.7e-05	0.0192541
5.78e-05	1.7e-05	-0.0241336
6.12e-05	1.7e-05	0.0289322
6.46e-05	1.7e-05	-0.0332756

-6.46e-05	1.36e-05	-0.038873
-6.12e-05	1.36e-05	0.0392821
-5.78e-05	1.36e-05	-0.0376604
-5.44e-05	1.36e-05	0.0338658
-5.1e-05	1.36e-05	-0.0279641
-4.76e-05	1.36e-05	0.0202455
-4.42e-05	1.36e-05	-0.0112014
-4.08e-05	1.36e-05	0.00010543
-3.74e-05	1.36e-05	-9.90836e-07
-3.4e-05	1.36e-05	9.31193e-09
-3.06e-05	1.36e-05	-8.75141e-11
-2.72e-05	1.36e-05	8.22456e-13
-2.38e-05	1.36e-05	-7.6832e-15
-2.04e-05	1.36e-05	2.51611e-17
-1.7e-05	1.36e-05	-2.45868e-17
-1.36e-05	1.36e-05	8.08416e-17
-1.02e-05	1.36e-05	-4.97232e-17
-6.8e-06	1.36e-05	-6.73264e-17
-3.4e-06	1.36e-05	-6.99015e-17
0	1.36e-05	2.28662e-17
3.4e-06	1.36e-05	-5.19546e-17
6.8e-06	1.36e-05	5.86679e-17
1.02e-05	1.36e-05	7.05132e-17
1.36e-05	1.36e-05	7.27995e-17
1.7e-05	1.36e-05	-2.05419e-15
2.04e-05	1.36e-05	2.11943e-13
2.38e-05	1.36e-05	-2.25453e-11
2.72e-05	1.36e-05	2.39852e-09
3.06e-05	1.36e-05	-2.5517e-07
3.4e-05	1.36e-05	2.71467e-05
3.74e-05	1.36e-05	-0.00287057
4.08e-05	1.36e-05	0.00370768
4.42e-05	1.36e-05	-0.00409725
4.76e-05	1.36e-05	0.00386416
5.1e-05	1.36e-05	-0.00288554
5.44e-05	1.36e-05	0.00109903
5.78e-05	1.36e-05	0.00148238
6.12e-05	1.36e-05	-0.00474687
6.46e-05	1.36e-05	0.00846258

-6.46e-05	1.02e-05	0.0157241
-6.12e-05	1.02e-05	-0.0183097
-5.78e-05	1.02e-05	0.0195592
-5.44e-05	1.02e-05	-0.0191268
-5.1e-05	1.02e-05	0.0168822
-4.76e-05	1.02e-05	-0.0129626
-4.42e-05	1.02e-05	0.00776366
-4.08e-05	1.02e-05	-7.31581e-05
-3.74e-05	1.02e-05	6.87719e-07
-3.4e-05	1.02e-05	-6.46487e-09
-3.06e-05	1.02e-05	6.07728e-11
-2.72e-05	1.02e-05	-5.7129e-13
-2.38e-05	1.02e-05	5.40941e-15
-2.04e-05	1.02e-05	-8.00435e-17
-1.7e-05	1.02e-05	1.21338e-16
-1.36e-05	1.02e-05	-2.7141e-17
-1.02e-05	1.02e-05	-6.20304e-17
-6.8e-06	1.02e-05	-1.24108e-16
-3.4e-06	1.02e-05	1.03084e-17
0	1.02e-05	-4.61009e-17
3.4e-06	1.02e-05	-9.43743e-17
6.8e-06	1.02e-05	6.36292e-17
1.02e-05	1.02e-05	1.29191e-18
1.36e-05	1.02e-05	-1.59148e-16
1.7e-05	1.02e-05	4.32145e-15
2.04e-05	1.02e-05	-4.59518e-13
2.38e-05	1.02e-05	4.89087e-11
2.72e-05	1.02e-05	-5.20546e-09
3.06e-05	1.02e-05	5.54027e-07
3.4e-05	1.02e-05	-5.89663e-05
3.74e-05	1.02e-05	0.00625924
4.08e-05	1.02e-05	-0.0108014
4.42e-05	1.02e-05	0.014891
4.76e-05	1.02e-05	-0.0182945
5.1e-05	1.02e-05	0.0207752
5.44e-05	1.02e-05	-0.0220968
5.78e-05	1.02e-05	0.0220546
6.12e-05	1.02e-05	-0.0205387
6.46e-05	1.02e-05	0.017603

-6.46e-05	6.8e-06	0.00871029
-6.12e-05	6.8e-06	-0.00382986
-5.78e-05	6.8e-06	-0.000465326
-5.44e-05	6.8e-06	0.00358491
-5.1e-05	6.8e-06	-0.00516682
-4.76e-05	6.8e-06	0.00518677
-4.42e-05	6.8e-06	-0.00395523
-4.08e-05	6.8e-06	3.73802e-05
-3.74e-05	6.8e-06	-3.51672e-07
-3.4e-05	6.8e-06	3.30853e-09
-3.06e-05	6.8e-06	-3.11266e-11
-2.72e-05	6.8e-06	2.9289e-13
-2.38e-05	6.8e-06	-2.78667e-15
-2.04e-05	6.8e-06	7.32221e-17
-1.7e-05	6.8e-06	-6.01532e-17
-1.36e-05	6.8e-06	-6.9214e-17
-1.02e-05	6.8e-06	-1.13833e-16
-6.8e-06	6.8e-06	-4.01355e-17
-3.4e-06	6.8e-06	-3.33926e-17
0	6.8e-06	-6.84619e-17
3.4e-06	6.8e-06	6.6171e-17
6.8e-06	6.8e-06	1.15597e-16
1.02e-05	6.8e-06	-5.69571e-17
1.36e-05	6.8e-06	1.93468e-17
1.7e-05	6.8e-06	-6.15638e-15
2.04e-05	6.8e-06	6.60199e-13
2.38e-05	6.8e-06	-7.02772e-11
2.72e-05	6.8e-06	7.48082e-09
3.06e-05	6.8e-06	-7.96312e-07
3.4e-05	6.8e-06	8.47653e-05
3.74e-05	6.8e-06	-0.00900951
4.08e-05	6.8e-06	0.0168709
4.42e-05	6.8e-06	-0.0243349
4.76e-05	6.8e-06	0.0311463
5.1e-05	6.8e-06	-0.0369833
5.44e-05	6.8e-06	0.0414372
5.78e-05	6.8e-06	-0.0440496
6.12e-05	6.8e-06	0.044436
6.46e-05	6.8e-06	-0.0424228

-6.46e-05	3.4e-06	-0.0320382
-6.12e-05	3.4e-06	0.0248606
-5.78e-05	3.4e-06	-0.0175165
-5.44e-05	3.4e-06	0.0109095
-5.1e-05	3.4e-06	-0.00569302
-4.76e-05	3.4e-06	0.00204679
-4.42e-05	3.4e-06	0.000297409
-4.08e-05	3.4e-06	-2.99504e-06
-3.74e-05	3.4e-06	2.87321e-08
-3.4e-05	3.4e-06	-2.75525e-10
-3.06e-05	3.4e-06	2.64112e-12
-2.72e-05	3.4e-06	-2.53366e-14
-2.38e-05	3.4e-06	2.14574e-16
-2.04e-05	3.4e-06	-8.40717e-17
-1.7e-05	3.4e-06	-5.57467e-17
-1.36e-05	3.4e-06	-1.2517e-16
-1.02e-05	3.4e-06	-1.15055e-17
-6.8e-06	3.4e-06	-1.12185e-16
-3.4e-06	3.4e-06	-5.74932e-18
0	3.4e-06	-1.18046e-18
3.4e-06	3.4e-06	6.00638e-17
6.8e-06	3.4e-06	5.90773e-17
1.02e-05	3.4e-06	9.85922e-18
1.36e-05	3.4e-06	-1.13409e-16
1.7e-05	3.4e-06	7.4126e-15
2.04e-05	3.4e-06	-7.83434e-13
2.38e-05	3.4e-06	8.34014e-11
2.72e-05	3.4e-06	-8.87869e-09
3.06e-05	3.4e-06	9.452e-07
3.4e-05	3.4e-06	-0.000100623
3.74e-05	3.4e-06	0.0107038
4.08e-05	3.4e-06	-0.0210311
4.42e-05	3.4e-06	0.0311039
4.76e-05	3.4e-06	-0.040714
5.1e-05	3.4e-06	0.0495178
5.44e-05	3.4e-06	-0.0569534
5.78e-05	3.4e-06	0.0622477
6.12e-05	3.4e-06	-0.0646571
6.46e-05	3.4e-06	0.0637132

-6.46e-05	0	0.052063
-6.12e-05	0	-0.0426585
-5.78e-05	0	0.0323663
-5.44e-05	0	-0.0225217
-5.1e-05	0	0.0142042
-4.76e-05	0	-0.00769847
-4.42e-05	0	0.00267846
-4.08e-05	0	-2.50028e-05
-3.74e-05	0	2.3417e-07
-3.4e-05	0	-2.19315e-09
-3.06e-05	0	2.05399e-11
-2.72e-05	0	-1.92337e-13
-2.38e-05	0	1.72103e-15
-2.04e-05	0	-1.99146e-17
-1.7e-05	0	-6.03604e-17
-1.36e-05	0	-2.75652e-19
-1.02e-05	0	-9.64424e-17
-6.8e-06	0	-9.26635e-17
-3.4e-06	0	-4.88817e-18
0	0	4.72003e-17
3.4e-06	0	1.61693e-17
6.8e-06	0	6.82248e-17
1.02e-05	0	-9.52981e-17
1.36e-05	0	1.4604e-16
1.7e-05	0	-7.47158e-15
2.04e-05	0	8.06899e-13
2.38e-05	0	-8.591e-11
2.72e-05	0	9.14647e-09
3.06e-05	0	-9.73786e-07
3.4e-05	0	0.000103675
3.74e-05	0	-0.0110362
4.08e-05	0	0.0225702
4.42e-05	0	-0.0340827
4.76e-05	0	0.045521
5.1e-05	0	-0.0566499
5.44e-05	0	0.0668235
5.78e-05	0	-0.0748197
6.12e-05	0	0.079391
6.46e-05	0	-0.0796894

-6.46e-05	-3.4e-06	-0.0670648
-6.12e-05	-3.4e-06	0.0555112
-5.78e-05	-3.4e-06	-0.0423432
-5.44e-05	-3.4e-06	0.0295273
-5.1e-05	-3.4e-06	-0.0189615
-4.76e-05	-3.4e-06	0.0108118
-4.42e-05	-3.4e-06	-0.00448032
-4.08e-05	-3.4e-06	4.19866e-05
-3.74e-05	-3.4e-06	-3.93576e-07
-3.4e-05	-3.4e-06	3.68929e-09
-3.06e-05	-3.4e-06	-3.45823e-11
-2.72e-05	-3.4e-06	3.24121e-13
-2.38e-05	-3.4e-06	-3.06446e-15
-2.04e-05	-3.4e-06	1.00238e-17
-1.7e-05	-3.4e-06	-2.01706e-17
-1.36e-05	-3.4e-06	-4.06707e-17
-1.02e-05	-3.4e-06	-1.02888e-16
-6.8e-06	-3.4e-06	-2.70745e-17
-3.4e-06	-3.4e-06	1.55411e-18
0	-3.4e-06	4.62954e-18
3.4e-06	-3.4e-06	1.42178e-16
6.8e-06	-3.4e-06	-1.28654e-16
1.02e-05	-3.4e-06	-3.10208e-17
1.36e-05	-3.4e-06	4.64797e-17
1.7e-05	-3.4e-06	6.81448e-15
2.04e-05	-3.4e-06	-7.20971e-13
2.38e-05	-3.4e-06	7.67541e-11
2.72e-05	-3.4e-06	-8.17214e-09
3.06e-05	-3.4e-06	8.70101e-07
3.4e-05	-3.4e-06	-9.26413e-05
3.74e-05	-3.4e-06	0.00986948
4.08e-05	-3.4e-06	-0.0210446
4.42e-05	-3.4e-06	0.0324757
4.76e-05	-3.4e-06	-0.0444133
5.1e-05	-3.4e-06	0.0569916
5.44e-05	-3.4e-06	-0.0697343
5.78e-05	-3.4e-06	0.0805863
6.12e-05	-3.4e-06	-0.0875425
6.46e-05	-3.4e-06	0.0893023

-6.46e-05	-6.8e-06	0.0760601
-6.12e-05	-6.8e-06	-0.0623883
-5.78e-05	-6.8e-06	0.0461784
-5.44e-05	-6.8e-06	-0.0302456
-5.1e-05	-6.8e-06	0.0187099
-4.76e-05	-6.8e-06	-0.0106288
-4.42e-05	-6.8e-06	0.00472023
-4.08e-05	-6.8e-06	-4.43072e-05
-3.74e-05	-6.8e-06	4.15242e-07
-3.4e-05	-6.8e-06	-3.89158e-09
-3.06e-05	-6.8e-06	3.64711e-11
-2.72e-05	-6.8e-06	-3.41826e-13
-2.38e-05	-6.8e-06	3.13783e-15
-2.04e-05	-6.8e-06	1.88283e-17
-1.7e-05	-6.8e-06	-7.80898e-17
-1.36e-05	-6.8e-06	6.76206e-17
-1.02e-05	-6.8e-06	2.766e-18
-6.8e-06	-6.8e-06	2.33369e-17
-3.4e-06	-6.8e-06	4.19826e-18
0	-6.8e-06	1.02225e-17
3.4e-06	-6.8e-06	-7.71691e-17
6.8e-06	-6.8e-06	-2.15679e-17
1.02e-05	-6.8e-06	5.31317e-17
1.36e-05	-6.8e-06	1.05678e-16
1.7e-05	-6.8e-06	-5.02567e-15
2.04e-05	-6.8e-06	5.32767e-13
2.38e-05	-6.8e-06	-5.67273e-11
2.72e-05	-6.8e-06	6.03937e-09
3.06e-05	-6.8e-06	-6.42974e-07
3.4e-05	-6.8e-06	6.84539e-05
3.74e-05	-6.8e-06	-0.0073006
4.08e-05	-6.8e-06	0.0163855
4.42e-05	-6.8e-06	-0.0259218
4.76e-05	-6.8e-06	0.0365923
5.1e-05	-6.8e-06	-0.0493764
5.44e-05	-6.8e-06	0.0650011
5.78e-05	-6.8e-06	-0.07923
6.12e-05	-6.8e-06	0.0889209
6.46e-05	-6.8e-06	-0.0923898

-6.46e-05	-1.02e-05	-0.0790105
-6.12e-05	-1.02e-05	0.0632731
-5.78e-05	-1.02e-05	-0.0434227
-5.44e-05	-1.02e-05	0.022431
-5.1e-05	-1.02e-05	-0.0124457
-4.76e-05	-1.02e-05	0.00681978
-4.42e-05	-1.02e-05	-0.00320781
-4.08e-05	-1.02e-05	3.01688e-05
-3.74e-05	-1.02e-05	-2.82394e-07
-3.4e-05	-1.02e-05	2.64361e-09
-3.06e-05	-1.02e-05	-2.47502e-11
-2.72e-05	-1.02e-05	2.3172e-13
-2.38e-05	-1.02e-05	-2.1453e-15
-2.04e-05	-1.02e-05	4.03448e-17
-1.7e-05	-1.02e-05	3.39409e-17
-1.36e-05	-1.02e-05	5.35861e-17
-1.02e-05	-1.02e-05	-7.90384e-18
-6.8e-06	-1.02e-05	-3.2583e-17
-3.4e-06	-1.02e-05	-9.26276e-18
0	-1.02e-05	-1.2169e-16
3.4e-06	-1.02e-05	1.01563e-17
6.8e-06	-1.02e-05	7.62026e-18
1.02e-05	-1.02e-05	1.0055e-16
1.36e-05	-1.02e-05	2.34194e-17
1.7e-05	-1.02e-05	2.49523e-15
2.04e-05	-1.02e-05	-2.73989e-13
2.38e-05	-1.02e-05	2.91316e-11
2.72e-05	-1.02e-05	-3.0978e-09
3.06e-05	-1.02e-05	3.29433e-07
3.4e-05	-1.02e-05	-3.50354e-05
3.74e-05	-1.02e-05	0.00374378
4.08e-05	-1.02e-05	-0.00903478
4.42e-05	-1.02e-05	0.0146894
4.76e-05	-1.02e-05	-0.0216544
5.1e-05	-1.02e-05	0.0321694
5.44e-05	-1.02e-05	-0.0527759
5.78e-05	-1.02e-05	0.0715786
6.12e-05	-1.02e-05	-0.0843629
6.46e-05	-1.02e-05	0.0896861

-6.46e-05	-1.36e-05	0.0768878
-6.12e-05	-1.36e-05	-0.0596198
-5.78e-05	-1.36e-05	0.0358708
-5.44e-05	-1.36e-05	-0.000543172
-5.1e-05	-1.36e-05	0.000120521
-4.76e-05	-1.36e-05	-6.43455e-05
-4.42e-05	-1.36e-05	3.02106e-05
-4.08e-05	-1.36e-05	-5.5746e-07
-3.74e-05	-1.36e-05	7.75428e-09
-3.4e-05	-1.36e-05	-9.60058e-11
-3.06e-05	-1.36e-05	1.11504e-12
-2.72e-05	-1.36e-05	-1.24182e-14
-2.38e-05	-1.36e-05	1.83187e-16
-2.04e-05	-1.36e-05	-2.0998e-17
-1.7e-05	-1.36e-05	3.36302e-17
-1.36e-05	-1.36e-05	1.38476e-17
-1.02e-05	-1.36e-05	-5.73346e-17
-6.8e-06	-1.36e-05	7.19917e-17
-3.4e-06	-1.36e-05	-9.84512e-17
0	-1.36e-05	5.09619e-17
3.4e-06	-1.36e-05	7.21855e-17
6.8e-06	-1.36e-05	-6.76621e-19
1.02e-05	-1.36e-05	7.32706e-17
1.36e-05	-1.36e-05	-5.02415e-17
1.7e-05	-1.36e-05	-2.18294e-16
2.04e-05	-1.36e-05	1.46308e-14
2.38e-05	-1.36e-05	-1.30393e-12
2.72e-05	-1.36e-05	1.12085e-10
3.06e-05	-1.36e-05	-9.04152e-09
3.4e-05	-1.36e-05	6.4984e-07
3.74e-05	-1.36e-05	-3.53498e-05
4.08e-05	-1.36e-05	8.50033e-05
4.42e-05	-1.36e-05	-0.000138281
4.76e-05	-1.36e-05	0.00020555
5.1e-05	-1.36e-05	-0.000472242
5.44e-05	-1.36e-05	0.0351387
5.78e-05	-1.36e-05	-0.0601585
6.12e-05	-1.36e-05	0.0757311
6.46e-05	-1.36e-05	-0.0826072

-6.46e-05	-1.7e-05	-0.0712866
-6.12e-05	-1.7e-05	0.0542954
-5.78e-05	-1.7e-05	-0.0310374
-5.44e-05	-1.7e-05	0.000294067
-5.1e-05	-1.7e-05	-3.85467e-06
-4.76e-05	-1.7e-05	6.32393e-07
-4.42e-05	-1.7e-05	-2.84787e-07
-4.08e-05	-1.7e-05	7.77639e-09
-3.74e-05	-1.7e-05	-1.43393e-10
-3.4e-05	-1.7e-05	2.2104e-12
-3.06e-05	-1.7e-05	-3.07073e-14
-2.72e-05	-1.7e-05	3.93932e-16
-2.38e-05	-1.7e-05	4.45068e-18
-2.04e-05	-1.7e-05	-4.89011e-17
-1.7e-05	-1.7e-05	7.12198e-17
-1.36e-05	-1.7e-05	-5.61972e-17
-1.02e-05	-1.7e-05	7.44324e-17
-6.8e-06	-1.7e-05	2.32446e-17
-3.4e-06	-1.7e-05	2.24914e-17
0	-1.7e-05	8.13349e-17
3.4e-06	-1.7e-05	-1.94467e-17
6.8e-06	-1.7e-05	-5.88774e-17
1.02e-05	-1.7e-05	-3.32143e-17
1.36e-05	-1.7e-05	-9.38518e-17
1.7e-05	-1.7e-05	8.5371e-17
2.04e-05	-1.7e-05	-4.08152e-16
2.38e-05	-1.7e-05	3.59011e-14
2.72e-05	-1.7e-05	-2.57993e-12
3.06e-05	-1.7e-05	1.6733e-10
3.4e-05	-1.7e-05	-9.08169e-09
3.74e-05	-1.7e-05	3.33784e-07
4.08e-05	-1.7e-05	-7.99969e-07
4.42e-05	-1.7e-05	1.32328e-06
4.76e-05	-1.7e-05	-4.25268e-06
5.1e-05	-1.7e-05	0.000251988
5.44e-05	-1.7e-05	-0.026742
5.78e-05	-1.7e-05	0.0499599
6.12e-05	-1.7e-05	-0.0654412
6.46e-05	-1.7e-05	0.0727343

-6.46e-05	-2.04e-05	0.0632336
-6.12e-05	-2.04e-05	-0.0478141
-5.78e-05	-2.04e-05	0.0269136
-5.44e-05	-2.04e-05	-0.00025332
-5.1e-05	-2.04e-05	2.3926e-06
-4.76e-05	-2.04e-05	-2.81231e-08
-4.42e-05	-2.04e-05	2.89102e-09
-4.08e-05	-2.04e-05	-9.85094e-11
-3.74e-05	-2.04e-05	2.23364e-12
-3.4e-05	-2.04e-05	-4.10208e-14
-3.06e-05	-2.04e-05	6.31132e-16
-2.72e-05	-2.04e-05	3.47417e-17
-2.38e-05	-2.04e-05	-2.20293e-17
-2.04e-05	-2.04e-05	5.18511e-17
-1.7e-05	-2.04e-05	-1.58271e-17
-1.36e-05	-2.04e-05	1.76296e-17
-1.02e-05	-2.04e-05	2.62751e-17
-6.8e-06	-2.04e-05	-4.0972e-17
-3.4e-06	-2.04e-05	5.1438e-17
0	-2.04e-05	-3.63124e-17
3.4e-06	-2.04e-05	-4.86042e-17
6.8e-06	-2.04e-05	5.47855e-17
1.02e-05	-2.04e-05	-2.70176e-17
1.36e-05	-2.04e-05	1.04457e-16
1.7e-05	-2.04e-05	1.12974e-16
2.04e-05	-2.04e-05	-7.84443e-17
2.38e-05	-2.04e-05	-8.97776e-16
2.72e-05	-2.04e-05	4.77147e-14
3.06e-05	-2.04e-05	-2.58795e-12
3.4e-05	-2.04e-05	1.12967e-10
3.74e-05	-2.04e-05	-3.15321e-09
4.08e-05	-2.04e-05	7.68886e-09
4.42e-05	-2.04e-05	-2.96883e-08
4.76e-05	-2.04e-05	1.872e-06
5.1e-05	-2.04e-05	-0.000197112
5.44e-05	-2.04e-05	0.0209793
5.78e-05	-2.04e-05	-0.040667
6.12e-05	-2.04e-05	0.0543917
6.46e-05	-2.04e-05	-0.061102

-6.46e-05	-2.38e-05	-0.053346
-6.12e-05	-2.38e-05	0.0402763
-5.78e-05	-2.38e-05	-0.0227096
-5.44e-05	-2.38e-05	0.000213756
-5.1e-05	-2.38e-05	-2.0101e-06
-4.76e-05	-2.38e-05	1.89544e-08
-4.42e-05	-2.38e-05	-2.02976e-10
-4.08e-05	-2.38e-05	2.79567e-12
-3.74e-05	-2.38e-05	-4.65345e-14
-3.4e-05	-2.38e-05	8.12943e-16
-3.06e-05	-2.38e-05	1.08058e-17
-2.72e-05	-2.38e-05	3.36397e-18
-2.38e-05	-2.38e-05	-1.32842e-17
-2.04e-05	-2.38e-05	5.22826e-17
-1.7e-05	-2.38e-05	-3.05403e-17
-1.36e-05	-2.38e-05	3.52638e-17
-1.02e-05	-2.38e-05	-2.83399e-17
-6.8e-06	-2.38e-05	1.51237e-18
-3.4e-06	-2.38e-05	-9.14139e-18
0	-2.38e-05	-8.27312e-17
3.4e-06	-2.38e-05	-6.14656e-18
6.8e-06	-2.38e-05	9.81357e-18
1.02e-05	-2.38e-05	-1.64478e-17
1.36e-05	-2.38e-05	1.56103e-17
1.7e-05	-2.38e-05	7.547e-18
2.04e-05	-2.38e-05	-2.23287e-16
2.38e-05	-2.38e-05	1.52895e-16
2.72e-05	-2.38e-05	-7.64947e-16
3.06e-05	-2.38e-05	3.61061e-14
3.4e-05	-2.38e-05	-1.32885e-12
3.74e-05	-2.38e-05	3.09381e-11
4.08e-05	-2.38e-05	-1.96144e-10
4.42e-05	-2.38e-05	1.34403e-08
4.76e-05	-2.38e-05	-1.41672e-06
5.1e-05	-2.38e-05	0.000150591
5.44e-05	-2.38e-05	-0.0160333
5.78e-05	-2.38e-05	0.0317767
6.12e-05	-2.38e-05	-0.0429197
6.46e-05	-2.38e-05	0.0483339

-6.46e-05	-2.72e-05	0.0419864
-6.12e-05	-2.72e-05	-0.0317283
-5.78e-05	-2.72e-05	0.0181277
-5.44e-05	-2.72e-05	-0.000170676
-5.1e-05	-2.72e-05	1.60472e-06
-4.76e-05	-2.72e-05	-1.50883e-08
-4.42e-05	-2.72e-05	1.42096e-10
-4.08e-05	-2.72e-05	-1.34634e-12
-3.74e-05	-2.72e-05	1.29745e-14
-3.4e-05	-2.72e-05	-1.22771e-16
-3.06e-05	-2.72e-05	2.83621e-17
-2.72e-05	-2.72e-05	-1.40077e-17
-2.38e-05	-2.72e-05	2.63557e-17
-2.04e-05	-2.72e-05	1.86939e-17
-1.7e-05	-2.72e-05	-2.93671e-18
-1.36e-05	-2.72e-05	-2.20127e-17
-1.02e-05	-2.72e-05	-5.12457e-18
-6.8e-06	-2.72e-05	-3.64586e-17
-3.4e-06	-2.72e-05	-4.76554e-17
0	-2.72e-05	-2.23262e-17
3.4e-06	-2.72e-05	-2.22674e-17
6.8e-06	-2.72e-05	-4.49684e-17
1.02e-05	-2.72e-05	-4.09842e-17
1.36e-05	-2.72e-05	1.59231e-17
1.7e-05	-2.72e-05	-6.02132e-17
2.04e-05	-2.72e-05	1.48846e-16
2.38e-05	-2.72e-05	5.94981e-17
2.72e-05	-2.72e-05	-3.08559e-17
3.06e-05	-2.72e-05	-5.88011e-16
3.4e-05	-2.72e-05	2.27696e-14
3.74e-05	-2.72e-05	-1.12213e-12
4.08e-05	-2.72e-05	9.008e-11
4.42e-05	-2.72e-05	-9.506e-09
4.76e-05	-2.72e-05	1.0104e-06
5.1e-05	-2.72e-05	-0.000107408
5.44e-05	-2.72e-05	0.0114403
5.78e-05	-2.72e-05	-0.023142
6.12e-05	-2.72e-05	0.031308
6.46e-05	-2.72e-05	-0.0349052

-6.46e-05	-3.06e-05	-0.0293306
-6.12e-05	-3.06e-05	0.0221846
-5.78e-05	-3.06e-05	-0.0130237
-5.44e-05	-3.06e-05	0.00012269
-5.1e-05	-3.06e-05	-1.15326e-06
-4.76e-05	-3.06e-05	1.08405e-08
-4.42e-05	-3.06e-05	-1.01901e-10
-4.08e-05	-3.06e-05	9.57974e-13
-3.74e-05	-3.06e-05	-8.99159e-15
-3.4e-05	-3.06e-05	9.74467e-17
-3.06e-05	-3.06e-05	9.81521e-18
-2.72e-05	-3.06e-05	9.04614e-18
-2.38e-05	-3.06e-05	-5.39324e-18
-2.04e-05	-3.06e-05	1.51538e-17
-1.7e-05	-3.06e-05	-3.39954e-18
-1.36e-05	-3.06e-05	3.55652e-17
-1.02e-05	-3.06e-05	-8.3019e-18
-6.8e-06	-3.06e-05	1.28755e-16
-3.4e-06	-3.06e-05	-6.75394e-17
0	-3.06e-05	2.80376e-17
3.4e-06	-3.06e-05	-6.6414e-17
6.8e-06	-3.06e-05	-6.60865e-17
1.02e-05	-3.06e-05	-2.42992e-17
1.36e-05	-3.06e-05	-1.34481e-16
1.7e-05	-3.06e-05	-2.28577e-17
2.04e-05	-3.06e-05	-8.03393e-17
2.38e-05	-3.06e-05	2.89909e-17
2.72e-05	-3.06e-05	-1.45825e-17
3.06e-05	-3.06e-05	1.48155e-16
3.4e-05	-3.06e-05	-5.04814e-15
3.74e-05	-3.06e-05	5.29158e-13
4.08e-05	-3.06e-05	-5.59598e-11
4.42e-05	-3.06e-05	5.94623e-09
4.76e-05	-3.06e-05	-6.31911e-07
5.1e-05	-3.06e-05	6.7154e-05
5.44e-05	-3.06e-05	-0.00715764
5.78e-05	-3.06e-05	0.0148789
6.12e-05	-3.06e-05	-0.0199842
6.46e-05	-3.06e-05	0.0214569

-6.46e-05	-3.4e-05	0.0153915
-6.12e-05	-3.4e-05	-0.0116226
-5.78e-05	-3.4e-05	0.00720533
-5.44e-05	-3.4e-05	-6.79804e-05
-5.1e-05	-3.4e-05	6.38371e-07
-4.76e-05	-3.4e-05	-5.99543e-09
-4.42e-05	-3.4e-05	5.63156e-11
-4.08e-05	-3.4e-05	-5.29041e-13
-3.74e-05	-3.4e-05	4.97242e-15
-3.4e-05	-3.4e-05	-3.62752e-17
-3.06e-05	-3.4e-05	1.23038e-17
-2.72e-05	-3.4e-05	1.79575e-17
-2.38e-05	-3.4e-05	8.85523e-18
-2.04e-05	-3.4e-05	-2.65235e-17
-1.7e-05	-3.4e-05	2.52888e-17
-1.36e-05	-3.4e-05	-3.048e-17
-1.02e-05	-3.4e-05	3.85931e-17
-6.8e-06	-3.4e-05	2.13414e-18
-3.4e-06	-3.4e-05	3.26325e-17
0	-3.4e-05	-3.61917e-18
3.4e-06	-3.4e-05	-8.66798e-17
6.8e-06	-3.4e-05	2.94232e-17
1.02e-05	-3.4e-05	-6.20387e-17
1.36e-05	-3.4e-05	-6.52799e-17
1.7e-05	-3.4e-05	2.02069e-17
2.04e-05	-3.4e-05	4.29151e-18
2.38e-05	-3.4e-05	1.12949e-16
2.72e-05	-3.4e-05	7.44804e-17
3.06e-05	-3.4e-05	9.53331e-17
3.4e-05	-3.4e-05	2.22928e-15
3.74e-05	-3.4e-05	-2.43302e-13
4.08e-05	-3.4e-05	2.58027e-11
4.42e-05	-3.4e-05	-2.73773e-09
4.76e-05	-3.4e-05	2.90507e-07
5.1e-05	-3.4e-05	-3.08291e-05
5.44e-05	-3.4e-05	0.00329093
5.78e-05	-3.4e-05	-0.0071972
6.12e-05	-3.4e-05	0.00956076
6.46e-05	-3.4e-05	-0.00965588

-6.46e-05	-3.74e-05	-0.000159847
-6.12e-05	-3.74e-05	0.000119968
-5.78e-05	-3.74e-05	-7.41338e-05
-5.44e-05	-3.74e-05	1.43824e-06
-5.1e-05	-3.74e-05	-2.10167e-08
-4.76e-05	-3.74e-05	2.73394e-10
-4.42e-05	-3.74e-05	-3.33725e-12
-4.08e-05	-3.74e-05	3.90613e-14
-3.74e-05	-3.74e-05	-3.77873e-16
-3.4e-05	-3.74e-05	-1.87111e-17
-3.06e-05	-3.74e-05	3.15021e-17
-2.72e-05	-3.74e-05	-3.43378e-17
-2.38e-05	-3.74e-05	2.67988e-17
-2.04e-05	-3.74e-05	-1.25801e-17
-1.7e-05	-3.74e-05	1.65478e-18
-1.36e-05	-3.74e-05	2.1054e-17
-1.02e-05	-3.74e-05	-1.17561e-17
-6.8e-06	-3.74e-05	3.03538e-17
-3.4e-06	-3.74e-05	-2.17538e-17
0	-3.74e-05	4.30491e-18
3.4e-06	-3.74e-05	1.07394e-17
6.8e-06	-3.74e-05	-1.75847e-17
1.02e-05	-3.74e-05	5.62749e-18
1.36e-05	-3.74e-05	-1.1326e-17
1.7e-05	-3.74e-05	2.10541e-18
2.04e-05	-3.74e-05	8.69925e-18
2.38e-05	-3.74e-05	-1.84942e-17
2.72e-05	-3.74e-05	2.28297e-17
3.06e-05	-3.74e-05	6.15199e-18
3.4e-05	-3.74e-05	-2.17164e-16
3.74e-05	-3.74e-05	1.7882e-14
4.08e-05	-3.74e-05	-1.52363e-12
4.42e-05	-3.74e-05	1.24729e-10
4.76e-05	-3.74e-05	-9.58588e-09
5.1e-05	-3.74e-05	6.56651e-07
5.44e-05	-3.74e-05	-3.40555e-05
5.78e-05	-3.74e-05	7.41643e-05
6.12e-05	-3.74e-05	-9.84877e-05
6.46e-05	-3.74e-05	9.87367e-05

-6.46e-05	-4.08e-05	1.66951e-06
-6.12e-05	-4.08e-05	-1.23848e-06
-5.78e-05	-4.08e-05	7.62862e-07
-5.44e-05	-4.08e-05	-2.22765e-08
-5.1e-05	-4.08e-05	4.38155e-10
-4.76e-05	-4.08e-05	-7.20145e-12
-4.42e-05	-4.08e-05	1.06567e-13
-4.08e-05	-4.08e-05	-1.48614e-15
-3.74e-05	-4.08e-05	3.53382e-17
-3.4e-05	-4.08e-05	2.86263e-17
-3.06e-05	-4.08e-05	-2.85722e-17
-2.72e-05	-4.08e-05	4.38994e-17
-2.38e-05	-4.08e-05	-1.4909e-17
-2.04e-05	-4.08e-05	3.41036e-18
-1.7e-05	-4.08e-05	1.66755e-17
-1.36e-05	-4.08e-05	-1.49599e-17
-1.02e-05	-4.08e-05	4.05481e-18
-6.8e-06	-4.08e-05	3.64683e-18
-3.4e-06	-4.08e-05	-1.40556e-17
0	-4.08e-05	7.57477e-18
3.4e-06	-4.08e-05	-1.279e-17
6.8e-06	-4.08e-05	1.35303e-17
1.02e-05	-4.08e-05	3.34182e-18
1.36e-05	-4.08e-05	-2.67495e-18
1.7e-05	-4.08e-05	8.54366e-18
2.04e-05	-4.08e-05	-1.78462e-17
2.38e-05	-4.08e-05	2.22115e-17
2.72e-05	-4.08e-05	-8.5872e-18
3.06e-05	-4.08e-05	-8.77326e-19
3.4e-05	-4.08e-05	2.00114e-17
3.74e-05	-4.08e-05	-6.76969e-16
4.08e-05	-4.08e-05	4.8722e-14
4.42e-05	-4.08e-05	-3.29029e-12
4.76e-05	-4.08e-05	2.00372e-10
5.1e-05	-4.08e-05	-1.02124e-08
5.44e-05	-4.08e-05	3.52419e-07
5.78e-05	-4.08e-05	-7.64244e-07
6.12e-05	-4.08e-05	1.01447e-06
6.46e-05	-4.08e-05	-1.00981e-06

-6.46e-05	-4.42e-05	-1.75279e-08
-6.12e-05	-4.42e-05	1.27881e-08
-5.78e-05	-4.42e-05	-7.85131e-09
-5.44e-05	-4.42e-05	3.04925e-10
-5.1e-05	-4.42e-05	-7.52052e-12
-4.76e-05	-4.42e-05	1.4894e-13
-4.42e-05	-4.42e-05	-2.48374e-15
-4.08e-05	-4.42e-05	-7.57156e-17
-3.74e-05	-4.42e-05	1.86066e-16
-3.4e-05	-4.42e-05	-6.39826e-17
-3.06e-05	-4.42e-05	7.74415e-17
-2.72e-05	-4.42e-05	-9.88393e-17
-2.38e-05	-4.42e-05	2.9754e-17
-2.04e-05	-4.42e-05	-2.17911e-17
-1.7e-05	-4.42e-05	-9.62081e-18
-1.36e-05	-4.42e-05	1.28683e-17
-1.02e-05	-4.42e-05	-4.19332e-18
-6.8e-06	-4.42e-05	1.03703e-18
-3.4e-06	-4.42e-05	7.64721e-18
0	-4.42e-05	-1.09548e-17
3.4e-06	-4.42e-05	1.74753e-17
6.8e-06	-4.42e-05	-3.88211e-18
1.02e-05	-4.42e-05	-7.65906e-19
1.36e-05	-4.42e-05	8.79502e-18
1.7e-05	-4.42e-05	-1.61357e-17
2.04e-05	-4.42e-05	1.60939e-19
2.38e-05	-4.42e-05	-9.86605e-18
2.72e-05	-4.42e-05	6.53661e-18
3.06e-05	-4.42e-05	1.53684e-19
3.4e-05	-4.42e-05	-3.45713e-18
3.74e-05	-4.42e-05	2.49921e-17
4.08e-05	-4.42e-05	-1.19792e-15
4.42e-05	-4.42e-05	6.81908e-14
4.76e-05	-4.42e-05	-3.44757e-12
5.1e-05	-4.42e-05	1.40271e-10
5.44e-05	-4.42e-05	-3.64697e-09
5.78e-05	-4.42e-05	7.87545e-09
6.12e-05	-4.42e-05	-1.04489e-08
6.46e-05	-4.42e-05	1.03295e-08

-6.46e-05	-4.76e-05	1.84884e-10
-6.12e-05	-4.76e-05	-1.32082e-10
-5.78e-05	-4.76e-05	8.08176e-11
-5.44e-05	-4.76e-05	-3.90431e-12
-5.1e-05	-4.76e-05	1.15605e-13
-4.76e-05	-4.76e-05	-2.64471e-15
-4.42e-05	-4.76e-05	-1.59889e-17
-4.08e-05	-4.76e-05	4.71512e-17
-3.74e-05	-4.76e-05	-8.22472e-17
-3.4e-05	-4.76e-05	7.77678e-17
-3.06e-05	-4.76e-05	-4.60454e-17
-2.72e-05	-4.76e-05	2.14298e-17
-2.38e-05	-4.76e-05	-1.78031e-17
-2.04e-05	-4.76e-05	-1.41018e-17
-1.7e-05	-4.76e-05	2.81058e-17
-1.36e-05	-4.76e-05	-2.3985e-18
-1.02e-05	-4.76e-05	-9.15918e-19
-6.8e-06	-4.76e-05	1.49561e-17
-3.4e-06	-4.76e-05	-8.18632e-18
0	-4.76e-05	-9.72353e-19
3.4e-06	-4.76e-05	2.23726e-18
6.8e-06	-4.76e-05	-2.03385e-17
1.02e-05	-4.76e-05	8.69188e-18
1.36e-05	-4.76e-05	-6.51183e-18
1.7e-05	-4.76e-05	1.24856e-17
2.04e-05	-4.76e-05	-8.31379e-18
2.38e-05	-4.76e-05	9.93093e-18
2.72e-05	-4.76e-05	-2.84241e-18
3.06e-05	-4.76e-05	-7.78114e-19
3.4e-05	-4.76e-05	1.79518e-19
3.74e-05	-4.76e-05	1.46484e-18
4.08e-05	-4.76e-05	2.79897e-17
4.42e-05	-4.76e-05	-1.23548e-15
4.76e-05	-4.76e-05	5.31271e-14
5.1e-05	-4.76e-05	-1.80173e-12
5.44e-05	-4.76e-05	3.77404e-11
5.78e-05	-4.76e-05	-8.11565e-11
6.12e-05	-4.76e-05	1.07615e-10
6.46e-05	-4.76e-05	-1.05679e-10

-6.46e-05	-5.1e-05	-1.95821e-12
-6.12e-05	-5.1e-05	1.36467e-12
-5.78e-05	-5.1e-05	-8.3206e-13
-5.44e-05	-5.1e-05	4.79673e-14
-5.1e-05	-5.1e-05	-1.68416e-15
-4.76e-05	-5.1e-05	5.43123e-17
-4.42e-05	-5.1e-05	2.89259e-18
-4.08e-05	-5.1e-05	-6.50851e-17
-3.74e-05	-5.1e-05	3.84041e-17
-3.4e-05	-5.1e-05	-1.88203e-17
-3.06e-05	-5.1e-05	-2.49059e-17
-2.72e-05	-5.1e-05	1.13104e-17
-2.38e-05	-5.1e-05	-4.9958e-17
-2.04e-05	-5.1e-05	6.38822e-17
-1.7e-05	-5.1e-05	-3.43696e-17
-1.36e-05	-5.1e-05	2.59566e-17
-1.02e-05	-5.1e-05	1.68284e-18
-6.8e-06	-5.1e-05	-1.5521e-18
-3.4e-06	-5.1e-05	-8.89958e-18
0	-5.1e-05	6.7403e-18
3.4e-06	-5.1e-05	-8.84847e-18
6.8e-06	-5.1e-05	1.26754e-17
1.02e-05	-5.1e-05	-1.01575e-17
1.36e-05	-5.1e-05	1.4087e-17
1.7e-05	-5.1e-05	-1.21207e-17
2.04e-05	-5.1e-05	1.11488e-17
2.38e-05	-5.1e-05	-4.12138e-18
2.72e-05	-5.1e-05	2.67871e-18
3.06e-05	-5.1e-05	1.30365e-18
3.4e-05	-5.1e-05	6.27972e-18
3.74e-05	-5.1e-05	2.4621e-19
4.08e-05	-5.1e-05	-8.82544e-19
4.42e-05	-5.1e-05	3.36157e-18
4.76e-05	-5.1e-05	-7.64799e-16
5.1e-05	-5.1e-05	2.21988e-14
5.44e-05	-5.1e-05	-3.90547e-13
5.78e-05	-5.1e-05	8.36337e-13
6.12e-05	-5.1e-05	-1.10827e-12
6.46e-05	-5.1e-05	1.08135e-12

-6.46e-05	-5.44e-05	2.08229e-14
-6.12e-05	-5.44e-05	-1.41326e-14
-5.78e-05	-5.44e-05	8.58363e-15
-5.44e-05	-5.44e-05	-6.6068e-16
-5.1e-05	-5.44e-05	7.94905e-17
-4.76e-05	-5.44e-05	-9.12217e-17
-4.42e-05	-5.44e-05	5.64765e-17
-4.08e-05	-5.44e-05	-7.95915e-17
-3.74e-05	-5.44e-05	6.77338e-17
-3.4e-05	-5.44e-05	-3.01257e-17
-3.06e-05	-5.44e-05	4.08743e-17
-2.72e-05	-5.44e-05	-1.02071e-16
-2.38e-05	-5.44e-05	7.4207e-17
-2.04e-05	-5.44e-05	-7.37331e-17
-1.7e-05	-5.44e-05	5.96867e-17
-1.36e-05	-5.44e-05	-6.34939e-17
-1.02e-05	-5.44e-05	2.83713e-17
-6.8e-06	-5.44e-05	-1.73483e-17
-3.4e-06	-5.44e-05	6.51353e-18
0	-5.44e-05	-1.38281e-17
3.4e-06	-5.44e-05	1.05337e-17
6.8e-06	-5.44e-05	-1.36069e-17
1.02e-05	-5.44e-05	1.67874e-17
1.36e-05	-5.44e-05	-1.08192e-17
1.7e-05	-5.44e-05	1.02952e-17
2.04e-05	-5.44e-05	-9.56772e-18
2.38e-05	-5.44e-05	-3.78409e-18
2.72e-05	-5.44e-05	-2.60758e-18
3.06e-05	-5.44e-05	1.14892e-18
3.4e-05	-5.44e-05	-4.50973e-18
3.74e-05	-5.44e-05	4.69566e-18
4.08e-05	-5.44e-05	-5.86091e-18
4.42e-05	-5.44e-05	-1.12971e-17
4.76e-05	-5.44e-05	1.05183e-17
5.1e-05	-5.44e-05	-2.52994e-16
5.44e-05	-5.44e-05	4.05565e-15
5.78e-05	-5.44e-05	-8.63133e-15
6.12e-05	-5.44e-05	1.143e-14
6.46e-05	-5.44e-05	-1.10836e-14

-6.46e-05	-5.78e-05	-1.98024e-16
-6.12e-05	-5.78e-05	1.36776e-16
-5.78e-05	-5.78e-05	-8.23872e-17
-5.44e-05	-5.78e-05	2.11649e-17
-5.1e-05	-5.78e-05	-3.82024e-17
-4.76e-05	-5.78e-05	7.96622e-17
-4.42e-05	-5.78e-05	-8.0467e-17
-4.08e-05	-5.78e-05	9.80393e-17
-3.74e-05	-5.78e-05	-1.09274e-16
-3.4e-05	-5.78e-05	9.22189e-17
-3.06e-05	-5.78e-05	-9.39863e-17
-2.72e-05	-5.78e-05	1.15979e-16
-2.38e-05	-5.78e-05	-7.37786e-17
-2.04e-05	-5.78e-05	4.19363e-17
-1.7e-05	-5.78e-05	-9.72359e-18
-1.36e-05	-5.78e-05	-7.45821e-18
-1.02e-05	-5.78e-05	1.76994e-17
-6.8e-06	-5.78e-05	1.87255e-17
-3.4e-06	-5.78e-05	-1.8687e-17
0	-5.78e-05	1.32026e-17
3.4e-06	-5.78e-05	-4.40189e-17
6.8e-06	-5.78e-05	2.04441e-17
1.02e-05	-5.78e-05	-7.80242e-18
1.36e-05	-5.78e-05	1.05579e-17
1.7e-05	-5.78e-05	-7.9869e-18
2.04e-05	-5.78e-05	4.05256e-18
2.38e-05	-5.78e-05	1.52643e-18
2.72e-05	-5.78e-05	1.74014e-18
3.06e-05	-5.78e-05	-5.45986e-18
3.4e-05	-5.78e-05	1.00284e-17
3.74e-05	-5.78e-05	-6.33198e-18
4.08e-05	-5.78e-05	7.32511e-18
4.42e-05	-5.78e-05	2.22233e-18
4.76e-05	-5.78e-05	-1.3206e-17
5.1e-05	-5.78e-05	1.63351e-18
5.44e-05	-5.78e-05	-4.835e-17
5.78e-05	-5.78e-05	7.94051e-17
6.12e-05	-5.78e-05	-1.19415e-16
6.46e-05	-5.78e-05	1.24247e-16

-6.46e-05	-6.12e-05	8.19192e-18
-6.12e-05	-6.12e-05	1.56483e-17
-5.78e-05	-6.12e-05	-3.66759e-17
-5.44e-05	-6.12e-05	4.03827e-17
-5.1e-05	-6.12e-05	1.15839e-17
-4.76e-05	-6.12e-05	-1.3163e-17
-4.42e-05	-6.12e-05	3.94599e-17
-4.08e-05	-6.12e-05	-3.73172e-17
-3.74e-05	-6.12e-05	5.64274e-17
-3.4e-05	-6.12e-05	-6.99306e-17
-3.06e-05	-6.12e-05	6.46175e-17
-2.72e-05	-6.12e-05	-2.59697e-17
-2.38e-05	-6.12e-05	3.70842e-18
-2.04e-05	-6.12e-05	2.71144e-17
-1.7e-05	-6.12e-05	-2.67661e-17
-1.36e-05	-6.12e-05	1.68539e-17
-1.02e-05	-6.12e-05	4.45905e-18
-6.8e-06	-6.12e-05	-2.52908e-17
-3.4e-06	-6.12e-05	3.86022e-17
0	-6.12e-05	3.81428e-18
3.4e-06	-6.12e-05	-3.08922e-18
6.8e-06	-6.12e-05	-1.55503e-17
1.02e-05	-6.12e-05	1.01787e-17
1.36e-05	-6.12e-05	-1.03331e-17
1.7e-05	-6.12e-05	-4.82743e-19
2.04e-05	-6.12e-05	-3.1094e-18
2.38e-05	-6.12e-05	-1.45841e-19
2.72e-05	-6.12e-05	-2.36581e-18
3.06e-05	-6.12e-05	1.42541e-18
3.4e-05	-6.12e-05	-5.98489e-18
3.74e-05	-6.12e-05	3.19894e-18
4.08e-05	-6.12e-05	3.19361e-18
4.42e-05	-6.12e-05	-1.58927e-18
4.76e-05	-6.12e-05	-1.89784e-17
5.1e-05	-6.12e-05	3.79954e-18
5.44e-05	-6.12e-05	1.4252e-17
5.78e-05	-6.12e-05	-1.76854e-17
6.12e-05	-6.12e-05	1.38371e-17
6.46e-05	-6.12e-05	-1.16368e-18

-6.46e-05	-6.46e-05	6.64797e-18
-6.12e-05	-6.46e-05	-1.20804e-17
-5.78e-05	-6.46e-05	3.51485e-17
-5.44e-05	-6.46e-05	-7.16324e-18
-5.1e-05	-6.46e-05	4.825e-17
-4.76e-05	-6.46e-05	-2.92419e-17
-4.42e-05	-6.46e-05	2.52389e-17
-4.08e-05	-6.46e-05	-9.17813e-18
-3.74e-05	-6.46e-05	2.54707e-18
-3.4e-05	-6.46e-05	1.83754e-17
-3.06e-05	-6.46e-05	1.01989e-17
-2.72e-05	-6.46e-05	-3.03305e-17
-2.38e-05	-6.46e-05	3.34103e-17
-2.04e-05	-6.46e-05	-2.31757e-17
-1.7e-05	-6.46e-05	2.76928e-17
-1.36e-05	-6.46e-05	-1.57854e-17
-1.02e-05	-6.46e-05	4.46104e-18
-6.8e-06	-6.46e-05	-3.64477e-18
-3.4e-06	-6.46e-05	1.27968e-18
0	-6.46e-05	2.45654e-17
3.4e-06	-6.46e-05	-1.01375e-17
6.8e-06	-6.46e-05	-9.86855e-19
1.02e-05	-6.46e-05	2.9525e-18
1.36e-05	-6.46e-05	2.53412e-18
1.7e-05	-6.46e-05	-7.54019e-18
2.04e-05	-6.46e-05	1.44067e-18
2.38e-05	-6.46e-05	-5.66196e-19
2.72e-05	-6.46e-05	2.36384e-18
3.06e-05	-6.46e-05	-4.40313e-18
3.4e-05	-6.46e-05	1.57008e-18
3.74e-05	-6.46e-05	7.387e-19
4.08e-05	-6.46e-05	9.29391e-18
4.42e-05	-6.46e-05	2.42512e-18
4.76e-05	-6.46e-05	-1.54106e-17
5.1e-05	-6.46e-05	2.70916e-18
5.44e-05	-6.46e-05	1.16285e-17
5.78e-05	-6.46e-05	-1.04077e-17
6.12e-05	-6.46e-05	-8.20944e-18
6.46e-05	-6.46e-05	-5.12678e-18
