
-6.46e-05	6.8e-05	0.00846753
-6.12e-05	6.8e-05	-0.00896347
-5.78e-05	6.8e-05	0.00875666
-5.44e-05	6.8e-05	-0.00817288
-5.1e-05	6.8e-05	0.00737137
-4.76e-05	6.8e-05	-0.00645489
-4.42e-05	6.8e-05	0.00550257
-4.08e-05	6.8e-05	-0.00457761
-3.74e-05	6.8e-05	0.00372639
-3.4e-05	6.8e-05	-0.00297663
-3.06e-05	6.8e-05	0.00233863
-2.72e-05	6.8e-05	-0.00180945
-2.38e-05	6.8e-05	0.00137789
-2.04e-05	6.8e-05	-0.00102872
-1.7e-05	6.8e-05	0.000745642
-1.36e-05	6.8e-05	-0.000512895
-1.02e-05	6.8e-05	0.000315923
-6.8e-06	6.8e-05	-0.000141431
-3.4e-06	6.8e-05	-2.29329e-05
0	6.8e-05	0.000189072
3.4e-06	6.8e-05	-0.000369024
6.8e-06	6.8e-05	0.000575551
1.02e-05	6.8e-05	-0.000822662
1.36e-05	6.8e-05	0.00112597
1.7e-05	6.8e-05	-0.00150271
2.04e-05	6.8e-05	0.00197114
2.38e-05	6.8e-05	-0.00254901
2.72e-05	6.8e-05	0.00325076
3.06e-05	6.8e-05	-0.00408342
3.4e-05	6.8e-05	0.00504186
3.74e-05	6.8e-05	-0.0061052
4.08e-05	6.8e-05	0.0072368
4.42e-05	6.8e-05	-0.00838917
4.76e-05	6.8e-05	0.00951178
5.1e-05	6.8e-05	-0.01056
5.44e-05	6.8e-05	0.0115059
5.78e-05	6.8e-05	-0.0123563
6.12e-05	6.8e-05	0.0131999
6.46e-05	6.8e-05	-0.0143522

-6.46e-05	6.46e-05	-0.018144
-6.12e-05	6.46e-05	0.0182488
-5.78e-05	6.46e-05	-0.0175182
-5.44e-05	6.46e-05	0.0162162
-5.1e-05	6.46e-05	-0.0145445
-4.76e-05	6.46e-05	0.0126713
-4.42e-05	6.46e-05	-0.010744
-4.08e-05	6.46e-05	0.00888696
-3.74e-05	6.46e-05	-0.00719299
-3.4e-05	6.46e-05	0.00571501
-3.06e-05	6.46e-05	-0.00446907
-2.72e-05	6.46e-05	0.00344441
-2.38e-05	6.46e-05	-0.00261483
-2.04e-05	6.46e-05	0.00194763
-1.7e-05	6.46e-05	-0.00140927
-1.36e-05	6.46e-05	0.00096822
-1.02e-05	6.46e-05	-0.000595943
-6.8e-06	6.46e-05	0.000266724
-3.4e-06	6.46e-05	4.31159e-05
0	6.46e-05	-0.000356297
3.4e-06	6.46e-05	0.000695794
6.8e-06	6.46e-05	-0.00108606
1.02e-05	6.46e-05	0.00155417
1.36e-05	6.46e-05	-0.00213067
1.7e-05	6.46e-05	0.00284988
2.04e-05	6.46e-05	-0.00374908
2.38e-05	6.46e-05	0.00486582
2.72e-05	6.46e-05	-0.00623249
3.06e-05	6.46e-05	0.00786756
3.4e-05	6.46e-05	-0.00976459
3.74e-05	6.46e-05	0.0118827
4.08e-05	6.46e-05	-0.0141453
4.42e-05	6.46e-05	0.0164516
4.76e-05	6.46e-05	-0.0186938
5.1e-05	6.46e-05	0.0207737
5.44e-05	6.46e-05	-0.0226182
5.78e-05	6.46e-05	0.0241946
6.12e-05	6.46e-05	-0.0255302
6.46e-05	6.46e-05	0.0267271

-6.46e-05	6.12e-05	0.0282167
-6.12e-05	6.12e-05	-0.0275942
-5.78e-05	6.12e-05	0.0261069
-5.44e-05	6.12e-05	-0.0239401
-5.1e-05	6.12e-05	0.0213011
-4.76e-05	6.12e-05	-0.0184036
-4.42e-05	6.12e-05	0.0154585
-4.08e-05	6.12e-05	-0.0126557
-3.74e-05	6.12e-05	0.010138
-3.4e-05	6.12e-05	-0.00797853
-3.06e-05	6.12e-05	0.00618834
-2.72e-05	6.12e-05	-0.00473794
-2.38e-05	6.12e-05	0.00357829
-2.04e-05	6.12e-05	-0.00265496
-1.7e-05	6.12e-05	0.00191571
-1.36e-05	6.12e-05	-0.00131363
-1.02e-05	6.12e-05	0.000807585
-6.8e-06	6.12e-05	-0.000361304
-3.4e-06	6.12e-05	-5.81256e-05
0	6.12e-05	0.000482067
3.4e-06	6.12e-05	-0.000942229
6.8e-06	6.12e-05	0.00147259
1.02e-05	6.12e-05	-0.00211125
1.36e-05	6.12e-05	0.00290212
1.7e-05	6.12e-05	-0.00389597
2.04e-05	6.12e-05	0.00515019
2.38e-05	6.12e-05	-0.00672597
2.72e-05	6.12e-05	0.00868098
3.06e-05	6.12e-05	-0.0110554
3.4e-05	6.12e-05	0.0138513
3.74e-05	6.12e-05	-0.0170108
4.08e-05	6.12e-05	0.0204092
4.42e-05	6.12e-05	-0.0238792
4.76e-05	6.12e-05	0.0272436
5.1e-05	6.12e-05	-0.0303402
5.44e-05	6.12e-05	0.0330377
5.78e-05	6.12e-05	-0.0352455
6.12e-05	6.12e-05	0.0369143
6.46e-05	6.12e-05	-0.0380187

-6.46e-05	5.78e-05	-0.0380582
-6.12e-05	5.78e-05	0.0366318
-5.78e-05	5.78e-05	-0.0342659
-5.44e-05	5.78e-05	0.0311191
-5.1e-05	5.78e-05	-0.027411
-4.76e-05	5.78e-05	0.0234016
-4.42e-05	5.78e-05	-0.0193738
-4.08e-05	5.78e-05	0.0156016
-3.74e-05	5.78e-05	-0.0122939
-3.4e-05	5.78e-05	0.00953378
-3.06e-05	5.78e-05	-0.00730489
-2.72e-05	5.78e-05	0.0055394
-2.38e-05	5.78e-05	-0.00415339
-2.04e-05	5.78e-05	0.00306538
-1.7e-05	5.78e-05	-0.00220358
-1.36e-05	5.78e-05	0.0015072
-1.02e-05	5.78e-05	-0.000925145
-6.8e-06	5.78e-05	0.00041368
-3.4e-06	5.78e-05	6.61534e-05
0	5.78e-05	-0.000551132
3.4e-06	5.78e-05	0.00107843
6.8e-06	5.78e-05	-0.00168824
1.02e-05	5.78e-05	0.00242642
1.36e-05	5.78e-05	-0.00334729
1.7e-05	5.78e-05	0.00451614
2.04e-05	5.78e-05	-0.00601089
2.38e-05	5.78e-05	0.00792111
2.72e-05	5.78e-05	-0.0103412
3.06e-05	5.78e-05	0.0133521
3.4e-05	5.78e-05	-0.016986
3.74e-05	5.78e-05	0.0211773
4.08e-05	5.78e-05	-0.0257341
4.42e-05	5.78e-05	0.0303978
4.76e-05	5.78e-05	-0.0349038
5.1e-05	5.78e-05	0.0390164
5.44e-05	5.78e-05	-0.0425433
5.78e-05	5.78e-05	0.0453379
6.12e-05	5.78e-05	-0.0472944
6.46e-05	5.78e-05	0.0483314

-6.46e-05	5.44e-05	0.0472804
-6.12e-05	5.44e-05	-0.0450523
-5.78e-05	5.44e-05	0.0417498
-5.44e-05	5.44e-05	-0.0375373
-5.1e-05	5.44e-05	0.0326575
-4.76e-05	5.44e-05	-0.0274236
-4.42e-05	5.44e-05	0.0222103
-4.08e-05	5.44e-05	-0.0174201
-3.74e-05	5.44e-05	0.0133798
-3.4e-05	5.44e-05	-0.0101527
-3.06e-05	5.44e-05	0.00764766
-2.72e-05	5.44e-05	-0.005726
-2.38e-05	5.44e-05	0.00425401
-2.04e-05	5.44e-05	-0.00311935
-1.7e-05	5.44e-05	0.00223239
-1.36e-05	5.44e-05	-0.0015224
-1.02e-05	5.44e-05	0.000932806
-6.8e-06	5.44e-05	-0.000416847
-3.4e-06	5.44e-05	-6.62245e-05
0	5.44e-05	0.000554459
3.4e-06	5.44e-05	-0.00108631
6.8e-06	5.44e-05	0.00170377
1.02e-05	5.44e-05	-0.00245579
1.36e-05	5.44e-05	0.00340224
1.7e-05	5.44e-05	-0.00461853
2.04e-05	5.44e-05	0.00620072
2.38e-05	5.44e-05	-0.00826983
2.72e-05	5.44e-05	0.0109712
3.06e-05	5.44e-05	-0.0144584
3.4e-05	5.44e-05	0.0188415
3.74e-05	5.44e-05	-0.0240784
4.08e-05	5.44e-05	0.0298588
4.42e-05	5.44e-05	-0.0357825
4.76e-05	5.44e-05	0.0414742
5.1e-05	5.44e-05	-0.0466207
5.44e-05	5.44e-05	0.0509733
5.78e-05	5.44e-05	-0.0543419
6.12e-05	5.44e-05	0.0565844
6.46e-05	5.44e-05	-0.057596

-6.46e-05	5.1e-05	-0.0556396
-6.12e-05	5.1e-05	0.0526328
-5.78e-05	5.1e-05	-0.0483698
-5.44e-05	5.1e-05	0.0430277
-5.1e-05	5.1e-05	-0.0368703
-4.76e-05	5.1e-05	0.0302599
-4.42e-05	5.1e-05	-0.0236801
-4.08e-05	5.1e-05	0.0177485
-3.74e-05	5.1e-05	-0.0130839
-3.4e-05	5.1e-05	0.00961834
-3.06e-05	5.1e-05	-0.00708206
-2.72e-05	5.1e-05	0.00521964
-2.38e-05	5.1e-05	-0.00383654
-2.04e-05	5.1e-05	0.00279308
-1.7e-05	5.1e-05	-0.00198939
-1.36e-05	5.1e-05	0.00135251
-1.02e-05	5.1e-05	-0.000827198
-6.8e-06	5.1e-05	0.000369415
-3.4e-06	5.1e-05	5.83189e-05
0	5.1e-05	-0.000490609
3.4e-06	5.1e-05	0.000962423
6.8e-06	5.1e-05	-0.00151235
1.02e-05	5.1e-05	0.0021864
1.36e-05	5.1e-05	-0.00304279
1.7e-05	5.1e-05	0.00415876
2.04e-05	5.1e-05	-0.00564016
2.38e-05	5.1e-05	0.00763494
2.72e-05	5.1e-05	-0.0103491
3.06e-05	5.1e-05	0.0140543
3.4e-05	5.1e-05	-0.0190428
3.74e-05	5.1e-05	0.0254128
4.08e-05	5.1e-05	-0.0325713
4.42e-05	5.1e-05	0.0398787
4.76e-05	5.1e-05	-0.0468278
5.1e-05	5.1e-05	0.0530377
5.44e-05	5.1e-05	-0.0582216
5.78e-05	5.1e-05	0.0621629
6.12e-05	5.1e-05	-0.0647011
6.46e-05	5.1e-05	0.065723

-6.46e-05	4.76e-05	0.0629831
-6.12e-05	4.76e-05	-0.0592331
-5.78e-05	4.76e-05	0.0540137
-5.44e-05	4.76e-05	-0.047505
-5.1e-05	4.76e-05	0.0399697
-4.76e-05	4.76e-05	-0.0317798
-4.42e-05	4.76e-05	0.0234955
-4.08e-05	4.76e-05	-0.0160557
-3.74e-05	4.76e-05	0.0110331
-3.4e-05	4.76e-05	-0.00774597
-3.06e-05	4.76e-05	0.00554169
-2.72e-05	4.76e-05	-0.00401218
-2.38e-05	4.76e-05	0.00291641
-2.04e-05	4.76e-05	-0.00210836
-1.7e-05	4.76e-05	0.00149503
-1.36e-05	4.76e-05	-0.0010136
-1.02e-05	4.76e-05	0.000618913
-6.8e-06	4.76e-05	-0.000276237
-3.4e-06	4.76e-05	-4.33789e-05
0	4.76e-05	0.00036639
3.4e-06	4.76e-05	-0.000719523
6.8e-06	4.76e-05	0.00113257
1.02e-05	4.76e-05	-0.00164175
1.36e-05	4.76e-05	0.00229448
1.7e-05	4.76e-05	-0.00315687
2.04e-05	4.76e-05	0.00432658
2.38e-05	4.76e-05	-0.00595621
2.72e-05	4.76e-05	0.0082964
3.06e-05	4.76e-05	-0.0117697
3.4e-05	4.76e-05	0.0170535
3.74e-05	4.76e-05	-0.024879
4.08e-05	4.76e-05	0.0337511
4.42e-05	4.76e-05	-0.0426388
4.76e-05	4.76e-05	0.0509307
5.1e-05	4.76e-05	-0.0582273
5.44e-05	4.76e-05	0.0642387
5.78e-05	4.76e-05	-0.0687457
6.12e-05	4.76e-05	0.0715849
6.46e-05	4.76e-05	-0.072644

-6.46e-05	4.42e-05	-0.0692252
-6.12e-05	4.42e-05	0.0647861
-5.78e-05	4.42e-05	-0.0586519
-5.44e-05	4.42e-05	0.0509904
-5.1e-05	4.42e-05	-0.0420254
-4.76e-05	4.42e-05	0.0320436
-4.42e-05	4.42e-05	-0.0214681
-4.08e-05	4.42e-05	0.0112636
-3.74e-05	4.42e-05	-0.00677793
-3.4e-05	4.42e-05	0.00446164
-3.06e-05	4.42e-05	-0.00309107
-2.72e-05	4.42e-05	0.00220052
-2.38e-05	4.42e-05	-0.00158463
-2.04e-05	4.42e-05	0.00113934
-1.7e-05	4.42e-05	-0.000805256
-1.36e-05	4.42e-05	0.000544862
-1.02e-05	4.42e-05	-0.000332321
-6.8e-06	4.42e-05	0.000148263
-3.4e-06	4.42e-05	2.32004e-05
0	4.42e-05	-0.000196482
3.4e-06	4.42e-05	0.00038614
6.8e-06	4.42e-05	-0.000608518
1.02e-05	4.42e-05	0.000883787
1.36e-05	4.42e-05	-0.00123902
1.7e-05	4.42e-05	0.00171351
2.04e-05	4.42e-05	-0.00236922
2.38e-05	4.42e-05	0.00331385
2.72e-05	4.42e-05	-0.00475799
3.06e-05	4.42e-05	0.00717472
3.4e-05	4.42e-05	-0.0117977
3.74e-05	4.42e-05	0.0222415
4.08e-05	4.42e-05	-0.0334811
4.42e-05	4.42e-05	0.0441828
4.76e-05	4.42e-05	-0.0538651
5.1e-05	4.42e-05	0.0622278
5.44e-05	4.42e-05	-0.0690306
5.78e-05	4.42e-05	0.0740752
6.12e-05	4.42e-05	-0.0772073
6.46e-05	4.42e-05	0.0783209

-6.46e-05	4.08e-05	0.0743298
-6.12e-05	4.08e-05	-0.0692812
-5.78e-05	4.08e-05	0.0623252
-5.44e-05	4.08e-05	-0.0536129
-5.1e-05	4.08e-05	0.043312
-4.76e-05	4.08e-05	-0.0315397
-4.42e-05	4.08e-05	0.0181574
-4.08e-05	4.08e-05	-0.000273954
-3.74e-05	4.08e-05	6.54409e-05
-3.4e-05	4.08e-05	-4.20218e-05
-3.06e-05	4.08e-05	2.90875e-05
-2.72e-05	4.08e-05	-2.07012e-05
-2.38e-05	4.08e-05	1.49048e-05
-2.04e-05	4.08e-05	-1.07155e-05
-1.7e-05	4.08e-05	7.57299e-06
-1.36e-05	4.08e-05	-5.12395e-06
-1.02e-05	4.08e-05	3.12512e-06
-6.8e-06	4.08e-05	-1.39425e-06
-3.4e-06	4.08e-05	-2.1816e-07
0	4.08e-05	1.84766e-06
3.4e-06	4.08e-05	-3.63121e-06
6.8e-06	4.08e-05	5.72253e-06
1.02e-05	4.08e-05	-8.31145e-06
1.36e-05	4.08e-05	1.16528e-05
1.7e-05	4.08e-05	-1.61168e-05
2.04e-05	4.08e-05	2.22877e-05
2.38e-05	4.08e-05	-3.11826e-05
2.72e-05	4.08e-05	4.48037e-05
3.06e-05	4.08e-05	-6.86254e-05
3.4e-05	4.08e-05	0.000219683
3.74e-05	4.08e-05	-0.0178633
4.08e-05	4.08e-05	0.0323263
4.42e-05	4.08e-05	-0.0448691
4.76e-05	4.08e-05	0.0558301
5.1e-05	4.08e-05	-0.0651443
5.44e-05	4.08e-05	0.0726477
5.78e-05	4.08e-05	-0.0781696
6.12e-05	4.08e-05	0.0815676
6.46e-05	4.08e-05	-0.0827428

-6.46e-05	3.74e-05	-0.0782926
-6.12e-05	3.74e-05	0.0727402
-5.78e-05	3.74e-05	-0.0651064
-5.44e-05	3.74e-05	0.0555459
-5.1e-05	3.74e-05	-0.0442298
-4.76e-05	3.74e-05	0.0313058
-4.42e-05	3.74e-05	-0.0168423
-4.08e-05	3.74e-05	0.000159314
-3.74e-05	3.74e-05	-2.08988e-06
-3.4e-05	3.74e-05	4.09494e-07
-3.06e-05	3.74e-05	-2.7385e-07
-2.72e-05	3.74e-05	1.94747e-07
-2.38e-05	3.74e-05	-1.40193e-07
-2.04e-05	3.74e-05	1.00779e-07
-1.7e-05	3.74e-05	-7.12199e-08
-1.36e-05	3.74e-05	4.81863e-08
-1.02e-05	3.74e-05	-2.93885e-08
-6.8e-06	3.74e-05	1.31113e-08
-3.4e-06	3.74e-05	2.05142e-09
0	3.74e-05	-1.73749e-08
3.4e-06	3.74e-05	3.41473e-08
6.8e-06	3.74e-05	-5.38149e-08
1.02e-05	3.74e-05	7.81639e-08
1.36e-05	3.74e-05	-1.09593e-07
1.7e-05	3.74e-05	1.5159e-07
2.04e-05	3.74e-05	-2.09665e-07
2.38e-05	3.74e-05	2.93548e-07
2.72e-05	3.74e-05	-4.35323e-07
3.06e-05	3.74e-05	2.08904e-06
3.4e-05	3.74e-05	-0.000156033
3.74e-05	3.74e-05	0.0165793
4.08e-05	3.74e-05	-0.0317183
4.42e-05	3.74e-05	0.0452304
4.76e-05	3.74e-05	-0.0570697
5.1e-05	3.74e-05	0.0671037
5.44e-05	3.74e-05	-0.0751594
5.78e-05	3.74e-05	0.0810665
6.12e-05	3.74e-05	-0.0846848
6.46e-05	3.74e-05	0.0859186

-6.46e-05	3.4e-05	0.0811255
-6.12e-05	3.4e-05	-0.0751898
-5.78e-05	3.4e-05	0.067048
-5.44e-05	3.4e-05	-0.0568744
-5.1e-05	3.4e-05	0.0448762
-4.76e-05	3.4e-05	-0.031281
-4.42e-05	3.4e-05	0.0163423
-4.08e-05	3.4e-05	-0.000153603
-3.74e-05	3.4e-05	1.44914e-06
-3.4e-05	3.4e-05	-1.72894e-08
-3.06e-05	3.4e-05	2.70324e-09
-2.72e-05	3.4e-05	-1.83326e-09
-2.38e-05	3.4e-05	1.31866e-09
-2.04e-05	3.4e-05	-9.47831e-10
-1.7e-05	3.4e-05	6.69785e-10
-1.36e-05	3.4e-05	-4.5315e-10
-1.02e-05	3.4e-05	2.76368e-10
-6.8e-06	3.4e-05	-1.23297e-10
-3.4e-06	3.4e-05	-1.92901e-11
0	3.4e-05	1.63389e-10
3.4e-06	3.4e-05	-3.21116e-10
6.8e-06	3.4e-05	5.06078e-10
1.02e-05	3.4e-05	-7.35082e-10
1.36e-05	3.4e-05	1.03071e-09
1.7e-05	3.4e-05	-1.42583e-09
2.04e-05	3.4e-05	1.97354e-09
2.38e-05	3.4e-05	-2.88666e-09
2.72e-05	3.4e-05	1.73403e-08
3.06e-05	3.4e-05	-1.4289e-06
3.4e-05	3.4e-05	0.000151438
3.74e-05	3.4e-05	-0.0161173
4.08e-05	3.4e-05	0.0313893
4.42e-05	3.4e-05	-0.0453428
4.76e-05	3.4e-05	0.0576898
5.1e-05	3.4e-05	-0.0681902
5.44e-05	3.4e-05	0.0766259
5.78e-05	3.4e-05	-0.0828079
6.12e-05	3.4e-05	0.086588
6.46e-05	3.4e-05	-0.0878696

-6.46e-05	3.06e-05	-0.0828461
-6.12e-05	3.06e-05	0.0766504
-5.78e-05	3.06e-05	-0.0681725
-5.44e-05	3.06e-05	0.057611
-5.1e-05	3.06e-05	-0.0452127
-4.76e-05	3.06e-05	0.0312704
-4.42e-05	3.06e-05	-0.016136
-4.08e-05	3.06e-05	0.000151632
-3.74e-05	3.06e-05	-1.42489e-06
-3.4e-05	3.06e-05	1.34238e-08
-3.06e-05	3.06e-05	-1.50048e-10
-2.72e-05	3.06e-05	1.84173e-11
-2.38e-05	3.06e-05	-1.24141e-11
-2.04e-05	3.06e-05	8.91454e-12
-1.7e-05	3.06e-05	-6.29893e-12
-1.36e-05	3.06e-05	4.26151e-12
-1.02e-05	3.06e-05	-2.59895e-12
-6.8e-06	3.06e-05	1.15947e-12
-3.4e-06	3.06e-05	1.81405e-13
0	3.06e-05	-1.53647e-12
3.4e-06	3.06e-05	3.01974e-12
6.8e-06	3.06e-05	-4.75919e-12
1.02e-05	3.06e-05	6.91299e-12
1.36e-05	3.06e-05	-9.69385e-12
1.7e-05	3.06e-05	1.34218e-11
2.04e-05	3.06e-05	-1.97129e-11
2.38e-05	3.06e-05	1.49279e-10
2.72e-05	3.06e-05	-1.31596e-08
3.06e-05	3.06e-05	1.39662e-06
3.4e-05	3.06e-05	-0.000148633
3.74e-05	3.06e-05	0.01582
4.08e-05	3.06e-05	-0.0310451
4.42e-05	3.06e-05	0.0451351
4.76e-05	3.06e-05	-0.0577052
5.1e-05	3.06e-05	0.0684438
5.44e-05	3.06e-05	-0.0770904
5.78e-05	3.06e-05	0.0834326
6.12e-05	3.06e-05	-0.0873107
6.46e-05	3.06e-05	0.0886237

-6.46e-05	2.72e-05	0.0834737
-6.12e-05	2.72e-05	-0.0771365
-5.78e-05	2.72e-05	0.0684839
-5.44e-05	2.72e-05	-0.0577366
-5.1e-05	2.72e-05	0.0451721
-4.76e-05	2.72e-05	-0.0311235
-4.42e-05	2.72e-05	0.0159859
-4.08e-05	2.72e-05	-0.000150213
-3.74e-05	2.72e-05	1.41141e-06
-3.4e-05	2.72e-05	-1.3262e-08
-3.06e-05	2.72e-05	1.24835e-10
-2.72e-05	2.72e-05	-1.33287e-12
-2.38e-05	2.72e-05	1.27786e-13
-2.04e-05	2.72e-05	-8.39705e-14
-1.7e-05	2.72e-05	5.92618e-14
-1.36e-05	2.72e-05	-4.00682e-14
-1.02e-05	2.72e-05	2.44543e-14
-6.8e-06	2.72e-05	-1.08788e-14
-3.4e-06	2.72e-05	-1.70994e-15
0	2.72e-05	1.44542e-14
3.4e-06	2.72e-05	-2.8402e-14
6.8e-06	2.72e-05	4.47615e-14
1.02e-05	2.72e-05	-6.50118e-14
1.36e-05	2.72e-05	9.12683e-14
1.7e-05	2.72e-05	-1.36785e-13
2.04e-05	2.72e-05	1.30764e-12
2.38e-05	2.72e-05	-1.20842e-10
2.72e-05	2.72e-05	1.28358e-08
3.06e-05	2.72e-05	-1.36611e-06
3.4e-05	2.72e-05	0.000145397
3.74e-05	2.72e-05	-0.0154766
4.08e-05	2.72e-05	0.0305168
4.42e-05	2.72e-05	-0.0445296
4.76e-05	2.72e-05	0.0571003
5.1e-05	2.72e-05	-0.0678813
5.44e-05	2.72e-05	0.0765837
5.78e-05	2.72e-05	-0.0829764
6.12e-05	2.72e-05	0.0868885
6.46e-05	2.72e-05	-0.0882142

-6.46e-05	2.38e-05	-0.0830305
-6.12e-05	2.38e-05	0.0766605
-5.78e-05	2.38e-05	-0.06798
-5.44e-05	2.38e-05	0.0572262
-5.1e-05	2.38e-05	-0.0446961
-4.76e-05	2.38e-05	0.030743
-4.42e-05	2.38e-05	-0.0157759
-4.08e-05	2.38e-05	0.000148241
-3.74e-05	2.38e-05	-1.39283e-06
-3.4e-05	2.38e-05	1.30866e-08
-3.06e-05	2.38e-05	-1.22959e-10
-2.72e-05	2.38e-05	1.15684e-12
-2.38e-05	2.38e-05	-1.19865e-14
-2.04e-05	2.38e-05	8.40334e-16
-1.7e-05	2.38e-05	-5.48981e-16
-1.36e-05	2.38e-05	4.12268e-16
-1.02e-05	2.38e-05	-2.10685e-16
-6.8e-06	2.38e-05	1.04519e-16
-3.4e-06	2.38e-05	3.14089e-17
0	2.38e-05	-1.46167e-16
3.4e-06	2.38e-05	2.69974e-16
6.8e-06	2.38e-05	-4.16025e-16
1.02e-05	2.38e-05	6.11038e-16
1.36e-05	2.38e-05	-9.51621e-16
1.7e-05	2.38e-05	1.15155e-14
2.04e-05	2.38e-05	-1.10047e-12
2.38e-05	2.38e-05	1.16955e-10
2.72e-05	2.38e-05	-1.24478e-08
3.06e-05	2.38e-05	1.32487e-06
3.4e-05	2.38e-05	-0.000141012
3.74e-05	2.38e-05	0.0150108
4.08e-05	2.38e-05	-0.0297191
4.42e-05	2.38e-05	0.043474
4.76e-05	2.38e-05	-0.0558589
5.1e-05	2.38e-05	0.0665129
5.44e-05	2.38e-05	-0.0751328
5.78e-05	2.38e-05	0.0814751
6.12e-05	2.38e-05	-0.0853607
6.46e-05	2.38e-05	0.0866795

-6.46e-05	2.04e-05	0.0815432
-6.12e-05	2.04e-05	-0.0752377
-5.78e-05	2.04e-05	0.0666608
-5.44e-05	2.04e-05	-0.0560606
-5.1e-05	2.04e-05	0.0437439
-4.76e-05	2.04e-05	-0.0300704
-4.42e-05	2.04e-05	0.0154462
-4.08e-05	2.04e-05	-0.000145147
-3.74e-05	2.04e-05	1.36373e-06
-3.4e-05	2.04e-05	-1.28129e-08
-3.06e-05	2.04e-05	1.20384e-10
-2.72e-05	2.04e-05	-1.13108e-12
-2.38e-05	2.04e-05	1.06046e-14
-2.04e-05	2.04e-05	-1.34065e-16
-1.7e-05	2.04e-05	3.35832e-17
-1.36e-05	2.04e-05	8.88749e-18
-1.02e-05	2.04e-05	-4.77106e-18
-6.8e-06	2.04e-05	2.16013e-17
-3.4e-06	2.04e-05	-1.33823e-17
0	2.04e-05	7.1313e-18
3.4e-06	2.04e-05	-4.24874e-18
6.8e-06	2.04e-05	4.39133e-18
1.02e-05	2.04e-05	-4.03487e-18
1.36e-05	2.04e-05	1.02637e-16
1.7e-05	2.04e-05	-9.90704e-15
2.04e-05	2.04e-05	1.05346e-12
2.38e-05	2.04e-05	-1.12124e-10
2.72e-05	2.04e-05	1.1934e-08
3.06e-05	2.04e-05	-1.2702e-06
3.4e-05	2.04e-05	0.000135195
3.74e-05	2.04e-05	-0.0143926
4.08e-05	2.04e-05	0.028612
4.42e-05	2.04e-05	-0.0419413
4.76e-05	2.04e-05	0.0539748
5.1e-05	2.04e-05	-0.0643526
5.44e-05	2.04e-05	0.072767
5.78e-05	2.04e-05	-0.0789686
6.12e-05	2.04e-05	0.0827727
6.46e-05	2.04e-05	-0.0840657

-6.46e-05	1.7e-05	-0.0790452
-6.12e-05	1.7e-05	0.0728895
-5.78e-05	1.7e-05	-0.0645326
-5.44e-05	1.7e-05	0.0542293
-5.1e-05	1.7e-05	-0.04229
-4.76e-05	1.7e-05	0.0290706
-4.42e-05	1.7e-05	-0.0149644
-4.08e-05	1.7e-05	0.000140626
-3.74e-05	1.7e-05	-1.32123e-06
-3.4e-05	1.7e-05	1.24135e-08
-3.06e-05	1.7e-05	-1.16629e-10
-2.72e-05	1.7e-05	1.09577e-12
-2.38e-05	1.7e-05	-1.03004e-14
-2.04e-05	1.7e-05	1.33243e-16
-1.7e-05	1.7e-05	-1.70363e-17
-1.36e-05	1.7e-05	-7.05312e-18
-1.02e-05	1.7e-05	4.41886e-17
-6.8e-06	1.7e-05	-9.79991e-18
-3.4e-06	1.7e-05	-8.67569e-18
0	1.7e-05	-6.81146e-18
3.4e-06	1.7e-05	2.87501e-18
6.8e-06	1.7e-05	8.9614e-18
1.02e-05	1.7e-05	-5.09133e-19
1.36e-05	1.7e-05	-9.22233e-17
1.7e-05	1.7e-05	9.36286e-15
2.04e-05	1.7e-05	-9.96089e-13
2.38e-05	1.7e-05	1.0602e-10
2.72e-05	1.7e-05	-1.12844e-08
3.06e-05	1.7e-05	1.20108e-06
3.4e-05	1.7e-05	-0.000127838
3.74e-05	1.7e-05	0.0136105
4.08e-05	1.7e-05	-0.0271791
4.42e-05	1.7e-05	0.0399223
4.76e-05	1.7e-05	-0.0514531
5.1e-05	1.7e-05	0.0614213
5.44e-05	1.7e-05	-0.0695221
5.78e-05	1.7e-05	0.0755042
6.12e-05	1.7e-05	-0.0791788
6.46e-05	1.7e-05	0.0804289

-6.46e-05	1.36e-05	0.0755798
-6.12e-05	1.36e-05	-0.0696454
-5.78e-05	1.36e-05	0.0616087
-5.44e-05	1.36e-05	-0.0517298
-5.1e-05	1.36e-05	0.0403191
-4.76e-05	1.36e-05	-0.0277226
-4.42e-05	1.36e-05	0.014312
-4.08e-05	1.36e-05	-0.000134503
-3.74e-05	1.36e-05	1.26369e-06
-3.4e-05	1.36e-05	-1.18726e-08
-3.06e-05	1.36e-05	1.11546e-10
-2.72e-05	1.36e-05	-1.04802e-12
-2.38e-05	1.36e-05	9.89117e-15
-2.04e-05	1.36e-05	-9.59415e-17
-1.7e-05	1.36e-05	-1.13715e-17
-1.36e-05	1.36e-05	3.83935e-17
-1.02e-05	1.36e-05	-6.85743e-18
-6.8e-06	1.36e-05	-5.5701e-18
-3.4e-06	1.36e-05	-7.43651e-18
0	1.36e-05	2.22215e-18
3.4e-06	1.36e-05	9.76434e-18
6.8e-06	1.36e-05	1.28031e-18
1.02e-05	1.36e-05	-1.85221e-18
1.36e-05	1.36e-05	8.20105e-17
1.7e-05	1.36e-05	-8.70597e-15
2.04e-05	1.36e-05	9.2651e-13
2.38e-05	1.36e-05	-9.86151e-11
2.72e-05	1.36e-05	1.04963e-08
3.06e-05	1.36e-05	-1.1172e-06
3.4e-05	1.36e-05	0.000118912
3.74e-05	1.36e-05	-0.0126614
4.08e-05	1.36e-05	0.0254168
4.42e-05	1.36e-05	-0.0374195
4.76e-05	1.36e-05	0.0483076
5.1e-05	1.36e-05	-0.0577476
5.44e-05	1.36e-05	0.0654419
5.78e-05	1.36e-05	-0.0711389
6.12e-05	1.36e-05	0.0746452
6.46e-05	1.36e-05	-0.0758383

-6.46e-05	1.02e-05	-0.0712021
-6.12e-05	1.02e-05	0.0655445
-5.78e-05	1.02e-05	-0.0579091
-5.44e-05	1.02e-05	0.0485643
-5.1e-05	1.02e-05	-0.0378207
-4.76e-05	1.02e-05	0.0260108
-4.42e-05	1.02e-05	-0.0134766
-4.08e-05	1.02e-05	0.000126661
-3.74e-05	1.02e-05	-1.18999e-06
-3.4e-05	1.02e-05	1.11801e-08
-3.06e-05	1.02e-05	-1.05038e-10
-2.72e-05	1.02e-05	9.86851e-13
-2.38e-05	1.02e-05	-9.25793e-15
-2.04e-05	1.02e-05	7.8906e-17
-1.7e-05	1.02e-05	4.28435e-17
-1.36e-05	1.02e-05	4.02636e-18
-1.02e-05	1.02e-05	-4.16695e-18
-6.8e-06	1.02e-05	-1.53614e-17
-3.4e-06	1.02e-05	7.23218e-18
0	1.02e-05	3.57718e-18
3.4e-06	1.02e-05	-8.2422e-18
6.8e-06	1.02e-05	3.29208e-18
1.02e-05	1.02e-05	-5.24689e-18
1.36e-05	1.02e-05	-7.72315e-17
1.7e-05	1.02e-05	7.93784e-15
2.04e-05	1.02e-05	-8.44726e-13
2.38e-05	1.02e-05	8.99115e-11
2.72e-05	1.02e-05	-9.57004e-09
3.06e-05	1.02e-05	1.01862e-06
3.4e-05	1.02e-05	-0.00010842
3.74e-05	1.02e-05	0.0115456
4.08e-05	1.02e-05	-0.0233275
4.42e-05	1.02e-05	0.0344411
4.76e-05	1.02e-05	-0.0445576
5.1e-05	1.02e-05	0.053366
5.44e-05	1.02e-05	-0.0605785
5.78e-05	1.02e-05	0.0659416
6.12e-05	1.02e-05	-0.0692532
6.46e-05	1.02e-05	0.0703807

-6.46e-05	6.8e-06	0.0659825
-6.12e-05	6.8e-06	-0.0606364
-5.78e-05	6.8e-06	0.0534584
-5.44e-05	6.8e-06	-0.0447339
-5.1e-05	6.8e-06	0.0347815
-4.76e-05	6.8e-06	-0.0239182
-4.42e-05	6.8e-06	0.0124466
-4.08e-05	6.8e-06	-0.000116992
-3.74e-05	6.8e-06	1.09912e-06
-3.4e-05	6.8e-06	-1.03261e-08
-3.06e-05	6.8e-06	9.70124e-11
-2.72e-05	6.8e-06	-9.11396e-13
-2.38e-05	6.8e-06	8.54702e-15
-2.04e-05	6.8e-06	-4.64953e-17
-1.7e-05	6.8e-06	-1.4573e-18
-1.36e-05	6.8e-06	4.54388e-18
-1.02e-05	6.8e-06	-1.54531e-17
-6.8e-06	6.8e-06	-3.6295e-18
-3.4e-06	6.8e-06	7.32613e-18
0	6.8e-06	8.50776e-18
3.4e-06	6.8e-06	1.30884e-17
6.8e-06	6.8e-06	-2.68495e-18
1.02e-05	6.8e-06	-1.99522e-18
1.36e-05	6.8e-06	6.66243e-17
1.7e-05	6.8e-06	-7.05344e-15
2.04e-05	6.8e-06	7.50891e-13
2.38e-05	6.8e-06	-7.9925e-11
2.72e-05	6.8e-06	8.50721e-09
3.06e-05	6.8e-06	-9.05507e-07
3.4e-05	6.8e-06	9.63822e-05
3.74e-05	6.8e-06	-0.0102652
4.08e-05	6.8e-06	0.0209152
4.42e-05	6.8e-06	-0.0309965
4.76e-05	6.8e-06	0.0402226
5.1e-05	6.8e-06	-0.0483126
5.44e-05	6.8e-06	0.0549904
5.78e-05	6.8e-06	-0.059994
6.12e-05	6.8e-06	0.0631025
6.46e-05	6.8e-06	-0.064165

-6.46e-05	3.4e-06	-0.0600118
-6.12e-05	3.4e-06	0.0549838
-5.78e-05	3.4e-06	-0.0482828
-5.44e-05	3.4e-06	0.0402307
-5.1e-05	3.4e-06	-0.0311753
-4.76e-05	3.4e-06	0.0214177
-4.42e-05	3.4e-06	-0.0112064
-4.08e-05	3.4e-06	0.000105347
-3.74e-05	3.4e-06	-9.89679e-07
-3.4e-05	3.4e-06	9.29753e-09
-3.06e-05	3.4e-06	-8.73456e-11
-2.72e-05	3.4e-06	8.20557e-13
-2.38e-05	3.4e-06	-7.6871e-15
-2.04e-05	3.4e-06	5.68713e-17
-1.7e-05	3.4e-06	-3.56772e-18
-1.36e-05	3.4e-06	-1.50743e-17
-1.02e-05	3.4e-06	1.89694e-18
-6.8e-06	3.4e-06	-1.60029e-18
-3.4e-06	3.4e-06	3.96258e-18
0	3.4e-06	2.97952e-18
3.4e-06	3.4e-06	-1.46705e-18
6.8e-06	3.4e-06	-6.43637e-19
1.02e-05	3.4e-06	4.08488e-18
1.36e-05	3.4e-06	-5.49706e-17
1.7e-05	3.4e-06	6.062e-15
2.04e-05	3.4e-06	-6.45208e-13
2.38e-05	3.4e-06	6.86773e-11
2.72e-05	3.4e-06	-7.31015e-09
3.06e-05	3.4e-06	7.78107e-07
3.4e-05	3.4e-06	-8.28233e-05
3.74e-05	3.4e-06	0.00882298
4.08e-05	3.4e-06	-0.018183
4.42e-05	3.4e-06	0.0270901
4.76e-05	3.4e-06	-0.0353145
5.1e-05	3.4e-06	0.0426185
5.44e-05	3.4e-06	-0.04874
5.78e-05	3.4e-06	0.0533924
6.12e-05	3.4e-06	-0.0563167
6.46e-05	3.4e-06	0.0573293

-6.46e-05	0	0.0534099
-6.12e-05	0	-0.0486681
-5.78e-05	0	0.0424065
-5.44e-05	0	-0.0350215
-5.1e-05	0	0.0269467
-4.76e-05	0	-0.0184607
-4.42e-05	0	0.00973007
-4.08e-05	0	-9.14838e-05
-3.74e-05	0	8.59383e-07
-3.4e-05	0	-8.0729e-09
-3.06e-05	0	7.58354e-11
-2.72e-05	0	-7.12374e-13
-2.38e-05	0	6.67818e-15
-2.04e-05	0	-5.96559e-17
-1.7e-05	0	-7.84714e-18
-1.36e-05	0	8.25196e-18
-1.02e-05	0	-4.60896e-18
-6.8e-06	0	-1.00328e-18
-3.4e-06	0	6.84822e-18
0	0	4.36833e-18
3.4e-06	0	-4.45037e-18
6.8e-06	0	2.46059e-18
1.02e-05	0	5.75562e-18
1.36e-05	0	4.56935e-17
1.7e-05	0	-4.96279e-15
2.04e-05	0	5.28054e-13
2.38e-05	0	-5.62082e-11
2.72e-05	0	5.98303e-09
3.06e-05	0	-6.36859e-07
3.4e-05	0	6.779e-05
3.74e-05	0	-0.00722372
4.08e-05	0	0.0151309
4.42e-05	0	-0.0227153
4.76e-05	0	0.0298263
5.1e-05	0	-0.0362961
5.44e-05	0	0.0418877
5.78e-05	0	-0.0462503
6.12e-05	0	0.0490496
6.46e-05	0	-0.0500506

-6.46e-05	-3.4e-06	-0.0463413
-6.12e-05	-3.4e-06	0.0418042
-5.78e-05	-3.4e-06	-0.035852
-5.44e-05	-3.4e-06	0.0290138
-5.1e-05	-3.4e-06	-0.0219844
-4.76e-05	-3.4e-06	0.0149639
-4.42e-05	-3.4e-06	-0.00797499
-4.08e-05	-3.4e-06	7.50024e-05
-3.74e-05	-3.4e-06	-7.04462e-07
-3.4e-05	-3.4e-06	6.61666e-09
-3.06e-05	-3.4e-06	-6.2147e-11
-2.72e-05	-3.4e-06	5.83715e-13
-2.38e-05	-3.4e-06	-5.47905e-15
-2.04e-05	-3.4e-06	5.55012e-17
-1.7e-05	-3.4e-06	3.41236e-18
-1.36e-05	-3.4e-06	8.13814e-18
-1.02e-05	-3.4e-06	-1.11278e-17
-6.8e-06	-3.4e-06	1.7978e-18
-3.4e-06	-3.4e-06	-2.59639e-18
0	-3.4e-06	2.49623e-18
3.4e-06	-3.4e-06	2.82331e-19
6.8e-06	-3.4e-06	3.46658e-18
1.02e-05	-3.4e-06	-1.5396e-19
1.36e-05	-3.4e-06	-3.49577e-17
1.7e-05	-3.4e-06	3.75981e-15
2.04e-05	-3.4e-06	-4.00375e-13
2.38e-05	-3.4e-06	4.26177e-11
2.72e-05	-3.4e-06	-4.53641e-09
3.06e-05	-3.4e-06	4.82875e-07
3.4e-05	-3.4e-06	-5.13993e-05
3.74e-05	-3.4e-06	0.00547976
4.08e-05	-3.4e-06	-0.0117589
4.42e-05	-3.4e-06	0.0178486
4.76e-05	-3.4e-06	-0.023712
5.1e-05	-3.4e-06	0.0293098
5.44e-05	-3.4e-06	-0.0344845
5.78e-05	-3.4e-06	0.0387062
6.12e-05	-3.4e-06	-0.0414967
6.46e-05	-3.4e-06	0.0425547

-6.46e-05	-6.8e-06	0.0390402
-6.12e-05	-6.8e-06	-0.034579
-5.78e-05	-6.8e-06	0.02866
-5.44e-05	-6.8e-06	-0.0219646
-5.1e-05	-6.8e-06	0.0160791
-4.76e-05	-6.8e-06	-0.0107997
-4.42e-05	-6.8e-06	0.0058728
-4.08e-05	-6.8e-06	-5.52608e-05
-3.74e-05	-6.8e-06	5.18868e-07
-3.4e-05	-6.8e-06	-4.87187e-09
-3.06e-05	-6.8e-06	4.5744e-11
-2.72e-05	-6.8e-06	-4.29509e-13
-2.38e-05	-6.8e-06	4.03306e-15
-2.04e-05	-6.8e-06	-3.75596e-17
-1.7e-05	-6.8e-06	-5.55488e-18
-1.36e-05	-6.8e-06	-5.36195e-19
-1.02e-05	-6.8e-06	-5.01552e-19
-6.8e-06	-6.8e-06	-3.30345e-18
-3.4e-06	-6.8e-06	-1.31654e-18
0	-6.8e-06	6.52083e-19
3.4e-06	-6.8e-06	3.53443e-18
6.8e-06	-6.8e-06	-1.69518e-18
1.02e-05	-6.8e-06	1.07421e-18
1.36e-05	-6.8e-06	2.37842e-17
1.7e-05	-6.8e-06	-2.48831e-15
2.04e-05	-6.8e-06	2.64712e-13
2.38e-05	-6.8e-06	-2.81732e-11
2.72e-05	-6.8e-06	2.99849e-09
3.06e-05	-6.8e-06	-3.19133e-07
3.4e-05	-6.8e-06	3.39658e-05
3.74e-05	-6.8e-06	-0.00362417
4.08e-05	-6.8e-06	0.00807657
4.42e-05	-6.8e-06	-0.01245
4.76e-05	-6.8e-06	0.0168556
5.1e-05	-6.8e-06	-0.0215013
5.44e-05	-6.8e-06	0.0265689
5.78e-05	-6.8e-06	-0.0309488
6.12e-05	-6.8e-06	0.0339132
6.46e-05	-6.8e-06	-0.0351243

-6.46e-05	-1.02e-05	-0.0318426
-6.12e-05	-1.02e-05	0.0273425
-5.78e-05	-1.02e-05	-0.0210266
-5.44e-05	-1.02e-05	0.0131722
-5.1e-05	-1.02e-05	-0.00888446
-4.76e-05	-1.02e-05	0.00582424
-4.42e-05	-1.02e-05	-0.00331052
-4.08e-05	-1.02e-05	3.1196e-05
-3.74e-05	-1.02e-05	-2.92581e-07
-3.4e-05	-1.02e-05	2.74433e-09
-3.06e-05	-1.02e-05	-2.57435e-11
-2.72e-05	-1.02e-05	2.41516e-13
-2.38e-05	-1.02e-05	-2.26684e-15
-2.04e-05	-1.02e-05	2.12368e-17
-1.7e-05	-1.02e-05	1.83779e-19
-1.36e-05	-1.02e-05	8.4805e-19
-1.02e-05	-1.02e-05	-2.51031e-18
-6.8e-06	-1.02e-05	-7.13278e-19
-3.4e-06	-1.02e-05	1.62968e-19
0	-1.02e-05	3.66583e-18
3.4e-06	-1.02e-05	-1.93061e-18
6.8e-06	-1.02e-05	1.34225e-19
1.02e-05	-1.02e-05	-6.09035e-19
1.36e-05	-1.02e-05	-1.07173e-17
1.7e-05	-1.02e-05	1.19891e-15
2.04e-05	-1.02e-05	-1.27448e-13
2.38e-05	-1.02e-05	1.35469e-11
2.72e-05	-1.02e-05	-1.44003e-09
3.06e-05	-1.02e-05	1.53084e-07
3.4e-05	-1.02e-05	-1.62746e-05
3.74e-05	-1.02e-05	0.00173956
4.08e-05	-1.02e-05	-0.0041301
4.42e-05	-1.02e-05	0.00648998
4.76e-05	-1.02e-05	-0.0090431
5.1e-05	-1.02e-05	0.0123572
5.44e-05	-1.02e-05	-0.0182123
5.78e-05	-1.02e-05	0.0232917
6.12e-05	-1.02e-05	-0.0266419
6.46e-05	-1.02e-05	0.0280917

-6.46e-05	-1.36e-05	0.0251894
-6.12e-05	-1.36e-05	-0.02076
-5.78e-05	-1.36e-05	0.0140384
-5.44e-05	-1.36e-05	-0.000253361
-5.1e-05	-1.36e-05	8.47916e-05
-4.76e-05	-1.36e-05	-5.47856e-05
-4.42e-05	-1.36e-05	3.10436e-05
-4.08e-05	-1.36e-05	-5.74136e-07
-3.74e-05	-1.36e-05	7.99534e-09
-3.4e-05	-1.36e-05	-9.90753e-11
-3.06e-05	-1.36e-05	1.15152e-12
-2.72e-05	-1.36e-05	-1.28498e-14
-2.38e-05	-1.36e-05	1.40483e-16
-2.04e-05	-1.36e-05	-1.56121e-18
-1.7e-05	-1.36e-05	5.66078e-20
-1.36e-05	-1.36e-05	9.66619e-19
-1.02e-05	-1.36e-05	1.3837e-18
-6.8e-06	-1.36e-05	1.96338e-18
-3.4e-06	-1.36e-05	4.04375e-18
0	-1.36e-05	-2.16863e-19
3.4e-06	-1.36e-05	1.36025e-19
6.8e-06	-1.36e-05	-3.34801e-19
1.02e-05	-1.36e-05	-1.81645e-18
1.36e-05	-1.36e-05	1.17652e-18
1.7e-05	-1.36e-05	-7.36232e-17
2.04e-05	-1.36e-05	6.75028e-15
2.38e-05	-1.36e-05	-6.04393e-13
2.72e-05	-1.36e-05	5.19662e-11
3.06e-05	-1.36e-05	-4.19305e-09
3.4e-05	-1.36e-05	3.01455e-07
3.74e-05	-1.36e-05	-1.64048e-05
4.08e-05	-1.36e-05	3.8806e-05
4.42e-05	-1.36e-05	-6.10023e-05
4.76e-05	-1.36e-05	8.53301e-05
5.1e-05	-1.36e-05	-0.00014721
5.44e-05	-1.36e-05	0.00985727
5.78e-05	-1.36e-05	-0.0163743
6.12e-05	-1.36e-05	0.020139
6.46e-05	-1.36e-05	-0.0217951

-6.46e-05	-1.7e-05	-0.0194729
-6.12e-05	-1.7e-05	0.0155875
-5.78e-05	-1.7e-05	-0.00985658
-5.44e-05	-1.7e-05	9.39993e-05
-5.1e-05	-1.7e-05	-1.65954e-06
-4.76e-05	-1.7e-05	5.23336e-07
-4.42e-05	-1.7e-05	-2.91217e-07
-4.08e-05	-1.7e-05	7.98277e-09
-3.74e-05	-1.7e-05	-1.47396e-10
-3.4e-05	-1.7e-05	2.27369e-12
-3.06e-05	-1.7e-05	-3.15982e-14
-2.72e-05	-1.7e-05	4.10158e-16
-2.38e-05	-1.7e-05	-4.18834e-18
-2.04e-05	-1.7e-05	1.16365e-18
-1.7e-05	-1.7e-05	3.79075e-19
-1.36e-05	-1.7e-05	2.64306e-19
-1.02e-05	-1.7e-05	-6.56946e-19
-6.8e-06	-1.7e-05	1.37669e-18
-3.4e-06	-1.7e-05	-9.61795e-19
0	-1.7e-05	9.41888e-19
3.4e-06	-1.7e-05	1.17826e-19
6.8e-06	-1.7e-05	-3.86575e-19
1.02e-05	-1.7e-05	3.75922e-19
1.36e-05	-1.7e-05	6.68597e-19
1.7e-05	-1.7e-05	1.80817e-18
2.04e-05	-1.7e-05	-2.16657e-16
2.38e-05	-1.7e-05	1.65936e-14
2.72e-05	-1.7e-05	-1.19431e-12
3.06e-05	-1.7e-05	7.74985e-11
3.4e-05	-1.7e-05	-4.208e-09
3.74e-05	-1.7e-05	1.54704e-07
4.08e-05	-1.7e-05	-3.6467e-07
4.42e-05	-1.7e-05	5.7833e-07
4.76e-05	-1.7e-05	-1.33459e-06
5.1e-05	-1.7e-05	5.84312e-05
5.44e-05	-1.7e-05	-0.00619485
5.78e-05	-1.7e-05	0.0115136
6.12e-05	-1.7e-05	-0.0148889
6.46e-05	-1.7e-05	0.0164759

-6.46e-05	-2.04e-05	0.0147398
-6.12e-05	-2.04e-05	-0.0115983
-5.78e-05	-2.04e-05	0.00709714
-5.44e-05	-2.04e-05	-6.6859e-05
-5.1e-05	-2.04e-05	6.36176e-07
-4.76e-05	-2.04e-05	-1.07587e-08
-4.42e-05	-2.04e-05	2.78642e-09
-4.08e-05	-2.04e-05	-9.9351e-11
-3.74e-05	-2.04e-05	2.27627e-12
-3.4e-05	-2.04e-05	-4.19735e-14
-3.06e-05	-2.04e-05	6.78886e-16
-2.72e-05	-2.04e-05	-9.83622e-18
-2.38e-05	-2.04e-05	1.744e-19
-2.04e-05	-2.04e-05	-4.95991e-19
-1.7e-05	-2.04e-05	4.72783e-19
-1.36e-05	-2.04e-05	-2.02012e-18
-1.02e-05	-2.04e-05	1.52736e-18
-6.8e-06	-2.04e-05	-4.54493e-19
-3.4e-06	-2.04e-05	-3.49856e-19
0	-2.04e-05	8.48424e-19
3.4e-06	-2.04e-05	-8.70998e-19
6.8e-06	-2.04e-05	1.77569e-19
1.02e-05	-2.04e-05	2.1446e-19
1.36e-05	-2.04e-05	-1.58441e-18
1.7e-05	-2.04e-05	-1.14105e-18
2.04e-05	-2.04e-05	6.87999e-18
2.38e-05	-2.04e-05	-3.55729e-16
2.72e-05	-2.04e-05	2.20624e-14
3.06e-05	-2.04e-05	-1.19722e-12
3.4e-05	-2.04e-05	5.22811e-11
3.74e-05	-2.04e-05	-1.45922e-09
4.08e-05	-2.04e-05	3.45856e-09
4.42e-05	-2.04e-05	-8.84069e-09
4.76e-05	-2.04e-05	3.74456e-07
5.1e-05	-2.04e-05	-3.90121e-05
5.44e-05	-2.04e-05	0.00415523
5.78e-05	-2.04e-05	-0.00810717
6.12e-05	-2.04e-05	0.0107946
6.46e-05	-2.04e-05	-0.0121244

-6.46e-05	-2.38e-05	-0.0108664
-6.12e-05	-2.38e-05	0.00847582
-5.78e-05	-2.38e-05	-0.00511988
-5.44e-05	-2.38e-05	4.82196e-05
-5.1e-05	-2.38e-05	-4.53544e-07
-4.76e-05	-2.38e-05	4.31021e-09
-4.42e-05	-2.38e-05	-6.57234e-11
-4.08e-05	-2.38e-05	1.52524e-12
-3.74e-05	-2.38e-05	-3.50919e-14
-3.4e-05	-2.38e-05	7.11658e-16
-3.06e-05	-2.38e-05	-1.36453e-17
-2.72e-05	-2.38e-05	1.20261e-18
-2.38e-05	-2.38e-05	3.8331e-20
-2.04e-05	-2.38e-05	4.11541e-19
-1.7e-05	-2.38e-05	3.35365e-19
-1.36e-05	-2.38e-05	-3.21003e-19
-1.02e-05	-2.38e-05	4.90096e-19
-6.8e-06	-2.38e-05	-6.39942e-19
-3.4e-06	-2.38e-05	5.65847e-19
0	-2.38e-05	-4.91723e-19
3.4e-06	-2.38e-05	-1.47363e-19
6.8e-06	-2.38e-05	-3.7096e-19
1.02e-05	-2.38e-05	-8.65515e-19
1.36e-05	-2.38e-05	-1.95445e-19
1.7e-05	-2.38e-05	4.31284e-19
2.04e-05	-2.38e-05	1.41919e-18
2.38e-05	-2.38e-05	6.10456e-18
2.72e-05	-2.38e-05	-3.57548e-16
3.06e-05	-2.38e-05	1.6683e-14
3.4e-05	-2.38e-05	-6.11162e-13
3.74e-05	-2.38e-05	1.39647e-11
4.08e-05	-2.38e-05	-5.41429e-11
4.42e-05	-2.38e-05	2.38381e-09
4.76e-05	-2.38e-05	-2.48072e-07
5.1e-05	-2.38e-05	2.63613e-05
5.44e-05	-2.38e-05	-0.00280867
5.78e-05	-2.38e-05	0.00562076
6.12e-05	-2.38e-05	-0.00759924
6.46e-05	-2.38e-05	0.00859114

-6.46e-05	-2.72e-05	0.00766781
-6.12e-05	-2.72e-05	-0.00595855
-5.78e-05	-2.72e-05	0.0036051
-5.44e-05	-2.72e-05	-3.39565e-05
-5.1e-05	-2.72e-05	3.19294e-07
-4.76e-05	-2.72e-05	-3.00275e-09
-4.42e-05	-2.72e-05	2.84713e-11
-4.08e-05	-2.72e-05	-2.78266e-13
-3.74e-05	-2.72e-05	2.90534e-15
-3.4e-05	-2.72e-05	-3.34233e-17
-3.06e-05	-2.72e-05	3.87801e-19
-2.72e-05	-2.72e-05	-5.66534e-20
-2.38e-05	-2.72e-05	-1.16464e-19
-2.04e-05	-2.72e-05	2.53911e-19
-1.7e-05	-2.72e-05	4.37029e-19
-1.36e-05	-2.72e-05	4.24518e-19
-1.02e-05	-2.72e-05	-1.22068e-19
-6.8e-06	-2.72e-05	2.24985e-19
-3.4e-06	-2.72e-05	-4.06895e-19
0	-2.72e-05	-1.67512e-19
3.4e-06	-2.72e-05	-3.26414e-19
6.8e-06	-2.72e-05	5.34375e-20
1.02e-05	-2.72e-05	3.70889e-19
1.36e-05	-2.72e-05	6.12582e-19
1.7e-05	-2.72e-05	4.25956e-19
2.04e-05	-2.72e-05	-3.79124e-19
2.38e-05	-2.72e-05	-2.04232e-19
2.72e-05	-2.72e-05	5.50723e-18
3.06e-05	-2.72e-05	-2.28443e-16
3.4e-05	-2.72e-05	8.08043e-15
3.74e-05	-2.72e-05	-2.64008e-13
4.08e-05	-2.72e-05	1.45746e-11
4.42e-05	-2.72e-05	-1.51759e-09
4.76e-05	-2.72e-05	1.6127e-07
5.1e-05	-2.72e-05	-1.7143e-05
5.44e-05	-2.72e-05	0.00182713
5.78e-05	-2.72e-05	-0.00372912
6.12e-05	-2.72e-05	0.00506758
6.46e-05	-2.72e-05	-0.00569433

-6.46e-05	-3.06e-05	-0.00493885
-6.12e-05	-3.06e-05	0.0038323
-5.78e-05	-3.06e-05	-0.00236138
-5.44e-05	-3.06e-05	2.22509e-05
-5.1e-05	-3.06e-05	-2.09175e-07
-4.76e-05	-3.06e-05	1.96639e-09
-4.42e-05	-3.06e-05	-1.84877e-11
-4.08e-05	-3.06e-05	1.73915e-13
-3.74e-05	-3.06e-05	-1.63866e-15
-3.4e-05	-3.06e-05	1.54424e-17
-3.06e-05	-3.06e-05	-1.0267e-19
-2.72e-05	-3.06e-05	-4.83866e-19
-2.38e-05	-3.06e-05	-8.09296e-20
-2.04e-05	-3.06e-05	-5.95493e-19
-1.7e-05	-3.06e-05	1.63644e-19
-1.36e-05	-3.06e-05	-4.45509e-19
-1.02e-05	-3.06e-05	-2.52751e-19
-6.8e-06	-3.06e-05	-1.60011e-18
-3.4e-06	-3.06e-05	-2.27968e-19
0	-3.06e-05	-4.43463e-19
3.4e-06	-3.06e-05	5.04031e-19
6.8e-06	-3.06e-05	4.45523e-19
1.02e-05	-3.06e-05	5.73744e-19
1.36e-05	-3.06e-05	1.12227e-18
1.7e-05	-3.06e-05	4.68782e-19
2.04e-05	-3.06e-05	5.37037e-19
2.38e-05	-3.06e-05	3.27071e-20
2.72e-05	-3.06e-05	-2.86571e-19
3.06e-05	-3.06e-05	9.35939e-18
3.4e-05	-3.06e-05	-8.15728e-16
3.74e-05	-3.06e-05	7.9997e-14
4.08e-05	-3.06e-05	-8.37451e-12
4.42e-05	-3.06e-05	8.89707e-10
4.76e-05	-3.06e-05	-9.45539e-08
5.1e-05	-3.06e-05	1.00488e-05
5.44e-05	-3.06e-05	-0.00107167
5.78e-05	-3.06e-05	0.00224257
6.12e-05	-3.06e-05	-0.0030323
6.46e-05	-3.06e-05	0.00329453

-6.46e-05	-3.4e-05	0.00246331
-6.12e-05	-3.4e-05	-0.0019076
-5.78e-05	-3.4e-05	0.00123406
-5.44e-05	-3.4e-05	-1.16443e-05
-5.1e-05	-3.4e-05	1.09358e-07
-4.76e-05	-3.4e-05	-1.02718e-09
-4.42e-05	-3.4e-05	9.64951e-12
-4.08e-05	-3.4e-05	-9.06634e-14
-3.74e-05	-3.4e-05	8.51874e-16
-3.4e-05	-3.4e-05	-7.97505e-18
-3.06e-05	-3.4e-05	-1.53523e-19
-2.72e-05	-3.4e-05	-2.51355e-19
-2.38e-05	-3.4e-05	-5.17588e-19
-2.04e-05	-3.4e-05	4.09213e-20
-1.7e-05	-3.4e-05	-5.5835e-19
-1.36e-05	-3.4e-05	2.28764e-20
-1.02e-05	-3.4e-05	-3.54299e-19
-6.8e-06	-3.4e-05	-2.83923e-19
-3.4e-06	-3.4e-05	-5.69811e-19
0	-3.4e-05	-5.75662e-20
3.4e-06	-3.4e-05	5.00739e-19
6.8e-06	-3.4e-05	4.53484e-19
1.02e-05	-3.4e-05	6.17124e-19
1.36e-05	-3.4e-05	2.90305e-19
1.7e-05	-3.4e-05	-1.06691e-19
2.04e-05	-3.4e-05	-5.74682e-22
2.38e-05	-3.4e-05	-3.5758e-19
2.72e-05	-3.4e-05	-1.79155e-19
3.06e-05	-3.4e-05	-3.54738e-18
3.4e-05	-3.4e-05	3.30985e-16
3.74e-05	-3.4e-05	-3.50327e-14
4.08e-05	-3.4e-05	3.71585e-12
4.42e-05	-3.4e-05	-3.94294e-10
4.76e-05	-3.4e-05	4.18434e-08
5.1e-05	-3.4e-05	-4.4409e-06
5.44e-05	-3.4e-05	0.000474295
5.78e-05	-3.4e-05	-0.00104189
6.12e-05	-3.4e-05	0.0013957
6.46e-05	-3.4e-05	-0.00143493

-6.46e-05	-3.74e-05	-2.55449e-05
-6.12e-05	-3.74e-05	1.96696e-05
-5.78e-05	-3.74e-05	-1.2676e-05
-5.44e-05	-3.74e-05	2.45894e-07
-5.1e-05	-3.74e-05	-3.59196e-09
-4.76e-05	-3.74e-05	4.67065e-11
-4.42e-05	-3.74e-05	-5.69873e-13
-4.08e-05	-3.74e-05	6.67969e-15
-3.74e-05	-3.74e-05	-7.58705e-17
-3.4e-05	-3.74e-05	-1.15521e-18
-3.06e-05	-3.74e-05	6.85776e-19
-2.72e-05	-3.74e-05	-4.52833e-19
-2.38e-05	-3.74e-05	-5.02137e-20
-2.04e-05	-3.74e-05	3.65796e-20
-1.7e-05	-3.74e-05	-2.98086e-20
-1.36e-05	-3.74e-05	-2.66974e-20
-1.02e-05	-3.74e-05	-9.5183e-20
-6.8e-06	-3.74e-05	-4.07747e-20
-3.4e-06	-3.74e-05	-1.12083e-20
0	-3.74e-05	-5.28473e-20
3.4e-06	-3.74e-05	3.198e-20
6.8e-06	-3.74e-05	3.47558e-20
1.02e-05	-3.74e-05	6.21536e-20
1.36e-05	-3.74e-05	5.35188e-20
1.7e-05	-3.74e-05	-1.70254e-21
2.04e-05	-3.74e-05	7.27117e-22
2.38e-05	-3.74e-05	-7.01079e-21
2.72e-05	-3.74e-05	-3.7997e-20
3.06e-05	-3.74e-05	3.06062e-19
3.4e-05	-3.74e-05	-2.92972e-17
3.74e-05	-3.74e-05	2.5672e-15
4.08e-05	-3.74e-05	-2.18828e-13
4.42e-05	-3.74e-05	1.79245e-11
4.76e-05	-3.74e-05	-1.37839e-09
5.1e-05	-3.74e-05	9.44816e-08
5.44e-05	-3.74e-05	-4.90386e-06
5.78e-05	-3.74e-05	1.07268e-05
6.12e-05	-3.74e-05	-1.43652e-05
6.46e-05	-3.74e-05	1.46564e-05

-6.46e-05	-4.08e-05	2.66302e-07
-6.12e-05	-4.08e-05	-2.0284e-07
-5.78e-05	-4.08e-05	1.30225e-07
-5.44e-05	-4.08e-05	-3.80293e-09
-5.1e-05	-4.08e-05	7.47697e-11
-4.76e-05	-4.08e-05	-1.22827e-12
-4.42e-05	-4.08e-05	1.81828e-14
-4.08e-05	-4.08e-05	-2.51653e-16
-3.74e-05	-4.08e-05	3.02438e-18
-3.4e-05	-4.08e-05	-3.08522e-19
-3.06e-05	-4.08e-05	5.59766e-19
-2.72e-05	-4.08e-05	-6.41695e-19
-2.38e-05	-4.08e-05	1.30094e-19
-2.04e-05	-4.08e-05	-1.6903e-20
-1.7e-05	-4.08e-05	-3.99553e-20
-1.36e-05	-4.08e-05	2.08768e-20
-1.02e-05	-4.08e-05	-4.95343e-20
-6.8e-06	-4.08e-05	1.85173e-20
-3.4e-06	-4.08e-05	-1.0562e-20
0	-4.08e-05	9.31433e-21
3.4e-06	-4.08e-05	4.47116e-21
6.8e-06	-4.08e-05	-3.17626e-21
1.02e-05	-4.08e-05	7.13505e-21
1.36e-05	-4.08e-05	2.9758e-21
1.7e-05	-4.08e-05	1.08382e-21
2.04e-05	-4.08e-05	1.89784e-21
2.38e-05	-4.08e-05	1.09493e-21
2.72e-05	-4.08e-05	-2.39319e-21
3.06e-05	-4.08e-05	-1.78585e-20
3.4e-05	-4.08e-05	1.27264e-18
3.74e-05	-4.08e-05	-9.66143e-17
4.08e-05	-4.08e-05	6.98762e-15
4.42e-05	-4.08e-05	-4.72232e-13
4.76e-05	-4.08e-05	2.87794e-11
5.1e-05	-4.08e-05	-1.46795e-09
5.44e-05	-4.08e-05	5.07026e-08
5.78e-05	-4.08e-05	-1.10441e-07
6.12e-05	-4.08e-05	1.47842e-07
6.46e-05	-4.08e-05	-1.49727e-07

-6.46e-05	-4.42e-05	-2.78962e-09
-6.12e-05	-4.42e-05	2.09216e-09
-5.78e-05	-4.42e-05	-1.33807e-09
-5.44e-05	-4.42e-05	5.19827e-11
-5.1e-05	-4.42e-05	-1.28161e-12
-4.76e-05	-4.42e-05	2.53782e-14
-4.42e-05	-4.42e-05	-4.40801e-16
-4.08e-05	-4.42e-05	7.61169e-18
-3.74e-05	-4.42e-05	-8.36769e-19
-3.4e-05	-4.42e-05	-2.0208e-20
-3.06e-05	-4.42e-05	-4.57629e-19
-2.72e-05	-4.42e-05	4.28567e-19
-2.38e-05	-4.42e-05	-9.08885e-20
-2.04e-05	-4.42e-05	7.2823e-20
-1.7e-05	-4.42e-05	1.07951e-19
-1.36e-05	-4.42e-05	-1.01627e-19
-1.02e-05	-4.42e-05	6.90935e-20
-6.8e-06	-4.42e-05	-1.69805e-20
-3.4e-06	-4.42e-05	1.05031e-21
0	-4.42e-05	4.50196e-22
3.4e-06	-4.42e-05	-8.32171e-22
6.8e-06	-4.42e-05	-4.93624e-22
1.02e-05	-4.42e-05	-1.93246e-22
1.36e-05	-4.42e-05	-9.04919e-22
1.7e-05	-4.42e-05	5.06389e-22
2.04e-05	-4.42e-05	-1.05782e-22
2.38e-05	-4.42e-05	2.41399e-22
2.72e-05	-4.42e-05	-3.11132e-22
3.06e-05	-4.42e-05	3.38854e-22
3.4e-05	-4.42e-05	-3.99482e-20
3.74e-05	-4.42e-05	2.69093e-18
4.08e-05	-4.42e-05	-1.69507e-16
4.42e-05	-4.42e-05	9.77651e-15
4.76e-05	-4.42e-05	-4.9467e-13
5.1e-05	-4.42e-05	2.01438e-11
5.44e-05	-4.42e-05	-5.24231e-10
5.78e-05	-4.42e-05	1.13708e-09
6.12e-05	-4.42e-05	-1.52144e-09
6.46e-05	-4.42e-05	1.52984e-09

-6.46e-05	-4.76e-05	2.93503e-11
-6.12e-05	-4.76e-05	-2.15846e-11
-5.78e-05	-4.76e-05	1.3751e-11
-5.44e-05	-4.76e-05	-6.64689e-13
-5.1e-05	-4.76e-05	1.968e-14
-4.76e-05	-4.76e-05	-4.55727e-16
-4.42e-05	-4.76e-05	9.69465e-18
-4.08e-05	-4.76e-05	-4.39055e-19
-3.74e-05	-4.76e-05	5.19407e-19
-3.4e-05	-4.76e-05	-3.66689e-19
-3.06e-05	-4.76e-05	3.74122e-19
-2.72e-05	-4.76e-05	8.20013e-20
-2.38e-05	-4.76e-05	6.9914e-20
-2.04e-05	-4.76e-05	8.12934e-20
-1.7e-05	-4.76e-05	-1.24399e-19
-1.36e-05	-4.76e-05	5.21886e-20
-1.02e-05	-4.76e-05	-6.13535e-20
-6.8e-06	-4.76e-05	5.7597e-21
-3.4e-06	-4.76e-05	-6.1666e-21
0	-4.76e-05	6.94908e-21
3.4e-06	-4.76e-05	1.98272e-21
6.8e-06	-4.76e-05	4.22389e-21
1.02e-05	-4.76e-05	-1.33914e-21
1.36e-05	-4.76e-05	9.89044e-22
1.7e-05	-4.76e-05	-5.01811e-22
2.04e-05	-4.76e-05	6.76673e-22
2.38e-05	-4.76e-05	-4.37623e-22
2.72e-05	-4.76e-05	1.67569e-22
3.06e-05	-4.76e-05	-4.53476e-23
3.4e-05	-4.76e-05	1.02506e-21
3.74e-05	-4.76e-05	-6.21549e-20
4.08e-05	-4.76e-05	3.49176e-18
4.42e-05	-4.76e-05	-1.75855e-16
4.76e-05	-4.76e-05	7.61558e-15
5.1e-05	-4.76e-05	-2.58499e-13
5.44e-05	-4.76e-05	5.42021e-12
5.78e-05	-4.76e-05	-1.17074e-11
6.12e-05	-4.76e-05	1.5656e-11
6.46e-05	-4.76e-05	-1.56339e-11

-6.46e-05	-5.1e-05	-3.10002e-13
-6.12e-05	-5.1e-05	2.22753e-13
-5.78e-05	-5.1e-05	-1.41337e-13
-5.44e-05	-5.1e-05	8.15057e-15
-5.1e-05	-5.1e-05	-2.81102e-16
-4.76e-05	-5.1e-05	7.34975e-18
-4.42e-05	-5.1e-05	-2.38415e-19
-4.08e-05	-5.1e-05	2.95819e-19
-3.74e-05	-5.1e-05	-1.27227e-19
-3.4e-05	-5.1e-05	7.18859e-20
-3.06e-05	-5.1e-05	1.79673e-19
-2.72e-05	-5.1e-05	-1.48475e-19
-2.38e-05	-5.1e-05	2.8807e-19
-2.04e-05	-5.1e-05	-2.69421e-19
-1.7e-05	-5.1e-05	1.97791e-19
-1.36e-05	-5.1e-05	-1.07222e-19
-1.02e-05	-5.1e-05	1.47967e-21
-6.8e-06	-5.1e-05	-9.94058e-22
-3.4e-06	-5.1e-05	-6.75033e-21
0	-5.1e-05	3.402e-21
3.4e-06	-5.1e-05	5.7059e-22
6.8e-06	-5.1e-05	-4.4907e-21
1.02e-05	-5.1e-05	1.76868e-21
1.36e-05	-5.1e-05	-1.51711e-21
1.7e-05	-5.1e-05	1.0636e-21
2.04e-05	-5.1e-05	-3.96881e-22
2.38e-05	-5.1e-05	1.42155e-22
2.72e-05	-5.1e-05	-2.51609e-23
3.06e-05	-5.1e-05	3.9186e-23
3.4e-05	-5.1e-05	2.65155e-23
3.74e-05	-5.1e-05	1.05889e-21
4.08e-05	-5.1e-05	-6.41526e-20
4.42e-05	-5.1e-05	2.88122e-18
4.76e-05	-5.1e-05	-1.09168e-16
5.1e-05	-5.1e-05	3.18072e-15
5.44e-05	-5.1e-05	-5.60416e-14
5.78e-05	-5.1e-05	1.2054e-13
6.12e-05	-5.1e-05	-1.61094e-13
6.46e-05	-5.1e-05	1.59794e-13

-6.46e-05	-5.44e-05	3.28543e-15
-6.12e-05	-5.44e-05	-2.2996e-15
-5.78e-05	-5.44e-05	1.45287e-15
-5.44e-05	-5.44e-05	-9.68569e-17
-5.1e-05	-5.44e-05	3.52041e-18
-4.76e-05	-5.44e-05	2.85655e-19
-4.42e-05	-5.44e-05	-4.1158e-19
-4.08e-05	-5.44e-05	4.54979e-19
-3.74e-05	-5.44e-05	-4.95838e-19
-3.4e-05	-5.44e-05	2.78579e-19
-3.06e-05	-5.44e-05	-3.04804e-19
-2.72e-05	-5.44e-05	4.83768e-19
-2.38e-05	-5.44e-05	-3.38648e-19
-2.04e-05	-5.44e-05	2.26389e-19
-1.7e-05	-5.44e-05	-1.58763e-19
-1.36e-05	-5.44e-05	8.12374e-20
-1.02e-05	-5.44e-05	2.9273e-21
-6.8e-06	-5.44e-05	-7.38579e-21
-3.4e-06	-5.44e-05	2.01015e-21
0	-5.44e-05	-5.3345e-22
3.4e-06	-5.44e-05	-3.19257e-21
6.8e-06	-5.44e-05	3.50218e-21
1.02e-05	-5.44e-05	-1.28958e-21
1.36e-05	-5.44e-05	1.71753e-21
1.7e-05	-5.44e-05	-6.40359e-22
2.04e-05	-5.44e-05	7.18453e-22
2.38e-05	-5.44e-05	-2.38022e-22
2.72e-05	-5.44e-05	8.24644e-23
3.06e-05	-5.44e-05	-3.18578e-23
3.4e-05	-5.44e-05	1.05665e-23
3.74e-05	-5.44e-05	-4.34381e-23
4.08e-05	-5.44e-05	9.15628e-22
4.42e-05	-5.44e-05	-4.35284e-20
4.76e-05	-5.44e-05	1.48735e-18
5.1e-05	-5.44e-05	-3.80236e-17
5.44e-05	-5.44e-05	5.7943e-16
5.78e-05	-5.44e-05	-1.2411e-15
6.12e-05	-5.44e-05	1.6575e-15
6.46e-05	-5.44e-05	-1.63353e-15

-6.46e-05	-5.78e-05	-3.49703e-17
-6.12e-05	-5.78e-05	2.37702e-17
-5.78e-05	-5.78e-05	-1.49378e-17
-5.44e-05	-5.78e-05	1.04289e-18
-5.1e-05	-5.78e-05	8.2787e-20
-4.76e-05	-5.78e-05	-3.17578e-19
-4.42e-05	-5.78e-05	3.31016e-19
-4.08e-05	-5.78e-05	-4.13366e-19
-3.74e-05	-5.78e-05	4.86384e-19
-3.4e-05	-5.78e-05	-4.25101e-19
-3.06e-05	-5.78e-05	3.99647e-19
-2.72e-05	-5.78e-05	-3.77775e-19
-2.38e-05	-5.78e-05	2.21405e-19
-2.04e-05	-5.78e-05	-1.05202e-19
-1.7e-05	-5.78e-05	1.76281e-20
-1.36e-05	-5.78e-05	1.37666e-20
-1.02e-05	-5.78e-05	-3.90508e-20
-6.8e-06	-5.78e-05	1.14596e-20
-3.4e-06	-5.78e-05	1.27038e-21
0	-5.78e-05	3.53875e-21
3.4e-06	-5.78e-05	6.0479e-22
6.8e-06	-5.78e-05	-4.56674e-21
1.02e-05	-5.78e-05	2.72718e-21
1.36e-05	-5.78e-05	-1.2323e-21
1.7e-05	-5.78e-05	8.06444e-22
2.04e-05	-5.78e-05	-3.50841e-22
2.38e-05	-5.78e-05	9.81073e-23
2.72e-05	-5.78e-05	-7.80313e-23
3.06e-05	-5.78e-05	2.88176e-23
3.4e-05	-5.78e-05	-5.68388e-23
3.74e-05	-5.78e-05	8.7317e-23
4.08e-05	-5.78e-05	1.72245e-22
4.42e-05	-5.78e-05	1.74665e-22
4.76e-05	-5.78e-05	-1.87977e-20
5.1e-05	-5.78e-05	4.43453e-19
5.44e-05	-5.78e-05	-5.98719e-18
5.78e-05	-5.78e-05	1.2777e-17
6.12e-05	-5.78e-05	-1.70475e-17
6.46e-05	-5.78e-05	1.66997e-17

-6.46e-05	-6.12e-05	3.80799e-19
-6.12e-05	-6.12e-05	-2.81877e-19
-5.78e-05	-6.12e-05	2.43693e-19
-5.44e-05	-6.12e-05	-5.07375e-20
-5.1e-05	-6.12e-05	-4.204e-20
-4.76e-05	-6.12e-05	6.68523e-20
-4.42e-05	-6.12e-05	-1.09646e-19
-4.08e-05	-6.12e-05	1.65269e-19
-3.74e-05	-6.12e-05	-1.61833e-19
-3.4e-05	-6.12e-05	2.26822e-19
-3.06e-05	-6.12e-05	-1.81341e-19
-2.72e-05	-6.12e-05	8.01711e-20
-2.38e-05	-6.12e-05	-2.76277e-20
-2.04e-05	-6.12e-05	-4.92518e-20
-1.7e-05	-6.12e-05	5.32057e-20
-1.36e-05	-6.12e-05	-3.74081e-20
-1.02e-05	-6.12e-05	2.98026e-20
-6.8e-06	-6.12e-05	-6.82759e-21
-3.4e-06	-6.12e-05	-1.64091e-22
0	-6.12e-05	1.64201e-21
3.4e-06	-6.12e-05	-3.5929e-21
6.8e-06	-6.12e-05	1.93434e-21
1.02e-05	-6.12e-05	-2.36108e-21
1.36e-05	-6.12e-05	7.49138e-22
1.7e-05	-6.12e-05	-6.18388e-22
2.04e-05	-6.12e-05	2.59065e-22
2.38e-05	-6.12e-05	-8.12523e-23
2.72e-05	-6.12e-05	6.25044e-23
3.06e-05	-6.12e-05	-3.02167e-23
3.4e-05	-6.12e-05	-4.0224e-24
3.74e-05	-6.12e-05	4.30449e-25
4.08e-05	-6.12e-05	-2.40378e-22
4.42e-05	-6.12e-05	7.57118e-23
4.76e-05	-6.12e-05	2.87044e-23
5.1e-05	-6.12e-05	-5.02191e-21
5.44e-05	-6.12e-05	6.03258e-20
5.78e-05	-6.12e-05	-1.30299e-19
6.12e-05	-6.12e-05	1.70264e-19
6.46e-05	-6.12e-05	-1.70131e-19

-6.46e-05	-6.46e-05	-1.79511e-20
-6.12e-05	-6.46e-05	3.0386e-20
-5.78e-05	-6.46e-05	-4.7697e-20
-5.44e-05	-6.46e-05	3.19454e-20
-5.1e-05	-6.46e-05	-6.47929e-20
-4.76e-05	-6.46e-05	5.28293e-20
-4.42e-05	-6.46e-05	-1.76177e-20
-4.08e-05	-6.46e-05	2.0979e-20
-3.74e-05	-6.46e-05	2.62408e-20
-3.4e-05	-6.46e-05	-4.77682e-20
-3.06e-05	-6.46e-05	-1.78881e-20
-2.72e-05	-6.46e-05	6.58812e-20
-2.38e-05	-6.46e-05	-7.17246e-20
-2.04e-05	-6.46e-05	4.44108e-20
-1.7e-05	-6.46e-05	-4.66991e-20
-1.36e-05	-6.46e-05	3.10767e-20
-1.02e-05	-6.46e-05	-1.34377e-20
-6.8e-06	-6.46e-05	9.69773e-22
-3.4e-06	-6.46e-05	2.61353e-21
0	-6.46e-05	-3.38901e-21
3.4e-06	-6.46e-05	1.80794e-21
6.8e-06	-6.46e-05	-1.34772e-21
1.02e-05	-6.46e-05	9.12544e-22
1.36e-05	-6.46e-05	-2.11787e-22
1.7e-05	-6.46e-05	2.33159e-22
2.04e-05	-6.46e-05	-1.33864e-22
2.38e-05	-6.46e-05	2.68852e-23
2.72e-05	-6.46e-05	-8.50435e-24
3.06e-05	-6.46e-05	1.16347e-23
3.4e-05	-6.46e-05	-2.45867e-23
3.74e-05	-6.46e-05	-3.80064e-23
4.08e-05	-6.46e-05	8.55503e-23
4.42e-05	-6.46e-05	-1.2577e-22
4.76e-05	-6.46e-05	1.05256e-22
5.1e-05	-6.46e-05	-3.71859e-22
5.44e-05	-6.46e-05	5.18873e-23
5.78e-05	-6.46e-05	1.0988e-22
6.12e-05	-6.46e-05	-4.30619e-22
6.46e-05	-6.46e-05	-6.41245e-22
