
-7.6e-05	8e-05	0.00374912
-7.2e-05	8e-05	0.00385234
-6.8e-05	8e-05	0.0036141
-6.4e-05	8e-05	0.00318449
-6e-05	8e-05	0.00264846
-5.6e-05	8e-05	0.00208246
-5.2e-05	8e-05	0.00155917
-4.8e-05	8e-05	0.00112258
-4.4e-05	8e-05	0.000784733
-4e-05	8e-05	0.000536941
-3.6e-05	8e-05	0.000361957
-3.2e-05	8e-05	0.000241675
-2.8e-05	8e-05	0.000160636
-2.4e-05	8e-05	0.000106966
-2e-05	8e-05	7.2122e-05
-1.6e-05	8e-05	5.02558e-05
-1.2e-05	8e-05	3.7571e-05
-8e-06	8e-05	3.18203e-05
-4e-06	8e-05	3.19766e-05
0	8e-05	3.8076e-05
4e-06	8e-05	5.12299e-05
8e-06	8e-05	7.381e-05
1.2e-05	8e-05	0.000109825
1.6e-05	8e-05	0.000165517
2e-05	8e-05	0.000250175
2.4e-05	8e-05	0.000377127
2.8e-05	8e-05	0.000564623
3.2e-05	8e-05	0.000836001
3.6e-05	8e-05	0.00121778
4e-05	8e-05	0.0017335
4.4e-05	8e-05	0.00239104
4.8e-05	8e-05	0.0031641
5.2e-05	8e-05	0.00397907
5.6e-05	8e-05	0.00473318
6e-05	8e-05	0.00535621
6.4e-05	8e-05	0.00582883
6.8e-05	8e-05	0.00617462
7.2e-05	8e-05	0.00646098
7.6e-05	8e-05	0.00685104

-7.6e-05	7.6e-05	0.00820071
-7.2e-05	7.6e-05	0.00800418
-6.8e-05	7.6e-05	0.00738023
-6.4e-05	7.6e-05	0.00644074
-6e-05	7.6e-05	0.00529804
-5.6e-05	7.6e-05	0.00409955
-5.2e-05	7.6e-05	0.00301464
-4.8e-05	7.6e-05	0.00213421
-4.4e-05	7.6e-05	0.00147086
-4e-05	7.6e-05	0.000995227
-3.6e-05	7.6e-05	0.00066527
-3.2e-05	7.6e-05	0.000441475
-2.8e-05	7.6e-05	0.000292154
-2.4e-05	7.6e-05	0.000193941
-2e-05	7.6e-05	0.000130481
-1.6e-05	7.6e-05	9.0783e-05
-1.2e-05	7.6e-05	6.77986e-05
-8e-06	7.6e-05	5.73873e-05
-4e-06	7.6e-05	5.76619e-05
0	7.6e-05	6.86829e-05
4e-06	7.6e-05	9.24758e-05
8e-06	7.6e-05	0.000133381
1.2e-05	7.6e-05	0.000198779
1.6e-05	7.6e-05	0.000300263
2e-05	7.6e-05	0.000455334
2.4e-05	7.6e-05	0.000689603
2.8e-05	7.6e-05	0.00103921
3.2e-05	7.6e-05	0.0015525
3.6e-05	7.6e-05	0.00228835
4e-05	7.6e-05	0.00330631
4.4e-05	7.6e-05	0.00464052
4.8e-05	7.6e-05	0.00625185
5.2e-05	7.6e-05	0.00797568
5.6e-05	7.6e-05	0.00954589
6e-05	7.6e-05	0.0108045
6.4e-05	7.6e-05	0.011721
6.8e-05	7.6e-05	0.0123414
7.2e-05	7.6e-05	0.0127479
7.6e-05	7.6e-05	0.0130389

-7.6e-05	7.2e-05	0.0131306
-7.2e-05	7.2e-05	0.0124963
-6.8e-05	7.2e-05	0.0113815
-6.4e-05	7.2e-05	0.00983007
-6e-05	7.2e-05	0.00794571
-5.6e-05	7.2e-05	0.0059584
-5.2e-05	7.2e-05	0.00423283
-4.8e-05	7.2e-05	0.0029055
-4.4e-05	7.2e-05	0.00195327
-4e-05	7.2e-05	0.00129699
-3.6e-05	7.2e-05	0.000855178
-3.2e-05	7.2e-05	0.000561993
-2.8e-05	7.2e-05	0.000369382
-2.4e-05	7.2e-05	0.000244051
-2e-05	7.2e-05	0.000163658
-1.6e-05	7.2e-05	0.000113608
-1.2e-05	7.2e-05	8.47149e-05
-8e-06	7.2e-05	7.16433e-05
-4e-06	7.2e-05	7.1973e-05
0	7.2e-05	8.577e-05
4e-06	7.2e-05	0.000115602
8e-06	7.2e-05	0.000167007
1.2e-05	7.2e-05	0.000249482
1.6e-05	7.2e-05	0.000378154
2e-05	7.2e-05	0.000576337
2.4e-05	7.2e-05	0.000879226
2.8e-05	7.2e-05	0.00133882
3.2e-05	7.2e-05	0.00202952
3.6e-05	7.2e-05	0.00305189
4e-05	7.2e-05	0.00452688
4.4e-05	7.2e-05	0.00656233
4.8e-05	7.2e-05	0.00915903
5.2e-05	7.2e-05	0.0120391
5.6e-05	7.2e-05	0.0145663
6e-05	7.2e-05	0.0164773
6.4e-05	7.2e-05	0.0177817
6.8e-05	7.2e-05	0.0185878
7.2e-05	7.2e-05	0.0190115
7.6e-05	7.2e-05	0.0191355

-7.6e-05	6.8e-05	0.0184032
-7.2e-05	6.8e-05	0.0173328
-6.8e-05	6.8e-05	0.0156956
-6.4e-05	6.8e-05	0.0134453
-6e-05	6.8e-05	0.0106098
-5.6e-05	6.8e-05	0.00749066
-5.2e-05	6.8e-05	0.00500667
-4.8e-05	6.8e-05	0.00327005
-4.4e-05	6.8e-05	0.00211847
-4e-05	6.8e-05	0.00137018
-3.6e-05	6.8e-05	0.000887144
-3.2e-05	6.8e-05	0.000575817
-2.8e-05	6.8e-05	0.000375308
-2.4e-05	6.8e-05	0.000246565
-2e-05	6.8e-05	0.00016471
-1.6e-05	6.8e-05	0.000114039
-1.2e-05	6.8e-05	8.48873e-05
-8e-06	6.8e-05	7.17181e-05
-4e-06	6.8e-05	7.20331e-05
0	6.8e-05	8.58876e-05
4e-06	6.8e-05	0.000115898
8e-06	6.8e-05	0.000167744
1.2e-05	6.8e-05	0.000251272
1.6e-05	6.8e-05	0.000382416
2e-05	6.8e-05	0.000586359
2.4e-05	6.8e-05	0.000902571
2.8e-05	6.8e-05	0.00139273
3.2e-05	6.8e-05	0.00215278
3.6e-05	6.8e-05	0.00332958
4e-05	6.8e-05	0.00513771
4.4e-05	6.8e-05	0.00785143
4.8e-05	6.8e-05	0.0116832
5.2e-05	6.8e-05	0.0163241
5.6e-05	6.8e-05	0.0200442
6e-05	6.8e-05	0.0225772
6.4e-05	6.8e-05	0.0241469
6.8e-05	6.8e-05	0.0250144
7.2e-05	6.8e-05	0.0253676
7.6e-05	6.8e-05	0.0253108

-7.6e-05	6.4e-05	0.0239763
-7.2e-05	6.4e-05	0.0225476
-6.8e-05	6.4e-05	0.0204516
-6.4e-05	6.4e-05	0.0174993
-6e-05	6.4e-05	0.013442
-5.6e-05	6.4e-05	0.00830619
-5.2e-05	6.4e-05	0.00497862
-4.8e-05	6.4e-05	0.00301396
-4.4e-05	6.4e-05	0.0018573
-4e-05	6.4e-05	0.00116318
-3.6e-05	6.4e-05	0.000737747
-3.2e-05	6.4e-05	0.000472553
-2.8e-05	6.4e-05	0.00030538
-2.4e-05	6.4e-05	0.000199509
-2e-05	6.4e-05	0.000132784
-1.6e-05	6.4e-05	9.17074e-05
-1.2e-05	6.4e-05	6.81535e-05
-8e-06	6.4e-05	5.75277e-05
-4e-06	6.4e-05	5.77692e-05
0	6.4e-05	6.89143e-05
4e-06	6.4e-05	9.30955e-05
8e-06	6.4e-05	0.000134974
1.2e-05	6.4e-05	0.000202708
1.6e-05	6.4e-05	0.000309715
2e-05	6.4e-05	0.000477726
2.4e-05	6.4e-05	0.000742137
2.8e-05	6.4e-05	0.0011616
3.2e-05	6.4e-05	0.00183585
3.6e-05	6.4e-05	0.00293969
4e-05	6.4e-05	0.00478699
4.4e-05	6.4e-05	0.00793701
4.8e-05	6.4e-05	0.0132709
5.2e-05	6.4e-05	0.0213524
5.6e-05	6.4e-05	0.026491
6e-05	6.4e-05	0.0293945
6.4e-05	6.4e-05	0.0309515
6.8e-05	6.4e-05	0.0316828
7.2e-05	6.4e-05	0.0318574
7.6e-05	6.4e-05	0.0315982

-7.6e-05	6e-05	0.0298272
-7.2e-05	6e-05	0.028184
-6.8e-05	6e-05	0.0258414
-6.4e-05	6e-05	0.0224677
-6e-05	6e-05	0.0172064
-5.6e-05	6e-05	0.00722302
-5.2e-05	6e-05	0.00353345
-4.8e-05	6e-05	0.00191706
-4.4e-05	6e-05	0.00111338
-4e-05	6e-05	0.000674815
-3.6e-05	6e-05	0.00042008
-3.2e-05	6e-05	0.000266123
-2.8e-05	6e-05	0.000170825
-2.4e-05	6e-05	0.000111132
-2e-05	6e-05	7.37645e-05
-1.6e-05	6e-05	5.08548e-05
-1.2e-05	6e-05	3.77496e-05
-8e-06	6e-05	3.18435e-05
-4e-06	6e-05	3.19728e-05
0	6e-05	3.81543e-05
4e-06	6e-05	5.15821e-05
8e-06	6e-05	7.4878e-05
1.2e-05	6e-05	0.000112665
1.6e-05	6e-05	0.000172636
2e-05	6e-05	0.000267493
2.4e-05	6e-05	0.00041857
2.8e-05	6e-05	0.000663023
3.2e-05	6e-05	0.00106934
3.6e-05	6e-05	0.00177434
4e-05	6e-05	0.00308142
4.4e-05	6e-05	0.00575234
4.8e-05	6e-05	0.0119664
5.2e-05	6e-05	0.029091
5.6e-05	6e-05	0.0348845
6e-05	6e-05	0.0372383
6.4e-05	6e-05	0.0382448
6.8e-05	6e-05	0.038563
7.2e-05	6e-05	0.0384342
7.6e-05	6e-05	0.0379458

-7.6e-05	5.6e-05	0.0358891
-7.2e-05	5.6e-05	0.0342131
-6.8e-05	5.6e-05	0.031981
-6.4e-05	5.6e-05	0.0290789
-6e-05	5.6e-05	0.0255057
-5.6e-05	5.6e-05	-0.000232659
-5.2e-05	5.6e-05	-2.33916e-05
-4.8e-05	5.6e-05	-1.34123e-05
-4.4e-05	5.6e-05	-7.78937e-06
-4e-05	5.6e-05	-4.72297e-06
-3.6e-05	5.6e-05	-2.94076e-06
-3.2e-05	5.6e-05	-1.86324e-06
-2.8e-05	5.6e-05	-1.19612e-06
-2.4e-05	5.6e-05	-7.78193e-07
-2e-05	5.6e-05	-5.16546e-07
-1.6e-05	5.6e-05	-3.56125e-07
-1.2e-05	5.6e-05	-2.64356e-07
-8e-06	5.6e-05	-2.22998e-07
-4e-06	5.6e-05	-2.23904e-07
0	5.6e-05	-2.67192e-07
4e-06	5.6e-05	-3.61222e-07
8e-06	5.6e-05	-5.24352e-07
1.2e-05	5.6e-05	-7.88946e-07
1.6e-05	5.6e-05	-1.20885e-06
2e-05	5.6e-05	-1.87297e-06
2.4e-05	5.6e-05	-2.93054e-06
2.8e-05	5.6e-05	-4.64135e-06
3.2e-05	5.6e-05	-7.48389e-06
3.6e-05	5.6e-05	-1.24126e-05
4e-05	5.6e-05	-2.15558e-05
4.4e-05	5.6e-05	-3.80836e-05
4.8e-05	5.6e-05	-0.000378924
5.2e-05	5.6e-05	0.0478439
5.6e-05	5.6e-05	0.0463378
6e-05	5.6e-05	0.0460239
6.4e-05	5.6e-05	0.04581
6.8e-05	5.6e-05	0.0454702
7.2e-05	5.6e-05	0.044952
7.6e-05	5.6e-05	0.0442282

-7.6e-05	5.2e-05	0.0420157
-7.2e-05	5.2e-05	0.0404256
-6.8e-05	5.2e-05	0.0384422
-6.4e-05	5.2e-05	0.0360447
-6e-05	5.2e-05	0.0333193
-5.6e-05	5.2e-05	-0.000235213
-5.2e-05	5.2e-05	1.82415e-06
-4.8e-05	5.2e-05	8.21282e-08
-4.4e-05	5.2e-05	5.45781e-08
-4e-05	5.2e-05	3.30552e-08
-3.6e-05	5.2e-05	2.05868e-08
-3.2e-05	5.2e-05	1.30454e-08
-2.8e-05	5.2e-05	8.37527e-09
-2.4e-05	5.2e-05	5.44922e-09
-2e-05	5.2e-05	3.61718e-09
-1.6e-05	5.2e-05	2.49387e-09
-1.2e-05	5.2e-05	1.85126e-09
-8e-06	5.2e-05	1.56164e-09
-4e-06	5.2e-05	1.56799e-09
0	5.2e-05	1.87113e-09
4e-06	5.2e-05	2.52959e-09
8e-06	5.2e-05	3.67191e-09
1.2e-05	5.2e-05	5.52467e-09
1.6e-05	5.2e-05	8.46481e-09
2e-05	5.2e-05	1.31144e-08
2.4e-05	5.2e-05	2.05176e-08
2.8e-05	5.2e-05	3.24909e-08
3.2e-05	5.2e-05	5.23757e-08
3.6e-05	5.2e-05	8.69812e-08
4e-05	5.2e-05	1.29839e-07
4.4e-05	5.2e-05	3.23601e-06
4.8e-05	5.2e-05	-0.000420418
5.2e-05	5.2e-05	0.0595505
5.6e-05	5.2e-05	0.0560944
6e-05	5.2e-05	0.0542084
6.4e-05	5.2e-05	0.0530022
6.8e-05	5.2e-05	0.0520606
7.2e-05	5.2e-05	0.0511859
7.6e-05	5.2e-05	0.0502686

-7.6e-05	4.8e-05	0.0480257
-7.2e-05	4.8e-05	0.0465914
-6.8e-05	4.8e-05	0.0448988
-6.4e-05	4.8e-05	0.0429459
-6e-05	4.8e-05	0.0407862
-5.6e-05	4.8e-05	-0.000288326
-5.2e-05	4.8e-05	2.02071e-06
-4.8e-05	4.8e-05	-1.48343e-08
-4.4e-05	4.8e-05	-2.81843e-10
-4e-05	4.8e-05	-2.32053e-10
-3.6e-05	4.8e-05	-1.44114e-10
-3.2e-05	4.8e-05	-9.1337e-11
-2.8e-05	4.8e-05	-5.86439e-11
-2.4e-05	4.8e-05	-3.81576e-11
-2e-05	4.8e-05	-2.53298e-11
-1.6e-05	4.8e-05	-1.74641e-11
-1.2e-05	4.8e-05	-1.29642e-11
-8e-06	4.8e-05	-1.09361e-11
-4e-06	4.8e-05	-1.09806e-11
0	4.8e-05	-1.31034e-11
4e-06	4.8e-05	-1.77144e-11
8e-06	4.8e-05	-2.57135e-11
1.2e-05	4.8e-05	-3.8687e-11
1.6e-05	4.8e-05	-5.92735e-11
2e-05	4.8e-05	-9.18267e-11
2.4e-05	4.8e-05	-1.43651e-10
2.8e-05	4.8e-05	-2.27438e-10
3.2e-05	4.8e-05	-3.67719e-10
3.6e-05	4.8e-05	-4.43e-10
4e-05	4.8e-05	-2.45032e-08
4.4e-05	4.8e-05	3.34145e-06
4.8e-05	4.8e-05	-0.00047668
5.2e-05	4.8e-05	0.0674904
5.6e-05	4.8e-05	0.0636699
6e-05	4.8e-05	0.0611231
6.4e-05	4.8e-05	0.0593524
6.8e-05	4.8e-05	0.0580175
7.2e-05	4.8e-05	0.0569048
7.6e-05	4.8e-05	0.0558781

-7.6e-05	4.4e-05	0.0537376
-7.2e-05	4.4e-05	0.0525083
-6.8e-05	4.4e-05	0.0511268
-6.4e-05	4.4e-05	0.0495864
-6e-05	4.4e-05	0.0479064
-5.6e-05	4.4e-05	-0.000338614
-5.2e-05	4.4e-05	2.3746e-06
-4.8e-05	4.4e-05	-1.66477e-08
-4.4e-05	4.4e-05	1.19445e-10
-4e-05	4.4e-05	8.00421e-13
-3.6e-05	4.4e-05	1.01469e-12
-3.2e-05	4.4e-05	6.39483e-13
-2.8e-05	4.4e-05	4.10639e-13
-2.4e-05	4.4e-05	2.67176e-13
-2e-05	4.4e-05	1.77362e-13
-1.6e-05	4.4e-05	1.22243e-13
-1.2e-05	4.4e-05	9.07852e-14
-8e-06	4.4e-05	7.6596e-14
-4e-06	4.4e-05	7.68934e-14
0	4.4e-05	9.17636e-14
4e-06	4.4e-05	1.24058e-13
8e-06	4.4e-05	1.80053e-13
1.2e-05	4.4e-05	2.70929e-13
1.6e-05	4.4e-05	4.15048e-13
2e-05	4.4e-05	6.42966e-13
2.4e-05	4.4e-05	1.00569e-12
2.8e-05	4.4e-05	1.60094e-12
3.2e-05	4.4e-05	1.319e-12
3.6e-05	4.4e-05	1.81972e-10
4e-05	4.4e-05	-2.53324e-08
4.4e-05	4.4e-05	3.61299e-06
4.8e-05	4.4e-05	-0.000515141
5.2e-05	4.4e-05	0.0729297
5.6e-05	4.4e-05	0.0692785
6e-05	4.4e-05	0.0665959
6.4e-05	4.4e-05	0.0646208
6.8e-05	4.4e-05	0.0631205
7.2e-05	4.4e-05	0.0619181
7.6e-05	4.4e-05	0.0608857

-7.6e-05	4e-05	0.0589866
-7.2e-05	4e-05	0.0580055
-6.8e-05	4e-05	0.056957
-6.4e-05	4e-05	0.0558265
-6e-05	4e-05	0.0546122
-5.6e-05	4e-05	-0.000385976
-5.2e-05	4e-05	2.70674e-06
-4.8e-05	4e-05	-1.89816e-08
-4.4e-05	4e-05	1.33094e-10
-4e-05	4e-05	-9.44747e-13
-3.6e-05	4e-05	-4.93156e-16
-3.2e-05	4e-05	-4.54055e-15
-2.8e-05	4e-05	-2.89203e-15
-2.4e-05	4e-05	-1.8685e-15
-2e-05	4e-05	-1.28665e-15
-1.6e-05	4e-05	-8.89696e-16
-1.2e-05	4e-05	-6.26259e-16
-8e-06	4e-05	-5.47633e-16
-4e-06	4e-05	-5.16385e-16
0	4e-05	-6.43235e-16
4e-06	4e-05	-8.85366e-16
8e-06	4e-05	-1.24742e-15
1.2e-05	4e-05	-1.90828e-15
1.6e-05	4e-05	-2.9001e-15
2e-05	4e-05	-4.50376e-15
2.4e-05	4e-05	-7.1086e-15
2.8e-05	4e-05	-1.98913e-15
3.2e-05	4e-05	-1.32421e-12
3.6e-05	4e-05	1.86223e-10
4e-05	4e-05	-2.65571e-08
4.4e-05	4e-05	3.78667e-06
4.8e-05	4e-05	-0.000539926
5.2e-05	4e-05	0.0764332
5.6e-05	4e-05	0.0731641
6e-05	4e-05	0.070636
6.4e-05	4e-05	0.0687106
6.8e-05	4e-05	0.0672381
7.2e-05	4e-05	0.0660873
7.6e-05	4e-05	0.0651528

-7.6e-05	3.6e-05	0.0636302
-7.2e-05	3.6e-05	0.0629385
-6.8e-05	3.6e-05	0.0622489
-6.4e-05	3.6e-05	0.0615426
-6e-05	3.6e-05	0.0608068
-5.6e-05	3.6e-05	-0.000429725
-5.2e-05	3.6e-05	3.01356e-06
-4.8e-05	3.6e-05	-2.11333e-08
-4.4e-05	3.6e-05	1.48203e-10
-4e-05	3.6e-05	-1.03919e-12
-3.6e-05	3.6e-05	7.23029e-15
-3.2e-05	3.6e-05	4.9266e-17
-2.8e-05	3.6e-05	2.24297e-17
-2.4e-05	3.6e-05	-7.36228e-17
-2e-05	3.6e-05	8.52142e-20
-1.6e-05	3.6e-05	-3.19027e-17
-1.2e-05	3.6e-05	-1.56431e-18
-8e-06	3.6e-05	4.45355e-17
-4e-06	3.6e-05	-7.49504e-18
0	3.6e-05	-7.48612e-18
4e-06	3.6e-05	1.85523e-17
8e-06	3.6e-05	-6.39527e-18
1.2e-05	3.6e-05	4.27795e-17
1.6e-05	3.6e-05	1.35214e-17
2e-05	3.6e-05	3.27913e-17
2.4e-05	3.6e-05	-1.92828e-17
2.8e-05	3.6e-05	9.46602e-15
3.2e-05	3.6e-05	-1.33796e-12
3.6e-05	3.6e-05	1.90796e-10
4e-05	3.6e-05	-2.72054e-08
4.4e-05	3.6e-05	3.87918e-06
4.8e-05	3.6e-05	-0.000553128
5.2e-05	3.6e-05	0.0782974
5.6e-05	3.6e-05	0.075512
6e-05	3.6e-05	0.0733044
6.4e-05	3.6e-05	0.0715992
6.8e-05	3.6e-05	0.070302
7.2e-05	3.6e-05	0.0693206
7.6e-05	3.6e-05	0.0685749

-7.6e-05	3.2e-05	0.067549
-7.2e-05	3.2e-05	0.0671839
-6.8e-05	3.2e-05	0.0668798
-6.4e-05	3.2e-05	0.0666181
-6e-05	3.2e-05	0.0663824
-5.6e-05	3.2e-05	-0.000469098
-5.2e-05	3.2e-05	3.28969e-06
-4.8e-05	3.2e-05	-2.30699e-08
-4.4e-05	3.2e-05	1.61785e-10
-4e-05	3.2e-05	-1.13463e-12
-3.6e-05	3.2e-05	8.0113e-15
-3.2e-05	3.2e-05	-1.19813e-17
-2.8e-05	3.2e-05	-1.05141e-16
-2.4e-05	3.2e-05	-6.80241e-18
-2e-05	3.2e-05	-4.59091e-17
-1.6e-05	3.2e-05	-3.30282e-17
-1.2e-05	3.2e-05	4.2588e-17
-8e-06	3.2e-05	-1.4013e-17
-4e-06	3.2e-05	-3.65341e-18
0	3.2e-05	6.65945e-18
4e-06	3.2e-05	-2.01185e-17
8e-06	3.2e-05	2.43857e-17
1.2e-05	3.2e-05	-5.86428e-18
1.6e-05	3.2e-05	4.85557e-18
2e-05	3.2e-05	2.91057e-18
2.4e-05	3.2e-05	-7.87304e-17
2.8e-05	3.2e-05	9.42722e-15
3.2e-05	3.2e-05	-1.34507e-12
3.6e-05	3.2e-05	1.91794e-10
4e-05	3.2e-05	-2.7348e-08
4.4e-05	3.2e-05	3.89956e-06
4.8e-05	3.2e-05	-0.000556041
5.2e-05	3.2e-05	0.0787053
5.6e-05	3.2e-05	0.0764599
6e-05	3.2e-05	0.0746722
6.4e-05	3.2e-05	0.0733002
6.8e-05	3.2e-05	0.0722847
7.2e-05	3.2e-05	0.0715632
7.6e-05	3.2e-05	0.0710787

-7.6e-05	2.8e-05	0.0706458
-7.2e-05	2.8e-05	0.0706368
-6.8e-05	2.8e-05	0.0707402
-6.4e-05	2.8e-05	0.0709421
-6e-05	2.8e-05	0.0712281
-5.6e-05	2.8e-05	-0.000503312
-5.2e-05	2.8e-05	3.52965e-06
-4.8e-05	2.8e-05	-2.47528e-08
-4.4e-05	2.8e-05	1.73588e-10
-4e-05	2.8e-05	-1.21735e-12
-3.6e-05	2.8e-05	8.55201e-15
-3.2e-05	2.8e-05	-1.69321e-16
-2.8e-05	2.8e-05	-1.84318e-17
-2.4e-05	2.8e-05	-2.20303e-17
-2e-05	2.8e-05	-1.55241e-17
-1.6e-05	2.8e-05	2.02436e-17
-1.2e-05	2.8e-05	-1.06629e-17
-8e-06	2.8e-05	3.84396e-17
-4e-06	2.8e-05	-1.23476e-17
0	2.8e-05	-2.21201e-17
4e-06	2.8e-05	2.26733e-17
8e-06	2.8e-05	-9.84081e-18
1.2e-05	2.8e-05	2.00989e-17
1.6e-05	2.8e-05	-1.2336e-17
2e-05	2.8e-05	-6.48882e-18
2.4e-05	2.8e-05	-6.41508e-17
2.8e-05	2.8e-05	9.32108e-15
3.2e-05	2.8e-05	-1.32944e-12
3.6e-05	2.8e-05	1.89567e-10
4e-05	2.8e-05	-2.70307e-08
4.4e-05	2.8e-05	3.85436e-06
4.8e-05	2.8e-05	-0.000549601
5.2e-05	2.8e-05	0.0777894
5.6e-05	2.8e-05	0.0761176
6e-05	2.8e-05	0.0748113
6.4e-05	2.8e-05	0.0738466
6.8e-05	2.8e-05	0.0731863
7.2e-05	2.8e-05	0.0727894
7.6e-05	2.8e-05	0.0726182

-7.6e-05	2.4e-05	0.0728433
-7.2e-05	2.4e-05	0.0732081
-6.8e-05	2.4e-05	0.0737316
-6.4e-05	2.4e-05	0.0744097
-6e-05	2.4e-05	0.0752338
-5.6e-05	2.4e-05	-0.00053159
-5.2e-05	2.4e-05	3.72798e-06
-4.8e-05	2.4e-05	-2.61438e-08
-4.4e-05	2.4e-05	1.83343e-10
-4e-05	2.4e-05	-1.28575e-12
-3.6e-05	2.4e-05	8.93655e-15
-3.2e-05	2.4e-05	-1.04011e-16
-2.8e-05	2.4e-05	-3.23116e-17
-2.4e-05	2.4e-05	-1.17176e-17
-2e-05	2.4e-05	-9.46279e-18
-1.6e-05	2.4e-05	-3.33351e-18
-1.2e-05	2.4e-05	5.94006e-17
-8e-06	2.4e-05	-1.22001e-17
-4e-06	2.4e-05	-3.2363e-17
0	2.4e-05	2.18298e-17
4e-06	2.4e-05	-2.5157e-17
8e-06	2.4e-05	1.24202e-17
1.2e-05	2.4e-05	-1.18515e-18
1.6e-05	2.4e-05	6.42601e-18
2e-05	2.4e-05	3.53036e-18
2.4e-05	2.4e-05	-6.33815e-17
2.8e-05	2.4e-05	9.0638e-15
3.2e-05	2.4e-05	-1.29308e-12
3.6e-05	2.4e-05	1.84383e-10
4e-05	2.4e-05	-2.62917e-08
4.4e-05	2.4e-05	3.749e-06
4.8e-05	2.4e-05	-0.000534581
5.2e-05	2.4e-05	0.0756594
5.6e-05	2.4e-05	0.0745809
6e-05	2.4e-05	0.0737941
6.4e-05	2.4e-05	0.0732844
6.8e-05	2.4e-05	0.0730276
7.2e-05	2.4e-05	0.0729974
7.6e-05	2.4e-05	0.073171

-7.6e-05	2e-05	0.0740833
-7.2e-05	2e-05	0.0748234
-6.8e-05	2e-05	0.0757657
-6.4e-05	2e-05	0.0769211
-6e-05	2e-05	0.0782917
-5.6e-05	2e-05	-0.000553169
-5.2e-05	2e-05	3.87933e-06
-4.8e-05	2e-05	-2.72054e-08
-4.4e-05	2e-05	1.9079e-10
-4e-05	2e-05	-1.33804e-12
-3.6e-05	2e-05	9.34103e-15
-3.2e-05	2e-05	-1.03368e-16
-2.8e-05	2e-05	9.79886e-18
-2.4e-05	2e-05	-2.22084e-17
-2e-05	2e-05	1.98078e-17
-1.6e-05	2e-05	7.95148e-17
-1.2e-05	2e-05	-3.32441e-17
-8e-06	2e-05	-3.43016e-17
-4e-06	2e-05	1.59634e-17
0	2e-05	-2.00112e-17
4e-06	2e-05	2.6902e-17
8e-06	2e-05	-1.45302e-17
1.2e-05	2e-05	-8.22455e-19
1.6e-05	2e-05	-6.45869e-18
2e-05	2e-05	-9.80313e-18
2.4e-05	2e-05	-6.54105e-17
2.8e-05	2e-05	8.6776e-15
3.2e-05	2e-05	-1.23768e-12
3.6e-05	2e-05	1.76484e-10
4e-05	2e-05	-2.51655e-08
4.4e-05	2e-05	3.58843e-06
4.8e-05	2e-05	-0.000511687
5.2e-05	2e-05	0.0724151
5.6e-05	2e-05	0.0719405
6e-05	2e-05	0.0716963
6.4e-05	2e-05	0.0716712
6.8e-05	2e-05	0.0718473
7.2e-05	2e-05	0.0722066
7.6e-05	2e-05	0.0727375

-7.6e-05	1.6e-05	0.0743255
-7.2e-05	1.6e-05	0.0754216
-6.8e-05	1.6e-05	0.0767619
-6.4e-05	1.6e-05	0.0783795
-6e-05	1.6e-05	0.0802945
-5.6e-05	1.6e-05	-0.000567292
-5.2e-05	1.6e-05	3.9784e-06
-4.8e-05	1.6e-05	-2.79004e-08
-4.4e-05	1.6e-05	1.95665e-10
-4e-05	1.6e-05	-1.37221e-12
-3.6e-05	1.6e-05	9.58592e-15
-3.2e-05	1.6e-05	-6.27374e-17
-2.8e-05	1.6e-05	1.16919e-17
-2.4e-05	1.6e-05	-1.15957e-17
-2e-05	1.6e-05	7.0071e-17
-1.6e-05	1.6e-05	-2.20944e-17
-1.2e-05	1.6e-05	-3.77859e-17
-8e-06	1.6e-05	1.66145e-17
-4e-06	1.6e-05	-3.64946e-17
0	1.6e-05	4.312e-17
4e-06	1.6e-05	-1.50034e-17
8e-06	1.6e-05	4.73268e-18
1.2e-05	1.6e-05	-6.91716e-18
1.6e-05	1.6e-05	3.80303e-19
2e-05	1.6e-05	3.31181e-18
2.4e-05	1.6e-05	-6.39011e-17
2.8e-05	1.6e-05	8.16173e-15
3.2e-05	1.6e-05	-1.16489e-12
3.6e-05	1.6e-05	1.66105e-10
4e-05	1.6e-05	-2.36856e-08
4.4e-05	1.6e-05	3.37742e-06
4.8e-05	1.6e-05	-0.0004816
5.2e-05	1.6e-05	0.0681529
5.6e-05	1.6e-05	0.0682864
6e-05	1.6e-05	0.0685987
6.4e-05	1.6e-05	0.0690764
6.8e-05	1.6e-05	0.0697014
7.2e-05	1.6e-05	0.070458
7.6e-05	1.6e-05	0.0713408

-7.6e-05	1.2e-05	0.0735484
-7.2e-05	1.2e-05	0.0749545
-6.8e-05	1.2e-05	0.0766448
-6.4e-05	1.2e-05	0.0786872
-6e-05	1.2e-05	0.0811307
-5.6e-05	1.2e-05	-0.000573172
-5.2e-05	1.2e-05	4.01968e-06
-4.8e-05	1.2e-05	-2.81902e-08
-4.4e-05	1.2e-05	1.97699e-10
-4e-05	1.2e-05	-1.38648e-12
-3.6e-05	1.2e-05	9.73472e-15
-3.2e-05	1.2e-05	-2.82728e-17
-2.8e-05	1.2e-05	-2.4181e-17
-2.4e-05	1.2e-05	4.76936e-17
-2e-05	1.2e-05	-2.78988e-17
-1.6e-05	1.2e-05	-3.33134e-17
-1.2e-05	1.2e-05	1.14713e-17
-8e-06	1.2e-05	-4.13115e-17
-4e-06	1.2e-05	5.72816e-17
0	1.2e-05	-5.87476e-18
4e-06	1.2e-05	2.86988e-17
8e-06	1.2e-05	-4.15862e-18
1.2e-05	1.2e-05	5.6446e-18
1.6e-05	1.2e-05	-5.82671e-18
2e-05	1.2e-05	5.58563e-19
2.4e-05	1.2e-05	-5.91325e-17
2.8e-05	1.2e-05	7.54445e-15
3.2e-05	1.2e-05	-1.07632e-12
3.6e-05	1.2e-05	1.53477e-10
4e-05	1.2e-05	-2.18849e-08
4.4e-05	1.2e-05	3.12066e-06
4.8e-05	1.2e-05	-0.000444989
5.2e-05	1.2e-05	0.0629675
5.6e-05	1.2e-05	0.06371
6e-05	1.2e-05	0.0645885
6.4e-05	1.2e-05	0.0655822
6.8e-05	1.2e-05	0.0666649
7.2e-05	1.2e-05	0.0678159
7.6e-05	1.2e-05	0.0690302

-7.6e-05	8e-06	0.071752
-7.2e-05	8e-06	0.073387
-6.8e-05	8e-06	0.075341
-6.4e-05	8e-06	0.0777368
-6e-05	8e-06	0.0806749
-5.6e-05	8e-06	-0.000569922
-5.2e-05	8e-06	3.99694e-06
-4.8e-05	8e-06	-2.80311e-08
-4.4e-05	8e-06	1.96586e-10
-4e-05	8e-06	-1.3787e-12
-3.6e-05	8e-06	9.71061e-15
-3.2e-05	8e-06	-9.52314e-17
-2.8e-05	8e-06	2.81436e-17
-2.4e-05	8e-06	-2.31811e-17
-2e-05	8e-06	-3.52067e-17
-1.6e-05	8e-06	2.74684e-17
-1.2e-05	8e-06	-4.02724e-17
-8e-06	8e-06	3.58848e-17
-4e-06	8e-06	-3.04825e-17
0	8e-06	2.15094e-17
4e-06	8e-06	-1.02329e-17
8e-06	8e-06	-1.88088e-18
1.2e-05	8e-06	-8.50116e-19
1.6e-05	8e-06	-6.19134e-18
2e-05	8e-06	-6.46735e-18
2.4e-05	8e-06	-5.5531e-17
2.8e-05	8e-06	6.82058e-15
3.2e-05	8e-06	-9.73566e-13
3.6e-05	8e-06	1.38825e-10
4e-05	8e-06	-1.97957e-08
4.4e-05	8e-06	2.82275e-06
4.8e-05	8e-06	-0.000402509
5.2e-05	8e-06	0.0569516
5.6e-05	8e-06	0.0583038
6e-05	8e-06	0.05976
6.4e-05	8e-06	0.061285
6.8e-05	8e-06	0.0628342
7.2e-05	8e-06	0.064372
7.6e-05	8e-06	0.0658861

-7.6e-05	4e-06	0.0689648
-7.2e-05	4e-06	0.0707015
-6.8e-05	4e-06	0.0727749
-6.4e-05	4e-06	0.0753978
-6e-05	4e-06	0.0787682
-5.6e-05	4e-06	-0.000556421
-5.2e-05	4e-06	3.90235e-06
-4.8e-05	4e-06	-2.73683e-08
-4.4e-05	4e-06	1.91943e-10
-4e-05	4e-06	-1.34612e-12
-3.6e-05	4e-06	9.41347e-15
-3.2e-05	4e-06	-5.03253e-17
-2.8e-05	4e-06	-7.48211e-18
-2.4e-05	4e-06	-2.76807e-17
-2e-05	4e-06	2.52259e-17
-1.6e-05	4e-06	-4.38909e-17
-1.2e-05	4e-06	5.29196e-17
-8e-06	4e-06	9.58079e-18
-4e-06	4e-06	2.18326e-17
0	4e-06	-1.39117e-17
4e-06	4e-06	-8.58484e-18
8e-06	4e-06	-4.27414e-18
1.2e-05	4e-06	-4.79377e-18
1.6e-05	4e-06	-4.42824e-18
2e-05	4e-06	-1.50784e-18
2.4e-05	4e-06	-4.89565e-17
2.8e-05	4e-06	6.01742e-15
3.2e-05	4e-06	-8.58138e-13
3.6e-05	4e-06	1.22366e-10
4e-05	4e-06	-1.74486e-08
4.4e-05	4e-06	2.48807e-06
4.8e-05	4e-06	-0.000354785
5.2e-05	4e-06	0.0501937
5.6e-05	4e-06	0.0521588
6e-05	4e-06	0.0542119
6.4e-05	4e-06	0.0562961
6.8e-05	4e-06	0.0583308
7.2e-05	4e-06	0.0602509
7.6e-05	4e-06	0.062028

-7.6e-05	0	0.0652582
-7.2e-05	0	0.0669094
-6.8e-05	0	0.068867
-6.4e-05	0	0.0714902
-6e-05	0	0.0751811
-5.6e-05	0	-0.000531045
-5.2e-05	0	3.72454e-06
-4.8e-05	0	-2.61224e-08
-4.4e-05	0	1.83212e-10
-4e-05	0	-1.28499e-12
-3.6e-05	0	9.00963e-15
-3.2e-05	0	-5.91535e-17
-2.8e-05	0	-2.44186e-17
-2.4e-05	0	2.72044e-17
-2e-05	0	-2.58401e-17
-1.6e-05	0	3.23689e-17
-1.2e-05	0	-3.97495e-17
-8e-06	0	2.5274e-17
-4e-06	0	-9.39624e-18
0	0	-1.73822e-18
4e-06	0	2.60518e-18
8e-06	0	-1.74861e-17
1.2e-05	0	-1.08389e-17
1.6e-05	0	-9.09713e-18
2e-05	0	-8.11031e-18
2.4e-05	0	-3.89298e-17
2.8e-05	0	5.12582e-15
3.2e-05	0	-7.31421e-13
3.6e-05	0	1.04296e-10
4e-05	0	-1.4872e-08
4.4e-05	0	2.12065e-06
4.8e-05	0	-0.000302391
5.2e-05	0	0.0427748
5.6e-05	0	0.0453579
6e-05	0	0.0480423
6.4e-05	0	0.0507438
6.8e-05	0	0.0533068
7.2e-05	0	0.0556169
7.6e-05	0	0.0576237

-7.6e-05	-4e-06	0.0607721
-7.2e-05	-4e-06	0.0620825
-6.8e-05	-4e-06	0.0635434
-6.4e-05	-4e-06	0.0657366
-6e-05	-4e-06	0.0695381
-5.6e-05	-4e-06	-0.000491145
-5.2e-05	-4e-06	3.44498e-06
-4.8e-05	-4e-06	-2.41637e-08
-4.4e-05	-4e-06	1.69489e-10
-4e-05	-4e-06	-1.18884e-12
-3.6e-05	-4e-06	8.36081e-15
-3.2e-05	-4e-06	-7.65701e-17
-2.8e-05	-4e-06	2.49886e-17
-2.4e-05	-4e-06	-2.61559e-17
-2e-05	-4e-06	2.70809e-17
-1.6e-05	-4e-06	-1.8526e-17
-1.2e-05	-4e-06	1.59241e-17
-8e-06	-4e-06	2.90053e-18
-4e-06	-4e-06	6.30555e-18
0	-4e-06	5.1509e-18
4e-06	-4e-06	-9.97777e-18
8e-06	-4e-06	-1.07767e-17
1.2e-05	-4e-06	-3.25361e-18
1.6e-05	-4e-06	-6.3329e-18
2e-05	-4e-06	-6.76102e-18
2.4e-05	-4e-06	-3.39016e-17
2.8e-05	-4e-06	4.17137e-15
3.2e-05	-4e-06	-5.94645e-13
3.6e-05	-4e-06	8.47916e-11
4e-05	-4e-06	-1.20907e-08
4.4e-05	-4e-06	1.72404e-06
4.8e-05	-4e-06	-0.000245835
5.2e-05	-4e-06	0.0347671
5.6e-05	-4e-06	0.0379618
6e-05	-4e-06	0.0413324
6.4e-05	-4e-06	0.0447775
6.8e-05	-4e-06	0.0479553
7.2e-05	-4e-06	0.0506805
7.6e-05	-4e-06	0.0528957

-7.6e-05	-8e-06	0.0557591
-7.2e-05	-8e-06	0.0564291
-6.8e-05	-8e-06	0.0567957
-6.4e-05	-8e-06	0.0576587
-6e-05	-8e-06	0.0611635
-5.6e-05	-8e-06	-0.000431945
-5.2e-05	-8e-06	3.03031e-06
-4.8e-05	-8e-06	-2.12591e-08
-4.4e-05	-8e-06	1.49142e-10
-4e-05	-8e-06	-1.04628e-12
-3.6e-05	-8e-06	7.31848e-15
-3.2e-05	-8e-06	-2.75967e-17
-2.8e-05	-8e-06	-1.58566e-17
-2.4e-05	-8e-06	1.57861e-17
-2e-05	-8e-06	-1.04988e-17
-1.6e-05	-8e-06	8.90569e-18
-1.2e-05	-8e-06	-1.65164e-18
-8e-06	-8e-06	-1.1739e-17
-4e-06	-8e-06	-3.70257e-18
0	-8e-06	-1.03946e-17
4e-06	-8e-06	-1.207e-17
8e-06	-8e-06	-6.68449e-18
1.2e-05	-8e-06	-4.31991e-18
1.6e-05	-8e-06	6.23712e-19
2e-05	-8e-06	-7.82632e-18
2.4e-05	-8e-06	-1.67666e-17
2.8e-05	-8e-06	3.14865e-15
3.2e-05	-8e-06	-4.49e-13
3.6e-05	-8e-06	6.40236e-11
4e-05	-8e-06	-9.12925e-09
4.4e-05	-8e-06	1.30176e-06
4.8e-05	-8e-06	-0.00018562
5.2e-05	-8e-06	0.0262419
5.6e-05	-8e-06	0.0299763
6e-05	-8e-06	0.034098
6.4e-05	-8e-06	0.0385911
6.8e-05	-8e-06	0.042534
7.2e-05	-8e-06	0.0457023
7.6e-05	-8e-06	0.0481129

-7.6e-05	-1.2e-05	0.0506382
-7.2e-05	-1.2e-05	0.0504646
-6.8e-05	-1.2e-05	0.0489332
-6.4e-05	-1.2e-05	0.0463111
-6e-05	-1.2e-05	0.0487605
-5.6e-05	-1.2e-05	-0.000344283
-5.2e-05	-1.2e-05	2.41647e-06
-4.8e-05	-1.2e-05	-1.69608e-08
-4.4e-05	-1.2e-05	1.19045e-10
-4e-05	-1.2e-05	-8.35557e-13
-3.6e-05	-1.2e-05	5.88657e-15
-3.2e-05	-1.2e-05	-5.34448e-17
-2.8e-05	-1.2e-05	1.84142e-17
-2.4e-05	-1.2e-05	-5.87658e-18
-2e-05	-1.2e-05	3.1286e-18
-1.6e-05	-1.2e-05	-1.17482e-17
-1.2e-05	-1.2e-05	-5.19459e-18
-8e-06	-1.2e-05	-1.01211e-17
-4e-06	-1.2e-05	-7.78653e-18
0	-1.2e-05	-7.21628e-18
4e-06	-1.2e-05	-7.77115e-18
8e-06	-1.2e-05	-2.18893e-18
1.2e-05	-1.2e-05	-2.19984e-18
1.6e-05	-1.2e-05	-7.10494e-18
2e-05	-1.2e-05	-7.41167e-19
2.4e-05	-1.2e-05	-1.30158e-17
2.8e-05	-1.2e-05	2.07647e-15
3.2e-05	-1.2e-05	-2.96311e-13
3.6e-05	-1.2e-05	4.22539e-11
4e-05	-1.2e-05	-6.02541e-09
4.4e-05	-1.2e-05	8.59224e-07
4.8e-05	-1.2e-05	-0.000122526
5.2e-05	-1.2e-05	0.0173108
5.6e-05	-1.2e-05	0.0212771
6e-05	-1.2e-05	0.026121
6.4e-05	-1.2e-05	0.0325345
6.8e-05	-1.2e-05	0.0374244
7.2e-05	-1.2e-05	0.0409839
7.6e-05	-1.2e-05	0.043547

-7.6e-05	-1.6e-05	0.045995
-7.2e-05	-1.6e-05	0.0453083
-6.8e-05	-1.6e-05	0.0416287
-6.4e-05	-1.6e-05	0.0293877
-6e-05	-1.6e-05	0.0298014
-5.6e-05	-1.6e-05	-0.000210292
-5.2e-05	-1.6e-05	1.47864e-06
-4.8e-05	-1.6e-05	-1.03976e-08
-4.4e-05	-1.6e-05	7.31198e-11
-4e-05	-1.6e-05	-5.14237e-13
-3.6e-05	-1.6e-05	3.61038e-15
-3.2e-05	-1.6e-05	-1.84214e-17
-2.8e-05	-1.6e-05	-7.96387e-18
-2.4e-05	-1.6e-05	5.74116e-18
-2e-05	-1.6e-05	-1.04851e-17
-1.6e-05	-1.6e-05	-1.4155e-18
-1.2e-05	-1.6e-05	-4.67735e-18
-8e-06	-1.6e-05	-4.27375e-18
-4e-06	-1.6e-05	8.08031e-19
0	-1.6e-05	-9.52212e-18
4e-06	-1.6e-05	-4.57e-18
8e-06	-1.6e-05	-4.09398e-18
1.2e-05	-1.6e-05	-6.39544e-18
1.6e-05	-1.6e-05	-9.03552e-19
2e-05	-1.6e-05	1.17044e-18
2.4e-05	-1.6e-05	-9.21596e-18
2.8e-05	-1.6e-05	9.88797e-16
3.2e-05	-1.6e-05	-1.41378e-13
3.6e-05	-1.6e-05	2.01685e-11
4e-05	-1.6e-05	-2.87736e-09
4.4e-05	-1.6e-05	4.1052e-07
4.8e-05	-1.6e-05	-5.85725e-05
5.2e-05	-1.6e-05	0.00826257
5.6e-05	-1.6e-05	0.0114688
6e-05	-1.6e-05	0.0162899
6.4e-05	-1.6e-05	0.0276473
6.8e-05	-1.6e-05	0.0332376
7.2e-05	-1.6e-05	0.0368158
7.6e-05	-1.6e-05	0.0393686

-7.6e-05	-2e-05	0.0422843
-7.2e-05	-2e-05	0.0426517
-6.8e-05	-2e-05	0.0424321
-6.4e-05	-2e-05	-0.000510189
-6e-05	-2e-05	-0.000208355
-5.6e-05	-2e-05	2.97782e-06
-5.2e-05	-2e-05	-3.16989e-08
-4.8e-05	-2e-05	2.99437e-10
-4.4e-05	-2e-05	-2.65009e-12
-4e-05	-2e-05	2.25063e-14
-3.6e-05	-2e-05	-1.82991e-16
-3.2e-05	-2e-05	-6.38281e-19
-2.8e-05	-2e-05	-1.5074e-18
-2.4e-05	-2e-05	-1.02535e-18
-2e-05	-2e-05	-4.15499e-18
-1.6e-05	-2e-05	-4.31279e-18
-1.2e-05	-2e-05	-9.09542e-18
-8e-06	-2e-05	-4.8975e-18
-4e-06	-2e-05	-4.25267e-18
0	-2e-05	-7.42868e-18
4e-06	-2e-05	-3.32378e-18
8e-06	-2e-05	-6.628e-18
1.2e-05	-2e-05	-8.20576e-19
1.6e-05	-2e-05	8.45644e-19
2e-05	-2e-05	1.94142e-18
2.4e-05	-2e-05	-2.82577e-18
2.8e-05	-2e-05	-5.29814e-17
3.2e-05	-2e-05	6.23894e-15
3.6e-05	-2e-05	-7.35699e-13
4e-05	-2e-05	8.32595e-11
4.4e-05	-2e-05	-8.82792e-09
4.8e-05	-2e-05	8.30605e-07
5.2e-05	-2e-05	-5.82049e-05
5.6e-05	-2e-05	-7.93479e-05
6e-05	-2e-05	-0.000254977
6.4e-05	-2e-05	0.0282262
6.8e-05	-2e-05	0.0307011
7.2e-05	-2e-05	0.0332721
7.6e-05	-2e-05	0.0355068

-7.6e-05	-2.4e-05	0.0388539
-7.2e-05	-2.4e-05	0.0401176
-6.8e-05	-2.4e-05	0.0414643
-6.4e-05	-2.4e-05	-0.000291424
-6e-05	-2.4e-05	3.54084e-06
-5.6e-05	-2.4e-05	-4.62677e-08
-5.2e-05	-2.4e-05	5.53872e-10
-4.8e-05	-2.4e-05	-6.06465e-12
-4.4e-05	-2.4e-05	6.19516e-14
-4e-05	-2.4e-05	-5.99137e-16
-3.6e-05	-2.4e-05	6.09697e-18
-3.2e-05	-2.4e-05	-2.80261e-18
-2.8e-05	-2.4e-05	-1.4937e-18
-2.4e-05	-2.4e-05	-3.92432e-18
-2e-05	-2.4e-05	-1.1752e-18
-1.6e-05	-2.4e-05	-5.62714e-18
-1.2e-05	-2.4e-05	-5.5812e-18
-8e-06	-2.4e-05	-5.09536e-18
-4e-06	-2.4e-05	-6.13294e-18
0	-2.4e-05	-2.06585e-18
4e-06	-2.4e-05	-2.54028e-18
8e-06	-2.4e-05	-4.78424e-19
1.2e-05	-2.4e-05	4.05519e-20
1.6e-05	-2.4e-05	-4.29076e-18
2e-05	-2.4e-05	-3.01575e-18
2.4e-05	-2.4e-05	-4.03168e-18
2.8e-05	-2.4e-05	2.7359e-18
3.2e-05	-2.4e-05	-1.55807e-16
3.6e-05	-2.4e-05	1.57747e-14
4e-05	-2.4e-05	-1.48205e-12
4.4e-05	-2.4e-05	1.25098e-10
4.8e-05	-2.4e-05	-8.75937e-09
5.2e-05	-2.4e-05	4.00826e-07
5.6e-05	-2.4e-05	1.86247e-06
6e-05	-2.4e-05	-0.000184064
6.4e-05	-2.4e-05	0.0260654
6.8e-05	-2.4e-05	0.0277342
7.2e-05	-2.4e-05	0.0297023
7.6e-05	-2.4e-05	0.0316452

-7.6e-05	-2.8e-05	0.0352358
-7.2e-05	-2.8e-05	0.0370638
-6.8e-05	-2.8e-05	0.0392018
-6.4e-05	-2.8e-05	-0.000276904
-6e-05	-2.8e-05	1.93152e-06
-5.6e-05	-2.8e-05	-1.33192e-08
-5.2e-05	-2.8e-05	9.01647e-11
-4.8e-05	-2.8e-05	-5.93752e-13
-4.4e-05	-2.8e-05	3.74968e-15
-4e-05	-2.8e-05	-2.50041e-17
-3.6e-05	-2.8e-05	-2.51279e-18
-3.2e-05	-2.8e-05	-3.01816e-18
-2.8e-05	-2.8e-05	-4.89837e-18
-2.4e-05	-2.8e-05	-4.35183e-18
-2e-05	-2.8e-05	-3.20068e-18
-1.6e-05	-2.8e-05	-6.40855e-18
-1.2e-05	-2.8e-05	-3.57813e-18
-8e-06	-2.8e-05	-4.94824e-18
-4e-06	-2.8e-05	8.10616e-19
0	-2.8e-05	-3.09444e-18
4e-06	-2.8e-05	5.91776e-19
8e-06	-2.8e-05	9.71053e-19
1.2e-05	-2.8e-05	-3.79901e-19
1.6e-05	-2.8e-05	1.58575e-18
2e-05	-2.8e-05	-4.4061e-18
2.4e-05	-2.8e-05	1.32023e-18
2.8e-05	-2.8e-05	6.62129e-19
3.2e-05	-2.8e-05	4.18468e-18
3.6e-05	-2.8e-05	-2.82688e-16
4e-05	-2.8e-05	2.38491e-14
4.4e-05	-2.8e-05	-1.87325e-12
4.8e-05	-2.8e-05	1.38588e-10
5.2e-05	-2.8e-05	-1.07711e-08
5.6e-05	-2.8e-05	1.12009e-06
6e-05	-2.8e-05	-0.000160279
6.4e-05	-2.8e-05	0.0226723
6.8e-05	-2.8e-05	0.0241658
7.2e-05	-2.8e-05	0.0258344
7.6e-05	-2.8e-05	0.0275517

-7.6e-05	-3.2e-05	0.0311666
-7.2e-05	-3.2e-05	0.0332963
-6.8e-05	-3.2e-05	0.0358754
-6.4e-05	-3.2e-05	-0.000253366
-6e-05	-3.2e-05	1.77709e-06
-5.6e-05	-3.2e-05	-1.2466e-08
-5.2e-05	-3.2e-05	8.74706e-11
-4.8e-05	-3.2e-05	-6.14036e-13
-4.4e-05	-3.2e-05	4.31128e-15
-4e-05	-3.2e-05	-3.21318e-17
-3.6e-05	-3.2e-05	-2.71469e-18
-3.2e-05	-3.2e-05	-2.5448e-18
-2.8e-05	-3.2e-05	-4.72478e-18
-2.4e-05	-3.2e-05	-2.73771e-18
-2e-05	-3.2e-05	-5.69215e-18
-1.6e-05	-3.2e-05	-9.51452e-19
-1.2e-05	-3.2e-05	-3.27048e-18
-8e-06	-3.2e-05	3.39495e-19
-4e-06	-3.2e-05	-1.0026e-18
0	-3.2e-05	6.0475e-20
4e-06	-3.2e-05	-1.51654e-20
8e-06	-3.2e-05	-3.43934e-18
1.2e-05	-3.2e-05	-7.01943e-19
1.6e-05	-3.2e-05	-1.96258e-18
2e-05	-3.2e-05	2.05407e-18
2.4e-05	-3.2e-05	8.23605e-19
2.8e-05	-3.2e-05	-6.2645e-20
3.2e-05	-3.2e-05	-1.35644e-18
3.6e-05	-3.2e-05	-1.33511e-17
4e-05	-3.2e-05	1.98047e-15
4.4e-05	-3.2e-05	-3.03976e-13
4.8e-05	-3.2e-05	4.4863e-11
5.2e-05	-3.2e-05	-6.48204e-09
5.6e-05	-3.2e-05	9.27238e-07
6e-05	-3.2e-05	-0.000132216
6.4e-05	-3.2e-05	0.0187002
6.8e-05	-3.2e-05	0.0201593
7.2e-05	-3.2e-05	0.0216366
7.6e-05	-3.2e-05	0.0231262

-7.6e-05	-3.6e-05	0.0264941
-7.2e-05	-3.6e-05	0.0287168
-6.8e-05	-3.6e-05	0.0315401
-6.4e-05	-3.6e-05	-0.000222716
-6e-05	-3.6e-05	1.56211e-06
-5.6e-05	-3.6e-05	-1.09565e-08
-5.2e-05	-3.6e-05	7.68477e-11
-4.8e-05	-3.6e-05	-5.38999e-13
-4.4e-05	-3.6e-05	3.7789e-15
-4e-05	-3.6e-05	-2.89615e-17
-3.6e-05	-3.6e-05	-1.24614e-18
-3.2e-05	-3.6e-05	-2.41632e-18
-2.8e-05	-3.6e-05	2.95858e-19
-2.4e-05	-3.6e-05	-2.93087e-18
-2e-05	-3.6e-05	-7.44288e-19
-1.6e-05	-3.6e-05	-3.17788e-18
-1.2e-05	-3.6e-05	2.13036e-19
-8e-06	-3.6e-05	-3.5832e-18
-4e-06	-3.6e-05	-1.91373e-18
0	-3.6e-05	-1.09534e-18
4e-06	-3.6e-05	-1.32687e-18
8e-06	-3.6e-05	6.83221e-20
1.2e-05	-3.6e-05	-1.71872e-18
1.6e-05	-3.6e-05	4.72075e-19
2e-05	-3.6e-05	-1.19044e-19
2.4e-05	-3.6e-05	-3.35713e-19
2.8e-05	-3.6e-05	-1.06143e-18
3.2e-05	-3.6e-05	-3.3505e-20
3.6e-05	-3.6e-05	-1.16292e-17
4e-05	-3.6e-05	1.74275e-15
4.4e-05	-3.6e-05	-2.48148e-13
4.8e-05	-3.6e-05	3.53721e-11
5.2e-05	-3.6e-05	-5.04364e-09
5.6e-05	-3.6e-05	7.1925e-07
6e-05	-3.6e-05	-0.000102572
6.4e-05	-3.6e-05	0.0145047
6.8e-05	-3.6e-05	0.015915
7.2e-05	-3.6e-05	0.0171907
7.6e-05	-3.6e-05	0.0183736

-7.6e-05	-4e-05	0.0211133
-7.2e-05	-4e-05	0.0232239
-6.8e-05	-4e-05	0.0261346
-6.4e-05	-4e-05	-0.000184508
-6e-05	-4e-05	1.29425e-06
-5.6e-05	-4e-05	-9.07871e-09
-5.2e-05	-4e-05	6.36838e-11
-4.8e-05	-4e-05	-4.46718e-13
-4.4e-05	-4e-05	3.13172e-15
-4e-05	-4e-05	-2.19796e-17
-3.6e-05	-4e-05	-1.31556e-18
-3.2e-05	-4e-05	-5.18556e-19
-2.8e-05	-4e-05	-1.6131e-18
-2.4e-05	-4e-05	-9.25646e-19
-2e-05	-4e-05	-1.74645e-18
-1.6e-05	-4e-05	2.97986e-19
-1.2e-05	-4e-05	-1.15885e-18
-8e-06	-4e-05	-8.58639e-19
-4e-06	-4e-05	-2.2684e-18
0	-4e-05	-1.71492e-18
4e-06	-4e-05	4.40044e-19
8e-06	-4e-05	-1.95185e-18
1.2e-05	-4e-05	1.29707e-18
1.6e-05	-4e-05	-1.26131e-18
2e-05	-4e-05	4.99949e-20
2.4e-05	-4e-05	-8.4138e-19
2.8e-05	-4e-05	-7.18545e-19
3.2e-05	-4e-05	3.00035e-19
3.6e-05	-4e-05	-7.26908e-18
4e-05	-4e-05	1.23869e-15
4.4e-05	-4e-05	-1.76667e-13
4.8e-05	-4e-05	2.51983e-11
5.2e-05	-4e-05	-3.59403e-09
5.6e-05	-4e-05	5.12617e-07
6e-05	-4e-05	-7.31146e-05
6.4e-05	-4e-05	0.0103363
6.8e-05	-4e-05	0.0116319
7.2e-05	-4e-05	0.0126504
7.6e-05	-4e-05	0.0134028

-7.6e-05	-4.4e-05	0.0149304
-7.2e-05	-4.4e-05	0.016678
-6.8e-05	-4.4e-05	0.0194639
-6.4e-05	-4.4e-05	-0.000137362
-6e-05	-4.4e-05	9.63808e-07
-5.6e-05	-4.4e-05	-6.7626e-09
-5.2e-05	-4.4e-05	4.74499e-11
-4.8e-05	-4.4e-05	-3.32933e-13
-4.4e-05	-4.4e-05	2.33635e-15
-4e-05	-4.4e-05	-1.77402e-17
-3.6e-05	-4.4e-05	-3.8759e-19
-3.2e-05	-4.4e-05	-1.17948e-18
-2.8e-05	-4.4e-05	-1.88469e-19
-2.4e-05	-4.4e-05	-4.45408e-19
-2e-05	-4.4e-05	-4.02846e-19
-1.6e-05	-4.4e-05	-3.18123e-19
-1.2e-05	-4.4e-05	-1.41215e-19
-8e-06	-4.4e-05	-6.36842e-19
-4e-06	-4.4e-05	-4.13857e-19
0	-4.4e-05	4.88638e-19
4e-06	-4.4e-05	-1.17741e-18
8e-06	-4.4e-05	-7.50085e-20
1.2e-05	-4.4e-05	-7.31483e-19
1.6e-05	-4.4e-05	1.23611e-19
2e-05	-4.4e-05	-1.55763e-19
2.4e-05	-4.4e-05	9.97669e-20
2.8e-05	-4.4e-05	4.76024e-19
3.2e-05	-4.4e-05	8.26458e-19
3.6e-05	-4.4e-05	-5.14352e-18
4e-05	-4.4e-05	7.66593e-16
4.4e-05	-4.4e-05	-1.0934e-13
4.8e-05	-4.4e-05	1.55999e-11
5.2e-05	-4.4e-05	-2.22567e-09
5.6e-05	-4.4e-05	3.17542e-07
6e-05	-4.4e-05	-4.53044e-05
6.4e-05	-4.4e-05	0.00640166
6.8e-05	-4.4e-05	0.00749937
7.2e-05	-4.4e-05	0.00823849
7.6e-05	-4.4e-05	0.00853353

-7.6e-05	-4.8e-05	0.0078599
-7.2e-05	-4.8e-05	0.00891238
-6.8e-05	-4.8e-05	0.0110833
-6.4e-05	-4.8e-05	-7.81431e-05
-6e-05	-4.8e-05	5.49002e-07
-5.6e-05	-4.8e-05	-3.85743e-09
-5.2e-05	-4.8e-05	2.71061e-11
-4.8e-05	-4.8e-05	-1.90496e-13
-4.4e-05	-4.8e-05	1.33837e-15
-4e-05	-4.8e-05	-9.27528e-18
-3.6e-05	-4.8e-05	2.11705e-19
-3.2e-05	-4.8e-05	-2.03502e-19
-2.8e-05	-4.8e-05	-6.06785e-19
-2.4e-05	-4.8e-05	-2.77618e-19
-2e-05	-4.8e-05	-1.09105e-19
-1.6e-05	-4.8e-05	-3.57472e-19
-1.2e-05	-4.8e-05	8.7916e-19
-8e-06	-4.8e-05	-6.03405e-19
-4e-06	-4.8e-05	8.08418e-19
0	-4.8e-05	-1.21633e-18
4e-06	-4.8e-05	-3.54462e-19
8e-06	-4.8e-05	-4.4832e-19
1.2e-05	-4.8e-05	-6.94099e-19
1.6e-05	-4.8e-05	-2.98579e-19
2e-05	-4.8e-05	2.12707e-20
2.4e-05	-4.8e-05	1.42927e-19
2.8e-05	-4.8e-05	6.82043e-19
3.2e-05	-4.8e-05	1.77906e-19
3.6e-05	-4.8e-05	-2.08452e-18
4e-05	-4.8e-05	3.44386e-16
4.4e-05	-4.8e-05	-4.91504e-14
4.8e-05	-4.8e-05	7.01711e-12
5.2e-05	-4.8e-05	-1.00191e-09
5.6e-05	-4.8e-05	1.43064e-07
6e-05	-4.8e-05	-2.04297e-05
6.4e-05	-4.8e-05	0.0028831
6.8e-05	-4.8e-05	0.00364373
7.2e-05	-4.8e-05	0.00418094
7.6e-05	-4.8e-05	0.00482828

-7.6e-05	-5.2e-05	-6.0363e-05
-7.2e-05	-5.2e-05	-6.87708e-05
-6.8e-05	-5.2e-05	-8.64252e-05
-6.4e-05	-5.2e-05	1.29128e-06
-6e-05	-5.2e-05	-1.44401e-08
-5.6e-05	-5.2e-05	1.43579e-10
-5.2e-05	-5.2e-05	-1.3394e-12
-4.8e-05	-5.2e-05	1.20079e-14
-4.4e-05	-5.2e-05	-1.02135e-16
-4e-05	-5.2e-05	2.11132e-18
-3.6e-05	-5.2e-05	2.89258e-19
-3.2e-05	-5.2e-05	3.86244e-20
-2.8e-05	-5.2e-05	-1.49104e-19
-2.4e-05	-5.2e-05	7.68815e-22
-2e-05	-5.2e-05	8.72903e-20
-1.6e-05	-5.2e-05	-6.94375e-20
-1.2e-05	-5.2e-05	1.14912e-19
-8e-06	-5.2e-05	-1.419e-19
-4e-06	-5.2e-05	1.11804e-19
0	-5.2e-05	-2.06046e-20
4e-06	-5.2e-05	5.4883e-20
8e-06	-5.2e-05	-7.31608e-20
1.2e-05	-5.2e-05	-2.44869e-20
1.6e-05	-5.2e-05	-6.58425e-20
2e-05	-5.2e-05	-1.20601e-20
2.4e-05	-5.2e-05	2.51975e-20
2.8e-05	-5.2e-05	7.97299e-20
3.2e-05	-5.2e-05	-1.86525e-20
3.6e-05	-5.2e-05	2.42515e-19
4e-05	-5.2e-05	-2.7178e-17
4.4e-05	-5.2e-05	3.11865e-15
4.8e-05	-5.2e-05	-3.48261e-13
5.2e-05	-5.2e-05	3.73634e-11
5.6e-05	-5.2e-05	-3.75963e-09
6e-05	-5.2e-05	3.36072e-07
6.4e-05	-5.2e-05	-2.24012e-05
6.8e-05	-5.2e-05	-2.8158e-05
7.2e-05	-5.2e-05	-3.22855e-05
7.6e-05	-5.2e-05	-3.76355e-05

-7.6e-05	-5.6e-05	4.61146e-07
-7.2e-05	-5.6e-05	5.30638e-07
-6.8e-05	-5.6e-05	6.74011e-07
-6.4e-05	-5.6e-05	-1.5421e-08
-6e-05	-5.6e-05	2.3431e-10
-5.6e-05	-5.6e-05	-2.9652e-12
-5.2e-05	-5.6e-05	3.37724e-14
-4.8e-05	-5.6e-05	-3.55547e-16
-4.4e-05	-5.6e-05	2.47768e-18
-4e-05	-5.6e-05	4.37871e-19
-3.6e-05	-5.6e-05	-2.70218e-19
-3.2e-05	-5.6e-05	-9.3803e-20
-2.8e-05	-5.6e-05	1.61808e-19
-2.4e-05	-5.6e-05	-5.47139e-20
-2e-05	-5.6e-05	-9.95188e-20
-1.6e-05	-5.6e-05	2.03024e-19
-1.2e-05	-5.6e-05	-5.271e-20
-8e-06	-5.6e-05	1.04115e-19
-4e-06	-5.6e-05	-4.112e-20
0	-5.6e-05	7.73225e-20
4e-06	-5.6e-05	-4.23805e-20
8e-06	-5.6e-05	2.16416e-20
1.2e-05	-5.6e-05	-1.4956e-20
1.6e-05	-5.6e-05	7.23994e-21
2e-05	-5.6e-05	-7.58945e-21
2.4e-05	-5.6e-05	5.74635e-21
2.8e-05	-5.6e-05	1.54748e-21
3.2e-05	-5.6e-05	1.19101e-21
3.6e-05	-5.6e-05	-4.80085e-21
4e-05	-5.6e-05	9.39913e-19
4.4e-05	-5.6e-05	-9.3405e-17
4.8e-05	-5.6e-05	8.7837e-15
5.2e-05	-5.6e-05	-7.71129e-13
5.6e-05	-5.6e-05	6.09102e-11
6e-05	-5.6e-05	-4.00294e-09
6.4e-05	-5.6e-05	1.74074e-07
6.8e-05	-5.6e-05	2.17593e-07
7.2e-05	-5.6e-05	2.49288e-07
7.6e-05	-5.6e-05	2.93398e-07

-7.6e-05	-6e-05	-3.50308e-09
-7.2e-05	-6e-05	-4.09441e-09
-6.8e-05	-6e-05	-5.25713e-09
-6.4e-05	-6e-05	1.62258e-10
-6e-05	-6e-05	-3.11176e-12
-5.6e-05	-6e-05	4.76848e-14
-5.2e-05	-6e-05	-6.41188e-16
-4.8e-05	-6e-05	9.81985e-18
-4.4e-05	-6e-05	5.97167e-19
-4e-05	-6e-05	-5.73613e-19
-3.6e-05	-6e-05	-5.40149e-19
-3.2e-05	-6e-05	3.50709e-19
-2.8e-05	-6e-05	-1.98847e-19
-2.4e-05	-6e-05	1.47175e-19
-2e-05	-6e-05	7.73768e-20
-1.6e-05	-6e-05	-1.27579e-19
-1.2e-05	-6e-05	5.98987e-20
-8e-06	-6e-05	-7.99967e-20
-4e-06	-6e-05	1.2898e-19
0	-6e-05	-6.28608e-20
4e-06	-6e-05	8.69373e-20
8e-06	-6e-05	9.75589e-21
1.2e-05	-6e-05	5.3798e-21
1.6e-05	-6e-05	-7.23206e-21
2e-05	-6e-05	4.43484e-21
2.4e-05	-6e-05	-3.8293e-21
2.8e-05	-6e-05	6.84835e-22
3.2e-05	-6e-05	2.77536e-21
3.6e-05	-6e-05	4.12028e-21
4e-05	-6e-05	-1.25774e-20
4.4e-05	-6e-05	2.03562e-18
4.8e-05	-6e-05	-1.66119e-16
5.2e-05	-6e-05	1.23887e-14
5.6e-05	-6e-05	-8.07714e-13
6e-05	-6e-05	4.2026e-11
6.4e-05	-6e-05	-1.35284e-09
6.8e-05	-6e-05	-1.68142e-09
7.2e-05	-6e-05	-1.92466e-09
7.6e-05	-6e-05	-2.28755e-09

-7.6e-05	-6.4e-05	2.64474e-11
-7.2e-05	-6.4e-05	3.15936e-11
-6.8e-05	-6.4e-05	4.10097e-11
-6.4e-05	-6.4e-05	-1.59506e-12
-6e-05	-6.4e-05	3.69337e-14
-5.6e-05	-6.4e-05	-6.64062e-16
-5.2e-05	-6.4e-05	9.65197e-18
-4.8e-05	-6.4e-05	9.96162e-20
-4.4e-05	-6.4e-05	3.52804e-19
-4e-05	-6.4e-05	-5.55445e-19
-3.6e-05	-6.4e-05	4.62103e-19
-3.2e-05	-6.4e-05	-5.34138e-19
-2.8e-05	-6.4e-05	2.51715e-19
-2.4e-05	-6.4e-05	-2.56549e-20
-2e-05	-6.4e-05	-2.46614e-19
-1.6e-05	-6.4e-05	1.47604e-19
-1.2e-05	-6.4e-05	-1.81808e-19
-8e-06	-6.4e-05	1.65802e-19
-4e-06	-6.4e-05	-9.30691e-20
0	-6.4e-05	8.32471e-20
4e-06	-6.4e-05	-2.85732e-20
8e-06	-6.4e-05	4.63341e-20
1.2e-05	-6.4e-05	-9.722e-21
1.6e-05	-6.4e-05	1.54899e-20
2e-05	-6.4e-05	-8.67439e-21
2.4e-05	-6.4e-05	-5.21729e-22
2.8e-05	-6.4e-05	-1.37889e-22
3.2e-05	-6.4e-05	-3.25143e-21
3.6e-05	-6.4e-05	4.00576e-21
4e-05	-6.4e-05	-4.42237e-21
4.4e-05	-6.4e-05	-3.25221e-20
4.8e-05	-6.4e-05	2.66029e-18
5.2e-05	-6.4e-05	-1.7226e-16
5.6e-05	-6.4e-05	9.57317e-15
6e-05	-6.4e-05	-4.12294e-13
6.4e-05	-6.4e-05	1.05151e-11
6.8e-05	-6.4e-05	1.29926e-11
7.2e-05	-6.4e-05	1.48581e-11
7.6e-05	-6.4e-05	1.78378e-11

-7.6e-05	-6.8e-05	-1.98311e-13
-7.2e-05	-6.8e-05	-2.43803e-13
-6.8e-05	-6.8e-05	-3.1995e-13
-6.4e-05	-6.8e-05	1.50282e-14
-6e-05	-6.8e-05	-4.08373e-16
-5.6e-05	-6.8e-05	9.62522e-18
-5.2e-05	-6.8e-05	-1.20596e-18
-4.8e-05	-6.8e-05	3.55207e-19
-4.4e-05	-6.8e-05	-1.18851e-18
-4e-05	-6.8e-05	6.94605e-19
-3.6e-05	-6.8e-05	-6.97284e-19
-3.2e-05	-6.8e-05	2.93194e-19
-2.8e-05	-6.8e-05	-3.74721e-19
-2.4e-05	-6.8e-05	2.34437e-20
-2e-05	-6.8e-05	2.11262e-19
-1.6e-05	-6.8e-05	-1.17825e-19
-1.2e-05	-6.8e-05	1.49942e-19
-8e-06	-6.8e-05	-1.61617e-19
-4e-06	-6.8e-05	1.35757e-19
0	-6.8e-05	-8.34344e-20
4e-06	-6.8e-05	4.50344e-20
8e-06	-6.8e-05	-1.89322e-20
1.2e-05	-6.8e-05	5.06978e-21
1.6e-05	-6.8e-05	-2.55623e-21
2e-05	-6.8e-05	4.09774e-21
2.4e-05	-6.8e-05	-2.63644e-22
2.8e-05	-6.8e-05	1.53116e-22
3.2e-05	-6.8e-05	2.45871e-21
3.6e-05	-6.8e-05	-5.37688e-21
4e-05	-6.8e-05	-3.37744e-21
4.4e-05	-6.8e-05	5.8659e-22
4.8e-05	-6.8e-05	-1.86352e-20
5.2e-05	-6.8e-05	2.14587e-18
5.6e-05	-6.8e-05	-1.05456e-16
6e-05	-6.8e-05	3.87672e-15
6.4e-05	-6.8e-05	-8.17393e-14
6.8e-05	-6.8e-05	-1.00393e-13
7.2e-05	-6.8e-05	-1.14691e-13
7.6e-05	-6.8e-05	-1.39113e-13

-7.6e-05	-7.2e-05	1.4757e-15
-7.2e-05	-7.2e-05	1.88124e-15
-6.8e-05	-7.2e-05	2.49738e-15
-6.4e-05	-7.2e-05	-1.38114e-16
-6e-05	-7.2e-05	5.18716e-18
-5.6e-05	-7.2e-05	-1.00765e-18
-5.2e-05	-7.2e-05	9.16639e-19
-4.8e-05	-7.2e-05	-9.32716e-19
-4.4e-05	-7.2e-05	5.12354e-19
-4e-05	-7.2e-05	-6.70714e-19
-3.6e-05	-7.2e-05	3.18981e-19
-3.2e-05	-7.2e-05	-2.5158e-19
-2.8e-05	-7.2e-05	1.01465e-19
-2.4e-05	-7.2e-05	1.39069e-19
-2e-05	-7.2e-05	-2.26906e-19
-1.6e-05	-7.2e-05	1.47356e-19
-1.2e-05	-7.2e-05	-1.18142e-19
-8e-06	-7.2e-05	7.24197e-20
-4e-06	-7.2e-05	-5.95046e-20
0	-7.2e-05	6.01537e-20
4e-06	-7.2e-05	-1.79712e-20
8e-06	-7.2e-05	3.49209e-20
1.2e-05	-7.2e-05	-1.28778e-20
1.6e-05	-7.2e-05	9.3712e-21
2e-05	-7.2e-05	-4.47436e-21
2.4e-05	-7.2e-05	1.32908e-21
2.8e-05	-7.2e-05	-7.57799e-23
3.2e-05	-7.2e-05	1.31291e-21
3.6e-05	-7.2e-05	2.32283e-21
4e-05	-7.2e-05	-9.17401e-21
4.4e-05	-7.2e-05	1.26187e-21
4.8e-05	-7.2e-05	-8.57014e-21
5.2e-05	-7.2e-05	-1.45761e-20
5.6e-05	-7.2e-05	1.04772e-18
6e-05	-7.2e-05	-3.53327e-17
6.4e-05	-7.2e-05	6.35408e-16
6.8e-05	-7.2e-05	7.75789e-16
7.2e-05	-7.2e-05	8.85175e-16
7.6e-05	-7.2e-05	1.08506e-15

-7.6e-05	-7.6e-05	-1.06949e-17
-7.2e-05	-7.6e-05	-1.45584e-17
-6.8e-05	-7.6e-05	-1.97579e-17
-6.4e-05	-7.6e-05	1.84915e-18
-6e-05	-7.6e-05	-7.28169e-19
-5.6e-05	-7.6e-05	5.33132e-19
-5.2e-05	-7.6e-05	-8.87445e-19
-4.8e-05	-7.6e-05	6.35933e-19
-4.4e-05	-7.6e-05	-8.83209e-19
-4e-05	-7.6e-05	4.5841e-19
-3.6e-05	-7.6e-05	-1.2552e-19
-3.2e-05	-7.6e-05	-1.01389e-19
-2.8e-05	-7.6e-05	3.61635e-19
-2.4e-05	-7.6e-05	-1.03095e-19
-2e-05	-7.6e-05	6.24489e-20
-1.6e-05	-7.6e-05	-3.43718e-20
-1.2e-05	-7.6e-05	3.3184e-20
-8e-06	-7.6e-05	-4.80356e-20
-4e-06	-7.6e-05	4.3627e-20
0	-7.6e-05	-3.7742e-20
4e-06	-7.6e-05	7.18029e-21
8e-06	-7.6e-05	-8.73971e-21
1.2e-05	-7.6e-05	1.65883e-21
1.6e-05	-7.6e-05	-3.37625e-21
2e-05	-7.6e-05	1.26825e-21
2.4e-05	-7.6e-05	-9.04968e-22
2.8e-05	-7.6e-05	1.27211e-22
3.2e-05	-7.6e-05	9.10596e-22
3.6e-05	-7.6e-05	-9.39559e-22
4e-05	-7.6e-05	2.2921e-21
4.4e-05	-7.6e-05	-2.41325e-22
4.8e-05	-7.6e-05	9.55604e-21
5.2e-05	-7.6e-05	-1.16398e-20
5.6e-05	-7.6e-05	5.1845e-21
6e-05	-7.6e-05	2.72923e-19
6.4e-05	-7.6e-05	-4.896e-18
6.8e-05	-7.6e-05	-6.05194e-18
7.2e-05	-7.6e-05	-6.87451e-18
7.6e-05	-7.6e-05	4.23171e-20
