
-7.6e-05	8e-05	0.00897038
-7.2e-05	8e-05	0.00947793
-6.8e-05	8e-05	0.00914744
-6.4e-05	8e-05	0.00832011
-6e-05	8e-05	0.0071931
-5.6e-05	8e-05	0.00593862
-5.2e-05	8e-05	0.00471771
-4.8e-05	8e-05	0.00363838
-4.4e-05	8e-05	0.00274652
-4e-05	8e-05	0.00204315
-3.6e-05	8e-05	0.00150597
-3.2e-05	8e-05	0.00110486
-2.8e-05	8e-05	0.000810409
-2.4e-05	8e-05	0.000597579
-2e-05	8e-05	0.000446575
-1.6e-05	8e-05	0.000342579
-1.2e-05	8e-05	0.000275041
-8e-06	8e-05	0.000236973
-4e-06	8e-05	0.000224393
0	8e-05	0.000235981
4e-06	8e-05	0.000272959
8e-06	8e-05	0.000339205
1.2e-05	8e-05	0.0004416
1.6e-05	8e-05	0.000590583
2e-05	8e-05	0.000800895
2.4e-05	8e-05	0.00109235
2.8e-05	8e-05	0.00149031
3.2e-05	8e-05	0.00202513
3.6e-05	8e-05	0.00272928
4e-05	8e-05	0.00363024
4.4e-05	8e-05	0.00473731
4.8e-05	8e-05	0.0060237
5.2e-05	8e-05	0.00741377
5.6e-05	8e-05	0.00879763
6e-05	8e-05	0.0100841
6.4e-05	8e-05	0.011229
6.8e-05	8e-05	0.0122486
7.2e-05	8e-05	0.0132558
7.6e-05	8e-05	0.0146014

-7.6e-05	7.6e-05	0.0188483
-7.2e-05	7.6e-05	0.0189385
-6.8e-05	7.6e-05	0.0179661
-6.4e-05	7.6e-05	0.0161889
-6e-05	7.6e-05	0.0138644
-5.6e-05	7.6e-05	0.0113077
-5.2e-05	7.6e-05	0.00886802
-4.8e-05	7.6e-05	0.0067609
-4.4e-05	7.6e-05	0.00505665
-4e-05	7.6e-05	0.00373572
-3.6e-05	7.6e-05	0.00273995
-3.2e-05	7.6e-05	0.00200332
-2.8e-05	7.6e-05	0.00146606
-2.4e-05	7.6e-05	0.0010794
-2e-05	7.6e-05	0.000805837
-1.6e-05	7.6e-05	0.000617779
-1.2e-05	7.6e-05	0.000495786
-8e-06	7.6e-05	0.000427069
-4e-06	7.6e-05	0.000404367
0	7.6e-05	0.000425273
4e-06	7.6e-05	0.000492012
8e-06	7.6e-05	0.000611648
1.2e-05	7.6e-05	0.000796754
1.6e-05	7.6e-05	0.00106653
2e-05	7.6e-05	0.00144836
2.4e-05	7.6e-05	0.00197961
2.8e-05	7.6e-05	0.00270925
3.2e-05	7.6e-05	0.00369815
3.6e-05	7.6e-05	0.00501543
4e-05	7.6e-05	0.00672671
4.4e-05	7.6e-05	0.00886774
4.8e-05	7.6e-05	0.0114
5.2e-05	7.6e-05	0.0141646
5.6e-05	7.6e-05	0.0168986
6e-05	7.6e-05	0.0193995
6.4e-05	7.6e-05	0.0215697
6.8e-05	7.6e-05	0.0234041
7.2e-05	7.6e-05	0.0249768
7.6e-05	7.6e-05	0.0264286

-7.6e-05	7.2e-05	0.0283799
-7.2e-05	7.2e-05	0.0277522
-6.8e-05	7.2e-05	0.025968
-6.4e-05	7.2e-05	0.023144
-6e-05	7.2e-05	0.0195167
-5.6e-05	7.2e-05	0.015539
-5.2e-05	7.2e-05	0.0118854
-4.8e-05	7.2e-05	0.00887032
-4.4e-05	7.2e-05	0.00652708
-4e-05	7.2e-05	0.00476594
-3.6e-05	7.2e-05	0.0034675
-3.2e-05	7.2e-05	0.0025216
-2.8e-05	7.2e-05	0.00183879
-2.4e-05	7.2e-05	0.00135069
-2e-05	7.2e-05	0.00100687
-1.6e-05	7.2e-05	0.000771156
-1.2e-05	7.2e-05	0.000618508
-8e-06	7.2e-05	0.000532605
-4e-06	7.2e-05	0.000504234
0	7.2e-05	0.00053035
4e-06	7.2e-05	0.000613759
8e-06	7.2e-05	0.000763414
1.2e-05	7.2e-05	0.000995325
1.6e-05	7.2e-05	0.00133417
2e-05	7.2e-05	0.00181568
2.4e-05	7.2e-05	0.00248979
2.8e-05	7.2e-05	0.00342442
3.2e-05	7.2e-05	0.00470899
3.6e-05	7.2e-05	0.00645489
4e-05	7.2e-05	0.00878632
4.4e-05	7.2e-05	0.0118065
4.8e-05	7.2e-05	0.0155152
5.2e-05	7.2e-05	0.0196676
5.6e-05	7.2e-05	0.0237074
6e-05	7.2e-05	0.0272948
6.4e-05	7.2e-05	0.0302994
6.8e-05	7.2e-05	0.032709
7.2e-05	7.2e-05	0.0345643
7.6e-05	7.2e-05	0.0359036

-7.6e-05	6.8e-05	0.0365107
-7.2e-05	6.8e-05	0.0352175
-6.8e-05	6.8e-05	0.032666
-6.4e-05	6.8e-05	0.0288133
-6e-05	6.8e-05	0.0237578
-5.6e-05	6.8e-05	0.0180439
-5.2e-05	6.8e-05	0.0131914
-4.8e-05	6.8e-05	0.00950731
-4.4e-05	6.8e-05	0.00682629
-4e-05	6.8e-05	0.0049033
-3.6e-05	6.8e-05	0.00352954
-3.2e-05	6.8e-05	0.0025492
-2.8e-05	6.8e-05	0.00185084
-2.4e-05	6.8e-05	0.00135579
-2e-05	6.8e-05	0.00100891
-1.6e-05	6.8e-05	0.000771869
-1.2e-05	6.8e-05	0.000618662
-8e-06	6.8e-05	0.000532537
-4e-06	6.8e-05	0.000504104
0	6.8e-05	0.000530265
4e-06	6.8e-05	0.000613867
8e-06	6.8e-05	0.000764019
1.2e-05	6.8e-05	0.000997123
1.6e-05	6.8e-05	0.00133873
2e-05	6.8e-05	0.00182652
2.4e-05	6.8e-05	0.00251472
2.8e-05	6.8e-05	0.00348058
3.2e-05	6.8e-05	0.00483347
3.6e-05	6.8e-05	0.00672623
4e-05	6.8e-05	0.00936414
4.4e-05	6.8e-05	0.0129912
4.8e-05	6.8e-05	0.0177862
5.2e-05	6.8e-05	0.0235081
5.6e-05	6.8e-05	0.0288289
6e-05	6.8e-05	0.0333092
6.4e-05	6.8e-05	0.0368895
6.8e-05	6.8e-05	0.0396158
7.2e-05	6.8e-05	0.0415483
7.6e-05	6.8e-05	0.0427181

-7.6e-05	6.4e-05	0.0424871
-7.2e-05	6.4e-05	0.0407624
-6.8e-05	6.4e-05	0.0377168
-6.4e-05	6.4e-05	0.0330849
-6e-05	6.4e-05	0.0265128
-5.6e-05	6.4e-05	0.018059
-5.2e-05	6.4e-05	0.0121384
-4.8e-05	6.4e-05	0.00828312
-4.4e-05	6.4e-05	0.00575135
-4e-05	6.4e-05	0.00404888
-3.6e-05	6.4e-05	0.0028796
-3.2e-05	6.4e-05	0.00206475
-2.8e-05	6.4e-05	0.00149251
-2.4e-05	6.4e-05	0.00109036
-2e-05	6.4e-05	0.000810039
-1.6e-05	6.4e-05	0.000619086
-1.2e-05	6.4e-05	0.000495893
-8e-06	6.4e-05	0.000426712
-4e-06	6.4e-05	0.000403881
0	6.4e-05	0.000424879
4e-06	6.4e-05	0.000492017
8e-06	6.4e-05	0.000612716
1.2e-05	6.4e-05	0.000800417
1.6e-05	6.4e-05	0.00107629
2e-05	6.4e-05	0.00147211
2.4e-05	6.4e-05	0.00203502
2.8e-05	6.4e-05	0.00283556
3.2e-05	6.4e-05	0.00398184
3.6e-05	6.4e-05	0.00564534
4e-05	6.4e-05	0.00810769
4.4e-05	6.4e-05	0.0118353
4.8e-05	6.4e-05	0.0175249
5.2e-05	6.4e-05	0.025628
5.6e-05	6.4e-05	0.032189
6e-05	6.4e-05	0.0372173
6.4e-05	6.4e-05	0.0410041
6.8e-05	6.4e-05	0.0437409
7.2e-05	6.4e-05	0.0455448
7.6e-05	6.4e-05	0.0464831

-7.6e-05	6e-05	0.0457587
-7.2e-05	6e-05	0.0439493
-6.8e-05	6e-05	0.0409496
-6.4e-05	6e-05	0.0363107
-6e-05	6e-05	0.0287565
-5.6e-05	6e-05	0.0139108
-5.2e-05	6e-05	0.00792466
-4.8e-05	6e-05	0.00498777
-4.4e-05	6e-05	0.00332801
-4e-05	6e-05	0.00229584
-3.6e-05	6e-05	0.00161531
-3.2e-05	6e-05	0.00115133
-2.8e-05	6e-05	0.000829398
-2.4e-05	6e-05	0.000604699
-2e-05	6e-05	0.000448689
-1.6e-05	6e-05	0.000342665
-1.2e-05	6e-05	0.000274356
-8e-06	6e-05	0.000236024
-4e-06	6e-05	0.000223377
0	6e-05	0.000235005
4e-06	6e-05	0.000272199
8e-06	6e-05	0.000339111
1.2e-05	6e-05	0.000443296
1.6e-05	6e-05	0.00059675
2e-05	6e-05	0.000817736
2.4e-05	6e-05	0.00113401
2.8e-05	6e-05	0.00158886
3.2e-05	6e-05	0.0022536
3.6e-05	6e-05	0.00325607
4e-05	6e-05	0.00485424
4.4e-05	6e-05	0.00764906
4.8e-05	6e-05	0.0132685
5.2e-05	6e-05	0.0269768
5.6e-05	6e-05	0.0341764
6e-05	6e-05	0.0390078
6.4e-05	6e-05	0.0424677
6.8e-05	6e-05	0.0448511
7.2e-05	6e-05	0.0462962
7.6e-05	6e-05	0.046904

-7.6e-05	5.6e-05	0.0458982
-7.2e-05	5.6e-05	0.0443596
-6.8e-05	5.6e-05	0.0421259
-6.4e-05	5.6e-05	0.0391743
-6e-05	5.6e-05	0.0356964
-5.6e-05	5.6e-05	-0.00035261
-5.2e-05	5.6e-05	-5.35875e-05
-4.8e-05	5.6e-05	-3.49064e-05
-4.4e-05	5.6e-05	-2.32931e-05
-4e-05	5.6e-05	-1.60728e-05
-3.6e-05	5.6e-05	-1.13101e-05
-3.2e-05	5.6e-05	-8.06195e-06
-2.8e-05	5.6e-05	-5.80795e-06
-2.4e-05	5.6e-05	-4.23457e-06
-2e-05	5.6e-05	-3.14212e-06
-1.6e-05	5.6e-05	-2.39967e-06
-1.2e-05	5.6e-05	-1.92131e-06
-8e-06	5.6e-05	-1.65288e-06
-4e-06	5.6e-05	-1.56431e-06
0	5.6e-05	-1.64574e-06
4e-06	5.6e-05	-1.90621e-06
8e-06	5.6e-05	-2.37478e-06
1.2e-05	5.6e-05	-3.10436e-06
1.6e-05	5.6e-05	-4.17893e-06
2e-05	5.6e-05	-5.72631e-06
2.4e-05	5.6e-05	-7.94072e-06
2.8e-05	5.6e-05	-1.1125e-05
3.2e-05	5.6e-05	-1.57775e-05
3.6e-05	5.6e-05	-2.27905e-05
4e-05	5.6e-05	-3.39709e-05
4.4e-05	5.6e-05	-5.21895e-05
4.8e-05	5.6e-05	-0.000274277
5.2e-05	5.6e-05	0.0323996
5.6e-05	5.6e-05	0.0354473
6e-05	5.6e-05	0.038649
6.4e-05	5.6e-05	0.0411749
6.8e-05	5.6e-05	0.0428513
7.2e-05	5.6e-05	0.0437065
7.6e-05	5.6e-05	0.0438495

-7.6e-05	5.2e-05	0.0425782
-7.2e-05	5.2e-05	0.0414613
-6.8e-05	5.2e-05	0.0402177
-6.4e-05	5.2e-05	0.0390287
-6e-05	5.2e-05	0.0382244
-5.6e-05	5.2e-05	-0.000269331
-5.2e-05	5.2e-05	2.28079e-06
-4.8e-05	5.2e-05	2.30833e-07
-4.4e-05	5.2e-05	1.63126e-07
-4e-05	5.2e-05	1.12523e-07
-3.6e-05	5.2e-05	7.91907e-08
-3.2e-05	5.2e-05	5.64522e-08
-2.8e-05	5.2e-05	4.06708e-08
-2.4e-05	5.2e-05	2.96538e-08
-2e-05	5.2e-05	2.20039e-08
-1.6e-05	5.2e-05	1.68047e-08
-1.2e-05	5.2e-05	1.34549e-08
-8e-06	5.2e-05	1.15751e-08
-4e-06	5.2e-05	1.09549e-08
0	5.2e-05	1.15252e-08
4e-06	5.2e-05	1.33492e-08
8e-06	5.2e-05	1.66305e-08
1.2e-05	5.2e-05	2.17395e-08
1.6e-05	5.2e-05	2.92642e-08
2e-05	5.2e-05	4.00993e-08
2.4e-05	5.2e-05	5.56038e-08
2.8e-05	5.2e-05	7.7896e-08
3.2e-05	5.2e-05	1.10458e-07
3.6e-05	5.2e-05	1.59597e-07
4e-05	5.2e-05	2.26702e-07
4.4e-05	5.2e-05	1.92652e-06
4.8e-05	5.2e-05	-0.000220389
5.2e-05	5.2e-05	0.0312067
5.6e-05	5.2e-05	0.033365
6e-05	5.2e-05	0.0354776
6.4e-05	5.2e-05	0.0370153
6.8e-05	5.2e-05	0.0378052
7.2e-05	5.2e-05	0.037884
7.6e-05	5.2e-05	0.0374067

-7.6e-05	4.8e-05	0.0356871
-7.2e-05	4.8e-05	0.0349474
-6.8e-05	4.8e-05	0.0346251
-6.4e-05	4.8e-05	0.0349755
-6e-05	4.8e-05	0.0362716
-5.6e-05	4.8e-05	-0.000256144
-5.2e-05	4.8e-05	1.79396e-06
-4.8e-05	4.8e-05	-1.43104e-08
-4.4e-05	4.8e-05	-1.05269e-09
-4e-05	4.8e-05	-7.88384e-10
-3.6e-05	4.8e-05	-5.54473e-10
-3.2e-05	4.8e-05	-3.95296e-10
-2.8e-05	4.8e-05	-2.84801e-10
-2.4e-05	4.8e-05	-2.07659e-10
-2e-05	4.8e-05	-1.54091e-10
-1.6e-05	4.8e-05	-1.17683e-10
-1.2e-05	4.8e-05	-9.42248e-11
-8e-06	4.8e-05	-8.10607e-11
-4e-06	4.8e-05	-7.67175e-11
0	4.8e-05	-8.07109e-11
4e-06	4.8e-05	-9.34841e-11
8e-06	4.8e-05	-1.16463e-10
1.2e-05	4.8e-05	-1.5224e-10
1.6e-05	4.8e-05	-2.04931e-10
2e-05	4.8e-05	-2.80801e-10
2.4e-05	4.8e-05	-3.89358e-10
2.8e-05	4.8e-05	-5.45416e-10
3.2e-05	4.8e-05	-7.73774e-10
3.6e-05	4.8e-05	-1.05241e-09
4e-05	4.8e-05	-1.08116e-08
4.4e-05	4.8e-05	1.30226e-06
4.8e-05	4.8e-05	-0.000186106
5.2e-05	4.8e-05	0.0263284
5.6e-05	4.8e-05	0.0283169
6e-05	4.8e-05	0.029679
6.4e-05	4.8e-05	0.0302625
6.8e-05	4.8e-05	0.0300579
7.2e-05	4.8e-05	0.0291985
7.6e-05	4.8e-05	0.0279251

-7.6e-05	4.4e-05	0.0254101
-7.2e-05	4.4e-05	0.024862
-6.8e-05	4.4e-05	0.0252345
-6.4e-05	4.4e-05	0.0268201
-6e-05	4.4e-05	0.029847
-5.6e-05	4.4e-05	-0.000210658
-5.2e-05	4.4e-05	1.47786e-06
-4.8e-05	4.4e-05	-1.03556e-08
-4.4e-05	4.4e-05	8.07184e-11
-4e-05	4.4e-05	5.00466e-12
-3.6e-05	4.4e-05	3.88589e-12
-3.2e-05	4.4e-05	2.76803e-12
-2.8e-05	4.4e-05	1.99425e-12
-2.4e-05	4.4e-05	1.45417e-12
-2e-05	4.4e-05	1.07906e-12
-1.6e-05	4.4e-05	8.24131e-13
-1.2e-05	4.4e-05	6.59885e-13
-8e-06	4.4e-05	5.67696e-13
-4e-06	4.4e-05	5.37216e-13
0	4.4e-05	5.65222e-13
4e-06	4.4e-05	6.54668e-13
8e-06	4.4e-05	8.15565e-13
1.2e-05	4.4e-05	1.06617e-12
1.6e-05	4.4e-05	1.43509e-12
2e-05	4.4e-05	1.96636e-12
2.4e-05	4.4e-05	2.72642e-12
2.8e-05	4.4e-05	3.8213e-12
3.2e-05	4.4e-05	5.08014e-12
3.6e-05	4.4e-05	5.54541e-11
4e-05	4.4e-05	-6.78452e-09
4.4e-05	4.4e-05	9.69559e-07
4.8e-05	4.4e-05	-0.000138315
5.2e-05	4.4e-05	0.0195621
5.6e-05	4.4e-05	0.0213394
6e-05	4.4e-05	0.0219802
6.4e-05	4.4e-05	0.0215666
6.8e-05	4.4e-05	0.0202525
7.2e-05	4.4e-05	0.0182915
7.6e-05	4.4e-05	0.0160273

-7.6e-05	4e-05	0.0122501
-7.2e-05	4e-05	0.0116122
-6.8e-05	4e-05	0.0123533
-6.4e-05	4e-05	0.0148026
-6e-05	4e-05	0.0191794
-5.6e-05	4e-05	-0.00013522
-5.2e-05	4e-05	9.48959e-07
-4.8e-05	4e-05	-6.65978e-09
-4.4e-05	4e-05	4.66809e-11
-4e-05	4e-05	-3.66594e-13
-3.6e-05	4e-05	-2.4766e-14
-3.2e-05	4e-05	-1.95845e-14
-2.8e-05	4e-05	-1.39549e-14
-2.4e-05	4e-05	-1.02205e-14
-2e-05	4e-05	-7.57156e-15
-1.6e-05	4e-05	-5.70435e-15
-1.2e-05	4e-05	-4.61854e-15
-8e-06	4e-05	-4.00677e-15
-4e-06	4e-05	-3.74399e-15
0	4e-05	-3.96665e-15
4e-06	4e-05	-4.59335e-15
8e-06	4e-05	-5.6776e-15
1.2e-05	4e-05	-7.47532e-15
1.6e-05	4e-05	-1.00444e-14
2e-05	4e-05	-1.37668e-14
2.4e-05	4e-05	-1.91017e-14
2.8e-05	4e-05	-2.52934e-14
3.2e-05	4e-05	-2.4711e-13
3.6e-05	4e-05	2.98047e-11
4e-05	4e-05	-4.26209e-09
4.4e-05	4e-05	6.0834e-07
4.8e-05	4e-05	-8.68318e-05
5.2e-05	4e-05	0.012276
5.6e-05	4e-05	0.0135724
6e-05	4e-05	0.0133519
6.4e-05	4e-05	0.0118246
6.8e-05	4e-05	0.00926599
7.2e-05	4e-05	0.00603688
7.6e-05	4e-05	0.00257879

-7.6e-05	3.6e-05	-0.00299481
-7.2e-05	3.6e-05	-0.00406487
-6.8e-05	3.6e-05	-0.00335093
-6.4e-05	3.6e-05	-0.000478499
-6e-05	3.6e-05	0.00479185
-5.6e-05	3.6e-05	-3.35239e-05
-5.2e-05	3.6e-05	2.35951e-07
-4.8e-05	3.6e-05	-1.66066e-09
-4.4e-05	3.6e-05	1.16882e-11
-4e-05	3.6e-05	-8.18413e-14
-3.6e-05	3.6e-05	5.72306e-16
-3.2e-05	3.6e-05	1.02695e-16
-2.8e-05	3.6e-05	8.1046e-17
-2.4e-05	3.6e-05	9.0273e-17
-2e-05	3.6e-05	7.14131e-17
-1.6e-05	3.6e-05	3.24404e-17
-1.2e-05	3.6e-05	7.14396e-17
-8e-06	3.6e-05	6.56898e-17
-4e-06	3.6e-05	-3.52035e-17
0	3.6e-05	4.44024e-18
4e-06	3.6e-05	6.80798e-17
8e-06	3.6e-05	8.55925e-19
1.2e-05	3.6e-05	1.05125e-16
1.6e-05	3.6e-05	5.77842e-17
2e-05	3.6e-05	8.82991e-17
2.4e-05	3.6e-05	1.18019e-16
2.8e-05	3.6e-05	8.6458e-16
3.2e-05	3.6e-05	-9.44883e-14
3.6e-05	3.6e-05	1.35448e-11
4e-05	3.6e-05	-1.93623e-09
4.4e-05	3.6e-05	2.7679e-07
4.8e-05	3.6e-05	-3.95679e-05
5.2e-05	3.6e-05	0.00559008
5.6e-05	3.6e-05	0.00609728
6e-05	3.6e-05	0.00482538
6.4e-05	3.6e-05	0.00204677
6.8e-05	3.6e-05	-0.00188633
7.2e-05	3.6e-05	-0.00653364
7.6e-05	3.6e-05	-0.011374

-7.6e-05	3.2e-05	-0.0192864
-7.2e-05	3.2e-05	-0.021159
-6.8e-05	3.2e-05	-0.0209112
-6.4e-05	3.2e-05	-0.0181143
-6e-05	3.2e-05	-0.0124889
-5.6e-05	3.2e-05	8.85831e-05
-5.2e-05	3.2e-05	-6.20201e-07
-4.8e-05	3.2e-05	4.34223e-09
-4.4e-05	3.2e-05	-3.04012e-11
-4e-05	3.2e-05	2.12678e-13
-3.6e-05	3.2e-05	-1.54608e-15
-3.2e-05	3.2e-05	-5.96515e-18
-2.8e-05	3.2e-05	1.36017e-17
-2.4e-05	3.2e-05	-5.80926e-17
-2e-05	3.2e-05	-4.8905e-18
-1.6e-05	3.2e-05	9.03734e-17
-1.2e-05	3.2e-05	1.93046e-17
-8e-06	3.2e-05	-7.37956e-17
-4e-06	3.2e-05	-2.41644e-17
0	3.2e-05	1.19593e-17
4e-06	3.2e-05	-2.30043e-17
8e-06	3.2e-05	5.79649e-17
1.2e-05	3.2e-05	-9.32827e-18
1.6e-05	3.2e-05	1.1754e-17
2e-05	3.2e-05	2.18626e-17
2.4e-05	3.2e-05	-3.32344e-17
2.8e-05	3.2e-05	8.40646e-18
3.2e-05	3.2e-05	-5.7474e-15
3.6e-05	3.2e-05	8.49919e-13
4e-05	3.2e-05	-1.26415e-10
4.4e-05	3.2e-05	1.87701e-08
4.8e-05	3.2e-05	-2.78263e-06
5.2e-05	3.2e-05	0.000389742
5.6e-05	3.2e-05	-0.000149078
6e-05	3.2e-05	-0.00262998
6.4e-05	3.2e-05	-0.00676133
6.8e-05	3.2e-05	-0.0121542
7.2e-05	3.2e-05	-0.0183214
7.6e-05	3.2e-05	-0.0246875

-7.6e-05	2.8e-05	-0.0354239
-7.2e-05	2.8e-05	-0.0384638
-6.8e-05	2.8e-05	-0.0391333
-6.4e-05	2.8e-05	-0.0369438
-6e-05	2.8e-05	-0.0315627
-5.6e-05	2.8e-05	0.000223326
-5.2e-05	2.8e-05	-1.56498e-06
-4.8e-05	2.8e-05	1.09668e-08
-4.4e-05	2.8e-05	-7.68509e-11
-4e-05	2.8e-05	5.38501e-13
-3.6e-05	2.8e-05	-3.80176e-15
-3.2e-05	2.8e-05	6.54189e-17
-2.8e-05	2.8e-05	-7.00114e-17
-2.4e-05	2.8e-05	-1.83363e-17
-2e-05	2.8e-05	1.39055e-16
-1.6e-05	2.8e-05	-4.23882e-18
-1.2e-05	2.8e-05	-6.60616e-17
-8e-06	2.8e-05	2.78778e-17
-4e-06	2.8e-05	-3.6812e-17
0	2.8e-05	-1.67419e-17
4e-06	2.8e-05	5.53969e-17
8e-06	2.8e-05	-1.94527e-17
1.2e-05	2.8e-05	5.62315e-17
1.6e-05	2.8e-05	-2.16357e-17
2e-05	2.8e-05	-2.9177e-17
2.4e-05	2.8e-05	9.00958e-19
2.8e-05	2.8e-05	-3.51216e-16
3.2e-05	2.8e-05	4.72631e-14
3.6e-05	2.8e-05	-6.70737e-12
4e-05	2.8e-05	9.51115e-10
4.4e-05	2.8e-05	-1.34865e-07
4.8e-05	2.8e-05	1.91228e-05
5.2e-05	2.8e-05	-0.00270282
5.6e-05	2.8e-05	-0.0044399
6e-05	2.8e-05	-0.00819751
6.4e-05	2.8e-05	-0.0136976
6.8e-05	2.8e-05	-0.0205508
7.2e-05	2.8e-05	-0.0282565
7.6e-05	2.8e-05	-0.0362143

-7.6e-05	2.4e-05	-0.050136
-7.2e-05	2.4e-05	-0.0546673
-6.8e-05	2.4e-05	-0.0566822
-6.4e-05	2.4e-05	-0.0556304
-6e-05	2.4e-05	-0.051118
-5.6e-05	2.4e-05	0.000361437
-5.2e-05	2.4e-05	-2.53341e-06
-4.8e-05	2.4e-05	1.77574e-08
-4.4e-05	2.4e-05	-1.24466e-10
-4e-05	2.4e-05	8.72376e-13
-3.6e-05	2.4e-05	-6.08362e-15
-3.2e-05	2.4e-05	1.95183e-17
-2.8e-05	2.4e-05	-1.50838e-17
-2.4e-05	2.4e-05	1.5016e-16
-2e-05	2.4e-05	-9.62149e-18
-1.6e-05	2.4e-05	-4.23276e-17
-1.2e-05	2.4e-05	6.08438e-17
-8e-06	2.4e-05	-6.28568e-17
-4e-06	2.4e-05	-3.97229e-17
0	2.4e-05	4.92717e-17
4e-06	2.4e-05	-4.33357e-17
8e-06	2.4e-05	5.53266e-17
1.2e-05	2.4e-05	8.26111e-18
1.6e-05	2.4e-05	2.66854e-17
2e-05	2.4e-05	1.05314e-17
2.4e-05	2.4e-05	-4.20068e-18
2.8e-05	2.4e-05	-4.49472e-16
3.2e-05	2.4e-05	5.86285e-14
3.6e-05	2.4e-05	-8.32838e-12
4e-05	2.4e-05	1.18237e-09
4.4e-05	2.4e-05	-1.67857e-07
4.8e-05	2.4e-05	2.38295e-05
5.2e-05	2.4e-05	-0.00336035
5.6e-05	2.4e-05	-0.00630948
6e-05	2.4e-05	-0.0112826
6.4e-05	2.4e-05	-0.0180447
6.8e-05	2.4e-05	-0.0262399
7.2e-05	2.4e-05	-0.0353892
7.6e-05	2.4e-05	-0.0448977

-7.6e-05	2e-05	-0.0621808
-7.2e-05	2e-05	-0.0684531
-6.8e-05	2e-05	-0.0721821
-6.4e-05	2e-05	-0.0727564
-6e-05	2e-05	-0.0697178
-5.6e-05	2e-05	0.000492764
-5.2e-05	2e-05	-3.45431e-06
-4.8e-05	2e-05	2.42149e-08
-4.4e-05	2e-05	-1.69748e-10
-4e-05	2e-05	1.18999e-12
-3.6e-05	2e-05	-8.31742e-15
-3.2e-05	2e-05	5.57113e-17
-2.8e-05	2e-05	1.46935e-16
-2.4e-05	2e-05	3.80882e-18
-2e-05	2e-05	-4.11212e-17
-1.6e-05	2e-05	4.73443e-17
-1.2e-05	2e-05	-6.01695e-17
-8e-06	2e-05	-6.47166e-17
-4e-06	2e-05	3.55477e-17
0	2e-05	-2.58317e-17
4e-06	2e-05	6.8568e-17
8e-06	2e-05	-1.5721e-17
1.2e-05	2e-05	7.57348e-18
1.6e-05	2e-05	-9.48084e-18
2e-05	2e-05	-3.98287e-17
2.4e-05	2e-05	-2.84303e-17
2.8e-05	2e-05	-2.08328e-16
3.2e-05	2e-05	2.80624e-14
3.6e-05	2e-05	-3.97448e-12
4e-05	2e-05	5.61846e-10
4.4e-05	2e-05	-7.94183e-08
4.8e-05	2e-05	1.12251e-05
5.2e-05	2e-05	-0.00156807
5.6e-05	2e-05	-0.00558557
6e-05	2e-05	-0.0115605
6.4e-05	2e-05	-0.0193298
6.8e-05	2e-05	-0.0286067
7.2e-05	2e-05	-0.0389685
7.6e-05	2e-05	-0.049858

-7.6e-05	1.6e-05	-0.070445
-7.2e-05	1.6e-05	-0.078604
-6.8e-05	1.6e-05	-0.0843215
-6.4e-05	1.6e-05	-0.0869287
-6e-05	1.6e-05	-0.085902
-5.6e-05	1.6e-05	0.000606997
-5.2e-05	1.6e-05	-4.25537e-06
-4.8e-05	1.6e-05	2.98324e-08
-4.4e-05	1.6e-05	-2.0914e-10
-4e-05	1.6e-05	1.46626e-12
-3.6e-05	1.6e-05	-1.03296e-14
-3.2e-05	1.6e-05	1.96553e-16
-2.8e-05	1.6e-05	-1.87559e-17
-2.4e-05	1.6e-05	-3.81607e-17
-2e-05	1.6e-05	5.25268e-17
-1.6e-05	1.6e-05	-6.91829e-17
-1.2e-05	1.6e-05	-2.2857e-17
-8e-06	1.6e-05	3.66253e-17
-4e-06	1.6e-05	-5.47515e-17
0	1.6e-05	8.22718e-17
4e-06	1.6e-05	-5.72513e-17
8e-06	1.6e-05	3.15273e-17
1.2e-05	1.6e-05	2.18597e-17
1.6e-05	1.6e-05	7.41066e-18
2e-05	1.6e-05	5.38439e-18
2.4e-05	1.6e-05	-2.90089e-17
2.8e-05	1.6e-05	2.2023e-16
3.2e-05	1.6e-05	-3.93558e-14
3.6e-05	1.6e-05	5.6386e-12
4e-05	1.6e-05	-8.08407e-10
4.4e-05	1.6e-05	1.15898e-07
4.8e-05	1.6e-05	-1.66153e-05
5.2e-05	1.6e-05	0.00237911
5.6e-05	1.6e-05	-0.00240012
6e-05	1.6e-05	-0.00900048
6.4e-05	1.6e-05	-0.0173628
6.8e-05	1.6e-05	-0.0273067
7.2e-05	1.6e-05	-0.0385031
7.6e-05	1.6e-05	-0.0504641

-7.6e-05	1.2e-05	-0.0740356
-7.2e-05	1.2e-05	-0.0841019
-6.8e-05	1.2e-05	-0.0919605
-6.4e-05	1.2e-05	-0.0968891
-6e-05	1.2e-05	-0.0983002
-5.6e-05	1.2e-05	0.000694459
-5.2e-05	1.2e-05	-4.86874e-06
-4.8e-05	1.2e-05	3.41339e-08
-4.4e-05	1.2e-05	-2.39307e-10
-4e-05	1.2e-05	1.67771e-12
-3.6e-05	1.2e-05	-1.17009e-14
-3.2e-05	1.2e-05	1.05679e-16
-2.8e-05	1.2e-05	-7.90153e-17
-2.4e-05	1.2e-05	7.14376e-17
-2e-05	1.2e-05	-7.91084e-17
-1.6e-05	1.2e-05	-2.14678e-17
-1.2e-05	1.2e-05	4.01653e-17
-8e-06	1.2e-05	-9.03855e-17
-4e-06	1.2e-05	1.09484e-16
0	1.2e-05	-4.08883e-17
4e-06	1.2e-05	7.8997e-17
8e-06	1.2e-05	1.76385e-17
1.2e-05	1.2e-05	2.81116e-17
1.6e-05	1.2e-05	-1.73907e-17
2e-05	1.2e-05	-2.40512e-19
2.4e-05	1.2e-05	-5.44228e-17
2.8e-05	1.2e-05	9.11142e-16
3.2e-05	1.2e-05	-1.33816e-13
3.6e-05	1.2e-05	1.91015e-11
4e-05	1.2e-05	-2.72739e-09
4.4e-05	1.2e-05	3.89426e-07
4.8e-05	1.2e-05	-5.56037e-05
5.2e-05	1.2e-05	0.00790145
5.6e-05	1.2e-05	0.0028231
6e-05	1.2e-05	-0.00386615
6.4e-05	1.2e-05	-0.0122472
6.8e-05	1.2e-05	-0.0222894
7.2e-05	1.2e-05	-0.0337979
7.6e-05	1.2e-05	-0.0463847

-7.6e-05	8e-06	-0.072357
-7.2e-05	8e-06	-0.0842166
-6.8e-05	8e-06	-0.0942295
-6.4e-05	8e-06	-0.101622
-6e-05	8e-06	-0.105745
-5.6e-05	8e-06	0.000746912
-5.2e-05	8e-06	-5.23664e-06
-4.8e-05	8e-06	3.67144e-08
-4.4e-05	8e-06	-2.57407e-10
-4e-05	8e-06	1.80467e-12
-3.6e-05	8e-06	-1.26048e-14
-3.2e-05	8e-06	-4.20098e-18
-2.8e-05	8e-06	3.02911e-17
-2.4e-05	8e-06	-7.28335e-17
-2e-05	8e-06	-6.58984e-17
-1.6e-05	8e-06	6.54583e-17
-1.2e-05	8e-06	-7.5152e-17
-8e-06	8e-06	6.66634e-17
-4e-06	8e-06	-6.46215e-17
0	8e-06	4.68423e-17
4e-06	8e-06	-2.10084e-17
8e-06	8e-06	1.59477e-17
1.2e-05	8e-06	7.68995e-18
1.6e-05	8e-06	-1.69517e-17
2e-05	8e-06	-4.95988e-17
2.4e-05	8e-06	-3.71057e-17
2.8e-05	8e-06	1.63587e-15
3.2e-05	8e-06	-2.41293e-13
3.6e-05	8e-06	3.44209e-11
4e-05	8e-06	-4.91085e-09
4.4e-05	8e-06	7.00632e-07
4.8e-05	8e-06	-9.99592e-05
5.2e-05	8e-06	0.0141797
5.6e-05	8e-06	0.00940242
6e-05	8e-06	0.00330891
6.4e-05	8e-06	-0.00436491
6.8e-05	8e-06	-0.0137943
7.2e-05	8e-06	-0.0249637
7.6e-05	8e-06	-0.0376128

-7.6e-05	4e-06	-0.0651678
-7.2e-05	4e-06	-0.0785771
-6.8e-05	4e-06	-0.090614
-6.4e-05	4e-06	-0.100452
-6e-05	4e-06	-0.10738
-5.6e-05	4e-06	0.000758312
-5.2e-05	4e-06	-5.3167e-06
-4.8e-05	4e-06	3.72766e-08
-4.4e-05	4e-06	-2.61354e-10
-4e-05	4e-06	1.83244e-12
-3.6e-05	4e-06	-1.2901e-14
-3.2e-05	4e-06	1.08431e-16
-2.8e-05	4e-06	-2.09377e-17
-2.4e-05	4e-06	-3.62888e-17
-2e-05	4e-06	4.83289e-17
-1.6e-05	4e-06	-5.89985e-17
-1.2e-05	4e-06	7.97843e-17
-8e-06	4e-06	2.93856e-17
-4e-06	4e-06	6.19791e-17
0	4e-06	-8.06385e-17
4e-06	4e-06	6.66175e-18
8e-06	4e-06	2.30977e-17
1.2e-05	4e-06	-6.55406e-18
1.6e-05	4e-06	-2.97599e-17
2e-05	4e-06	-5.93311e-18
2.4e-05	4e-06	-6.05481e-17
2.8e-05	4e-06	2.4137e-15
3.2e-05	4e-06	-3.44776e-13
3.6e-05	4e-06	4.9172e-11
4e-05	4e-06	-7.01295e-09
4.4e-05	4e-06	1.00019e-06
4.8e-05	4e-06	-0.000142648
5.2e-05	4e-06	0.0202175
5.6e-05	4e-06	0.0164493
6e-05	4e-06	0.0117656
6.4e-05	4e-06	0.00566688
6.8e-05	4e-06	-0.00231404
7.2e-05	4e-06	-0.0123969
7.6e-05	4e-06	-0.0244646

-7.6e-05	0	-0.0526121
-7.2e-05	0	-0.0672177
-6.8e-05	0	-0.0810188
-6.4e-05	0	-0.0931265
-6e-05	0	-0.102752
-5.6e-05	0	0.000725473
-5.2e-05	0	-5.08654e-06
-4.8e-05	0	3.56634e-08
-4.4e-05	0	-2.50049e-10
-4e-05	0	1.75316e-12
-3.6e-05	0	-1.22897e-14
-3.2e-05	0	9.63067e-17
-2.8e-05	0	-2.48075e-17
-2.4e-05	0	2.75844e-17
-2e-05	0	-1.35189e-17
-1.6e-05	0	4.60091e-17
-1.2e-05	0	-6.53078e-17
-8e-06	0	6.87885e-17
-4e-06	0	-6.63441e-17
0	0	1.3475e-17
4e-06	0	5.07165e-17
8e-06	0	-7.00534e-17
1.2e-05	0	-7.10799e-17
1.6e-05	0	-2.5924e-17
2e-05	0	-7.32603e-17
2.4e-05	0	-4.11449e-17
2.8e-05	0	2.95596e-15
3.2e-05	0	-4.25557e-13
3.6e-05	0	6.06812e-11
4e-05	0	-8.65246e-09
4.4e-05	0	1.23374e-06
4.8e-05	0	-0.000175918
5.2e-05	0	0.024917
5.6e-05	0	0.022927
6e-05	0	0.0205755
6.4e-05	0	0.0170694
6.8e-05	0	0.011477
7.2e-05	0	0.0032738
7.6e-05	0	-0.00755044

-7.6e-05	-4e-06	-0.0352241
-7.2e-05	-4e-06	-0.050596
-6.8e-05	-4e-06	-0.0658045
-6.4e-05	-4e-06	-0.079878
-6e-05	-4e-06	-0.0918828
-5.6e-05	-4e-06	0.000648561
-5.2e-05	-4e-06	-4.54733e-06
-4.8e-05	-4e-06	3.18832e-08
-4.4e-05	-4e-06	-2.23546e-10
-4e-05	-4e-06	1.56737e-12
-3.6e-05	-4e-06	-1.09554e-14
-3.2e-05	-4e-06	6.43471e-17
-2.8e-05	-4e-06	4.28005e-17
-2.4e-05	-4e-06	-4.23522e-17
-2e-05	-4e-06	6.1144e-17
-1.6e-05	-4e-06	-7.2905e-17
-1.2e-05	-4e-06	6.69821e-17
-8e-06	-4e-06	6.50162e-18
-4e-06	-4e-06	2.84441e-17
0	-4e-06	5.54205e-17
4e-06	-4e-06	-4.47707e-17
8e-06	-4e-06	-6.88015e-17
1.2e-05	-4e-06	-3.6506e-18
1.6e-05	-4e-06	-4.25733e-17
2e-05	-4e-06	-3.53255e-17
2.4e-05	-4e-06	-6.44769e-17
2.8e-05	-4e-06	3.2528e-15
3.2e-05	-4e-06	-4.64676e-13
3.6e-05	-4e-06	6.62426e-11
4e-05	-4e-06	-9.44354e-09
4.4e-05	-4e-06	1.34627e-06
4.8e-05	-4e-06	-0.000191924
5.2e-05	-4e-06	0.027168
5.6e-05	-4e-06	0.0276969
6e-05	-4e-06	0.0286828
6.4e-05	-4e-06	0.0290176
6.8e-05	-4e-06	0.0268428
7.2e-05	-4e-06	0.0212701
7.6e-05	-4e-06	0.0122731

-7.6e-05	-8e-06	-0.0139064
-7.2e-05	-8e-06	-0.0295712
-6.8e-05	-8e-06	-0.0457858
-6.4e-05	-8e-06	-0.0614888
-6e-05	-8e-06	-0.0753057
-5.6e-05	-8e-06	0.000531351
-5.2e-05	-8e-06	-3.72553e-06
-4.8e-05	-8e-06	2.61213e-08
-4.4e-05	-8e-06	-1.83148e-10
-4e-05	-8e-06	1.28417e-12
-3.6e-05	-8e-06	-9.0414e-15
-3.2e-05	-8e-06	1.22283e-16
-2.8e-05	-8e-06	-4.20536e-17
-2.4e-05	-8e-06	4.9771e-17
-2e-05	-8e-06	-3.27292e-17
-1.6e-05	-8e-06	5.17538e-17
-1.2e-05	-8e-06	1.82844e-17
-8e-06	-8e-06	-3.32592e-17
-4e-06	-8e-06	2.64253e-17
0	-8e-06	-2.02847e-17
4e-06	-8e-06	-9.01027e-17
8e-06	-8e-06	-2.12165e-17
1.2e-05	-8e-06	-3.40927e-17
1.6e-05	-8e-06	7.39999e-18
2e-05	-8e-06	-5.62059e-17
2.4e-05	-8e-06	1.00034e-17
2.8e-05	-8e-06	3.10939e-15
3.2e-05	-8e-06	-4.44818e-13
3.6e-05	-8e-06	6.33996e-11
4e-05	-8e-06	-9.03618e-09
4.4e-05	-8e-06	1.2879e-06
4.8e-05	-8e-06	-0.000183561
5.2e-05	-8e-06	0.0259658
5.6e-05	-8e-06	0.0295099
6e-05	-8e-06	0.0348524
6.4e-05	-8e-06	0.0408563
6.8e-05	-8e-06	0.0431838
7.2e-05	-8e-06	0.0407708
7.6e-05	-8e-06	0.0339517

-7.6e-05	-1.2e-05	0.0101112
-7.2e-05	-1.2e-05	-0.00532742
-6.8e-05	-1.2e-05	-0.0221463
-6.4e-05	-1.2e-05	-0.039436
-6e-05	-1.2e-05	-0.0540107
-5.6e-05	-1.2e-05	0.000380856
-5.2e-05	-1.2e-05	-2.67043e-06
-4.8e-05	-1.2e-05	1.87241e-08
-4.4e-05	-1.2e-05	-1.31286e-10
-4e-05	-1.2e-05	9.20498e-13
-3.6e-05	-1.2e-05	-6.40817e-15
-3.2e-05	-1.2e-05	2.24052e-17
-2.8e-05	-1.2e-05	5.19431e-17
-2.4e-05	-1.2e-05	4.64824e-18
-2e-05	-1.2e-05	2.56584e-17
-1.6e-05	-1.2e-05	-2.34031e-17
-1.2e-05	-1.2e-05	-5.65926e-18
-8e-06	-1.2e-05	-2.76816e-17
-4e-06	-1.2e-05	-3.0928e-17
0	-1.2e-05	-6.0657e-17
4e-06	-1.2e-05	-3.95065e-17
8e-06	-1.2e-05	-3.42647e-17
1.2e-05	-1.2e-05	-7.86961e-18
1.6e-05	-1.2e-05	-6.51814e-17
2e-05	-1.2e-05	-2.22273e-18
2.4e-05	-1.2e-05	-1.3651e-17
2.8e-05	-1.2e-05	2.46423e-15
3.2e-05	-1.2e-05	-3.54018e-13
3.6e-05	-1.2e-05	5.04436e-11
4e-05	-1.2e-05	-7.18773e-09
4.4e-05	-1.2e-05	1.02418e-06
4.8e-05	-1.2e-05	-0.000145937
5.2e-05	-1.2e-05	0.0206222
5.6e-05	-1.2e-05	0.0268611
6e-05	-1.2e-05	0.0372151
6.4e-05	-1.2e-05	0.0526838
6.8e-05	-1.2e-05	0.0603677
7.2e-05	-1.2e-05	0.0609979
7.6e-05	-1.2e-05	0.0562365

-7.6e-05	-1.6e-05	0.0353042
-7.2e-05	-1.6e-05	0.0207774
-6.8e-05	-1.6e-05	0.00396306
-6.4e-05	-1.6e-05	-0.016539
-6e-05	-1.6e-05	-0.0290699
-5.6e-05	-1.6e-05	0.000204694
-5.2e-05	-1.6e-05	-1.4362e-06
-4.8e-05	-1.6e-05	1.00775e-08
-4.4e-05	-1.6e-05	-7.07157e-11
-4e-05	-1.6e-05	4.96282e-13
-3.6e-05	-1.6e-05	-3.48682e-15
-3.2e-05	-1.6e-05	5.20416e-17
-2.8e-05	-1.6e-05	-1.63877e-17
-2.4e-05	-1.6e-05	1.98993e-17
-2e-05	-1.6e-05	-2.27318e-17
-1.6e-05	-1.6e-05	1.0485e-17
-1.2e-05	-1.6e-05	-2.23248e-17
-8e-06	-1.6e-05	-2.42544e-17
-4e-06	-1.6e-05	-1.08837e-17
0	-1.6e-05	-3.69709e-17
4e-06	-1.6e-05	-3.66307e-17
8e-06	-1.6e-05	-1.42449e-17
1.2e-05	-1.6e-05	-4.81988e-17
1.6e-05	-1.6e-05	-2.10043e-18
2e-05	-1.6e-05	8.77595e-18
2.4e-05	-1.6e-05	-3.96693e-17
2.8e-05	-1.6e-05	1.32575e-15
3.2e-05	-1.6e-05	-1.93602e-13
3.6e-05	-1.6e-05	2.75791e-11
4e-05	-1.6e-05	-3.92945e-09
4.4e-05	-1.6e-05	5.59897e-07
4.8e-05	-1.6e-05	-7.97823e-05
5.2e-05	-1.6e-05	0.0112509
5.6e-05	-1.6e-05	0.017673
6e-05	-1.6e-05	0.031104
6.4e-05	-1.6e-05	0.067541
6.8e-05	-1.6e-05	0.0791566
7.2e-05	-1.6e-05	0.0811112
7.6e-05	-1.6e-05	0.0775674

-7.6e-05	-2e-05	0.0597885
-7.2e-05	-2e-05	0.0472945
-6.8e-05	-2e-05	0.0334024
-6.4e-05	-2e-05	-0.000120345
-6e-05	-2e-05	0.000207484
-5.6e-05	-2e-05	-2.9299e-06
-5.2e-05	-2e-05	3.10368e-08
-4.8e-05	-2e-05	-2.92273e-10
-4.4e-05	-2e-05	2.5805e-12
-4e-05	-2e-05	-2.18833e-14
-3.6e-05	-2e-05	1.83101e-16
-3.2e-05	-2e-05	-3.0018e-18
-2.8e-05	-2e-05	5.33923e-19
-2.4e-05	-2e-05	7.11766e-18
-2e-05	-2e-05	-2.92311e-17
-1.6e-05	-2e-05	-7.40876e-18
-1.2e-05	-2e-05	-3.22982e-17
-8e-06	-2e-05	-2.96551e-17
-4e-06	-2e-05	-1.13981e-17
0	-2e-05	-6.0704e-17
4e-06	-2e-05	-1.23963e-17
8e-06	-2e-05	-5.78977e-17
1.2e-05	-2e-05	-1.87036e-18
1.6e-05	-2e-05	1.77992e-18
2e-05	-2e-05	1.77328e-17
2.4e-05	-2e-05	-2.24811e-17
2.8e-05	-2e-05	-7.38504e-17
3.2e-05	-2e-05	8.48757e-15
3.6e-05	-2e-05	-1.00166e-12
4e-05	-2e-05	1.13319e-10
4.4e-05	-2e-05	-1.20108e-08
4.8e-05	-2e-05	1.12967e-06
5.2e-05	-2e-05	-7.91312e-05
5.6e-05	-2e-05	-0.000119266
6e-05	-2e-05	-0.000820461
6.4e-05	-2e-05	0.101124
6.8e-05	-2e-05	0.100462
7.2e-05	-2e-05	0.099402
7.6e-05	-2e-05	0.0957845

-7.6e-05	-2.4e-05	0.0810227
-7.2e-05	-2.4e-05	0.0709411
-6.8e-05	-2.4e-05	0.0598852
-6.4e-05	-2.4e-05	-0.000424431
-6e-05	-2.4e-05	1.51317e-06
-5.6e-05	-2.4e-05	1.02748e-08
-5.2e-05	-2.4e-05	-2.95104e-10
-4.8e-05	-2.4e-05	4.18561e-12
-4.4e-05	-2.4e-05	-4.81731e-14
-4e-05	-2.4e-05	4.96899e-16
-3.6e-05	-2.4e-05	1.28103e-18
-3.2e-05	-2.4e-05	-2.41343e-17
-2.8e-05	-2.4e-05	-1.43581e-18
-2.4e-05	-2.4e-05	-1.30984e-17
-2e-05	-2.4e-05	-9.26431e-18
-1.6e-05	-2.4e-05	-1.40188e-17
-1.2e-05	-2.4e-05	-4.67929e-17
-8e-06	-2.4e-05	-3.23818e-18
-4e-06	-2.4e-05	-5.17778e-17
0	-2.4e-05	-2.12266e-17
4e-06	-2.4e-05	-2.33551e-17
8e-06	-2.4e-05	-2.41768e-17
1.2e-05	-2.4e-05	-2.25996e-18
1.6e-05	-2.4e-05	-2.71942e-17
2e-05	-2.4e-05	1.17851e-18
2.4e-05	-2.4e-05	-1.13853e-17
2.8e-05	-2.4e-05	1.3653e-17
3.2e-05	-2.4e-05	-2.28682e-16
3.6e-05	-2.4e-05	2.13648e-14
4e-05	-2.4e-05	-2.00408e-12
4.4e-05	-2.4e-05	1.68582e-10
4.8e-05	-2.4e-05	-1.17016e-08
5.2e-05	-2.4e-05	5.16112e-07
5.6e-05	-2.4e-05	6.57316e-06
6e-05	-2.4e-05	-0.000811767
6.4e-05	-2.4e-05	0.114985
6.8e-05	-2.4e-05	0.113099
7.2e-05	-2.4e-05	0.111279
7.6e-05	-2.4e-05	0.108017

-7.6e-05	-2.8e-05	0.096542
-7.2e-05	-2.8e-05	0.0891592
-6.8e-05	-2.8e-05	0.0813516
-6.4e-05	-2.8e-05	-0.000575083
-6e-05	-2.8e-05	4.04325e-06
-5.6e-05	-2.8e-05	-2.85763e-08
-5.2e-05	-2.8e-05	2.03561e-10
-4.8e-05	-2.8e-05	-1.46506e-12
-4.4e-05	-2.8e-05	1.06546e-14
-4e-05	-2.8e-05	-8.70635e-17
-3.6e-05	-2.8e-05	-1.68663e-17
-3.2e-05	-2.8e-05	-1.79037e-17
-2.8e-05	-2.8e-05	-1.89365e-17
-2.4e-05	-2.8e-05	-4.053e-17
-2e-05	-2.8e-05	-8.50248e-18
-1.6e-05	-2.8e-05	-4.79615e-17
-1.2e-05	-2.8e-05	-2.1491e-17
-8e-06	-2.8e-05	-4.65126e-17
-4e-06	-2.8e-05	-8.60519e-18
0	-2.8e-05	-1.95431e-17
4e-06	-2.8e-05	-1.29012e-17
8e-06	-2.8e-05	-6.09394e-19
1.2e-05	-2.8e-05	2.47279e-18
1.6e-05	-2.8e-05	1.73191e-17
2e-05	-2.8e-05	-2.60701e-17
2.4e-05	-2.8e-05	9.63344e-18
2.8e-05	-2.8e-05	2.13501e-17
3.2e-05	-2.8e-05	2.8414e-17
3.6e-05	-2.8e-05	-4.33578e-16
4e-05	-2.8e-05	4.24991e-14
4.4e-05	-2.8e-05	-3.98786e-12
4.8e-05	-2.8e-05	3.9423e-10
5.2e-05	-2.8e-05	-4.40169e-08
5.6e-05	-2.8e-05	5.71314e-06
6e-05	-2.8e-05	-0.000815577
6.4e-05	-2.8e-05	0.115448
6.8e-05	-2.8e-05	0.115462
7.2e-05	-2.8e-05	0.114552
7.6e-05	-2.8e-05	0.112254

-7.6e-05	-3.2e-05	0.10427
-7.2e-05	-3.2e-05	0.099755
-6.8e-05	-3.2e-05	0.0956133
-6.4e-05	-3.2e-05	-0.000675639
-6e-05	-3.2e-05	4.73823e-06
-5.6e-05	-3.2e-05	-3.32274e-08
-5.2e-05	-3.2e-05	2.32989e-10
-4.8e-05	-3.2e-05	-1.63344e-12
-4.4e-05	-3.2e-05	1.1427e-14
-4e-05	-3.2e-05	-8.95759e-17
-3.6e-05	-3.2e-05	-1.96296e-17
-3.2e-05	-3.2e-05	-1.54873e-17
-2.8e-05	-3.2e-05	-4.25654e-17
-2.4e-05	-3.2e-05	-2.13553e-17
-2e-05	-3.2e-05	-4.04212e-17
-1.6e-05	-3.2e-05	-1.9474e-17
-1.2e-05	-3.2e-05	-2.13818e-17
-8e-06	-3.2e-05	-5.75192e-18
-4e-06	-3.2e-05	-4.85634e-19
0	-3.2e-05	-2.00403e-20
4e-06	-3.2e-05	-3.56248e-19
8e-06	-3.2e-05	-3.31677e-17
1.2e-05	-3.2e-05	-1.44028e-17
1.6e-05	-3.2e-05	-2.07713e-17
2e-05	-3.2e-05	1.39636e-17
2.4e-05	-3.2e-05	2.02345e-17
2.8e-05	-3.2e-05	1.02952e-17
3.2e-05	-3.2e-05	1.21382e-17
3.6e-05	-3.2e-05	-7.68208e-17
4e-05	-3.2e-05	1.23078e-14
4.4e-05	-3.2e-05	-1.78622e-12
4.8e-05	-3.2e-05	2.56801e-10
5.2e-05	-3.2e-05	-3.6739e-08
5.6e-05	-3.2e-05	5.24357e-06
6e-05	-3.2e-05	-0.000747814
6.4e-05	-3.2e-05	0.105832
6.8e-05	-3.2e-05	0.108329
7.2e-05	-3.2e-05	0.108875
7.6e-05	-3.2e-05	0.107664

-7.6e-05	-3.6e-05	0.102722
-7.2e-05	-3.6e-05	0.100974
-6.8e-05	-3.6e-05	0.100697
-6.4e-05	-3.6e-05	-0.000711327
-6e-05	-3.6e-05	4.98898e-06
-5.6e-05	-3.6e-05	-3.49908e-08
-5.2e-05	-3.6e-05	2.45412e-10
-4.8e-05	-3.6e-05	-1.72125e-12
-4.4e-05	-3.6e-05	1.20601e-14
-4e-05	-3.6e-05	-1.129e-16
-3.6e-05	-3.6e-05	-1.25073e-17
-3.2e-05	-3.6e-05	-2.08078e-17
-2.8e-05	-3.6e-05	-1.44266e-18
-2.4e-05	-3.6e-05	-2.89057e-17
-2e-05	-3.6e-05	-1.02511e-17
-1.6e-05	-3.6e-05	-2.77975e-17
-1.2e-05	-3.6e-05	-5.6941e-18
-8e-06	-3.6e-05	-2.16944e-17
-4e-06	-3.6e-05	-1.30845e-17
0	-3.6e-05	2.72866e-18
4e-06	-3.6e-05	-5.26174e-18
8e-06	-3.6e-05	8.76901e-18
1.2e-05	-3.6e-05	-2.0228e-17
1.6e-05	-3.6e-05	-4.72728e-18
2e-05	-3.6e-05	-3.50555e-18
2.4e-05	-3.6e-05	3.65395e-18
2.8e-05	-3.6e-05	2.33265e-17
3.2e-05	-3.6e-05	1.50455e-17
3.6e-05	-3.6e-05	-5.95353e-17
4e-05	-3.6e-05	1.06403e-14
4.4e-05	-3.6e-05	-1.51657e-12
4.8e-05	-3.6e-05	2.16294e-10
5.2e-05	-3.6e-05	-3.08497e-08
5.6e-05	-3.6e-05	4.40017e-06
6e-05	-3.6e-05	-0.000627609
6.4e-05	-3.6e-05	0.0887974
6.8e-05	-3.6e-05	0.0933688
7.2e-05	-3.6e-05	0.0951297
7.6e-05	-3.6e-05	0.0945473

-7.6e-05	-4e-05	0.0911093
-7.2e-05	-4e-05	0.0916093
-6.8e-05	-4e-05	0.0949932
-6.4e-05	-4e-05	-0.000670806
-6e-05	-4e-05	4.70542e-06
-5.6e-05	-4e-05	-3.30065e-08
-5.2e-05	-4e-05	2.31527e-10
-4.8e-05	-4e-05	-1.62406e-12
-4.4e-05	-4e-05	1.1374e-14
-4e-05	-4e-05	-8.24919e-17
-3.6e-05	-4e-05	-1.86898e-17
-3.2e-05	-4e-05	-2.85018e-18
-2.8e-05	-4e-05	-2.02589e-17
-2.4e-05	-4e-05	-7.67116e-18
-2e-05	-4e-05	-1.93331e-17
-1.6e-05	-4e-05	-1.27144e-17
-1.2e-05	-4e-05	-1.70188e-17
-8e-06	-4e-05	-1.77178e-17
-4e-06	-4e-05	-1.50408e-17
0	-4e-05	-3.66384e-17
4e-06	-4e-05	1.97955e-17
8e-06	-4e-05	-3.42043e-17
1.2e-05	-4e-05	1.90386e-17
1.6e-05	-4e-05	1.45741e-17
2e-05	-4e-05	7.54978e-18
2.4e-05	-4e-05	-2.20404e-18
2.8e-05	-4e-05	-9.37905e-18
3.2e-05	-4e-05	4.08133e-18
3.6e-05	-4e-05	-6.98925e-17
4e-05	-4e-05	8.06425e-15
4.4e-05	-4e-05	-1.14374e-12
4.8e-05	-4e-05	1.63159e-10
5.2e-05	-4e-05	-2.32757e-08
5.6e-05	-4e-05	3.32041e-06
6e-05	-4e-05	-0.000473677
6.4e-05	-4e-05	0.066996
6.8e-05	-4e-05	0.072792
7.2e-05	-4e-05	0.0751412
7.6e-05	-4e-05	0.0743446

-7.6e-05	-4.4e-05	0.0693657
-7.2e-05	-4.4e-05	0.0710922
-6.8e-05	-4.4e-05	0.0772596
-6.4e-05	-4.4e-05	-0.000545317
-6e-05	-4.4e-05	3.82636e-06
-5.6e-05	-4.4e-05	-2.68486e-08
-5.2e-05	-4.4e-05	1.88389e-10
-4.8e-05	-4.4e-05	-1.32187e-12
-4.4e-05	-4.4e-05	9.27591e-15
-4e-05	-4.4e-05	-7.93438e-17
-3.6e-05	-4.4e-05	-3.83866e-18
-3.2e-05	-4.4e-05	-1.61739e-17
-2.8e-05	-4.4e-05	-1.02354e-18
-2.4e-05	-4.4e-05	-7.21708e-18
-2e-05	-4.4e-05	-1.03104e-17
-1.6e-05	-4.4e-05	-4.04761e-18
-1.2e-05	-4.4e-05	-9.61908e-18
-8e-06	-4.4e-05	-4.87011e-18
-4e-06	-4.4e-05	-1.41763e-17
0	-4.4e-05	8.14942e-18
4e-06	-4.4e-05	-9.02958e-18
8e-06	-4.4e-05	1.61409e-17
1.2e-05	-4.4e-05	-1.22509e-17
1.6e-05	-4.4e-05	1.81048e-17
2e-05	-4.4e-05	-4.16266e-18
2.4e-05	-4.4e-05	-5.7286e-18
2.8e-05	-4.4e-05	3.41437e-18
3.2e-05	-4.4e-05	-6.12935e-18
3.6e-05	-4.4e-05	-4.43679e-18
4e-05	-4.4e-05	5.14606e-15
4.4e-05	-4.4e-05	-7.35849e-13
4.8e-05	-4.4e-05	1.05005e-10
5.2e-05	-4.4e-05	-1.49842e-08
5.6e-05	-4.4e-05	2.13825e-06
6e-05	-4.4e-05	-0.000305129
6.4e-05	-4.4e-05	0.0431341
6.8e-05	-4.4e-05	0.0490919
7.2e-05	-4.4e-05	0.0515166
7.6e-05	-4.4e-05	0.0501823

-7.6e-05	-4.8e-05	0.038203
-7.2e-05	-4.8e-05	0.0397178
-6.8e-05	-4.8e-05	0.0462973
-6.4e-05	-4.8e-05	-0.000326438
-6e-05	-4.8e-05	2.29355e-06
-5.6e-05	-4.8e-05	-1.61159e-08
-5.2e-05	-4.8e-05	1.13252e-10
-4.8e-05	-4.8e-05	-7.95964e-13
-4.4e-05	-4.8e-05	5.58966e-15
-4e-05	-4.8e-05	-4.45594e-17
-3.6e-05	-4.8e-05	8.94877e-19
-3.2e-05	-4.8e-05	-8.94981e-18
-2.8e-05	-4.8e-05	1.57051e-18
-2.4e-05	-4.8e-05	-1.02066e-17
-2e-05	-4.8e-05	1.96268e-18
-1.6e-05	-4.8e-05	-3.67981e-18
-1.2e-05	-4.8e-05	-6.71931e-19
-8e-06	-4.8e-05	4.12967e-18
-4e-06	-4.8e-05	-3.97662e-18
0	-4.8e-05	3.75954e-18
4e-06	-4.8e-05	-5.99249e-18
8e-06	-4.8e-05	-6.40414e-18
1.2e-05	-4.8e-05	-5.40988e-18
1.6e-05	-4.8e-05	-4.40571e-17
2e-05	-4.8e-05	-3.36616e-18
2.4e-05	-4.8e-05	1.9026e-17
2.8e-05	-4.8e-05	-4.16643e-18
3.2e-05	-4.8e-05	4.73048e-17
3.6e-05	-4.8e-05	-3.95104e-17
4e-05	-4.8e-05	2.35599e-15
4.4e-05	-4.8e-05	-3.38195e-13
4.8e-05	-4.8e-05	4.82921e-11
5.2e-05	-4.8e-05	-6.89668e-09
5.6e-05	-4.8e-05	9.84999e-07
6e-05	-4.8e-05	-0.000140689
6.4e-05	-4.8e-05	0.0198623
6.8e-05	-4.8e-05	0.0244943
7.2e-05	-4.8e-05	0.0270011
7.6e-05	-4.8e-05	0.0297651

-7.6e-05	-5.2e-05	-0.000292812
-7.2e-05	-5.2e-05	-0.00030629
-6.8e-05	-5.2e-05	-0.000360642
-6.4e-05	-5.2e-05	5.38781e-06
-6e-05	-5.2e-05	-6.02356e-08
-5.6e-05	-5.2e-05	5.98751e-10
-5.2e-05	-5.2e-05	-5.58383e-12
-4.8e-05	-5.2e-05	5.00484e-14
-4.4e-05	-5.2e-05	-4.27578e-16
-4e-05	-5.2e-05	2.73346e-17
-3.6e-05	-5.2e-05	-4.80286e-18
-3.2e-05	-5.2e-05	1.57915e-17
-2.8e-05	-5.2e-05	-2.10717e-18
-2.4e-05	-5.2e-05	1.55373e-17
-2e-05	-5.2e-05	-1.02187e-17
-1.6e-05	-5.2e-05	4.64088e-18
-1.2e-05	-5.2e-05	-1.20553e-17
-8e-06	-5.2e-05	9.58253e-18
-4e-06	-5.2e-05	-1.26789e-18
0	-5.2e-05	6.42883e-19
4e-06	-5.2e-05	-2.66082e-18
8e-06	-5.2e-05	-1.59926e-18
1.2e-05	-5.2e-05	-3.03593e-18
1.6e-05	-5.2e-05	9.38723e-19
2e-05	-5.2e-05	-1.73421e-18
2.4e-05	-5.2e-05	3.06507e-18
2.8e-05	-5.2e-05	-2.88122e-20
3.2e-05	-5.2e-05	4.13179e-18
3.6e-05	-5.2e-05	2.46019e-18
4e-05	-5.2e-05	-1.89112e-16
4.4e-05	-5.2e-05	2.14234e-14
4.8e-05	-5.2e-05	-2.39334e-12
5.2e-05	-5.2e-05	2.56892e-10
5.6e-05	-5.2e-05	-2.58617e-08
6e-05	-5.2e-05	2.31294e-06
6.4e-05	-5.2e-05	-0.000154269
6.8e-05	-5.2e-05	-0.000189207
7.2e-05	-5.2e-05	-0.000208406
7.6e-05	-5.2e-05	-0.000231792

-7.6e-05	-5.6e-05	2.22931e-06
-7.2e-05	-5.6e-05	2.36201e-06
-6.8e-05	-5.6e-05	2.80966e-06
-6.4e-05	-5.6e-05	-6.42826e-08
-6e-05	-5.6e-05	9.76444e-10
-5.6e-05	-5.6e-05	-1.23525e-11
-5.2e-05	-5.6e-05	1.40633e-13
-4.8e-05	-5.6e-05	-1.55179e-15
-4.4e-05	-5.6e-05	6.67478e-17
-4e-05	-5.6e-05	-3.6625e-17
-3.6e-05	-5.6e-05	1.01527e-17
-3.2e-05	-5.6e-05	-2.68736e-17
-2.8e-05	-5.6e-05	1.51677e-17
-2.4e-05	-5.6e-05	-1.18513e-17
-2e-05	-5.6e-05	2.0335e-17
-1.6e-05	-5.6e-05	-1.62365e-17
-1.2e-05	-5.6e-05	4.64933e-18
-8e-06	-5.6e-05	-9.04441e-18
-4e-06	-5.6e-05	2.95844e-18
0	-5.6e-05	-1.3466e-17
4e-06	-5.6e-05	6.34098e-18
8e-06	-5.6e-05	-4.28059e-18
1.2e-05	-5.6e-05	3.78815e-18
1.6e-05	-5.6e-05	-3.23666e-18
2e-05	-5.6e-05	1.5756e-18
2.4e-05	-5.6e-05	-1.5629e-18
2.8e-05	-5.6e-05	3.06299e-19
3.2e-05	-5.6e-05	6.86874e-20
3.6e-05	-5.6e-05	-1.59554e-18
4e-05	-5.6e-05	9.19904e-18
4.4e-05	-5.6e-05	-6.39378e-16
4.8e-05	-5.6e-05	6.032e-14
5.2e-05	-5.6e-05	-5.29808e-12
5.6e-05	-5.6e-05	4.18721e-10
6e-05	-5.6e-05	-2.75345e-08
6.4e-05	-5.6e-05	1.19832e-06
6.8e-05	-5.6e-05	1.4615e-06
7.2e-05	-5.6e-05	1.60842e-06
7.6e-05	-5.6e-05	1.80528e-06

-7.6e-05	-6e-05	-1.685e-08
-7.2e-05	-6e-05	-1.82159e-08
-6.8e-05	-6e-05	-2.18921e-08
-6.4e-05	-6e-05	6.75779e-10
-6e-05	-6e-05	-1.29565e-11
-5.6e-05	-6e-05	1.98477e-13
-5.2e-05	-6e-05	-2.75777e-15
-4.8e-05	-6e-05	6.81087e-17
-4.4e-05	-6e-05	2.53774e-17
-4e-05	-6e-05	1.38071e-17
-3.6e-05	-6e-05	-2.31531e-17
-3.2e-05	-6e-05	3.34364e-17
-2.8e-05	-6e-05	-3.76231e-17
-2.4e-05	-6e-05	2.28585e-17
-2e-05	-6e-05	-2.1762e-17
-1.6e-05	-6e-05	1.43514e-17
-1.2e-05	-6e-05	-3.49426e-18
-8e-06	-6e-05	7.15639e-18
-4e-06	-6e-05	-1.35675e-17
0	-6e-05	8.14565e-18
4e-06	-6e-05	-1.51763e-17
8e-06	-6e-05	-3.18037e-18
1.2e-05	-6e-05	-1.74295e-18
1.6e-05	-6e-05	2.61923e-18
2e-05	-6e-05	-1.61249e-18
2.4e-05	-6e-05	1.77219e-18
2.8e-05	-6e-05	-1.77875e-19
3.2e-05	-6e-05	-1.41597e-18
3.6e-05	-6e-05	-7.87268e-19
4e-05	-6e-05	-4.0907e-18
4.4e-05	-6e-05	1.43464e-17
4.8e-05	-6e-05	-1.14264e-15
5.2e-05	-6e-05	8.50722e-14
5.6e-05	-6e-05	-5.54929e-12
6e-05	-6e-05	2.88929e-10
6.4e-05	-6e-05	-9.3094e-09
6.8e-05	-6e-05	-1.12888e-08
7.2e-05	-6e-05	-1.24123e-08
7.6e-05	-6e-05	-1.40619e-08

-7.6e-05	-6.4e-05	1.26343e-10
-7.2e-05	-6.4e-05	1.40496e-10
-6.8e-05	-6.4e-05	1.70599e-10
-6.4e-05	-6.4e-05	-6.63751e-12
-6e-05	-6.4e-05	1.53636e-13
-5.6e-05	-6.4e-05	-2.75305e-15
-5.2e-05	-6.4e-05	-1.73748e-17
-4.8e-05	-6.4e-05	4.48462e-17
-4.4e-05	-6.4e-05	9.05505e-18
-4e-05	-6.4e-05	-1.66698e-17
-3.6e-05	-6.4e-05	3.9722e-17
-3.2e-05	-6.4e-05	-2.94266e-17
-2.8e-05	-6.4e-05	2.40761e-17
-2.4e-05	-6.4e-05	-1.76898e-17
-2e-05	-6.4e-05	1.81045e-17
-1.6e-05	-6.4e-05	-1.34412e-17
-1.2e-05	-6.4e-05	1.84576e-17
-8e-06	-6.4e-05	-1.42896e-17
-4e-06	-6.4e-05	1.44842e-17
0	-6.4e-05	-1.1325e-17
4e-06	-6.4e-05	3.67372e-18
8e-06	-6.4e-05	-9.53266e-18
1.2e-05	-6.4e-05	2.52805e-18
1.6e-05	-6.4e-05	-5.06265e-18
2e-05	-6.4e-05	3.32531e-18
2.4e-05	-6.4e-05	-5.35793e-19
2.8e-05	-6.4e-05	2.34976e-20
3.2e-05	-6.4e-05	1.52512e-18
3.6e-05	-6.4e-05	-2.41603e-18
4e-05	-6.4e-05	1.88427e-18
4.4e-05	-6.4e-05	-1.2306e-18
4.8e-05	-6.4e-05	1.60853e-17
5.2e-05	-6.4e-05	-1.19291e-15
5.6e-05	-6.4e-05	6.57391e-14
6e-05	-6.4e-05	-2.83307e-12
6.4e-05	-6.4e-05	7.23304e-11
6.8e-05	-6.4e-05	8.71938e-11
7.2e-05	-6.4e-05	9.57783e-11
7.6e-05	-6.4e-05	1.09547e-10

-7.6e-05	-6.8e-05	-9.38822e-13
-7.2e-05	-6.8e-05	-1.0838e-12
-6.8e-05	-6.8e-05	-1.32963e-12
-6.4e-05	-6.8e-05	6.25004e-14
-6e-05	-6.8e-05	-1.74492e-15
-5.6e-05	-6.8e-05	8.10787e-17
-5.2e-05	-6.8e-05	-5.23974e-17
-4.8e-05	-6.8e-05	6.47819e-17
-4.4e-05	-6.8e-05	-4.82848e-17
-4e-05	-6.8e-05	3.85779e-17
-3.6e-05	-6.8e-05	-1.62479e-17
-3.2e-05	-6.8e-05	2.29647e-17
-2.8e-05	-6.8e-05	3.65059e-19
-2.4e-05	-6.8e-05	5.1905e-18
-2e-05	-6.8e-05	-9.63286e-18
-1.6e-05	-6.8e-05	7.67323e-18
-1.2e-05	-6.8e-05	-1.6333e-17
-8e-06	-6.8e-05	1.91707e-17
-4e-06	-6.8e-05	-1.55052e-17
0	-6.8e-05	1.20634e-17
4e-06	-6.8e-05	-7.30982e-18
8e-06	-6.8e-05	4.83343e-18
1.2e-05	-6.8e-05	-1.68662e-18
1.6e-05	-6.8e-05	1.15603e-18
2e-05	-6.8e-05	-2.10275e-18
2.4e-05	-6.8e-05	5.87342e-19
2.8e-05	-6.8e-05	-9.99539e-20
3.2e-05	-6.8e-05	-1.30741e-18
3.6e-05	-6.8e-05	2.36287e-18
4e-05	-6.8e-05	4.66497e-19
4.4e-05	-6.8e-05	1.70166e-19
4.8e-05	-6.8e-05	-4.39479e-18
5.2e-05	-6.8e-05	2.02421e-17
5.6e-05	-6.8e-05	-7.35546e-16
6e-05	-6.8e-05	2.66387e-14
6.4e-05	-6.8e-05	-5.62058e-13
6.8e-05	-6.8e-05	-6.73445e-13
7.2e-05	-6.8e-05	-7.38991e-13
7.6e-05	-6.8e-05	-8.53522e-13

-7.6e-05	-7.2e-05	6.89738e-15
-7.2e-05	-7.2e-05	8.37405e-15
-6.8e-05	-7.2e-05	1.03569e-14
-6.4e-05	-7.2e-05	-5.93884e-16
-6e-05	-7.2e-05	6.10919e-17
-5.6e-05	-7.2e-05	-4.40154e-17
-5.2e-05	-7.2e-05	4.89857e-17
-4.8e-05	-7.2e-05	-4.9531e-17
-4.4e-05	-7.2e-05	4.57326e-17
-4e-05	-7.2e-05	-2.59008e-17
-3.6e-05	-7.2e-05	-2.85477e-18
-3.2e-05	-7.2e-05	7.10956e-18
-2.8e-05	-7.2e-05	-2.5933e-17
-2.4e-05	-7.2e-05	1.53618e-17
-2e-05	-7.2e-05	3.50274e-18
-1.6e-05	-7.2e-05	-1.1116e-17
-1.2e-05	-7.2e-05	1.11243e-17
-8e-06	-7.2e-05	-1.24197e-17
-4e-06	-7.2e-05	7.55836e-18
0	-7.2e-05	-8.80935e-18
4e-06	-7.2e-05	3.42893e-18
8e-06	-7.2e-05	-7.15854e-18
1.2e-05	-7.2e-05	3.22009e-18
1.6e-05	-7.2e-05	-3.40173e-18
2e-05	-7.2e-05	2.08218e-18
2.4e-05	-7.2e-05	-7.62801e-19
2.8e-05	-7.2e-05	-4.04151e-20
3.2e-05	-7.2e-05	-9.26843e-20
3.6e-05	-7.2e-05	-1.181e-18
4e-05	-7.2e-05	3.31751e-18
4.4e-05	-7.2e-05	-8.80437e-19
4.8e-05	-7.2e-05	1.37121e-18
5.2e-05	-7.2e-05	2.35561e-20
5.6e-05	-7.2e-05	1.53722e-17
6e-05	-7.2e-05	-2.54228e-16
6.4e-05	-7.2e-05	4.37839e-15
6.8e-05	-7.2e-05	5.1908e-15
7.2e-05	-7.2e-05	5.69953e-15
7.6e-05	-7.2e-05	6.66273e-15

-7.6e-05	-7.6e-05	-4.42297e-17
-7.2e-05	-7.6e-05	-4.69494e-17
-6.8e-05	-7.6e-05	-9.12491e-17
-6.4e-05	-7.6e-05	2.64732e-17
-6e-05	-7.6e-05	-2.62043e-17
-5.6e-05	-7.6e-05	3.75876e-17
-5.2e-05	-7.6e-05	-2.6048e-17
-4.8e-05	-7.6e-05	2.62344e-17
-4.4e-05	-7.6e-05	-2.83944e-17
-4e-05	-7.6e-05	1.95374e-17
-3.6e-05	-7.6e-05	-1.1932e-17
-3.2e-05	-7.6e-05	2.00355e-17
-2.8e-05	-7.6e-05	-8.95531e-18
-2.4e-05	-7.6e-05	-7.61269e-18
-2e-05	-7.6e-05	8.4558e-18
-1.6e-05	-7.6e-05	-4.25023e-18
-1.2e-05	-7.6e-05	-5.52411e-18
-8e-06	-7.6e-05	7.9968e-18
-4e-06	-7.6e-05	-6.23573e-18
0	-7.6e-05	5.53351e-18
4e-06	-7.6e-05	-9.71441e-19
8e-06	-7.6e-05	1.64127e-18
1.2e-05	-7.6e-05	-6.38605e-19
1.6e-05	-7.6e-05	1.44363e-18
2e-05	-7.6e-05	-6.11613e-19
2.4e-05	-7.6e-05	5.02767e-19
2.8e-05	-7.6e-05	-2.60953e-20
3.2e-05	-7.6e-05	-5.03151e-19
3.6e-05	-7.6e-05	6.19165e-19
4e-05	-7.6e-05	-9.71026e-19
4.4e-05	-7.6e-05	3.29863e-19
4.8e-05	-7.6e-05	-2.21856e-18
5.2e-05	-7.6e-05	2.17936e-18
5.6e-05	-7.6e-05	-5.67e-19
6e-05	-7.6e-05	7.14987e-18
6.4e-05	-7.6e-05	-4.03185e-17
6.8e-05	-7.6e-05	-3.07624e-17
7.2e-05	-7.6e-05	-4.86804e-17
7.6e-05	-7.6e-05	2.44465e-18
