-8e-05	-8e-05	-4.33182e-17
-8e-05	-7.6e-05	-2.77742e-16
-8e-05	-7.2e-05	-2.30426e-16
-8e-05	-6.8e-05	-4.55951e-17
-8e-05	-6.4e-05	-3.74318e-17
-8e-05	-6e-05	-2.65431e-16
-8e-05	-5.6e-05	2.16395e-17
-8e-05	-5.2e-05	-6.94606e-17
-8e-05	-4.8e-05	2.70024e-17
-8e-05	-4.4e-05	8.04377e-18
-8e-05	-4e-05	1.997e-18
-8e-05	-3.6e-05	-3.4869e-17
-8e-05	-3.2e-05	-5.28232e-18
-8e-05	-2.8e-05	1.72597e-17
-8e-05	-2.4e-05	-1.9978e-17
-8e-05	-2e-05	6.63547e-17
-8e-05	-1.6e-05	-1.27585e-17
-8e-05	-1.2e-05	1.93181e-17
-8e-05	-8e-06	-6.90592e-17
-8e-05	-4e-06	3.24168e-17
-8e-05	0	-1.82684e-17
-8e-05	4e-06	5.63164e-17
-8e-05	8e-06	-2.38538e-17
-8e-05	1.2e-05	5.47795e-18
-8e-05	1.6e-05	1.37091e-17
-8e-05	2e-05	-1.11317e-16
-8e-05	2.4e-05	8.03589e-17
-8e-05	2.8e-05	-1.53091e-16
-8e-05	3.2e-05	7.00731e-18
-8e-05	3.6e-05	7.50849e-18
-8e-05	4e-05	-3.46268e-17
-8e-05	4.4e-05	-2.10065e-16
-8e-05	4.8e-05	-3.27013e-17
-8e-05	5.2e-05	5.31661e-17
-8e-05	5.6e-05	-1.72403e-16
-8e-05	6e-05	-2.96347e-17
-8e-05	6.4e-05	-9.88272e-17
-8e-05	6.8e-05	-6.36873e-17
-8e-05	7.2e-05	-8.1535e-17
-8e-05	7.6e-05	2.64972e-16
-7.6e-05	-8e-05	-1.06081e-16
-7.6e-05	-7.6e-05	-1.11157e-16
-7.6e-05	-7.2e-05	-2.0208e-17
-7.6e-05	-6.8e-05	2.15346e-16
-7.6e-05	-6.4e-05	-3.89369e-17
-7.6e-05	-6e-05	-6.30959e-17
-7.6e-05	-5.6e-05	2.9398e-16
-7.6e-05	-5.2e-05	4.16362e-17
-7.6e-05	-4.8e-05	-1.70524e-17
-7.6e-05	-4.4e-05	-1.81012e-17
-7.6e-05	-4e-05	4.51185e-17
-7.6e-05	-3.6e-05	-5.40016e-17
-7.6e-05	-3.2e-05	2.27945e-17
-7.6e-05	-2.8e-05	7.06943e-17
-7.6e-05	-2.4e-05	5.7158e-17
-7.6e-05	-2e-05	-1.264e-16
-7.6e-05	-1.6e-05	-3.23079e-17
-7.6e-05	-1.2e-05	6.65089e-17
-7.6e-05	-8e-06	5.55698e-17
-7.6e-05	-4e-06	-1.47105e-17
-7.6e-05	0	-6.07706e-17
-7.6e-05	4e-06	-8.2321e-17
-7.6e-05	8e-06	-1.84671e-16
-7.6e-05	1.2e-05	1.42239e-16
-7.6e-05	1.6e-05	5.92895e-17
-7.6e-05	2e-05	2.02423e-16
-7.6e-05	2.4e-05	8.74887e-17
-7.6e-05	2.8e-05	-5.62323e-17
-7.6e-05	3.2e-05	-1.25672e-16
-7.6e-05	3.6e-05	-8.91137e-16
-7.6e-05	4e-05	-1.42485e-16
-7.6e-05	4.4e-05	-9.79142e-17
-7.6e-05	4.8e-05	-6.24826e-17
-7.6e-05	5.2e-05	1.75309e-16
-7.6e-05	5.6e-05	-2.04011e-16
-7.6e-05	6e-05	-1.47408e-17
-7.6e-05	6.4e-05	1.52901e-16
-7.6e-05	6.8e-05	-1.93094e-16
-7.6e-05	7.2e-05	-2.65135e-16
-7.6e-05	7.6e-05	3.23069e-17
-7.2e-05	-8e-05	1.39768e-17
-7.2e-05	-7.6e-05	2.68299e-18
-7.2e-05	-7.2e-05	1.28732e-16
-7.2e-05	-6.8e-05	-2.44935e-16
-7.2e-05	-6.4e-05	-1.19026e-16
-7.2e-05	-6e-05	-1.76346e-16
-7.2e-05	-5.6e-05	-7.10254e-17
-7.2e-05	-5.2e-05	-7.81694e-17
-7.2e-05	-4.8e-05	2.74474e-17
-7.2e-05	-4.4e-05	2.17652e-17
-7.2e-05	-4e-05	-7.0055e-17
-7.2e-05	-3.6e-05	1.09359e-16
-7.2e-05	-3.2e-05	-1.37743e-16
-7.2e-05	-2.8e-05	1.59328e-16
-7.2e-05	-2.4e-05	-3.98294e-18
-7.2e-05	-2e-05	2.77662e-16
-7.2e-05	-1.6e-05	6.33148e-17
-7.2e-05	-1.2e-05	1.85677e-17
-7.2e-05	-8e-06	3.23323e-17
-7.2e-05	-4e-06	-5.71884e-17
-7.2e-05	0	-1.11393e-16
-7.2e-05	4e-06	-1.34317e-16
-7.2e-05	8e-06	6.68547e-17
-7.2e-05	1.2e-05	-4.44748e-17
-7.2e-05	1.6e-05	1.06317e-17
-7.2e-05	2e-05	2.21665e-16
-7.2e-05	2.4e-05	4.06801e-17
-7.2e-05	2.8e-05	2.78716e-17
-7.2e-05	3.2e-05	8.8195e-17
-7.2e-05	3.6e-05	7.45212e-17
-7.2e-05	4e-05	5.78431e-17
-7.2e-05	4.4e-05	-4.50512e-17
-7.2e-05	4.8e-05	7.29486e-17
-7.2e-05	5.2e-05	-3.01709e-17
-7.2e-05	5.6e-05	-3.42971e-18
-7.2e-05	6e-05	8.73626e-17
-7.2e-05	6.4e-05	2.67646e-17
-7.2e-05	6.8e-05	-4.19338e-17
-7.2e-05	7.2e-05	-1.59616e-16
-7.2e-05	7.6e-05	-1.28245e-16
-6.8e-05	-8e-05	-1.98007e-16
-6.8e-05	-7.6e-05	4.57099e-17
-6.8e-05	-7.2e-05	-2.60226e-16
-6.8e-05	-6.8e-05	-1.13201e-16
-6.8e-05	-6.4e-05	-8.29079e-17
-6.8e-05	-6e-05	-7.41977e-17
-6.8e-05	-5.6e-05	-1.24752e-16
-6.8e-05	-5.2e-05	2.94355e-18
-6.8e-05	-4.8e-05	-7.21513e-17
-6.8e-05	-4.4e-05	-7.09676e-17
-6.8e-05	-4e-05	-3.53893e-16
-6.8e-05	-3.6e-05	-6.20403e-17
-6.8e-05	-3.2e-05	-1.1417e-16
-6.8e-05	-2.8e-05	7.00092e-17
-6.8e-05	-2.4e-05	1.08522e-16
-6.8e-05	-2e-05	-9.93506e-17
-6.8e-05	-1.6e-05	1.66709e-16
-6.8e-05	-1.2e-05	1.01961e-16
-6.8e-05	-8e-06	9.75879e-17
-6.8e-05	-4e-06	-5.04121e-17
-6.8e-05	0	6.79379e-17
-6.8e-05	4e-06	-1.04907e-16
-6.8e-05	8e-06	-3.112e-17
-6.8e-05	1.2e-05	-7.08478e-17
-6.8e-05	1.6e-05	-1.39226e-16
-6.8e-05	2e-05	-5.22983e-17
-6.8e-05	2.4e-05	-1.33432e-16
-6.8e-05	2.8e-05	-1.89091e-16
-6.8e-05	3.2e-05	-1.08659e-16
-6.8e-05	3.6e-05	9.68246e-17
-6.8e-05	4e-05	1.27736e-16
-6.8e-05	4.4e-05	-1.2092e-16
-6.8e-05	4.8e-05	-3.45634e-17
-6.8e-05	5.2e-05	-2.51589e-17
-6.8e-05	5.6e-05	-5.91023e-17
-6.8e-05	6e-05	-3.304e-17
-6.8e-05	6.4e-05	-2.23394e-16
-6.8e-05	6.8e-05	-3.77719e-17
-6.8e-05	7.2e-05	-1.63914e-16
-6.8e-05	7.6e-05	4.13901e-16
-6.4e-05	-8e-05	-1.37773e-16
-6.4e-05	-7.6e-05	-1.68037e-16
-6.4e-05	-7.2e-05	-2.16226e-17
-6.4e-05	-6.8e-05	-1.98708e-16
-6.4e-05	-6.4e-05	2.52532e-17
-6.4e-05	-6e-05	-1.29758e-16
-6.4e-05	-5.6e-05	2.12196e-18
-6.4e-05	-5.2e-05	-1.19326e-16
-6.4e-05	-4.8e-05	-5.77784e-17
-6.4e-05	-4.4e-05	4.14339e-17
-6.4e-05	-4e-05	-2.16548e-16
-6.4e-05	-3.6e-05	-5.93155e-17
-6.4e-05	-3.2e-05	1.5353e-17
-6.4e-05	-2.8e-05	8.66119e-17
-6.4e-05	-2.4e-05	-1.39276e-16
-6.4e-05	-2e-05	4.87145e-17
-6.4e-05	-1.6e-05	-2.89251e-17
-6.4e-05	-1.2e-05	7.35853e-18
-6.4e-05	-8e-06	-4.87785e-17
-6.4e-05	-4e-06	4.62101e-17
-6.4e-05	0	-8.29801e-17
-6.4e-05	4e-06	8.05204e-17
-6.4e-05	8e-06	-3.45051e-17
-6.4e-05	1.2e-05	2.69423e-17
-6.4e-05	1.6e-05	1.21332e-16
-6.4e-05	2e-05	4.51761e-17
-6.4e-05	2.4e-05	-8.81845e-17
-6.4e-05	2.8e-05	-1.24142e-17
-6.4e-05	3.2e-05	-1.83937e-17
-6.4e-05	3.6e-05	4.2598e-17
-6.4e-05	4e-05	-1.52951e-17
-6.4e-05	4.4e-05	1.32963e-16
-6.4e-05	4.8e-05	6.88159e-17
-6.4e-05	5.2e-05	1.25296e-16
-6.4e-05	5.6e-05	1.02007e-17
-6.4e-05	6e-05	3.53218e-17
-6.4e-05	6.4e-05	-1.72654e-16
-6.4e-05	6.8e-05	-2.89876e-17
-6.4e-05	7.2e-05	-2.93733e-17
-6.4e-05	7.6e-05	1.10003e-17
-6e-05	-8e-05	-9.39834e-17
-6e-05	-7.6e-05	5.72939e-18
-6e-05	-7.2e-05	-8.40247e-17
-6e-05	-6.8e-05	-8.26839e-17
-6e-05	-6.4e-05	-5.25322e-17
-6e-05	-6e-05	7.08086e-17
-6e-05	-5.6e-05	-4.13637e-17
-6e-05	-5.2e-05	1.36373e-16
-6e-05	-4.8e-05	3.41325e-17
-6e-05	-4.4e-05	-1.26481e-17
-6e-05	-4e-05	9.0342e-18
-6e-05	-3.6e-05	6.00035e-17
-6e-05	-3.2e-05	-1.7549e-17
-6e-05	-2.8e-05	4.32535e-17
-6e-05	-2.4e-05	3.80356e-17
-6e-05	-2e-05	-3.7929e-17
-6e-05	-1.6e-05	5.10081e-19
-6e-05	-1.2e-05	-1.43765e-17
-6e-05	-8e-06	6.52525e-17
-6e-05	-4e-06	1.79719e-17
-6e-05	0	2.14924e-17
-6e-05	4e-06	2.66142e-17
-6e-05	8e-06	5.99101e-17
-6e-05	1.2e-05	6.81858e-17
-6e-05	1.6e-05	7.41011e-17
-6e-05	2e-05	1.51935e-17
-6e-05	2.4e-05	-9.94541e-18
-6e-05	2.8e-05	1.20227e-17
-6e-05	3.2e-05	-1.64793e-17
-6e-05	3.6e-05	4.03027e-17
-6e-05	4e-05	-9.75778e-18
-6e-05	4.4e-05	-1.62967e-17
-6e-05	4.8e-05	-4.32844e-17
-6e-05	5.2e-05	4.0803e-17
-6e-05	5.6e-05	7.45563e-17
-6e-05	6e-05	-3.0931e-17
-6e-05	6.4e-05	8.64247e-17
-6e-05	6.8e-05	-2.48249e-17
-6e-05	7.2e-05	3.62874e-17
-6e-05	7.6e-05	-1.18454e-16
-5.6e-05	-8e-05	-3.34178e-17
-5.6e-05	-7.6e-05	-4.95336e-17
-5.6e-05	-7.2e-05	6.73795e-17
-5.6e-05	-6.8e-05	-7.15744e-17
-5.6e-05	-6.4e-05	8.31363e-17
-5.6e-05	-6e-05	-1.23759e-16
-5.6e-05	-5.6e-05	1.39093e-16
-5.6e-05	-5.2e-05	-9.57887e-17
-5.6e-05	-4.8e-05	-1.42189e-16
-5.6e-05	-4.4e-05	6.69438e-17
-5.6e-05	-4e-05	1.09554e-16
-5.6e-05	-3.6e-05	-2.37429e-17
-5.6e-05	-3.2e-05	8.85357e-17
-5.6e-05	-2.8e-05	1.97291e-17
-5.6e-05	-2.4e-05	-1.17891e-17
-5.6e-05	-2e-05	6.48229e-17
-5.6e-05	-1.6e-05	4.39141e-17
-5.6e-05	-1.2e-05	5.22148e-17
-5.6e-05	-8e-06	-3.20485e-18
-5.6e-05	-4e-06	8.80749e-17
-5.6e-05	0	-1.13363e-17
-5.6e-05	4e-06	7.91749e-17
-5.6e-05	8e-06	1.75855e-17
-5.6e-05	1.2e-05	6.36725e-17
-5.6e-05	1.6e-05	5.4775e-17
-5.6e-05	2e-05	6.05261e-17
-5.6e-05	2.4e-05	3.60403e-17
-5.6e-05	2.8e-05	-1.2298e-17
-5.6e-05	3.2e-05	8.95602e-18
-5.6e-05	3.6e-05	7.20254e-18
-5.6e-05	4e-05	4.25674e-17
-5.6e-05	4.4e-05	3.48092e-17
-5.6e-05	4.8e-05	7.87108e-17
-5.6e-05	5.2e-05	-4.14417e-17
-5.6e-05	5.6e-05	2.70263e-17
-5.6e-05	6e-05	-5.5658e-17
-5.6e-05	6.4e-05	6.55446e-18
-5.6e-05	6.8e-05	1.01562e-16
-5.6e-05	7.2e-05	-7.76864e-17
-5.6e-05	7.6e-05	1.03543e-16
-5.2e-05	-8e-05	-9.99323e-17
-5.2e-05	-7.6e-05	1.14519e-16
-5.2e-05	-7.2e-05	-1.78063e-16
-5.2e-05	-6.8e-05	9.89772e-17
-5.2e-05	-6.4e-05	-1.56656e-16
-5.2e-05	-6e-05	-1.36464e-17
-5.2e-05	-5.6e-05	-4.52696e-17
-5.2e-05	-5.2e-05	-1.858e-16
-5.2e-05	-4.8e-05	1.52646e-16
-5.2e-05	-4.4e-05	1.21604e-16
-5.2e-05	-4e-05	-7.5131e-17
-5.2e-05	-3.6e-05	-2.09268e-17
-5.2e-05	-3.2e-05	1.34481e-17
-5.2e-05	-2.8e-05	1.51531e-17
-5.2e-05	-2.4e-05	8.83794e-17
-5.2e-05	-2e-05	2.41354e-17
-5.2e-05	-1.6e-05	-2.04461e-17
-5.2e-05	-1.2e-05	2.61677e-17
-5.2e-05	-8e-06	1.18203e-16
-5.2e-05	-4e-06	1.76587e-17
-5.2e-05	0	1.94471e-17
-5.2e-05	4e-06	-1.38601e-17
-5.2e-05	8e-06	5.5473e-17
-5.2e-05	1.2e-05	7.05548e-17
-5.2e-05	1.6e-05	7.6145e-17
-5.2e-05	2e-05	2.56436e-17
-5.2e-05	2.4e-05	2.63526e-17
-5.2e-05	2.8e-05	9.12712e-17
-5.2e-05	3.2e-05	4.26927e-17
-5.2e-05	3.6e-05	1.01164e-17
-5.2e-05	4e-05	3.11062e-18
-5.2e-05	4.4e-05	-7.49533e-18
-5.2e-05	4.8e-05	5.00744e-17
-5.2e-05	5.2e-05	5.95745e-17
-5.2e-05	5.6e-05	-1.25692e-16
-5.2e-05	6e-05	1.54892e-16
-5.2e-05	6.4e-05	-5.74129e-17
-5.2e-05	6.8e-05	1.42598e-17
-5.2e-05	7.2e-05	-2.72208e-17
-5.2e-05	7.6e-05	-2.6845e-17
-4.8e-05	-8e-05	1.58914e-17
-4.8e-05	-7.6e-05	-1.42523e-16
-4.8e-05	-7.2e-05	-3.36398e-17
-4.8e-05	-6.8e-05	-4.86795e-17
-4.8e-05	-6.4e-05	-5.01641e-17
-4.8e-05	-6e-05	4.26545e-17
-4.8e-05	-5.6e-05	-8.27188e-17
-4.8e-05	-5.2e-05	1.07924e-16
-4.8e-05	-4.8e-05	1.51946e-16
-4.8e-05	-4.4e-05	-8.75915e-17
-4.8e-05	-4e-05	-4.59588e-17
-4.8e-05	-3.6e-05	8.32326e-17
-4.8e-05	-3.2e-05	5.76078e-18
-4.8e-05	-2.8e-05	1.59612e-16
-4.8e-05	-2.4e-05	-4.53004e-17
-4.8e-05	-2e-05	9.49621e-17
-4.8e-05	-1.6e-05	4.64311e-17
-4.8e-05	-1.2e-05	5.71798e-17
-4.8e-05	-8e-06	3.25224e-17
-4.8e-05	-4e-06	-8.47264e-18
-4.8e-05	0	4.79838e-17
-4.8e-05	4e-06	2.02817e-17
-4.8e-05	8e-06	4.1717e-17
-4.8e-05	1.2e-05	4.36832e-17
-4.8e-05	1.6e-05	-2.34001e-17
-4.8e-05	2e-05	8.14167e-17
-4.8e-05	2.4e-05	1.66138e-17
-4.8e-05	2.8e-05	7.10909e-17
-4.8e-05	3.2e-05	9.46924e-17
-4.8e-05	3.6e-05	4.95498e-17
-4.8e-05	4e-05	6.32641e-17
-4.8e-05	4.4e-05	-4.93144e-17
-4.8e-05	4.8e-05	1.2929e-17
-4.8e-05	5.2e-05	7.33035e-17
-4.8e-05	5.6e-05	4.59967e-17
-4.8e-05	6e-05	-2.71121e-17
-4.8e-05	6.4e-05	1.15971e-16
-4.8e-05	6.8e-05	-8.09299e-17
-4.8e-05	7.2e-05	1.09359e-16
-4.8e-05	7.6e-05	-4.96573e-17
-4.4e-05	-8e-05	3.44589e-17
-4.4e-05	-7.6e-05	-7.21614e-17
-4.4e-05	-7.2e-05	7.53146e-17
-4.4e-05	-6.8e-05	1.1015e-17
-4.4e-05	-6.4e-05	8.44537e-18
-4.4e-05	-6e-05	3.52126e-17
-4.4e-05	-5.6e-05	-7.15984e-18
-4.4e-05	-5.2e-05	1.12615e-16
-4.4e-05	-4.8e-05	-1.42428e-16
-4.4e-05	-4.4e-05	-1.17078e-17
-4.4e-05	-4e-05	5.99277e-17
-4.4e-05	-3.6e-05	-1.14649e-17
-4.4e-05	-3.2e-05	1.00464e-16
-4.4e-05	-2.8e-05	-5.6079e-17
-4.4e-05	-2.4e-05	1.44476e-16
-4.4e-05	-2e-05	8.1169e-17
-4.4e-05	-1.6e-05	2.20443e-17
-4.4e-05	-1.2e-05	-2.75322e-17
-4.4e-05	-8e-06	7.14485e-17
-4.4e-05	-4e-06	2.19319e-18
-4.4e-05	0	1.54094e-17
-4.4e-05	4e-06	-1.9488e-17
-4.4e-05	8e-06	-1.64224e-17
-4.4e-05	1.2e-05	3.55458e-17
-4.4e-05	1.6e-05	-2.46235e-17
-4.4e-05	2e-05	3.49026e-18
-4.4e-05	2.4e-05	2.49006e-17
-4.4e-05	2.8e-05	9.51359e-17
-4.4e-05	3.2e-05	1.35363e-17
-4.4e-05	3.6e-05	8.4746e-17
-4.4e-05	4e-05	3.65229e-17
-4.4e-05	4.4e-05	1.11769e-16
-4.4e-05	4.8e-05	-1.74776e-17
-4.4e-05	5.2e-05	-1.2364e-17
-4.4e-05	5.6e-05	5.19762e-17
-4.4e-05	6e-05	1.78248e-17
-4.4e-05	6.4e-05	2.03265e-17
-4.4e-05	6.8e-05	1.1361e-17
-4.4e-05	7.2e-05	-4.55654e-17
-4.4e-05	7.6e-05	3.62521e-17
-4e-05	-8e-05	3.99238e-17
-4e-05	-7.6e-05	7.79552e-17
-4e-05	-7.2e-05	2.95324e-17
-4e-05	-6.8e-05	-4.30186e-17
-4e-05	-6.4e-05	1.18463e-16
-4e-05	-6e-05	-1.96009e-17
-4e-05	-5.6e-05	3.43077e-17
-4e-05	-5.2e-05	-1.08456e-16
-4e-05	-4.8e-05	-1.06406e-17
-4e-05	-4.4e-05	2.32171e-18
-4e-05	-4e-05	2.81063e-17
-4e-05	-3.6e-05	-1.00789e-17
-4e-05	-3.2e-05	-3.82798e-17
-4e-05	-2.8e-05	7.92442e-18
-4e-05	-2.4e-05	1.30647e-16
-4e-05	-2e-05	-6.15304e-17
-4e-05	-1.6e-05	1.38737e-18
-4e-05	-1.2e-05	2.53444e-17
-4e-05	-8e-06	-2.54478e-17
-4e-05	-4e-06	-5.53376e-17
-4e-05	0	2.45754e-17
-4e-05	4e-06	4.71139e-17
-4e-05	8e-06	3.89069e-17
-4e-05	1.2e-05	-5.67305e-17
-4e-05	1.6e-05	5.00815e-17
-4e-05	2e-05	-4.54086e-17
-4e-05	2.4e-05	5.68347e-17
-4e-05	2.8e-05	6.40774e-17
-4e-05	3.2e-05	1.06697e-16
-4e-05	3.6e-05	-1.32831e-17
-4e-05	4e-05	1.96453e-17
-4e-05	4.4e-05	8.08305e-17
-4e-05	4.8e-05	-6.76799e-18
-4e-05	5.2e-05	-8.06123e-18
-4e-05	5.6e-05	-1.70931e-17
-4e-05	6e-05	1.71207e-17
-4e-05	6.4e-05	-5.5157e-17
-4e-05	6.8e-05	-3.89144e-17
-4e-05	7.2e-05	-7.70475e-17
-4e-05	7.6e-05	1.88203e-17
-3.6e-05	-8e-05	-1.98351e-17
-3.6e-05	-7.6e-05	1.15881e-17
-3.6e-05	-7.2e-05	-1.22343e-16
-3.6e-05	-6.8e-05	7.83984e-17
-3.6e-05	-6.4e-05	-4.67704e-17
-3.6e-05	-6e-05	4.6581e-17
-3.6e-05	-5.6e-05	-1.40719e-17
-3.6e-05	-5.2e-05	-6.55125e-18
-3.6e-05	-4.8e-05	7.4746e-18
-3.6e-05	-4.4e-05	4.63942e-17
-3.6e-05	-4e-05	5.81523e-19
-3.6e-05	-3.6e-05	-4.54865e-17
-3.6e-05	-3.2e-05	1.17336e-17
-3.6e-05	-2.8e-05	8.3641e-18
-3.6e-05	-2.4e-05	-7.9264e-17
-3.6e-05	-2e-05	-1.02827e-17
-3.6e-05	-1.6e-05	-1.04017e-15
-3.6e-05	-1.2e-05	-2.65804e-15
-3.6e-05	-8e-06	-4.4193e-15
-3.6e-05	-4e-06	-4.1884e-15
-3.6e-05	0	-1.39088e-15
-3.6e-05	4e-06	1.62364e-15
-3.6e-05	8e-06	1.42337e-15
-3.6e-05	1.2e-05	2.84534e-17
-3.6e-05	1.6e-05	-4.93641e-17
-3.6e-05	2e-05	6.09239e-17
-3.6e-05	2.4e-05	-1.27494e-17
-3.6e-05	2.8e-05	-1.94197e-17
-3.6e-05	3.2e-05	1.86691e-17
-3.6e-05	3.6e-05	6.06777e-17
-3.6e-05	4e-05	7.81599e-18
-3.6e-05	4.4e-05	-1.03435e-18
-3.6e-05	4.8e-05	-2.21668e-18
-3.6e-05	5.2e-05	-7.43308e-19
-3.6e-05	5.6e-05	1.36089e-17
-3.6e-05	6e-05	-9.29086e-18
-3.6e-05	6.4e-05	1.35508e-17
-3.6e-05	6.8e-05	-5.51462e-17
-3.6e-05	7.2e-05	7.63229e-17
-3.6e-05	7.6e-05	-4.2739e-17
-3.2e-05	-8e-05	9.3474e-18
-3.2e-05	-7.6e-05	-8.91805e-17
-3.2e-05	-7.2e-05	1.1316e-16
-3.2e-05	-6.8e-05	-5.8978e-17
-3.2e-05	-6.4e-05	3.46356e-17
-3.2e-05	-6e-05	-4.14352e-17
-3.2e-05	-5.6e-05	5.81205e-17
-3.2e-05	-5.2e-05	-4.72246e-17
-3.2e-05	-4.8e-05	2.00818e-17
-3.2e-05	-4.4e-05	3.17803e-17
-3.2e-05	-4e-05	-1.95421e-17
-3.2e-05	-3.6e-05	6.76136e-17
-3.2e-05	-3.2e-05	-1.52914e-17
-3.2e-05	-2.8e-05	-9.20342e-18
-3.2e-05	-2.4e-05	-9.26183e-17
-3.2e-05	-2e-05	-6.01529e-15
-3.2e-05	-1.6e-05	-1.753e-13
-3.2e-05	-1.2e-05	-4.34703e-13
-3.2e-05	-8e-06	-7.14379e-13
-3.2e-05	-4e-06	-6.98377e-13
-3.2e-05	0	-2.32333e-13
-3.2e-05	4e-06	2.51455e-13
-3.2e-05	8e-06	2.35335e-13
-3.2e-05	1.2e-05	8.39323e-15
-3.2e-05	1.6e-05	1.38458e-16
-3.2e-05	2e-05	-9.0122e-17
-3.2e-05	2.4e-05	5.94977e-17
-3.2e-05	2.8e-05	-5.95369e-18
-3.2e-05	3.2e-05	-2.13672e-17
-3.2e-05	3.6e-05	1.94618e-17
-3.2e-05	4e-05	6.99267e-17
-3.2e-05	4.4e-05	3.7325e-18
-3.2e-05	4.8e-05	5.9516e-17
-3.2e-05	5.2e-05	-4.76933e-18
-3.2e-05	5.6e-05	2.0325e-17
-3.2e-05	6e-05	2.47348e-17
-3.2e-05	6.4e-05	-1.61045e-17
-3.2e-05	6.8e-05	5.52256e-17
-3.2e-05	7.2e-05	1.11947e-18
-3.2e-05	7.6e-05	4.34877e-17
-2.8e-05	-8e-05	-1.75128e-17
-2.8e-05	-7.6e-05	8.75185e-18
-2.8e-05	-7.2e-05	-1.28404e-17
-2.8e-05	-6.8e-05	-1.3676e-17
-2.8e-05	-6.4e-05	3.70539e-17
-2.8e-05	-6e-05	-1.49577e-17
-2.8e-05	-5.6e-05	3.72077e-17
-2.8e-05	-5.2e-05	-4.37503e-17
-2.8e-05	-4.8e-05	9.15366e-17
-2.8e-05	-4.4e-05	-1.01611e-16
-2.8e-05	-4e-05	1.66804e-17
-2.8e-05	-3.6e-05	9.1455e-17
-2.8e-05	-3.2e-05	-4.09879e-17
-2.8e-05	-2.8e-05	-1.43536e-16
-2.8e-05	-2.4e-05	-1.49221e-14
-2.8e-05	-2e-05	-8.37708e-13
-2.8e-05	-1.6e-05	-2.86822e-11
-2.8e-05	-1.2e-05	-7.1377e-11
-2.8e-05	-8e-06	-1.17623e-10
-2.8e-05	-4e-06	-1.15156e-10
-2.8e-05	0	-3.81754e-11
-2.8e-05	4e-06	4.18043e-11
-2.8e-05	8e-06	3.88565e-11
-2.8e-05	1.2e-05	1.15721e-12
-2.8e-05	1.6e-05	2.08374e-14
-2.8e-05	2e-05	2.99906e-16
-2.8e-05	2.4e-05	-1.02757e-16
-2.8e-05	2.8e-05	3.78537e-17
-2.8e-05	3.2e-05	4.77092e-18
-2.8e-05	3.6e-05	7.89256e-18
-2.8e-05	4e-05	9.88567e-17
-2.8e-05	4.4e-05	3.74394e-17
-2.8e-05	4.8e-05	9.06976e-17
-2.8e-05	5.2e-05	6.52407e-17
-2.8e-05	5.6e-05	4.54368e-17
-2.8e-05	6e-05	3.39274e-17
-2.8e-05	6.4e-05	-3.84571e-17
-2.8e-05	6.8e-05	5.26958e-17
-2.8e-05	7.2e-05	-4.2131e-17
-2.8e-05	7.6e-05	7.29469e-17
-2.4e-05	-8e-05	-6.43181e-17
-2.4e-05	-7.6e-05	8.41114e-17
-2.4e-05	-7.2e-05	-1.10397e-17
-2.4e-05	-6.8e-05	2.25602e-16
-2.4e-05	-6.4e-05	-1.2017e-17
-2.4e-05	-6e-05	1.88547e-16
-2.4e-05	-5.6e-05	-2.87209e-17
-2.4e-05	-5.2e-05	1.55652e-16
-2.4e-05	-4.8e-05	-9.30319e-17
-2.4e-05	-4.4e-05	-4.52994e-17
-2.4e-05	-4e-05	3.44479e-17
-2.4e-05	-3.6e-05	-7.0946e-17
-2.4e-05	-3.2e-05	-2.63564e-16
-2.4e-05	-2.8e-05	-1.97602e-14
-2.4e-05	-2.4e-05	-1.65068e-12
-2.4e-05	-2e-05	-1.10547e-10
-2.4e-05	-1.6e-05	-4.69609e-09
-2.4e-05	-1.2e-05	-1.17198e-08
-2.4e-05	-8e-06	-1.93679e-08
-2.4e-05	-4e-06	-1.89884e-08
-2.4e-05	0	-6.27316e-09
-2.4e-05	4e-06	6.94912e-09
-2.4e-05	8e-06	6.41678e-09
-2.4e-05	1.2e-05	1.53511e-10
-2.4e-05	1.6e-05	2.30867e-12
-2.4e-05	2e-05	2.78692e-14
-2.4e-05	2.4e-05	3.04991e-16
-2.4e-05	2.8e-05	-2.48012e-17
-2.4e-05	3.2e-05	4.63831e-17
-2.4e-05	3.6e-05	7.44773e-17
-2.4e-05	4e-05	3.66329e-17
-2.4e-05	4.4e-05	1.22228e-16
-2.4e-05	4.8e-05	1.00387e-17
-2.4e-05	5.2e-05	6.52009e-17
-2.4e-05	5.6e-05	5.13102e-17
-2.4e-05	6e-05	-2.01307e-18
-2.4e-05	6.4e-05	-3.45418e-17
-2.4e-05	6.8e-05	-6.07931e-17
-2.4e-05	7.2e-05	4.10526e-17
-2.4e-05	7.6e-05	5.67148e-17
-2e-05	-8e-05	3.43829e-15
-2e-05	-7.6e-05	8.07273e-15
-2e-05	-7.2e-05	1.22029e-14
-2e-05	-6.8e-05	1.43383e-14
-2e-05	-6.4e-05	1.51552e-14
-2e-05	-6e-05	1.38729e-14
-2e-05	-5.6e-05	1.11293e-14
-2e-05	-5.2e-05	6.79927e-15
-2e-05	-4.8e-05	1.76505e-15
-2e-05	-4.4e-05	-3.4303e-15
-2e-05	-4e-05	-8.26199e-15
-2e-05	-3.6e-05	-1.23071e-14
-2e-05	-3.2e-05	-2.91362e-14
-2e-05	-2.8e-05	-1.65368e-12
-2e-05	-2.4e-05	-1.63828e-10
-2e-05	-2e-05	-1.368e-08
-2e-05	-1.6e-05	-7.68874e-07
-2e-05	-1.2e-05	-1.9243e-06
-2e-05	-8e-06	-3.18912e-06
-2e-05	-4e-06	-3.13111e-06
-2e-05	0	-1.03085e-06
-2e-05	4e-06	1.15512e-06
-2e-05	8e-06	1.05966e-06
-2e-05	1.2e-05	1.91012e-08
-2e-05	1.6e-05	2.30255e-10
-2e-05	2e-05	2.31969e-12
-2e-05	2.4e-05	2.71733e-14
-2e-05	2.8e-05	6.29505e-15
-2e-05	3.2e-05	5.36969e-15
-2e-05	3.6e-05	3.99737e-15
-2e-05	4e-05	2.03159e-15
-2e-05	4.4e-05	-6.05399e-17
-2e-05	4.8e-05	-2.21513e-15
-2e-05	5.2e-05	-4.06449e-15
-2e-05	5.6e-05	-5.46979e-15
-2e-05	6e-05	-6.20212e-15
-2e-05	6.4e-05	-6.14613e-15
-2e-05	6.8e-05	-5.32186e-15
-2e-05	7.2e-05	-3.55949e-15
-2e-05	7.6e-05	1.73246e-14
-1.6e-05	-8e-05	5.52865e-13
-1.6e-05	-7.6e-05	1.34025e-12
-1.6e-05	-7.2e-05	1.97489e-12
-1.6e-05	-6.8e-05	2.37068e-12
-1.6e-05	-6.4e-05	2.47888e-12
-1.6e-05	-6e-05	2.28683e-12
-1.6e-05	-5.6e-05	1.81742e-12
-1.6e-05	-5.2e-05	1.1279e-12
-1.6e-05	-4.8e-05	3.01479e-13
-1.6e-05	-4.4e-05	-5.61135e-13
-1.6e-05	-4e-05	-1.35627e-12
-1.6e-05	-3.6e-05	-1.99229e-12
-1.6e-05	-3.2e-05	-3.19178e-12
-1.6e-05	-2.8e-05	-1.11032e-10
-1.6e-05	-2.4e-05	-1.35535e-08
-1.6e-05	-2e-05	-1.50518e-06
-1.6e-05	-1.6e-05	-0.000125884
-1.6e-05	-1.2e-05	-0.00031595
-1.6e-05	-8e-06	-0.000525122
-1.6e-05	-4e-06	-0.000516314
-1.6e-05	0	-0.000169398
-1.6e-05	4e-06	0.000192005
-1.6e-05	8e-06	0.00017499
-1.6e-05	1.2e-05	2.11556e-06
-1.6e-05	1.6e-05	1.91746e-08
-1.6e-05	2e-05	1.55355e-10
-1.6e-05	2.4e-05	2.18126e-12
-1.6e-05	2.8e-05	1.01667e-12
-1.6e-05	3.2e-05	8.79245e-13
-1.6e-05	3.6e-05	6.43862e-13
-1.6e-05	4e-05	3.30337e-13
-1.6e-05	4.4e-05	-2.32569e-14
-1.6e-05	4.8e-05	-3.73882e-13
-1.6e-05	5.2e-05	-6.79444e-13
-1.6e-05	5.6e-05	-9.02358e-13
-1.6e-05	6e-05	-1.01614e-12
-1.6e-05	6.4e-05	-1.00655e-12
-1.6e-05	6.8e-05	-8.74481e-13
-1.6e-05	7.2e-05	-5.9023e-13
-1.6e-05	7.6e-05	2.32165e-12
-1.2e-05	-8e-05	9.05486e-11
-1.2e-05	-7.6e-05	2.20267e-10
-1.2e-05	-7.2e-05	3.24615e-10
-1.2e-05	-6.8e-05	3.89643e-10
-1.2e-05	-6.4e-05	4.07445e-10
-1.2e-05	-6e-05	3.75864e-10
-1.2e-05	-5.6e-05	2.98727e-10
-1.2e-05	-5.2e-05	1.85384e-10
-1.2e-05	-4.8e-05	4.95713e-11
-1.2e-05	-4.4e-05	-9.22498e-11
-1.2e-05	-4e-05	-2.2289e-10
-1.2e-05	-3.6e-05	-3.26677e-10
-1.2e-05	-3.2e-05	-4.1758e-10
-1.2e-05	-2.8e-05	-4.90092e-09
-1.2e-05	-2.4e-05	-7.47828e-07
-1.2e-05	-2e-05	-0.000124328
-1.2e-05	-1.6e-05	-0.0206102
-1.2e-05	-1.2e-05	-0.0518743
-1.2e-05	-8e-06	-0.086467
-1.2e-05	-4e-06	-0.0851405
-1.2e-05	0	-0.0278374
-1.2e-05	4e-06	0.0319144
-1.2e-05	8e-06	0.0288972
-1.2e-05	1.2e-05	0.000176688
-1.2e-05	1.6e-05	1.07186e-06
-1.2e-05	2e-05	6.64892e-09
-1.2e-05	2.4e-05	2.06253e-10
-1.2e-05	2.8e-05	1.6595e-10
-1.2e-05	3.2e-05	1.44524e-10
-1.2e-05	3.6e-05	1.05817e-10
-1.2e-05	4e-05	5.42865e-11
-1.2e-05	4.4e-05	-3.8237e-12
-1.2e-05	4.8e-05	-6.14705e-11
-1.2e-05	5.2e-05	-1.11667e-10
-1.2e-05	5.6e-05	-1.48329e-10
-1.2e-05	6e-05	-1.67013e-10
-1.2e-05	6.4e-05	-1.65454e-10
-1.2e-05	6.8e-05	-1.4378e-10
-1.2e-05	7.2e-05	-9.9585e-11
-1.2e-05	7.6e-05	2.96005e-10
-8e-06	-8e-05	1.48307e-08
-8e-06	-7.6e-05	3.62033e-08
-8e-06	-7.2e-05	5.33559e-08
-8e-06	-6.8e-05	6.40444e-08
-8e-06	-6.4e-05	6.69706e-08
-8e-06	-6e-05	6.17797e-08
-8e-06	-5.6e-05	4.91009e-08
-8e-06	-5.2e-05	3.0471e-08
-8e-06	-4.8e-05	8.14785e-09
-8e-06	-4.4e-05	-1.51628e-08
-8e-06	-4e-05	-3.66357e-08
-8e-06	-3.6e-05	-5.36682e-08
-8e-06	-3.2e-05	-6.41927e-08
-8e-06	-2.8e-05	-6.6431e-08
-8e-06	-2.4e-05	1.89415e-08
-8e-06	-2e-05	1.25762e-05
-8e-06	-1.6e-05	0.00203519
-8e-06	-1.2e-05	0.00729581
-8e-06	-8e-06	-0.0293083
-8e-06	-4e-06	-0.0494676
-8e-06	0	-0.000320029
-8e-06	4e-06	0.0603307
-8e-06	8e-06	0.0396457
-8e-06	1.2e-05	0.000241815
-8e-06	1.6e-05	1.48485e-06
-8e-06	2e-05	3.31732e-08
-8e-06	2.4e-05	2.74728e-08
-8e-06	2.8e-05	2.72377e-08
-8e-06	3.2e-05	2.37547e-08
-8e-06	3.6e-05	1.73928e-08
-8e-06	4e-05	8.92291e-09
-8e-06	4.4e-05	-6.28489e-10
-8e-06	4.8e-05	-1.01037e-08
-8e-06	5.2e-05	-1.83543e-08
-8e-06	5.6e-05	-2.43804e-08
-8e-06	6e-05	-2.74514e-08
-8e-06	6.4e-05	-2.71952e-08
-8e-06	6.8e-05	-2.36378e-08
-8e-06	7.2e-05	-1.67078e-08
-8e-06	7.6e-05	3.44779e-08
-4e-06	-8e-05	2.42905e-06
-4e-06	-7.6e-05	5.95045e-06
-4e-06	-7.2e-05	8.76995e-06
-4e-06	-6.8e-05	1.05268e-05
-4e-06	-6.4e-05	1.10077e-05
-4e-06	-6e-05	1.01545e-05
-4e-06	-5.6e-05	8.07057e-06
-4e-06	-5.2e-05	5.00842e-06
-4e-06	-4.8e-05	1.33924e-06
-4e-06	-4.4e-05	-2.49226e-06
-4e-06	-4e-05	-6.0217e-06
-4e-06	-3.6e-05	-8.82128e-06
-4e-06	-3.2e-05	-1.05516e-05
-4e-06	-2.8e-05	-1.09941e-05
-4e-06	-2.4e-05	-8.61292e-06
-4e-06	-2e-05	0.000242028
-4e-06	-1.6e-05	0.0413092
-4e-06	-1.2e-05	0.0932255
-4e-06	-8e-06	0.072085
-4e-06	-4e-06	0.0193153
-4e-06	0	0.0163567
-4e-06	4e-06	0.0451751
-4e-06	8e-06	0.0251105
-4e-06	1.2e-05	0.00015691
-4e-06	1.6e-05	3.93849e-06
-4e-06	2e-05	3.99614e-06
-4e-06	2.4e-05	4.50679e-06
-4e-06	2.8e-05	4.47693e-06
-4e-06	3.2e-05	3.90448e-06
-4e-06	3.6e-05	2.85881e-06
-4e-06	4e-05	1.46663e-06
-4e-06	4.4e-05	-1.03303e-07
-4e-06	4.8e-05	-1.66072e-06
-4e-06	5.2e-05	-3.01685e-06
-4e-06	5.6e-05	-4.00733e-06
-4e-06	6e-05	-4.5121e-06
-4e-06	6.4e-05	-4.47e-06
-4e-06	6.8e-05	-3.88578e-06
-4e-06	7.2e-05	-2.78845e-06
-4e-06	7.6e-05	3.31939e-06
0	-8e-05	0.000397833
0	-7.6e-05	0.000978038
0	-7.2e-05	0.00144149
0	-6.8e-05	0.00173026
0	-6.4e-05	0.00180931
0	-6e-05	0.00166907
0	-5.6e-05	0.00132653
0	-5.2e-05	0.000823219
0	-4.8e-05	0.000220126
0	-4.4e-05	-0.000409646
0	-4e-05	-0.000989768
0	-3.6e-05	-0.00144993
0	-3.2e-05	-0.00173435
0	-2.8e-05	-0.00180856
0	-2.4e-05	-0.00166297
0	-2e-05	-0.00121697
0	-1.6e-05	0.0161046
0	-1.2e-05	0.0591995
0	-8e-06	0.0558639
0	-4e-06	-0.00170302
0	0	-0.0326081
0	4e-06	-0.0146274
0	8e-06	-0.000548391
0	1.2e-05	0.000413466
0	1.6e-05	0.00049239
0	2e-05	0.000655887
0	2.4e-05	0.000740761
0	2.8e-05	0.000735859
0	3.2e-05	0.000641768
0	3.6e-05	0.000469893
0	4e-05	0.000241066
0	4.4e-05	-1.69796e-05
0	4.8e-05	-0.000272967
0	5.2e-05	-0.00049587
0	5.6e-05	-0.000658672
0	6e-05	-0.000741641
0	6.4e-05	-0.000734721
0	6.8e-05	-0.000638736
0	7.2e-05	-0.000463001
0	7.6e-05	0.000156775
4e-06	-8e-05	0.0651568
4e-06	-7.6e-05	0.160755
4e-06	-7.2e-05	0.236933
4e-06	-6.8e-05	0.284397
4e-06	-6.4e-05	0.297391
4e-06	-6e-05	0.27434
4e-06	-5.6e-05	0.218038
4e-06	-5.2e-05	0.13531
4e-06	-4.8e-05	0.0361815
4e-06	-4.4e-05	-0.0673323
4e-06	-4e-05	-0.162685
4e-06	-3.6e-05	-0.23832
4e-06	-3.2e-05	-0.28507
4e-06	-2.8e-05	-0.297269
4e-06	-2.4e-05	-0.273437
4e-06	-2e-05	-0.216465
4e-06	-1.6e-05	-0.133355
4e-06	-1.2e-05	-0.0509618
4e-06	-8e-06	-0.0217856
4e-06	-4e-06	-0.0458572
4e-06	0	-0.0629475
4e-06	4e-06	-0.0402439
4e-06	8e-06	0.00169087
4e-06	1.2e-05	0.0439771
4e-06	1.6e-05	0.0807875
4e-06	2e-05	0.107805
4e-06	2.4e-05	0.121757
4e-06	2.8e-05	0.120951
4e-06	3.2e-05	0.105485
4e-06	3.6e-05	0.0772349
4e-06	4e-05	0.0396232
4e-06	4.4e-05	-0.00279088
4e-06	4.8e-05	-0.0448667
4e-06	5.2e-05	-0.0815046
4e-06	5.6e-05	-0.108264
4e-06	6e-05	-0.121901
4e-06	6.4e-05	-0.120764
4e-06	6.8e-05	-0.104989
4e-06	7.2e-05	-0.0764901
4e-06	7.6e-05	-0.0387219
8e-06	-8e-05	0.00138531
8e-06	-7.6e-05	0.00712805
8e-06	-7.2e-05	0.0105966
8e-06	-6.8e-05	0.0127224
8e-06	-6.4e-05	0.0133037
8e-06	-6e-05	0.0122726
8e-06	-5.6e-05	0.00975393
8e-06	-5.2e-05	0.00605308
8e-06	-4.8e-05	0.00161858
8e-06	-4.4e-05	-0.0030121
8e-06	-4e-05	-0.00727771
8e-06	-3.6e-05	-0.0106612
8e-06	-3.2e-05	-0.0127526
8e-06	-2.8e-05	-0.0132983
8e-06	-2.4e-05	-0.0122323
8e-06	-2e-05	-0.00968522
8e-06	-1.6e-05	-0.0060017
8e-06	-1.2e-05	-0.00239557
8e-06	-8e-06	-0.00108269
8e-06	-4e-06	-0.00205075
8e-06	0	-0.00275524
8e-06	4e-06	-0.00177116
8e-06	8e-06	7.78699e-05
8e-06	1.2e-05	0.00196713
8e-06	1.6e-05	0.00361401
8e-06	2e-05	0.00482266
8e-06	2.4e-05	0.00544678
8e-06	2.8e-05	0.00541073
8e-06	3.2e-05	0.00471888
8e-06	3.6e-05	0.0034551
8e-06	4e-05	0.00177254
8e-06	4.4e-05	-0.00012485
8e-06	4.8e-05	-0.00200711
8e-06	5.2e-05	-0.0036461
8e-06	5.6e-05	-0.00484318
8e-06	6e-05	-0.00545324
8e-06	6.4e-05	-0.00540236
8e-06	6.8e-05	-0.00469671
8e-06	7.2e-05	-0.00342207
8e-06	7.6e-05	-0.00173923
1.2e-05	-8e-05	-1.77306e-06
1.2e-05	-7.6e-05	0.000313612
1.2e-05	-7.2e-05	0.00047371
1.2e-05	-6.8e-05	0.000569116
1.2e-05	-6.4e-05	0.000595141
1.2e-05	-6e-05	0.000549013
1.2e-05	-5.6e-05	0.000436341
1.2e-05	-5.2e-05	0.000270784
1.2e-05	-4.8e-05	7.24069e-05
1.2e-05	-4.4e-05	-0.000134746
1.2e-05	-4e-05	-0.000325567
1.2e-05	-3.6e-05	-0.000476929
1.2e-05	-3.2e-05	-0.000570486
1.2e-05	-2.8e-05	-0.000594898
1.2e-05	-2.4e-05	-0.000547218
1.2e-05	-2e-05	-0.000433408
1.2e-05	-1.6e-05	-0.000270189
1.2e-05	-1.2e-05	-0.000112207
1.2e-05	-8e-06	-5.31061e-05
1.2e-05	-4e-06	-9.18e-05
1.2e-05	0	-0.000120698
1.2e-05	4e-06	-7.79181e-05
1.2e-05	8e-06	3.62975e-06
1.2e-05	1.2e-05	8.79983e-05
1.2e-05	1.6e-05	0.000161672
1.2e-05	2e-05	0.000215741
1.2e-05	2.4e-05	0.000243661
1.2e-05	2.8e-05	0.000242048
1.2e-05	3.2e-05	0.000211099
1.2e-05	3.6e-05	0.000154563
1.2e-05	4e-05	7.92945e-05
1.2e-05	4.4e-05	-5.58515e-06
1.2e-05	4.8e-05	-8.97879e-05
1.2e-05	5.2e-05	-0.000163108
1.2e-05	5.6e-05	-0.000216659
1.2e-05	6e-05	-0.00024395
1.2e-05	6.4e-05	-0.000241674
1.2e-05	6.8e-05	-0.000210108
1.2e-05	7.2e-05	-0.000153115
1.2e-05	7.6e-05	-7.82043e-05
1.6e-05	-8e-05	-2.73958e-06
1.6e-05	-7.6e-05	1.37012e-05
1.6e-05	-7.2e-05	2.11642e-05
1.6e-05	-6.8e-05	2.54575e-05
1.6e-05	-6.4e-05	2.66235e-05
1.6e-05	-6e-05	2.456e-05
1.6e-05	-5.6e-05	1.95197e-05
1.6e-05	-5.2e-05	1.21135e-05
1.6e-05	-4.8e-05	3.23912e-06
1.6e-05	-4.4e-05	-6.02785e-06
1.6e-05	-4e-05	-1.45642e-05
1.6e-05	-3.6e-05	-2.13354e-05
1.6e-05	-3.2e-05	-2.55206e-05
1.6e-05	-2.8e-05	-2.66128e-05
1.6e-05	-2.4e-05	-2.44805e-05
1.6e-05	-2e-05	-1.93976e-05
1.6e-05	-1.6e-05	-1.21666e-05
1.6e-05	-1.2e-05	-5.23926e-06
1.6e-05	-8e-06	-2.5778e-06
1.6e-05	-4e-06	-4.11303e-06
1.6e-05	0	-5.29175e-06
1.6e-05	4e-06	-3.42662e-06
1.6e-05	8e-06	1.70863e-07
1.6e-05	1.2e-05	3.93689e-06
1.6e-05	1.6e-05	7.23238e-06
1.6e-05	2e-05	9.65116e-06
1.6e-05	2.4e-05	1.09002e-05
1.6e-05	2.8e-05	1.0828e-05
1.6e-05	3.2e-05	9.44349e-06
1.6e-05	3.6e-05	6.91438e-06
1.6e-05	4e-05	3.54723e-06
1.6e-05	4.4e-05	-2.49851e-07
1.6e-05	4.8e-05	-4.01665e-06
1.6e-05	5.2e-05	-7.29662e-06
1.6e-05	5.6e-05	-9.69222e-06
1.6e-05	6e-05	-1.09131e-05
1.6e-05	6.4e-05	-1.08113e-05
1.6e-05	6.8e-05	-9.39934e-06
1.6e-05	7.2e-05	-6.85165e-06
1.6e-05	7.6e-05	-3.51966e-06
2e-05	-8e-05	-2.33949e-07
2e-05	-7.6e-05	5.94702e-07
2e-05	-7.2e-05	9.449e-07
2e-05	-6.8e-05	1.13868e-06
2e-05	-6.4e-05	1.19099e-06
2e-05	-6e-05	1.09869e-06
2e-05	-5.6e-05	8.73211e-07
2e-05	-5.2e-05	5.41896e-07
2e-05	-4.8e-05	1.44902e-07
2e-05	-4.4e-05	-2.69656e-07
2e-05	-4e-05	-6.5153e-07
2e-05	-3.6e-05	-9.54436e-07
2e-05	-3.2e-05	-1.14166e-06
2e-05	-2.8e-05	-1.19052e-06
2e-05	-2.4e-05	-1.09518e-06
2e-05	-2e-05	-8.68279e-07
2e-05	-1.6e-05	-5.47978e-07
2e-05	-1.2e-05	-2.43956e-07
2e-05	-8e-06	-1.24071e-07
2e-05	-4e-06	-1.84434e-07
2e-05	0	-2.32192e-07
2e-05	4e-06	-1.50647e-07
2e-05	8e-06	8.10425e-09
2e-05	1.2e-05	1.76148e-07
2e-05	1.6e-05	3.23541e-07
2e-05	2e-05	4.31744e-07
2e-05	2.4e-05	4.87617e-07
2e-05	2.8e-05	4.8439e-07
2e-05	3.2e-05	4.22453e-07
2e-05	3.6e-05	3.09314e-07
2e-05	4e-05	1.58685e-07
2e-05	4.4e-05	-1.11771e-08
2e-05	4.8e-05	-1.79685e-07
2e-05	5.2e-05	-3.26414e-07
2e-05	5.6e-05	-4.33581e-07
2e-05	6e-05	-4.88196e-07
2e-05	6.4e-05	-4.83643e-07
2e-05	6.8e-05	-4.2049e-07
2e-05	7.2e-05	-3.06638e-07
2e-05	7.6e-05	-1.58525e-07
2.4e-05	-8e-05	-1.51456e-08
2.4e-05	-7.6e-05	2.56538e-08
2.4e-05	-7.2e-05	4.21527e-08
2.4e-05	-6.8e-05	5.09275e-08
2.4e-05	-6.4e-05	5.32777e-08
2.4e-05	-6e-05	4.91497e-08
2.4e-05	-5.6e-05	3.9063e-08
2.4e-05	-5.2e-05	2.42417e-08
2.4e-05	-4.8e-05	6.48216e-09
2.4e-05	-4.4e-05	-1.2063e-08
2.4e-05	-4e-05	-2.91461e-08
2.4e-05	-3.6e-05	-4.26966e-08
2.4e-05	-3.2e-05	-5.10722e-08
2.4e-05	-2.8e-05	-5.32583e-08
2.4e-05	-2.4e-05	-4.89964e-08
2.4e-05	-2e-05	-3.88715e-08
2.4e-05	-1.6e-05	-2.46852e-08
2.4e-05	-1.2e-05	-1.13314e-08
2.4e-05	-8e-06	-5.9298e-09
2.4e-05	-4e-06	-8.27646e-09
2.4e-05	0	-1.01962e-08
2.4e-05	4e-06	-6.62129e-09
2.4e-05	8e-06	3.8652e-10
2.4e-05	1.2e-05	7.88225e-09
2.4e-05	1.6e-05	1.44737e-08
2.4e-05	2e-05	1.9314e-08
2.4e-05	2.4e-05	2.18135e-08
2.4e-05	2.8e-05	2.16691e-08
2.4e-05	3.2e-05	1.88984e-08
2.4e-05	3.6e-05	1.38371e-08
2.4e-05	4e-05	7.09876e-09
2.4e-05	4.4e-05	-5.00005e-10
2.4e-05	4.8e-05	-8.03817e-09
2.4e-05	5.2e-05	-1.46021e-08
2.4e-05	5.6e-05	-1.93962e-08
2.4e-05	6e-05	-2.18394e-08
2.4e-05	6.4e-05	-2.16358e-08
2.4e-05	6.8e-05	-1.88114e-08
2.4e-05	7.2e-05	-1.3725e-08
2.4e-05	7.6e-05	-7.14439e-09
2.8e-05	-8e-05	-8.74782e-10
2.8e-05	-7.6e-05	1.09998e-09
2.8e-05	-7.2e-05	1.87886e-09
2.8e-05	-6.8e-05	2.27748e-09
2.8e-05	-6.4e-05	2.3833e-09
2.8e-05	-6e-05	2.1987e-09
2.8e-05	-5.6e-05	1.74748e-09
2.8e-05	-5.2e-05	1.08445e-09
2.8e-05	-4.8e-05	2.89978e-10
2.8e-05	-4.4e-05	-5.39638e-10
2.8e-05	-4e-05	-1.30385e-09
2.8e-05	-3.6e-05	-1.91003e-09
2.8e-05	-3.2e-05	-2.28471e-09
2.8e-05	-2.8e-05	-2.38252e-09
2.8e-05	-2.4e-05	-2.19205e-09
2.8e-05	-2e-05	-1.74045e-09
2.8e-05	-1.6e-05	-1.11218e-09
2.8e-05	-1.2e-05	-5.25161e-10
2.8e-05	-8e-06	-2.81741e-10
2.8e-05	-4e-06	-3.71661e-10
2.8e-05	0	-4.48092e-10
2.8e-05	4e-06	-2.90956e-10
2.8e-05	8e-06	1.85032e-11
2.8e-05	1.2e-05	3.52757e-10
2.8e-05	1.6e-05	6.47492e-10
2.8e-05	2e-05	8.64011e-10
2.8e-05	2.4e-05	9.75825e-10
2.8e-05	2.8e-05	9.69367e-10
2.8e-05	3.2e-05	8.45419e-10
2.8e-05	3.6e-05	6.19003e-10
2.8e-05	4e-05	3.17563e-10
2.8e-05	4.4e-05	-2.23682e-11
2.8e-05	4.8e-05	-3.59587e-10
2.8e-05	5.2e-05	-6.53223e-10
2.8e-05	5.6e-05	-8.67687e-10
2.8e-05	6e-05	-9.76985e-10
2.8e-05	6.4e-05	-9.67879e-10
2.8e-05	6.8e-05	-8.41577e-10
2.8e-05	7.2e-05	-6.14408e-10
2.8e-05	7.6e-05	-3.22143e-10
3.2e-05	-8e-05	-4.74736e-11
3.2e-05	-7.6e-05	4.68812e-11
3.2e-05	-7.2e-05	8.36697e-11
3.2e-05	-6.8e-05	1.01836e-10
3.2e-05	-6.4e-05	1.06613e-10
3.2e-05	-6e-05	9.83594e-11
3.2e-05	-5.6e-05	7.81735e-11
3.2e-05	-5.2e-05	4.85124e-11
3.2e-05	-4.8e-05	1.29721e-11
3.2e-05	-4.4e-05	-2.41417e-11
3.2e-05	-4e-05	-5.83266e-11
3.2e-05	-3.6e-05	-8.54453e-11
3.2e-05	-3.2e-05	-1.02206e-10
3.2e-05	-2.8e-05	-1.06583e-10
3.2e-05	-2.4e-05	-9.80726e-11
3.2e-05	-2e-05	-7.79379e-11
3.2e-05	-1.6e-05	-5.01152e-11
3.2e-05	-1.2e-05	-2.4291e-11
3.2e-05	-8e-06	-1.33191e-11
3.2e-05	-4e-06	-1.67004e-11
3.2e-05	0	-1.97071e-11
3.2e-05	4e-06	-1.27828e-11
3.2e-05	8e-06	8.87748e-13
3.2e-05	1.2e-05	1.57894e-11
3.2e-05	1.6e-05	2.89664e-11
3.2e-05	2e-05	3.86514e-11
3.2e-05	2.4e-05	4.36533e-11
3.2e-05	2.8e-05	4.33648e-11
3.2e-05	3.2e-05	3.782e-11
3.2e-05	3.6e-05	2.76914e-11
3.2e-05	4e-05	1.42059e-11
3.2e-05	4.4e-05	-9.99976e-13
3.2e-05	4.8e-05	-1.60869e-11
3.2e-05	5.2e-05	-2.92216e-11
3.2e-05	5.6e-05	-3.88165e-11
3.2e-05	6e-05	-4.37052e-11
3.2e-05	6.4e-05	-4.32983e-11
3.2e-05	6.8e-05	-3.76503e-11
3.2e-05	7.2e-05	-2.75077e-11
3.2e-05	7.6e-05	-1.45309e-11
3.6e-05	-8e-05	-2.47714e-12
3.6e-05	-7.6e-05	1.98602e-12
3.6e-05	-7.2e-05	3.72306e-12
3.6e-05	-6.8e-05	4.55333e-12
3.6e-05	-6.4e-05	4.76906e-12
3.6e-05	-6e-05	4.39987e-12
3.6e-05	-5.6e-05	3.49663e-12
3.6e-05	-5.2e-05	2.16951e-12
3.6e-05	-4.8e-05	5.78926e-13
3.6e-05	-4.4e-05	-1.07901e-12
3.6e-05	-4e-05	-2.60975e-12
3.6e-05	-3.6e-05	-3.82231e-12
3.6e-05	-3.2e-05	-4.57181e-12
3.6e-05	-2.8e-05	-4.76712e-12
3.6e-05	-2.4e-05	-4.38807e-12
3.6e-05	-2e-05	-3.49057e-12
3.6e-05	-1.6e-05	-2.2589e-12
3.6e-05	-1.2e-05	-1.12099e-12
3.6e-05	-8e-06	-6.27215e-13
3.6e-05	-4e-06	-7.50888e-13
3.6e-05	0	-8.67307e-13
3.6e-05	4e-06	-5.61404e-13
3.6e-05	8e-06	4.27275e-14
3.6e-05	1.2e-05	7.06586e-13
3.6e-05	1.6e-05	1.2961e-12
3.6e-05	2e-05	1.72893e-12
3.6e-05	2.4e-05	1.95283e-12
3.6e-05	2.8e-05	1.93983e-12
3.6e-05	3.2e-05	1.69247e-12
3.6e-05	3.6e-05	1.23896e-12
3.6e-05	4e-05	6.36045e-13
3.6e-05	4.4e-05	-4.50614e-14
3.6e-05	4.8e-05	-7.18979e-13
3.6e-05	5.2e-05	-1.30803e-12
3.6e-05	5.6e-05	-1.73639e-12
3.6e-05	6e-05	-1.95606e-12
3.6e-05	6.4e-05	-1.93728e-12
3.6e-05	6.8e-05	-1.68502e-12
3.6e-05	7.2e-05	-1.23196e-12
3.6e-05	7.6e-05	-6.5607e-13
4e-05	-8e-05	-1.26424e-13
4e-05	-7.6e-05	8.3472e-14
4e-05	-7.2e-05	1.6516e-13
4e-05	-6.8e-05	2.02903e-13
4e-05	-6.4e-05	2.12345e-13
4e-05	-6e-05	1.95704e-13
4e-05	-5.6e-05	1.55434e-13
4e-05	-5.2e-05	9.51975e-14
4e-05	-4.8e-05	2.63007e-14
4e-05	-4.4e-05	-4.90544e-14
4e-05	-4e-05	-1.16881e-13
4e-05	-3.6e-05	-1.70769e-13
4e-05	-3.2e-05	-2.03814e-13
4e-05	-2.8e-05	-2.13118e-13
4e-05	-2.4e-05	-1.96342e-13
4e-05	-2e-05	-1.56817e-13
4e-05	-1.6e-05	-1.00954e-13
4e-05	-1.2e-05	-5.1981e-14
4e-05	-8e-06	-2.91173e-14
4e-05	-4e-06	-3.40397e-14
4e-05	0	-3.80591e-14
4e-05	4e-06	-2.45512e-14
4e-05	8e-06	1.8875e-15
4e-05	1.2e-05	3.1964e-14
4e-05	1.6e-05	5.79155e-14
4e-05	2e-05	7.77186e-14
4e-05	2.4e-05	8.71334e-14
4e-05	2.8e-05	8.70826e-14
4e-05	3.2e-05	7.59804e-14
4e-05	3.6e-05	5.59546e-14
4e-05	4e-05	2.85516e-14
4e-05	4.4e-05	-1.72581e-15
4e-05	4.8e-05	-3.26972e-14
4e-05	5.2e-05	-5.821e-14
4e-05	5.6e-05	-7.86633e-14
4e-05	6e-05	-8.74979e-14
4e-05	6.4e-05	-8.78203e-14
4e-05	6.8e-05	-7.55978e-14
4e-05	7.2e-05	-5.61369e-14
4e-05	7.6e-05	-2.99777e-14
4.4e-05	-8e-05	-7.35228e-15
4.4e-05	-7.6e-05	3.10253e-15
4.4e-05	-7.2e-05	6.35346e-15
4.4e-05	-6.8e-05	8.64972e-15
4.4e-05	-6.4e-05	8.02373e-15
4.4e-05	-6e-05	8.648e-15
4.4e-05	-5.6e-05	5.01398e-15
4.4e-05	-5.2e-05	4.30672e-15
4.4e-05	-4.8e-05	1.09408e-16
4.4e-05	-4.4e-05	-2.70999e-15
4.4e-05	-4e-05	-5.45466e-15
4.4e-05	-3.6e-05	-8.14361e-15
4.4e-05	-3.2e-05	-9.18191e-15
4.4e-05	-2.8e-05	-9.71667e-15
4.4e-05	-2.4e-05	-9.31817e-15
4.4e-05	-2e-05	-6.5596e-15
4.4e-05	-1.6e-05	-4.79318e-15
4.4e-05	-1.2e-05	-1.41627e-15
4.4e-05	-8e-06	-1.61923e-15
4.4e-05	-4e-06	-1.3299e-15
4.4e-05	0	-1.65155e-15
4.4e-05	4e-06	-1.1465e-15
4.4e-05	8e-06	3.24732e-16
4.4e-05	1.2e-05	1.46061e-15
4.4e-05	1.6e-05	3.22525e-15
4.4e-05	2e-05	3.38045e-15
4.4e-05	2.4e-05	4.4532e-15
4.4e-05	2.8e-05	3.77365e-15
4.4e-05	3.2e-05	3.76232e-15
4.4e-05	3.6e-05	2.50614e-15
4.4e-05	4e-05	1.1923e-15
4.4e-05	4.4e-05	-3.33774e-16
4.4e-05	4.8e-05	-1.91795e-15
4.4e-05	5.2e-05	-3.40513e-15
4.4e-05	5.6e-05	-3.5541e-15
4.4e-05	6e-05	-5.15674e-15
4.4e-05	6.4e-05	-3.73796e-15
4.4e-05	6.8e-05	-4.7434e-15
4.4e-05	7.2e-05	-2.34145e-15
4.4e-05	7.6e-05	-2.5333e-15
4.8e-05	-8e-05	-8.86797e-17
4.8e-05	-7.6e-05	-1.16006e-15
4.8e-05	-7.2e-05	7.20779e-16
4.8e-05	-6.8e-05	-1.00578e-15
4.8e-05	-6.4e-05	6.82707e-16
4.8e-05	-6e-05	-1.00543e-15
4.8e-05	-5.6e-05	6.61881e-16
4.8e-05	-5.2e-05	-6.53876e-16
4.8e-05	-4.8e-05	-3.25604e-16
4.8e-05	-4.4e-05	-6.41547e-16
4.8e-05	-4e-05	-7.00878e-16
4.8e-05	-3.6e-05	-6.40394e-16
4.8e-05	-3.2e-05	-7.17347e-16
4.8e-05	-2.8e-05	-1.34845e-15
4.8e-05	-2.4e-05	-1.01802e-15
4.8e-05	-2e-05	-1.09628e-15
4.8e-05	-1.6e-05	5.50457e-16
4.8e-05	-1.2e-05	1.8728e-16
4.8e-05	-8e-06	3.56768e-16
4.8e-05	-4e-06	-2.3698e-16
4.8e-05	0	6.46123e-16
4.8e-05	4e-06	1.27812e-16
4.8e-05	8e-06	-2.20045e-16
4.8e-05	1.2e-05	5.65344e-16
4.8e-05	1.6e-05	3.2284e-16
4.8e-05	2e-05	9.88772e-16
4.8e-05	2.4e-05	-3.68369e-17
4.8e-05	2.8e-05	3.99665e-16
4.8e-05	3.2e-05	-3.48818e-16
4.8e-05	3.6e-05	-2.26865e-16
4.8e-05	4e-05	-6.70206e-16
4.8e-05	4.4e-05	-6.94005e-16
4.8e-05	4.8e-05	-3.73255e-16
4.8e-05	5.2e-05	-4.88861e-16
4.8e-05	5.6e-05	-8.87455e-16
4.8e-05	6e-05	-5.21827e-16
4.8e-05	6.4e-05	-1.12006e-15
4.8e-05	6.8e-05	-2.12128e-16
4.8e-05	7.2e-05	-1.3086e-15
4.8e-05	7.6e-05	-1.82507e-16
5.2e-05	-8e-05	-1.1262e-15
5.2e-05	-7.6e-05	-1.70472e-16
5.2e-05	-7.2e-05	-1.071e-15
5.2e-05	-6.8e-05	-2.22533e-16
5.2e-05	-6.4e-05	-6.34773e-16
5.2e-05	-6e-05	-4.04109e-16
5.2e-05	-5.6e-05	-2.79402e-16
5.2e-05	-5.2e-05	-2.79239e-16
5.2e-05	-4.8e-05	1.89429e-16
5.2e-05	-4.4e-05	3.26331e-16
5.2e-05	-4e-05	1.052e-17
5.2e-05	-3.6e-05	2.56002e-16
5.2e-05	-3.2e-05	-1.26179e-15
5.2e-05	-2.8e-05	-1.35086e-15
5.2e-05	-2.4e-05	-1.22214e-15
5.2e-05	-2e-05	4.08701e-16
5.2e-05	-1.6e-05	-4.62742e-16
5.2e-05	-1.2e-05	-1.85782e-16
5.2e-05	-8e-06	-4.11261e-16
5.2e-05	-4e-06	4.80057e-16
5.2e-05	0	6.99417e-16
5.2e-05	4e-06	6.48099e-16
5.2e-05	8e-06	3.09569e-16
5.2e-05	1.2e-05	1.53205e-16
5.2e-05	1.6e-05	8.05192e-17
5.2e-05	2e-05	-4.60314e-16
5.2e-05	2.4e-05	5.4761e-16
5.2e-05	2.8e-05	-2.75265e-16
5.2e-05	3.2e-05	-4.40368e-16
5.2e-05	3.6e-05	-1.183e-15
5.2e-05	4e-05	-7.13975e-16
5.2e-05	4.4e-05	-8.42872e-16
5.2e-05	4.8e-05	-1.31797e-16
5.2e-05	5.2e-05	-1.76048e-16
5.2e-05	5.6e-05	1.39289e-16
5.2e-05	6e-05	-7.50721e-17
5.2e-05	6.4e-05	4.10767e-17
5.2e-05	6.8e-05	-3.33609e-16
5.2e-05	7.2e-05	-4.67466e-17
5.2e-05	7.6e-05	-5.43371e-16
5.6e-05	-8e-05	-1.31981e-16
5.6e-05	-7.6e-05	-5.08512e-16
5.6e-05	-7.2e-05	-3.29514e-16
5.6e-05	-6.8e-05	-3.4335e-16
5.6e-05	-6.4e-05	-1.12544e-16
5.6e-05	-6e-05	1.65348e-16
5.6e-05	-5.6e-05	3.75017e-17
5.6e-05	-5.2e-05	2.95509e-16
5.6e-05	-4.8e-05	3.2466e-16
5.6e-05	-4.4e-05	-7.68102e-17
5.6e-05	-4e-05	-2.38091e-16
5.6e-05	-3.6e-05	-1.07233e-15
5.6e-05	-3.2e-05	-1.17447e-15
5.6e-05	-2.8e-05	-1.22804e-15
5.6e-05	-2.4e-05	1.11893e-15
5.6e-05	-2e-05	-8.77772e-16
5.6e-05	-1.6e-05	-2.2565e-16
5.6e-05	-1.2e-05	-6.63742e-16
5.6e-05	-8e-06	-5.54258e-16
5.6e-05	-4e-06	3.4096e-16
5.6e-05	0	3.98973e-16
5.6e-05	4e-06	7.98823e-16
5.6e-05	8e-06	9.24183e-16
5.6e-05	1.2e-05	3.01684e-17
5.6e-05	1.6e-05	-2.91058e-16
5.6e-05	2e-05	6.39284e-17
5.6e-05	2.4e-05	-5.94957e-16
5.6e-05	2.8e-05	5.20575e-16
5.6e-05	3.2e-05	-6.75444e-16
5.6e-05	3.6e-05	-4.13071e-16
5.6e-05	4e-05	-1.16415e-15
5.6e-05	4.4e-05	-6.08455e-16
5.6e-05	4.8e-05	-5.8128e-16
5.6e-05	5.2e-05	-1.86393e-16
5.6e-05	5.6e-05	-1.95014e-16
5.6e-05	6e-05	3.00696e-17
5.6e-05	6.4e-05	-9.70764e-17
5.6e-05	6.8e-05	3.06443e-16
5.6e-05	7.2e-05	-2.59954e-17
5.6e-05	7.6e-05	3.99158e-16
6e-05	-8e-05	8.65578e-17
6e-05	-7.6e-05	5.3093e-16
6e-05	-7.2e-05	1.23704e-16
6e-05	-6.8e-05	5.59396e-16
6e-05	-6.4e-05	1.33902e-16
6e-05	-6e-05	4.7059e-16
6e-05	-5.6e-05	-2.37505e-17
6e-05	-5.2e-05	-4.87738e-17
6e-05	-4.8e-05	-5.21544e-16
6e-05	-4.4e-05	-1.01094e-15
6e-05	-4e-05	-9.31364e-16
6e-05	-3.6e-05	-1.16963e-15
6e-05	-3.2e-05	-1.09014e-15
6e-05	-2.8e-05	7.79433e-16
6e-05	-2.4e-05	-5.05251e-16
6e-05	-2e-05	1.8245e-16
6e-05	-1.6e-05	-5.95613e-16
6e-05	-1.2e-05	-5.81295e-17
6e-05	-8e-06	-2.61217e-16
6e-05	-4e-06	-6.92546e-17
6e-05	0	7.50255e-17
6e-05	4e-06	9.28118e-17
6e-05	8e-06	3.80552e-16
6e-05	1.2e-05	7.75031e-16
6e-05	1.6e-05	-1.06278e-17
6e-05	2e-05	-6.0264e-16
6e-05	2.4e-05	2.34408e-16
6e-05	2.8e-05	-4.81924e-16
6e-05	3.2e-05	4.30131e-16
6e-05	3.6e-05	-9.55392e-16
6e-05	4e-05	-3.39807e-16
6e-05	4.4e-05	-7.77789e-16
6e-05	4.8e-05	-7.41387e-16
6e-05	5.2e-05	-5.12868e-16
6e-05	5.6e-05	-7.73629e-16
6e-05	6e-05	-4.53683e-16
6e-05	6.4e-05	-3.67737e-16
6e-05	6.8e-05	-2.16373e-16
6e-05	7.2e-05	5.12039e-17
6e-05	7.6e-05	2.44027e-17
6.4e-05	-8e-05	-2.95452e-17
6.4e-05	-7.6e-05	1.14135e-16
6.4e-05	-7.2e-05	1.29942e-16
6.4e-05	-6.8e-05	5.9001e-17
6.4e-05	-6.4e-05	9.46263e-17
6.4e-05	-6e-05	-2.28889e-16
6.4e-05	-5.6e-05	-4.23954e-16
6.4e-05	-5.2e-05	-5.43165e-16
6.4e-05	-4.8e-05	-4.97375e-16
6.4e-05	-4.4e-05	-9.47736e-16
6.4e-05	-4e-05	-1.39664e-16
6.4e-05	-3.6e-05	-1.14358e-15
6.4e-05	-3.2e-05	6.58816e-16
6.4e-05	-2.8e-05	-8.89785e-16
6.4e-05	-2.4e-05	-5.53917e-16
6.4e-05	-2e-05	-2.21108e-16
6.4e-05	-1.6e-05	-2.85566e-16
6.4e-05	-1.2e-05	-1.37393e-16
6.4e-05	-8e-06	4.3916e-16
6.4e-05	-4e-06	2.34627e-16
6.4e-05	0	-6.08242e-16
6.4e-05	4e-06	-4.8155e-16
6.4e-05	8e-06	1.70845e-16
6.4e-05	1.2e-05	5.45074e-16
6.4e-05	1.6e-05	1.6886e-16
6.4e-05	2e-05	1.64764e-16
6.4e-05	2.4e-05	-1.58698e-16
6.4e-05	2.8e-05	-1.73435e-16
6.4e-05	3.2e-05	-7.41388e-16
6.4e-05	3.6e-05	1.92133e-16
6.4e-05	4e-05	-9.35638e-16
6.4e-05	4.4e-05	1.52722e-17
6.4e-05	4.8e-05	-7.41822e-16
6.4e-05	5.2e-05	-3.44943e-16
6.4e-05	5.6e-05	-9.40933e-16
6.4e-05	6e-05	-3.86652e-16
6.4e-05	6.4e-05	-7.5116e-16
6.4e-05	6.8e-05	-3.24208e-16
6.4e-05	7.2e-05	-5.34437e-16
6.4e-05	7.6e-05	-4.95273e-16
6.8e-05	-8e-05	-3.36557e-16
6.8e-05	-7.6e-05	-7.38985e-16
6.8e-05	-7.2e-05	-2.71941e-16
6.8e-05	-6.8e-05	-8.0934e-16
6.8e-05	-6.4e-05	-5.80785e-16
6.8e-05	-6e-05	-6.90601e-16
6.8e-05	-5.6e-05	-8.18996e-16
6.8e-05	-5.2e-05	-3.23275e-16
6.8e-05	-4.8e-05	-1.04171e-15
6.8e-05	-4.4e-05	4.57532e-16
6.8e-05	-4e-05	-7.48231e-16
6.8e-05	-3.6e-05	1.16141e-15
6.8e-05	-3.2e-05	-4.56921e-16
6.8e-05	-2.8e-05	-1.27614e-16
6.8e-05	-2.4e-05	-2.72134e-16
6.8e-05	-2e-05	-4.18025e-16
6.8e-05	-1.6e-05	-4.91386e-16
6.8e-05	-1.2e-05	6.24797e-17
6.8e-05	-8e-06	2.39851e-16
6.8e-05	-4e-06	1.35624e-16
6.8e-05	0	-3.08625e-16
6.8e-05	4e-06	-3.0936e-16
6.8e-05	8e-06	-1.27546e-16
6.8e-05	1.2e-05	5.5223e-17
6.8e-05	1.6e-05	4.72946e-16
6.8e-05	2e-05	3.12627e-16
6.8e-05	2.4e-05	-1.72903e-16
6.8e-05	2.8e-05	-4.89599e-16
6.8e-05	3.2e-05	-3.7107e-16
6.8e-05	3.6e-05	-7.46423e-16
6.8e-05	4e-05	2.64554e-16
6.8e-05	4.4e-05	-4.05789e-16
6.8e-05	4.8e-05	4.24632e-16
6.8e-05	5.2e-05	-5.86905e-16
6.8e-05	5.6e-05	3.19547e-16
6.8e-05	6e-05	-7.69681e-16
6.8e-05	6.4e-05	1.42332e-16
6.8e-05	6.8e-05	-8.3962e-16
6.8e-05	7.2e-05	-1.53177e-16
6.8e-05	7.6e-05	-5.91437e-16
7.2e-05	-8e-05	-3.1326e-16
7.2e-05	-7.6e-05	-5.05217e-16
7.2e-05	-7.2e-05	-4.34098e-16
7.2e-05	-6.8e-05	-5.83009e-16
7.2e-05	-6.4e-05	-2.47896e-16
7.2e-05	-6e-05	-7.52861e-16
7.2e-05	-5.6e-05	4.01534e-17
7.2e-05	-5.2e-05	-6.46903e-16
7.2e-05	-4.8e-05	3.3713e-16
7.2e-05	-4.4e-05	-5.10804e-16
7.2e-05	-4e-05	3.73766e-16
7.2e-05	-3.6e-05	-2.92168e-16
7.2e-05	-3.2e-05	1.31945e-16
7.2e-05	-2.8e-05	-5.91129e-16
7.2e-05	-2.4e-05	-1.0712e-16
7.2e-05	-2e-05	-1.26942e-16
7.2e-05	-1.6e-05	1.58353e-16
7.2e-05	-1.2e-05	2.52639e-16
7.2e-05	-8e-06	-4.93938e-16
7.2e-05	-4e-06	-3.84488e-16
7.2e-05	0	1.80005e-16
7.2e-05	4e-06	2.23372e-16
7.2e-05	8e-06	-2.43321e-16
7.2e-05	1.2e-05	-2.74938e-16
7.2e-05	1.6e-05	-3.31064e-17
7.2e-05	2e-05	3.98128e-16
7.2e-05	2.4e-05	3.48648e-16
7.2e-05	2.8e-05	-2.7696e-16
7.2e-05	3.2e-05	-8.34643e-16
7.2e-05	3.6e-05	-1.18034e-17
7.2e-05	4e-05	-3.97706e-16
7.2e-05	4.4e-05	2.27053e-16
7.2e-05	4.8e-05	-2.28416e-16
7.2e-05	5.2e-05	4.0741e-16
7.2e-05	5.6e-05	-3.31394e-16
7.2e-05	6e-05	3.75341e-16
7.2e-05	6.4e-05	-5.16919e-16
7.2e-05	6.8e-05	3.9838e-16
7.2e-05	7.2e-05	-3.067e-16
7.2e-05	7.6e-05	1.90308e-16
7.6e-05	-8e-05	-1.92656e-16
7.6e-05	-7.6e-05	3.37582e-16
7.6e-05	-7.2e-05	-9.42215e-17
7.6e-05	-6.8e-05	5.02586e-16
7.6e-05	-6.4e-05	-8.81355e-17
7.6e-05	-6e-05	7.03294e-16
7.6e-05	-5.6e-05	4.5087e-17
7.6e-05	-5.2e-05	6.13297e-16
7.6e-05	-4.8e-05	2.09508e-17
7.6e-05	-4.4e-05	1.23719e-16
7.6e-05	-4e-05	-1.47031e-16
7.6e-05	-3.6e-05	-4.02672e-16
7.6e-05	-3.2e-05	-6.87548e-16
7.6e-05	-2.8e-05	-2.86367e-16
7.6e-05	-2.4e-05	-6.011e-16
7.6e-05	-2e-05	3.91897e-16
7.6e-05	-1.6e-05	5.77665e-16
7.6e-05	-1.2e-05	1.42493e-16
7.6e-05	-8e-06	-2.97906e-16
7.6e-05	-4e-06	-4.92712e-16
7.6e-05	0	4.37022e-17
7.6e-05	4e-06	5.78177e-16
7.6e-05	8e-06	-2.42268e-16
7.6e-05	1.2e-05	-6.71017e-16
7.6e-05	1.6e-05	2.88435e-17
7.6e-05	2e-05	7.06623e-16
7.6e-05	2.4e-05	2.75857e-16
7.6e-05	2.8e-05	-1.02377e-16
7.6e-05	3.2e-05	3.44687e-17
7.6e-05	3.6e-05	-4.66497e-16
7.6e-05	4e-05	-8.32118e-17
7.6e-05	4.4e-05	-3.76099e-16
7.6e-05	4.8e-05	-1.93522e-16
7.6e-05	5.2e-05	-3.17614e-16
7.6e-05	5.6e-05	-1.85017e-17
7.6e-05	6e-05	-2.32212e-16
7.6e-05	6.4e-05	1.84477e-16
7.6e-05	6.8e-05	-1.10079e-16
7.6e-05	7.2e-05	1.75437e-16
7.6e-05	7.6e-05	8.17036e-17
