-8e-05	-8e-05	-2.91786e-16
-8e-05	-7.6e-05	2.42649e-17
-8e-05	-7.2e-05	-1.47917e-16
-8e-05	-6.8e-05	3.09687e-16
-8e-05	-6.4e-05	-3.04101e-16
-8e-05	-6e-05	-1.01973e-16
-8e-05	-5.6e-05	1.42361e-16
-8e-05	-5.2e-05	-1.19938e-16
-8e-05	-4.8e-05	6.6545e-18
-8e-05	-4.4e-05	-3.53569e-17
-8e-05	-4e-05	-2.15457e-17
-8e-05	-3.6e-05	5.39706e-17
-8e-05	-3.2e-05	-2.93282e-17
-8e-05	-2.8e-05	-1.22586e-18
-8e-05	-2.4e-05	5.11879e-18
-8e-05	-2e-05	2.07146e-17
-8e-05	-1.6e-05	-2.07803e-17
-8e-05	-1.2e-05	1.91812e-17
-8e-05	-8e-06	-3.31681e-17
-8e-05	-4e-06	3.10059e-17
-8e-05	0	-4.41449e-17
-8e-05	4e-06	3.11018e-17
-8e-05	8e-06	-3.32274e-17
-8e-05	1.2e-05	-2.51442e-17
-8e-05	1.6e-05	-3.95148e-17
-8e-05	2e-05	6.31217e-17
-8e-05	2.4e-05	-3.89858e-17
-8e-05	2.8e-05	1.84198e-16
-8e-05	3.2e-05	4.61028e-17
-8e-05	3.6e-05	4.7624e-17
-8e-05	4e-05	-8.16799e-17
-8e-05	4.4e-05	9.16082e-17
-8e-05	4.8e-05	6.57287e-18
-8e-05	5.2e-05	7.27311e-17
-8e-05	5.6e-05	5.74215e-17
-8e-05	6e-05	-2.77097e-17
-8e-05	6.4e-05	-2.37536e-17
-8e-05	6.8e-05	-5.48379e-17
-8e-05	7.2e-05	2.32953e-17
-8e-05	7.6e-05	9.97416e-17
-7.6e-05	-8e-05	1.91871e-16
-7.6e-05	-7.6e-05	-1.59047e-16
-7.6e-05	-7.2e-05	2.62808e-16
-7.6e-05	-6.8e-05	1.55562e-16
-7.6e-05	-6.4e-05	1.38379e-16
-7.6e-05	-6e-05	6.2437e-17
-7.6e-05	-5.6e-05	5.42914e-16
-7.6e-05	-5.2e-05	-1.46385e-17
-7.6e-05	-4.8e-05	7.49117e-17
-7.6e-05	-4.4e-05	-4.67299e-18
-7.6e-05	-4e-05	-6.6635e-17
-7.6e-05	-3.6e-05	-9.84865e-17
-7.6e-05	-3.2e-05	1.70687e-17
-7.6e-05	-2.8e-05	1.23509e-16
-7.6e-05	-2.4e-05	8.78609e-17
-7.6e-05	-2e-05	-1.21377e-16
-7.6e-05	-1.6e-05	-2.87959e-17
-7.6e-05	-1.2e-05	9.21133e-17
-7.6e-05	-8e-06	1.29566e-16
-7.6e-05	-4e-06	-7.91971e-17
-7.6e-05	0	-1.14583e-16
-7.6e-05	4e-06	-1.64236e-16
-7.6e-05	8e-06	-3.17126e-16
-7.6e-05	1.2e-05	6.13316e-17
-7.6e-05	1.6e-05	3.90071e-17
-7.6e-05	2e-05	1.63543e-16
-7.6e-05	2.4e-05	1.84968e-17
-7.6e-05	2.8e-05	2.26194e-17
-7.6e-05	3.2e-05	3.16972e-17
-7.6e-05	3.6e-05	1.699e-16
-7.6e-05	4e-05	-2.00417e-18
-7.6e-05	4.4e-05	3.89612e-17
-7.6e-05	4.8e-05	5.55031e-17
-7.6e-05	5.2e-05	-1.47097e-16
-7.6e-05	5.6e-05	2.06744e-16
-7.6e-05	6e-05	-1.16049e-17
-7.6e-05	6.4e-05	-2.61333e-16
-7.6e-05	6.8e-05	5.17947e-17
-7.6e-05	7.2e-05	3.54701e-16
-7.6e-05	7.6e-05	-6.18564e-17
-7.2e-05	-8e-05	-6.60549e-17
-7.2e-05	-7.6e-05	-7.57689e-17
-7.2e-05	-7.2e-05	-2.03752e-16
-7.2e-05	-6.8e-05	-3.33658e-16
-7.2e-05	-6.4e-05	1.86403e-17
-7.2e-05	-6e-05	1.58548e-16
-7.2e-05	-5.6e-05	-2.00486e-16
-7.2e-05	-5.2e-05	9.99841e-17
-7.2e-05	-4.8e-05	-1.3823e-17
-7.2e-05	-4.4e-05	-1.6116e-17
-7.2e-05	-4e-05	6.67237e-17
-7.2e-05	-3.6e-05	2.64765e-17
-7.2e-05	-3.2e-05	5.93045e-17
-7.2e-05	-2.8e-05	-2.69456e-16
-7.2e-05	-2.4e-05	-8.23087e-17
-7.2e-05	-2e-05	-4.65216e-16
-7.2e-05	-1.6e-05	-1.81502e-18
-7.2e-05	-1.2e-05	1.80225e-17
-7.2e-05	-8e-06	-8.51186e-17
-7.2e-05	-4e-06	6.22439e-17
-7.2e-05	0	8.64334e-17
-7.2e-05	4e-06	3.31164e-17
-7.2e-05	8e-06	-5.40354e-16
-7.2e-05	1.2e-05	-9.20364e-18
-7.2e-05	1.6e-05	-1.12289e-16
-7.2e-05	2e-05	-1.55322e-16
-7.2e-05	2.4e-05	-1.23881e-16
-7.2e-05	2.8e-05	1.02194e-16
-7.2e-05	3.2e-05	4.15124e-17
-7.2e-05	3.6e-05	4.13301e-17
-7.2e-05	4e-05	-2.94408e-17
-7.2e-05	4.4e-05	-1.72183e-16
-7.2e-05	4.8e-05	-7.42076e-17
-7.2e-05	5.2e-05	-2.02733e-17
-7.2e-05	5.6e-05	-2.60524e-17
-7.2e-05	6e-05	1.20419e-17
-7.2e-05	6.4e-05	-1.19219e-16
-7.2e-05	6.8e-05	1.38745e-16
-7.2e-05	7.2e-05	-2.32322e-17
-7.2e-05	7.6e-05	-1.95911e-16
-6.8e-05	-8e-05	-5.59899e-17
-6.8e-05	-7.6e-05	5.24418e-17
-6.8e-05	-7.2e-05	-2.52038e-16
-6.8e-05	-6.8e-05	-6.24426e-17
-6.8e-05	-6.4e-05	-8.78811e-17
-6.8e-05	-6e-05	-6.07919e-17
-6.8e-05	-5.6e-05	-1.3236e-16
-6.8e-05	-5.2e-05	-4.40056e-17
-6.8e-05	-4.8e-05	1.79197e-17
-6.8e-05	-4.4e-05	-2.96992e-17
-6.8e-05	-4e-05	-1.41136e-16
-6.8e-05	-3.6e-05	-7.67591e-17
-6.8e-05	-3.2e-05	-2.84606e-17
-6.8e-05	-2.8e-05	1.55157e-16
-6.8e-05	-2.4e-05	8.85525e-17
-6.8e-05	-2e-05	-1.04005e-16
-6.8e-05	-1.6e-05	4.04965e-17
-6.8e-05	-1.2e-05	3.77322e-16
-6.8e-05	-8e-06	-3.04829e-17
-6.8e-05	-4e-06	4.68603e-17
-6.8e-05	0	8.33646e-17
-6.8e-05	4e-06	-4.80206e-17
-6.8e-05	8e-06	-7.55344e-17
-6.8e-05	1.2e-05	3.03004e-17
-6.8e-05	1.6e-05	5.01086e-17
-6.8e-05	2e-05	6.56352e-18
-6.8e-05	2.4e-05	1.8852e-18
-6.8e-05	2.8e-05	-7.62461e-18
-6.8e-05	3.2e-05	1.15427e-16
-6.8e-05	3.6e-05	3.29057e-17
-6.8e-05	4e-05	-1.72254e-17
-6.8e-05	4.4e-05	-3.06789e-17
-6.8e-05	4.8e-05	-6.19214e-17
-6.8e-05	5.2e-05	-5.998e-17
-6.8e-05	5.6e-05	-8.91712e-17
-6.8e-05	6e-05	-1.10014e-17
-6.8e-05	6.4e-05	-3.8571e-17
-6.8e-05	6.8e-05	-6.25718e-18
-6.8e-05	7.2e-05	-4.9273e-17
-6.8e-05	7.6e-05	9.87977e-17
-6.4e-05	-8e-05	-1.66639e-17
-6.4e-05	-7.6e-05	-1.06861e-16
-6.4e-05	-7.2e-05	8.06537e-17
-6.4e-05	-6.8e-05	-1.35064e-16
-6.4e-05	-6.4e-05	-9.42104e-17
-6.4e-05	-6e-05	-1.5057e-16
-6.4e-05	-5.6e-05	-9.87413e-17
-6.4e-05	-5.2e-05	3.97078e-17
-6.4e-05	-4.8e-05	-7.12673e-17
-6.4e-05	-4.4e-05	-7.54746e-17
-6.4e-05	-4e-05	3.00413e-17
-6.4e-05	-3.6e-05	4.69956e-17
-6.4e-05	-3.2e-05	6.59987e-17
-6.4e-05	-2.8e-05	-1.36443e-16
-6.4e-05	-2.4e-05	1.00363e-16
-6.4e-05	-2e-05	8.32459e-18
-6.4e-05	-1.6e-05	4.03638e-17
-6.4e-05	-1.2e-05	7.71707e-17
-6.4e-05	-8e-06	2.75391e-17
-6.4e-05	-4e-06	-3.89223e-17
-6.4e-05	0	-6.72352e-17
-6.4e-05	4e-06	-2.06437e-17
-6.4e-05	8e-06	-1.31071e-17
-6.4e-05	1.2e-05	-2.62475e-17
-6.4e-05	1.6e-05	-8.78934e-18
-6.4e-05	2e-05	-4.38593e-18
-6.4e-05	2.4e-05	4.34412e-17
-6.4e-05	2.8e-05	3.17622e-17
-6.4e-05	3.2e-05	-2.316e-17
-6.4e-05	3.6e-05	-1.87646e-17
-6.4e-05	4e-05	4.7591e-17
-6.4e-05	4.4e-05	-4.66782e-17
-6.4e-05	4.8e-05	-4.38122e-18
-6.4e-05	5.2e-05	-1.15613e-16
-6.4e-05	5.6e-05	4.82282e-18
-6.4e-05	6e-05	-1.75307e-17
-6.4e-05	6.4e-05	-2.83744e-17
-6.4e-05	6.8e-05	-3.554e-17
-6.4e-05	7.2e-05	-9.39573e-17
-6.4e-05	7.6e-05	3.37442e-17
-6e-05	-8e-05	-2.17295e-17
-6e-05	-7.6e-05	6.59031e-17
-6e-05	-7.2e-05	-1.18953e-16
-6e-05	-6.8e-05	-1.35698e-16
-6e-05	-6.4e-05	-7.70503e-17
-6e-05	-6e-05	-7.5097e-17
-6e-05	-5.6e-05	1.20019e-16
-6e-05	-5.2e-05	-1.12271e-16
-6e-05	-4.8e-05	-9.83578e-17
-6e-05	-4.4e-05	-4.24975e-17
-6e-05	-4e-05	8.91565e-17
-6e-05	-3.6e-05	-1.03434e-16
-6e-05	-3.2e-05	-2.51814e-17
-6e-05	-2.8e-05	3.50067e-17
-6e-05	-2.4e-05	-4.96567e-17
-6e-05	-2e-05	-4.56436e-17
-6e-05	-1.6e-05	5.02239e-17
-6e-05	-1.2e-05	-7.20235e-17
-6e-05	-8e-06	5.14966e-18
-6e-05	-4e-06	3.23436e-17
-6e-05	0	6.46532e-17
-6e-05	4e-06	-5.77389e-19
-6e-05	8e-06	1.44931e-17
-6e-05	1.2e-05	1.70764e-17
-6e-05	1.6e-05	2.08426e-17
-6e-05	2e-05	4.16034e-18
-6e-05	2.4e-05	9.72492e-18
-6e-05	2.8e-05	7.26175e-18
-6e-05	3.2e-05	7.29665e-17
-6e-05	3.6e-05	-3.79882e-17
-6e-05	4e-05	-3.94803e-17
-6e-05	4.4e-05	8.4699e-18
-6e-05	4.8e-05	-2.40034e-17
-6e-05	5.2e-05	-7.78593e-17
-6e-05	5.6e-05	-2.80042e-17
-6e-05	6e-05	-1.07995e-18
-6e-05	6.4e-05	-6.11072e-17
-6e-05	6.8e-05	-1.49684e-17
-6e-05	7.2e-05	-4.28423e-17
-6e-05	7.6e-05	-2.86772e-17
-5.6e-05	-8e-05	-3.85914e-17
-5.6e-05	-7.6e-05	-5.18033e-17
-5.6e-05	-7.2e-05	-4.65984e-17
-5.6e-05	-6.8e-05	1.78938e-17
-5.6e-05	-6.4e-05	-3.55048e-17
-5.6e-05	-6e-05	7.58328e-17
-5.6e-05	-5.6e-05	-4.65886e-17
-5.6e-05	-5.2e-05	-1.18042e-16
-5.6e-05	-4.8e-05	-1.3039e-17
-5.6e-05	-4.4e-05	4.63158e-17
-5.6e-05	-4e-05	-7.44528e-17
-5.6e-05	-3.6e-05	2.51845e-17
-5.6e-05	-3.2e-05	1.18076e-16
-5.6e-05	-2.8e-05	-5.68112e-17
-5.6e-05	-2.4e-05	-1.33013e-16
-5.6e-05	-2e-05	-3.91491e-17
-5.6e-05	-1.6e-05	-5.86784e-17
-5.6e-05	-1.2e-05	1.01386e-17
-5.6e-05	-8e-06	-3.98566e-17
-5.6e-05	-4e-06	8.02459e-17
-5.6e-05	0	1.00665e-17
-5.6e-05	4e-06	6.2592e-17
-5.6e-05	8e-06	4.74343e-17
-5.6e-05	1.2e-05	7.37991e-17
-5.6e-05	1.6e-05	8.81667e-18
-5.6e-05	2e-05	3.89123e-17
-5.6e-05	2.4e-05	-2.04216e-17
-5.6e-05	2.8e-05	-7.4226e-17
-5.6e-05	3.2e-05	-5.55146e-18
-5.6e-05	3.6e-05	9.15597e-17
-5.6e-05	4e-05	-4.57609e-17
-5.6e-05	4.4e-05	-1.71972e-17
-5.6e-05	4.8e-05	2.19681e-17
-5.6e-05	5.2e-05	1.25192e-17
-5.6e-05	5.6e-05	-6.45024e-17
-5.6e-05	6e-05	-3.77712e-17
-5.6e-05	6.4e-05	-5.3087e-17
-5.6e-05	6.8e-05	-7.32226e-17
-5.6e-05	7.2e-05	4.3747e-17
-5.6e-05	7.6e-05	-9.45575e-17
-5.2e-05	-8e-05	1.16127e-17
-5.2e-05	-7.6e-05	-1.28335e-16
-5.2e-05	-7.2e-05	2.46509e-17
-5.2e-05	-6.8e-05	-1.25258e-16
-5.2e-05	-6.4e-05	-2.69348e-17
-5.2e-05	-6e-05	-1.2122e-16
-5.2e-05	-5.6e-05	-1.07114e-16
-5.2e-05	-5.2e-05	-7.92207e-17
-5.2e-05	-4.8e-05	3.06316e-17
-5.2e-05	-4.4e-05	-7.39617e-17
-5.2e-05	-4e-05	6.64301e-17
-5.2e-05	-3.6e-05	1.04942e-16
-5.2e-05	-3.2e-05	-5.49307e-17
-5.2e-05	-2.8e-05	-6.95447e-17
-5.2e-05	-2.4e-05	-6.20378e-17
-5.2e-05	-2e-05	-1.39215e-17
-5.2e-05	-1.6e-05	4.97912e-18
-5.2e-05	-1.2e-05	-4.39764e-17
-5.2e-05	-8e-06	-5.98713e-18
-5.2e-05	-4e-06	9.50914e-18
-5.2e-05	0	3.9005e-17
-5.2e-05	4e-06	1.96951e-17
-5.2e-05	8e-06	4.33003e-17
-5.2e-05	1.2e-05	3.25302e-17
-5.2e-05	1.6e-05	2.76214e-17
-5.2e-05	2e-05	-3.07932e-18
-5.2e-05	2.4e-05	4.02501e-17
-5.2e-05	2.8e-05	-2.19767e-17
-5.2e-05	3.2e-05	-2.13354e-17
-5.2e-05	3.6e-05	-3.25458e-17
-5.2e-05	4e-05	1.1543e-16
-5.2e-05	4.4e-05	-3.13459e-17
-5.2e-05	4.8e-05	2.51308e-17
-5.2e-05	5.2e-05	3.18919e-17
-5.2e-05	5.6e-05	-2.79757e-17
-5.2e-05	6e-05	-4.55076e-17
-5.2e-05	6.4e-05	-6.12653e-17
-5.2e-05	6.8e-05	-7.9468e-17
-5.2e-05	7.2e-05	-1.07219e-16
-5.2e-05	7.6e-05	-3.17585e-17
-4.8e-05	-8e-05	-1.58367e-16
-4.8e-05	-7.6e-05	-6.77601e-17
-4.8e-05	-7.2e-05	-1.52733e-16
-4.8e-05	-6.8e-05	-7.53141e-17
-4.8e-05	-6.4e-05	-1.16598e-16
-4.8e-05	-6e-05	-7.92872e-17
-4.8e-05	-5.6e-05	-1.20596e-16
-4.8e-05	-5.2e-05	4.66766e-18
-4.8e-05	-4.8e-05	-1.47797e-16
-4.8e-05	-4.4e-05	1.01141e-16
-4.8e-05	-4e-05	1.90119e-17
-4.8e-05	-3.6e-05	-4.69295e-17
-4.8e-05	-3.2e-05	3.7366e-17
-4.8e-05	-2.8e-05	-2.41292e-17
-4.8e-05	-2.4e-05	-6.84489e-17
-4.8e-05	-2e-05	1.70984e-17
-4.8e-05	-1.6e-05	-4.37415e-17
-4.8e-05	-1.2e-05	-3.81515e-18
-4.8e-05	-8e-06	5.37343e-17
-4.8e-05	-4e-06	3.71122e-17
-4.8e-05	0	1.07507e-17
-4.8e-05	4e-06	5.64619e-18
-4.8e-05	8e-06	1.25836e-17
-4.8e-05	1.2e-05	1.07563e-16
-4.8e-05	1.6e-05	-2.26582e-17
-4.8e-05	2e-05	5.381e-19
-4.8e-05	2.4e-05	-1.24391e-17
-4.8e-05	2.8e-05	3.50621e-17
-4.8e-05	3.2e-05	-4.662e-17
-4.8e-05	3.6e-05	1.66379e-17
-4.8e-05	4e-05	-4.19402e-18
-4.8e-05	4.4e-05	9.21064e-17
-4.8e-05	4.8e-05	2.31646e-17
-4.8e-05	5.2e-05	-6.59378e-18
-4.8e-05	5.6e-05	7.7801e-17
-4.8e-05	6e-05	-6.52648e-17
-4.8e-05	6.4e-05	-4.64025e-17
-4.8e-05	6.8e-05	-9.16946e-17
-4.8e-05	7.2e-05	-7.32641e-17
-4.8e-05	7.6e-05	-8.00489e-17
-4.4e-05	-8e-05	-1.36116e-16
-4.4e-05	-7.6e-05	-1.05553e-16
-4.4e-05	-7.2e-05	-3.81778e-17
-4.4e-05	-6.8e-05	-7.52953e-17
-4.4e-05	-6.4e-05	-3.84505e-17
-4.4e-05	-6e-05	-1.26695e-16
-4.4e-05	-5.6e-05	2.2664e-17
-4.4e-05	-5.2e-05	-1.54013e-16
-4.4e-05	-4.8e-05	1.07418e-16
-4.4e-05	-4.4e-05	-5.61613e-17
-4.4e-05	-4e-05	-6.34644e-18
-4.4e-05	-3.6e-05	1.22251e-16
-4.4e-05	-3.2e-05	5.16784e-18
-4.4e-05	-2.8e-05	-1.92633e-16
-4.4e-05	-2.4e-05	5.31331e-17
-4.4e-05	-2e-05	-2.55196e-17
-4.4e-05	-1.6e-05	1.80766e-17
-4.4e-05	-1.2e-05	1.4984e-18
-4.4e-05	-8e-06	-1.3604e-17
-4.4e-05	-4e-06	7.48308e-17
-4.4e-05	0	-2.50936e-17
-4.4e-05	4e-06	3.16635e-17
-4.4e-05	8e-06	1.31751e-16
-4.4e-05	1.2e-05	-3.286e-17
-4.4e-05	1.6e-05	1.04389e-16
-4.4e-05	2e-05	-4.6179e-17
-4.4e-05	2.4e-05	-1.97443e-17
-4.4e-05	2.8e-05	-7.07175e-18
-4.4e-05	3.2e-05	1.45199e-19
-4.4e-05	3.6e-05	-6.10294e-17
-4.4e-05	4e-05	4.22152e-17
-4.4e-05	4.4e-05	2.2838e-18
-4.4e-05	4.8e-05	6.07007e-17
-4.4e-05	5.2e-05	7.06952e-17
-4.4e-05	5.6e-05	-6.75363e-17
-4.4e-05	6e-05	9.72927e-17
-4.4e-05	6.4e-05	-1.07261e-16
-4.4e-05	6.8e-05	3.61074e-17
-4.4e-05	7.2e-05	-1.5871e-16
-4.4e-05	7.6e-05	1.13511e-18
-4e-05	-8e-05	-1.79752e-16
-4e-05	-7.6e-05	1.87141e-17
-4e-05	-7.2e-05	-1.53023e-16
-4e-05	-6.8e-05	5.60353e-17
-4e-05	-6.4e-05	-2.07499e-16
-4e-05	-6e-05	5.88993e-17
-4e-05	-5.6e-05	-1.15091e-16
-4e-05	-5.2e-05	1.00534e-16
-4e-05	-4.8e-05	1.43577e-17
-4e-05	-4.4e-05	-3.95974e-17
-4e-05	-4e-05	1.03322e-16
-4e-05	-3.6e-05	-5.17128e-17
-4e-05	-3.2e-05	-2.4139e-16
-4e-05	-2.8e-05	3.68781e-17
-4e-05	-2.4e-05	-2.666e-17
-4e-05	-2e-05	5.22115e-17
-4e-05	-1.6e-05	-1.03848e-16
-4e-05	-1.2e-05	-1.94739e-18
-4e-05	-8e-06	8.62719e-17
-4e-05	-4e-06	7.09776e-17
-4e-05	0	-2.46206e-17
-4e-05	4e-06	-5.62199e-17
-4e-05	8e-06	-1.20017e-17
-4e-05	1.2e-05	6.8865e-17
-4e-05	1.6e-05	-3.56763e-17
-4e-05	2e-05	9.89692e-17
-4e-05	2.4e-05	-1.75928e-17
-4e-05	2.8e-05	-2.38654e-17
-4e-05	3.2e-05	5.29858e-17
-4e-05	3.6e-05	-6.69382e-17
-4e-05	4e-05	3.5853e-18
-4e-05	4.4e-05	8.15789e-18
-4e-05	4.8e-05	1.39647e-17
-4e-05	5.2e-05	1.08594e-16
-4e-05	5.6e-05	9.85929e-18
-4e-05	6e-05	2.83431e-17
-4e-05	6.4e-05	1.71036e-17
-4e-05	6.8e-05	-7.99256e-17
-4e-05	7.2e-05	4.0336e-17
-4e-05	7.6e-05	-1.1338e-16
-3.6e-05	-8e-05	8.14452e-17
-3.6e-05	-7.6e-05	-1.00748e-16
-3.6e-05	-7.2e-05	4.70739e-17
-3.6e-05	-6.8e-05	-1.02149e-16
-3.6e-05	-6.4e-05	3.28285e-18
-3.6e-05	-6e-05	5.09232e-17
-3.6e-05	-5.6e-05	-3.81564e-19
-3.6e-05	-5.2e-05	1.18308e-16
-3.6e-05	-4.8e-05	-7.61185e-17
-3.6e-05	-4.4e-05	1.91069e-17
-3.6e-05	-4e-05	-1.58096e-17
-3.6e-05	-3.6e-05	-2.36646e-16
-3.6e-05	-3.2e-05	6.42886e-17
-3.6e-05	-2.8e-05	-4.97626e-17
-3.6e-05	-2.4e-05	8.52961e-17
-3.6e-05	-2e-05	-1.435e-16
-3.6e-05	-1.6e-05	-5.56437e-16
-3.6e-05	-1.2e-05	-2.0076e-16
-3.6e-05	-8e-06	2.35282e-15
-3.6e-05	-4e-06	1.5663e-15
-3.6e-05	0	-5.04852e-15
-3.6e-05	4e-06	-1.04477e-14
-3.6e-05	8e-06	-6.30451e-15
-3.6e-05	1.2e-05	-2.51273e-16
-3.6e-05	1.6e-05	-5.87205e-17
-3.6e-05	2e-05	-4.30222e-17
-3.6e-05	2.4e-05	5.53911e-17
-3.6e-05	2.8e-05	2.6157e-17
-3.6e-05	3.2e-05	-6.93637e-18
-3.6e-05	3.6e-05	2.00157e-17
-3.6e-05	4e-05	-1.06456e-16
-3.6e-05	4.4e-05	1.29556e-17
-3.6e-05	4.8e-05	-2.46394e-17
-3.6e-05	5.2e-05	-3.22909e-17
-3.6e-05	5.6e-05	7.62342e-17
-3.6e-05	6e-05	-4.51686e-17
-3.6e-05	6.4e-05	9.83103e-17
-3.6e-05	6.8e-05	-4.451e-17
-3.6e-05	7.2e-05	9.23056e-17
-3.6e-05	7.6e-05	1.92907e-17
-3.2e-05	-8e-05	6.62738e-17
-3.2e-05	-7.6e-05	-4.32837e-18
-3.2e-05	-7.2e-05	9.92452e-17
-3.2e-05	-6.8e-05	-5.23588e-17
-3.2e-05	-6.4e-05	1.99693e-16
-3.2e-05	-6e-05	-4.76831e-17
-3.2e-05	-5.6e-05	9.06905e-17
-3.2e-05	-5.2e-05	-6.86064e-17
-3.2e-05	-4.8e-05	-5.96574e-17
-3.2e-05	-4.4e-05	-5.76664e-17
-3.2e-05	-4e-05	-2.68033e-16
-3.2e-05	-3.6e-05	-1.3833e-17
-3.2e-05	-3.2e-05	-3.40734e-17
-3.2e-05	-2.8e-05	-3.41654e-17
-3.2e-05	-2.4e-05	-1.25829e-16
-3.2e-05	-2e-05	-3.06688e-15
-3.2e-05	-1.6e-05	-8.44343e-14
-3.2e-05	-1.2e-05	-4.31231e-14
-3.2e-05	-8e-06	3.78403e-13
-3.2e-05	-4e-06	2.6536e-13
-3.2e-05	0	-8.37522e-13
-3.2e-05	4e-06	-1.72952e-12
-3.2e-05	8e-06	-1.05406e-12
-3.2e-05	1.2e-05	-3.71324e-14
-3.2e-05	1.6e-05	-7.45805e-16
-3.2e-05	2e-05	-7.06016e-17
-3.2e-05	2.4e-05	3.30662e-17
-3.2e-05	2.8e-05	1.22967e-18
-3.2e-05	3.2e-05	3.50828e-17
-3.2e-05	3.6e-05	6.87468e-18
-3.2e-05	4e-05	-1.77877e-18
-3.2e-05	4.4e-05	-9.3529e-17
-3.2e-05	4.8e-05	-3.10355e-17
-3.2e-05	5.2e-05	-1.02022e-16
-3.2e-05	5.6e-05	-6.28308e-17
-3.2e-05	6e-05	-1.93279e-17
-3.2e-05	6.4e-05	-7.41462e-17
-3.2e-05	6.8e-05	2.00946e-17
-3.2e-05	7.2e-05	-7.13775e-17
-3.2e-05	7.6e-05	6.10291e-17
-2.8e-05	-8e-05	-3.7186e-17
-2.8e-05	-7.6e-05	3.74041e-17
-2.8e-05	-7.2e-05	-7.56764e-17
-2.8e-05	-6.8e-05	4.99668e-17
-2.8e-05	-6.4e-05	-7.77959e-17
-2.8e-05	-6e-05	-7.19889e-17
-2.8e-05	-5.6e-05	-2.46101e-17
-2.8e-05	-5.2e-05	-1.38928e-16
-2.8e-05	-4.8e-05	-1.22121e-16
-2.8e-05	-4.4e-05	-1.84858e-16
-2.8e-05	-4e-05	-5.05543e-17
-2.8e-05	-3.6e-05	1.11187e-17
-2.8e-05	-3.2e-05	-6.24675e-17
-2.8e-05	-2.8e-05	-1.20623e-16
-2.8e-05	-2.4e-05	-7.6298e-15
-2.8e-05	-2e-05	-4.20025e-13
-2.8e-05	-1.6e-05	-1.3962e-11
-2.8e-05	-1.2e-05	-7.45475e-12
-2.8e-05	-8e-06	6.25644e-11
-2.8e-05	-4e-06	4.44889e-11
-2.8e-05	0	-1.37514e-10
-2.8e-05	4e-06	-2.85091e-10
-2.8e-05	8e-06	-1.73138e-10
-2.8e-05	1.2e-05	-5.12238e-12
-2.8e-05	1.6e-05	-9.20757e-14
-2.8e-05	2e-05	-1.24595e-15
-2.8e-05	2.4e-05	-2.48244e-17
-2.8e-05	2.8e-05	1.7676e-17
-2.8e-05	3.2e-05	-3.40153e-17
-2.8e-05	3.6e-05	1.7702e-17
-2.8e-05	4e-05	1.35998e-17
-2.8e-05	4.4e-05	1.43484e-17
-2.8e-05	4.8e-05	-5.16466e-17
-2.8e-05	5.2e-05	-4.82465e-17
-2.8e-05	5.6e-05	-5.95466e-17
-2.8e-05	6e-05	-7.40742e-17
-2.8e-05	6.4e-05	-9.97057e-17
-2.8e-05	6.8e-05	-7.16285e-17
-2.8e-05	7.2e-05	-5.16599e-17
-2.8e-05	7.6e-05	-4.99393e-17
-2.4e-05	-8e-05	-1.44924e-16
-2.4e-05	-7.6e-05	-1.56714e-16
-2.4e-05	-7.2e-05	-1.70008e-16
-2.4e-05	-6.8e-05	-1.23431e-16
-2.4e-05	-6.4e-05	-1.36309e-16
-2.4e-05	-6e-05	3.0167e-17
-2.4e-05	-5.6e-05	-2.65039e-17
-2.4e-05	-5.2e-05	4.12395e-17
-2.4e-05	-4.8e-05	-9.50763e-17
-2.4e-05	-4.4e-05	-1.69908e-17
-2.4e-05	-4e-05	-1.03088e-16
-2.4e-05	-3.6e-05	-1.04785e-16
-2.4e-05	-3.2e-05	-2.37217e-16
-2.4e-05	-2.8e-05	-1.03006e-14
-2.4e-05	-2.4e-05	-8.428e-13
-2.4e-05	-2e-05	-5.57106e-11
-2.4e-05	-1.6e-05	-2.30883e-09
-2.4e-05	-1.2e-05	-1.28557e-09
-2.4e-05	-8e-06	1.03442e-08
-2.4e-05	-4e-06	7.45694e-09
-2.4e-05	0	-2.25768e-08
-2.4e-05	4e-06	-4.69942e-08
-2.4e-05	8e-06	-2.84384e-08
-2.4e-05	1.2e-05	-6.76715e-10
-2.4e-05	1.6e-05	-1.01605e-11
-2.4e-05	2e-05	-1.22331e-13
-2.4e-05	2.4e-05	-1.24483e-15
-2.4e-05	2.8e-05	5.47781e-17
-2.4e-05	3.2e-05	-2.75378e-17
-2.4e-05	3.6e-05	-2.55177e-17
-2.4e-05	4e-05	2.10336e-17
-2.4e-05	4.4e-05	-4.82429e-17
-2.4e-05	4.8e-05	-4.51558e-17
-2.4e-05	5.2e-05	-4.10187e-17
-2.4e-05	5.6e-05	-3.62301e-17
-2.4e-05	6e-05	-4.73533e-17
-2.4e-05	6.4e-05	-2.16268e-18
-2.4e-05	6.8e-05	-5.06796e-17
-2.4e-05	7.2e-05	-1.96684e-18
-2.4e-05	7.6e-05	-3.3602e-16
-2e-05	-8e-05	-6.3017e-15
-2e-05	-7.6e-05	-1.32038e-14
-2e-05	-7.2e-05	-1.44116e-14
-2e-05	-6.8e-05	-9.37335e-15
-2e-05	-6.4e-05	-1.98088e-16
-2e-05	-6e-05	8.98599e-15
-2e-05	-5.6e-05	1.42394e-14
-2e-05	-5.2e-05	1.31684e-14
-2e-05	-4.8e-05	6.49209e-15
-2e-05	-4.4e-05	-3.28168e-15
-2e-05	-4e-05	-1.15189e-14
-2e-05	-3.6e-05	-1.49009e-14
-2e-05	-3.2e-05	-1.92638e-14
-2e-05	-2.8e-05	-8.53892e-13
-2e-05	-2.4e-05	-8.41124e-11
-2e-05	-2e-05	-6.93421e-09
-2e-05	-1.6e-05	-3.8176e-07
-2e-05	-1.2e-05	-2.21348e-07
-2e-05	-8e-06	1.71022e-06
-2e-05	-4e-06	1.24955e-06
-2e-05	0	-3.70661e-06
-2e-05	4e-06	-7.74666e-06
-2e-05	8e-06	-4.67107e-06
-2e-05	1.2e-05	-8.38368e-08
-2e-05	1.6e-05	-1.00905e-09
-2e-05	2e-05	-1.01361e-11
-2e-05	2.4e-05	-9.13857e-14
-2e-05	2.8e-05	1.26231e-15
-2e-05	3.2e-05	3.00139e-15
-2e-05	3.6e-05	2.52686e-15
-2e-05	4e-05	1.02664e-15
-2e-05	4.4e-05	-9.28196e-16
-2e-05	4.8e-05	-2.57304e-15
-2e-05	5.2e-05	-2.9147e-15
-2e-05	5.6e-05	-2.20297e-15
-2e-05	6e-05	-3.68109e-16
-2e-05	6.4e-05	1.46638e-15
-2e-05	6.8e-05	2.76626e-15
-2e-05	7.2e-05	1.98651e-15
-2e-05	7.6e-05	-3.43131e-14
-1.6e-05	-8e-05	-1.02489e-12
-1.6e-05	-7.6e-05	-2.15682e-12
-1.6e-05	-7.2e-05	-2.36103e-12
-1.6e-05	-6.8e-05	-1.53044e-12
-1.6e-05	-6.4e-05	-2.88752e-14
-1.6e-05	-6e-05	1.48536e-12
-1.6e-05	-5.6e-05	2.34822e-12
-1.6e-05	-5.2e-05	2.18173e-12
-1.6e-05	-4.8e-05	1.05846e-12
-1.6e-05	-4.4e-05	-5.28862e-13
-1.6e-05	-4e-05	-1.88436e-12
-1.6e-05	-3.6e-05	-2.41675e-12
-1.6e-05	-3.2e-05	-2.31882e-12
-1.6e-05	-2.8e-05	-5.75501e-11
-1.6e-05	-2.4e-05	-7.02124e-09
-1.6e-05	-2e-05	-7.68725e-07
-1.6e-05	-1.6e-05	-6.31166e-05
-1.6e-05	-1.2e-05	-3.80565e-05
-1.6e-05	-8e-06	0.000282747
-1.6e-05	-4e-06	0.000209333
-1.6e-05	0	-0.000608534
-1.6e-05	4e-06	-0.00127701
-1.6e-05	8e-06	-0.000767233
-1.6e-05	1.2e-05	-9.23867e-06
-1.6e-05	1.6e-05	-8.358e-08
-1.6e-05	2e-05	-6.72679e-10
-1.6e-05	2.4e-05	-5.0295e-12
-1.6e-05	2.8e-05	2.99725e-13
-1.6e-05	3.2e-05	4.82049e-13
-1.6e-05	3.6e-05	4.16727e-13
-1.6e-05	4e-05	1.68502e-13
-1.6e-05	4.4e-05	-1.53664e-13
-1.6e-05	4.8e-05	-4.08374e-13
-1.6e-05	5.2e-05	-4.84181e-13
-1.6e-05	5.6e-05	-3.4754e-13
-1.6e-05	6e-05	-5.8654e-14
-1.6e-05	6.4e-05	2.55997e-13
-1.6e-05	6.8e-05	4.57121e-13
-1.6e-05	7.2e-05	3.71328e-13
-1.6e-05	7.6e-05	-4.67182e-12
-1.2e-05	-8e-05	-1.67854e-10
-1.2e-05	-7.6e-05	-3.54488e-10
-1.2e-05	-7.2e-05	-3.8807e-10
-1.2e-05	-6.8e-05	-2.51548e-10
-1.2e-05	-6.4e-05	-4.73802e-12
-1.2e-05	-6e-05	2.44149e-10
-1.2e-05	-5.6e-05	3.85992e-10
-1.2e-05	-5.2e-05	3.58602e-10
-1.2e-05	-4.8e-05	1.73988e-10
-1.2e-05	-4.4e-05	-8.69092e-11
-1.2e-05	-4e-05	-3.09703e-10
-1.2e-05	-3.6e-05	-3.96802e-10
-1.2e-05	-3.2e-05	-3.2478e-10
-1.2e-05	-2.8e-05	-2.52515e-09
-1.2e-05	-2.4e-05	-3.962e-07
-1.2e-05	-2e-05	-6.44276e-05
-1.2e-05	-1.6e-05	-0.010434
-1.2e-05	-1.2e-05	-0.00653431
-1.2e-05	-8e-06	0.0467445
-1.2e-05	-4e-06	0.0350601
-1.2e-05	0	-0.0999055
-1.2e-05	4e-06	-0.210517
-1.2e-05	8e-06	-0.12602
-1.2e-05	1.2e-05	-0.000765616
-1.2e-05	1.6e-05	-4.62845e-06
-1.2e-05	2e-05	-2.80257e-08
-1.2e-05	2.4e-05	-1.62102e-10
-1.2e-05	2.8e-05	5.427e-11
-1.2e-05	3.2e-05	7.92645e-11
-1.2e-05	3.6e-05	6.84933e-11
-1.2e-05	4e-05	2.7686e-11
-1.2e-05	4.4e-05	-2.52599e-11
-1.2e-05	4.8e-05	-6.71309e-11
-1.2e-05	5.2e-05	-7.95693e-11
-1.2e-05	5.6e-05	-5.71215e-11
-1.2e-05	6e-05	-9.62969e-12
-1.2e-05	6.4e-05	4.20831e-11
-1.2e-05	6.8e-05	7.52298e-11
-1.2e-05	7.2e-05	6.58348e-11
-1.2e-05	7.6e-05	-6.07686e-10
-8e-06	-8e-05	-2.74925e-08
-8e-06	-7.6e-05	-5.82637e-08
-8e-06	-7.2e-05	-6.37859e-08
-8e-06	-6.8e-05	-4.13461e-08
-8e-06	-6.4e-05	-7.78768e-10
-8e-06	-6e-05	4.013e-08
-8e-06	-5.6e-05	6.34444e-08
-8e-06	-5.2e-05	5.89423e-08
-8e-06	-4.8e-05	2.85978e-08
-8e-06	-4.4e-05	-1.4285e-08
-8e-06	-4e-05	-5.09048e-08
-8e-06	-3.6e-05	-6.52063e-08
-8e-06	-3.2e-05	-5.0968e-08
-8e-06	-2.8e-05	-2.24267e-08
-8e-06	-2.4e-05	-1.30624e-06
-8e-06	-2e-05	-0.000219354
-8e-06	-1.6e-05	-0.0359065
-8e-06	-1.2e-05	-0.0468082
-8e-06	-8e-06	0.0465615
-8e-06	-4e-06	0.109482
-8e-06	0	0.0149798
-8e-06	4e-06	-0.112232
-8e-06	8e-06	-0.0615786
-8e-06	1.2e-05	-0.000375047
-8e-06	1.6e-05	-2.29313e-06
-8e-06	2e-05	-2.11415e-08
-8e-06	2.4e-05	1.07817e-09
-8e-06	2.8e-05	9.08781e-09
-8e-06	3.2e-05	1.30295e-08
-8e-06	3.6e-05	1.1258e-08
-8e-06	4e-05	4.55066e-09
-8e-06	4.4e-05	-4.15189e-09
-8e-06	4.8e-05	-1.10341e-08
-8e-06	5.2e-05	-1.30786e-08
-8e-06	5.6e-05	-9.3889e-09
-8e-06	6e-05	-1.58279e-09
-8e-06	6.4e-05	6.91718e-09
-8e-06	6.8e-05	1.23749e-08
-8e-06	7.2e-05	1.14564e-08
-8e-06	7.6e-05	-7.34048e-08
-4e-06	-8e-05	-4.50292e-06
-4e-06	-7.6e-05	-9.57632e-06
-4e-06	-7.2e-05	-1.04843e-05
-4e-06	-6.8e-05	-6.79594e-06
-4e-06	-6.4e-05	-1.28004e-07
-4e-06	-6e-05	6.59605e-06
-4e-06	-5.6e-05	1.04282e-05
-4e-06	-5.2e-05	9.68817e-06
-4e-06	-4.8e-05	4.70054e-06
-4e-06	-4.4e-05	-2.34798e-06
-4e-06	-4e-05	-8.36706e-06
-4e-06	-3.6e-05	-1.07177e-05
-4e-06	-3.2e-05	-8.36939e-06
-4e-06	-2.8e-05	-2.36163e-06
-4e-06	-2.4e-05	3.02097e-06
-4e-06	-2e-05	-0.000268412
-4e-06	-1.6e-05	-0.0458585
-4e-06	-1.2e-05	-0.0795934
-4e-06	-8e-06	-0.0343434
-4e-06	-4e-06	0.0799254
-4e-06	0	0.126809
-4e-06	4e-06	0.0761548
-4e-06	8e-06	0.0351174
-4e-06	1.2e-05	0.000206785
-4e-06	1.6e-05	-8.1379e-07
-4e-06	2e-05	-1.18803e-06
-4e-06	2.4e-05	1.91121e-07
-4e-06	2.8e-05	1.49382e-06
-4e-06	3.2e-05	2.14162e-06
-4e-06	3.6e-05	1.85045e-06
-4e-06	4e-05	7.47978e-07
-4e-06	4.4e-05	-6.82434e-07
-4e-06	4.8e-05	-1.81364e-06
-4e-06	5.2e-05	-2.14968e-06
-4e-06	5.6e-05	-1.54322e-06
-4e-06	6e-05	-2.60159e-07
-4e-06	6.4e-05	1.13696e-06
-4e-06	6.8e-05	2.03497e-06
-4e-06	7.2e-05	1.96197e-06
-4e-06	7.6e-05	-7.68832e-06
0	-8e-05	-0.000737514
0	-7.6e-05	-0.001574
0	-7.2e-05	-0.00172327
0	-6.8e-05	-0.00111703
0	-6.4e-05	-2.10396e-05
0	-6e-05	0.00108417
0	-5.6e-05	0.00171404
0	-5.2e-05	0.00159242
0	-4.8e-05	0.000772614
0	-4.4e-05	-0.000385931
0	-4e-05	-0.00137527
0	-3.6e-05	-0.00176164
0	-3.2e-05	-0.00137564
0	-2.8e-05	-0.000386505
0	-2.4e-05	0.000773362
0	-2e-05	0.00180701
0	-1.6e-05	0.0367876
0	-1.2e-05	-0.00132483
0	-8e-06	-0.102268
0	-4e-06	-0.0730772
0	0	0.0334044
0	4e-06	0.0730966
0	8e-06	0.027139
0	1.2e-05	-0.000349499
0	1.6e-05	-0.00033834
0	2e-05	-0.000196491
0	2.4e-05	3.14068e-05
0	2.8e-05	0.000245535
0	3.2e-05	0.000352011
0	3.6e-05	0.000304153
0	4e-05	0.000122943
0	4.4e-05	-0.00011217
0	4.8e-05	-0.000298103
0	5.2e-05	-0.000353337
0	5.6e-05	-0.000253655
0	6e-05	-4.27615e-05
0	6.4e-05	0.00018688
0	6.8e-05	0.00033456
0	7.2e-05	0.000331201
0	7.6e-05	-0.000540133
4e-06	-8e-05	-0.120793
4e-06	-7.6e-05	-0.25871
4e-06	-7.2e-05	-0.283249
4e-06	-6.8e-05	-0.183602
4e-06	-6.4e-05	-0.00345821
4e-06	-6e-05	0.178202
4e-06	-5.6e-05	0.281732
4e-06	-5.2e-05	0.261741
4e-06	-4.8e-05	0.126992
4e-06	-4.4e-05	-0.0634343
4e-06	-4e-05	-0.226049
4e-06	-3.6e-05	-0.289555
4e-06	-3.2e-05	-0.22611
4e-06	-2.8e-05	-0.0635299
4e-06	-2.4e-05	0.126904
4e-06	-2e-05	0.261697
4e-06	-1.6e-05	0.281541
4e-06	-1.2e-05	0.142938
4e-06	-8e-06	-0.05615
4e-06	-4e-06	-0.12889
4e-06	0	-0.0729677
4e-06	4e-06	-0.0188386
4e-06	8e-06	-0.0295192
4e-06	1.2e-05	-0.054519
4e-06	1.6e-05	-0.0555954
4e-06	2e-05	-0.0322966
4e-06	2.4e-05	0.00516224
4e-06	2.8e-05	0.0403578
4e-06	3.2e-05	0.057859
4e-06	3.6e-05	0.0499927
4e-06	4e-05	0.0202078
4e-06	4.4e-05	-0.018437
4e-06	4.8e-05	-0.0489983
4e-06	5.2e-05	-0.0580769
4e-06	5.6e-05	-0.0416925
4e-06	6e-05	-0.00702859
4e-06	6.4e-05	0.0307169
4e-06	6.8e-05	0.054995
4e-06	7.2e-05	0.0551613
4e-06	7.6e-05	0.031147
8e-06	-8e-05	-0.0042376
8e-06	-7.6e-05	-0.0115245
8e-06	-7.2e-05	-0.0126691
8e-06	-6.8e-05	-0.00821335
8e-06	-6.4e-05	-0.000154699
8e-06	-6e-05	0.00797186
8e-06	-5.6e-05	0.0126033
8e-06	-5.2e-05	0.0117089
8e-06	-4.8e-05	0.00568098
8e-06	-4.4e-05	-0.00283773
8e-06	-4e-05	-0.0101123
8e-06	-3.6e-05	-0.0129532
8e-06	-3.2e-05	-0.010115
8e-06	-2.8e-05	-0.00284201
8e-06	-2.4e-05	0.00567691
8e-06	-2e-05	0.0117039
8e-06	-1.6e-05	0.0125294
8e-06	-1.2e-05	0.00640393
8e-06	-8e-06	-0.00231493
8e-06	-4e-06	-0.00562508
8e-06	0	-0.00332756
8e-06	4e-06	-0.000984718
8e-06	8e-06	-0.00137768
8e-06	1.2e-05	-0.00244127
8e-06	1.6e-05	-0.00248716
8e-06	2e-05	-0.00144479
8e-06	2.4e-05	0.000230932
8e-06	2.8e-05	0.0018054
8e-06	3.2e-05	0.00258832
8e-06	3.6e-05	0.00223642
8e-06	4e-05	0.000903992
8e-06	4.4e-05	-0.000824777
8e-06	4.8e-05	-0.00219193
8e-06	5.2e-05	-0.00259807
8e-06	5.6e-05	-0.00186511
8e-06	6e-05	-0.000314423
8e-06	6.4e-05	0.00137412
8e-06	6.8e-05	0.00246021
8e-06	7.2e-05	0.00246791
8e-06	7.6e-05	0.00139973
1.2e-05	-8e-05	-0.000139959
1.2e-05	-7.6e-05	-0.000511412
1.2e-05	-7.2e-05	-0.000566489
1.2e-05	-6.8e-05	-0.000367409
1.2e-05	-6.4e-05	-6.91968e-06
1.2e-05	-6e-05	0.000356621
1.2e-05	-5.6e-05	0.000563806
1.2e-05	-5.2e-05	0.000523798
1.2e-05	-4.8e-05	0.000254138
1.2e-05	-4.4e-05	-0.000126945
1.2e-05	-4e-05	-0.000452372
1.2e-05	-3.6e-05	-0.000579461
1.2e-05	-3.2e-05	-0.000452494
1.2e-05	-2.8e-05	-0.000127138
1.2e-05	-2.4e-05	0.00025394
1.2e-05	-2e-05	0.000523326
1.2e-05	-1.6e-05	0.000557787
1.2e-05	-1.2e-05	0.000287124
1.2e-05	-8e-06	-9.50407e-05
1.2e-05	-4e-06	-0.000245505
1.2e-05	0	-0.000151508
1.2e-05	4e-06	-5.02093e-05
1.2e-05	8e-06	-6.42861e-05
1.2e-05	1.2e-05	-0.00010942
1.2e-05	1.6e-05	-0.000111276
1.2e-05	2e-05	-6.46333e-05
1.2e-05	2.4e-05	1.03307e-05
1.2e-05	2.8e-05	8.07645e-05
1.2e-05	3.2e-05	0.000115788
1.2e-05	3.6e-05	0.000100046
1.2e-05	4e-05	4.044e-05
1.2e-05	4.4e-05	-3.68963e-05
1.2e-05	4.8e-05	-9.80559e-05
1.2e-05	5.2e-05	-0.000116224
1.2e-05	5.6e-05	-8.34356e-05
1.2e-05	6e-05	-1.40657e-05
1.2e-05	6.4e-05	6.14712e-05
1.2e-05	6.8e-05	0.000110059
1.2e-05	7.2e-05	0.000110428
1.2e-05	7.6e-05	6.29726e-05
1.6e-05	-8e-05	-4.16104e-06
1.6e-05	-7.6e-05	-2.26162e-05
1.6e-05	-7.2e-05	-2.53199e-05
1.6e-05	-6.8e-05	-1.64345e-05
1.6e-05	-6.4e-05	-3.09455e-07
1.6e-05	-6e-05	1.59534e-05
1.6e-05	-5.6e-05	2.52218e-05
1.6e-05	-5.2e-05	2.34321e-05
1.6e-05	-4.8e-05	1.13689e-05
1.6e-05	-4.4e-05	-5.67889e-06
1.6e-05	-4e-05	-2.02368e-05
1.6e-05	-3.6e-05	-2.59222e-05
1.6e-05	-3.2e-05	-2.02423e-05
1.6e-05	-2.8e-05	-5.6876e-06
1.6e-05	-2.4e-05	1.13587e-05
1.6e-05	-2e-05	2.33959e-05
1.6e-05	-1.6e-05	2.484e-05
1.6e-05	-1.2e-05	1.28822e-05
1.6e-05	-8e-06	-3.88275e-06
1.6e-05	-4e-06	-1.07154e-05
1.6e-05	0	-6.88848e-06
1.6e-05	4e-06	-2.51335e-06
1.6e-05	8e-06	-2.99865e-06
1.6e-05	1.2e-05	-4.90891e-06
1.6e-05	1.6e-05	-4.97904e-06
1.6e-05	2e-05	-2.89144e-06
1.6e-05	2.4e-05	4.62138e-07
1.6e-05	2.8e-05	3.61299e-06
1.6e-05	3.2e-05	5.17977e-06
1.6e-05	3.6e-05	4.47555e-06
1.6e-05	4e-05	1.80908e-06
1.6e-05	4.4e-05	-1.65055e-06
1.6e-05	4.8e-05	-4.38652e-06
1.6e-05	5.2e-05	-5.19928e-06
1.6e-05	5.6e-05	-3.73248e-06
1.6e-05	6e-05	-6.29226e-07
1.6e-05	6.4e-05	2.74992e-06
1.6e-05	6.8e-05	4.92362e-06
1.6e-05	7.2e-05	4.9419e-06
1.6e-05	7.6e-05	2.83576e-06
2e-05	-8e-05	-9.69447e-08
2e-05	-7.6e-05	-9.96992e-07
2e-05	-7.2e-05	-1.13115e-06
2e-05	-6.8e-05	-7.35066e-07
2e-05	-6.4e-05	-1.3834e-08
2e-05	-6e-05	7.13674e-07
2e-05	-5.6e-05	1.1283e-06
2e-05	-5.2e-05	1.04823e-06
2e-05	-4.8e-05	5.08585e-07
2e-05	-4.4e-05	-2.54045e-07
2e-05	-4e-05	-9.05291e-07
2e-05	-3.6e-05	-1.15963e-06
2e-05	-3.2e-05	-9.05538e-07
2e-05	-2.8e-05	-2.54442e-07
2e-05	-2.4e-05	5.0804e-07
2e-05	-2e-05	1.04578e-06
2e-05	-1.6e-05	1.10656e-06
2e-05	-1.2e-05	5.78335e-07
2e-05	-8e-06	-1.57698e-07
2e-05	-4e-06	-4.67705e-07
2e-05	0	-3.12786e-07
2e-05	4e-06	-1.24039e-07
2e-05	8e-06	-1.39799e-07
2e-05	1.2e-05	-2.20425e-07
2e-05	1.6e-05	-2.22819e-07
2e-05	2e-05	-1.29355e-07
2e-05	2.4e-05	2.06732e-08
2e-05	2.8e-05	1.61627e-07
2e-05	3.2e-05	2.31716e-07
2e-05	3.6e-05	2.00213e-07
2e-05	4e-05	8.0929e-08
2e-05	4.4e-05	-7.38373e-08
2e-05	4.8e-05	-1.96231e-07
2e-05	5.2e-05	-2.32589e-07
2e-05	5.6e-05	-1.66972e-07
2e-05	6e-05	-2.81483e-08
2e-05	6.4e-05	1.23018e-07
2e-05	6.8e-05	2.20269e-07
2e-05	7.2e-05	2.21195e-07
2e-05	7.6e-05	1.27803e-07
2.4e-05	-8e-05	-5.35223e-10
2.4e-05	-7.6e-05	-4.38207e-08
2.4e-05	-7.2e-05	-5.05043e-08
2.4e-05	-6.8e-05	-3.28736e-08
2.4e-05	-6.4e-05	-6.18064e-10
2.4e-05	-6e-05	3.19262e-08
2.4e-05	-5.6e-05	5.04742e-08
2.4e-05	-5.2e-05	4.68925e-08
2.4e-05	-4.8e-05	2.27515e-08
2.4e-05	-4.4e-05	-1.13647e-08
2.4e-05	-4e-05	-4.04981e-08
2.4e-05	-3.6e-05	-5.18757e-08
2.4e-05	-3.2e-05	-4.05092e-08
2.4e-05	-2.8e-05	-1.1383e-08
2.4e-05	-2.4e-05	2.27216e-08
2.4e-05	-2e-05	4.67402e-08
2.4e-05	-1.6e-05	4.931e-08
2.4e-05	-1.2e-05	2.59786e-08
2.4e-05	-8e-06	-6.36008e-09
2.4e-05	-4e-06	-2.04148e-08
2.4e-05	0	-1.41859e-08
2.4e-05	4e-06	-6.05298e-09
2.4e-05	8e-06	-6.51338e-09
2.4e-05	1.2e-05	-9.90632e-09
2.4e-05	1.6e-05	-9.97317e-09
2.4e-05	2e-05	-5.7872e-09
2.4e-05	2.4e-05	9.24772e-10
2.4e-05	2.8e-05	7.23035e-09
2.4e-05	3.2e-05	1.03658e-08
2.4e-05	3.6e-05	8.95652e-09
2.4e-05	4e-05	3.62035e-09
2.4e-05	4.4e-05	-3.30311e-09
2.4e-05	4.8e-05	-8.77836e-09
2.4e-05	5.2e-05	-1.04049e-08
2.4e-05	5.6e-05	-7.46949e-09
2.4e-05	6e-05	-1.25921e-09
2.4e-05	6.4e-05	5.50328e-09
2.4e-05	6.8e-05	9.85447e-09
2.4e-05	7.2e-05	9.9021e-09
2.4e-05	7.6e-05	5.76387e-09
2.8e-05	-8e-05	1.38609e-10
2.8e-05	-7.6e-05	-1.92067e-09
2.8e-05	-7.2e-05	-2.25355e-09
2.8e-05	-6.8e-05	-1.46996e-09
2.8e-05	-6.4e-05	-2.7592e-11
2.8e-05	-6e-05	1.42822e-09
2.8e-05	-5.6e-05	2.25796e-09
2.8e-05	-5.2e-05	2.09773e-09
2.8e-05	-4.8e-05	1.01778e-09
2.8e-05	-4.4e-05	-5.08397e-10
2.8e-05	-4e-05	-1.81168e-09
2.8e-05	-3.6e-05	-2.32066e-09
2.8e-05	-3.2e-05	-1.81218e-09
2.8e-05	-2.8e-05	-5.09254e-10
2.8e-05	-2.4e-05	1.01612e-09
2.8e-05	-2e-05	2.08878e-09
2.8e-05	-1.6e-05	2.19799e-09
2.8e-05	-1.2e-05	1.16755e-09
2.8e-05	-8e-06	-2.54325e-10
2.8e-05	-4e-06	-8.91089e-10
2.8e-05	0	-6.42679e-10
2.8e-05	4e-06	-2.92692e-10
2.8e-05	8e-06	-3.03243e-10
2.8e-05	1.2e-05	-4.45577e-10
2.8e-05	1.6e-05	-4.46476e-10
2.8e-05	2e-05	-2.58925e-10
2.8e-05	2.4e-05	4.1366e-11
2.8e-05	2.8e-05	3.23449e-10
2.8e-05	3.2e-05	4.63713e-10
2.8e-05	3.6e-05	4.00669e-10
2.8e-05	4e-05	1.61956e-10
2.8e-05	4.4e-05	-1.47764e-10
2.8e-05	4.8e-05	-3.92699e-10
2.8e-05	5.2e-05	-4.65461e-10
2.8e-05	5.6e-05	-3.34147e-10
2.8e-05	6e-05	-5.63319e-11
2.8e-05	6.4e-05	2.46194e-10
2.8e-05	6.8e-05	4.40885e-10
2.8e-05	7.2e-05	4.43358e-10
2.8e-05	7.6e-05	2.60102e-10
3.2e-05	-8e-05	1.31742e-11
3.2e-05	-7.6e-05	-8.39602e-11
3.2e-05	-7.2e-05	-1.00487e-10
3.2e-05	-6.8e-05	-6.57207e-11
3.2e-05	-6.4e-05	-1.23022e-12
3.2e-05	-6e-05	6.38892e-11
3.2e-05	-5.6e-05	1.01009e-10
3.2e-05	-5.2e-05	9.38403e-11
3.2e-05	-4.8e-05	4.5531e-11
3.2e-05	-4.4e-05	-2.27419e-11
3.2e-05	-4e-05	-8.10456e-11
3.2e-05	-3.6e-05	-1.03815e-10
3.2e-05	-3.2e-05	-8.10678e-11
3.2e-05	-2.8e-05	-2.27832e-11
3.2e-05	-2.4e-05	4.54375e-11
3.2e-05	-2e-05	9.33375e-11
3.2e-05	-1.6e-05	9.80039e-11
3.2e-05	-1.2e-05	5.24973e-11
3.2e-05	-8e-06	-1.00632e-11
3.2e-05	-4e-06	-3.88955e-11
3.2e-05	0	-2.90874e-11
3.2e-05	4e-06	-1.40465e-11
3.2e-05	8e-06	-1.4107e-11
3.2e-05	1.2e-05	-2.00574e-11
3.2e-05	1.6e-05	-1.99924e-11
3.2e-05	2e-05	-1.15853e-11
3.2e-05	2.4e-05	1.84997e-12
3.2e-05	2.8e-05	1.4469e-11
3.2e-05	3.2e-05	2.07441e-11
3.2e-05	3.6e-05	1.79238e-11
3.2e-05	4e-05	7.24475e-12
3.2e-05	4.4e-05	-6.6105e-12
3.2e-05	4.8e-05	-1.75668e-11
3.2e-05	5.2e-05	-2.08219e-11
3.2e-05	5.6e-05	-1.49482e-11
3.2e-05	6e-05	-2.51986e-12
3.2e-05	6.4e-05	1.10118e-11
3.2e-05	6.8e-05	1.97259e-11
3.2e-05	7.2e-05	1.98515e-11
3.2e-05	7.6e-05	1.17436e-11
3.6e-05	-8e-05	8.86e-13
3.6e-05	-7.6e-05	-3.66053e-12
3.6e-05	-7.2e-05	-4.48108e-12
3.6e-05	-6.8e-05	-2.93783e-12
3.6e-05	-6.4e-05	-5.80642e-14
3.6e-05	-6e-05	2.85759e-12
3.6e-05	-5.6e-05	4.51746e-12
3.6e-05	-5.2e-05	4.1987e-12
3.6e-05	-4.8e-05	2.03911e-12
3.6e-05	-4.4e-05	-1.01785e-12
3.6e-05	-4e-05	-3.62642e-12
3.6e-05	-3.6e-05	-4.64409e-12
3.6e-05	-3.2e-05	-3.62555e-12
3.6e-05	-2.8e-05	-1.01988e-12
3.6e-05	-2.4e-05	2.0314e-12
3.6e-05	-2e-05	4.17039e-12
3.6e-05	-1.6e-05	4.37045e-12
3.6e-05	-1.2e-05	2.36149e-12
3.6e-05	-8e-06	-3.93297e-13
3.6e-05	-4e-06	-1.69771e-12
3.6e-05	0	-1.31554e-12
3.6e-05	4e-06	-6.70158e-13
3.6e-05	8e-06	-6.55752e-13
3.6e-05	1.2e-05	-9.03817e-13
3.6e-05	1.6e-05	-8.95327e-13
3.6e-05	2e-05	-5.18929e-13
3.6e-05	2.4e-05	8.26709e-14
3.6e-05	2.8e-05	6.46806e-13
3.6e-05	3.2e-05	9.27403e-13
3.6e-05	3.6e-05	8.01924e-13
3.6e-05	4e-05	3.24058e-13
3.6e-05	4.4e-05	-2.96051e-13
3.6e-05	4.8e-05	-7.85979e-13
3.6e-05	5.2e-05	-9.30568e-13
3.6e-05	5.6e-05	-6.68466e-13
3.6e-05	6e-05	-1.12118e-13
3.6e-05	6.4e-05	4.92677e-13
3.6e-05	6.8e-05	8.81608e-13
3.6e-05	7.2e-05	8.89054e-13
3.6e-05	7.6e-05	5.28383e-13
4e-05	-8e-05	5.26773e-14
4e-05	-7.6e-05	-1.6182e-13
4e-05	-7.2e-05	-1.99666e-13
4e-05	-6.8e-05	-1.33215e-13
4e-05	-6.4e-05	-2.4092e-15
4e-05	-6e-05	1.27898e-13
4e-05	-5.6e-05	2.02486e-13
4e-05	-5.2e-05	1.90042e-13
4e-05	-4.8e-05	9.02806e-14
4e-05	-4.4e-05	-4.66202e-14
4e-05	-4e-05	-1.62125e-13
4e-05	-3.6e-05	-2.06444e-13
4e-05	-3.2e-05	-1.62874e-13
4e-05	-2.8e-05	-4.55445e-14
4e-05	-2.4e-05	9.04542e-14
4e-05	-2e-05	1.8585e-13
4e-05	-1.6e-05	1.95253e-13
4e-05	-1.2e-05	1.05872e-13
4e-05	-8e-06	-1.47765e-14
4e-05	-4e-06	-7.47036e-14
4e-05	0	-5.96805e-14
4e-05	4e-06	-3.21056e-14
4e-05	8e-06	-3.07842e-14
4e-05	1.2e-05	-4.07248e-14
4e-05	1.6e-05	-4.05736e-14
4e-05	2e-05	-2.30727e-14
4e-05	2.4e-05	3.22558e-15
4e-05	2.8e-05	2.88037e-14
4e-05	3.2e-05	4.13795e-14
4e-05	3.6e-05	3.53621e-14
4e-05	4e-05	1.49493e-14
4e-05	4.4e-05	-1.31238e-14
4e-05	4.8e-05	-3.51e-14
4e-05	5.2e-05	-4.20861e-14
4e-05	5.6e-05	-2.93138e-14
4e-05	6e-05	-5.36204e-15
4e-05	6.4e-05	2.24642e-14
4e-05	6.8e-05	3.91617e-14
4e-05	7.2e-05	3.9889e-14
4e-05	7.6e-05	2.39214e-14
4.4e-05	-8e-05	2.8802e-15
4.4e-05	-7.6e-05	-6.97476e-15
4.4e-05	-7.2e-05	-8.93033e-15
4.4e-05	-6.8e-05	-6.21364e-15
4.4e-05	-6.4e-05	6.82285e-16
4.4e-05	-6e-05	5.61991e-15
4.4e-05	-5.6e-05	1.01811e-14
4.4e-05	-5.2e-05	8.10766e-15
4.4e-05	-4.8e-05	2.76889e-15
4.4e-05	-4.4e-05	-2.07471e-15
4.4e-05	-4e-05	-6.06893e-15
4.4e-05	-3.6e-05	-9.88103e-15
4.4e-05	-3.2e-05	-7.18758e-15
4.4e-05	-2.8e-05	-2.93511e-15
4.4e-05	-2.4e-05	3.74074e-15
4.4e-05	-2e-05	8.40735e-15
4.4e-05	-1.6e-05	8.64349e-15
4.4e-05	-1.2e-05	5.10327e-15
4.4e-05	-8e-06	-1.05102e-15
4.4e-05	-4e-06	-3.05108e-15
4.4e-05	0	-3.23398e-15
4.4e-05	4e-06	-1.94718e-15
4.4e-05	8e-06	-1.54415e-15
4.4e-05	1.2e-05	-2.53086e-15
4.4e-05	1.6e-05	-1.60821e-15
4.4e-05	2e-05	-1.23503e-15
4.4e-05	2.4e-05	4.888e-16
4.4e-05	2.8e-05	9.49574e-16
4.4e-05	3.2e-05	1.41042e-15
4.4e-05	3.6e-05	1.68407e-15
4.4e-05	4e-05	1.30967e-16
4.4e-05	4.4e-05	8.21576e-18
4.4e-05	4.8e-05	-1.64617e-15
4.4e-05	5.2e-05	-1.96589e-15
4.4e-05	5.6e-05	-1.65406e-15
4.4e-05	6e-05	-2.94239e-16
4.4e-05	6.4e-05	3.63377e-16
4.4e-05	6.8e-05	1.84264e-15
4.4e-05	7.2e-05	1.32328e-15
4.4e-05	7.6e-05	1.15123e-15
4.8e-05	-8e-05	-4.45594e-16
4.8e-05	-7.6e-05	-1.19827e-16
4.8e-05	-7.2e-05	-1.10996e-15
4.8e-05	-6.8e-05	-1.66969e-16
4.8e-05	-6.4e-05	-3.4556e-16
4.8e-05	-6e-05	2.30566e-17
4.8e-05	-5.6e-05	-1.39801e-16
4.8e-05	-5.2e-05	-4.93651e-16
4.8e-05	-4.8e-05	4.36535e-17
4.8e-05	-4.4e-05	1.35723e-15
4.8e-05	-4e-05	-7.01491e-16
4.8e-05	-3.6e-05	-4.34921e-16
4.8e-05	-3.2e-05	-1.42815e-15
4.8e-05	-2.8e-05	-6.848e-16
4.8e-05	-2.4e-05	3.82232e-16
4.8e-05	-2e-05	3.4572e-16
4.8e-05	-1.6e-05	7.75687e-16
4.8e-05	-1.2e-05	1.03805e-16
4.8e-05	-8e-06	-1.52391e-17
4.8e-05	-4e-06	-4.71116e-16
4.8e-05	0	-2.7933e-16
4.8e-05	4e-06	-3.28306e-16
4.8e-05	8e-06	-1.85635e-16
4.8e-05	1.2e-05	-1.93849e-16
4.8e-05	1.6e-05	-6.1684e-16
4.8e-05	2e-05	9.03742e-17
4.8e-05	2.4e-05	4.33832e-17
4.8e-05	2.8e-05	2.91541e-16
4.8e-05	3.2e-05	-8.56537e-17
4.8e-05	3.6e-05	-3.67386e-16
4.8e-05	4e-05	3.94175e-18
4.8e-05	4.4e-05	-6.12893e-16
4.8e-05	4.8e-05	4.57005e-16
4.8e-05	5.2e-05	-3.49191e-16
4.8e-05	5.6e-05	1.75759e-16
4.8e-05	6e-05	-1.35e-16
4.8e-05	6.4e-05	1.04922e-16
4.8e-05	6.8e-05	-3.04675e-16
4.8e-05	7.2e-05	4.60807e-18
4.8e-05	7.6e-05	-2.76929e-16
5.2e-05	-8e-05	-1.12055e-16
5.2e-05	-7.6e-05	-3.63703e-16
5.2e-05	-7.2e-05	-2.59499e-16
5.2e-05	-6.8e-05	-3.60757e-16
5.2e-05	-6.4e-05	-9.45995e-17
5.2e-05	-6e-05	-7.25232e-17
5.2e-05	-5.6e-05	3.25346e-16
5.2e-05	-5.2e-05	-2.32212e-16
5.2e-05	-4.8e-05	1.44849e-15
5.2e-05	-4.4e-05	-1.05365e-15
5.2e-05	-4e-05	-1.73446e-16
5.2e-05	-3.6e-05	-1.16288e-15
5.2e-05	-3.2e-05	-6.74423e-16
5.2e-05	-2.8e-05	2.41625e-16
5.2e-05	-2.4e-05	-3.86239e-16
5.2e-05	-2e-05	2.92519e-16
5.2e-05	-1.6e-05	-1.88562e-16
5.2e-05	-1.2e-05	1.98771e-16
5.2e-05	-8e-06	-2.16734e-16
5.2e-05	-4e-06	-3.38827e-16
5.2e-05	0	1.91809e-16
5.2e-05	4e-06	1.1219e-16
5.2e-05	8e-06	-4.44835e-16
5.2e-05	1.2e-05	-1.00538e-16
5.2e-05	1.6e-05	-6.63739e-17
5.2e-05	2e-05	-3.71304e-16
5.2e-05	2.4e-05	3.6484e-16
5.2e-05	2.8e-05	-1.11445e-16
5.2e-05	3.2e-05	1.01931e-16
5.2e-05	3.6e-05	-4.01605e-16
5.2e-05	4e-05	-3.61361e-16
5.2e-05	4.4e-05	-3.71752e-16
5.2e-05	4.8e-05	-7.94243e-16
5.2e-05	5.2e-05	3.36642e-16
5.2e-05	5.6e-05	-5.35496e-16
5.2e-05	6e-05	5.78776e-16
5.2e-05	6.4e-05	-3.88883e-16
5.2e-05	6.8e-05	5.12298e-16
5.2e-05	7.2e-05	-2.36972e-16
5.2e-05	7.6e-05	6.55404e-16
5.6e-05	-8e-05	-2.03702e-16
5.6e-05	-7.6e-05	5.16662e-16
5.6e-05	-7.2e-05	-7.40691e-17
5.6e-05	-6.8e-05	7.62602e-16
5.6e-05	-6.4e-05	-9.28485e-17
5.6e-05	-6e-05	7.00312e-16
5.6e-05	-5.6e-05	-5.00507e-16
5.6e-05	-5.2e-05	1.02703e-15
5.6e-05	-4.8e-05	-1.18484e-15
5.6e-05	-4.4e-05	-2.23832e-16
5.6e-05	-4e-05	-1.11826e-15
5.6e-05	-3.6e-05	-8.98488e-16
5.6e-05	-3.2e-05	-2.24791e-16
5.6e-05	-2.8e-05	-2.68401e-16
5.6e-05	-2.4e-05	8.1284e-17
5.6e-05	-2e-05	-3.74782e-16
5.6e-05	-1.6e-05	1.47695e-16
5.6e-05	-1.2e-05	-3.0696e-16
5.6e-05	-8e-06	2.87823e-17
5.6e-05	-4e-06	1.70415e-16
5.6e-05	0	-5.42438e-17
5.6e-05	4e-06	7.15236e-17
5.6e-05	8e-06	1.06098e-17
5.6e-05	1.2e-05	-1.82379e-16
5.6e-05	1.6e-05	1.55061e-16
5.6e-05	2e-05	-7.23874e-17
5.6e-05	2.4e-05	-5.97025e-16
5.6e-05	2.8e-05	1.57068e-16
5.6e-05	3.2e-05	-2.21666e-16
5.6e-05	3.6e-05	1.22755e-16
5.6e-05	4e-05	-4.84501e-16
5.6e-05	4.4e-05	-3.78903e-16
5.6e-05	4.8e-05	-3.36907e-16
5.6e-05	5.2e-05	-8.85684e-16
5.6e-05	5.6e-05	1.0927e-16
5.6e-05	6e-05	-9.27131e-16
5.6e-05	6.4e-05	5.14798e-16
5.6e-05	6.8e-05	-1.01883e-15
5.6e-05	7.2e-05	7.65666e-16
5.6e-05	7.6e-05	-8.62237e-16
6e-05	-8e-05	9.50766e-16
6e-05	-7.6e-05	-8.17947e-16
6e-05	-7.2e-05	9.08427e-16
6e-05	-6.8e-05	-8.43713e-16
6e-05	-6.4e-05	7.29164e-16
6e-05	-6e-05	-1.16808e-15
6e-05	-5.6e-05	4.45255e-16
6e-05	-5.2e-05	-1.33759e-15
6e-05	-4.8e-05	-3.0323e-16
6e-05	-4.4e-05	-5.94627e-16
6e-05	-4e-05	-5.69861e-16
6e-05	-3.6e-05	2.16851e-16
6e-05	-3.2e-05	-4.19707e-16
6e-05	-2.8e-05	2.83429e-16
6e-05	-2.4e-05	-5.61216e-16
6e-05	-2e-05	-3.23666e-17
6e-05	-1.6e-05	-3.25105e-16
6e-05	-1.2e-05	-3.18446e-16
6e-05	-8e-06	-3.14375e-16
6e-05	-4e-06	9.5237e-17
6e-05	0	1.91247e-16
6e-05	4e-06	3.407e-16
6e-05	8e-06	3.51321e-16
6e-05	1.2e-05	-2.0361e-16
6e-05	1.6e-05	-1.75355e-16
6e-05	2e-05	-3.51589e-17
6e-05	2.4e-05	-6.70503e-17
6e-05	2.8e-05	-5.5497e-16
6e-05	3.2e-05	-1.62375e-16
6e-05	3.6e-05	-2.82545e-16
6e-05	4e-05	2.21893e-16
6e-05	4.4e-05	-4.63905e-16
6e-05	4.8e-05	-8.27159e-17
6e-05	5.2e-05	-2.95167e-16
6e-05	5.6e-05	-6.59837e-16
6e-05	6e-05	-2.19987e-17
6e-05	6.4e-05	-8.25747e-16
6e-05	6.8e-05	2.21231e-16
6e-05	7.2e-05	-1.16878e-15
6e-05	7.6e-05	4.75861e-16
6.4e-05	-8e-05	-1.21448e-15
6.4e-05	-7.6e-05	6.37976e-16
6.4e-05	-7.2e-05	-1.26974e-15
6.4e-05	-6.8e-05	5.37574e-16
6.4e-05	-6.4e-05	-1.39961e-15
6.4e-05	-6e-05	1.15645e-16
6.4e-05	-5.6e-05	-1.04092e-15
6.4e-05	-5.2e-05	-3.97528e-16
6.4e-05	-4.8e-05	-5.40745e-16
6.4e-05	-4.4e-05	-4.81631e-16
6.4e-05	-4e-05	3.29431e-16
6.4e-05	-3.6e-05	-4.52287e-16
6.4e-05	-3.2e-05	4.37233e-16
6.4e-05	-2.8e-05	-4.5319e-16
6.4e-05	-2.4e-05	1.99958e-16
6.4e-05	-2e-05	-3.16647e-16
6.4e-05	-1.6e-05	-3.25492e-16
6.4e-05	-1.2e-05	-2.90991e-16
6.4e-05	-8e-06	-2.30761e-16
6.4e-05	-4e-06	6.77681e-17
6.4e-05	0	2.04534e-16
6.4e-05	4e-06	2.49141e-16
6.4e-05	8e-06	1.06369e-16
6.4e-05	1.2e-05	2.20636e-16
6.4e-05	1.6e-05	-3.85178e-17
6.4e-05	2e-05	-2.03089e-16
6.4e-05	2.4e-05	-2.24014e-16
6.4e-05	2.8e-05	-1.99555e-16
6.4e-05	3.2e-05	-5.64779e-16
6.4e-05	3.6e-05	2.1976e-16
6.4e-05	4e-05	-4.78561e-16
6.4e-05	4.4e-05	3.3994e-16
6.4e-05	4.8e-05	-5.08404e-16
6.4e-05	5.2e-05	9.95352e-18
6.4e-05	5.6e-05	-2.70792e-16
6.4e-05	6e-05	-3.81554e-16
6.4e-05	6.4e-05	-1.92645e-16
6.4e-05	6.8e-05	-7.15765e-16
6.4e-05	7.2e-05	-5.06006e-18
6.4e-05	7.6e-05	-9.61818e-16
6.8e-05	-8e-05	1.00043e-16
6.8e-05	-7.6e-05	-8.7676e-16
6.8e-05	-7.2e-05	1.34978e-17
6.8e-05	-6.8e-05	-7.32758e-16
6.8e-05	-6.4e-05	-8.03625e-17
6.8e-05	-6e-05	-5.69639e-16
6.8e-05	-5.6e-05	-1.91441e-16
6.8e-05	-5.2e-05	-2.07905e-16
6.8e-05	-4.8e-05	-2.73114e-16
6.8e-05	-4.4e-05	1.33673e-16
6.8e-05	-4e-05	-1.9529e-16
6.8e-05	-3.6e-05	1.90119e-16
6.8e-05	-3.2e-05	-2.69522e-16
6.8e-05	-2.8e-05	7.54098e-17
6.8e-05	-2.4e-05	-1.93777e-16
6.8e-05	-2e-05	1.12866e-16
6.8e-05	-1.6e-05	-6.56504e-16
6.8e-05	-1.2e-05	3.00598e-17
6.8e-05	-8e-06	2.08867e-16
6.8e-05	-4e-06	-1.23574e-17
6.8e-05	0	-3.22942e-17
6.8e-05	4e-06	1.83766e-17
6.8e-05	8e-06	1.42997e-16
6.8e-05	1.2e-05	3.77824e-16
6.8e-05	1.6e-05	2.74046e-16
6.8e-05	2e-05	-2.54811e-16
6.8e-05	2.4e-05	-2.6034e-16
6.8e-05	2.8e-05	-3.55083e-16
6.8e-05	3.2e-05	-5.98073e-17
6.8e-05	3.6e-05	-5.01399e-16
6.8e-05	4e-05	3.34511e-16
6.8e-05	4.4e-05	-2.31976e-16
6.8e-05	4.8e-05	1.99052e-16
6.8e-05	5.2e-05	-1.75494e-16
6.8e-05	5.6e-05	6.83278e-17
6.8e-05	6e-05	-1.77783e-16
6.8e-05	6.4e-05	-1.57607e-16
6.8e-05	6.8e-05	-2.18048e-16
6.8e-05	7.2e-05	-3.14234e-16
6.8e-05	7.6e-05	1.56217e-17
7.2e-05	-8e-05	-4.56759e-16
7.2e-05	-7.6e-05	1.68283e-16
7.2e-05	-7.2e-05	-2.94742e-16
7.2e-05	-6.8e-05	-6.05309e-17
7.2e-05	-6.4e-05	-1.03154e-16
7.2e-05	-6e-05	-6.05533e-17
7.2e-05	-5.6e-05	1.73779e-16
7.2e-05	-5.2e-05	-1.5657e-16
7.2e-05	-4.8e-05	3.24563e-16
7.2e-05	-4.4e-05	-1.65966e-16
7.2e-05	-4e-05	3.37032e-16
7.2e-05	-3.6e-05	-2.60514e-16
7.2e-05	-3.2e-05	2.64326e-16
7.2e-05	-2.8e-05	-3.88762e-16
7.2e-05	-2.4e-05	-4.05703e-16
7.2e-05	-2e-05	-3.7181e-16
7.2e-05	-1.6e-05	-1.97791e-16
7.2e-05	-1.2e-05	5.41591e-17
7.2e-05	-8e-06	1.97943e-16
7.2e-05	-4e-06	-1.80101e-16
7.2e-05	0	5.90483e-17
7.2e-05	4e-06	1.35277e-16
7.2e-05	8e-06	-8.62545e-17
7.2e-05	1.2e-05	1.06483e-16
7.2e-05	1.6e-05	4.61132e-17
7.2e-05	2e-05	2.00937e-16
7.2e-05	2.4e-05	-8.58778e-17
7.2e-05	2.8e-05	-5.14986e-16
7.2e-05	3.2e-05	-5.35616e-16
7.2e-05	3.6e-05	3.04117e-17
7.2e-05	4e-05	-3.48484e-16
7.2e-05	4.4e-05	1.72368e-16
7.2e-05	4.8e-05	-2.66592e-16
7.2e-05	5.2e-05	1.84761e-16
7.2e-05	5.6e-05	-1.39151e-16
7.2e-05	6e-05	2.47793e-16
7.2e-05	6.4e-05	-7.99348e-17
7.2e-05	6.8e-05	1.24761e-16
7.2e-05	7.2e-05	1.68164e-16
7.2e-05	7.6e-05	-6.64532e-17
7.6e-05	-8e-05	1.022e-16
7.6e-05	-7.6e-05	-2.66783e-16
7.6e-05	-7.2e-05	2.08819e-16
7.6e-05	-6.8e-05	-1.6835e-16
7.6e-05	-6.4e-05	2.68522e-16
7.6e-05	-6e-05	-2.62931e-17
7.6e-05	-5.6e-05	2.07758e-16
7.6e-05	-5.2e-05	8.82386e-17
7.6e-05	-4.8e-05	1.29003e-16
7.6e-05	-4.4e-05	2.31048e-16
7.6e-05	-4e-05	-1.92059e-16
7.6e-05	-3.6e-05	3.28196e-16
7.6e-05	-3.2e-05	-5.18095e-16
7.6e-05	-2.8e-05	-4.20099e-17
7.6e-05	-2.4e-05	-2.52264e-16
7.6e-05	-2e-05	-2.92546e-16
7.6e-05	-1.6e-05	2.33053e-16
7.6e-05	-1.2e-05	6.78013e-17
7.6e-05	-8e-06	-1.81503e-16
7.6e-05	-4e-06	2.5933e-16
7.6e-05	0	3.04177e-17
7.6e-05	4e-06	-2.58472e-16
7.6e-05	8e-06	7.13859e-17
7.6e-05	1.2e-05	2.08446e-16
7.6e-05	1.6e-05	2.3251e-16
7.6e-05	2e-05	-9.81796e-17
7.6e-05	2.4e-05	-2.90795e-16
7.6e-05	2.8e-05	7.6352e-17
7.6e-05	3.2e-05	-1.72153e-16
7.6e-05	3.6e-05	-4.15886e-16
7.6e-05	4e-05	1.97552e-16
7.6e-05	4.4e-05	-3.29064e-16
7.6e-05	4.8e-05	2.764e-16
7.6e-05	5.2e-05	-1.40388e-16
7.6e-05	5.6e-05	2.37992e-16
7.6e-05	6e-05	-9.47909e-17
7.6e-05	6.4e-05	2.04312e-16
7.6e-05	6.8e-05	1.18938e-16
7.6e-05	7.2e-05	1.19056e-16
7.6e-05	7.6e-05	-9.73348e-17
