-8e-05	-8e-05	-8.90959e-17
-8e-05	-7.6e-05	-5.6717e-17
-8e-05	-7.2e-05	3.11387e-17
-8e-05	-6.8e-05	1.07786e-16
-8e-05	-6.4e-05	9.08257e-17
-8e-05	-6e-05	-2.17121e-16
-8e-05	-5.6e-05	9.6751e-17
-8e-05	-5.2e-05	-1.8785e-16
-8e-05	-4.8e-05	5.04249e-17
-8e-05	-4.4e-05	3.43925e-17
-8e-05	-4e-05	2.93239e-18
-8e-05	-3.6e-05	1.11921e-17
-8e-05	-3.2e-05	5.84037e-17
-8e-05	-2.8e-05	1.06814e-17
-8e-05	-2.4e-05	2.68198e-17
-8e-05	-2e-05	7.22356e-17
-8e-05	-1.6e-05	-2.74595e-17
-8e-05	-1.2e-05	2.57025e-17
-8e-05	-8e-06	8.45414e-18
-8e-05	-4e-06	-1.09141e-17
-8e-05	0	-4.19213e-17
-8e-05	4e-06	-2.76935e-18
-8e-05	8e-06	-9.45562e-17
-8e-05	1.2e-05	-2.48941e-17
-8e-05	1.6e-05	-5.33649e-17
-8e-05	2e-05	-4.58032e-17
-8e-05	2.4e-05	8.26523e-17
-8e-05	2.8e-05	4.12747e-17
-8e-05	3.2e-05	-7.20056e-18
-8e-05	3.6e-05	8.02433e-17
-8e-05	4e-05	1.72837e-17
-8e-05	4.4e-05	-2.89252e-17
-8e-05	4.8e-05	4.23224e-17
-8e-05	5.2e-05	2.52933e-16
-8e-05	5.6e-05	3.43613e-17
-8e-05	6e-05	-1.0627e-16
-8e-05	6.4e-05	-1.23619e-17
-8e-05	6.8e-05	9.56759e-19
-8e-05	7.2e-05	7.47339e-17
-8e-05	7.6e-05	6.96234e-17
-7.6e-05	-8e-05	6.38037e-18
-7.6e-05	-7.6e-05	7.00599e-17
-7.6e-05	-7.2e-05	1.55734e-16
-7.6e-05	-6.8e-05	-7.41405e-17
-7.6e-05	-6.4e-05	-4.84978e-17
-7.6e-05	-6e-05	-1.17158e-17
-7.6e-05	-5.6e-05	5.89083e-17
-7.6e-05	-5.2e-05	6.53969e-17
-7.6e-05	-4.8e-05	1.8334e-18
-7.6e-05	-4.4e-05	6.06026e-17
-7.6e-05	-4e-05	2.27441e-17
-7.6e-05	-3.6e-05	-1.16249e-17
-7.6e-05	-3.2e-05	9.30355e-18
-7.6e-05	-2.8e-05	6.69038e-17
-7.6e-05	-2.4e-05	-2.44317e-17
-7.6e-05	-2e-05	4.96426e-17
-7.6e-05	-1.6e-05	-2.11715e-17
-7.6e-05	-1.2e-05	3.3071e-17
-7.6e-05	-8e-06	-5.01059e-17
-7.6e-05	-4e-06	3.01424e-17
-7.6e-05	0	-4.05932e-17
-7.6e-05	4e-06	4.93831e-17
-7.6e-05	8e-06	3.45895e-18
-7.6e-05	1.2e-05	-4.10128e-17
-7.6e-05	1.6e-05	5.21506e-17
-7.6e-05	2e-05	-5.69495e-17
-7.6e-05	2.4e-05	2.58302e-17
-7.6e-05	2.8e-05	6.59102e-18
-7.6e-05	3.2e-05	1.4277e-16
-7.6e-05	3.6e-05	-4.38787e-17
-7.6e-05	4e-05	-5.10985e-17
-7.6e-05	4.4e-05	6.71209e-17
-7.6e-05	4.8e-05	5.56362e-18
-7.6e-05	5.2e-05	5.16655e-17
-7.6e-05	5.6e-05	1.37365e-16
-7.6e-05	6e-05	-3.23805e-17
-7.6e-05	6.4e-05	4.04614e-17
-7.6e-05	6.8e-05	-9.10176e-17
-7.6e-05	7.2e-05	6.18074e-18
-7.6e-05	7.6e-05	6.71335e-17
-7.2e-05	-8e-05	8.07649e-18
-7.2e-05	-7.6e-05	1.75022e-17
-7.2e-05	-7.2e-05	-1.3582e-16
-7.2e-05	-6.8e-05	4.82486e-17
-7.2e-05	-6.4e-05	6.47726e-17
-7.2e-05	-6e-05	-3.53506e-17
-7.2e-05	-5.6e-05	-5.7446e-17
-7.2e-05	-5.2e-05	-3.6811e-17
-7.2e-05	-4.8e-05	2.59055e-18
-7.2e-05	-4.4e-05	1.66517e-17
-7.2e-05	-4e-05	-9.76269e-17
-7.2e-05	-3.6e-05	-2.05665e-17
-7.2e-05	-3.2e-05	-4.79081e-17
-7.2e-05	-2.8e-05	-2.89178e-17
-7.2e-05	-2.4e-05	-2.50305e-17
-7.2e-05	-2e-05	-8.98556e-17
-7.2e-05	-1.6e-05	1.1095e-17
-7.2e-05	-1.2e-05	-5.47289e-17
-7.2e-05	-8e-06	-6.60403e-17
-7.2e-05	-4e-06	-1.5324e-18
-7.2e-05	0	-1.50968e-17
-7.2e-05	4e-06	-2.49285e-17
-7.2e-05	8e-06	1.63688e-16
-7.2e-05	1.2e-05	5.11569e-17
-7.2e-05	1.6e-05	-4.25838e-17
-7.2e-05	2e-05	-5.05108e-17
-7.2e-05	2.4e-05	-1.15948e-16
-7.2e-05	2.8e-05	4.40077e-17
-7.2e-05	3.2e-05	4.97337e-17
-7.2e-05	3.6e-05	1.98969e-16
-7.2e-05	4e-05	-4.08679e-17
-7.2e-05	4.4e-05	3.94968e-17
-7.2e-05	4.8e-05	1.03817e-16
-7.2e-05	5.2e-05	-5.05922e-17
-7.2e-05	5.6e-05	3.31428e-18
-7.2e-05	6e-05	2.21196e-16
-7.2e-05	6.4e-05	-2.00104e-16
-7.2e-05	6.8e-05	3.50836e-17
-7.2e-05	7.2e-05	-5.241e-17
-7.2e-05	7.6e-05	7.10906e-17
-6.8e-05	-8e-05	6.14942e-18
-6.8e-05	-7.6e-05	-4.88889e-18
-6.8e-05	-7.2e-05	-1.58492e-16
-6.8e-05	-6.8e-05	3.61847e-17
-6.8e-05	-6.4e-05	-2.74893e-16
-6.8e-05	-6e-05	-1.47077e-17
-6.8e-05	-5.6e-05	7.37482e-17
-6.8e-05	-5.2e-05	-4.34253e-17
-6.8e-05	-4.8e-05	-2.70217e-17
-6.8e-05	-4.4e-05	-5.91591e-17
-6.8e-05	-4e-05	-1.15063e-16
-6.8e-05	-3.6e-05	-4.24222e-17
-6.8e-05	-3.2e-05	-2.80685e-17
-6.8e-05	-2.8e-05	-1.01147e-16
-6.8e-05	-2.4e-05	9.26237e-17
-6.8e-05	-2e-05	-6.4449e-17
-6.8e-05	-1.6e-05	7.95318e-17
-6.8e-05	-1.2e-05	3.19475e-16
-6.8e-05	-8e-06	7.66163e-17
-6.8e-05	-4e-06	-8.67235e-17
-6.8e-05	0	1.54655e-16
-6.8e-05	4e-06	-1.18224e-16
-6.8e-05	8e-06	5.89643e-17
-6.8e-05	1.2e-05	-6.1663e-17
-6.8e-05	1.6e-05	9.66578e-17
-6.8e-05	2e-05	1.34806e-16
-6.8e-05	2.4e-05	-4.4511e-17
-6.8e-05	2.8e-05	8.23311e-18
-6.8e-05	3.2e-05	3.29154e-17
-6.8e-05	3.6e-05	8.52159e-17
-6.8e-05	4e-05	1.30188e-16
-6.8e-05	4.4e-05	-1.51506e-16
-6.8e-05	4.8e-05	8.15483e-17
-6.8e-05	5.2e-05	-2.58889e-17
-6.8e-05	5.6e-05	-2.40419e-17
-6.8e-05	6e-05	-3.59344e-17
-6.8e-05	6.4e-05	6.77815e-17
-6.8e-05	6.8e-05	-1.57372e-17
-6.8e-05	7.2e-05	-2.26144e-16
-6.8e-05	7.6e-05	3.72353e-16
-6.4e-05	-8e-05	-1.06315e-16
-6.4e-05	-7.6e-05	-9.33414e-18
-6.4e-05	-7.2e-05	7.18815e-17
-6.4e-05	-6.8e-05	1.28285e-16
-6.4e-05	-6.4e-05	3.25578e-17
-6.4e-05	-6e-05	-1.06258e-17
-6.4e-05	-5.6e-05	-1.89593e-16
-6.4e-05	-5.2e-05	-6.05998e-17
-6.4e-05	-4.8e-05	-7.335e-17
-6.4e-05	-4.4e-05	2.23122e-17
-6.4e-05	-4e-05	4.87046e-16
-6.4e-05	-3.6e-05	5.3671e-19
-6.4e-05	-3.2e-05	2.4649e-18
-6.4e-05	-2.8e-05	2.93732e-16
-6.4e-05	-2.4e-05	-1.8877e-16
-6.4e-05	-2e-05	9.11406e-18
-6.4e-05	-1.6e-05	1.09265e-17
-6.4e-05	-1.2e-05	1.06284e-16
-6.4e-05	-8e-06	4.30401e-17
-6.4e-05	-4e-06	-2.56715e-17
-6.4e-05	0	4.40263e-17
-6.4e-05	4e-06	4.31643e-18
-6.4e-05	8e-06	-4.19529e-17
-6.4e-05	1.2e-05	1.37914e-17
-6.4e-05	1.6e-05	-8.07657e-18
-6.4e-05	2e-05	-1.26154e-18
-6.4e-05	2.4e-05	-1.66636e-17
-6.4e-05	2.8e-05	6.97574e-17
-6.4e-05	3.2e-05	1.82057e-17
-6.4e-05	3.6e-05	-2.2778e-17
-6.4e-05	4e-05	2.69513e-18
-6.4e-05	4.4e-05	9.49101e-17
-6.4e-05	4.8e-05	-5.31109e-17
-6.4e-05	5.2e-05	2.40319e-17
-6.4e-05	5.6e-05	-4.7551e-17
-6.4e-05	6e-05	-3.22219e-17
-6.4e-05	6.4e-05	6.62499e-17
-6.4e-05	6.8e-05	-2.69956e-17
-6.4e-05	7.2e-05	-1.10262e-16
-6.4e-05	7.6e-05	-6.80828e-18
-6e-05	-8e-05	-5.195e-17
-6e-05	-7.6e-05	6.94175e-17
-6e-05	-7.2e-05	-7.25828e-17
-6e-05	-6.8e-05	6.57873e-18
-6e-05	-6.4e-05	6.82642e-17
-6e-05	-6e-05	-3.54468e-17
-6e-05	-5.6e-05	7.16197e-17
-6e-05	-5.2e-05	-3.29623e-17
-6e-05	-4.8e-05	2.23927e-17
-6e-05	-4.4e-05	-5.01653e-17
-6e-05	-4e-05	-5.31732e-17
-6e-05	-3.6e-05	-6.60943e-17
-6e-05	-3.2e-05	3.27427e-18
-6e-05	-2.8e-05	-1.58572e-17
-6e-05	-2.4e-05	-1.05011e-16
-6e-05	-2e-05	-3.16887e-17
-6e-05	-1.6e-05	-8.86104e-17
-6e-05	-1.2e-05	3.51769e-17
-6e-05	-8e-06	-3.93049e-17
-6e-05	-4e-06	6.55685e-17
-6e-05	0	1.91876e-17
-6e-05	4e-06	5.58004e-17
-6e-05	8e-06	9.6256e-17
-6e-05	1.2e-05	1.61209e-17
-6e-05	1.6e-05	8.91927e-17
-6e-05	2e-05	-3.55536e-17
-6e-05	2.4e-05	1.05125e-16
-6e-05	2.8e-05	-1.39396e-16
-6e-05	3.2e-05	2.26083e-17
-6e-05	3.6e-05	-2.18007e-17
-6e-05	4e-05	-7.01537e-17
-6e-05	4.4e-05	-6.97917e-18
-6e-05	4.8e-05	-4.53091e-17
-6e-05	5.2e-05	-5.00964e-17
-6e-05	5.6e-05	2.27606e-17
-6e-05	6e-05	-1.30469e-17
-6e-05	6.4e-05	-5.89298e-18
-6e-05	6.8e-05	-1.61367e-17
-6e-05	7.2e-05	-4.45899e-17
-6e-05	7.6e-05	8.11491e-17
-5.6e-05	-8e-05	4.67833e-17
-5.6e-05	-7.6e-05	3.48872e-17
-5.6e-05	-7.2e-05	3.02919e-19
-5.6e-05	-6.8e-05	1.20344e-16
-5.6e-05	-6.4e-05	-5.97349e-17
-5.6e-05	-6e-05	1.19397e-16
-5.6e-05	-5.6e-05	6.3373e-17
-5.6e-05	-5.2e-05	-4.97855e-18
-5.6e-05	-4.8e-05	-4.31008e-17
-5.6e-05	-4.4e-05	-1.01636e-17
-5.6e-05	-4e-05	-9.41581e-17
-5.6e-05	-3.6e-05	-6.28479e-18
-5.6e-05	-3.2e-05	-6.27732e-18
-5.6e-05	-2.8e-05	-1.44436e-16
-5.6e-05	-2.4e-05	-7.8781e-17
-5.6e-05	-2e-05	-1.40239e-16
-5.6e-05	-1.6e-05	-4.38445e-17
-5.6e-05	-1.2e-05	-7.12423e-17
-5.6e-05	-8e-06	7.64616e-18
-5.6e-05	-4e-06	-3.24839e-17
-5.6e-05	0	6.63326e-17
-5.6e-05	4e-06	1.081e-16
-5.6e-05	8e-06	4.58665e-17
-5.6e-05	1.2e-05	9.84386e-17
-5.6e-05	1.6e-05	4.85963e-17
-5.6e-05	2e-05	9.94901e-17
-5.6e-05	2.4e-05	-8.30127e-17
-5.6e-05	2.8e-05	-1.71737e-17
-5.6e-05	3.2e-05	-1.26095e-16
-5.6e-05	3.6e-05	-1.92349e-18
-5.6e-05	4e-05	-7.85936e-18
-5.6e-05	4.4e-05	-1.12533e-16
-5.6e-05	4.8e-05	-4.58703e-17
-5.6e-05	5.2e-05	7.96479e-18
-5.6e-05	5.6e-05	-1.98494e-17
-5.6e-05	6e-05	-6.00674e-17
-5.6e-05	6.4e-05	-2.92825e-17
-5.6e-05	6.8e-05	4.35004e-18
-5.6e-05	7.2e-05	4.85244e-17
-5.6e-05	7.6e-05	1.2796e-16
-5.2e-05	-8e-05	-6.09039e-18
-5.2e-05	-7.6e-05	-1.3867e-17
-5.2e-05	-7.2e-05	5.38784e-17
-5.2e-05	-6.8e-05	-2.01623e-17
-5.2e-05	-6.4e-05	6.40167e-17
-5.2e-05	-6e-05	3.05573e-17
-5.2e-05	-5.6e-05	-6.8136e-17
-5.2e-05	-5.2e-05	-4.18063e-17
-5.2e-05	-4.8e-05	-5.02959e-17
-5.2e-05	-4.4e-05	-6.97186e-17
-5.2e-05	-4e-05	-5.23924e-17
-5.2e-05	-3.6e-05	4.18085e-17
-5.2e-05	-3.2e-05	-3.11358e-17
-5.2e-05	-2.8e-05	-5.4444e-17
-5.2e-05	-2.4e-05	-6.87785e-17
-5.2e-05	-2e-05	-2.82135e-17
-5.2e-05	-1.6e-05	-4.58993e-17
-5.2e-05	-1.2e-05	-1.6478e-18
-5.2e-05	-8e-06	-2.14465e-17
-5.2e-05	-4e-06	-7.249e-18
-5.2e-05	0	2.67946e-17
-5.2e-05	4e-06	-2.30394e-17
-5.2e-05	8e-06	2.97727e-17
-5.2e-05	1.2e-05	3.23962e-17
-5.2e-05	1.6e-05	2.67961e-17
-5.2e-05	2e-05	-1.72189e-17
-5.2e-05	2.4e-05	2.54045e-18
-5.2e-05	2.8e-05	-4.19515e-17
-5.2e-05	3.2e-05	-3.54305e-17
-5.2e-05	3.6e-05	-3.78821e-17
-5.2e-05	4e-05	4.53243e-17
-5.2e-05	4.4e-05	-6.40267e-18
-5.2e-05	4.8e-05	-8.25988e-17
-5.2e-05	5.2e-05	-4.86091e-17
-5.2e-05	5.6e-05	2.19001e-17
-5.2e-05	6e-05	4.17689e-17
-5.2e-05	6.4e-05	6.06223e-18
-5.2e-05	6.8e-05	2.61686e-17
-5.2e-05	7.2e-05	7.88266e-17
-5.2e-05	7.6e-05	-4.16712e-17
-4.8e-05	-8e-05	4.47721e-17
-4.8e-05	-7.6e-05	5.13442e-17
-4.8e-05	-7.2e-05	5.56298e-17
-4.8e-05	-6.8e-05	4.77091e-19
-4.8e-05	-6.4e-05	6.37118e-17
-4.8e-05	-6e-05	-7.49634e-17
-4.8e-05	-5.6e-05	-3.00399e-17
-4.8e-05	-5.2e-05	-6.43461e-17
-4.8e-05	-4.8e-05	-7.94018e-17
-4.8e-05	-4.4e-05	-3.67377e-17
-4.8e-05	-4e-05	-5.26734e-18
-4.8e-05	-3.6e-05	6.41539e-17
-4.8e-05	-3.2e-05	-2.95189e-17
-4.8e-05	-2.8e-05	-2.48939e-17
-4.8e-05	-2.4e-05	1.52128e-17
-4.8e-05	-2e-05	-3.84881e-19
-4.8e-05	-1.6e-05	1.22461e-17
-4.8e-05	-1.2e-05	4.1092e-17
-4.8e-05	-8e-06	-4.81358e-17
-4.8e-05	-4e-06	-1.00711e-17
-4.8e-05	0	-2.98131e-17
-4.8e-05	4e-06	-2.15952e-17
-4.8e-05	8e-06	-1.98394e-17
-4.8e-05	1.2e-05	-1.50964e-17
-4.8e-05	1.6e-05	2.51391e-17
-4.8e-05	2e-05	3.24785e-17
-4.8e-05	2.4e-05	-4.59145e-17
-4.8e-05	2.8e-05	-5.30239e-17
-4.8e-05	3.2e-05	3.6266e-17
-4.8e-05	3.6e-05	1.27769e-18
-4.8e-05	4e-05	1.74668e-17
-4.8e-05	4.4e-05	3.20302e-17
-4.8e-05	4.8e-05	3.90019e-17
-4.8e-05	5.2e-05	-7.67532e-18
-4.8e-05	5.6e-05	1.47636e-17
-4.8e-05	6e-05	2.81924e-18
-4.8e-05	6.4e-05	-8.99371e-18
-4.8e-05	6.8e-05	1.11078e-18
-4.8e-05	7.2e-05	5.97081e-17
-4.8e-05	7.6e-05	-1.536e-17
-4.4e-05	-8e-05	4.83431e-17
-4.4e-05	-7.6e-05	4.18382e-17
-4.4e-05	-7.2e-05	6.27563e-17
-4.4e-05	-6.8e-05	1.11731e-16
-4.4e-05	-6.4e-05	-1.06326e-16
-4.4e-05	-6e-05	-6.08211e-17
-4.4e-05	-5.6e-05	3.68381e-18
-4.4e-05	-5.2e-05	-1.04475e-16
-4.4e-05	-4.8e-05	-2.49022e-17
-4.4e-05	-4.4e-05	8.4723e-18
-4.4e-05	-4e-05	2.66758e-17
-4.4e-05	-3.6e-05	6.51363e-17
-4.4e-05	-3.2e-05	-5.74431e-17
-4.4e-05	-2.8e-05	3.08562e-17
-4.4e-05	-2.4e-05	-4.48655e-17
-4.4e-05	-2e-05	8.71249e-17
-4.4e-05	-1.6e-05	-4.9534e-17
-4.4e-05	-1.2e-05	3.68425e-17
-4.4e-05	-8e-06	-6.47099e-17
-4.4e-05	-4e-06	-3.78256e-17
-4.4e-05	0	-3.48145e-17
-4.4e-05	4e-06	-2.1525e-17
-4.4e-05	8e-06	-8.31477e-17
-4.4e-05	1.2e-05	4.36873e-17
-4.4e-05	1.6e-05	1.01655e-17
-4.4e-05	2e-05	7.09647e-18
-4.4e-05	2.4e-05	8.40778e-19
-4.4e-05	2.8e-05	1.87207e-17
-4.4e-05	3.2e-05	-1.70967e-17
-4.4e-05	3.6e-05	6.02293e-17
-4.4e-05	4e-05	1.0098e-17
-4.4e-05	4.4e-05	-1.44598e-17
-4.4e-05	4.8e-05	8.70469e-17
-4.4e-05	5.2e-05	9.70919e-17
-4.4e-05	5.6e-05	2.18712e-17
-4.4e-05	6e-05	3.62074e-18
-4.4e-05	6.4e-05	-2.53719e-17
-4.4e-05	6.8e-05	1.39877e-17
-4.4e-05	7.2e-05	-5.55674e-17
-4.4e-05	7.6e-05	1.87496e-17
-4e-05	-8e-05	-2.84496e-17
-4e-05	-7.6e-05	-1.40794e-18
-4e-05	-7.2e-05	1.56297e-17
-4e-05	-6.8e-05	-4.91933e-17
-4e-05	-6.4e-05	-9.08313e-17
-4e-05	-6e-05	7.35821e-17
-4e-05	-5.6e-05	-7.54346e-17
-4e-05	-5.2e-05	2.13076e-17
-4e-05	-4.8e-05	3.10428e-17
-4e-05	-4.4e-05	-2.18772e-18
-4e-05	-4e-05	8.11705e-17
-4e-05	-3.6e-05	-5.561e-17
-4e-05	-3.2e-05	-7.94248e-17
-4e-05	-2.8e-05	-7.43032e-18
-4e-05	-2.4e-05	1.08803e-16
-4e-05	-2e-05	-7.57449e-17
-4e-05	-1.6e-05	1.34612e-16
-4e-05	-1.2e-05	-1.35907e-16
-4e-05	-8e-06	7.78378e-17
-4e-05	-4e-06	-5.20802e-17
-4e-05	0	-1.48941e-17
-4e-05	4e-06	-5.7393e-17
-4e-05	8e-06	2.25599e-17
-4e-05	1.2e-05	-5.15691e-17
-4e-05	1.6e-05	3.62558e-17
-4e-05	2e-05	4.58764e-17
-4e-05	2.4e-05	-4.44982e-17
-4e-05	2.8e-05	2.23516e-17
-4e-05	3.2e-05	4.20226e-17
-4e-05	3.6e-05	-1.78104e-17
-4e-05	4e-05	-2.34121e-17
-4e-05	4.4e-05	6.27838e-17
-4e-05	4.8e-05	3.93458e-17
-4e-05	5.2e-05	2.16149e-18
-4e-05	5.6e-05	1.02703e-16
-4e-05	6e-05	7.56532e-17
-4e-05	6.4e-05	7.09115e-17
-4e-05	6.8e-05	2.88051e-17
-4e-05	7.2e-05	3.98818e-18
-4e-05	7.6e-05	4.57023e-17
-3.6e-05	-8e-05	1.08928e-17
-3.6e-05	-7.6e-05	5.02377e-17
-3.6e-05	-7.2e-05	-4.49211e-17
-3.6e-05	-6.8e-05	-1.93368e-17
-3.6e-05	-6.4e-05	7.77492e-17
-3.6e-05	-6e-05	4.55184e-17
-3.6e-05	-5.6e-05	-3.22723e-17
-3.6e-05	-5.2e-05	4.10872e-17
-3.6e-05	-4.8e-05	-4.80234e-18
-3.6e-05	-4.4e-05	6.50378e-17
-3.6e-05	-4e-05	-6.38136e-17
-3.6e-05	-3.6e-05	-1.33551e-16
-3.6e-05	-3.2e-05	5.1313e-17
-3.6e-05	-2.8e-05	3.49305e-17
-3.6e-05	-2.4e-05	3.52722e-18
-3.6e-05	-2e-05	2.59281e-16
-3.6e-05	-1.6e-05	4.97485e-15
-3.6e-05	-1.2e-05	-6.37196e-15
-3.6e-05	-8e-06	2.99367e-15
-3.6e-05	-4e-06	1.77057e-15
-3.6e-05	0	-4.63387e-15
-3.6e-05	4e-06	4.39095e-15
-3.6e-05	8e-06	-2.70791e-15
-3.6e-05	1.2e-05	-1.1418e-16
-3.6e-05	1.6e-05	1.59455e-17
-3.6e-05	2e-05	3.89647e-18
-3.6e-05	2.4e-05	4.17305e-17
-3.6e-05	2.8e-05	2.86244e-17
-3.6e-05	3.2e-05	6.39702e-17
-3.6e-05	3.6e-05	6.60621e-17
-3.6e-05	4e-05	-5.68624e-17
-3.6e-05	4.4e-05	-2.48233e-18
-3.6e-05	4.8e-05	-6.35233e-17
-3.6e-05	5.2e-05	5.33945e-17
-3.6e-05	5.6e-05	3.9834e-18
-3.6e-05	6e-05	4.99452e-17
-3.6e-05	6.4e-05	5.58487e-17
-3.6e-05	6.8e-05	2.57282e-17
-3.6e-05	7.2e-05	9.67561e-17
-3.6e-05	7.6e-05	6.04396e-17
-3.2e-05	-8e-05	9.54842e-17
-3.2e-05	-7.6e-05	-1.21208e-17
-3.2e-05	-7.2e-05	-8.45511e-18
-3.2e-05	-6.8e-05	5.47061e-17
-3.2e-05	-6.4e-05	7.01681e-18
-3.2e-05	-6e-05	-4.77009e-17
-3.2e-05	-5.6e-05	5.22247e-17
-3.2e-05	-5.2e-05	-4.41233e-17
-3.2e-05	-4.8e-05	-6.41908e-17
-3.2e-05	-4.4e-05	-7.67348e-17
-3.2e-05	-4e-05	-2.99472e-17
-3.2e-05	-3.6e-05	-4.26868e-17
-3.2e-05	-3.2e-05	3.10762e-17
-3.2e-05	-2.8e-05	5.51247e-18
-3.2e-05	-2.4e-05	6.74758e-16
-3.2e-05	-2e-05	3.07077e-14
-3.2e-05	-1.6e-05	8.12356e-13
-3.2e-05	-1.2e-05	-1.04297e-12
-3.2e-05	-8e-06	4.98141e-13
-3.2e-05	-4e-06	2.82448e-13
-3.2e-05	0	-7.46699e-13
-3.2e-05	4e-06	7.19195e-13
-3.2e-05	8e-06	-4.40723e-13
-3.2e-05	1.2e-05	-1.67342e-14
-3.2e-05	1.6e-05	-3.48519e-16
-3.2e-05	2e-05	-2.27834e-17
-3.2e-05	2.4e-05	1.13217e-16
-3.2e-05	2.8e-05	4.90962e-18
-3.2e-05	3.2e-05	7.50792e-17
-3.2e-05	3.6e-05	1.63747e-17
-3.2e-05	4e-05	4.98597e-17
-3.2e-05	4.4e-05	-3.6195e-17
-3.2e-05	4.8e-05	-1.45063e-17
-3.2e-05	5.2e-05	-5.22461e-17
-3.2e-05	5.6e-05	-3.45643e-17
-3.2e-05	6e-05	4.72028e-17
-3.2e-05	6.4e-05	2.85622e-17
-3.2e-05	6.8e-05	5.04604e-17
-3.2e-05	7.2e-05	2.95666e-17
-3.2e-05	7.6e-05	2.93436e-17
-2.8e-05	-8e-05	-1.34191e-17
-2.8e-05	-7.6e-05	-3.64663e-17
-2.8e-05	-7.2e-05	2.34675e-17
-2.8e-05	-6.8e-05	-6.21855e-17
-2.8e-05	-6.4e-05	-5.97366e-17
-2.8e-05	-6e-05	-1.62311e-17
-2.8e-05	-5.6e-05	-1.26353e-17
-2.8e-05	-5.2e-05	-8.21587e-17
-2.8e-05	-4.8e-05	-8.07755e-17
-2.8e-05	-4.4e-05	-1.29543e-16
-2.8e-05	-4e-05	-4.37086e-17
-2.8e-05	-3.6e-05	4.82168e-17
-2.8e-05	-3.2e-05	-3.78803e-18
-2.8e-05	-2.8e-05	1.10246e-15
-2.8e-05	-2.4e-05	7.73461e-14
-2.8e-05	-2e-05	4.15361e-12
-2.8e-05	-1.6e-05	1.32456e-10
-2.8e-05	-1.2e-05	-1.70079e-10
-2.8e-05	-8e-06	8.14148e-11
-2.8e-05	-4e-06	4.58968e-11
-2.8e-05	0	-1.21834e-10
-2.8e-05	4e-06	1.17677e-10
-2.8e-05	8e-06	-7.21493e-11
-2.8e-05	1.2e-05	-2.27214e-12
-2.8e-05	1.6e-05	-4.23716e-14
-2.8e-05	2e-05	-6.04533e-16
-2.8e-05	2.4e-05	-6.06454e-17
-2.8e-05	2.8e-05	1.31832e-16
-2.8e-05	3.2e-05	3.87658e-17
-2.8e-05	3.6e-05	3.08372e-17
-2.8e-05	4e-05	-2.52568e-18
-2.8e-05	4.4e-05	-7.65521e-18
-2.8e-05	4.8e-05	-1.4382e-17
-2.8e-05	5.2e-05	-1.73708e-17
-2.8e-05	5.6e-05	-1.16203e-17
-2.8e-05	6e-05	2.09597e-17
-2.8e-05	6.4e-05	-2.02122e-17
-2.8e-05	6.8e-05	3.34135e-17
-2.8e-05	7.2e-05	-1.75281e-17
-2.8e-05	7.6e-05	-2.62605e-17
-2.4e-05	-8e-05	-2.95349e-17
-2.4e-05	-7.6e-05	-3.42325e-17
-2.4e-05	-7.2e-05	-5.69012e-17
-2.4e-05	-6.8e-05	-1.10346e-16
-2.4e-05	-6.4e-05	-1.93112e-17
-2.4e-05	-6e-05	-1.01242e-17
-2.4e-05	-5.6e-05	-2.50725e-17
-2.4e-05	-5.2e-05	-7.74552e-17
-2.4e-05	-4.8e-05	-1.36896e-16
-2.4e-05	-4.4e-05	-3.0168e-17
-2.4e-05	-4e-05	-4.01642e-17
-2.4e-05	-3.6e-05	1.23824e-17
-2.4e-05	-3.2e-05	1.06313e-15
-2.4e-05	-2.8e-05	1.03321e-13
-2.4e-05	-2.4e-05	8.35399e-12
-2.4e-05	-2e-05	5.39513e-10
-2.4e-05	-1.6e-05	2.15976e-08
-2.4e-05	-1.2e-05	-2.77357e-08
-2.4e-05	-8e-06	1.33064e-08
-2.4e-05	-4e-06	7.4581e-09
-2.4e-05	0	-1.98806e-08
-2.4e-05	4e-06	1.9253e-08
-2.4e-05	8e-06	-1.1811e-08
-2.4e-05	1.2e-05	-2.96115e-10
-2.4e-05	1.6e-05	-4.59209e-12
-2.4e-05	2e-05	-5.68322e-14
-2.4e-05	2.4e-05	-5.94687e-16
-2.4e-05	2.8e-05	3.07467e-17
-2.4e-05	3.2e-05	9.75174e-17
-2.4e-05	3.6e-05	8.30537e-18
-2.4e-05	4e-05	6.60352e-18
-2.4e-05	4.4e-05	-5.30892e-17
-2.4e-05	4.8e-05	-3.97622e-18
-2.4e-05	5.2e-05	-4.78906e-17
-2.4e-05	5.6e-05	8.69529e-18
-2.4e-05	6e-05	-8.19397e-17
-2.4e-05	6.4e-05	1.16187e-17
-2.4e-05	6.8e-05	-5.66105e-19
-2.4e-05	7.2e-05	6.36346e-18
-2.4e-05	7.6e-05	-2.16937e-17
-2e-05	-8e-05	-1.3132e-16
-2e-05	-7.6e-05	-6.32112e-17
-2e-05	-7.2e-05	-6.33005e-17
-2e-05	-6.8e-05	1.67181e-17
-2e-05	-6.4e-05	-5.47074e-17
-2e-05	-6e-05	9.93122e-18
-2e-05	-5.6e-05	-4.86566e-17
-2e-05	-5.2e-05	5.92485e-17
-2e-05	-4.8e-05	-5.50101e-17
-2e-05	-4.4e-05	5.5455e-17
-2e-05	-4e-05	-4.25453e-17
-2e-05	-3.6e-05	7.62161e-16
-2e-05	-3.2e-05	7.70111e-14
-2e-05	-2.8e-05	8.35349e-12
-2e-05	-2.4e-05	8.12057e-10
-2e-05	-2e-05	6.56878e-08
-2e-05	-1.6e-05	3.52175e-06
-2e-05	-1.2e-05	-4.52304e-06
-2e-05	-8e-06	2.17478e-06
-2e-05	-4e-06	1.21193e-06
-2e-05	0	-3.24409e-06
-2e-05	4e-06	3.14991e-06
-2e-05	8e-06	-1.93352e-06
-2e-05	1.2e-05	-3.61837e-08
-2e-05	1.6e-05	-4.4817e-10
-2e-05	2e-05	-4.61797e-12
-2e-05	2.4e-05	-4.24698e-14
-2e-05	2.8e-05	-4.37173e-16
-2e-05	3.2e-05	5.16448e-17
-2e-05	3.6e-05	-3.57047e-17
-2e-05	4e-05	-1.6047e-17
-2e-05	4.4e-05	1.05852e-17
-2e-05	4.8e-05	-6.14117e-17
-2e-05	5.2e-05	-2.45645e-17
-2e-05	5.6e-05	-2.15564e-17
-2e-05	6e-05	-2.99333e-18
-2e-05	6.4e-05	3.08855e-17
-2e-05	6.8e-05	5.96106e-18
-2e-05	7.2e-05	6.16625e-17
-2e-05	7.6e-05	-8.26735e-17
-1.6e-05	-8e-05	-1.1803e-17
-1.6e-05	-7.6e-05	-6.87513e-17
-1.6e-05	-7.2e-05	-9.01381e-17
-1.6e-05	-6.8e-05	-5.52451e-19
-1.6e-05	-6.4e-05	-1.81507e-16
-1.6e-05	-6e-05	3.31256e-16
-1.6e-05	-5.6e-05	-7.02193e-16
-1.6e-05	-5.2e-05	1.42402e-15
-1.6e-05	-4.8e-05	-2.66784e-15
-1.6e-05	-4.4e-05	5.48571e-15
-1.6e-05	-4e-05	-1.03641e-14
-1.6e-05	-3.6e-05	5.07091e-14
-1.6e-05	-3.2e-05	4.11227e-12
-1.6e-05	-2.8e-05	5.39444e-10
-1.6e-05	-2.4e-05	6.56938e-08
-1.6e-05	-2e-05	7.10578e-06
-1.6e-05	-1.6e-05	0.000574286
-1.6e-05	-1.2e-05	-0.000737607
-1.6e-05	-8e-06	0.000355438
-1.6e-05	-4e-06	0.000196937
-1.6e-05	0	-0.000529371
-1.6e-05	4e-06	0.000515336
-1.6e-05	8e-06	-0.000316535
-1.6e-05	1.2e-05	-3.93121e-06
-1.6e-05	1.6e-05	-3.64564e-08
-1.6e-05	2e-05	-3.00309e-10
-1.6e-05	2.4e-05	-2.26314e-12
-1.6e-05	2.8e-05	-4.22621e-14
-1.6e-05	3.2e-05	1.1695e-14
-1.6e-05	3.6e-05	-5.54293e-15
-1.6e-05	4e-05	2.58311e-15
-1.6e-05	4.4e-05	-1.26686e-15
-1.6e-05	4.8e-05	5.49731e-16
-1.6e-05	5.2e-05	-2.79353e-16
-1.6e-05	5.6e-05	1.14683e-16
-1.6e-05	6e-05	4.25143e-17
-1.6e-05	6.4e-05	6.92434e-17
-1.6e-05	6.8e-05	1.03733e-16
-1.6e-05	7.2e-05	3.1002e-17
-1.6e-05	7.6e-05	-3.80725e-17
-1.2e-05	-8e-05	-2.19456e-15
-1.2e-05	-7.6e-05	4.00407e-15
-1.2e-05	-7.2e-05	-8.01394e-15
-1.2e-05	-6.8e-05	1.57959e-14
-1.2e-05	-6.4e-05	-3.13057e-14
-1.2e-05	-6e-05	6.17539e-14
-1.2e-05	-5.6e-05	-1.21565e-13
-1.2e-05	-5.2e-05	2.38095e-13
-1.2e-05	-4.8e-05	-4.63687e-13
-1.2e-05	-4.4e-05	8.98136e-13
-1.2e-05	-4e-05	-1.72314e-12
-1.2e-05	-3.6e-05	4.1077e-12
-1.2e-05	-3.2e-05	1.25826e-10
-1.2e-05	-2.8e-05	2.15808e-08
-1.2e-05	-2.4e-05	3.52273e-06
-1.2e-05	-2e-05	0.000575363
-1.2e-05	-1.6e-05	0.0936515
-1.2e-05	-1.2e-05	-0.120288
-1.2e-05	-8e-06	0.0580908
-1.2e-05	-4e-06	0.0320023
-1.2e-05	0	-0.0863833
-1.2e-05	4e-06	0.0843093
-1.2e-05	8e-06	-0.0518208
-1.2e-05	1.2e-05	-0.000320646
-1.2e-05	1.6e-05	-1.97764e-06
-1.2e-05	2e-05	-1.22167e-08
-1.2e-05	2.4e-05	-6.64855e-11
-1.2e-05	2.8e-05	-4.59312e-12
-1.2e-05	3.2e-05	1.9403e-12
-1.2e-05	3.6e-05	-9.12308e-13
-1.2e-05	4e-05	4.27244e-13
-1.2e-05	4.4e-05	-1.99539e-13
-1.2e-05	4.8e-05	9.29304e-14
-1.2e-05	5.2e-05	-4.31959e-14
-1.2e-05	5.6e-05	1.99518e-14
-1.2e-05	6e-05	-9.17131e-15
-1.2e-05	6.4e-05	4.30342e-15
-1.2e-05	6.8e-05	-1.883e-15
-1.2e-05	7.2e-05	7.04686e-16
-1.2e-05	7.6e-05	-9.02803e-15
-8e-06	-8e-05	-3.46344e-13
-8e-06	-7.6e-05	6.60627e-13
-8e-06	-7.2e-05	-1.30639e-12
-8e-06	-6.8e-05	2.59324e-12
-8e-06	-6.4e-05	-5.13971e-12
-8e-06	-6e-05	1.01528e-11
-8e-06	-5.6e-05	-1.99748e-11
-8e-06	-5.2e-05	3.91188e-11
-8e-06	-4.8e-05	-7.6216e-11
-8e-06	-4.4e-05	1.47627e-10
-8e-06	-4e-05	-2.84045e-10
-8e-06	-3.6e-05	5.41006e-10
-8e-06	-3.2e-05	-1.2301e-09
-8e-06	-2.8e-05	-3.14079e-08
-8e-06	-2.4e-05	-5.43953e-06
-8e-06	-2e-05	-0.000886662
-8e-06	-1.6e-05	-0.144453
-8e-06	-1.2e-05	0.149415
-8e-06	-8e-06	-0.051652
-8e-06	-4e-06	-0.0582864
-8e-06	0	0.0984801
-8e-06	4e-06	-0.0610626
-8e-06	8e-06	0.00246897
-8e-06	1.2e-05	1.82875e-05
-8e-06	1.6e-05	1.25457e-07
-8e-06	2e-05	-2.27328e-09
-8e-06	2.4e-05	1.44394e-09
-8e-06	2.8e-05	-6.78658e-10
-8e-06	3.2e-05	3.19385e-10
-8e-06	3.6e-05	-1.49944e-10
-8e-06	4e-05	7.02193e-11
-8e-06	4.4e-05	-3.27967e-11
-8e-06	4.8e-05	1.52745e-11
-8e-06	5.2e-05	-7.09213e-12
-8e-06	5.6e-05	3.28184e-12
-8e-06	6e-05	-1.51256e-12
-8e-06	6.4e-05	6.93055e-13
-8e-06	6.8e-05	-3.1334e-13
-8e-06	7.2e-05	1.21228e-13
-8e-06	7.6e-05	-1.10823e-12
-4e-06	-8e-05	-5.67115e-11
-4e-06	-7.6e-05	1.08604e-10
-4e-06	-7.2e-05	-2.1472e-10
-4e-06	-6.8e-05	4.26247e-10
-4e-06	-6.4e-05	-8.44795e-10
-4e-06	-6e-05	1.66879e-09
-4e-06	-5.6e-05	-3.2832e-09
-4e-06	-5.2e-05	6.42984e-09
-4e-06	-4.8e-05	-1.25274e-08
-4e-06	-4.4e-05	2.4265e-08
-4e-06	-4e-05	-4.66864e-08
-4e-06	-3.6e-05	8.91303e-08
-4e-06	-3.2e-05	-1.68465e-07
-4e-06	-2.8e-05	3.38189e-07
-4e-06	-2.4e-05	3.1272e-06
-4e-06	-2e-05	0.000606234
-4e-06	-1.6e-05	0.0988878
-4e-06	-1.2e-05	-0.0602856
-4e-06	-8e-06	-0.0278271
-4e-06	-4e-06	0.0788054
-4e-06	0	-0.0414908
-4e-06	4e-06	-0.0469925
-4e-06	8e-06	0.0957452
-4e-06	1.2e-05	0.00057962
-4e-06	1.6e-05	4.61161e-06
-4e-06	2e-05	-4.78669e-07
-4e-06	2.4e-05	2.36651e-07
-4e-06	2.8e-05	-1.11553e-07
-4e-06	3.2e-05	5.24964e-08
-4e-06	3.6e-05	-2.46458e-08
-4e-06	4e-05	1.15417e-08
-4e-06	4.4e-05	-5.39068e-09
-4e-06	4.8e-05	2.51063e-09
-4e-06	5.2e-05	-1.16571e-09
-4e-06	5.6e-05	5.39427e-10
-4e-06	6e-05	-2.48622e-10
-4e-06	6.4e-05	1.13918e-10
-4e-06	6.8e-05	-5.14947e-11
-4e-06	7.2e-05	2.10311e-11
-4e-06	7.6e-05	-1.22777e-10
0	-8e-05	-9.28726e-09
0	-7.6e-05	1.78513e-08
0	-7.2e-05	-3.52929e-08
0	-6.8e-05	7.0061e-08
0	-6.4e-05	-1.38856e-07
0	-6e-05	2.74294e-07
0	-5.6e-05	-5.3965e-07
0	-5.2e-05	1.05685e-06
0	-4.8e-05	-2.05909e-06
0	-4.4e-05	3.98837e-06
0	-4e-05	-7.6737e-06
0	-3.6e-05	1.46499e-05
0	-3.2e-05	-2.7713e-05
0	-2.8e-05	5.18502e-05
0	-2.4e-05	-9.56376e-05
0	-2e-05	0.000181361
0	-1.6e-05	0
0	-1.2e-05	-0.0597431
0	-8e-06	0.107869
0	-4e-06	-0.0838703
0	0	-0.0202563
0	4e-06	0.133111
0	8e-06	-0.152244
0	1.2e-05	-0.00151979
0	1.6e-05	0.000166538
0	2e-05	-8.22913e-05
0	2.4e-05	3.88755e-05
0	2.8e-05	-1.83358e-05
0	3.2e-05	8.62867e-06
0	3.6e-05	-4.05096e-06
0	4e-05	1.89708e-06
0	4.4e-05	-8.86051e-07
0	4.8e-05	4.12665e-07
0	5.2e-05	-1.91605e-07
0	5.6e-05	8.8664e-08
0	6e-05	-4.08653e-08
0	6.4e-05	1.87244e-08
0	6.8e-05	-8.46293e-09
0	7.2e-05	3.57515e-09
0	7.6e-05	-1.06057e-08
4e-06	-8e-05	-1.52104e-06
4e-06	-7.6e-05	2.9342e-06
4e-06	-7.2e-05	-5.80099e-06
4e-06	-6.8e-05	1.15157e-05
4e-06	-6.4e-05	-2.28234e-05
4e-06	-6e-05	4.50849e-05
4e-06	-5.6e-05	-8.87006e-05
4e-06	-5.2e-05	0.000173712
4e-06	-4.8e-05	-0.000338447
4e-06	-4.4e-05	0.000655556
4e-06	-4e-05	-0.0012613
4e-06	-3.6e-05	0.00240797
4e-06	-3.2e-05	-0.0045551
4e-06	-2.8e-05	0.00852237
4e-06	-2.4e-05	-0.0157306
4e-06	-2e-05	0.0285434
4e-06	-1.6e-05	-0.0506565
4e-06	-1.2e-05	0.0867667
4e-06	-8e-06	-0.0988776
4e-06	-4e-06	0.0557322
4e-06	0	0.0339301
4e-06	4e-06	-0.115703
4e-06	8e-06	0.127597
4e-06	1.2e-05	-0.0601345
4e-06	1.6e-05	0.028542
4e-06	2e-05	-0.0135188
4e-06	2.4e-05	0.00638989
4e-06	2.8e-05	-0.0030138
4e-06	3.2e-05	0.00141827
4e-06	3.6e-05	-0.000665844
4e-06	4e-05	0.000311817
4e-06	4.4e-05	-0.000145637
4e-06	4.8e-05	6.78285e-05
4e-06	5.2e-05	-3.14935e-05
4e-06	5.6e-05	1.45734e-05
4e-06	6e-05	-6.71691e-06
4e-06	6.4e-05	3.07767e-06
4e-06	6.8e-05	-1.39097e-06
4e-06	7.2e-05	5.97215e-07
4e-06	7.6e-05	-1.93028e-07
8e-06	-8e-05	-8.00881e-08
8e-06	-7.6e-05	1.30646e-07
8e-06	-7.2e-05	-2.59538e-07
8e-06	-6.8e-05	5.15153e-07
8e-06	-6.4e-05	-1.021e-06
8e-06	-6e-05	2.01687e-06
8e-06	-5.6e-05	-3.96801e-06
8e-06	-5.2e-05	7.77099e-06
8e-06	-4.8e-05	-1.51404e-05
8e-06	-4.4e-05	2.93262e-05
8e-06	-4e-05	-5.64243e-05
8e-06	-3.6e-05	0.00010772
8e-06	-3.2e-05	-0.000203772
8e-06	-2.8e-05	0.000381249
8e-06	-2.4e-05	-0.000703678
8e-06	-2e-05	0.00127735
8e-06	-1.6e-05	-0.00225869
8e-06	-1.2e-05	0.0040048
8e-06	-8e-06	-0.00465301
8e-06	-4e-06	0.00267523
8e-06	0	0.00155797
8e-06	4e-06	-0.00545973
8e-06	8e-06	0.00604106
8e-06	1.2e-05	-0.00267055
8e-06	1.6e-05	0.00127784
8e-06	2e-05	-0.000604709
8e-06	2.4e-05	0.000285854
8e-06	2.8e-05	-0.000134822
8e-06	3.2e-05	6.34461e-05
8e-06	3.6e-05	-2.97865e-05
8e-06	4e-05	1.39491e-05
8e-06	4.4e-05	-6.51508e-06
8e-06	4.8e-05	3.0343e-06
8e-06	5.2e-05	-1.40886e-06
8e-06	5.6e-05	6.51941e-07
8e-06	6e-05	-3.0048e-07
8e-06	6.4e-05	1.37679e-07
8e-06	6.8e-05	-6.22249e-08
8e-06	7.2e-05	2.67148e-08
8e-06	7.6e-05	-8.66842e-09
1.2e-05	-8e-05	-4.18935e-09
1.2e-05	-7.6e-05	5.78213e-09
1.2e-05	-7.2e-05	-1.16152e-08
1.2e-05	-6.8e-05	2.3045e-08
1.2e-05	-6.4e-05	-4.56745e-08
1.2e-05	-6e-05	9.02244e-08
1.2e-05	-5.6e-05	-1.77509e-07
1.2e-05	-5.2e-05	3.47634e-07
1.2e-05	-4.8e-05	-6.77303e-07
1.2e-05	-4.4e-05	1.31191e-06
1.2e-05	-4e-05	-2.52413e-06
1.2e-05	-3.6e-05	4.81885e-06
1.2e-05	-3.2e-05	-9.11569e-06
1.2e-05	-2.8e-05	1.70556e-05
1.2e-05	-2.4e-05	-3.1473e-05
1.2e-05	-2e-05	5.72145e-05
1.2e-05	-1.6e-05	-0.000100288
1.2e-05	-1.2e-05	0.000184791
1.2e-05	-8e-06	-0.00021903
1.2e-05	-4e-06	0.000128477
1.2e-05	0	7.14406e-05
1.2e-05	4e-06	-0.000257678
1.2e-05	8e-06	0.000286512
1.2e-05	1.2e-05	-0.000117644
1.2e-05	1.6e-05	5.73083e-05
1.2e-05	2e-05	-2.70416e-05
1.2e-05	2.4e-05	1.27883e-05
1.2e-05	2.8e-05	-6.03122e-06
1.2e-05	3.2e-05	2.83826e-06
1.2e-05	3.6e-05	-1.3325e-06
1.2e-05	4e-05	6.24012e-07
1.2e-05	4.4e-05	-2.91451e-07
1.2e-05	4.8e-05	1.35739e-07
1.2e-05	5.2e-05	-6.30251e-08
1.2e-05	5.6e-05	2.91645e-08
1.2e-05	6e-05	-1.3442e-08
1.2e-05	6.4e-05	6.15906e-09
1.2e-05	6.8e-05	-2.78364e-09
1.2e-05	7.2e-05	1.19483e-09
1.2e-05	7.6e-05	-3.91085e-10
1.6e-05	-8e-05	-2.1862e-10
1.6e-05	-7.6e-05	2.53885e-10
1.6e-05	-7.2e-05	-5.20095e-10
1.6e-05	-6.8e-05	1.03087e-09
1.6e-05	-6.4e-05	-2.04325e-09
1.6e-05	-6e-05	4.03618e-09
1.6e-05	-5.6e-05	-7.94083e-09
1.6e-05	-5.2e-05	1.55514e-08
1.6e-05	-4.8e-05	-3.02991e-08
1.6e-05	-4.4e-05	5.8688e-08
1.6e-05	-4e-05	-1.12917e-07
1.6e-05	-3.6e-05	2.15571e-07
1.6e-05	-3.2e-05	-4.07784e-07
1.6e-05	-2.8e-05	7.63049e-07
1.6e-05	-2.4e-05	-1.40719e-06
1.6e-05	-2e-05	2.56673e-06
1.6e-05	-1.6e-05	-4.43043e-06
1.6e-05	-1.2e-05	8.52436e-06
1.6e-05	-8e-06	-1.03134e-05
1.6e-05	-4e-06	6.17291e-06
1.6e-05	0	3.27116e-06
1.6e-05	4e-06	-1.21625e-05
1.6e-05	8e-06	1.36149e-05
1.6e-05	1.2e-05	-5.12938e-06
1.6e-05	1.6e-05	2.57782e-06
1.6e-05	2e-05	-1.20847e-06
1.6e-05	2.4e-05	5.72179e-07
1.6e-05	2.8e-05	-2.69799e-07
1.6e-05	3.2e-05	1.2697e-07
1.6e-05	3.6e-05	-5.9609e-08
1.6e-05	4e-05	2.79151e-08
1.6e-05	4.4e-05	-1.30381e-08
1.6e-05	4.8e-05	6.07228e-09
1.6e-05	5.2e-05	-2.81942e-09
1.6e-05	5.6e-05	1.30467e-09
1.6e-05	6e-05	-6.01325e-10
1.6e-05	6.4e-05	2.75525e-10
1.6e-05	6.8e-05	-1.24528e-10
1.6e-05	7.2e-05	5.34243e-11
1.6e-05	7.6e-05	-1.77478e-11
2e-05	-8e-05	-1.1395e-11
2e-05	-7.6e-05	1.10296e-11
2e-05	-7.2e-05	-2.33094e-11
2e-05	-6.8e-05	4.61117e-11
2e-05	-6.4e-05	-9.14045e-11
2e-05	-6e-05	1.80558e-10
2e-05	-5.6e-05	-3.55233e-10
2e-05	-5.2e-05	6.9569e-10
2e-05	-4.8e-05	-1.35543e-09
2e-05	-4.4e-05	2.6254e-09
2e-05	-4e-05	-5.05132e-09
2e-05	-3.6e-05	9.64363e-09
2e-05	-3.2e-05	-1.82414e-08
2e-05	-2.8e-05	3.41428e-08
2e-05	-2.4e-05	-6.28754e-08
2e-05	-2e-05	1.15427e-07
2e-05	-1.6e-05	-1.94526e-07
2e-05	-1.2e-05	3.93127e-07
2e-05	-8e-06	-4.85762e-07
2e-05	-4e-06	2.96723e-07
2e-05	0	1.49555e-07
2e-05	4e-06	-5.74069e-07
2e-05	8e-06	6.48361e-07
2e-05	1.2e-05	-2.20657e-07
2e-05	1.6e-05	1.16488e-07
2e-05	2e-05	-5.39388e-08
2e-05	2.4e-05	2.56075e-08
2e-05	2.8e-05	-1.20685e-08
2e-05	3.2e-05	5.68005e-09
2e-05	3.6e-05	-2.6666e-09
2e-05	4e-05	1.24878e-09
2e-05	4.4e-05	-5.83256e-10
2e-05	4.8e-05	2.71643e-10
2e-05	5.2e-05	-1.26126e-10
2e-05	5.6e-05	5.83643e-11
2e-05	6e-05	-2.69002e-11
2e-05	6.4e-05	1.23251e-11
2e-05	6.8e-05	-5.57113e-12
2e-05	7.2e-05	2.38756e-12
2e-05	7.6e-05	-8.11641e-13
2.4e-05	-8e-05	-5.93953e-13
2.4e-05	-7.6e-05	4.71711e-13
2.4e-05	-7.2e-05	-1.04601e-12
2.4e-05	-6.8e-05	2.06219e-12
2.4e-05	-6.4e-05	-4.08947e-12
2.4e-05	-6e-05	8.0761e-12
2.4e-05	-5.6e-05	-1.58915e-11
2.4e-05	-5.2e-05	3.11224e-11
2.4e-05	-4.8e-05	-6.06349e-11
2.4e-05	-4.4e-05	1.17448e-10
2.4e-05	-4e-05	-2.2597e-10
2.4e-05	-3.6e-05	4.31416e-10
2.4e-05	-3.2e-05	-8.15944e-10
2.4e-05	-2.8e-05	1.52818e-09
2.4e-05	-2.4e-05	-2.80611e-09
2.4e-05	-2e-05	5.20888e-09
2.4e-05	-1.6e-05	-8.47653e-09
2.4e-05	-1.2e-05	1.81264e-08
2.4e-05	-8e-06	-2.28857e-08
2.4e-05	-4e-06	1.42694e-08
2.4e-05	0	6.82676e-09
2.4e-05	4e-06	-2.7092e-08
2.4e-05	8e-06	3.09498e-08
2.4e-05	1.2e-05	-9.32228e-09
2.4e-05	1.6e-05	5.29862e-09
2.4e-05	2e-05	-2.40226e-09
2.4e-05	2.4e-05	1.14666e-09
2.4e-05	2.8e-05	-5.39781e-10
2.4e-05	3.2e-05	2.54106e-10
2.4e-05	3.6e-05	-1.1929e-10
2.4e-05	4e-05	5.58648e-11
2.4e-05	4.4e-05	-2.60924e-11
2.4e-05	4.8e-05	1.21526e-11
2.4e-05	5.2e-05	-5.64247e-12
2.4e-05	5.6e-05	2.61175e-12
2.4e-05	6e-05	-1.20325e-12
2.4e-05	6.4e-05	5.51123e-13
2.4e-05	6.8e-05	-2.49433e-13
2.4e-05	7.2e-05	1.05977e-13
2.4e-05	7.6e-05	-3.75713e-14
2.8e-05	-8e-05	-3.19917e-14
2.8e-05	-7.6e-05	1.96941e-14
2.8e-05	-7.2e-05	-4.8141e-14
2.8e-05	-6.8e-05	9.20681e-14
2.8e-05	-6.4e-05	-1.84123e-13
2.8e-05	-6e-05	3.61436e-13
2.8e-05	-5.6e-05	-7.10112e-13
2.8e-05	-5.2e-05	1.39255e-12
2.8e-05	-4.8e-05	-2.71196e-12
2.8e-05	-4.4e-05	5.25408e-12
2.8e-05	-4e-05	-1.01082e-11
2.8e-05	-3.6e-05	1.92991e-11
2.8e-05	-3.2e-05	-3.64918e-11
2.8e-05	-2.8e-05	6.84341e-11
2.8e-05	-2.4e-05	-1.24999e-10
2.8e-05	-2e-05	2.36188e-10
2.8e-05	-1.6e-05	-3.65862e-10
2.8e-05	-1.2e-05	8.35649e-10
2.8e-05	-8e-06	-1.07848e-09
2.8e-05	-4e-06	6.86522e-10
2.8e-05	0	3.11128e-10
2.8e-05	4e-06	-1.27816e-09
2.8e-05	8e-06	1.48131e-09
2.8e-05	1.2e-05	-3.84036e-10
2.8e-05	1.6e-05	2.43182e-10
2.8e-05	2e-05	-1.06607e-10
2.8e-05	2.4e-05	5.13953e-11
2.8e-05	2.8e-05	-2.41357e-11
2.8e-05	3.2e-05	1.13677e-11
2.8e-05	3.6e-05	-5.33544e-12
2.8e-05	4e-05	2.49816e-12
2.8e-05	4.4e-05	-1.16682e-12
2.8e-05	4.8e-05	5.43201e-13
2.8e-05	5.2e-05	-2.51987e-13
2.8e-05	5.6e-05	1.16872e-13
2.8e-05	6e-05	-5.32388e-14
2.8e-05	6.4e-05	2.50261e-14
2.8e-05	6.8e-05	-1.13742e-14
2.8e-05	7.2e-05	5.10355e-15
2.8e-05	7.6e-05	-2.62964e-15
3.2e-05	-8e-05	-1.23336e-15
3.2e-05	-7.6e-05	-2.42708e-16
3.2e-05	-7.2e-05	-1.71071e-15
3.2e-05	-6.8e-05	3.40579e-15
3.2e-05	-6.4e-05	-7.56706e-15
3.2e-05	-6e-05	1.66412e-14
3.2e-05	-5.6e-05	-3.11452e-14
3.2e-05	-5.2e-05	6.23894e-14
3.2e-05	-4.8e-05	-1.2086e-13
3.2e-05	-4.4e-05	2.34799e-13
3.2e-05	-4e-05	-4.53109e-13
3.2e-05	-3.6e-05	8.64405e-13
3.2e-05	-3.2e-05	-1.63223e-12
3.2e-05	-2.8e-05	3.06842e-12
3.2e-05	-2.4e-05	-5.55225e-12
3.2e-05	-2e-05	1.07782e-11
3.2e-05	-1.6e-05	-1.55999e-11
3.2e-05	-1.2e-05	3.85228e-11
3.2e-05	-8e-06	-5.08348e-11
3.2e-05	-4e-06	3.30444e-11
3.2e-05	0	1.4157e-11
3.2e-05	4e-06	-6.02704e-11
3.2e-05	8e-06	7.11059e-11
3.2e-05	1.2e-05	-1.52435e-11
3.2e-05	1.6e-05	1.12922e-11
3.2e-05	2e-05	-4.70458e-12
3.2e-05	2.4e-05	2.30835e-12
3.2e-05	2.8e-05	-1.07928e-12
3.2e-05	3.2e-05	5.09399e-13
3.2e-05	3.6e-05	-2.39397e-13
3.2e-05	4e-05	1.12725e-13
3.2e-05	4.4e-05	-5.28147e-14
3.2e-05	4.8e-05	2.46768e-14
3.2e-05	5.2e-05	-1.13127e-14
3.2e-05	5.6e-05	5.46751e-15
3.2e-05	6e-05	-2.04908e-15
3.2e-05	6.4e-05	1.29877e-15
3.2e-05	6.8e-05	2.33099e-16
3.2e-05	7.2e-05	7.98065e-17
3.2e-05	7.6e-05	6.30015e-16
3.6e-05	-8e-05	-4.90465e-16
3.6e-05	-7.6e-05	5.88513e-16
3.6e-05	-7.2e-05	-4.20662e-16
3.6e-05	-6.8e-05	8.86823e-16
3.6e-05	-6.4e-05	-1.29142e-16
3.6e-05	-6e-05	1.61155e-15
3.6e-05	-5.6e-05	-1.61289e-15
3.6e-05	-5.2e-05	3.71621e-15
3.6e-05	-4.8e-05	-5.73893e-15
3.6e-05	-4.4e-05	1.02123e-14
3.6e-05	-4e-05	-1.96589e-14
3.6e-05	-3.6e-05	3.82225e-14
3.6e-05	-3.2e-05	-7.27532e-14
3.6e-05	-2.8e-05	1.3724e-13
3.6e-05	-2.4e-05	-2.45007e-13
3.6e-05	-2e-05	4.95313e-13
3.6e-05	-1.6e-05	-6.53594e-13
3.6e-05	-1.2e-05	1.77545e-12
3.6e-05	-8e-06	-2.39551e-12
3.6e-05	-4e-06	1.5913e-12
3.6e-05	0	6.43138e-13
3.6e-05	4e-06	-2.84006e-12
3.6e-05	8e-06	3.42452e-12
3.6e-05	1.2e-05	-5.69418e-13
3.6e-05	1.6e-05	5.31695e-13
3.6e-05	2e-05	-2.05427e-13
3.6e-05	2.4e-05	1.03457e-13
3.6e-05	2.8e-05	-4.70322e-14
3.6e-05	3.2e-05	2.23079e-14
3.6e-05	3.6e-05	-1.01577e-14
3.6e-05	4e-05	4.54095e-15
3.6e-05	4.4e-05	-1.97196e-15
3.6e-05	4.8e-05	7.34212e-16
3.6e-05	5.2e-05	-5.96475e-16
3.6e-05	5.6e-05	5.43493e-16
3.6e-05	6e-05	-2.66042e-16
3.6e-05	6.4e-05	8.05646e-16
3.6e-05	6.8e-05	6.45695e-17
3.6e-05	7.2e-05	9.5249e-16
3.6e-05	7.6e-05	8.86615e-17
4e-05	-8e-05	9.68467e-16
4e-05	-7.6e-05	1.77148e-16
4e-05	-7.2e-05	1.05902e-15
4e-05	-6.8e-05	1.79197e-16
4e-05	-6.4e-05	9.9643e-16
4e-05	-6e-05	-1.24108e-16
4e-05	-5.6e-05	6.94035e-16
4e-05	-5.2e-05	-4.26523e-16
4e-05	-4.8e-05	-5.29248e-16
4e-05	-4.4e-05	3.94114e-16
4e-05	-4e-05	-1.42539e-15
4e-05	-3.6e-05	1.58167e-15
4e-05	-3.2e-05	-3.00805e-15
4e-05	-2.8e-05	6.49071e-15
4e-05	-2.4e-05	-1.05831e-14
4e-05	-2e-05	2.36331e-14
4e-05	-1.6e-05	-2.77182e-14
4e-05	-1.2e-05	8.26328e-14
4e-05	-8e-06	-1.12849e-13
4e-05	-4e-06	7.67735e-14
4e-05	0	2.86199e-14
4e-05	4e-06	-1.33296e-13
4e-05	8e-06	1.6625e-13
4e-05	1.2e-05	-1.91325e-14
4e-05	1.6e-05	2.54899e-14
4e-05	2e-05	-9.24268e-15
4e-05	2.4e-05	5.08172e-15
4e-05	2.8e-05	-2.62551e-15
4e-05	3.2e-05	1.35481e-15
4e-05	3.6e-05	-4.98713e-16
4e-05	4e-05	6.2129e-16
4e-05	4.4e-05	-4.69026e-16
4e-05	4.8e-05	4.7258e-16
4e-05	5.2e-05	-4.59148e-16
4e-05	5.6e-05	-2.00289e-16
4e-05	6e-05	7.34128e-17
4e-05	6.4e-05	-5.25535e-16
4e-05	6.8e-05	6.39658e-16
4e-05	7.2e-05	-5.46023e-16
4e-05	7.6e-05	9.65981e-16
4.4e-05	-8e-05	-4.99535e-16
4.4e-05	-7.6e-05	1.04459e-15
4.4e-05	-7.2e-05	-5.456e-16
4.4e-05	-6.8e-05	8.85068e-16
4.4e-05	-6.4e-05	-6.02649e-16
4.4e-05	-6e-05	3.33608e-17
4.4e-05	-5.6e-05	-3.84197e-16
4.4e-05	-5.2e-05	-8.7017e-16
4.4e-05	-4.8e-05	4.40132e-16
4.4e-05	-4.4e-05	-9.53122e-16
4.4e-05	-4e-05	7.41885e-16
4.4e-05	-3.6e-05	3.15072e-16
4.4e-05	-3.2e-05	-5.0536e-16
4.4e-05	-2.8e-05	5.57116e-16
4.4e-05	-2.4e-05	-3.12172e-16
4.4e-05	-2e-05	7.11782e-16
4.4e-05	-1.6e-05	-6.26315e-16
4.4e-05	-1.2e-05	4.13332e-15
4.4e-05	-8e-06	-4.86535e-15
4.4e-05	-4e-06	3.19518e-15
4.4e-05	0	1.69172e-15
4.4e-05	4e-06	-5.87312e-15
4.4e-05	8e-06	8.15534e-15
4.4e-05	1.2e-05	-4.93529e-16
4.4e-05	1.6e-05	1.15411e-15
4.4e-05	2e-05	-8.10908e-17
4.4e-05	2.4e-05	1.298e-16
4.4e-05	2.8e-05	4.73381e-16
4.4e-05	3.2e-05	1.31452e-16
4.4e-05	3.6e-05	-1.36873e-16
4.4e-05	4e-05	2.92345e-16
4.4e-05	4.4e-05	2.45089e-16
4.4e-05	4.8e-05	-4.26362e-16
4.4e-05	5.2e-05	6.5314e-16
4.4e-05	5.6e-05	-6.9294e-16
4.4e-05	6e-05	3.02067e-16
4.4e-05	6.4e-05	-3.73809e-16
4.4e-05	6.8e-05	-1.86782e-16
4.4e-05	7.2e-05	1.68944e-16
4.4e-05	7.6e-05	-4.27195e-16
4.8e-05	-8e-05	5.11939e-16
4.8e-05	-7.6e-05	-4.26079e-16
4.8e-05	-7.2e-05	4.15221e-16
4.8e-05	-6.8e-05	-4.94025e-16
4.8e-05	-6.4e-05	-1.04022e-16
4.8e-05	-6e-05	1.80359e-16
4.8e-05	-5.6e-05	-9.07708e-16
4.8e-05	-5.2e-05	1.00243e-15
4.8e-05	-4.8e-05	-7.0411e-16
4.8e-05	-4.4e-05	9.49613e-16
4.8e-05	-4e-05	-2.31269e-16
4.8e-05	-3.6e-05	-4.98396e-16
4.8e-05	-3.2e-05	-5.15564e-16
4.8e-05	-2.8e-05	2.67769e-16
4.8e-05	-2.4e-05	1.47853e-16
4.8e-05	-2e-05	5.8002e-16
4.8e-05	-1.6e-05	3.15975e-16
4.8e-05	-1.2e-05	-5.05625e-17
4.8e-05	-8e-06	-2.9458e-16
4.8e-05	-4e-06	8.52465e-17
4.8e-05	0	2.00801e-16
4.8e-05	4e-06	4.56707e-16
4.8e-05	8e-06	8.17236e-16
4.8e-05	1.2e-05	-9.94374e-18
4.8e-05	1.6e-05	-5.07486e-16
4.8e-05	2e-05	-9.41071e-18
4.8e-05	2.4e-05	5.49556e-16
4.8e-05	2.8e-05	2.24462e-16
4.8e-05	3.2e-05	3.71062e-16
4.8e-05	3.6e-05	4.11917e-16
4.8e-05	4e-05	-7.92598e-17
4.8e-05	4.4e-05	-2.2081e-16
4.8e-05	4.8e-05	3.09211e-16
4.8e-05	5.2e-05	-4.11791e-16
4.8e-05	5.6e-05	5.35387e-16
4.8e-05	6e-05	-5.37897e-16
4.8e-05	6.4e-05	4.43268e-16
4.8e-05	6.8e-05	-2.30868e-16
4.8e-05	7.2e-05	8.59276e-17
4.8e-05	7.6e-05	1.5458e-16
5.2e-05	-8e-05	-9.87401e-17
5.2e-05	-7.6e-05	3.8434e-16
5.2e-05	-7.2e-05	-7.61738e-17
5.2e-05	-6.8e-05	5.34113e-16
5.2e-05	-6.4e-05	1.13609e-16
5.2e-05	-6e-05	3.44896e-16
5.2e-05	-5.6e-05	3.02021e-16
5.2e-05	-5.2e-05	1.18384e-16
5.2e-05	-4.8e-05	1.36883e-16
5.2e-05	-4.4e-05	6.70671e-17
5.2e-05	-4e-05	-1.11776e-16
5.2e-05	-3.6e-05	-9.52721e-16
5.2e-05	-3.2e-05	1.13055e-15
5.2e-05	-2.8e-05	-1.26894e-16
5.2e-05	-2.4e-05	8.97248e-16
5.2e-05	-2e-05	-4.93481e-16
5.2e-05	-1.6e-05	-6.68146e-17
5.2e-05	-1.2e-05	1.14894e-15
5.2e-05	-8e-06	-1.07699e-15
5.2e-05	-4e-06	-3.56035e-16
5.2e-05	0	9.35973e-16
5.2e-05	4e-06	1.13292e-15
5.2e-05	8e-06	3.3735e-17
5.2e-05	1.2e-05	-8.24749e-16
5.2e-05	1.6e-05	4.9616e-16
5.2e-05	2e-05	7.35877e-17
5.2e-05	2.4e-05	4.52651e-17
5.2e-05	2.8e-05	1.48693e-16
5.2e-05	3.2e-05	1.71515e-16
5.2e-05	3.6e-05	5.39284e-16
5.2e-05	4e-05	-3.49617e-16
5.2e-05	4.4e-05	5.73833e-16
5.2e-05	4.8e-05	-4.91637e-16
5.2e-05	5.2e-05	4.88781e-16
5.2e-05	5.6e-05	-2.87522e-16
5.2e-05	6e-05	4.07909e-16
5.2e-05	6.4e-05	1.71286e-16
5.2e-05	6.8e-05	2.91322e-16
5.2e-05	7.2e-05	2.21525e-16
5.2e-05	7.6e-05	7.68122e-17
5.6e-05	-8e-05	1.43379e-16
5.6e-05	-7.6e-05	3.70804e-17
5.6e-05	-7.2e-05	2.82003e-16
5.6e-05	-6.8e-05	1.04246e-16
5.6e-05	-6.4e-05	5.3637e-16
5.6e-05	-6e-05	-5.49405e-17
5.6e-05	-5.6e-05	7.9848e-16
5.6e-05	-5.2e-05	-6.92949e-17
5.6e-05	-4.8e-05	5.86683e-16
5.6e-05	-4.4e-05	2.14025e-16
5.6e-05	-4e-05	2.7612e-16
5.6e-05	-3.6e-05	5.83407e-16
5.6e-05	-3.2e-05	2.37521e-16
5.6e-05	-2.8e-05	-6.04723e-17
5.6e-05	-2.4e-05	-1.18975e-15
5.6e-05	-2e-05	8.47061e-16
5.6e-05	-1.6e-05	7.44824e-16
5.6e-05	-1.2e-05	-4.15011e-16
5.6e-05	-8e-06	-6.22912e-16
5.6e-05	-4e-06	-1.11671e-15
5.6e-05	0	1.42272e-15
5.6e-05	4e-06	7.95008e-16
5.6e-05	8e-06	-5.24504e-16
5.6e-05	1.2e-05	1.86219e-16
5.6e-05	1.6e-05	-8.91406e-16
5.6e-05	2e-05	2.68712e-16
5.6e-05	2.4e-05	6.91224e-16
5.6e-05	2.8e-05	-1.97968e-16
5.6e-05	3.2e-05	2.48503e-16
5.6e-05	3.6e-05	-2.22053e-16
5.6e-05	4e-05	3.55115e-16
5.6e-05	4.4e-05	-1.8383e-16
5.6e-05	4.8e-05	3.62005e-16
5.6e-05	5.2e-05	2.82421e-16
5.6e-05	5.6e-05	1.97903e-16
5.6e-05	6e-05	5.66807e-16
5.6e-05	6.4e-05	6.17715e-17
5.6e-05	6.8e-05	3.76235e-16
5.6e-05	7.2e-05	-2.15053e-16
5.6e-05	7.6e-05	-1.65513e-16
6e-05	-8e-05	-3.79309e-16
6e-05	-7.6e-05	-5.53454e-16
6e-05	-7.2e-05	-2.1448e-16
6e-05	-6.8e-05	-8.30954e-16
6e-05	-6.4e-05	-3.09132e-16
6e-05	-6e-05	-2.46517e-16
6e-05	-5.6e-05	-2.68392e-16
6e-05	-5.2e-05	3.33273e-16
6e-05	-4.8e-05	1.70905e-16
6e-05	-4.4e-05	9.7784e-16
6e-05	-4e-05	3.40116e-16
6e-05	-3.6e-05	9.95786e-16
6e-05	-3.2e-05	5.79273e-17
6e-05	-2.8e-05	1.26937e-16
6e-05	-2.4e-05	7.49411e-16
6e-05	-2e-05	6.32114e-16
6e-05	-1.6e-05	-1.44761e-16
6e-05	-1.2e-05	-1.14382e-15
6e-05	-8e-06	-3.5229e-16
6e-05	-4e-06	6.4814e-16
6e-05	0	6.17677e-16
6e-05	4e-06	7.46782e-16
6e-05	8e-06	2.46445e-16
6e-05	1.2e-05	-7.93003e-16
6e-05	1.6e-05	1.51074e-17
6e-05	2e-05	-5.27415e-17
6e-05	2.4e-05	1.11118e-16
6e-05	2.8e-05	1.19077e-16
6e-05	3.2e-05	9.81688e-17
6e-05	3.6e-05	2.20722e-16
6e-05	4e-05	1.0448e-17
6e-05	4.4e-05	4.45467e-16
6e-05	4.8e-05	6.61737e-16
6e-05	5.2e-05	3.35321e-16
6e-05	5.6e-05	9.44526e-16
6e-05	6e-05	1.36903e-16
6e-05	6.4e-05	6.88527e-16
6e-05	6.8e-05	-3.68131e-16
6e-05	7.2e-05	-1.11066e-17
6e-05	7.6e-05	-7.72373e-16
6.4e-05	-8e-05	-7.78416e-17
6.4e-05	-7.6e-05	-9.11063e-16
6.4e-05	-7.2e-05	-3.28547e-16
6.4e-05	-6.8e-05	-9.81725e-16
6.4e-05	-6.4e-05	-5.46602e-16
6.4e-05	-6e-05	-7.30335e-16
6.4e-05	-5.6e-05	-4.73035e-16
6.4e-05	-5.2e-05	-2.21838e-16
6.4e-05	-4.8e-05	-5.06378e-16
6.4e-05	-4.4e-05	2.81591e-16
6.4e-05	-4e-05	-4.4902e-16
6.4e-05	-3.6e-05	8.71793e-16
6.4e-05	-3.2e-05	4.71378e-16
6.4e-05	-2.8e-05	8.61121e-16
6.4e-05	-2.4e-05	2.18812e-15
6.4e-05	-2e-05	-1.12425e-15
6.4e-05	-1.6e-05	-4.81909e-16
6.4e-05	-1.2e-05	-2.11493e-16
6.4e-05	-8e-06	-5.06422e-16
6.4e-05	-4e-06	1.75502e-15
6.4e-05	0	6.24689e-16
6.4e-05	4e-06	-8.47842e-16
6.4e-05	8e-06	-2.06411e-17
6.4e-05	1.2e-05	9.4698e-17
6.4e-05	1.6e-05	5.40805e-16
6.4e-05	2e-05	-3.18537e-16
6.4e-05	2.4e-05	-7.4578e-16
6.4e-05	2.8e-05	1.04144e-15
6.4e-05	3.2e-05	-2.51145e-16
6.4e-05	3.6e-05	6.14638e-16
6.4e-05	4e-05	5.79124e-16
6.4e-05	4.4e-05	2.03884e-16
6.4e-05	4.8e-05	7.37185e-16
6.4e-05	5.2e-05	9.50261e-17
6.4e-05	5.6e-05	5.19528e-16
6.4e-05	6e-05	-4.67036e-16
6.4e-05	6.4e-05	-2.43201e-16
6.4e-05	6.8e-05	-4.30855e-16
6.4e-05	7.2e-05	-1.89509e-16
6.4e-05	7.6e-05	2.94941e-16
6.8e-05	-8e-05	-9.79739e-17
6.8e-05	-7.6e-05	7.29263e-16
6.8e-05	-7.2e-05	-2.27164e-16
6.8e-05	-6.8e-05	5.32501e-16
6.8e-05	-6.4e-05	-4.62111e-16
6.8e-05	-6e-05	-1.67493e-16
6.8e-05	-5.6e-05	-4.45648e-16
6.8e-05	-5.2e-05	-9.69101e-16
6.8e-05	-4.8e-05	-4.85377e-16
6.8e-05	-4.4e-05	-1.82883e-15
6.8e-05	-4e-05	-1.07539e-16
6.8e-05	-3.6e-05	-1.04161e-15
6.8e-05	-3.2e-05	3.41404e-16
6.8e-05	-2.8e-05	1.29922e-15
6.8e-05	-2.4e-05	-1.42763e-16
6.8e-05	-2e-05	1.16511e-15
6.8e-05	-1.6e-05	1.07239e-16
6.8e-05	-1.2e-05	-1.08999e-16
6.8e-05	-8e-06	3.46388e-16
6.8e-05	-4e-06	5.73319e-17
6.8e-05	0	1.79154e-16
6.8e-05	4e-06	-6.51715e-16
6.8e-05	8e-06	-5.21737e-16
6.8e-05	1.2e-05	9.68919e-16
6.8e-05	1.6e-05	-2.1371e-16
6.8e-05	2e-05	-3.27403e-17
6.8e-05	2.4e-05	7.16112e-16
6.8e-05	2.8e-05	-4.38563e-16
6.8e-05	3.2e-05	1.07712e-15
6.8e-05	3.6e-05	3.563e-16
6.8e-05	4e-05	3.83974e-16
6.8e-05	4.4e-05	5.73087e-16
6.8e-05	4.8e-05	-5.49767e-16
6.8e-05	5.2e-05	2.03467e-16
6.8e-05	5.6e-05	-1.17727e-15
6.8e-05	6e-05	-4.75374e-16
6.8e-05	6.4e-05	-1.282e-15
6.8e-05	6.8e-05	-1.86163e-16
6.8e-05	7.2e-05	-4.49571e-16
6.8e-05	7.6e-05	2.75598e-16
7.2e-05	-8e-05	-3.60399e-17
7.2e-05	-7.6e-05	7.14599e-16
7.2e-05	-7.2e-05	4.11678e-16
7.2e-05	-6.8e-05	7.51293e-16
7.2e-05	-6.4e-05	3.38368e-16
7.2e-05	-6e-05	6.61121e-16
7.2e-05	-5.6e-05	1.86916e-16
7.2e-05	-5.2e-05	3.55683e-16
7.2e-05	-4.8e-05	1.80698e-17
7.2e-05	-4.4e-05	-2.51368e-16
7.2e-05	-4e-05	-6.37746e-17
7.2e-05	-3.6e-05	-8.19232e-16
7.2e-05	-3.2e-05	-4.40214e-16
7.2e-05	-2.8e-05	-9.1291e-16
7.2e-05	-2.4e-05	-9.9037e-16
7.2e-05	-2e-05	3.69453e-16
7.2e-05	-1.6e-05	8.72354e-16
7.2e-05	-1.2e-05	1.24655e-15
7.2e-05	-8e-06	1.82558e-15
7.2e-05	-4e-06	-4.70466e-16
7.2e-05	0	-1.65843e-15
7.2e-05	4e-06	-1.91062e-16
7.2e-05	8e-06	-3.29503e-16
7.2e-05	1.2e-05	-5.38674e-17
7.2e-05	1.6e-05	1.23163e-15
7.2e-05	2e-05	1.11679e-15
7.2e-05	2.4e-05	-1.89111e-16
7.2e-05	2.8e-05	4.42229e-16
7.2e-05	3.2e-05	-2.30343e-16
7.2e-05	3.6e-05	-4.49396e-16
7.2e-05	4e-05	-2.95885e-16
7.2e-05	4.4e-05	-3.72291e-16
7.2e-05	4.8e-05	-2.5066e-16
7.2e-05	5.2e-05	-2.1263e-16
7.2e-05	5.6e-05	-1.87122e-16
7.2e-05	6e-05	-2.41405e-16
7.2e-05	6.4e-05	2.13931e-16
7.2e-05	6.8e-05	2.68515e-16
7.2e-05	7.2e-05	5.61268e-16
7.2e-05	7.6e-05	1.24128e-16
7.6e-05	-8e-05	4.57284e-16
7.6e-05	-7.6e-05	-4.04082e-16
7.6e-05	-7.2e-05	8.30433e-16
7.6e-05	-6.8e-05	-6.63264e-17
7.6e-05	-6.4e-05	1.09119e-15
7.6e-05	-6e-05	5.12996e-16
7.6e-05	-5.6e-05	1.49166e-15
7.6e-05	-5.2e-05	1.34993e-15
7.6e-05	-4.8e-05	1.49125e-15
7.6e-05	-4.4e-05	1.64646e-15
7.6e-05	-4e-05	5.20054e-16
7.6e-05	-3.6e-05	4.46551e-16
7.6e-05	-3.2e-05	-1.21873e-15
7.6e-05	-2.8e-05	-2.00625e-15
7.6e-05	-2.4e-05	-1.79866e-15
7.6e-05	-2e-05	-9.61324e-16
7.6e-05	-1.6e-05	5.97607e-16
7.6e-05	-1.2e-05	2.28493e-15
7.6e-05	-8e-06	2.53699e-15
7.6e-05	-4e-06	5.84273e-16
7.6e-05	0	-2.42523e-15
7.6e-05	4e-06	-2.1851e-15
7.6e-05	8e-06	4.63315e-16
7.6e-05	1.2e-05	1.19486e-15
7.6e-05	1.6e-05	4.14339e-16
7.6e-05	2e-05	9.36376e-16
7.6e-05	2.4e-05	8.94119e-16
7.6e-05	2.8e-05	-1.92829e-16
7.6e-05	3.2e-05	-9.75038e-16
7.6e-05	3.6e-05	-1.11937e-15
7.6e-05	4e-05	-9.32267e-16
7.6e-05	4.4e-05	-1.00196e-15
7.6e-05	4.8e-05	9.42803e-18
7.6e-05	5.2e-05	-1.9626e-16
7.6e-05	5.6e-05	7.87964e-16
7.6e-05	6e-05	5.91674e-16
7.6e-05	6.4e-05	1.19897e-15
7.6e-05	6.8e-05	1.19298e-15
7.6e-05	7.2e-05	1.19104e-15
7.6e-05	7.6e-05	1.64653e-16
