-8e-05	-8e-05	-1.63951e-16
-8e-05	-7.6e-05	-2.75088e-16
-8e-05	-7.2e-05	2.18933e-17
-8e-05	-6.8e-05	-1.67986e-17
-8e-05	-6.4e-05	7.14986e-17
-8e-05	-6e-05	1.09631e-16
-8e-05	-5.6e-05	-5.05421e-17
-8e-05	-5.2e-05	4.51421e-17
-8e-05	-4.8e-05	-1.17953e-16
-8e-05	-4.4e-05	-7.68714e-17
-8e-05	-4e-05	4.75111e-17
-8e-05	-3.6e-05	3.56091e-17
-8e-05	-3.2e-05	4.36192e-17
-8e-05	-2.8e-05	3.50303e-18
-8e-05	-2.4e-05	8.68603e-17
-8e-05	-2e-05	1.33757e-17
-8e-05	-1.6e-05	7.01911e-17
-8e-05	-1.2e-05	-1.76403e-17
-8e-05	-8e-06	3.34143e-17
-8e-05	-4e-06	-2.79549e-17
-8e-05	0	1.00158e-17
-8e-05	4e-06	-4.55143e-17
-8e-05	8e-06	-2.16244e-18
-8e-05	1.2e-05	5.44955e-17
-8e-05	1.6e-05	-5.47884e-17
-8e-05	2e-05	6.58463e-17
-8e-05	2.4e-05	-6.72812e-17
-8e-05	2.8e-05	6.79422e-17
-8e-05	3.2e-05	1.51421e-17
-8e-05	3.6e-05	3.85067e-17
-8e-05	4e-05	8.74972e-18
-8e-05	4.4e-05	6.77973e-17
-8e-05	4.8e-05	2.25816e-17
-8e-05	5.2e-05	-7.31126e-17
-8e-05	5.6e-05	1.8148e-18
-8e-05	6e-05	2.09296e-17
-8e-05	6.4e-05	3.41898e-17
-8e-05	6.8e-05	4.93269e-17
-8e-05	7.2e-05	9.73454e-18
-8e-05	7.6e-05	6.57459e-17
-7.6e-05	-8e-05	-2.12207e-16
-7.6e-05	-7.6e-05	7.55567e-17
-7.6e-05	-7.2e-05	-2.79811e-17
-7.6e-05	-6.8e-05	5.61074e-17
-7.6e-05	-6.4e-05	7.9391e-17
-7.6e-05	-6e-05	-1.34959e-17
-7.6e-05	-5.6e-05	-1.53003e-17
-7.6e-05	-5.2e-05	-5.46628e-18
-7.6e-05	-4.8e-05	1.26873e-17
-7.6e-05	-4.4e-05	-3.75905e-17
-7.6e-05	-4e-05	3.96804e-17
-7.6e-05	-3.6e-05	1.22104e-17
-7.6e-05	-3.2e-05	3.97639e-17
-7.6e-05	-2.8e-05	8.69714e-17
-7.6e-05	-2.4e-05	4.13774e-17
-7.6e-05	-2e-05	-3.72407e-18
-7.6e-05	-1.6e-05	-6.35063e-18
-7.6e-05	-1.2e-05	3.4382e-17
-7.6e-05	-8e-06	4.9212e-18
-7.6e-05	-4e-06	-3.49613e-17
-7.6e-05	0	-1.10099e-17
-7.6e-05	4e-06	-1.25768e-17
-7.6e-05	8e-06	7.95e-17
-7.6e-05	1.2e-05	-7.50889e-17
-7.6e-05	1.6e-05	2.33633e-17
-7.6e-05	2e-05	-1.04917e-16
-7.6e-05	2.4e-05	1.96997e-17
-7.6e-05	2.8e-05	-1.16751e-17
-7.6e-05	3.2e-05	5.19408e-17
-7.6e-05	3.6e-05	-9.33668e-18
-7.6e-05	4e-05	2.55077e-17
-7.6e-05	4.4e-05	6.79522e-18
-7.6e-05	4.8e-05	6.52212e-18
-7.6e-05	5.2e-05	4.94655e-17
-7.6e-05	5.6e-05	-9.75062e-17
-7.6e-05	6e-05	5.95301e-17
-7.6e-05	6.4e-05	5.31993e-17
-7.6e-05	6.8e-05	3.10817e-17
-7.6e-05	7.2e-05	-1.11133e-16
-7.6e-05	7.6e-05	4.15739e-17
-7.2e-05	-8e-05	-6.00368e-17
-7.2e-05	-7.6e-05	1.16099e-16
-7.2e-05	-7.2e-05	-2.12329e-17
-7.2e-05	-6.8e-05	9.14197e-17
-7.2e-05	-6.4e-05	5.07679e-17
-7.2e-05	-6e-05	7.25538e-17
-7.2e-05	-5.6e-05	1.82729e-17
-7.2e-05	-5.2e-05	4.87805e-18
-7.2e-05	-4.8e-05	-3.67308e-17
-7.2e-05	-4.4e-05	-3.6761e-18
-7.2e-05	-4e-05	8.92095e-17
-7.2e-05	-3.6e-05	-2.36876e-17
-7.2e-05	-3.2e-05	3.99728e-17
-7.2e-05	-2.8e-05	7.2216e-17
-7.2e-05	-2.4e-05	4.41141e-17
-7.2e-05	-2e-05	1.70612e-16
-7.2e-05	-1.6e-05	-1.68918e-17
-7.2e-05	-1.2e-05	3.19916e-17
-7.2e-05	-8e-06	6.37964e-17
-7.2e-05	-4e-06	2.82505e-17
-7.2e-05	0	3.03585e-17
-7.2e-05	4e-06	-3.32611e-17
-7.2e-05	8e-06	1.49013e-16
-7.2e-05	1.2e-05	-2.51413e-17
-7.2e-05	1.6e-05	-4.63375e-17
-7.2e-05	2e-05	1.66938e-17
-7.2e-05	2.4e-05	1.42439e-17
-7.2e-05	2.8e-05	9.47014e-18
-7.2e-05	3.2e-05	9.74878e-18
-7.2e-05	3.6e-05	4.81434e-17
-7.2e-05	4e-05	-6.24952e-17
-7.2e-05	4.4e-05	3.66526e-17
-7.2e-05	4.8e-05	5.09407e-17
-7.2e-05	5.2e-05	2.31936e-17
-7.2e-05	5.6e-05	3.80829e-17
-7.2e-05	6e-05	-8.23154e-17
-7.2e-05	6.4e-05	1.48867e-16
-7.2e-05	6.8e-05	-1.05202e-16
-7.2e-05	7.2e-05	7.02641e-17
-7.2e-05	7.6e-05	-9.75978e-17
-6.8e-05	-8e-05	-1.35464e-17
-6.8e-05	-7.6e-05	-3.5767e-17
-6.8e-05	-7.2e-05	3.48196e-17
-6.8e-05	-6.8e-05	-3.03758e-17
-6.8e-05	-6.4e-05	1.04077e-16
-6.8e-05	-6e-05	7.15399e-18
-6.8e-05	-5.6e-05	1.80148e-16
-6.8e-05	-5.2e-05	-3.5864e-17
-6.8e-05	-4.8e-05	1.38441e-16
-6.8e-05	-4.4e-05	7.27751e-17
-6.8e-05	-4e-05	-7.8248e-18
-6.8e-05	-3.6e-05	-2.50996e-18
-6.8e-05	-3.2e-05	5.54346e-17
-6.8e-05	-2.8e-05	4.16029e-17
-6.8e-05	-2.4e-05	-1.16243e-16
-6.8e-05	-2e-05	1.20758e-16
-6.8e-05	-1.6e-05	-1.95649e-17
-6.8e-05	-1.2e-05	-3.28761e-16
-6.8e-05	-8e-06	-1.00235e-17
-6.8e-05	-4e-06	-3.99996e-17
-6.8e-05	0	8.20219e-18
-6.8e-05	4e-06	3.67457e-17
-6.8e-05	8e-06	7.74596e-17
-6.8e-05	1.2e-05	-1.23269e-16
-6.8e-05	1.6e-05	1.95643e-17
-6.8e-05	2e-05	-9.81989e-17
-6.8e-05	2.4e-05	5.98981e-17
-6.8e-05	2.8e-05	-1.5892e-16
-6.8e-05	3.2e-05	-1.95887e-17
-6.8e-05	3.6e-05	-7.10736e-17
-6.8e-05	4e-05	1.75638e-17
-6.8e-05	4.4e-05	7.43503e-17
-6.8e-05	4.8e-05	-3.37298e-17
-6.8e-05	5.2e-05	6.35885e-18
-6.8e-05	5.6e-05	1.9542e-16
-6.8e-05	6e-05	1.42049e-17
-6.8e-05	6.4e-05	9.2163e-17
-6.8e-05	6.8e-05	-7.45227e-19
-6.8e-05	7.2e-05	1.2089e-16
-6.8e-05	7.6e-05	-1.85532e-16
-6.4e-05	-8e-05	2.76339e-17
-6.4e-05	-7.6e-05	1.2554e-17
-6.4e-05	-7.2e-05	-2.87209e-17
-6.4e-05	-6.8e-05	-3.74691e-17
-6.4e-05	-6.4e-05	-2.82541e-17
-6.4e-05	-6e-05	3.5861e-17
-6.4e-05	-5.6e-05	1.34092e-17
-6.4e-05	-5.2e-05	2.83865e-17
-6.4e-05	-4.8e-05	1.18064e-17
-6.4e-05	-4.4e-05	-6.12232e-18
-6.4e-05	-4e-05	-1.15473e-16
-6.4e-05	-3.6e-05	-3.98874e-17
-6.4e-05	-3.2e-05	1.80261e-17
-6.4e-05	-2.8e-05	9.08006e-17
-6.4e-05	-2.4e-05	4.41066e-17
-6.4e-05	-2e-05	4.20337e-17
-6.4e-05	-1.6e-05	3.91469e-17
-6.4e-05	-1.2e-05	4.98347e-17
-6.4e-05	-8e-06	7.70015e-17
-6.4e-05	-4e-06	-7.77996e-17
-6.4e-05	0	-8.68258e-17
-6.4e-05	4e-06	7.56814e-17
-6.4e-05	8e-06	-7.49596e-17
-6.4e-05	1.2e-05	-3.37307e-17
-6.4e-05	1.6e-05	4.58605e-17
-6.4e-05	2e-05	-1.04218e-18
-6.4e-05	2.4e-05	-1.51632e-16
-6.4e-05	2.8e-05	9.35253e-18
-6.4e-05	3.2e-05	-3.11011e-17
-6.4e-05	3.6e-05	-4.90394e-17
-6.4e-05	4e-05	2.82064e-17
-6.4e-05	4.4e-05	-6.37855e-17
-6.4e-05	4.8e-05	-4.80861e-17
-6.4e-05	5.2e-05	-1.13329e-16
-6.4e-05	5.6e-05	4.97154e-18
-6.4e-05	6e-05	5.20905e-17
-6.4e-05	6.4e-05	1.87794e-16
-6.4e-05	6.8e-05	-4.12385e-17
-6.4e-05	7.2e-05	-6.42406e-18
-6.4e-05	7.6e-05	-6.7555e-17
-6e-05	-8e-05	-6.45243e-17
-6e-05	-7.6e-05	-1.28567e-16
-6e-05	-7.2e-05	2.21823e-17
-6e-05	-6.8e-05	-5.9295e-17
-6e-05	-6.4e-05	3.60313e-17
-6e-05	-6e-05	-5.75417e-17
-6e-05	-5.6e-05	1.00983e-16
-6e-05	-5.2e-05	-9.96052e-17
-6e-05	-4.8e-05	3.09049e-17
-6e-05	-4.4e-05	2.94808e-17
-6e-05	-4e-05	-2.97901e-18
-6e-05	-3.6e-05	3.52009e-17
-6e-05	-3.2e-05	-1.13557e-16
-6e-05	-2.8e-05	1.02578e-16
-6e-05	-2.4e-05	-4.48002e-17
-6e-05	-2e-05	1.37197e-16
-6e-05	-1.6e-05	3.90944e-16
-6e-05	-1.2e-05	-2.91803e-16
-6e-05	-8e-06	2.59126e-17
-6e-05	-4e-06	4.39195e-17
-6e-05	0	7.1652e-17
-6e-05	4e-06	5.8464e-17
-6e-05	8e-06	7.90983e-17
-6e-05	1.2e-05	-2.63981e-17
-6e-05	1.6e-05	1.11803e-18
-6e-05	2e-05	-3.43358e-17
-6e-05	2.4e-05	5.95648e-17
-6e-05	2.8e-05	-1.24874e-17
-6e-05	3.2e-05	1.27385e-16
-6e-05	3.6e-05	-3.4687e-17
-6e-05	4e-05	5.96863e-18
-6e-05	4.4e-05	1.70952e-17
-6e-05	4.8e-05	-9.02562e-18
-6e-05	5.2e-05	1.18291e-17
-6e-05	5.6e-05	-2.34455e-17
-6e-05	6e-05	2.72938e-17
-6e-05	6.4e-05	-4.02897e-18
-6e-05	6.8e-05	-8.70206e-18
-6e-05	7.2e-05	-6.1822e-17
-6e-05	7.6e-05	-8.08262e-18
-5.6e-05	-8e-05	-6.06173e-17
-5.6e-05	-7.6e-05	9.21143e-17
-5.6e-05	-7.2e-05	-5.59593e-17
-5.6e-05	-6.8e-05	3.21499e-17
-5.6e-05	-6.4e-05	-9.23169e-17
-5.6e-05	-6e-05	7.90314e-17
-5.6e-05	-5.6e-05	-6.07811e-17
-5.6e-05	-5.2e-05	-1.09743e-17
-5.6e-05	-4.8e-05	5.71941e-17
-5.6e-05	-4.4e-05	-3.76101e-17
-5.6e-05	-4e-05	-1.04326e-17
-5.6e-05	-3.6e-05	-7.70886e-17
-5.6e-05	-3.2e-05	6.69065e-17
-5.6e-05	-2.8e-05	-1.87672e-17
-5.6e-05	-2.4e-05	7.02628e-17
-5.6e-05	-2e-05	7.23881e-17
-5.6e-05	-1.6e-05	3.34606e-17
-5.6e-05	-1.2e-05	4.22417e-17
-5.6e-05	-8e-06	2.71529e-17
-5.6e-05	-4e-06	-4.53689e-17
-5.6e-05	0	1.49793e-17
-5.6e-05	4e-06	4.37107e-17
-5.6e-05	8e-06	-4.14173e-17
-5.6e-05	1.2e-05	-1.72586e-17
-5.6e-05	1.6e-05	-6.94365e-18
-5.6e-05	2e-05	-3.96814e-17
-5.6e-05	2.4e-05	1.99288e-17
-5.6e-05	2.8e-05	6.83218e-17
-5.6e-05	3.2e-05	-1.88002e-17
-5.6e-05	3.6e-05	3.65297e-17
-5.6e-05	4e-05	-3.00946e-17
-5.6e-05	4.4e-05	-1.13803e-17
-5.6e-05	4.8e-05	-1.78022e-17
-5.6e-05	5.2e-05	3.76889e-17
-5.6e-05	5.6e-05	-4.82906e-17
-5.6e-05	6e-05	6.81721e-18
-5.6e-05	6.4e-05	1.66317e-17
-5.6e-05	6.8e-05	-2.92616e-17
-5.6e-05	7.2e-05	8.12346e-18
-5.6e-05	7.6e-05	-5.20787e-17
-5.2e-05	-8e-05	5.80185e-17
-5.2e-05	-7.6e-05	6.37949e-18
-5.2e-05	-7.2e-05	3.95838e-17
-5.2e-05	-6.8e-05	-6.14701e-17
-5.2e-05	-6.4e-05	5.21459e-17
-5.2e-05	-6e-05	3.97193e-17
-5.2e-05	-5.6e-05	2.20894e-17
-5.2e-05	-5.2e-05	9.77434e-17
-5.2e-05	-4.8e-05	3.25147e-17
-5.2e-05	-4.4e-05	9.43162e-18
-5.2e-05	-4e-05	-1.43587e-17
-5.2e-05	-3.6e-05	-2.90596e-17
-5.2e-05	-3.2e-05	8.38526e-18
-5.2e-05	-2.8e-05	-4.17055e-18
-5.2e-05	-2.4e-05	4.40109e-17
-5.2e-05	-2e-05	-2.43424e-17
-5.2e-05	-1.6e-05	9.23551e-17
-5.2e-05	-1.2e-05	1.32648e-17
-5.2e-05	-8e-06	-8.88909e-18
-5.2e-05	-4e-06	-2.13021e-18
-5.2e-05	0	-4.89483e-18
-5.2e-05	4e-06	-1.51295e-17
-5.2e-05	8e-06	6.20507e-17
-5.2e-05	1.2e-05	-3.46455e-17
-5.2e-05	1.6e-05	-2.15884e-17
-5.2e-05	2e-05	6.81829e-18
-5.2e-05	2.4e-05	3.65575e-17
-5.2e-05	2.8e-05	-6.05271e-17
-5.2e-05	3.2e-05	5.7371e-17
-5.2e-05	3.6e-05	-6.67714e-19
-5.2e-05	4e-05	-8.25748e-17
-5.2e-05	4.4e-05	-6.55097e-17
-5.2e-05	4.8e-05	-5.54777e-17
-5.2e-05	5.2e-05	-4.08341e-18
-5.2e-05	5.6e-05	5.81226e-17
-5.2e-05	6e-05	-6.8434e-17
-5.2e-05	6.4e-05	-2.05922e-17
-5.2e-05	6.8e-05	3.43768e-17
-5.2e-05	7.2e-05	1.0522e-18
-5.2e-05	7.6e-05	5.67511e-17
-4.8e-05	-8e-05	5.9266e-18
-4.8e-05	-7.6e-05	2.32613e-17
-4.8e-05	-7.2e-05	-4.03225e-17
-4.8e-05	-6.8e-05	5.50912e-17
-4.8e-05	-6.4e-05	8.59809e-17
-4.8e-05	-6e-05	2.09352e-17
-4.8e-05	-5.6e-05	1.04919e-16
-4.8e-05	-5.2e-05	9.1096e-18
-4.8e-05	-4.8e-05	1.43636e-17
-4.8e-05	-4.4e-05	-8.36011e-17
-4.8e-05	-4e-05	-5.40199e-17
-4.8e-05	-3.6e-05	-4.58565e-17
-4.8e-05	-3.2e-05	3.60415e-17
-4.8e-05	-2.8e-05	1.21828e-17
-4.8e-05	-2.4e-05	3.81804e-18
-4.8e-05	-2e-05	7.95468e-17
-4.8e-05	-1.6e-05	1.30133e-17
-4.8e-05	-1.2e-05	5.42922e-17
-4.8e-05	-8e-06	-5.71384e-17
-4.8e-05	-4e-06	-2.59852e-17
-4.8e-05	0	-2.05127e-17
-4.8e-05	4e-06	3.78964e-17
-4.8e-05	8e-06	-4.12701e-17
-4.8e-05	1.2e-05	2.22644e-17
-4.8e-05	1.6e-05	-2.51696e-17
-4.8e-05	2e-05	-3.24541e-17
-4.8e-05	2.4e-05	-2.16129e-18
-4.8e-05	2.8e-05	3.95904e-17
-4.8e-05	3.2e-05	-2.13264e-17
-4.8e-05	3.6e-05	4.38382e-18
-4.8e-05	4e-05	-5.24871e-17
-4.8e-05	4.4e-05	-5.16845e-17
-4.8e-05	4.8e-05	-7.1294e-17
-4.8e-05	5.2e-05	-2.85675e-17
-4.8e-05	5.6e-05	-4.86559e-17
-4.8e-05	6e-05	4.70599e-17
-4.8e-05	6.4e-05	1.01211e-18
-4.8e-05	6.8e-05	2.49199e-17
-4.8e-05	7.2e-05	-4.84896e-18
-4.8e-05	7.6e-05	3.96053e-17
-4.4e-05	-8e-05	4.47201e-17
-4.4e-05	-7.6e-05	3.50475e-17
-4.4e-05	-7.2e-05	4.7287e-18
-4.4e-05	-6.8e-05	1.01837e-16
-4.4e-05	-6.4e-05	3.20176e-17
-4.4e-05	-6e-05	4.04162e-17
-4.4e-05	-5.6e-05	-2.55704e-17
-4.4e-05	-5.2e-05	-1.85329e-17
-4.4e-05	-4.8e-05	-1.07431e-16
-4.4e-05	-4.4e-05	-3.74458e-17
-4.4e-05	-4e-05	-4.84265e-17
-4.4e-05	-3.6e-05	-1.11537e-17
-4.4e-05	-3.2e-05	6.09454e-18
-4.4e-05	-2.8e-05	3.29791e-17
-4.4e-05	-2.4e-05	3.15739e-18
-4.4e-05	-2e-05	3.76499e-17
-4.4e-05	-1.6e-05	3.52812e-17
-4.4e-05	-1.2e-05	2.3676e-17
-4.4e-05	-8e-06	8.03355e-18
-4.4e-05	-4e-06	2.15388e-18
-4.4e-05	0	1.37112e-17
-4.4e-05	4e-06	-4.18796e-17
-4.4e-05	8e-06	-1.80261e-17
-4.4e-05	1.2e-05	-2.83178e-18
-4.4e-05	1.6e-05	1.47468e-17
-4.4e-05	2e-05	-3.80999e-17
-4.4e-05	2.4e-05	5.71184e-18
-4.4e-05	2.8e-05	-9.42028e-18
-4.4e-05	3.2e-05	4.29856e-19
-4.4e-05	3.6e-05	-4.69685e-17
-4.4e-05	4e-05	-2.33406e-18
-4.4e-05	4.4e-05	-7.99022e-17
-4.4e-05	4.8e-05	-2.65924e-17
-4.4e-05	5.2e-05	-8.00873e-17
-4.4e-05	5.6e-05	4.52085e-18
-4.4e-05	6e-05	-7.32158e-17
-4.4e-05	6.4e-05	-1.96122e-17
-4.4e-05	6.8e-05	-1.96982e-17
-4.4e-05	7.2e-05	3.64864e-17
-4.4e-05	7.6e-05	2.76267e-18
-4e-05	-8e-05	9.16802e-18
-4e-05	-7.6e-05	1.88843e-17
-4e-05	-7.2e-05	7.91471e-17
-4e-05	-6.8e-05	4.05081e-18
-4e-05	-6.4e-05	-1.34387e-18
-4e-05	-6e-05	-3.50527e-17
-4e-05	-5.6e-05	-2.47876e-17
-4e-05	-5.2e-05	-9.59155e-17
-4e-05	-4.8e-05	-1.53208e-17
-4e-05	-4.4e-05	-4.45863e-17
-4e-05	-4e-05	-3.14488e-17
-4e-05	-3.6e-05	1.01933e-17
-4e-05	-3.2e-05	-2.50769e-17
-4e-05	-2.8e-05	4.08219e-17
-4e-05	-2.4e-05	4.38817e-17
-4e-05	-2e-05	-6.56444e-18
-4e-05	-1.6e-05	3.06087e-17
-4e-05	-1.2e-05	-3.40045e-17
-4e-05	-8e-06	-2.39305e-17
-4e-05	-4e-06	-2.078e-17
-4e-05	0	4.99846e-17
-4e-05	4e-06	5.54414e-17
-4e-05	8e-06	-1.70612e-17
-4e-05	1.2e-05	1.54305e-17
-4e-05	1.6e-05	2.5078e-17
-4e-05	2e-05	3.26093e-17
-4e-05	2.4e-05	-8.32126e-17
-4e-05	2.8e-05	1.11412e-17
-4e-05	3.2e-05	-1.84718e-17
-4e-05	3.6e-05	-3.49763e-17
-4e-05	4e-05	-1.25956e-17
-4e-05	4.4e-05	-5.77634e-18
-4e-05	4.8e-05	-7.14177e-17
-4e-05	5.2e-05	-1.54203e-17
-4e-05	5.6e-05	-1.01383e-16
-4e-05	6e-05	-3.49592e-17
-4e-05	6.4e-05	-1.04757e-16
-4e-05	6.8e-05	3.86687e-17
-4e-05	7.2e-05	-8.38613e-17
-4e-05	7.6e-05	-2.37565e-17
-3.6e-05	-8e-05	-6.58403e-17
-3.6e-05	-7.6e-05	2.98374e-17
-3.6e-05	-7.2e-05	-5.87152e-17
-3.6e-05	-6.8e-05	-3.76443e-17
-3.6e-05	-6.4e-05	-9.22082e-17
-3.6e-05	-6e-05	-3.55249e-17
-3.6e-05	-5.6e-05	-6.76034e-17
-3.6e-05	-5.2e-05	2.49124e-17
-3.6e-05	-4.8e-05	-5.71227e-17
-3.6e-05	-4.4e-05	2.99288e-17
-3.6e-05	-4e-05	4.84259e-17
-3.6e-05	-3.6e-05	-6.36911e-18
-3.6e-05	-3.2e-05	6.76492e-17
-3.6e-05	-2.8e-05	3.66522e-17
-3.6e-05	-2.4e-05	1.76215e-17
-3.6e-05	-2e-05	1.94101e-17
-3.6e-05	-1.6e-05	-7.66827e-16
-3.6e-05	-1.2e-05	-2.74399e-15
-3.6e-05	-8e-06	-5.58577e-15
-3.6e-05	-4e-06	2.66301e-16
-3.6e-05	0	7.45849e-15
-3.6e-05	4e-06	5.32179e-15
-3.6e-05	8e-06	7.63441e-16
-3.6e-05	1.2e-05	-1.45604e-18
-3.6e-05	1.6e-05	1.71829e-17
-3.6e-05	2e-05	1.29692e-17
-3.6e-05	2.4e-05	8.65445e-18
-3.6e-05	2.8e-05	-3.69534e-17
-3.6e-05	3.2e-05	-3.10896e-17
-3.6e-05	3.6e-05	1.56499e-17
-3.6e-05	4e-05	-5.70817e-17
-3.6e-05	4.4e-05	2.48181e-17
-3.6e-05	4.8e-05	1.12269e-18
-3.6e-05	5.2e-05	9.24953e-18
-3.6e-05	5.6e-05	2.21427e-17
-3.6e-05	6e-05	-5.16903e-17
-3.6e-05	6.4e-05	2.70817e-17
-3.6e-05	6.8e-05	-4.78309e-17
-3.6e-05	7.2e-05	-1.6607e-17
-3.6e-05	7.6e-05	-7.50806e-17
-3.2e-05	-8e-05	2.4561e-17
-3.2e-05	-7.6e-05	-3.60539e-17
-3.2e-05	-7.2e-05	-2.04513e-17
-3.2e-05	-6.8e-05	-6.21218e-17
-3.2e-05	-6.4e-05	-3.75797e-17
-3.2e-05	-6e-05	-2.68703e-17
-3.2e-05	-5.6e-05	-5.02701e-17
-3.2e-05	-5.2e-05	-1.66638e-18
-3.2e-05	-4.8e-05	2.78855e-17
-3.2e-05	-4.4e-05	8.88813e-17
-3.2e-05	-4e-05	3.13122e-18
-3.2e-05	-3.6e-05	9.28626e-17
-3.2e-05	-3.2e-05	-2.83097e-17
-3.2e-05	-2.8e-05	2.48057e-17
-3.2e-05	-2.4e-05	-3.36372e-17
-3.2e-05	-2e-05	-3.94114e-15
-3.2e-05	-1.6e-05	-1.15678e-13
-3.2e-05	-1.2e-05	-4.42764e-13
-3.2e-05	-8e-06	-9.21253e-13
-3.2e-05	-4e-06	3.15354e-14
-3.2e-05	0	1.22635e-12
-3.2e-05	4e-06	8.79804e-13
-3.2e-05	8e-06	1.13926e-13
-3.2e-05	1.2e-05	3.63946e-15
-3.2e-05	1.6e-05	5.18453e-17
-3.2e-05	2e-05	-7.82621e-18
-3.2e-05	2.4e-05	4.86048e-18
-3.2e-05	2.8e-05	-3.65737e-17
-3.2e-05	3.2e-05	1.09847e-17
-3.2e-05	3.6e-05	-3.82873e-17
-3.2e-05	4e-05	1.22227e-17
-3.2e-05	4.4e-05	2.10263e-17
-3.2e-05	4.8e-05	4.89466e-17
-3.2e-05	5.2e-05	5.93163e-17
-3.2e-05	5.6e-05	3.71339e-17
-3.2e-05	6e-05	4.40411e-18
-3.2e-05	6.4e-05	-4.48536e-18
-3.2e-05	6.8e-05	2.49664e-17
-3.2e-05	7.2e-05	-1.55168e-17
-3.2e-05	7.6e-05	-4.24546e-18
-2.8e-05	-8e-05	-3.15665e-17
-2.8e-05	-7.6e-05	4.29419e-17
-2.8e-05	-7.2e-05	-2.96644e-17
-2.8e-05	-6.8e-05	4.9525e-18
-2.8e-05	-6.4e-05	-6.30015e-17
-2.8e-05	-6e-05	4.92647e-18
-2.8e-05	-5.6e-05	1.06376e-17
-2.8e-05	-5.2e-05	1.43134e-17
-2.8e-05	-4.8e-05	5.30063e-17
-2.8e-05	-4.4e-05	1.45748e-17
-2.8e-05	-4e-05	8.8005e-17
-2.8e-05	-3.6e-05	-4.07889e-17
-2.8e-05	-3.2e-05	9.27779e-17
-2.8e-05	-2.8e-05	-1.56426e-16
-2.8e-05	-2.4e-05	-9.42691e-15
-2.8e-05	-2e-05	-5.36354e-13
-2.8e-05	-1.6e-05	-1.87238e-11
-2.8e-05	-1.2e-05	-7.22996e-11
-2.8e-05	-8e-06	-1.52164e-10
-2.8e-05	-4e-06	4.91869e-12
-2.8e-05	0	2.02209e-10
-2.8e-05	4e-06	1.44382e-10
-2.8e-05	8e-06	1.798e-11
-2.8e-05	1.2e-05	4.8448e-13
-2.8e-05	1.6e-05	8.38811e-15
-2.8e-05	2e-05	6.94267e-17
-2.8e-05	2.4e-05	3.14169e-19
-2.8e-05	2.8e-05	1.0702e-17
-2.8e-05	3.2e-05	-6.26997e-17
-2.8e-05	3.6e-05	3.10682e-17
-2.8e-05	4e-05	-1.51853e-17
-2.8e-05	4.4e-05	6.51376e-17
-2.8e-05	4.8e-05	2.07382e-17
-2.8e-05	5.2e-05	7.14914e-17
-2.8e-05	5.6e-05	-1.12661e-17
-2.8e-05	6e-05	5.34905e-17
-2.8e-05	6.4e-05	4.4325e-17
-2.8e-05	6.8e-05	-1.03761e-17
-2.8e-05	7.2e-05	-1.40854e-17
-2.8e-05	7.6e-05	-6.52983e-17
-2.4e-05	-8e-05	4.26684e-17
-2.4e-05	-7.6e-05	-2.97108e-17
-2.4e-05	-7.2e-05	2.12412e-17
-2.4e-05	-6.8e-05	-4.96016e-17
-2.4e-05	-6.4e-05	4.55814e-17
-2.4e-05	-6e-05	-2.23837e-17
-2.4e-05	-5.6e-05	7.15135e-17
-2.4e-05	-5.2e-05	5.3314e-18
-2.4e-05	-4.8e-05	-4.32398e-17
-2.4e-05	-4.4e-05	4.05166e-17
-2.4e-05	-4e-05	2.17186e-17
-2.4e-05	-3.6e-05	7.65034e-17
-2.4e-05	-3.2e-05	-1.42862e-16
-2.4e-05	-2.8e-05	-1.23526e-14
-2.4e-05	-2.4e-05	-1.03875e-12
-2.4e-05	-2e-05	-7.01512e-11
-2.4e-05	-1.6e-05	-3.02976e-09
-2.4e-05	-1.2e-05	-1.18053e-08
-2.4e-05	-8e-06	-2.5133e-08
-2.4e-05	-4e-06	7.66389e-10
-2.4e-05	0	3.33407e-08
-2.4e-05	4e-06	2.3692e-08
-2.4e-05	8e-06	2.83291e-09
-2.4e-05	1.2e-05	6.22437e-11
-2.4e-05	1.6e-05	9.00305e-13
-2.4e-05	2e-05	1.06076e-14
-2.4e-05	2.4e-05	1.0607e-16
-2.4e-05	2.8e-05	-3.4204e-17
-2.4e-05	3.2e-05	-1.46036e-17
-2.4e-05	3.6e-05	-7.1782e-17
-2.4e-05	4e-05	1.05775e-17
-2.4e-05	4.4e-05	-2.08369e-17
-2.4e-05	4.8e-05	6.36014e-17
-2.4e-05	5.2e-05	3.03645e-17
-2.4e-05	5.6e-05	1.69324e-17
-2.4e-05	6e-05	1.66422e-17
-2.4e-05	6.4e-05	3.48256e-17
-2.4e-05	6.8e-05	1.46845e-18
-2.4e-05	7.2e-05	-6.16351e-18
-2.4e-05	7.6e-05	-3.08443e-17
-2e-05	-8e-05	-1.50291e-15
-2e-05	-7.6e-05	-2.7366e-15
-2e-05	-7.2e-05	-2.01584e-15
-2e-05	-6.8e-05	1.94246e-16
-2e-05	-6.4e-05	2.2544e-15
-2e-05	-6e-05	2.71665e-15
-2e-05	-5.6e-05	1.15936e-15
-2e-05	-5.2e-05	-1.22916e-15
-2e-05	-4.8e-05	-2.7124e-15
-2e-05	-4.4e-05	-2.24287e-15
-2e-05	-4e-05	-1.80413e-16
-2e-05	-3.6e-05	2.03603e-15
-2e-05	-3.2e-05	-6.33632e-15
-2e-05	-2.8e-05	-1.01032e-12
-2e-05	-2.4e-05	-1.01964e-10
-2e-05	-2e-05	-8.59373e-09
-2e-05	-1.6e-05	-4.90173e-07
-2e-05	-1.2e-05	-1.92734e-06
-2e-05	-8e-06	-4.15131e-06
-2e-05	-4e-06	1.19018e-07
-2e-05	0	5.49745e-06
-2e-05	4e-06	3.88761e-06
-2e-05	8e-06	4.45418e-07
-2e-05	1.2e-05	7.47459e-09
-2e-05	1.6e-05	8.68428e-11
-2e-05	2e-05	8.50622e-13
-2e-05	2.4e-05	8.94789e-15
-2e-05	2.8e-05	6.71818e-16
-2e-05	3.2e-05	-6.53132e-16
-2e-05	3.6e-05	-1.12627e-15
-2e-05	4e-05	-7.95313e-16
-2e-05	4.4e-05	2.94659e-18
-2e-05	4.8e-05	6.74772e-16
-2e-05	5.2e-05	6.05895e-16
-2e-05	5.6e-05	2.49066e-16
-2e-05	6e-05	-2.94368e-16
-2e-05	6.4e-05	-3.39169e-16
-2e-05	6.8e-05	-1.30428e-16
-2e-05	7.2e-05	-2.35746e-17
-2e-05	7.6e-05	-8.57862e-15
-1.6e-05	-8e-05	-2.47464e-13
-1.6e-05	-7.6e-05	-4.504e-13
-1.6e-05	-7.2e-05	-3.30546e-13
-1.6e-05	-6.8e-05	2.97822e-14
-1.6e-05	-6.4e-05	3.69458e-13
-1.6e-05	-6e-05	4.41366e-13
-1.6e-05	-5.6e-05	1.92526e-13
-1.6e-05	-5.2e-05	-1.97444e-13
-1.6e-05	-4.8e-05	-4.45194e-13
-1.6e-05	-4.4e-05	-3.69933e-13
-1.6e-05	-4e-05	-2.48605e-14
-1.6e-05	-3.6e-05	3.36464e-13
-1.6e-05	-3.2e-05	-2.82122e-14
-1.6e-05	-2.8e-05	-6.54448e-11
-1.6e-05	-2.4e-05	-8.30143e-09
-1.6e-05	-2e-05	-9.33771e-07
-1.6e-05	-1.6e-05	-7.92892e-05
-1.6e-05	-1.2e-05	-0.000314616
-1.6e-05	-8e-06	-0.000685703
-1.6e-05	-4e-06	1.84144e-05
-1.6e-05	0	0.000906485
-1.6e-05	4e-06	0.00063791
-1.6e-05	8e-06	6.98727e-05
-1.6e-05	1.2e-05	7.92383e-07
-1.6e-05	1.6e-05	6.90665e-09
-1.6e-05	2e-05	5.40185e-11
-1.6e-05	2.4e-05	6.26962e-13
-1.6e-05	2.8e-05	9.87137e-14
-1.6e-05	3.2e-05	-8.86405e-14
-1.6e-05	3.6e-05	-1.81265e-13
-1.6e-05	4e-05	-1.29823e-13
-1.6e-05	4.4e-05	3.75512e-15
-1.6e-05	4.8e-05	1.06978e-13
-1.6e-05	5.2e-05	1.10481e-13
-1.6e-05	5.6e-05	3.35726e-14
-1.6e-05	6e-05	-4.55734e-14
-1.6e-05	6.4e-05	-6.43896e-14
-1.6e-05	6.8e-05	-2.44548e-14
-1.6e-05	7.2e-05	-2.27234e-16
-1.6e-05	7.6e-05	-1.17336e-12
-1.2e-05	-8e-05	-4.05414e-11
-1.2e-05	-7.6e-05	-7.40298e-11
-1.2e-05	-7.2e-05	-5.43384e-11
-1.2e-05	-6.8e-05	4.89219e-12
-1.2e-05	-6.4e-05	6.07194e-11
-1.2e-05	-6e-05	7.25487e-11
-1.2e-05	-5.6e-05	3.1637e-11
-1.2e-05	-5.2e-05	-3.24483e-11
-1.2e-05	-4.8e-05	-7.31749e-11
-1.2e-05	-4.4e-05	-6.08045e-11
-1.2e-05	-4e-05	-4.09333e-12
-1.2e-05	-3.6e-05	5.5803e-11
-1.2e-05	-3.2e-05	6.03919e-11
-1.2e-05	-2.8e-05	-2.5431e-09
-1.2e-05	-2.4e-05	-4.41766e-07
-1.2e-05	-2e-05	-7.54356e-05
-1.2e-05	-1.6e-05	-0.0128233
-1.2e-05	-1.2e-05	-0.0513502
-1.2e-05	-8e-06	-0.113265
-1.2e-05	-4e-06	0.00283707
-1.2e-05	0	0.149476
-1.2e-05	4e-06	0.104672
-1.2e-05	8e-06	0.0109332
-1.2e-05	1.2e-05	6.13483e-05
-1.2e-05	1.6e-05	3.51361e-07
-1.2e-05	2e-05	2.03844e-09
-1.2e-05	2.4e-05	4.9715e-11
-1.2e-05	2.8e-05	1.58485e-11
-1.2e-05	3.2e-05	-1.45703e-11
-1.2e-05	3.6e-05	-2.97865e-11
-1.2e-05	4e-05	-2.13275e-11
-1.2e-05	4.4e-05	6.19837e-13
-1.2e-05	4.8e-05	1.75931e-11
-1.2e-05	5.2e-05	1.81572e-11
-1.2e-05	5.6e-05	5.52881e-12
-1.2e-05	6e-05	-7.49831e-12
-1.2e-05	6.4e-05	-1.05737e-11
-1.2e-05	6.8e-05	-4.00094e-12
-1.2e-05	7.2e-05	1.12939e-12
-1.2e-05	7.6e-05	-1.53852e-10
-8e-06	-8e-05	-6.64018e-09
-8e-06	-7.6e-05	-1.21675e-08
-8e-06	-7.2e-05	-8.93143e-09
-8e-06	-6.8e-05	8.04105e-10
-8e-06	-6.4e-05	9.98025e-09
-8e-06	-6e-05	1.19246e-08
-8e-06	-5.6e-05	5.20008e-09
-8e-06	-5.2e-05	-5.33342e-09
-8e-06	-4.8e-05	-1.20275e-08
-8e-06	-4.4e-05	-9.99424e-09
-8e-06	-4e-05	-6.72712e-10
-8e-06	-3.6e-05	9.18712e-09
-8e-06	-3.2e-05	1.24897e-08
-8e-06	-2.8e-05	2.03061e-08
-8e-06	-2.4e-05	2.23558e-06
-8e-06	-2e-05	0.000365978
-8e-06	-1.6e-05	0.0596441
-8e-06	-1.2e-05	0.0580338
-8e-06	-8e-06	-0.0976875
-8e-06	-4e-06	-0.0311997
-8e-06	0	0.0865498
-8e-06	4e-06	-0.0249317
-8e-06	8e-06	-0.0844906
-8e-06	1.2e-05	-0.000519375
-8e-06	1.6e-05	-3.1645e-06
-8e-06	2e-05	-1.38606e-08
-8e-06	2.4e-05	6.17989e-09
-8e-06	2.8e-05	2.59365e-09
-8e-06	3.2e-05	-2.39494e-09
-8e-06	3.6e-05	-4.89592e-09
-8e-06	4e-05	-3.50554e-09
-8e-06	4.4e-05	1.01889e-10
-8e-06	4.8e-05	2.89173e-09
-8e-06	5.2e-05	2.98446e-09
-8e-06	5.6e-05	9.08757e-10
-8e-06	6e-05	-1.23247e-09
-8e-06	6.4e-05	-1.73794e-09
-8e-06	6.8e-05	-6.55281e-10
-8e-06	7.2e-05	3.40422e-10
-8e-06	7.6e-05	-1.88487e-08
-4e-06	-8e-05	-1.08757e-06
-4e-06	-7.6e-05	-1.99987e-06
-4e-06	-7.2e-05	-1.46803e-06
-4e-06	-6.8e-05	1.32168e-07
-4e-06	-6.4e-05	1.64042e-06
-4e-06	-6e-05	1.96001e-06
-4e-06	-5.6e-05	8.54722e-07
-4e-06	-5.2e-05	-8.76637e-07
-4e-06	-4.8e-05	-1.97693e-06
-4e-06	-4.4e-05	-1.64272e-06
-4e-06	-4e-05	-1.10572e-07
-4e-06	-3.6e-05	1.50998e-06
-4e-06	-3.2e-05	2.03931e-06
-4e-06	-2.8e-05	1.1174e-06
-4e-06	-2.4e-05	4.65343e-06
-4e-06	-2e-05	0.00087328
-4e-06	-1.6e-05	0.143318
-4e-06	-1.2e-05	0.163577
-4e-06	-8e-06	-0.03978
-4e-06	-4e-06	-0.031502
-4e-06	0	0.0185856
-4e-06	4e-06	-0.139757
-4e-06	8e-06	-0.136255
-4e-06	1.2e-05	-0.000835369
-4e-06	1.6e-05	-5.07719e-06
-4e-06	2e-05	8.60165e-07
-4e-06	2.4e-05	1.03489e-06
-4e-06	2.8e-05	4.26426e-07
-4e-06	3.2e-05	-3.93648e-07
-4e-06	3.6e-05	-8.04727e-07
-4e-06	4e-05	-5.76194e-07
-4e-06	4.4e-05	1.67472e-08
-4e-06	4.8e-05	4.75305e-07
-4e-06	5.2e-05	4.90546e-07
-4e-06	5.6e-05	1.4937e-07
-4e-06	6e-05	-2.02577e-07
-4e-06	6.4e-05	-2.85657e-07
-4e-06	6.8e-05	-1.07475e-07
-4e-06	7.2e-05	7.51519e-08
-4e-06	7.6e-05	-2.03547e-06
0	-8e-05	-0.00017813
0	-7.6e-05	-0.000328704
0	-7.2e-05	-0.000241296
0	-6.8e-05	2.17241e-05
0	-6.4e-05	0.000269631
0	-6e-05	0.000322161
0	-5.6e-05	0.000140488
0	-5.2e-05	-0.00014409
0	-4.8e-05	-0.000324942
0	-4.4e-05	-0.000270009
0	-4e-05	-1.81744e-05
0	-3.6e-05	0.00024819
0	-3.2e-05	0.000335163
0	-2.8e-05	0.000178371
0	-2.4e-05	-0.000105963
0	-2e-05	0.000254627
0	-1.6e-05	0.0932579
0	-1.2e-05	0.051625
0	-8e-06	-0.0848904
0	-4e-06	0.0109125
0	0	0.107279
0	4e-06	-0.0392712
0	8e-06	-0.0741691
0	1.2e-05	-0.000712695
0	1.6e-05	-3.32671e-06
0	2e-05	0.000146441
0	2.4e-05	0.000170133
0	2.8e-05	7.00906e-05
0	3.2e-05	-6.47027e-05
0	3.6e-05	-0.000132271
0	4e-05	-9.47073e-05
0	4.4e-05	2.75269e-06
0	4.8e-05	7.81244e-05
0	5.2e-05	8.06296e-05
0	5.6e-05	2.45514e-05
0	6e-05	-3.3297e-05
0	6.4e-05	-4.69525e-05
0	6.8e-05	-1.76461e-05
0	7.2e-05	1.44695e-05
0	7.6e-05	-0.000159197
4e-06	-8e-05	-0.0291751
4e-06	-7.6e-05	-0.0540274
4e-06	-7.2e-05	-0.0396611
4e-06	-6.8e-05	0.00357072
4e-06	-6.4e-05	0.0443185
4e-06	-6e-05	0.0529527
4e-06	-5.6e-05	0.0230916
4e-06	-5.2e-05	-0.0236837
4e-06	-4.8e-05	-0.0534097
4e-06	-4.4e-05	-0.0443806
4e-06	-4e-05	-0.00298727
4e-06	-3.6e-05	0.0407943
4e-06	-3.2e-05	0.0550897
4e-06	-2.8e-05	0.0293148
4e-06	-2.4e-05	-0.0179917
4e-06	-2e-05	-0.0524873
4e-06	-1.6e-05	-0.0494937
4e-06	-1.2e-05	-0.103724
4e-06	-8e-06	-0.132302
4e-06	-4e-06	0.0222341
4e-06	0	0.148432
4e-06	4e-06	0.0570797
4e-06	8e-06	-0.0358488
4e-06	1.2e-05	-0.027416
4e-06	1.6e-05	0
4e-06	2e-05	0.0240734
4e-06	2.4e-05	0.0279643
4e-06	2.8e-05	0.0115206
4e-06	3.2e-05	-0.010635
4e-06	3.6e-05	-0.0217409
4e-06	4e-05	-0.0155668
4e-06	4.4e-05	0.000452451
4e-06	4.8e-05	0.0128411
4e-06	5.2e-05	0.0132529
4e-06	5.6e-05	0.00403544
4e-06	6e-05	-0.00547292
4e-06	6.4e-05	-0.00771743
4e-06	6.8e-05	-0.00289939
4e-06	7.2e-05	0.0025536
4e-06	7.6e-05	0.00286543
8e-06	-8e-05	-0.00121335
8e-06	-7.6e-05	-0.00241281
8e-06	-7.2e-05	-0.00177405
8e-06	-6.8e-05	0.000159744
8e-06	-6.4e-05	0.00198258
8e-06	-6e-05	0.00236883
8e-06	-5.6e-05	0.001033
8e-06	-5.2e-05	-0.00105949
8e-06	-4.8e-05	-0.00238928
8e-06	-4.4e-05	-0.00198536
8e-06	-4e-05	-0.000133635
8e-06	-3.6e-05	0.00182493
8e-06	-3.2e-05	0.00246443
8e-06	-2.8e-05	0.00131138
8e-06	-2.4e-05	-0.000805241
8e-06	-2e-05	-0.00235684
8e-06	-1.6e-05	-0.00239601
8e-06	-1.2e-05	-0.0047402
8e-06	-8e-06	-0.00576431
8e-06	-4e-06	0.000972209
8e-06	0	0.00644056
8e-06	4e-06	0.00262629
8e-06	8e-06	-0.00146005
8e-06	1.2e-05	-0.0012193
8e-06	1.6e-05	3.10925e-07
8e-06	2e-05	0.00107693
8e-06	2.4e-05	0.00125098
8e-06	2.8e-05	0.000515372
8e-06	3.2e-05	-0.000475756
8e-06	3.6e-05	-0.000972578
8e-06	4e-05	-0.000696377
8e-06	4.4e-05	2.02403e-05
8e-06	4.8e-05	0.000574444
8e-06	5.2e-05	0.000592865
8e-06	5.6e-05	0.000180525
8e-06	6e-05	-0.000244831
8e-06	6.4e-05	-0.000345239
8e-06	6.8e-05	-0.000129702
8e-06	7.2e-05	0.000114272
8e-06	7.6e-05	0.000128982
1.2e-05	-8e-05	-5.00209e-05
1.2e-05	-7.6e-05	-0.000107565
1.2e-05	-7.2e-05	-7.93373e-05
1.2e-05	-6.8e-05	7.1476e-06
1.2e-05	-6.4e-05	8.86908e-05
1.2e-05	-6e-05	0.00010597
1.2e-05	-5.6e-05	4.62112e-05
1.2e-05	-5.2e-05	-4.73961e-05
1.2e-05	-4.8e-05	-0.000106884
1.2e-05	-4.4e-05	-8.8815e-05
1.2e-05	-4e-05	-5.97816e-06
1.2e-05	-3.6e-05	8.16379e-05
1.2e-05	-3.2e-05	0.000110246
1.2e-05	-2.8e-05	5.86617e-05
1.2e-05	-2.4e-05	-3.60689e-05
1.2e-05	-2e-05	-0.000106145
1.2e-05	-1.6e-05	-0.000115103
1.2e-05	-1.2e-05	-0.000216358
1.2e-05	-8e-06	-0.000251557
1.2e-05	-4e-06	4.24502e-05
1.2e-05	0	0.000279746
1.2e-05	4e-06	0.000120487
1.2e-05	8e-06	-5.90738e-05
1.2e-05	1.2e-05	-5.39757e-05
1.2e-05	1.6e-05	5.13964e-08
1.2e-05	2e-05	4.81786e-05
1.2e-05	2.4e-05	5.59626e-05
1.2e-05	2.8e-05	2.30551e-05
1.2e-05	3.2e-05	-2.12829e-05
1.2e-05	3.6e-05	-4.35082e-05
1.2e-05	4e-05	-3.11524e-05
1.2e-05	4.4e-05	9.0545e-07
1.2e-05	4.8e-05	2.56977e-05
1.2e-05	5.2e-05	2.65218e-05
1.2e-05	5.6e-05	8.07578e-06
1.2e-05	6e-05	-1.09525e-05
1.2e-05	6.4e-05	-1.54442e-05
1.2e-05	6.8e-05	-5.80199e-06
1.2e-05	7.2e-05	5.11542e-06
1.2e-05	7.6e-05	5.81323e-06
1.6e-05	-8e-05	-2.04593e-06
1.6e-05	-7.6e-05	-4.78681e-06
1.6e-05	-7.2e-05	-3.54694e-06
1.6e-05	-6.8e-05	3.1991e-07
1.6e-05	-6.4e-05	3.96759e-06
1.6e-05	-6e-05	4.74054e-06
1.6e-05	-5.6e-05	2.06725e-06
1.6e-05	-5.2e-05	-2.12026e-06
1.6e-05	-4.8e-05	-4.78145e-06
1.6e-05	-4.4e-05	-3.97313e-06
1.6e-05	-4e-05	-2.67433e-07
1.6e-05	-3.6e-05	3.65206e-06
1.6e-05	-3.2e-05	4.93183e-06
1.6e-05	-2.8e-05	2.62395e-06
1.6e-05	-2.4e-05	-1.61743e-06
1.6e-05	-2e-05	-4.79334e-06
1.6e-05	-1.6e-05	-5.49435e-06
1.6e-05	-1.2e-05	-9.86468e-06
1.6e-05	-8e-06	-1.09959e-05
1.6e-05	-4e-06	1.85074e-06
1.6e-05	0	1.21629e-05
1.6e-05	4e-06	5.51388e-06
1.6e-05	8e-06	-2.37127e-06
1.6e-05	1.2e-05	-2.37879e-06
1.6e-05	1.6e-05	5.41965e-09
1.6e-05	2e-05	2.15549e-06
1.6e-05	2.4e-05	2.5035e-06
1.6e-05	2.8e-05	1.03137e-06
1.6e-05	3.2e-05	-9.52088e-07
1.6e-05	3.6e-05	-1.94633e-06
1.6e-05	4e-05	-1.3936e-06
1.6e-05	4.4e-05	4.05052e-08
1.6e-05	4.8e-05	1.14958e-06
1.6e-05	5.2e-05	1.18645e-06
1.6e-05	5.6e-05	3.61269e-07
1.6e-05	6e-05	-4.89958e-07
1.6e-05	6.4e-05	-6.90893e-07
1.6e-05	6.8e-05	-2.59531e-07
1.6e-05	7.2e-05	2.29089e-07
1.6e-05	7.6e-05	2.62327e-07
2e-05	-8e-05	-8.28783e-08
2e-05	-7.6e-05	-2.1264e-07
2e-05	-7.2e-05	-1.58507e-07
2e-05	-6.8e-05	1.43256e-08
2e-05	-6.4e-05	1.77491e-07
2e-05	-6e-05	2.12068e-07
2e-05	-5.6e-05	9.24784e-08
2e-05	-5.2e-05	-9.48495e-08
2e-05	-4.8e-05	-2.13898e-07
2e-05	-4.4e-05	-1.77738e-07
2e-05	-4e-05	-1.19636e-08
2e-05	-3.6e-05	1.63375e-07
2e-05	-3.2e-05	2.20623e-07
2e-05	-2.8e-05	1.17358e-07
2e-05	-2.4e-05	-7.263e-08
2e-05	-2e-05	-2.16985e-07
2e-05	-1.6e-05	-2.60861e-07
2e-05	-1.2e-05	-4.4936e-07
2e-05	-8e-06	-4.81428e-07
2e-05	-4e-06	8.05593e-08
2e-05	0	5.29331e-07
2e-05	4e-06	2.51796e-07
2e-05	8e-06	-9.42686e-08
2e-05	1.2e-05	-1.04386e-07
2e-05	1.6e-05	4.61746e-10
2e-05	2e-05	9.64447e-08
2e-05	2.4e-05	1.11995e-07
2e-05	2.8e-05	4.61383e-08
2e-05	3.2e-05	-4.25915e-08
2e-05	3.6e-05	-8.70691e-08
2e-05	4e-05	-6.23425e-08
2e-05	4.4e-05	1.812e-09
2e-05	4.8e-05	5.14265e-08
2e-05	5.2e-05	5.30757e-08
2e-05	5.6e-05	1.61613e-08
2e-05	6e-05	-2.19182e-08
2e-05	6.4e-05	-3.09069e-08
2e-05	6.8e-05	-1.16085e-08
2e-05	7.2e-05	1.02644e-08
2e-05	7.6e-05	1.18521e-08
2.4e-05	-8e-05	-3.31708e-09
2.4e-05	-7.6e-05	-9.42868e-09
2.4e-05	-7.2e-05	-7.07984e-09
2.4e-05	-6.8e-05	6.41981e-10
2.4e-05	-6.4e-05	7.94013e-09
2.4e-05	-6e-05	9.48683e-09
2.4e-05	-5.6e-05	4.13701e-09
2.4e-05	-5.2e-05	-4.24309e-09
2.4e-05	-4.8e-05	-9.5687e-09
2.4e-05	-4.4e-05	-7.95108e-09
2.4e-05	-4e-05	-5.35191e-10
2.4e-05	-3.6e-05	7.30854e-09
2.4e-05	-3.2e-05	9.8694e-09
2.4e-05	-2.8e-05	5.24827e-09
2.4e-05	-2.4e-05	-3.26661e-09
2.4e-05	-2e-05	-9.8438e-09
2.4e-05	-1.6e-05	-1.23287e-08
2.4e-05	-1.2e-05	-2.04533e-08
2.4e-05	-8e-06	-2.1112e-08
2.4e-05	-4e-06	3.50058e-09
2.4e-05	0	2.30582e-08
2.4e-05	4e-06	1.14774e-08
2.4e-05	8e-06	-3.70271e-09
2.4e-05	1.2e-05	-4.56123e-09
2.4e-05	1.6e-05	3.46203e-11
2.4e-05	2e-05	4.31584e-09
2.4e-05	2.4e-05	5.01021e-09
2.4e-05	2.8e-05	2.064e-09
2.4e-05	3.2e-05	-1.90533e-09
2.4e-05	3.6e-05	-3.89503e-09
2.4e-05	4e-05	-2.78889e-09
2.4e-05	4.4e-05	8.10588e-11
2.4e-05	4.8e-05	2.30056e-09
2.4e-05	5.2e-05	2.37433e-09
2.4e-05	5.6e-05	7.22977e-10
2.4e-05	6e-05	-9.80508e-10
2.4e-05	6.4e-05	-1.38261e-09
2.4e-05	6.8e-05	-5.19193e-10
2.4e-05	7.2e-05	4.60137e-10
2.4e-05	7.6e-05	5.36123e-10
2.8e-05	-8e-05	-1.30728e-10
2.8e-05	-7.6e-05	-4.17296e-10
2.8e-05	-7.2e-05	-3.16031e-10
2.8e-05	-6.8e-05	2.87987e-11
2.8e-05	-6.4e-05	3.5521e-10
2.8e-05	-6e-05	4.24394e-10
2.8e-05	-5.6e-05	1.8507e-10
2.8e-05	-5.2e-05	-1.89814e-10
2.8e-05	-4.8e-05	-4.28055e-10
2.8e-05	-4.4e-05	-3.55691e-10
2.8e-05	-4e-05	-2.39419e-11
2.8e-05	-3.6e-05	3.26945e-10
2.8e-05	-3.2e-05	4.41494e-10
2.8e-05	-2.8e-05	2.34661e-10
2.8e-05	-2.4e-05	-1.47179e-10
2.8e-05	-2e-05	-4.47433e-10
2.8e-05	-1.6e-05	-5.80394e-10
2.8e-05	-1.2e-05	-9.30337e-10
2.8e-05	-8e-06	-9.27298e-10
2.8e-05	-4e-06	1.51831e-10
2.8e-05	0	1.00535e-09
2.8e-05	4e-06	5.2234e-10
2.8e-05	8e-06	-1.43217e-10
2.8e-05	1.2e-05	-1.9846e-10
2.8e-05	1.6e-05	2.38212e-12
2.8e-05	2e-05	1.93164e-10
2.8e-05	2.4e-05	2.24141e-10
2.8e-05	2.8e-05	9.23331e-11
2.8e-05	3.2e-05	-8.52348e-11
2.8e-05	3.6e-05	-1.74245e-10
2.8e-05	4e-05	-1.24761e-10
2.8e-05	4.4e-05	3.6261e-12
2.8e-05	4.8e-05	1.02915e-10
2.8e-05	5.2e-05	1.06215e-10
2.8e-05	5.6e-05	3.23426e-11
2.8e-05	6e-05	-4.38626e-11
2.8e-05	6.4e-05	-6.18497e-11
2.8e-05	6.8e-05	-2.3218e-11
2.8e-05	7.2e-05	2.06394e-11
2.8e-05	7.6e-05	2.42802e-11
3.2e-05	-8e-05	-5.04794e-12
3.2e-05	-7.6e-05	-1.84319e-11
3.2e-05	-7.2e-05	-1.40968e-11
3.2e-05	-6.8e-05	1.29477e-12
3.2e-05	-6.4e-05	1.58916e-11
3.2e-05	-6e-05	1.89862e-11
3.2e-05	-5.6e-05	8.27993e-12
3.2e-05	-5.2e-05	-8.49132e-12
3.2e-05	-4.8e-05	-1.91486e-11
3.2e-05	-4.4e-05	-1.59113e-11
3.2e-05	-4e-05	-1.07076e-12
3.2e-05	-3.6e-05	1.46259e-11
3.2e-05	-3.2e-05	1.97489e-11
3.2e-05	-2.8e-05	1.04891e-11
3.2e-05	-2.4e-05	-6.64414e-12
3.2e-05	-2e-05	-2.03728e-11
3.2e-05	-1.6e-05	-2.72308e-11
3.2e-05	-1.2e-05	-4.22937e-11
3.2e-05	-8e-06	-4.07942e-11
3.2e-05	-4e-06	6.5717e-12
3.2e-05	0	4.38733e-11
3.2e-05	4e-06	2.37401e-11
3.2e-05	8e-06	-5.4279e-12
3.2e-05	1.2e-05	-8.59723e-12
3.2e-05	1.6e-05	1.53503e-13
3.2e-05	2e-05	8.64681e-12
3.2e-05	2.4e-05	1.00268e-11
3.2e-05	2.8e-05	4.13009e-12
3.2e-05	3.2e-05	-3.81397e-12
3.2e-05	3.6e-05	-7.79514e-12
3.2e-05	4e-05	-5.582e-12
3.2e-05	4.4e-05	1.616e-13
3.2e-05	4.8e-05	4.60462e-12
3.2e-05	5.2e-05	4.75158e-12
3.2e-05	5.6e-05	1.44691e-12
3.2e-05	6e-05	-1.96169e-12
3.2e-05	6.4e-05	-2.76651e-12
3.2e-05	6.8e-05	-1.03754e-12
3.2e-05	7.2e-05	9.26921e-13
3.2e-05	7.6e-05	1.10125e-12
3.6e-05	-8e-05	-1.8859e-13
3.6e-05	-7.6e-05	-8.11851e-13
3.6e-05	-7.2e-05	-6.27559e-13
3.6e-05	-6.8e-05	5.92395e-14
3.6e-05	-6.4e-05	7.11166e-13
3.6e-05	-6e-05	8.50402e-13
3.6e-05	-5.6e-05	3.70075e-13
3.6e-05	-5.2e-05	-3.79238e-13
3.6e-05	-4.8e-05	-8.5575e-13
3.6e-05	-4.4e-05	-7.11417e-13
3.6e-05	-4e-05	-4.7572e-14
3.6e-05	-3.6e-05	6.54013e-13
3.6e-05	-3.2e-05	8.8268e-13
3.6e-05	-2.8e-05	4.68657e-13
3.6e-05	-2.4e-05	-3.00813e-13
3.6e-05	-2e-05	-9.29612e-13
3.6e-05	-1.6e-05	-1.27421e-12
3.6e-05	-1.2e-05	-1.92211e-12
3.6e-05	-8e-06	-1.79813e-12
3.6e-05	-4e-06	2.83743e-13
3.6e-05	0	1.91621e-12
3.6e-05	4e-06	1.07808e-12
3.6e-05	8e-06	-1.99881e-13
3.6e-05	1.2e-05	-3.70962e-13
3.6e-05	1.6e-05	9.55573e-15
3.6e-05	2e-05	3.86746e-13
3.6e-05	2.4e-05	4.47841e-13
3.6e-05	2.8e-05	1.83986e-13
3.6e-05	3.2e-05	-1.71395e-13
3.6e-05	3.6e-05	-3.48974e-13
3.6e-05	4e-05	-2.49813e-13
3.6e-05	4.4e-05	7.01409e-15
3.6e-05	4.8e-05	2.05644e-13
3.6e-05	5.2e-05	2.13285e-13
3.6e-05	5.6e-05	6.49504e-14
3.6e-05	6e-05	-8.75774e-14
3.6e-05	6.4e-05	-1.22898e-13
3.6e-05	6.8e-05	-4.62878e-14
3.6e-05	7.2e-05	4.27794e-14
3.6e-05	7.6e-05	5.04733e-14
4e-05	-8e-05	-5.88388e-15
4e-05	-7.6e-05	-3.51403e-14
4e-05	-7.2e-05	-2.67408e-14
4e-05	-6.8e-05	2.97383e-15
4e-05	-6.4e-05	3.28628e-14
4e-05	-6e-05	3.81257e-14
4e-05	-5.6e-05	1.71371e-14
4e-05	-5.2e-05	-1.64714e-14
4e-05	-4.8e-05	-3.80385e-14
4e-05	-4.4e-05	-3.20284e-14
4e-05	-4e-05	-1.88854e-15
4e-05	-3.6e-05	2.89093e-14
4e-05	-3.2e-05	3.90012e-14
4e-05	-2.8e-05	2.09725e-14
4e-05	-2.4e-05	-1.42328e-14
4e-05	-2e-05	-4.2694e-14
4e-05	-1.6e-05	-5.94816e-14
4e-05	-1.2e-05	-8.71065e-14
4e-05	-8e-06	-7.97697e-14
4e-05	-4e-06	1.20105e-14
4e-05	0	8.37586e-14
4e-05	4e-06	4.86871e-14
4e-05	8e-06	-7.80423e-15
4e-05	1.2e-05	-1.64464e-14
4e-05	1.6e-05	3.08486e-16
4e-05	2e-05	1.74079e-14
4e-05	2.4e-05	2.01231e-14
4e-05	2.8e-05	7.64078e-15
4e-05	3.2e-05	-8.21324e-15
4e-05	3.6e-05	-1.63902e-14
4e-05	4e-05	-1.11886e-14
4e-05	4.4e-05	3.77484e-16
4e-05	4.8e-05	8.8924e-15
4e-05	5.2e-05	9.69122e-15
4e-05	5.6e-05	3.39552e-15
4e-05	6e-05	-3.80065e-15
4e-05	6.4e-05	-5.64667e-15
4e-05	6.8e-05	-1.20734e-15
4e-05	7.2e-05	1.58762e-15
4e-05	7.6e-05	3.0036e-15
4.4e-05	-8e-05	-3.81568e-16
4.4e-05	-7.6e-05	-8.063e-16
4.4e-05	-7.2e-05	-1.5151e-15
4.4e-05	-6.8e-05	9.77618e-16
4.4e-05	-6.4e-05	1.13021e-15
4.4e-05	-6e-05	2.23294e-15
4.4e-05	-5.6e-05	8.97322e-16
4.4e-05	-5.2e-05	-1.96306e-16
4.4e-05	-4.8e-05	-1.55951e-15
4.4e-05	-4.4e-05	-8.63557e-16
4.4e-05	-4e-05	3.93572e-16
4.4e-05	-3.6e-05	4.06946e-16
4.4e-05	-3.2e-05	1.59713e-15
4.4e-05	-2.8e-05	6.68801e-16
4.4e-05	-2.4e-05	-9.77105e-16
4.4e-05	-2e-05	-2.25345e-15
4.4e-05	-1.6e-05	-2.27755e-15
4.4e-05	-1.2e-05	-4.42543e-15
4.4e-05	-8e-06	-3.93392e-15
4.4e-05	-4e-06	3.11841e-16
4.4e-05	0	3.88956e-15
4.4e-05	4e-06	2.12367e-15
4.4e-05	8e-06	-9.78977e-16
4.4e-05	1.2e-05	-1.45849e-15
4.4e-05	1.6e-05	-7.20259e-16
4.4e-05	2e-05	9.35652e-16
4.4e-05	2.4e-05	9.33233e-16
4.4e-05	2.8e-05	6.66443e-16
4.4e-05	3.2e-05	-7.60912e-16
4.4e-05	3.6e-05	-8.19496e-16
4.4e-05	4e-05	-1.71887e-15
4.4e-05	4.4e-05	-1.79606e-16
4.4e-05	4.8e-05	6.34138e-16
4.4e-05	5.2e-05	6.03775e-16
4.4e-05	5.6e-05	2.98399e-16
4.4e-05	6e-05	4.59372e-16
4.4e-05	6.4e-05	5.17656e-16
4.4e-05	6.8e-05	-8.2334e-17
4.4e-05	7.2e-05	1.06579e-15
4.4e-05	7.6e-05	1.84872e-17
4.8e-05	-8e-05	1.00243e-15
4.8e-05	-7.6e-05	-1.26516e-16
4.8e-05	-7.2e-05	1.07838e-15
4.8e-05	-6.8e-05	-8.64724e-17
4.8e-05	-6.4e-05	8.49116e-16
4.8e-05	-6e-05	6.42912e-16
4.8e-05	-5.6e-05	5.14361e-16
4.8e-05	-5.2e-05	3.70816e-16
4.8e-05	-4.8e-05	-6.53909e-17
4.8e-05	-4.4e-05	-1.16663e-16
4.8e-05	-4e-05	-1.0404e-15
4.8e-05	-3.6e-05	-6.58396e-16
4.8e-05	-3.2e-05	4.77075e-16
4.8e-05	-2.8e-05	6.18672e-16
4.8e-05	-2.4e-05	-2.64848e-16
4.8e-05	-2e-05	4.7755e-16
4.8e-05	-1.6e-05	-5.84014e-16
4.8e-05	-1.2e-05	-3.73129e-16
4.8e-05	-8e-06	-8.27133e-16
4.8e-05	-4e-06	3.03558e-16
4.8e-05	0	9.81724e-17
4.8e-05	4e-06	-2.22431e-16
4.8e-05	8e-06	-2.32022e-16
4.8e-05	1.2e-05	-5.48417e-16
4.8e-05	1.6e-05	-3.24816e-16
4.8e-05	2e-05	-6.88728e-16
4.8e-05	2.4e-05	9.4153e-18
4.8e-05	2.8e-05	-1.29534e-17
4.8e-05	3.2e-05	7.72046e-16
4.8e-05	3.6e-05	-3.58387e-16
4.8e-05	4e-05	5.99152e-17
4.8e-05	4.4e-05	-4.72396e-16
4.8e-05	4.8e-05	-4.57139e-16
4.8e-05	5.2e-05	-6.87124e-17
4.8e-05	5.6e-05	-1.22019e-16
4.8e-05	6e-05	-6.57869e-16
4.8e-05	6.4e-05	1.88784e-16
4.8e-05	6.8e-05	4.51792e-16
4.8e-05	7.2e-05	-6.00054e-17
4.8e-05	7.6e-05	8.0412e-16
5.2e-05	-8e-05	2.68271e-17
5.2e-05	-7.6e-05	1.03675e-15
5.2e-05	-7.2e-05	1.25657e-16
5.2e-05	-6.8e-05	6.33719e-16
5.2e-05	-6.4e-05	1.53868e-16
5.2e-05	-6e-05	-2.25322e-16
5.2e-05	-5.6e-05	-2.39939e-16
5.2e-05	-5.2e-05	-9.5136e-16
5.2e-05	-4.8e-05	-1.09488e-15
5.2e-05	-4.4e-05	-8.46902e-16
5.2e-05	-4e-05	-6.91918e-16
5.2e-05	-3.6e-05	2.09106e-16
5.2e-05	-3.2e-05	9.89133e-16
5.2e-05	-2.8e-05	-5.31837e-16
5.2e-05	-2.4e-05	-2.21407e-16
5.2e-05	-2e-05	1.26572e-16
5.2e-05	-1.6e-05	6.41081e-16
5.2e-05	-1.2e-05	-5.02784e-16
5.2e-05	-8e-06	4.94016e-16
5.2e-05	-4e-06	-3.22449e-17
5.2e-05	0	-5.07266e-16
5.2e-05	4e-06	-8.57072e-16
5.2e-05	8e-06	-2.30182e-16
5.2e-05	1.2e-05	-2.22231e-16
5.2e-05	1.6e-05	-8.81877e-16
5.2e-05	2e-05	5.61706e-16
5.2e-05	2.4e-05	-5.69613e-16
5.2e-05	2.8e-05	1.15019e-16
5.2e-05	3.2e-05	-3.42682e-17
5.2e-05	3.6e-05	7.96724e-16
5.2e-05	4e-05	-2.78875e-16
5.2e-05	4.4e-05	4.33559e-16
5.2e-05	4.8e-05	1.98503e-16
5.2e-05	5.2e-05	-4.15826e-16
5.2e-05	5.6e-05	-4.03596e-16
5.2e-05	6e-05	-4.56115e-16
5.2e-05	6.4e-05	-5.5564e-16
5.2e-05	6.8e-05	-6.18938e-16
5.2e-05	7.2e-05	8.78814e-18
5.2e-05	7.6e-05	-8.7201e-16
5.6e-05	-8e-05	3.3286e-16
5.6e-05	-7.6e-05	-8.3286e-16
5.6e-05	-7.2e-05	3.13635e-16
5.6e-05	-6.8e-05	-7.36202e-16
5.6e-05	-6.4e-05	-1.51721e-16
5.6e-05	-6e-05	-5.81471e-16
5.6e-05	-5.6e-05	-3.99621e-16
5.6e-05	-5.2e-05	-6.78283e-16
5.6e-05	-4.8e-05	-9.29332e-17
5.6e-05	-4.4e-05	2.49738e-16
5.6e-05	-4e-05	1.80319e-16
5.6e-05	-3.6e-05	8.33219e-16
5.6e-05	-3.2e-05	-6.0161e-16
5.6e-05	-2.8e-05	-9.28637e-16
5.6e-05	-2.4e-05	-1.69753e-16
5.6e-05	-2e-05	7.37103e-16
5.6e-05	-1.6e-05	-5.4698e-16
5.6e-05	-1.2e-05	-9.45712e-17
5.6e-05	-8e-06	3.45552e-16
5.6e-05	-4e-06	8.09638e-16
5.6e-05	0	-6.96662e-16
5.6e-05	4e-06	-7.83913e-16
5.6e-05	8e-06	-2.71824e-16
5.6e-05	1.2e-05	-6.79039e-17
5.6e-05	1.6e-05	-2.46362e-17
5.6e-05	2e-05	-2.71889e-16
5.6e-05	2.4e-05	6.39642e-16
5.6e-05	2.8e-05	-4.09659e-16
5.6e-05	3.2e-05	3.18467e-16
5.6e-05	3.6e-05	-6.90151e-17
5.6e-05	4e-05	2.75916e-16
5.6e-05	4.4e-05	-4.52537e-16
5.6e-05	4.8e-05	4.32972e-16
5.6e-05	5.2e-05	1.06521e-16
5.6e-05	5.6e-05	-8.90437e-17
5.6e-05	6e-05	-1.37162e-16
5.6e-05	6.4e-05	-6.89651e-17
5.6e-05	6.8e-05	-1.52483e-16
5.6e-05	7.2e-05	-4.71452e-16
5.6e-05	7.6e-05	2.33157e-16
6e-05	-8e-05	-9.5156e-16
6e-05	-7.6e-05	2.53078e-16
6e-05	-7.2e-05	-8.54136e-16
6e-05	-6.8e-05	-1.99144e-18
6e-05	-6.4e-05	-3.9968e-16
6e-05	-6e-05	1.12149e-16
6e-05	-5.6e-05	-1.01054e-16
6e-05	-5.2e-05	4.73912e-16
6e-05	-4.8e-05	2.01668e-16
6e-05	-4.4e-05	3.17728e-16
6e-05	-4e-05	-3.95829e-18
6e-05	-3.6e-05	-2.87687e-16
6e-05	-3.2e-05	-2.82334e-16
6e-05	-2.8e-05	-6.84615e-17
6e-05	-2.4e-05	1.52021e-15
6e-05	-2e-05	-6.00151e-16
6e-05	-1.6e-05	-6.71583e-16
6e-05	-1.2e-05	1.49543e-16
6e-05	-8e-06	9.67727e-16
6e-05	-4e-06	9.87899e-17
6e-05	0	-3.76388e-16
6e-05	4e-06	-7.45938e-16
6e-05	8e-06	-1.02602e-16
6e-05	1.2e-05	1.60324e-16
6e-05	1.6e-05	-2.77714e-16
6e-05	2e-05	-2.89338e-16
6e-05	2.4e-05	-6.0876e-16
6e-05	2.8e-05	3.48099e-16
6e-05	3.2e-05	-2.97651e-16
6e-05	3.6e-05	4.56656e-16
6e-05	4e-05	5.20509e-17
6e-05	4.4e-05	3.40474e-16
6e-05	4.8e-05	-2.18726e-16
6e-05	5.2e-05	-9.62895e-18
6e-05	5.6e-05	1.81119e-16
6e-05	6e-05	-3.36596e-16
6e-05	6.4e-05	-1.05233e-17
6e-05	6.8e-05	-5.8213e-17
6e-05	7.2e-05	-2.63481e-16
6e-05	7.6e-05	-7.34759e-16
6.4e-05	-8e-05	4.49608e-17
6.4e-05	-7.6e-05	-1.09909e-15
6.4e-05	-7.2e-05	-3.02084e-16
6.4e-05	-6.8e-05	-7.05931e-16
6.4e-05	-6.4e-05	-4.39375e-16
6.4e-05	-6e-05	-7.42129e-16
6.4e-05	-5.6e-05	-2.54704e-16
6.4e-05	-5.2e-05	-6.90891e-16
6.4e-05	-4.8e-05	-2.17262e-16
6.4e-05	-4.4e-05	-5.68272e-16
6.4e-05	-4e-05	2.95337e-16
6.4e-05	-3.6e-05	3.02448e-16
6.4e-05	-3.2e-05	7.20214e-16
6.4e-05	-2.8e-05	1.54355e-15
6.4e-05	-2.4e-05	-3.3742e-16
6.4e-05	-2e-05	-5.53156e-16
6.4e-05	-1.6e-05	-4.00503e-19
6.4e-05	-1.2e-05	1.29112e-15
6.4e-05	-8e-06	1.19506e-16
6.4e-05	-4e-06	-4.3457e-16
6.4e-05	0	-2.55187e-16
6.4e-05	4e-06	-1.92813e-17
6.4e-05	8e-06	-2.97014e-16
6.4e-05	1.2e-05	-1.25267e-16
6.4e-05	1.6e-05	4.0433e-16
6.4e-05	2e-05	-2.24703e-16
6.4e-05	2.4e-05	-2.01735e-16
6.4e-05	2.8e-05	-8.23653e-16
6.4e-05	3.2e-05	4.65326e-16
6.4e-05	3.6e-05	8.94309e-17
6.4e-05	4e-05	1.12945e-15
6.4e-05	4.4e-05	1.02456e-15
6.4e-05	4.8e-05	5.57307e-16
6.4e-05	5.2e-05	2.13095e-16
6.4e-05	5.6e-05	-2.6653e-16
6.4e-05	6e-05	3.0573e-16
6.4e-05	6.4e-05	-8.97225e-16
6.4e-05	6.8e-05	-5.00808e-16
6.4e-05	7.2e-05	-8.40873e-16
6.4e-05	7.6e-05	-6.04134e-16
6.8e-05	-8e-05	-1.59767e-15
6.8e-05	-7.6e-05	-5.18365e-16
6.8e-05	-7.2e-05	-1.5453e-15
6.8e-05	-6.8e-05	-9.31271e-16
6.8e-05	-6.4e-05	-1.33942e-15
6.8e-05	-6e-05	-7.17228e-16
6.8e-05	-5.6e-05	-1.09675e-15
6.8e-05	-5.2e-05	-5.06758e-16
6.8e-05	-4.8e-05	-4.9266e-16
6.8e-05	-4.4e-05	3.563e-16
6.8e-05	-4e-05	7.4692e-16
6.8e-05	-3.6e-05	8.65366e-16
6.8e-05	-3.2e-05	8.10164e-16
6.8e-05	-2.8e-05	-1.24122e-18
6.8e-05	-2.4e-05	-7.86676e-16
6.8e-05	-2e-05	-9.6231e-17
6.8e-05	-1.6e-05	1.36522e-15
6.8e-05	-1.2e-05	4.45674e-16
6.8e-05	-8e-06	1.04485e-16
6.8e-05	-4e-06	-6.90628e-16
6.8e-05	0	-2.3895e-16
6.8e-05	4e-06	-1.34145e-16
6.8e-05	8e-06	-3.63182e-16
6.8e-05	1.2e-05	-2.07005e-16
6.8e-05	1.6e-05	1.16071e-17
6.8e-05	2e-05	3.36669e-16
6.8e-05	2.4e-05	-2.46105e-17
6.8e-05	2.8e-05	3.38523e-16
6.8e-05	3.2e-05	-3.14785e-16
6.8e-05	3.6e-05	1.7447e-16
6.8e-05	4e-05	4.51643e-16
6.8e-05	4.4e-05	8.31465e-16
6.8e-05	4.8e-05	7.18595e-16
6.8e-05	5.2e-05	5.50403e-16
6.8e-05	5.6e-05	-2.36155e-17
6.8e-05	6e-05	-4.79552e-16
6.8e-05	6.4e-05	1.91293e-17
6.8e-05	6.8e-05	-4.85376e-16
6.8e-05	7.2e-05	-8.21875e-16
6.8e-05	7.6e-05	-7.52733e-16
7.2e-05	-8e-05	-2.73302e-16
7.2e-05	-7.6e-05	-1.34627e-15
7.2e-05	-7.2e-05	-5.00461e-16
7.2e-05	-6.8e-05	-9.7655e-16
7.2e-05	-6.4e-05	-7.53648e-16
7.2e-05	-6e-05	-9.95236e-16
7.2e-05	-5.6e-05	-7.25612e-16
7.2e-05	-5.2e-05	-5.17149e-16
7.2e-05	-4.8e-05	-6.79744e-16
7.2e-05	-4.4e-05	-1.50136e-16
7.2e-05	-4e-05	-8.48295e-17
7.2e-05	-3.6e-05	2.18274e-16
7.2e-05	-3.2e-05	-6.3375e-17
7.2e-05	-2.8e-05	2.01358e-16
7.2e-05	-2.4e-05	1.1554e-15
7.2e-05	-2e-05	1.36755e-15
7.2e-05	-1.6e-05	8.2503e-16
7.2e-05	-1.2e-05	-4.26367e-17
7.2e-05	-8e-06	-8.58523e-16
7.2e-05	-4e-06	2.68669e-17
7.2e-05	0	-3.76502e-16
7.2e-05	4e-06	-6.50397e-17
7.2e-05	8e-06	3.05325e-16
7.2e-05	1.2e-05	-2.4511e-16
7.2e-05	1.6e-05	-9.56783e-17
7.2e-05	2e-05	-3.94806e-16
7.2e-05	2.4e-05	4.555e-16
7.2e-05	2.8e-05	7.11591e-16
7.2e-05	3.2e-05	4.4237e-16
7.2e-05	3.6e-05	4.58169e-17
7.2e-05	4e-05	5.08728e-16
7.2e-05	4.4e-05	7.44591e-16
7.2e-05	4.8e-05	2.99009e-16
7.2e-05	5.2e-05	-4.35714e-16
7.2e-05	5.6e-05	-2.36584e-16
7.2e-05	6e-05	-2.50307e-16
7.2e-05	6.4e-05	-7.39089e-16
7.2e-05	6.8e-05	-7.73745e-16
7.2e-05	7.2e-05	-7.95272e-17
7.2e-05	7.6e-05	-3.96679e-16
7.6e-05	-8e-05	5.1756e-17
7.6e-05	-7.6e-05	2.25202e-16
7.6e-05	-7.2e-05	-9.53907e-17
7.6e-05	-6.8e-05	-8.07995e-17
7.6e-05	-6.4e-05	-2.04016e-16
7.6e-05	-6e-05	-3.25237e-16
7.6e-05	-5.6e-05	-5.40883e-16
7.6e-05	-5.2e-05	-8.34428e-16
7.6e-05	-4.8e-05	-1.00625e-15
7.6e-05	-4.4e-05	-1.0379e-15
7.6e-05	-4e-05	-1.08492e-15
7.6e-05	-3.6e-05	-5.9514e-16
7.6e-05	-3.2e-05	-2.02464e-16
7.6e-05	-2.8e-05	8.40283e-16
7.6e-05	-2.4e-05	1.83885e-15
7.6e-05	-2e-05	1.18856e-15
7.6e-05	-1.6e-05	5.2746e-17
7.6e-05	-1.2e-05	-5.9819e-16
7.6e-05	-8e-06	-4.55746e-16
7.6e-05	-4e-06	-4.1847e-16
7.6e-05	0	4.10528e-16
7.6e-05	4e-06	1.74592e-16
7.6e-05	8e-06	-4.28071e-16
7.6e-05	1.2e-05	-5.98649e-17
7.6e-05	1.6e-05	-1.4465e-16
7.6e-05	2e-05	-4.23343e-16
7.6e-05	2.4e-05	-4.24459e-17
7.6e-05	2.8e-05	8.26096e-16
7.6e-05	3.2e-05	6.76122e-16
7.6e-05	3.6e-05	6.62716e-16
7.6e-05	4e-05	4.09745e-16
7.6e-05	4.4e-05	2.92741e-16
7.6e-05	4.8e-05	-1.60317e-17
7.6e-05	5.2e-05	-5.39187e-16
7.6e-05	5.6e-05	-8.58027e-16
7.6e-05	6e-05	-9.90115e-16
7.6e-05	6.4e-05	-7.18964e-16
7.6e-05	6.8e-05	-7.53749e-16
7.6e-05	7.2e-05	-7.51643e-16
7.6e-05	7.6e-05	-1.48672e-16
