-8e-05	-8e-05	-6.49534e-17
-8e-05	-7.6e-05	2.89821e-16
-8e-05	-7.2e-05	6.0405e-17
-8e-05	-6.8e-05	3.73167e-16
-8e-05	-6.4e-05	-1.97848e-17
-8e-05	-6e-05	-5.7611e-17
-8e-05	-5.6e-05	1.09242e-18
-8e-05	-5.2e-05	1.80378e-17
-8e-05	-4.8e-05	-2.42357e-16
-8e-05	-4.4e-05	-7.39236e-17
-8e-05	-4e-05	-4.13734e-17
-8e-05	-3.6e-05	-1.09912e-16
-8e-05	-3.2e-05	4.42767e-17
-8e-05	-2.8e-05	-3.54072e-16
-8e-05	-2.4e-05	1.49295e-16
-8e-05	-2e-05	-2.24858e-16
-8e-05	-1.6e-05	2.35585e-16
-8e-05	-1.2e-05	-1.23726e-16
-8e-05	-8e-06	2.54236e-16
-8e-05	-4e-06	2.01299e-16
-8e-05	0	4.31754e-16
-8e-05	4e-06	3.27796e-17
-8e-05	8e-06	1.2779e-16
-8e-05	1.2e-05	1.03579e-17
-8e-05	1.6e-05	-1.32855e-16
-8e-05	2e-05	1.99569e-16
-8e-05	2.4e-05	-3.05304e-16
-8e-05	2.8e-05	2.62635e-16
-8e-05	3.2e-05	-2.12066e-16
-8e-05	3.6e-05	2.13632e-16
-8e-05	4e-05	-2.61234e-16
-8e-05	4.4e-05	4.74512e-17
-8e-05	4.8e-05	-1.99139e-16
-8e-05	5.2e-05	-5.51041e-17
-8e-05	5.6e-05	2.86136e-17
-8e-05	6e-05	1.05526e-16
-8e-05	6.4e-05	4.6533e-17
-8e-05	6.8e-05	-2.67616e-16
-8e-05	7.2e-05	4.18174e-17
-8e-05	7.6e-05	3.55804e-17
-7.6e-05	-8e-05	3.84795e-16
-7.6e-05	-7.6e-05	1.14797e-16
-7.6e-05	-7.2e-05	2.41592e-16
-7.6e-05	-6.8e-05	1.35264e-16
-7.6e-05	-6.4e-05	1.15483e-16
-7.6e-05	-6e-05	-3.67604e-17
-7.6e-05	-5.6e-05	3.40154e-17
-7.6e-05	-5.2e-05	-2.66838e-16
-7.6e-05	-4.8e-05	1.31727e-17
-7.6e-05	-4.4e-05	-2.3732e-16
-7.6e-05	-4e-05	8.28186e-17
-7.6e-05	-3.6e-05	6.49732e-17
-7.6e-05	-3.2e-05	-3.8152e-16
-7.6e-05	-2.8e-05	1.14089e-16
-7.6e-05	-2.4e-05	-1.74937e-16
-7.6e-05	-2e-05	2.97174e-16
-7.6e-05	-1.6e-05	-9.85303e-17
-7.6e-05	-1.2e-05	4.68938e-16
-7.6e-05	-8e-06	-1.26582e-16
-7.6e-05	-4e-06	5.0263e-16
-7.6e-05	0	1.70764e-17
-7.6e-05	4e-06	4.36212e-16
-7.6e-05	8e-06	-5.52082e-17
-7.6e-05	1.2e-05	3.72509e-17
-7.6e-05	1.6e-05	2.39491e-16
-7.6e-05	2e-05	-3.07964e-16
-7.6e-05	2.4e-05	1.62942e-16
-7.6e-05	2.8e-05	-3.32146e-16
-7.6e-05	3.2e-05	3.01229e-16
-7.6e-05	3.6e-05	-3.88625e-16
-7.6e-05	4e-05	1.11959e-16
-7.6e-05	4.4e-05	-1.21639e-17
-7.6e-05	4.8e-05	2.12829e-17
-7.6e-05	5.2e-05	3.67967e-17
-7.6e-05	5.6e-05	3.31956e-17
-7.6e-05	6e-05	1.35368e-16
-7.6e-05	6.4e-05	6.04612e-18
-7.6e-05	6.8e-05	-7.4751e-18
-7.6e-05	7.2e-05	1.01529e-16
-7.6e-05	7.6e-05	2.3117e-16
-7.2e-05	-8e-05	6.60472e-17
-7.2e-05	-7.6e-05	-3.11228e-18
-7.2e-05	-7.2e-05	-6.09714e-17
-7.2e-05	-6.8e-05	1.70804e-16
-7.2e-05	-6.4e-05	2.89962e-16
-7.2e-05	-6e-05	4.47572e-16
-7.2e-05	-5.6e-05	-1.63719e-16
-7.2e-05	-5.2e-05	3.10452e-16
-7.2e-05	-4.8e-05	-2.11278e-16
-7.2e-05	-4.4e-05	-7.62672e-17
-7.2e-05	-4e-05	-1.53308e-16
-7.2e-05	-3.6e-05	-9.04432e-17
-7.2e-05	-3.2e-05	2.40984e-16
-7.2e-05	-2.8e-05	-4.58458e-16
-7.2e-05	-2.4e-05	3.8007e-16
-7.2e-05	-2e-05	-2.64387e-16
-7.2e-05	-1.6e-05	4.15207e-16
-7.2e-05	-1.2e-05	-1.68093e-17
-7.2e-05	-8e-06	6.55467e-16
-7.2e-05	-4e-06	-2.47269e-16
-7.2e-05	0	5.44452e-16
-7.2e-05	4e-06	3.76622e-17
-7.2e-05	8e-06	5.64866e-17
-7.2e-05	1.2e-05	2.36068e-16
-7.2e-05	1.6e-05	-3.16468e-16
-7.2e-05	2e-05	3.96973e-16
-7.2e-05	2.4e-05	-3.31807e-16
-7.2e-05	2.8e-05	3.70242e-16
-7.2e-05	3.2e-05	-3.94075e-16
-7.2e-05	3.6e-05	1.17783e-16
-7.2e-05	4e-05	-1.05556e-16
-7.2e-05	4.4e-05	-1.96955e-17
-7.2e-05	4.8e-05	9.0895e-17
-7.2e-05	5.2e-05	1.71532e-16
-7.2e-05	5.6e-05	1.38433e-16
-7.2e-05	6e-05	-2.35382e-16
-7.2e-05	6.4e-05	1.28713e-16
-7.2e-05	6.8e-05	4.53374e-17
-7.2e-05	7.2e-05	6.20332e-17
-7.2e-05	7.6e-05	-1.01393e-16
-6.8e-05	-8e-05	-3.38899e-18
-6.8e-05	-7.6e-05	-5.80001e-17
-6.8e-05	-7.2e-05	-5.30739e-17
-6.8e-05	-6.8e-05	1.38331e-17
-6.8e-05	-6.4e-05	5.29547e-17
-6.8e-05	-6e-05	-1.80285e-16
-6.8e-05	-5.6e-05	4.95682e-16
-6.8e-05	-5.2e-05	-2.44754e-16
-6.8e-05	-4.8e-05	8.82449e-17
-6.8e-05	-4.4e-05	-1.74084e-16
-6.8e-05	-4e-05	-1.84825e-16
-6.8e-05	-3.6e-05	2.32016e-16
-6.8e-05	-3.2e-05	-6.72623e-17
-6.8e-05	-2.8e-05	4.28643e-16
-6.8e-05	-2.4e-05	-1.3808e-17
-6.8e-05	-2e-05	1.80939e-16
-6.8e-05	-1.6e-05	1.16608e-16
-6.8e-05	-1.2e-05	2.24514e-16
-6.8e-05	-8e-06	-3.9618e-17
-6.8e-05	-4e-06	2.40281e-16
-6.8e-05	0	-5.94471e-17
-6.8e-05	4e-06	1.6173e-16
-6.8e-05	8e-06	-6.76791e-17
-6.8e-05	1.2e-05	-6.28692e-17
-6.8e-05	1.6e-05	7.24564e-17
-6.8e-05	2e-05	-3.69142e-16
-6.8e-05	2.4e-05	3.93831e-16
-6.8e-05	2.8e-05	-2.99956e-16
-6.8e-05	3.2e-05	2.14369e-16
-6.8e-05	3.6e-05	-1.13063e-16
-6.8e-05	4e-05	1.62106e-16
-6.8e-05	4.4e-05	-1.05769e-16
-6.8e-05	4.8e-05	-4.02545e-17
-6.8e-05	5.2e-05	2.59999e-16
-6.8e-05	5.6e-05	-1.67658e-16
-6.8e-05	6e-05	2.84219e-16
-6.8e-05	6.4e-05	-1.99643e-16
-6.8e-05	6.8e-05	1.23849e-16
-6.8e-05	7.2e-05	-1.3915e-16
-6.8e-05	7.6e-05	-4.65053e-16
-6.4e-05	-8e-05	1.72731e-17
-6.4e-05	-7.6e-05	-3.11062e-17
-6.4e-05	-7.2e-05	-7.0643e-17
-6.4e-05	-6.8e-05	-4.02491e-16
-6.4e-05	-6.4e-05	-1.71827e-16
-6.4e-05	-6e-05	2.51489e-16
-6.4e-05	-5.6e-05	1.05366e-16
-6.4e-05	-5.2e-05	2.78667e-16
-6.4e-05	-4.8e-05	-2.39981e-16
-6.4e-05	-4.4e-05	7.75503e-17
-6.4e-05	-4e-05	3.37769e-17
-6.4e-05	-3.6e-05	-3.535e-19
-6.4e-05	-3.2e-05	-8.97445e-17
-6.4e-05	-2.8e-05	-5.0868e-17
-6.4e-05	-2.4e-05	-1.76018e-17
-6.4e-05	-2e-05	8.63961e-17
-6.4e-05	-1.6e-05	2.30575e-16
-6.4e-05	-1.2e-05	1.58754e-16
-6.4e-05	-8e-06	6.75718e-17
-6.4e-05	-4e-06	-3.97824e-17
-6.4e-05	0	-9.41994e-17
-6.4e-05	4e-06	-9.12139e-17
-6.4e-05	8e-06	-1.44876e-17
-6.4e-05	1.2e-05	2.76076e-16
-6.4e-05	1.6e-05	-1.00292e-16
-6.4e-05	2e-05	-1.38268e-16
-6.4e-05	2.4e-05	-2.2726e-16
-6.4e-05	2.8e-05	1.40482e-16
-6.4e-05	3.2e-05	-1.77707e-16
-6.4e-05	3.6e-05	6.11532e-17
-6.4e-05	4e-05	7.86781e-17
-6.4e-05	4.4e-05	1.15434e-16
-6.4e-05	4.8e-05	1.44863e-16
-6.4e-05	5.2e-05	-5.22901e-17
-6.4e-05	5.6e-05	1.09524e-16
-6.4e-05	6e-05	-2.81539e-16
-6.4e-05	6.4e-05	1.34938e-16
-6.4e-05	6.8e-05	-2.43571e-16
-6.4e-05	7.2e-05	-1.71393e-17
-6.4e-05	7.6e-05	-3.9411e-16
-6e-05	-8e-05	-2.04053e-16
-6e-05	-7.6e-05	-1.16228e-16
-6e-05	-7.2e-05	-5.98594e-17
-6e-05	-6.8e-05	-2.22857e-16
-6e-05	-6.4e-05	-3.38042e-17
-6e-05	-6e-05	7.49722e-17
-6e-05	-5.6e-05	1.18503e-16
-6e-05	-5.2e-05	5.60485e-17
-6e-05	-4.8e-05	1.88803e-17
-6e-05	-4.4e-05	-4.1502e-18
-6e-05	-4e-05	4.37506e-17
-6e-05	-3.6e-05	7.99399e-17
-6e-05	-3.2e-05	-7.69331e-17
-6e-05	-2.8e-05	-1.69487e-18
-6e-05	-2.4e-05	2.79958e-16
-6e-05	-2e-05	-9.326e-17
-6e-05	-1.6e-05	2.12574e-16
-6e-05	-1.2e-05	9.75507e-17
-6e-05	-8e-06	1.92611e-16
-6e-05	-4e-06	2.06919e-16
-6e-05	0	-2.0196e-16
-6e-05	4e-06	-4.10708e-17
-6e-05	8e-06	2.51919e-16
-6e-05	1.2e-05	6.66729e-17
-6e-05	1.6e-05	1.81755e-16
-6e-05	2e-05	4.21346e-17
-6e-05	2.4e-05	-2.49288e-16
-6e-05	2.8e-05	-1.48798e-16
-6e-05	3.2e-05	-2.47855e-16
-6e-05	3.6e-05	-5.0669e-18
-6e-05	4e-05	-1.41553e-16
-6e-05	4.4e-05	1.03914e-16
-6e-05	4.8e-05	6.56941e-17
-6e-05	5.2e-05	1.48407e-16
-6e-05	5.6e-05	-6.34153e-17
-6e-05	6e-05	-9.26374e-17
-6e-05	6.4e-05	-1.23039e-16
-6e-05	6.8e-05	-7.45712e-17
-6e-05	7.2e-05	-2.43116e-16
-6e-05	7.6e-05	-1.86251e-17
-5.6e-05	-8e-05	-3.54708e-16
-5.6e-05	-7.6e-05	-2.52002e-16
-5.6e-05	-7.2e-05	-2.35807e-16
-5.6e-05	-6.8e-05	-7.73562e-17
-5.6e-05	-6.4e-05	3.18852e-17
-5.6e-05	-6e-05	-4.33334e-16
-5.6e-05	-5.6e-05	-5.50739e-17
-5.6e-05	-5.2e-05	-1.61139e-16
-5.6e-05	-4.8e-05	2.04558e-17
-5.6e-05	-4.4e-05	2.92338e-17
-5.6e-05	-4e-05	-1.75341e-16
-5.6e-05	-3.6e-05	7.0581e-17
-5.6e-05	-3.2e-05	5.8526e-17
-5.6e-05	-2.8e-05	5.28983e-17
-5.6e-05	-2.4e-05	-1.12572e-16
-5.6e-05	-2e-05	6.89262e-17
-5.6e-05	-1.6e-05	-6.03574e-17
-5.6e-05	-1.2e-05	3.31254e-16
-5.6e-05	-8e-06	1.97934e-16
-5.6e-05	-4e-06	1.71014e-16
-5.6e-05	0	-7.44905e-17
-5.6e-05	4e-06	1.02214e-16
-5.6e-05	8e-06	-2.45303e-16
-5.6e-05	1.2e-05	1.31614e-16
-5.6e-05	1.6e-05	-1.35553e-16
-5.6e-05	2e-05	-1.40246e-16
-5.6e-05	2.4e-05	-1.31453e-16
-5.6e-05	2.8e-05	-1.22143e-16
-5.6e-05	3.2e-05	-7.15394e-17
-5.6e-05	3.6e-05	-1.25643e-17
-5.6e-05	4e-05	1.34917e-16
-5.6e-05	4.4e-05	8.76925e-17
-5.6e-05	4.8e-05	2.61653e-17
-5.6e-05	5.2e-05	6.95308e-17
-5.6e-05	5.6e-05	3.73172e-18
-5.6e-05	6e-05	1.52e-16
-5.6e-05	6.4e-05	-2.25964e-16
-5.6e-05	6.8e-05	-1.84379e-16
-5.6e-05	7.2e-05	-2.19297e-16
-5.6e-05	7.6e-05	-9.72142e-17
-5.2e-05	-8e-05	-2.7106e-16
-5.2e-05	-7.6e-05	-1.9001e-17
-5.2e-05	-7.2e-05	-4.47874e-16
-5.2e-05	-6.8e-05	-7.10807e-17
-5.2e-05	-6.4e-05	-2.64957e-16
-5.2e-05	-6e-05	3.29054e-17
-5.2e-05	-5.6e-05	-4.06646e-16
-5.2e-05	-5.2e-05	1.27639e-16
-5.2e-05	-4.8e-05	-5.86793e-17
-5.2e-05	-4.4e-05	-1.24426e-16
-5.2e-05	-4e-05	8.39608e-17
-5.2e-05	-3.6e-05	9.38871e-17
-5.2e-05	-3.2e-05	4.39631e-17
-5.2e-05	-2.8e-05	-1.30189e-16
-5.2e-05	-2.4e-05	2.47118e-16
-5.2e-05	-2e-05	2.15256e-16
-5.2e-05	-1.6e-05	4.75797e-17
-5.2e-05	-1.2e-05	9.27017e-17
-5.2e-05	-8e-06	3.46391e-17
-5.2e-05	-4e-06	2.78487e-16
-5.2e-05	0	-3.03565e-16
-5.2e-05	4e-06	1.9477e-16
-5.2e-05	8e-06	1.0662e-16
-5.2e-05	1.2e-05	1.38248e-16
-5.2e-05	1.6e-05	9.82492e-17
-5.2e-05	2e-05	1.2761e-16
-5.2e-05	2.4e-05	-2.34045e-17
-5.2e-05	2.8e-05	1.60796e-16
-5.2e-05	3.2e-05	-1.74317e-16
-5.2e-05	3.6e-05	-2.34295e-16
-5.2e-05	4e-05	-1.19941e-16
-5.2e-05	4.4e-05	3.19009e-16
-5.2e-05	4.8e-05	3.05303e-16
-5.2e-05	5.2e-05	-5.93748e-16
-5.2e-05	5.6e-05	9.63116e-17
-5.2e-05	6e-05	-5.60059e-17
-5.2e-05	6.4e-05	-6.65501e-17
-5.2e-05	6.8e-05	-1.37259e-16
-5.2e-05	7.2e-05	-1.34567e-16
-5.2e-05	7.6e-05	-3.37915e-16
-4.8e-05	-8e-05	6.31608e-17
-4.8e-05	-7.6e-05	-3.77417e-16
-4.8e-05	-7.2e-05	4.54304e-16
-4.8e-05	-6.8e-05	-2.97868e-16
-4.8e-05	-6.4e-05	3.36244e-16
-4.8e-05	-6e-05	-1.83844e-16
-4.8e-05	-5.6e-05	3.55414e-16
-4.8e-05	-5.2e-05	4.32896e-16
-4.8e-05	-4.8e-05	1.30361e-16
-4.8e-05	-4.4e-05	2.20144e-16
-4.8e-05	-4e-05	-1.31462e-16
-4.8e-05	-3.6e-05	-5.00301e-16
-4.8e-05	-3.2e-05	-3.03131e-16
-4.8e-05	-2.8e-05	1.75218e-16
-4.8e-05	-2.4e-05	-4.26477e-17
-4.8e-05	-2e-05	2.03242e-16
-4.8e-05	-1.6e-05	7.96546e-17
-4.8e-05	-1.2e-05	-7.31305e-17
-4.8e-05	-8e-06	3.61922e-17
-4.8e-05	-4e-06	-3.22479e-16
-4.8e-05	0	3.9015e-16
-4.8e-05	4e-06	1.1908e-16
-4.8e-05	8e-06	1.84969e-16
-4.8e-05	1.2e-05	-3.9207e-16
-4.8e-05	1.6e-05	1.83075e-16
-4.8e-05	2e-05	1.17425e-16
-4.8e-05	2.4e-05	4.50974e-17
-4.8e-05	2.8e-05	-2.43982e-16
-4.8e-05	3.2e-05	1.55922e-16
-4.8e-05	3.6e-05	-2.37081e-16
-4.8e-05	4e-05	-4.6456e-17
-4.8e-05	4.4e-05	3.32663e-17
-4.8e-05	4.8e-05	-7.27348e-17
-4.8e-05	5.2e-05	1.64403e-16
-4.8e-05	5.6e-05	1.69286e-16
-4.8e-05	6e-05	9.43904e-17
-4.8e-05	6.4e-05	-1.76545e-16
-4.8e-05	6.8e-05	1.16557e-16
-4.8e-05	7.2e-05	2.79311e-17
-4.8e-05	7.6e-05	6.40621e-17
-4.4e-05	-8e-05	-1.98747e-16
-4.4e-05	-7.6e-05	2.97392e-16
-4.4e-05	-7.2e-05	-1.33801e-16
-4.4e-05	-6.8e-05	3.18132e-16
-4.4e-05	-6.4e-05	-2.53579e-16
-4.4e-05	-6e-05	2.15419e-16
-4.4e-05	-5.6e-05	9.67481e-18
-4.4e-05	-5.2e-05	1.00232e-16
-4.4e-05	-4.8e-05	-1.34296e-16
-4.4e-05	-4.4e-05	7.06135e-17
-4.4e-05	-4e-05	1.26851e-16
-4.4e-05	-3.6e-05	9.9062e-17
-4.4e-05	-3.2e-05	1.31618e-16
-4.4e-05	-2.8e-05	-4.72095e-17
-4.4e-05	-2.4e-05	1.23816e-16
-4.4e-05	-2e-05	9.62017e-17
-4.4e-05	-1.6e-05	-2.04311e-16
-4.4e-05	-1.2e-05	2.84056e-16
-4.4e-05	-8e-06	-1.9011e-16
-4.4e-05	-4e-06	3.46927e-16
-4.4e-05	0	-2.89057e-17
-4.4e-05	4e-06	1.53696e-16
-4.4e-05	8e-06	-2.39845e-16
-4.4e-05	1.2e-05	7.13876e-17
-4.4e-05	1.6e-05	-3.60939e-17
-4.4e-05	2e-05	-2.36319e-17
-4.4e-05	2.4e-05	-3.782e-17
-4.4e-05	2.8e-05	2.8133e-17
-4.4e-05	3.2e-05	2.00035e-17
-4.4e-05	3.6e-05	2.13261e-16
-4.4e-05	4e-05	-1.63504e-16
-4.4e-05	4.4e-05	1.12868e-16
-4.4e-05	4.8e-05	-1.01246e-16
-4.4e-05	5.2e-05	-4.13184e-17
-4.4e-05	5.6e-05	3.74522e-16
-4.4e-05	6e-05	-2.03342e-17
-4.4e-05	6.4e-05	3.75206e-16
-4.4e-05	6.8e-05	-1.21669e-16
-4.4e-05	7.2e-05	2.45977e-16
-4.4e-05	7.6e-05	-3.10227e-17
-4e-05	-8e-05	2.98718e-16
-4e-05	-7.6e-05	5.37085e-17
-4e-05	-7.2e-05	2.20054e-16
-4e-05	-6.8e-05	-9.92319e-18
-4e-05	-6.4e-05	1.49773e-17
-4e-05	-6e-05	-9.8753e-17
-4e-05	-5.6e-05	3.43694e-17
-4e-05	-5.2e-05	-1.73302e-16
-4e-05	-4.8e-05	4.41762e-17
-4e-05	-4.4e-05	-3.48926e-17
-4e-05	-4e-05	2.45448e-17
-4e-05	-3.6e-05	-1.39493e-16
-4e-05	-3.2e-05	2.50851e-16
-4e-05	-2.8e-05	8.21835e-17
-4e-05	-2.4e-05	2.6068e-16
-4e-05	-2e-05	-7.69112e-17
-4e-05	-1.6e-05	2.85252e-16
-4e-05	-1.2e-05	-2.30365e-16
-4e-05	-8e-06	3.38579e-16
-4e-05	-4e-06	-3.83092e-16
-4e-05	0	3.40189e-16
-4e-05	4e-06	-3.00984e-16
-4e-05	8e-06	2.25434e-18
-4e-05	1.2e-05	-2.08181e-16
-4e-05	1.6e-05	-2.99156e-17
-4e-05	2e-05	1.92015e-17
-4e-05	2.4e-05	-1.18634e-16
-4e-05	2.8e-05	2.80367e-16
-4e-05	3.2e-05	7.55257e-17
-4e-05	3.6e-05	9.59222e-18
-4e-05	4e-05	1.32604e-16
-4e-05	4.4e-05	-2.35371e-17
-4e-05	4.8e-05	1.00787e-16
-4e-05	5.2e-05	-1.0961e-16
-4e-05	5.6e-05	-1.58059e-16
-4e-05	6e-05	1.3158e-16
-4e-05	6.4e-05	1.08826e-19
-4e-05	6.8e-05	3.31056e-16
-4e-05	7.2e-05	-8.29114e-18
-4e-05	7.6e-05	2.31348e-16
-3.6e-05	-8e-05	1.30008e-16
-3.6e-05	-7.6e-05	2.11349e-16
-3.6e-05	-7.2e-05	-1.19135e-17
-3.6e-05	-6.8e-05	1.2574e-16
-3.6e-05	-6.4e-05	-4.27355e-17
-3.6e-05	-6e-05	-2.27149e-16
-3.6e-05	-5.6e-05	1.09263e-16
-3.6e-05	-5.2e-05	-2.8217e-16
-3.6e-05	-4.8e-05	1.30929e-17
-3.6e-05	-4.4e-05	-1.44572e-16
-3.6e-05	-4e-05	-5.8245e-17
-3.6e-05	-3.6e-05	2.35287e-16
-3.6e-05	-3.2e-05	-1.48695e-16
-3.6e-05	-2.8e-05	6.17148e-16
-3.6e-05	-2.4e-05	-1.33465e-16
-3.6e-05	-2e-05	3.24564e-16
-3.6e-05	-1.6e-05	-2.04971e-16
-3.6e-05	-1.2e-05	3.93608e-16
-3.6e-05	-8e-06	-3.4192e-16
-3.6e-05	-4e-06	1.45675e-16
-3.6e-05	0	-2.80422e-16
-3.6e-05	4e-06	5.2176e-17
-3.6e-05	8e-06	-3.92817e-16
-3.6e-05	1.2e-05	-1.05345e-16
-3.6e-05	1.6e-05	-1.55977e-16
-3.6e-05	2e-05	-1.36434e-16
-3.6e-05	2.4e-05	2.31594e-16
-3.6e-05	2.8e-05	3.44961e-17
-3.6e-05	3.2e-05	2.63355e-16
-3.6e-05	3.6e-05	-1.3817e-16
-3.6e-05	4e-05	1.56068e-16
-3.6e-05	4.4e-05	-1.91046e-16
-3.6e-05	4.8e-05	-5.50486e-17
-3.6e-05	5.2e-05	8.83237e-17
-3.6e-05	5.6e-05	-1.33625e-17
-3.6e-05	6e-05	-8.53391e-18
-3.6e-05	6.4e-05	-7.59963e-17
-3.6e-05	6.8e-05	1.76083e-16
-3.6e-05	7.2e-05	4.47194e-17
-3.6e-05	7.6e-05	2.48513e-16
-3.2e-05	-8e-05	2.07062e-16
-3.2e-05	-7.6e-05	-1.06526e-16
-3.2e-05	-7.2e-05	-1.68333e-17
-3.2e-05	-6.8e-05	4.95165e-17
-3.2e-05	-6.4e-05	-9.4407e-17
-3.2e-05	-6e-05	6.55444e-17
-3.2e-05	-5.6e-05	-4.02325e-16
-3.2e-05	-5.2e-05	2.12766e-16
-3.2e-05	-4.8e-05	-2.18291e-16
-3.2e-05	-4.4e-05	-5.29917e-17
-3.2e-05	-4e-05	-5.65421e-18
-3.2e-05	-3.6e-05	-1.873e-16
-3.2e-05	-3.2e-05	2.50057e-16
-3.2e-05	-2.8e-05	-2.44673e-16
-3.2e-05	-2.4e-05	4.85912e-16
-3.2e-05	-2e-05	-6.95925e-17
-3.2e-05	-1.6e-05	3.77655e-16
-3.2e-05	-1.2e-05	-3.27699e-16
-3.2e-05	-8e-06	2.26518e-16
-3.2e-05	-4e-06	-4.2594e-16
-3.2e-05	0	1.41705e-16
-3.2e-05	4e-06	-3.59629e-16
-3.2e-05	8e-06	1.35154e-17
-3.2e-05	1.2e-05	-2.75273e-16
-3.2e-05	1.6e-05	-2.58268e-16
-3.2e-05	2e-05	-7.63477e-17
-3.2e-05	2.4e-05	-1.22428e-16
-3.2e-05	2.8e-05	1.48625e-16
-3.2e-05	3.2e-05	-4.51844e-17
-3.2e-05	3.6e-05	2.00849e-16
-3.2e-05	4e-05	-2.00674e-16
-3.2e-05	4.4e-05	1.2253e-16
-3.2e-05	4.8e-05	-6.07623e-17
-3.2e-05	5.2e-05	-2.02905e-16
-3.2e-05	5.6e-05	9.29393e-17
-3.2e-05	6e-05	-1.31514e-16
-3.2e-05	6.4e-05	3.71502e-16
-3.2e-05	6.8e-05	-9.67731e-17
-3.2e-05	7.2e-05	2.69905e-16
-3.2e-05	7.6e-05	-5.49925e-17
-2.8e-05	-8e-05	1.6669e-16
-2.8e-05	-7.6e-05	-8.85321e-17
-2.8e-05	-7.2e-05	-9.80735e-17
-2.8e-05	-6.8e-05	-8.12468e-17
-2.8e-05	-6.4e-05	7.95199e-18
-2.8e-05	-6e-05	-1.41284e-16
-2.8e-05	-5.6e-05	1.81116e-17
-2.8e-05	-5.2e-05	-3.85201e-16
-2.8e-05	-4.8e-05	1.20692e-16
-2.8e-05	-4.4e-05	-1.23355e-16
-2.8e-05	-4e-05	-2.41556e-16
-2.8e-05	-3.6e-05	1.78486e-16
-2.8e-05	-3.2e-05	-2.02442e-16
-2.8e-05	-2.8e-05	3.50662e-16
-2.8e-05	-2.4e-05	-3.16923e-17
-2.8e-05	-2e-05	4.22193e-16
-2.8e-05	-1.6e-05	-2.1963e-16
-2.8e-05	-1.2e-05	2.15459e-16
-2.8e-05	-8e-06	-4.76379e-16
-2.8e-05	-4e-06	2.61113e-16
-2.8e-05	0	-5.4532e-16
-2.8e-05	4e-06	1.17883e-16
-2.8e-05	8e-06	-2.95114e-16
-2.8e-05	1.2e-05	-5.45932e-17
-2.8e-05	1.6e-05	-2.60946e-16
-2.8e-05	2e-05	-4.60604e-17
-2.8e-05	2.4e-05	9.20431e-17
-2.8e-05	2.8e-05	1.18614e-16
-2.8e-05	3.2e-05	3.02277e-18
-2.8e-05	3.6e-05	-2.66889e-16
-2.8e-05	4e-05	1.57313e-16
-2.8e-05	4.4e-05	-1.89044e-16
-2.8e-05	4.8e-05	-4.9285e-17
-2.8e-05	5.2e-05	1.46805e-16
-2.8e-05	5.6e-05	-2.36451e-16
-2.8e-05	6e-05	1.53811e-16
-2.8e-05	6.4e-05	2.48749e-17
-2.8e-05	6.8e-05	4.37249e-16
-2.8e-05	7.2e-05	-1.33691e-17
-2.8e-05	7.6e-05	3.62155e-16
-2.4e-05	-8e-05	-7.05421e-16
-2.4e-05	-7.6e-05	-1.50493e-15
-2.4e-05	-7.2e-05	-2.77218e-15
-2.4e-05	-6.8e-05	-3.50256e-15
-2.4e-05	-6.4e-05	-3.95587e-15
-2.4e-05	-6e-05	-3.91484e-15
-2.4e-05	-5.6e-05	-3.73336e-15
-2.4e-05	-5.2e-05	-2.63092e-15
-2.4e-05	-4.8e-05	-1.74184e-15
-2.4e-05	-4.4e-05	-5.05477e-16
-2.4e-05	-4e-05	1.15882e-15
-2.4e-05	-3.6e-05	1.96517e-15
-2.4e-05	-3.2e-05	3.27494e-15
-2.4e-05	-2.8e-05	3.46538e-15
-2.4e-05	-2.4e-05	3.88781e-15
-2.4e-05	-2e-05	3.33539e-15
-2.4e-05	-1.6e-05	2.75145e-15
-2.4e-05	-1.2e-05	1.60486e-15
-2.4e-05	-8e-06	7.64623e-16
-2.4e-05	-4e-06	9.70023e-16
-2.4e-05	0	-2.02179e-15
-2.4e-05	4e-06	-2.32285e-15
-2.4e-05	8e-06	-2.6321e-15
-2.4e-05	1.2e-05	-2.90295e-15
-2.4e-05	1.6e-05	-2.88831e-15
-2.4e-05	2e-05	-2.74302e-15
-2.4e-05	2.4e-05	-2.30447e-15
-2.4e-05	2.8e-05	-1.73212e-15
-2.4e-05	3.2e-05	-1.02645e-15
-2.4e-05	3.6e-05	-3.71547e-16
-2.4e-05	4e-05	5.77553e-19
-2.4e-05	4.4e-05	8.53233e-16
-2.4e-05	4.8e-05	1.48998e-15
-2.4e-05	5.2e-05	2.03542e-15
-2.4e-05	5.6e-05	2.51538e-15
-2.4e-05	6e-05	2.40353e-15
-2.4e-05	6.4e-05	2.72545e-15
-2.4e-05	6.8e-05	1.79309e-15
-2.4e-05	7.2e-05	1.75034e-15
-2.4e-05	7.6e-05	-3.16192e-15
-2e-05	-8e-05	-8.53809e-14
-2e-05	-7.6e-05	-2.54526e-13
-2e-05	-7.2e-05	-4.00042e-13
-2e-05	-6.8e-05	-5.10807e-13
-2e-05	-6.4e-05	-5.73132e-13
-2e-05	-6e-05	-5.76706e-13
-2e-05	-5.6e-05	-5.18533e-13
-2e-05	-5.2e-05	-4.03113e-13
-2e-05	-4.8e-05	-2.42725e-13
-2e-05	-4.4e-05	-5.6574e-14
-2e-05	-4e-05	1.33602e-13
-2e-05	-3.6e-05	3.04816e-13
-2e-05	-3.2e-05	4.36968e-13
-2e-05	-2.8e-05	5.15841e-13
-2e-05	-2.4e-05	5.3368e-13
-2e-05	-2e-05	4.92136e-13
-2e-05	-1.6e-05	3.98186e-13
-2e-05	-1.2e-05	2.66656e-13
-2e-05	-8e-06	1.21071e-13
-2e-05	-4e-06	1.44797e-13
-2e-05	0	-2.70951e-13
-2e-05	4e-06	-2.98161e-13
-2e-05	8e-06	-3.73262e-13
-2e-05	1.2e-05	-4.1232e-13
-2e-05	1.6e-05	-4.13649e-13
-2e-05	2e-05	-3.81459e-13
-2e-05	2.4e-05	-3.22196e-13
-2e-05	2.8e-05	-2.43251e-13
-2e-05	3.2e-05	-1.51525e-13
-2e-05	3.6e-05	-5.35204e-14
-2e-05	4e-05	4.51665e-14
-2e-05	4.4e-05	1.38868e-13
-2e-05	4.8e-05	2.23144e-13
-2e-05	5.2e-05	2.91721e-13
-2e-05	5.6e-05	3.38167e-13
-2e-05	6e-05	3.56748e-13
-2e-05	6.4e-05	3.39147e-13
-2e-05	6.8e-05	2.82212e-13
-2e-05	7.2e-05	1.71139e-13
-2e-05	7.6e-05	-3.69785e-13
-1.6e-05	-8e-05	-1.22079e-11
-1.6e-05	-7.6e-05	-3.65882e-11
-1.6e-05	-7.2e-05	-5.75246e-11
-1.6e-05	-6.8e-05	-7.34314e-11
-1.6e-05	-6.4e-05	-8.2383e-11
-1.6e-05	-6e-05	-8.29169e-11
-1.6e-05	-5.6e-05	-7.45441e-11
-1.6e-05	-5.2e-05	-5.79411e-11
-1.6e-05	-4.8e-05	-3.4904e-11
-1.6e-05	-4.4e-05	-8.11988e-12
-1.6e-05	-4e-05	1.92064e-11
-1.6e-05	-3.6e-05	4.38089e-11
-1.6e-05	-3.2e-05	6.28161e-11
-1.6e-05	-2.8e-05	7.41419e-11
-1.6e-05	-2.4e-05	7.6748e-11
-1.6e-05	-2e-05	7.07348e-11
-1.6e-05	-1.6e-05	5.72658e-11
-1.6e-05	-1.2e-05	3.83504e-11
-1.6e-05	-8e-06	1.72509e-11
-1.6e-05	-4e-06	2.12469e-11
-1.6e-05	0	-3.92782e-11
-1.6e-05	4e-06	-4.27965e-11
-1.6e-05	8e-06	-5.36608e-11
-1.6e-05	1.2e-05	-5.92848e-11
-1.6e-05	1.6e-05	-5.94646e-11
-1.6e-05	2e-05	-5.48289e-11
-1.6e-05	2.4e-05	-4.63081e-11
-1.6e-05	2.8e-05	-3.49478e-11
-1.6e-05	3.2e-05	-2.17661e-11
-1.6e-05	3.6e-05	-7.68367e-12
-1.6e-05	4e-05	6.4874e-12
-1.6e-05	4.4e-05	1.9995e-11
-1.6e-05	4.8e-05	3.20821e-11
-1.6e-05	5.2e-05	4.19267e-11
-1.6e-05	5.6e-05	4.86236e-11
-1.6e-05	6e-05	5.12159e-11
-1.6e-05	6.4e-05	4.8784e-11
-1.6e-05	6.8e-05	4.05195e-11
-1.6e-05	7.2e-05	2.50223e-11
-1.6e-05	7.6e-05	-4.18903e-11
-1.2e-05	-8e-05	-1.7414e-09
-1.2e-05	-7.6e-05	-5.26023e-09
-1.2e-05	-7.2e-05	-8.26979e-09
-1.2e-05	-6.8e-05	-1.05571e-08
-1.2e-05	-6.4e-05	-1.18447e-08
-1.2e-05	-6e-05	-1.19218e-08
-1.2e-05	-5.6e-05	-1.07182e-08
-1.2e-05	-5.2e-05	-8.33101e-09
-1.2e-05	-4.8e-05	-5.0185e-09
-1.2e-05	-4.4e-05	-1.16719e-09
-1.2e-05	-4e-05	2.76218e-09
-1.2e-05	-3.6e-05	6.29975e-09
-1.2e-05	-3.2e-05	9.03264e-09
-1.2e-05	-2.8e-05	1.06609e-08
-1.2e-05	-2.4e-05	1.10353e-08
-1.2e-05	-2e-05	1.01702e-08
-1.2e-05	-1.6e-05	8.23303e-09
-1.2e-05	-1.2e-05	5.51214e-09
-1.2e-05	-8e-06	2.45342e-09
-1.2e-05	-4e-06	3.11717e-09
-1.2e-05	0	-5.70023e-09
-1.2e-05	4e-06	-6.14135e-09
-1.2e-05	8e-06	-7.71487e-09
-1.2e-05	1.2e-05	-8.52309e-09
-1.2e-05	1.6e-05	-8.54832e-09
-1.2e-05	2e-05	-7.88135e-09
-1.2e-05	2.4e-05	-6.65613e-09
-1.2e-05	2.8e-05	-5.02289e-09
-1.2e-05	3.2e-05	-3.12813e-09
-1.2e-05	3.6e-05	-1.104e-09
-1.2e-05	4e-05	9.32724e-10
-1.2e-05	4.4e-05	2.87418e-09
-1.2e-05	4.8e-05	4.61159e-09
-1.2e-05	5.2e-05	6.02693e-09
-1.2e-05	5.6e-05	6.98999e-09
-1.2e-05	6e-05	7.36345e-09
-1.2e-05	6.4e-05	7.01472e-09
-1.2e-05	6.8e-05	5.82884e-09
-1.2e-05	7.2e-05	3.64639e-09
-1.2e-05	7.6e-05	-4.38586e-09
-8e-06	-8e-05	-2.48374e-07
-8e-06	-7.6e-05	-7.56265e-07
-8e-06	-7.2e-05	-1.18887e-06
-8e-06	-6.8e-05	-1.51777e-06
-8e-06	-6.4e-05	-1.70298e-06
-8e-06	-6e-05	-1.71413e-06
-8e-06	-5.6e-05	-1.54111e-06
-8e-06	-5.2e-05	-1.19787e-06
-8e-06	-4.8e-05	-7.21565e-07
-8e-06	-4.4e-05	-1.67772e-07
-8e-06	-4e-05	3.97244e-07
-8e-06	-3.6e-05	9.05913e-07
-8e-06	-3.2e-05	1.29886e-06
-8e-06	-2.8e-05	1.53295e-06
-8e-06	-2.4e-05	1.58671e-06
-8e-06	-2e-05	1.46226e-06
-8e-06	-1.6e-05	1.18365e-06
-8e-06	-1.2e-05	7.92287e-07
-8e-06	-8e-06	3.48769e-07
-8e-06	-4e-06	4.57337e-07
-8e-06	0	-8.27349e-07
-8e-06	4e-06	-8.81218e-07
-8e-06	8e-06	-1.10919e-06
-8e-06	1.2e-05	-1.22533e-06
-8e-06	1.6e-05	-1.22886e-06
-8e-06	2e-05	-1.1329e-06
-8e-06	2.4e-05	-9.56718e-07
-8e-06	2.8e-05	-7.21918e-07
-8e-06	3.2e-05	-4.4956e-07
-8e-06	3.6e-05	-1.58629e-07
-8e-06	4e-05	1.34103e-07
-8e-06	4.4e-05	4.13147e-07
-8e-06	4.8e-05	6.62886e-07
-8e-06	5.2e-05	8.66362e-07
-8e-06	5.6e-05	1.00487e-06
-8e-06	6e-05	1.05865e-06
-8e-06	6.4e-05	1.00867e-06
-8e-06	6.8e-05	8.38447e-07
-8e-06	7.2e-05	5.2974e-07
-8e-06	7.6e-05	-3.94165e-07
-4e-06	-8e-05	-3.54208e-05
-4e-06	-7.6e-05	-0.000108731
-4e-06	-7.2e-05	-0.000170913
-4e-06	-6.8e-05	-0.000218207
-4e-06	-6.4e-05	-0.000244847
-4e-06	-6e-05	-0.00024646
-4e-06	-5.6e-05	-0.000221587
-4e-06	-5.2e-05	-0.000172236
-4e-06	-4.8e-05	-0.000103747
-4e-06	-4.4e-05	-2.41156e-05
-4e-06	-4e-05	5.71298e-05
-4e-06	-3.6e-05	0.000130271
-4e-06	-3.2e-05	0.00018677
-4e-06	-2.8e-05	0.000220425
-4e-06	-2.4e-05	0.000228147
-4e-06	-2e-05	0.000210242
-4e-06	-1.6e-05	0.000170172
-4e-06	-1.2e-05	0.000113883
-4e-06	-8e-06	4.95567e-05
-4e-06	-4e-06	6.71006e-05
-4e-06	0	-0.000120099
-4e-06	4e-06	-0.000126434
-4e-06	8e-06	-0.000159473
-4e-06	1.2e-05	-0.00017616
-4e-06	1.6e-05	-0.000176654
-4e-06	2e-05	-0.000162848
-4e-06	2.4e-05	-0.000137514
-4e-06	2.8e-05	-0.000103758
-4e-06	3.2e-05	-6.46084e-05
-4e-06	3.6e-05	-2.27925e-05
-4e-06	4e-05	1.92808e-05
-4e-06	4.4e-05	5.93877e-05
-4e-06	4.8e-05	9.52855e-05
-4e-06	5.2e-05	0.000124538
-4e-06	5.6e-05	0.000144457
-4e-06	6e-05	0.000152205
-4e-06	6.4e-05	0.000145039
-4e-06	6.8e-05	0.000120601
-4e-06	7.2e-05	7.67249e-05
-4e-06	7.6e-05	-2.25267e-05
0	-8e-05	-0.00505075
0	-7.6e-05	-0.0156328
0	-7.2e-05	-0.0245706
0	-6.8e-05	-0.0313713
0	-6.4e-05	-0.0352031
0	-6e-05	-0.0354362
0	-5.6e-05	-0.0318607
0	-5.2e-05	-0.0247648
0	-4.8e-05	-0.0149169
0	-4.4e-05	-0.00346639
0	-4e-05	0.00821614
0	-3.6e-05	0.0187332
0	-3.2e-05	0.0268568
0	-2.8e-05	0.0316952
0	-2.4e-05	0.0328043
0	-2e-05	0.0302284
0	-1.6e-05	0.0244655
0	-1.2e-05	0.01637
0	-8e-06	0.00701039
0	-4e-06	-0.00248844
0	0	-0.0111659
0	4e-06	-0.0181385
0	8e-06	-0.0229284
0	1.2e-05	-0.0253257
0	1.6e-05	-0.0253948
0	2e-05	-0.0234085
0	2.4e-05	-0.0197655
0	2.8e-05	-0.0149127
0	3.2e-05	-0.00928519
0	3.6e-05	-0.00327494
0	4e-05	0.0027721
0	4.4e-05	0.00853665
0	4.8e-05	0.0136967
0	5.2e-05	0.0179022
0	5.6e-05	0.0207669
0	6e-05	0.0218827
0	6.4e-05	0.0208555
0	6.8e-05	0.0173466
0	7.2e-05	0.0110787
0	7.6e-05	0.00170462
4e-06	-8e-05	-0.0117529
4e-06	-7.6e-05	-0.0282072
4e-06	-7.2e-05	-0.0438867
4e-06	-6.8e-05	-0.056274
4e-06	-6.4e-05	-0.0634146
4e-06	-6e-05	-0.0640209
4e-06	-5.6e-05	-0.0576572
4e-06	-5.2e-05	-0.0448317
4e-06	-4.8e-05	-0.0269489
4e-06	-4.4e-05	-0.00612199
4e-06	-4e-05	0.0151261
4e-06	-3.6e-05	0.0342244
4e-06	-3.2e-05	0.0489195
4e-06	-2.8e-05	0.0575847
4e-06	-2.4e-05	0.0594253
4e-06	-2e-05	0.05455
4e-06	-1.6e-05	0.0439036
4e-06	-1.2e-05	0.0290795
4e-06	-8e-06	0.0120503
4e-06	-4e-06	-0.00513405
4e-06	0	-0.0206353
4e-06	4e-06	-0.0330027
4e-06	8e-06	-0.0413518
4e-06	1.2e-05	-0.0453607
4e-06	1.6e-05	-0.0452056
4e-06	2e-05	-0.0414316
4e-06	2.4e-05	-0.0347948
4e-06	2.8e-05	-0.0261138
4e-06	3.2e-05	-0.0161598
4e-06	3.6e-05	-0.00560147
4e-06	4e-05	0.00499277
4e-06	4.4e-05	0.0151097
4e-06	4.8e-05	0.0242274
4e-06	5.2e-05	0.0317597
4e-06	5.6e-05	0.0370354
4e-06	6e-05	0.0393253
4e-06	6.4e-05	0.0379189
4e-06	6.8e-05	0.0322339
4e-06	7.2e-05	0.0219311
4e-06	7.6e-05	0.00701422
8e-06	-8e-05	-0.0120044
8e-06	-7.6e-05	-0.0332668
8e-06	-7.2e-05	-0.0535978
8e-06	-6.8e-05	-0.069886
8e-06	-6.4e-05	-0.0795245
8e-06	-6e-05	-0.0807613
8e-06	-5.6e-05	-0.0729713
8e-06	-5.2e-05	-0.056781
8e-06	-4.8e-05	-0.0340054
8e-06	-4.4e-05	-0.00739965
8e-06	-4e-05	0.0197406
8e-06	-3.6e-05	0.0440612
8e-06	-3.2e-05	0.0626358
8e-06	-2.8e-05	0.073376
8e-06	-2.4e-05	0.0752984
8e-06	-2e-05	0.0686119
8e-06	-1.6e-05	0.0546173
8e-06	-1.2e-05	0.0354482
8e-06	-8e-06	0.0137041
8e-06	-4e-06	-0.00795397
8e-06	0	-0.0271743
8e-06	4e-06	-0.0421864
8e-06	8e-06	-0.0519633
8e-06	1.2e-05	-0.0562294
8e-06	1.6e-05	-0.0553506
8e-06	2e-05	-0.0501417
8e-06	2.4e-05	-0.0416428
8e-06	2.8e-05	-0.0309139
8e-06	3.2e-05	-0.0188898
8e-06	3.6e-05	-0.00631775
8e-06	4e-05	0.00622346
8e-06	4.4e-05	0.0182417
8e-06	4.8e-05	0.0292236
8e-06	5.2e-05	0.0385404
8e-06	5.6e-05	0.0454058
8e-06	6e-05	0.0489075
8e-06	6.4e-05	0.0481174
8e-06	6.8e-05	0.0422663
8e-06	7.2e-05	0.0309526
8e-06	7.6e-05	0.0143642
1.2e-05	-8e-05	-0.00648424
1.2e-05	-7.6e-05	-0.0294817
1.2e-05	-7.2e-05	-0.0516005
1.2e-05	-6.8e-05	-0.0696098
1.2e-05	-6.4e-05	-0.0806658
1.2e-05	-6e-05	-0.0827948
1.2e-05	-5.6e-05	-0.0752414
1.2e-05	-5.2e-05	-0.0586288
1.2e-05	-4.8e-05	-0.0348989
1.2e-05	-4.4e-05	-0.0070372
1.2e-05	-4e-05	0.0213735
1.2e-05	-3.6e-05	0.0466953
1.2e-05	-3.2e-05	0.0657795
1.2e-05	-2.8e-05	0.0764218
1.2e-05	-2.4e-05	0.0776523
1.2e-05	-2e-05	0.0698184
1.2e-05	-1.6e-05	0.0544549
1.2e-05	-1.2e-05	0.0339746
1.2e-05	-8e-06	0.0112445
1.2e-05	-4e-06	-0.0108741
1.2e-05	0	-0.0299358
1.2e-05	4e-06	-0.0442078
1.2e-05	8e-06	-0.0528147
1.2e-05	1.2e-05	-0.0557186
1.2e-05	1.6e-05	-0.0535593
1.2e-05	2e-05	-0.0474065
1.2e-05	2.4e-05	-0.0384831
1.2e-05	2.8e-05	-0.0279241
1.2e-05	3.2e-05	-0.0166165
1.2e-05	3.6e-05	-0.00514656
1.2e-05	4e-05	0.00614815
1.2e-05	4.4e-05	0.0170494
1.2e-05	4.8e-05	0.0272968
1.2e-05	5.2e-05	0.0364465
1.2e-05	5.6e-05	0.0437964
1.2e-05	6e-05	0.0484086
1.2e-05	6.4e-05	0.0492365
1.2e-05	6.8e-05	0.0453401
1.2e-05	7.2e-05	0.0361527
1.2e-05	7.6e-05	0.0217529
1.6e-05	-8e-05	0.00309045
1.6e-05	-7.6e-05	-0.0179112
1.6e-05	-7.2e-05	-0.0385487
1.6e-05	-6.8e-05	-0.0558305
1.6e-05	-6.4e-05	-0.0670283
1.6e-05	-6e-05	-0.0701792
1.6e-05	-5.6e-05	-0.0644591
1.6e-05	-5.2e-05	-0.0503645
1.6e-05	-4.8e-05	-0.0296682
1.6e-05	-4.4e-05	-0.00515572
1.6e-05	-4e-05	0.0198143
1.6e-05	-3.6e-05	0.0418444
1.6e-05	-3.2e-05	0.0580342
1.6e-05	-2.8e-05	0.0664208
1.6e-05	-2.4e-05	0.0662503
1.6e-05	-2e-05	0.0580367
1.6e-05	-1.6e-05	0.0434062
1.6e-05	-1.2e-05	0.0247667
1.6e-05	-8e-06	0.00486875
1.6e-05	-4e-06	-0.0136554
1.6e-05	0	-0.0286897
1.6e-05	4e-06	-0.0389026
1.6e-05	8e-06	-0.0438483
1.6e-05	1.2e-05	-0.0438965
1.6e-05	1.6e-05	-0.040022
1.6e-05	2e-05	-0.0335102
1.6e-05	2.4e-05	-0.0256498
1.6e-05	2.8e-05	-0.0174769
1.6e-05	3.2e-05	-0.00962241
1.6e-05	3.6e-05	-0.00228767
1.6e-05	4e-05	0.00465954
1.6e-05	4.4e-05	0.0115004
1.6e-05	4.8e-05	0.0184458
1.6e-05	5.2e-05	0.0254417
1.6e-05	5.6e-05	0.0320541
1.6e-05	6e-05	0.0374679
1.6e-05	6.4e-05	0.0406105
1.6e-05	6.8e-05	0.0403807
1.6e-05	7.2e-05	0.0359409
1.6e-05	7.6e-05	0.0270115
2e-05	-8e-05	0.0140961
2e-05	-7.6e-05	-0.00144104
2e-05	-7.2e-05	-0.0175241
2e-05	-6.8e-05	-0.031728
2e-05	-6.4e-05	-0.0417398
2e-05	-6e-05	-0.0458107
2e-05	-5.6e-05	-0.0431085
2e-05	-5.2e-05	-0.0339008
2e-05	-4.8e-05	-0.0195351
2e-05	-4.4e-05	-0.00221659
2e-05	-4e-05	0.015372
2e-05	-3.6e-05	0.0305369
2e-05	-3.2e-05	0.0410372
2e-05	-2.8e-05	0.0454575
2e-05	-2.4e-05	0.0434223
2e-05	-2e-05	0.0356162
2e-05	-1.6e-05	0.0236105
2e-05	-1.2e-05	0.00953903
2e-05	-8e-06	-0.00431157
2e-05	-4e-06	-0.0159136
2e-05	0	-0.0238338
2e-05	4e-06	-0.027432
2e-05	8e-06	-0.0268934
2e-05	1.2e-05	-0.0230972
2e-05	1.6e-05	-0.0173603
2e-05	2e-05	-0.0111147
2e-05	2.4e-05	-0.00559126
2e-05	2.8e-05	-0.00157504
2e-05	3.2e-05	0.000719223
2e-05	3.6e-05	0.00163102
2e-05	4e-05	0.00190793
2e-05	4.4e-05	0.00246734
2e-05	4.8e-05	0.00412351
2e-05	5.2e-05	0.00734369
2e-05	5.6e-05	0.0120904
2e-05	6e-05	0.0177875
2e-05	6.4e-05	0.0234224
2e-05	6.8e-05	0.0277643
2e-05	7.2e-05	0.0296566
2e-05	7.6e-05	0.028318
2.4e-05	-8e-05	0.023581
2.4e-05	-7.6e-05	0.0159985
2.4e-05	-7.2e-05	0.00677124
2.4e-05	-6.8e-05	-0.00249352
2.4e-05	-6.4e-05	-0.0101257
2.4e-05	-6e-05	-0.0147527
2.4e-05	-5.6e-05	-0.0155947
2.4e-05	-5.2e-05	-0.0126327
2.4e-05	-4.8e-05	-0.00661385
2.4e-05	-4.4e-05	0.0011039
2.4e-05	-4e-05	0.00883579
2.4e-05	-3.6e-05	0.01492
2.4e-05	-3.2e-05	0.0180604
2.4e-05	-2.8e-05	0.0175907
2.4e-05	-2.4e-05	0.0136046
2.4e-05	-2e-05	0.00692845
2.4e-05	-1.6e-05	-0.00105798
2.4e-05	-1.2e-05	-0.00871281
2.4e-05	-8e-06	-0.0144734
2.4e-05	-4e-06	-0.0171771
2.4e-05	0	-0.0162957
2.4e-05	4e-06	-0.0120368
2.4e-05	8e-06	-0.00529269
2.4e-05	1.2e-05	0.0025491
2.4e-05	1.6e-05	0.00989446
2.4e-05	2e-05	0.0152693
2.4e-05	2.4e-05	0.0176176
2.4e-05	2.8e-05	0.0165116
2.4e-05	3.2e-05	0.0122319
2.4e-05	3.6e-05	0.00570529
2.4e-05	4e-05	-0.00168688
2.4e-05	4.4e-05	-0.0083876
2.4e-05	4.8e-05	-0.0129746
2.4e-05	5.2e-05	-0.0144389
2.4e-05	5.6e-05	-0.0123769
2.4e-05	6e-05	-0.00705787
2.4e-05	6.4e-05	0.000643983
2.4e-05	6.8e-05	0.00943831
2.4e-05	7.2e-05	0.0178879
2.4e-05	7.6e-05	0.024701
2.8e-05	-8e-05	0.0289816
2.8e-05	-7.6e-05	0.0303812
2.8e-05	-7.2e-05	0.0291142
2.8e-05	-6.8e-05	0.0258412
2.8e-05	-6.4e-05	0.0214588
2.8e-05	-6e-05	0.0168557
2.8e-05	-5.6e-05	0.0126979
2.8e-05	-5.2e-05	0.00929123
2.8e-05	-4.8e-05	0.00655209
2.8e-05	-4.4e-05	0.00408585
2.8e-05	-4e-05	0.00135068
2.8e-05	-3.6e-05	-0.00213778
2.8e-05	-3.2e-05	-0.0066136
2.8e-05	-2.8e-05	-0.0119293
2.8e-05	-2.4e-05	-0.0175212
2.8e-05	-2e-05	-0.022485
2.8e-05	-1.6e-05	-0.0257471
2.8e-05	-1.2e-05	-0.0262984
2.8e-05	-8e-06	-0.0234387
2.8e-05	-4e-06	-0.0169777
2.8e-05	0	-0.00734632
2.8e-05	4e-06	0.00441062
2.8e-05	8e-06	0.0167657
2.8e-05	1.2e-05	0.0279427
2.8e-05	1.6e-05	0.036212
2.8e-05	2e-05	0.0401925
2.8e-05	2.4e-05	0.0391035
2.8e-05	2.8e-05	0.0329196
2.8e-05	3.2e-05	0.022397
2.8e-05	3.6e-05	0.00896843
2.8e-05	4e-05	-0.00547742
2.8e-05	4.4e-05	-0.0188914
2.8e-05	4.8e-05	-0.0293824
2.8e-05	5.2e-05	-0.0355047
2.8e-05	5.6e-05	-0.0364639
2.8e-05	6e-05	-0.0322119
2.8e-05	6.4e-05	-0.0234161
2.8e-05	6.8e-05	-0.0113167
2.8e-05	7.2e-05	0.00249896
2.8e-05	7.6e-05	0.0163573
3.2e-05	-8e-05	0.0287462
3.2e-05	-7.6e-05	0.0385021
3.2e-05	-7.2e-05	0.0449072
3.2e-05	-6.8e-05	0.0476913
3.2e-05	-6.4e-05	0.0469577
3.2e-05	-6e-05	0.0430654
3.2e-05	-5.6e-05	0.0365076
3.2e-05	-5.2e-05	0.0278172
3.2e-05	-4.8e-05	0.0175196
3.2e-05	-4.4e-05	0.00613598
3.2e-05	-4e-05	-0.00577807
3.2e-05	-3.6e-05	-0.0175799
3.2e-05	-3.2e-05	-0.0285042
3.2e-05	-2.8e-05	-0.0376672
3.2e-05	-2.4e-05	-0.0441262
3.2e-05	-2e-05	-0.0469924
3.2e-05	-1.6e-05	-0.0455806
3.2e-05	-1.2e-05	-0.0395666
3.2e-05	-8e-06	-0.0291172
3.2e-05	-4e-06	-0.0149592
3.2e-05	0	0.00163639
3.2e-05	4e-06	0.0189637
3.2e-05	8e-06	0.0350751
3.2e-05	1.2e-05	0.0480324
3.2e-05	1.6e-05	0.0561766
3.2e-05	2e-05	0.0583734
3.2e-05	2.4e-05	0.0541929
3.2e-05	2.8e-05	0.0439919
3.2e-05	3.2e-05	0.0288861
3.2e-05	3.6e-05	0.0106133
3.2e-05	4e-05	-0.00869019
3.2e-05	4.4e-05	-0.0267663
3.2e-05	4.8e-05	-0.0415243
3.2e-05	5.2e-05	-0.0512994
3.2e-05	5.6e-05	-0.0550464
3.2e-05	6e-05	-0.0524435
3.2e-05	6.4e-05	-0.0438985
3.2e-05	6.8e-05	-0.0304621
3.2e-05	7.2e-05	-0.0136671
3.2e-05	7.6e-05	0.00467604
3.6e-05	-8e-05	0.0226961
3.6e-05	-7.6e-05	0.0386592
3.6e-05	-7.2e-05	0.0511239
3.6e-05	-6.8e-05	0.0590438
3.6e-05	-6.4e-05	0.0618156
3.6e-05	-6e-05	0.0592849
3.6e-05	-5.6e-05	0.0517214
3.6e-05	-5.2e-05	0.0397754
3.6e-05	-4.8e-05	0.0244247
3.6e-05	-4.4e-05	0.0069133
3.6e-05	-4e-05	-0.0113209
3.6e-05	-3.6e-05	-0.0287334
3.6e-05	-3.2e-05	-0.0437795
3.6e-05	-2.8e-05	-0.0550396
3.6e-05	-2.4e-05	-0.0613563
3.6e-05	-2e-05	-0.0619679
3.6e-05	-1.6e-05	-0.0566213
3.6e-05	-1.2e-05	-0.0456426
3.6e-05	-8e-06	-0.0299476
3.6e-05	-4e-06	-0.0109823
3.6e-05	0	0.00940651
3.6e-05	4e-06	0.0291597
3.6e-05	8e-06	0.046231
3.6e-05	1.2e-05	0.0588196
3.6e-05	1.6e-05	0.0655795
3.6e-05	2e-05	0.0657773
3.6e-05	2.4e-05	0.0593768
3.6e-05	2.8e-05	0.047041
3.6e-05	3.2e-05	0.0300533
3.6e-05	3.6e-05	0.0101697
3.6e-05	4e-05	-0.0105765
3.6e-05	4.4e-05	-0.0300934
3.6e-05	4.8e-05	-0.0464461
3.6e-05	5.2e-05	-0.0580468
3.6e-05	5.6e-05	-0.0638019
3.6e-05	6e-05	-0.0632052
3.6e-05	6.4e-05	-0.0563718
3.6e-05	6.8e-05	-0.0440141
3.6e-05	7.2e-05	-0.0273648
3.6e-05	7.6e-05	-0.00805635
4e-05	-8e-05	0.0120332
4e-05	-7.6e-05	0.0309535
4e-05	-7.2e-05	0.0468616
4e-05	-6.8e-05	0.0581929
4e-05	-6.4e-05	0.0638098
4e-05	-6e-05	0.0631148
4e-05	-5.6e-05	0.0561179
4e-05	-5.2e-05	0.0434492
4e-05	-4.8e-05	0.0263128
4e-05	-4.4e-05	0.0063818
4e-05	-4e-05	-0.0143587
4e-05	-3.6e-05	-0.0338093
4e-05	-3.2e-05	-0.0499749
4e-05	-2.8e-05	-0.0611808
4e-05	-2.4e-05	-0.0662604
4e-05	-2e-05	-0.0646906
4e-05	-1.6e-05	-0.0566545
4e-05	-1.2e-05	-0.0430217
4e-05	-8e-06	-0.0252473
4e-05	-4e-06	-0.00520141
4e-05	0	0.0150479
4e-05	4e-06	0.0334684
4e-05	8e-06	0.0482835
4e-05	1.2e-05	0.0581498
4e-05	1.6e-05	0.0622724
4e-05	2e-05	0.0604492
4e-05	2.4e-05	0.0530466
4e-05	2.8e-05	0.0409177
4e-05	3.2e-05	0.0252843
4e-05	3.6e-05	0.00760019
4e-05	4e-05	-0.0105838
4e-05	4.4e-05	-0.027741
4e-05	4.8e-05	-0.0424706
4e-05	5.2e-05	-0.0535811
4e-05	5.6e-05	-0.0601594
4e-05	6e-05	-0.0616291
4e-05	6.4e-05	-0.0578031
4e-05	6.8e-05	-0.0489229
4e-05	7.2e-05	-0.0356799
4e-05	7.6e-05	-0.0192023
4.4e-05	-8e-05	-0.00099675
4.4e-05	-7.6e-05	0.0171635
4.4e-05	-7.2e-05	0.0334045
4.4e-05	-6.8e-05	0.045955
4.4e-05	-6.4e-05	0.0533637
4.4e-05	-6e-05	0.0546988
4.4e-05	-5.6e-05	0.0496947
4.4e-05	-5.2e-05	0.0388222
4.4e-05	-4.8e-05	0.0232626
4.4e-05	-4.4e-05	0.00478434
4.4e-05	-4e-05	-0.0144666
4.4e-05	-3.6e-05	-0.0322344
4.4e-05	-3.2e-05	-0.0464436
4.4e-05	-2.8e-05	-0.0554686
4.4e-05	-2.4e-05	-0.0583416
4.4e-05	-2e-05	-0.0548688
4.4e-05	-1.6e-05	-0.045635
4.4e-05	-1.2e-05	-0.0318993
4.4e-05	-8e-06	-0.0153989
4.4e-05	-4e-06	0.00190462
4.4e-05	0	0.0180958
4.4e-05	4e-06	0.0315468
4.4e-05	8e-06	0.0410954
4.4e-05	1.2e-05	0.0461349
4.4e-05	1.6e-05	0.0466107
4.4e-05	2e-05	0.0429361
4.4e-05	2.4e-05	0.0358534
4.4e-05	2.8e-05	0.0262743
4.4e-05	3.2e-05	0.0151358
4.4e-05	3.6e-05	0.00329703
4.4e-05	4e-05	-0.00850776
4.4e-05	4.4e-05	-0.0196637
4.4e-05	4.8e-05	-0.029633
4.4e-05	5.2e-05	-0.0379017
4.4e-05	5.6e-05	-0.043946
4.4e-05	6e-05	-0.0472376
4.4e-05	6.4e-05	-0.0473015
4.4e-05	6.8e-05	-0.0438174
4.4e-05	7.2e-05	-0.0367442
4.4e-05	7.6e-05	-0.0264329
4.8e-05	-8e-05	-0.0136886
4.8e-05	-7.6e-05	0.000248966
4.8e-05	-7.2e-05	0.0138213
4.8e-05	-6.8e-05	0.0253536
4.8e-05	-6.4e-05	0.0333092
4.8e-05	-6e-05	0.0365472
4.8e-05	-5.6e-05	0.0345357
4.8e-05	-5.2e-05	0.0274733
4.8e-05	-4.8e-05	0.016295
4.8e-05	-4.4e-05	0.00255352
4.8e-05	-4e-05	-0.0118063
4.8e-05	-3.6e-05	-0.0247452
4.8e-05	-3.2e-05	-0.034448
4.8e-05	-2.8e-05	-0.0396075
4.8e-05	-2.4e-05	-0.0396236
4.8e-05	-2e-05	-0.0346834
4.8e-05	-1.6e-05	-0.0257064
4.8e-05	-1.2e-05	-0.0141671
4.8e-05	-8e-06	-0.00182844
4.8e-05	-4e-06	0.00956331
4.8e-05	0	0.0185659
4.8e-05	4e-06	0.0242569
4.8e-05	8e-06	0.0263397
4.8e-05	1.2e-05	0.0251258
4.8e-05	1.6e-05	0.0214016
4.8e-05	2e-05	0.0162133
4.8e-05	2.4e-05	0.0106202
4.8e-05	2.8e-05	0.00546897
4.8e-05	3.2e-05	0.00123936
4.8e-05	3.6e-05	-0.002009
4.8e-05	4e-05	-0.00458028
4.8e-05	4.4e-05	-0.00699457
4.8e-05	4.8e-05	-0.00978742
4.8e-05	5.2e-05	-0.0133084
4.8e-05	5.6e-05	-0.0175706
4.8e-05	6e-05	-0.0221919
4.8e-05	6.4e-05	-0.0264472
4.8e-05	6.8e-05	-0.029424
4.8e-05	7.2e-05	-0.0302485
4.8e-05	7.6e-05	-0.0283287
5.2e-05	-8e-05	-0.0235508
5.2e-05	-7.6e-05	-0.0163736
5.2e-05	-7.2e-05	-0.00778376
5.2e-05	-6.8e-05	0.000878344
5.2e-05	-6.4e-05	0.00818325
5.2e-05	-6e-05	0.012905
5.2e-05	-5.6e-05	0.0142785
5.2e-05	-5.2e-05	0.0121666
5.2e-05	-4.8e-05	0.00710166
5.2e-05	-4.4e-05	0.000190645
5.2e-05	-4e-05	-0.0070972
5.2e-05	-3.6e-05	-0.0132201
5.2e-05	-3.2e-05	-0.0168724
5.2e-05	-2.8e-05	-0.01725
5.2e-05	-2.4e-05	-0.0142174
5.2e-05	-2e-05	-0.00834227
5.2e-05	-1.6e-05	-0.000785658
5.2e-05	-1.2e-05	0.00692921
5.2e-05	-8e-06	0.0132263
5.2e-05	-4e-06	0.0168007
5.2e-05	0	0.0168917
5.2e-05	4e-06	0.0134466
5.2e-05	8e-06	0.00713993
5.2e-05	1.2e-05	-0.00075683
5.2e-05	1.6e-05	-0.00863292
5.2e-05	2e-05	-0.0148693
5.2e-05	2.4e-05	-0.0181759
5.2e-05	2.8e-05	-0.0178652
5.2e-05	3.2e-05	-0.0140025
5.2e-05	3.6e-05	-0.00740171
5.2e-05	4e-05	0.000536233
5.2e-05	4.4e-05	0.00810869
5.2e-05	4.8e-05	0.0136625
5.2e-05	5.2e-05	0.0159372
5.2e-05	5.6e-05	0.0143275
5.2e-05	6e-05	0.00900938
5.2e-05	6.4e-05	0.000900741
5.2e-05	6.8e-05	-0.00853587
5.2e-05	7.2e-05	-0.0176079
5.2e-05	7.6e-05	-0.0247573
5.6e-05	-8e-05	-0.0288915
5.6e-05	-7.6e-05	-0.0295968
5.6e-05	-7.2e-05	-0.0271736
5.6e-05	-6.8e-05	-0.0224979
5.6e-05	-6.4e-05	-0.0167643
5.6e-05	-6e-05	-0.0111814
5.6e-05	-5.6e-05	-0.00668948
5.6e-05	-5.2e-05	-0.00376238
5.6e-05	-4.8e-05	-0.00233261
5.6e-05	-4.4e-05	-0.00185142
5.6e-05	-4e-05	-0.00146738
5.6e-05	-3.6e-05	-0.000280566
5.6e-05	-3.2e-05	0.00238676
5.6e-05	-2.8e-05	0.00676678
5.6e-05	-2.4e-05	0.0125242
5.6e-05	-2e-05	0.018769
5.6e-05	-1.6e-05	0.0242077
5.6e-05	-1.2e-05	0.027407
5.6e-05	-8e-06	0.0271167
5.6e-05	-4e-06	0.0225842
5.6e-05	0	0.0137897
5.6e-05	4e-06	0.00154605
5.6e-05	8e-06	-0.0125679
5.6e-05	1.2e-05	-0.0264377
5.6e-05	1.6e-05	-0.0377702
5.6e-05	2e-05	-0.0445119
5.6e-05	2.4e-05	-0.045248
5.6e-05	2.8e-05	-0.0395011
5.6e-05	3.2e-05	-0.0278675
5.6e-05	3.6e-05	-0.0119564
5.6e-05	4e-05	0.00586064
5.6e-05	4.4e-05	0.0228477
5.6e-05	4.8e-05	0.0363765
5.6e-05	5.2e-05	0.0443835
5.6e-05	5.6e-05	0.0457235
5.6e-05	6e-05	0.0403536
5.6e-05	6.4e-05	0.029312
5.6e-05	6.8e-05	0.0144961
5.6e-05	7.2e-05	-0.0017154
5.6e-05	7.6e-05	-0.0169255
6e-05	-8e-05	-0.0291704
6e-05	-7.6e-05	-0.0372509
6e-05	-7.2e-05	-0.0408304
6e-05	-6.8e-05	-0.0403203
6e-05	-6.4e-05	-0.0366347
6e-05	-6e-05	-0.030891
6e-05	-5.6e-05	-0.0241267
6e-05	-5.2e-05	-0.0170884
6e-05	-4.8e-05	-0.0101328
6e-05	-4.4e-05	-0.00325227
6e-05	-4e-05	0.00379091
6e-05	-3.6e-05	0.0112609
6e-05	-3.2e-05	0.0192319
6e-05	-2.8e-05	0.0274175
6e-05	-2.4e-05	0.035098
6e-05	-2e-05	0.0411707
6e-05	-1.6e-05	0.0443265
6e-05	-1.2e-05	0.04332
6e-05	-8e-06	0.0372804
6e-05	-4e-06	0.0259927
6e-05	0	0.0100844
6e-05	4e-06	-0.00893848
6e-05	8e-06	-0.0288265
6e-05	1.2e-05	-0.0468865
6e-05	1.6e-05	-0.0603984
6e-05	2e-05	-0.0670791
6e-05	2.4e-05	-0.0655056
6e-05	2.8e-05	-0.0554155
6e-05	3.2e-05	-0.0378205
6e-05	3.6e-05	-0.0149032
6e-05	4e-05	0.0102928
6e-05	4.4e-05	0.0343304
6e-05	4.8e-05	0.0539222
6e-05	5.2e-05	0.0664537
6e-05	5.6e-05	0.0703924
6e-05	6e-05	0.0655106
6e-05	6.4e-05	0.0528833
6e-05	6.8e-05	0.0346638
6e-05	7.2e-05	0.0136798
6e-05	7.6e-05	-0.00708503
6.4e-05	-8e-05	-0.0250413
6.4e-05	-7.6e-05	-0.038459
6.4e-05	-7.2e-05	-0.0465777
6.4e-05	-6.8e-05	-0.0494691
6.4e-05	-6.4e-05	-0.047797
6.4e-05	-6e-05	-0.0425431
6.4e-05	-5.6e-05	-0.0347478
6.4e-05	-5.2e-05	-0.0253098
6.4e-05	-4.8e-05	-0.0148801
6.4e-05	-4.4e-05	-0.00386
6.4e-05	-4e-05	0.00750829
6.4e-05	-3.6e-05	0.0189922
6.4e-05	-3.2e-05	0.0302104
6.4e-05	-2.8e-05	0.0405162
6.4e-05	-2.4e-05	0.0489651
6.4e-05	-2e-05	0.0543902
6.4e-05	-1.6e-05	0.055581
6.4e-05	-1.2e-05	0.0515356
6.4e-05	-8e-06	0.0417362
6.4e-05	-4e-06	0.0263834
6.4e-05	0	0.00652997
6.4e-05	4e-06	-0.015931
6.4e-05	8e-06	-0.0384418
6.4e-05	1.2e-05	-0.0581045
6.4e-05	1.6e-05	-0.0721083
6.4e-05	2e-05	-0.0781877
6.4e-05	2.4e-05	-0.0750295
6.4e-05	2.8e-05	-0.0625495
6.4e-05	3.2e-05	-0.0419811
6.4e-05	3.6e-05	-0.0157492
6.4e-05	4e-05	0.0128585
6.4e-05	4.4e-05	0.0401701
6.4e-05	4.8e-05	0.0626819
6.4e-05	5.2e-05	0.0775875
6.4e-05	5.6e-05	0.0831951
6.4e-05	6e-05	0.0791613
6.4e-05	6.4e-05	0.0665057
6.4e-05	6.8e-05	0.0474093
6.4e-05	7.2e-05	0.0248356
6.4e-05	7.6e-05	0.002029
6.8e-05	-8e-05	-0.0180916
6.8e-05	-7.6e-05	-0.0336638
6.8e-05	-7.2e-05	-0.0438644
6.8e-05	-6.8e-05	-0.0486436
6.8e-05	-6.4e-05	-0.0484946
6.8e-05	-6e-05	-0.0442344
6.8e-05	-5.6e-05	-0.0367999
6.8e-05	-5.2e-05	-0.027085
6.8e-05	-4.8e-05	-0.0158451
6.8e-05	-4.4e-05	-0.00368153
6.8e-05	-4e-05	0.00890354
6.8e-05	-3.6e-05	0.0214079
6.8e-05	-3.2e-05	0.0332234
6.8e-05	-2.8e-05	0.0435649
6.8e-05	-2.4e-05	0.0514662
6.8e-05	-2e-05	0.0558602
6.8e-05	-1.6e-05	0.0557378
6.8e-05	-1.2e-05	0.0503602
6.8e-05	-8e-06	0.0394803
6.8e-05	-4e-06	0.0235213
6.8e-05	0	0.00366412
6.8e-05	4e-06	-0.0181921
6.8e-05	8e-06	-0.0396081
6.8e-05	1.2e-05	-0.057906
6.8e-05	1.6e-05	-0.0705518
6.8e-05	2e-05	-0.0755565
6.8e-05	2.4e-05	-0.0718257
6.8e-05	2.8e-05	-0.05939
6.8e-05	3.2e-05	-0.0394682
6.8e-05	3.6e-05	-0.0143425
6.8e-05	4e-05	0.0129414
6.8e-05	4.4e-05	0.0390046
6.8e-05	4.8e-05	0.0606271
6.8e-05	5.2e-05	0.0752184
6.8e-05	5.6e-05	0.0811902
6.8e-05	6e-05	0.0781701
6.8e-05	6.4e-05	0.0670245
6.8e-05	6.8e-05	0.0496995
6.8e-05	7.2e-05	0.0289258
6.8e-05	7.6e-05	0.00786078
7.2e-05	-8e-05	-0.0103738
7.2e-05	-7.6e-05	-0.0243473
7.2e-05	-7.2e-05	-0.0336817
7.2e-05	-6.8e-05	-0.0384513
7.2e-05	-6.4e-05	-0.0390521
7.2e-05	-6e-05	-0.0361006
7.2e-05	-5.6e-05	-0.030318
7.2e-05	-5.2e-05	-0.0224254
7.2e-05	-4.8e-05	-0.0130771
7.2e-05	-4.4e-05	-0.00284269
7.2e-05	-4e-05	0.00776298
7.2e-05	-3.6e-05	0.0182211
7.2e-05	-3.2e-05	0.0279468
7.2e-05	-2.8e-05	0.0362512
7.2e-05	-2.4e-05	0.0423501
7.2e-05	-2e-05	0.0454306
7.2e-05	-1.6e-05	0.0447698
7.2e-05	-1.2e-05	0.0398875
7.2e-05	-8e-06	0.0307011
7.2e-05	-4e-06	0.017645
7.2e-05	0	0.00172049
7.2e-05	4e-06	-0.0155471
7.2e-05	8e-06	-0.0322525
7.2e-05	1.2e-05	-0.0463425
7.2e-05	1.6e-05	-0.0559028
7.2e-05	2e-05	-0.0594566
7.2e-05	2.4e-05	-0.0562191
7.2e-05	2.8e-05	-0.0462635
7.2e-05	3.2e-05	-0.0305604
7.2e-05	3.6e-05	-0.0108791
7.2e-05	4e-05	0.0104417
7.2e-05	4.4e-05	0.0308175
7.2e-05	4.8e-05	0.0477868
7.2e-05	5.2e-05	0.0593637
7.2e-05	5.6e-05	0.0643174
7.2e-05	6e-05	0.0623323
7.2e-05	6.4e-05	0.054026
7.2e-05	6.8e-05	0.0408328
7.2e-05	7.2e-05	0.0248068
7.2e-05	7.6e-05	0.00855199
7.6e-05	-8e-05	-0.00386834
7.6e-05	-7.6e-05	-0.0125148
7.6e-05	-7.2e-05	-0.0181657
7.6e-05	-6.8e-05	-0.0211278
7.6e-05	-6.4e-05	-0.0216854
7.6e-05	-6e-05	-0.0201888
7.6e-05	-5.6e-05	-0.0170362
7.6e-05	-5.2e-05	-0.0126315
7.6e-05	-4.8e-05	-0.00735224
7.6e-05	-4.4e-05	-0.0015397
7.6e-05	-4e-05	0.00448861
7.6e-05	-3.6e-05	0.0104121
7.6e-05	-3.2e-05	0.0158787
7.6e-05	-2.8e-05	0.0204895
7.6e-05	-2.4e-05	0.0238068
7.6e-05	-2e-05	0.0253915
7.6e-05	-1.6e-05	0.0248665
7.6e-05	-1.2e-05	0.0219969
7.6e-05	-8e-06	0.0167694
7.6e-05	-4e-06	0.00945159
7.6e-05	0	0.000614331
7.6e-05	4e-06	-0.00889529
7.6e-05	8e-06	-0.0180343
7.6e-05	1.2e-05	-0.0256896
7.6e-05	1.6e-05	-0.0308321
7.6e-05	2e-05	-0.0326751
7.6e-05	2.4e-05	-0.0308092
7.6e-05	2.8e-05	-0.0252886
7.6e-05	3.2e-05	-0.01665
7.6e-05	3.6e-05	-0.00585805
7.6e-05	4e-05	0.00581848
7.6e-05	4.4e-05	0.0169804
7.6e-05	4.8e-05	0.0262954
7.6e-05	5.2e-05	0.0326868
7.6e-05	5.6e-05	0.0354823
7.6e-05	6e-05	0.0344975
7.6e-05	6.4e-05	0.0300375
7.6e-05	6.8e-05	0.0227992
7.6e-05	7.2e-05	0.0136265
7.6e-05	7.6e-05	0.00289548
