-8e-05	-8e-05	-1.97082e-15
-8e-05	-7.6e-05	-8.36831e-16
-8e-05	-7.2e-05	2.08283e-15
-8e-05	-6.8e-05	9.6863e-16
-8e-05	-6.4e-05	-8.53433e-16
-8e-05	-6e-05	1.17829e-16
-8e-05	-5.6e-05	-1.3395e-15
-8e-05	-5.2e-05	6.37885e-17
-8e-05	-4.8e-05	-1.46191e-15
-8e-05	-4.4e-05	2.54392e-17
-8e-05	-4e-05	3.51344e-16
-8e-05	-3.6e-05	1.21298e-17
-8e-05	-3.2e-05	-5.64149e-16
-8e-05	-2.8e-05	2.6252e-17
-8e-05	-2.4e-05	3.79498e-16
-8e-05	-2e-05	3.46712e-18
-8e-05	-1.6e-05	-1.28339e-16
-8e-05	-1.2e-05	1.8633e-17
-8e-05	-8e-06	1.64799e-16
-8e-05	-4e-06	1.56635e-17
-8e-05	0	-1.69337e-16
-8e-05	4e-06	7.74693e-18
-8e-05	8e-06	1.90673e-16
-8e-05	1.2e-05	-9.92598e-19
-8e-05	1.6e-05	-1.33764e-16
-8e-05	2e-05	1.76443e-17
-8e-05	2.4e-05	-1.04119e-16
-8e-05	2.8e-05	-8.15866e-18
-8e-05	3.2e-05	-5.55895e-17
-8e-05	3.6e-05	-3.52902e-17
-8e-05	4e-05	-6.22786e-17
-8e-05	4.4e-05	-2.27636e-17
-8e-05	4.8e-05	6.16086e-17
-8e-05	5.2e-05	-8.8744e-17
-8e-05	5.6e-05	4.73095e-17
-8e-05	6e-05	7.71237e-17
-8e-05	6.4e-05	3.74032e-16
-8e-05	6.8e-05	-1.76027e-15
-8e-05	7.2e-05	8.32876e-16
-8e-05	7.6e-05	-9.39728e-16
-7.6e-05	-8e-05	-9.22902e-16
-7.6e-05	-7.6e-05	-3.86811e-15
-7.6e-05	-7.2e-05	5.5881e-16
-7.6e-05	-6.8e-05	6.61439e-16
-7.6e-05	-6.4e-05	6.75467e-16
-7.6e-05	-6e-05	1.04211e-14
-7.6e-05	-5.6e-05	-5.43787e-17
-7.6e-05	-5.2e-05	6.28383e-15
-7.6e-05	-4.8e-05	1.5317e-16
-7.6e-05	-4.4e-05	2.71619e-15
-7.6e-05	-4e-05	1.7385e-18
-7.6e-05	-3.6e-05	-2.22428e-15
-7.6e-05	-3.2e-05	-2.35834e-16
-7.6e-05	-2.8e-05	-2.58058e-16
-7.6e-05	-2.4e-05	2.7089e-16
-7.6e-05	-2e-05	4.65157e-16
-7.6e-05	-1.6e-05	8.07821e-17
-7.6e-05	-1.2e-05	-2.10087e-17
-7.6e-05	-8e-06	-5.30564e-17
-7.6e-05	-4e-06	2.73175e-16
-7.6e-05	0	1.64646e-16
-7.6e-05	4e-06	-2.40832e-17
-7.6e-05	8e-06	5.50953e-17
-7.6e-05	1.2e-05	2.84574e-17
-7.6e-05	1.6e-05	-7.5406e-18
-7.6e-05	2e-05	-2.90282e-17
-7.6e-05	2.4e-05	-2.70037e-17
-7.6e-05	2.8e-05	4.09666e-17
-7.6e-05	3.2e-05	-9.62939e-17
-7.6e-05	3.6e-05	5.09827e-17
-7.6e-05	4e-05	-4.22439e-17
-7.6e-05	4.4e-05	2.94368e-17
-7.6e-05	4.8e-05	-1.42604e-16
-7.6e-05	5.2e-05	5.4454e-17
-7.6e-05	5.6e-05	-7.90776e-17
-7.6e-05	6e-05	4.85491e-18
-7.6e-05	6.4e-05	-3.78625e-16
-7.6e-05	6.8e-05	4.63893e-16
-7.6e-05	7.2e-05	-4.45239e-16
-7.6e-05	7.6e-05	1.1731e-15
-7.2e-05	-8e-05	-4.61699e-16
-7.2e-05	-7.6e-05	1.56268e-15
-7.2e-05	-7.2e-05	-5.76731e-16
-7.2e-05	-6.8e-05	1.13746e-15
-7.2e-05	-6.4e-05	-8.35303e-16
-7.2e-05	-6e-05	1.38597e-16
-7.2e-05	-5.6e-05	1.93222e-17
-7.2e-05	-5.2e-05	4.45115e-17
-7.2e-05	-4.8e-05	-4.36923e-16
-7.2e-05	-4.4e-05	1.3554e-16
-7.2e-05	-4e-05	-1.31678e-17
-7.2e-05	-3.6e-05	3.48624e-17
-7.2e-05	-3.2e-05	-1.91926e-16
-7.2e-05	-2.8e-05	1.14128e-16
-7.2e-05	-2.4e-05	-3.0655e-17
-7.2e-05	-2e-05	-4.77182e-17
-7.2e-05	-1.6e-05	-3.39551e-17
-7.2e-05	-1.2e-05	3.53921e-17
-7.2e-05	-8e-06	-3.15029e-17
-7.2e-05	-4e-06	9.61429e-18
-7.2e-05	0	6.21447e-17
-7.2e-05	4e-06	8.75605e-17
-7.2e-05	8e-06	4.77746e-17
-7.2e-05	1.2e-05	3.15154e-17
-7.2e-05	1.6e-05	1.7259e-17
-7.2e-05	2e-05	-1.02262e-17
-7.2e-05	2.4e-05	3.07954e-18
-7.2e-05	2.8e-05	-6.74266e-17
-7.2e-05	3.2e-05	6.89886e-17
-7.2e-05	3.6e-05	-1.15131e-16
-7.2e-05	4e-05	3.00638e-17
-7.2e-05	4.4e-05	-6.89739e-17
-7.2e-05	4.8e-05	1.09863e-16
-7.2e-05	5.2e-05	-2.54525e-16
-7.2e-05	5.6e-05	2.00329e-17
-7.2e-05	6e-05	-2.39613e-16
-7.2e-05	6.4e-05	1.04134e-16
-7.2e-05	6.8e-05	-5.63483e-16
-7.2e-05	7.2e-05	7.71269e-16
-7.2e-05	7.6e-05	-6.13646e-16
-6.8e-05	-8e-05	1.37053e-15
-6.8e-05	-7.6e-05	-6.72986e-16
-6.8e-05	-7.2e-05	1.23934e-15
-6.8e-05	-6.8e-05	-8.7707e-16
-6.8e-05	-6.4e-05	3.05132e-16
-6.8e-05	-6e-05	-4.99144e-16
-6.8e-05	-5.6e-05	-2.04465e-16
-6.8e-05	-5.2e-05	-3.9716e-16
-6.8e-05	-4.8e-05	3.16496e-16
-6.8e-05	-4.4e-05	-1.40104e-16
-6.8e-05	-4e-05	-3.98506e-17
-6.8e-05	-3.6e-05	-1.81868e-16
-6.8e-05	-3.2e-05	1.23883e-16
-6.8e-05	-2.8e-05	-1.04896e-16
-6.8e-05	-2.4e-05	9.17419e-18
-6.8e-05	-2e-05	-3.80004e-17
-6.8e-05	-1.6e-05	3.56541e-17
-6.8e-05	-1.2e-05	-8.76565e-17
-6.8e-05	-8e-06	-2.01953e-17
-6.8e-05	-4e-06	9.19178e-17
-6.8e-05	0	1.1865e-16
-6.8e-05	4e-06	5.57497e-17
-6.8e-05	8e-06	5.42513e-17
-6.8e-05	1.2e-05	4.42018e-17
-6.8e-05	1.6e-05	3.33182e-17
-6.8e-05	2e-05	-5.46307e-17
-6.8e-05	2.4e-05	-9.8611e-17
-6.8e-05	2.8e-05	5.36758e-17
-6.8e-05	3.2e-05	-1.25132e-16
-6.8e-05	3.6e-05	7.9636e-17
-6.8e-05	4e-05	-1.04092e-16
-6.8e-05	4.4e-05	2.20071e-17
-6.8e-05	4.8e-05	-1.91139e-16
-6.8e-05	5.2e-05	1.65991e-16
-6.8e-05	5.6e-05	-1.75541e-16
-6.8e-05	6e-05	-7.55526e-17
-6.8e-05	6.4e-05	-4.58346e-16
-6.8e-05	6.8e-05	9.78587e-17
-6.8e-05	7.2e-05	-9.27974e-16
-6.8e-05	7.6e-05	6.57281e-16
-6.4e-05	-8e-05	-1.13031e-15
-6.4e-05	-7.6e-05	8.17133e-16
-6.4e-05	-7.2e-05	-1.24428e-15
-6.4e-05	-6.8e-05	2.09874e-16
-6.4e-05	-6.4e-05	-8.26173e-16
-6.4e-05	-6e-05	-3.62057e-16
-6.4e-05	-5.6e-05	1.1108e-16
-6.4e-05	-5.2e-05	3.29038e-16
-6.4e-05	-4.8e-05	-5.49795e-16
-6.4e-05	-4.4e-05	-3.17053e-18
-6.4e-05	-4e-05	-6.30329e-17
-6.4e-05	-3.6e-05	1.29303e-16
-6.4e-05	-3.2e-05	-2.69504e-16
-6.4e-05	-2.8e-05	1.49977e-16
-6.4e-05	-2.4e-05	-6.38546e-17
-6.4e-05	-2e-05	-7.9135e-17
-6.4e-05	-1.6e-05	-7.48969e-17
-6.4e-05	-1.2e-05	1.54875e-17
-6.4e-05	-8e-06	2.18595e-17
-6.4e-05	-4e-06	6.76951e-17
-6.4e-05	0	9.34263e-17
-6.4e-05	4e-06	9.80245e-17
-6.4e-05	8e-06	9.78125e-17
-6.4e-05	1.2e-05	5.46128e-17
-6.4e-05	1.6e-05	-1.08639e-17
-6.4e-05	2e-05	-6.05588e-17
-6.4e-05	2.4e-05	6.6342e-18
-6.4e-05	2.8e-05	-1.03295e-16
-6.4e-05	3.2e-05	9.82299e-17
-6.4e-05	3.6e-05	-1.90696e-16
-6.4e-05	4e-05	8.24137e-17
-6.4e-05	4.4e-05	-6.26182e-17
-6.4e-05	4.8e-05	8.82122e-17
-6.4e-05	5.2e-05	-4.4947e-16
-6.4e-05	5.6e-05	2.33573e-16
-6.4e-05	6e-05	-9.65881e-17
-6.4e-05	6.4e-05	-7.79892e-17
-6.4e-05	6.8e-05	-2.495e-16
-6.4e-05	7.2e-05	-6.08948e-17
-6.4e-05	7.6e-05	-6.34763e-16
-6e-05	-8e-05	1.02962e-16
-6e-05	-7.6e-05	-7.08795e-16
-6e-05	-7.2e-05	-1.01477e-16
-6e-05	-6.8e-05	-2.68815e-16
-6e-05	-6.4e-05	-3.08895e-16
-6e-05	-6e-05	2.76604e-16
-6e-05	-5.6e-05	3.84632e-16
-6e-05	-5.2e-05	-1.10627e-15
-6e-05	-4.8e-05	2.14299e-16
-6e-05	-4.4e-05	1.233e-16
-6e-05	-4e-05	1.50755e-17
-6e-05	-3.6e-05	-3.56068e-16
-6e-05	-3.2e-05	1.62088e-16
-6e-05	-2.8e-05	-1.44074e-17
-6e-05	-2.4e-05	-6.36799e-17
-6e-05	-2e-05	-1.11345e-16
-6e-05	-1.6e-05	9.08224e-17
-6e-05	-1.2e-05	-1.25938e-16
-6e-05	-8e-06	-3.3825e-17
-6e-05	-4e-06	1.19805e-16
-6e-05	0	1.93464e-16
-6e-05	4e-06	8.61683e-17
-6e-05	8e-06	8.67051e-17
-6e-05	1.2e-05	6.10049e-17
-6e-05	1.6e-05	5.0851e-17
-6e-05	2e-05	1.44183e-18
-6e-05	2.4e-05	-1.824e-16
-6e-05	2.8e-05	6.29572e-17
-6e-05	3.2e-05	-9.67385e-17
-6e-05	3.6e-05	1.21564e-16
-6e-05	4e-05	-2.14616e-16
-6e-05	4.4e-05	2.60951e-17
-6e-05	4.8e-05	2.85745e-18
-6e-05	5.2e-05	1.1947e-16
-6e-05	5.6e-05	-6.66704e-16
-6e-05	6e-05	2.77535e-16
-6e-05	6.4e-05	-3.96284e-16
-6e-05	6.8e-05	3.88113e-17
-6e-05	7.2e-05	-2.37885e-16
-6e-05	7.6e-05	-8.47432e-17
-5.6e-05	-8e-05	-2.32183e-16
-5.6e-05	-7.6e-05	-1.21463e-16
-5.6e-05	-7.2e-05	-1.86694e-16
-5.6e-05	-6.8e-05	-4.89313e-17
-5.6e-05	-6.4e-05	-3.80034e-16
-5.6e-05	-6e-05	4.28952e-16
-5.6e-05	-5.6e-05	-1.3423e-15
-5.6e-05	-5.2e-05	2.7733e-16
-5.6e-05	-4.8e-05	2.98944e-16
-5.6e-05	-4.4e-05	-1.29341e-16
-5.6e-05	-4e-05	-3.92436e-16
-5.6e-05	-3.6e-05	2.7149e-16
-5.6e-05	-3.2e-05	-1.06562e-16
-5.6e-05	-2.8e-05	1.02661e-16
-5.6e-05	-2.4e-05	-8.94774e-17
-5.6e-05	-2e-05	6.86271e-19
-5.6e-05	-1.6e-05	-1.87737e-16
-5.6e-05	-1.2e-05	-3.86041e-17
-5.6e-05	-8e-06	9.79698e-17
-5.6e-05	-4e-06	1.98622e-16
-5.6e-05	0	5.88083e-17
-5.6e-05	4e-06	1.05817e-16
-5.6e-05	8e-06	1.90434e-16
-5.6e-05	1.2e-05	1.54168e-16
-5.6e-05	1.6e-05	-2.87161e-17
-5.6e-05	2e-05	-1.07239e-16
-5.6e-05	2.4e-05	5.96738e-17
-5.6e-05	2.8e-05	-1.04881e-16
-5.6e-05	3.2e-05	5.15579e-17
-5.6e-05	3.6e-05	-1.29077e-16
-5.6e-05	4e-05	1.834e-16
-5.6e-05	4.4e-05	-2.70501e-16
-5.6e-05	4.8e-05	1.88495e-17
-5.6e-05	5.2e-05	4.64737e-17
-5.6e-05	5.6e-05	1.50958e-16
-5.6e-05	6e-05	-5.85527e-16
-5.6e-05	6.4e-05	3.31935e-16
-5.6e-05	6.8e-05	-7.36573e-16
-5.6e-05	7.2e-05	2.67916e-16
-5.6e-05	7.6e-05	-7.12157e-16
-5.2e-05	-8e-05	2.29036e-16
-5.2e-05	-7.6e-05	-7.50594e-16
-5.2e-05	-7.2e-05	2.98321e-16
-5.2e-05	-6.8e-05	-9.2188e-16
-5.2e-05	-6.4e-05	4.85216e-16
-5.2e-05	-6e-05	-9.95023e-16
-5.2e-05	-5.6e-05	2.68836e-16
-5.2e-05	-5.2e-05	3.30554e-16
-5.2e-05	-4.8e-05	-1.29749e-16
-5.2e-05	-4.4e-05	-4.42235e-16
-5.2e-05	-4e-05	3.23098e-16
-5.2e-05	-3.6e-05	-3.01989e-16
-5.2e-05	-3.2e-05	5.4592e-17
-5.2e-05	-2.8e-05	6.1733e-17
-5.2e-05	-2.4e-05	-1.01202e-16
-5.2e-05	-2e-05	-2.3625e-16
-5.2e-05	-1.6e-05	1.34345e-16
-5.2e-05	-1.2e-05	-9.74522e-17
-5.2e-05	-8e-06	1.83823e-17
-5.2e-05	-4e-06	1.47584e-16
-5.2e-05	0	2.06544e-16
-5.2e-05	4e-06	1.70459e-16
-5.2e-05	8e-06	1.53641e-16
-5.2e-05	1.2e-05	3.02398e-17
-5.2e-05	1.6e-05	5.85866e-17
-5.2e-05	2e-05	9.36226e-17
-5.2e-05	2.4e-05	-2.65233e-16
-5.2e-05	2.8e-05	5.81078e-17
-5.2e-05	3.2e-05	-1.87697e-17
-5.2e-05	3.6e-05	1.10624e-17
-5.2e-05	4e-05	-1.65286e-16
-5.2e-05	4.4e-05	1.55864e-16
-5.2e-05	4.8e-05	-3.32982e-16
-5.2e-05	5.2e-05	-6.97925e-18
-5.2e-05	5.6e-05	-1.97802e-17
-5.2e-05	6e-05	9.04927e-17
-5.2e-05	6.4e-05	-3.14094e-16
-5.2e-05	6.8e-05	2.93238e-16
-5.2e-05	7.2e-05	-6.06442e-16
-5.2e-05	7.6e-05	3.79452e-16
-4.8e-05	-8e-05	-7.25117e-16
-4.8e-05	-7.6e-05	4.15559e-16
-4.8e-05	-7.2e-05	-7.16081e-16
-4.8e-05	-6.8e-05	3.79804e-16
-4.8e-05	-6.4e-05	-4.31743e-16
-4.8e-05	-6e-05	1.1662e-16
-4.8e-05	-5.6e-05	1.96493e-16
-4.8e-05	-5.2e-05	-1.42838e-16
-4.8e-05	-4.8e-05	-5.23301e-16
-4.8e-05	-4.4e-05	2.72873e-16
-4.8e-05	-4e-05	-3.8785e-16
-4.8e-05	-3.6e-05	9.66092e-17
-4.8e-05	-3.2e-05	9.34993e-17
-4.8e-05	-2.8e-05	-5.9078e-17
-4.8e-05	-2.4e-05	-2.44346e-16
-4.8e-05	-2e-05	1.82806e-16
-4.8e-05	-1.6e-05	-2.58392e-16
-4.8e-05	-1.2e-05	-1.3308e-16
-4.8e-05	-8e-06	2.10149e-16
-4.8e-05	-4e-06	3.62277e-16
-4.8e-05	0	-4.53932e-18
-4.8e-05	4e-06	2.47762e-17
-4.8e-05	8e-06	3.00324e-16
-4.8e-05	1.2e-05	2.34675e-16
-4.8e-05	1.6e-05	-2.97884e-17
-4.8e-05	2e-05	-1.77323e-16
-4.8e-05	2.4e-05	1.60747e-16
-4.8e-05	2.8e-05	-1.88667e-16
-4.8e-05	3.2e-05	2.9485e-17
-4.8e-05	3.6e-05	7.26893e-18
-4.8e-05	4e-05	1.0443e-16
-4.8e-05	4.4e-05	-2.20742e-16
-4.8e-05	4.8e-05	2.0081e-16
-4.8e-05	5.2e-05	-3.73475e-16
-4.8e-05	5.6e-05	3.36558e-17
-4.8e-05	6e-05	-1.60477e-16
-4.8e-05	6.4e-05	-1.91515e-17
-4.8e-05	6.8e-05	-1.75563e-16
-4.8e-05	7.2e-05	3.46197e-17
-4.8e-05	7.6e-05	-2.65788e-16
-4.4e-05	-8e-05	9.21369e-17
-4.4e-05	-7.6e-05	-2.68923e-16
-4.4e-05	-7.2e-05	4.62309e-17
-4.4e-05	-6.8e-05	-1.47837e-16
-4.4e-05	-6.4e-05	-8.44214e-17
-4.4e-05	-6e-05	-6.67723e-17
-4.4e-05	-5.6e-05	-4.86109e-17
-4.4e-05	-5.2e-05	-5.2979e-16
-4.4e-05	-4.8e-05	3.24439e-16
-4.4e-05	-4.4e-05	-4.21188e-16
-4.4e-05	-4e-05	2.27355e-16
-4.4e-05	-3.6e-05	4.68851e-17
-4.4e-05	-3.2e-05	-9.86965e-17
-4.4e-05	-2.8e-05	-1.43796e-16
-4.4e-05	-2.4e-05	3.37412e-17
-4.4e-05	-2e-05	-2.60237e-16
-4.4e-05	-1.6e-05	8.68101e-17
-4.4e-05	-1.2e-05	3.70304e-17
-4.4e-05	-8e-06	1.60766e-16
-4.4e-05	-4e-06	8.97691e-17
-4.4e-05	0	1.80098e-16
-4.4e-05	4e-06	2.16282e-16
-4.4e-05	8e-06	2.38692e-16
-4.4e-05	1.2e-05	-3.99925e-18
-4.4e-05	1.6e-05	5.19247e-17
-4.4e-05	2e-05	1.64313e-16
-4.4e-05	2.4e-05	-1.96445e-16
-4.4e-05	2.8e-05	1.13401e-16
-4.4e-05	3.2e-05	-1.03668e-16
-4.4e-05	3.6e-05	-7.99229e-17
-4.4e-05	4e-05	-1.5822e-17
-4.4e-05	4.4e-05	7.22068e-17
-4.4e-05	4.8e-05	-2.29225e-16
-4.4e-05	5.2e-05	2.47351e-16
-4.4e-05	5.6e-05	-4.20542e-16
-4.4e-05	6e-05	1.98971e-16
-4.4e-05	6.4e-05	-3.42128e-16
-4.4e-05	6.8e-05	8.752e-17
-4.4e-05	7.2e-05	-2.82001e-16
-4.4e-05	7.6e-05	6.93172e-17
-4e-05	-8e-05	-2.47222e-16
-4e-05	-7.6e-05	6.79947e-17
-4e-05	-7.2e-05	-2.61005e-16
-4e-05	-6.8e-05	9.88221e-17
-4e-05	-6.4e-05	-3.71345e-16
-4e-05	-6e-05	2.20329e-16
-4e-05	-5.6e-05	-5.91134e-16
-4e-05	-5.2e-05	3.94492e-16
-4e-05	-4.8e-05	-4.13583e-16
-4e-05	-4.4e-05	1.77108e-16
-4e-05	-4e-05	-1.38364e-17
-4e-05	-3.6e-05	-2.47461e-16
-4e-05	-3.2e-05	-3.50975e-17
-4e-05	-2.8e-05	-1.96814e-17
-4e-05	-2.4e-05	-2.93765e-16
-4e-05	-2e-05	2.51644e-16
-4e-05	-1.6e-05	-1.7176e-16
-4e-05	-1.2e-05	-8.32786e-18
-4e-05	-8e-06	1.24715e-16
-4e-05	-4e-06	3.98412e-16
-4e-05	0	-7.51469e-17
-4e-05	4e-06	9.12544e-17
-4e-05	8e-06	1.71162e-16
-4e-05	1.2e-05	1.75609e-16
-4e-05	1.6e-05	8.76661e-17
-4e-05	2e-05	-1.17485e-16
-4e-05	2.4e-05	3.06419e-16
-4e-05	2.8e-05	-2.04362e-16
-4e-05	3.2e-05	8.72157e-17
-4e-05	3.6e-05	-9.02599e-17
-4e-05	4e-05	-5.47327e-17
-4e-05	4.4e-05	-6.29575e-18
-4e-05	4.8e-05	-1.86479e-18
-4e-05	5.2e-05	-1.80478e-16
-4e-05	5.6e-05	1.63104e-16
-4e-05	6e-05	-4.08073e-16
-4e-05	6.4e-05	2.20188e-16
-4e-05	6.8e-05	-4.82771e-16
-4e-05	7.2e-05	2.04095e-16
-4e-05	7.6e-05	-4.87382e-16
-3.6e-05	-8e-05	2.0095e-16
-3.6e-05	-7.6e-05	-5.19408e-16
-3.6e-05	-7.2e-05	2.18851e-16
-3.6e-05	-6.8e-05	-5.67602e-16
-3.6e-05	-6.4e-05	2.53254e-16
-3.6e-05	-6e-05	-5.65581e-16
-3.6e-05	-5.6e-05	2.60729e-16
-3.6e-05	-5.2e-05	-2.87855e-16
-3.6e-05	-4.8e-05	2.55158e-17
-3.6e-05	-4.4e-05	4.91155e-17
-3.6e-05	-4e-05	-1.97922e-16
-3.6e-05	-3.6e-05	-3.61632e-17
-3.6e-05	-3.2e-05	6.10365e-17
-3.6e-05	-2.8e-05	-3.47095e-16
-3.6e-05	-2.4e-05	1.6856e-16
-3.6e-05	-2e-05	-1.2145e-16
-3.6e-05	-1.6e-05	2.10292e-16
-3.6e-05	-1.2e-05	5.21623e-15
-3.6e-05	-8e-06	-9.09546e-15
-3.6e-05	-4e-06	1.18335e-14
-3.6e-05	0	-1.19097e-14
-3.6e-05	4e-06	9.8041e-15
-3.6e-05	8e-06	-5.33311e-15
-3.6e-05	1.2e-05	-2.16657e-16
-3.6e-05	1.6e-05	-7.67808e-17
-3.6e-05	2e-05	2.50433e-16
-3.6e-05	2.4e-05	-2.95648e-17
-3.6e-05	2.8e-05	1.57362e-16
-3.6e-05	3.2e-05	-1.53159e-16
-3.6e-05	3.6e-05	8.00275e-17
-3.6e-05	4e-05	-1.10363e-16
-3.6e-05	4.4e-05	-3.80651e-17
-3.6e-05	4.8e-05	4.84175e-18
-3.6e-05	5.2e-05	-2.26502e-18
-3.6e-05	5.6e-05	-6.16297e-17
-3.6e-05	6e-05	1.27603e-16
-3.6e-05	6.4e-05	-2.34417e-16
-3.6e-05	6.8e-05	2.01894e-16
-3.6e-05	7.2e-05	-3.4888e-16
-3.6e-05	7.6e-05	2.32616e-16
-3.2e-05	-8e-05	-4.11937e-16
-3.2e-05	-7.6e-05	2.63729e-16
-3.2e-05	-7.2e-05	-4.09985e-16
-3.2e-05	-6.8e-05	2.55771e-16
-3.2e-05	-6.4e-05	-3.11154e-16
-3.2e-05	-6e-05	1.81888e-16
-3.2e-05	-5.6e-05	-7.2179e-17
-3.2e-05	-5.2e-05	4.226e-18
-3.2e-05	-4.8e-05	8.54053e-17
-3.2e-05	-4.4e-05	-1.13599e-16
-3.2e-05	-4e-05	-1.15853e-16
-3.2e-05	-3.6e-05	1.56567e-17
-3.2e-05	-3.2e-05	-3.9007e-16
-3.2e-05	-2.8e-05	8.03773e-17
-3.2e-05	-2.4e-05	2.20268e-17
-3.2e-05	-2e-05	8.41326e-16
-3.2e-05	-1.6e-05	3.18073e-14
-3.2e-05	-1.2e-05	7.4845e-13
-3.2e-05	-8e-06	-1.39177e-12
-3.2e-05	-4e-06	1.74824e-12
-3.2e-05	0	-1.75621e-12
-3.2e-05	4e-06	1.42045e-12
-3.2e-05	8e-06	-8.17528e-13
-3.2e-05	1.2e-05	-3.47814e-14
-3.2e-05	1.6e-05	-4.65085e-16
-3.2e-05	2e-05	-6.09518e-17
-3.2e-05	2.4e-05	2.19471e-16
-3.2e-05	2.8e-05	1.20933e-16
-3.2e-05	3.2e-05	1.26276e-16
-3.2e-05	3.6e-05	-1.41717e-16
-3.2e-05	4e-05	1.16591e-17
-3.2e-05	4.4e-05	-1.77457e-16
-3.2e-05	4.8e-05	-7.16637e-17
-3.2e-05	5.2e-05	-7.69746e-17
-3.2e-05	5.6e-05	-6.96407e-17
-3.2e-05	6e-05	-3.80593e-17
-3.2e-05	6.4e-05	2.38602e-17
-3.2e-05	6.8e-05	-8.00211e-17
-3.2e-05	7.2e-05	1.17308e-16
-3.2e-05	7.6e-05	-1.25204e-16
-2.8e-05	-8e-05	1.42978e-16
-2.8e-05	-7.6e-05	-1.29136e-16
-2.8e-05	-7.2e-05	1.3316e-16
-2.8e-05	-6.8e-05	-1.08789e-16
-2.8e-05	-6.4e-05	4.61532e-17
-2.8e-05	-6e-05	-3.06052e-18
-2.8e-05	-5.6e-05	-1.00287e-16
-2.8e-05	-5.2e-05	-4.93195e-17
-2.8e-05	-4.8e-05	-1.90839e-16
-2.8e-05	-4.4e-05	-2.33897e-16
-2.8e-05	-4e-05	-6.19473e-17
-2.8e-05	-3.6e-05	-3.38367e-16
-2.8e-05	-3.2e-05	9.04637e-17
-2.8e-05	-2.8e-05	1.03403e-16
-2.8e-05	-2.4e-05	1.43429e-15
-2.8e-05	-2e-05	8.05542e-14
-2.8e-05	-1.6e-05	3.87603e-12
-2.8e-05	-1.2e-05	1.09989e-10
-2.8e-05	-8e-06	-2.04599e-10
-2.8e-05	-4e-06	2.57042e-10
-2.8e-05	0	-2.58263e-10
-2.8e-05	4e-06	2.08829e-10
-2.8e-05	8e-06	-1.20094e-10
-2.8e-05	1.2e-05	-4.22399e-12
-2.8e-05	1.6e-05	-8.79194e-14
-2.8e-05	2e-05	-1.06412e-15
-2.8e-05	2.4e-05	5.11489e-17
-2.8e-05	2.8e-05	1.62137e-16
-2.8e-05	3.2e-05	4.21941e-17
-2.8e-05	3.6e-05	2.01371e-16
-2.8e-05	4e-05	-9.98451e-17
-2.8e-05	4.4e-05	9.80785e-17
-2.8e-05	4.8e-05	-1.96171e-16
-2.8e-05	5.2e-05	-4.92071e-17
-2.8e-05	5.6e-05	-1.58967e-16
-2.8e-05	6e-05	-1.52795e-16
-2.8e-05	6.4e-05	-1.14852e-16
-2.8e-05	6.8e-05	-1.68989e-16
-2.8e-05	7.2e-05	-1.03604e-16
-2.8e-05	7.6e-05	-1.43534e-16
-2.4e-05	-8e-05	-1.01859e-16
-2.4e-05	-7.6e-05	-1.22164e-16
-2.4e-05	-7.2e-05	-9.1856e-17
-2.4e-05	-6.8e-05	-2.11631e-16
-2.4e-05	-6.4e-05	-1.09137e-16
-2.4e-05	-6e-05	-2.1893e-16
-2.4e-05	-5.6e-05	-1.82554e-16
-2.4e-05	-5.2e-05	-1.36108e-16
-2.4e-05	-4.8e-05	-2.70872e-16
-2.4e-05	-4.4e-05	9.43489e-17
-2.4e-05	-4e-05	-2.41753e-16
-2.4e-05	-3.6e-05	2.35569e-16
-2.4e-05	-3.2e-05	2.61276e-17
-2.4e-05	-2.8e-05	1.34521e-15
-2.4e-05	-2.4e-05	1.07658e-13
-2.4e-05	-2e-05	7.82078e-12
-2.4e-05	-1.6e-05	4.52767e-10
-2.4e-05	-1.2e-05	1.61741e-08
-2.4e-05	-8e-06	-3.00802e-08
-2.4e-05	-4e-06	3.77922e-08
-2.4e-05	0	-3.79725e-08
-2.4e-05	4e-06	3.07058e-08
-2.4e-05	8e-06	-1.76455e-08
-2.4e-05	1.2e-05	-4.93263e-10
-2.4e-05	1.6e-05	-8.51568e-12
-2.4e-05	2e-05	-1.17152e-13
-2.4e-05	2.4e-05	-1.22882e-15
-2.4e-05	2.8e-05	1.17582e-16
-2.4e-05	3.2e-05	9.24663e-17
-2.4e-05	3.6e-05	7.42487e-17
-2.4e-05	4e-05	1.24655e-16
-2.4e-05	4.4e-05	-8.72911e-17
-2.4e-05	4.8e-05	1.52647e-16
-2.4e-05	5.2e-05	-1.73424e-16
-2.4e-05	5.6e-05	1.12934e-16
-2.4e-05	6e-05	-1.77591e-16
-2.4e-05	6.4e-05	4.83925e-17
-2.4e-05	6.8e-05	-1.60177e-16
-2.4e-05	7.2e-05	-2.50295e-17
-2.4e-05	7.6e-05	-1.59557e-16
-2e-05	-8e-05	-6.90925e-17
-2e-05	-7.6e-05	-1.36633e-16
-2e-05	-7.2e-05	-6.16289e-17
-2e-05	-6.8e-05	-1.65846e-16
-2e-05	-6.4e-05	3.35125e-17
-2e-05	-6e-05	-2.20974e-16
-2e-05	-5.6e-05	1.16966e-16
-2e-05	-5.2e-05	-2.46174e-16
-2e-05	-4.8e-05	2.33945e-16
-2e-05	-4.4e-05	-1.9786e-16
-2e-05	-4e-05	1.26069e-16
-2e-05	-3.6e-05	-3.07297e-17
-2e-05	-3.2e-05	6.61304e-16
-2e-05	-2.8e-05	8.06135e-14
-2e-05	-2.4e-05	7.82226e-12
-2e-05	-2e-05	6.82849e-10
-2e-05	-1.6e-05	4.95709e-08
-2e-05	-1.2e-05	2.37853e-06
-2e-05	-8e-06	-4.4224e-06
-2e-05	-4e-06	5.55647e-06
-2e-05	0	-5.5831e-06
-2e-05	4e-06	4.51491e-06
-2e-05	8e-06	-2.5928e-06
-2e-05	1.2e-05	-5.39798e-08
-2e-05	1.6e-05	-7.43357e-10
-2e-05	2e-05	-8.51409e-12
-2e-05	2.4e-05	-8.75829e-14
-2e-05	2.8e-05	-5.11541e-16
-2e-05	3.2e-05	1.48769e-16
-2e-05	3.6e-05	1.01511e-16
-2e-05	4e-05	5.96805e-17
-2e-05	4.4e-05	3.04068e-17
-2e-05	4.8e-05	-8.76502e-17
-2e-05	5.2e-05	6.89e-17
-2e-05	5.6e-05	-1.88402e-16
-2e-05	6e-05	1.21493e-16
-2e-05	6.4e-05	-2.40428e-16
-2e-05	6.8e-05	1.33477e-16
-2e-05	7.2e-05	-2.4277e-16
-2e-05	7.6e-05	1.39315e-16
-1.6e-05	-8e-05	-2.99964e-16
-1.6e-05	-7.6e-05	1.45114e-16
-1.6e-05	-7.2e-05	-2.72435e-16
-1.6e-05	-6.8e-05	1.39869e-16
-1.6e-05	-6.4e-05	-3.05053e-16
-1.6e-05	-6e-05	1.41801e-16
-1.6e-05	-5.6e-05	-2.95709e-16
-1.6e-05	-5.2e-05	2.71095e-17
-1.6e-05	-4.8e-05	-1.85697e-16
-1.6e-05	-4.4e-05	-6.1233e-17
-1.6e-05	-4e-05	-1.68603e-17
-1.6e-05	-3.6e-05	1.77873e-16
-1.6e-05	-3.2e-05	3.20812e-14
-1.6e-05	-2.8e-05	3.87841e-12
-1.6e-05	-2.4e-05	4.5298e-10
-1.6e-05	-2e-05	4.95856e-08
-1.6e-05	-1.6e-05	4.81967e-06
-1.6e-05	-1.2e-05	0.000349798
-1.6e-05	-8e-06	-0.000650184
-1.6e-05	-4e-06	0.00081695
-1.6e-05	0	-0.000820885
-1.6e-05	4e-06	0.000663859
-1.6e-05	8e-06	-0.000381004
-1.6e-05	1.2e-05	-5.24562e-06
-1.6e-05	1.6e-05	-5.39632e-08
-1.6e-05	2e-05	-4.9301e-10
-1.6e-05	2.4e-05	-4.22111e-12
-1.6e-05	2.8e-05	-3.46571e-14
-1.6e-05	3.2e-05	1.29703e-16
-1.6e-05	3.6e-05	1.81425e-16
-1.6e-05	4e-05	2.60677e-16
-1.6e-05	4.4e-05	1.74801e-16
-1.6e-05	4.8e-05	5.97347e-17
-1.6e-05	5.2e-05	3.86715e-17
-1.6e-05	5.6e-05	-1.17949e-17
-1.6e-05	6e-05	-7.02538e-17
-1.6e-05	6.4e-05	-3.80738e-17
-1.6e-05	6.8e-05	-2.0013e-16
-1.6e-05	7.2e-05	-1.84248e-17
-1.6e-05	7.6e-05	-2.63623e-16
-1.2e-05	-8e-05	-3.4914e-17
-1.2e-05	-7.6e-05	-2.5509e-16
-1.2e-05	-7.2e-05	-3.96215e-17
-1.2e-05	-6.8e-05	-2.41216e-16
-1.2e-05	-6.4e-05	-9.33246e-17
-1.2e-05	-6e-05	-1.2438e-16
-1.2e-05	-5.6e-05	-1.17098e-16
-1.2e-05	-5.2e-05	3.12743e-17
-1.2e-05	-4.8e-05	-5.91511e-17
-1.2e-05	-4.4e-05	2.23746e-16
-1.2e-05	-4e-05	2.84126e-16
-1.2e-05	-3.6e-05	5.35553e-15
-1.2e-05	-3.2e-05	7.49461e-13
-1.2e-05	-2.8e-05	1.10111e-10
-1.2e-05	-2.4e-05	1.61903e-08
-1.2e-05	-2e-05	2.38067e-06
-1.2e-05	-1.6e-05	0.000350078
-1.2e-05	-1.2e-05	0.0514453
-1.2e-05	-8e-06	-0.0955906
-1.2e-05	-4e-06	0.120114
-1.2e-05	0	-0.120695
-1.2e-05	4e-06	0.0976117
-1.2e-05	8e-06	-0.0559904
-1.2e-05	1.2e-05	-0.000380725
-1.2e-05	1.6e-05	-2.59039e-06
-1.2e-05	2e-05	-1.76255e-08
-1.2e-05	2.4e-05	-1.19933e-10
-1.2e-05	2.8e-05	-8.15992e-13
-1.2e-05	3.2e-05	-5.56637e-15
-1.2e-05	3.6e-05	3.54533e-16
-1.2e-05	4e-05	1.09285e-16
-1.2e-05	4.4e-05	3.8646e-16
-1.2e-05	4.8e-05	1.92877e-16
-1.2e-05	5.2e-05	2.84609e-16
-1.2e-05	5.6e-05	1.91682e-16
-1.2e-05	6e-05	1.13548e-16
-1.2e-05	6.4e-05	1.38639e-16
-1.2e-05	6.8e-05	3.03474e-17
-1.2e-05	7.2e-05	9.35895e-17
-1.2e-05	7.6e-05	-1.16007e-17
-8e-06	-8e-05	8.35952e-17
-8e-06	-7.6e-05	4.46454e-18
-8e-06	-7.2e-05	9.57849e-17
-8e-06	-6.8e-05	2.76538e-18
-8e-06	-6.4e-05	1.45195e-16
-8e-06	-6e-05	1.35661e-16
-8e-06	-5.6e-05	2.45978e-16
-8e-06	-5.2e-05	3.06155e-16
-8e-06	-4.8e-05	2.63949e-16
-8e-06	-4.4e-05	5.02239e-16
-8e-06	-4e-05	3.6934e-17
-8e-06	-3.6e-05	-8.92402e-15
-8e-06	-3.2e-05	-1.38166e-12
-8e-06	-2.8e-05	-2.03136e-10
-8e-06	-2.4e-05	-2.98683e-08
-8e-06	-2e-05	-4.39169e-06
-8e-06	-1.6e-05	-0.000645733
-8e-06	-1.2e-05	-0.0949154
-8e-06	-8e-06	0.173545
-8e-06	-4e-06	-0.217353
-8e-06	0	0.21801
-8e-06	4e-06	-0.175715
-8e-06	8e-06	0.0991666
-8e-06	1.2e-05	0.000674402
-8e-06	1.6e-05	4.58713e-06
-8e-06	2e-05	3.12006e-08
-8e-06	2.4e-05	2.12219e-10
-8e-06	2.8e-05	1.44353e-12
-8e-06	3.2e-05	9.87447e-15
-8e-06	3.6e-05	1.12339e-16
-8e-06	4e-05	1.83894e-16
-8e-06	4.4e-05	-1.74962e-17
-8e-06	4.8e-05	2.99565e-16
-8e-06	5.2e-05	4.90779e-17
-8e-06	5.6e-05	4.08932e-16
-8e-06	6e-05	9.84756e-17
-8e-06	6.4e-05	4.04645e-16
-8e-06	6.8e-05	1.26761e-16
-8e-06	7.2e-05	3.38807e-16
-8e-06	7.6e-05	1.65797e-16
-4e-06	-8e-05	3.11839e-16
-4e-06	-7.6e-05	1.45735e-16
-4e-06	-7.2e-05	3.35656e-16
-4e-06	-6.8e-05	1.76403e-16
-4e-06	-6.4e-05	4.03013e-16
-4e-06	-6e-05	1.27569e-16
-4e-06	-5.6e-05	4.75592e-16
-4e-06	-5.2e-05	5.3803e-17
-4e-06	-4.8e-05	4.11026e-16
-4e-06	-4.4e-05	-8.23917e-17
-4e-06	-4e-05	3.51472e-16
-4e-06	-3.6e-05	1.18665e-14
-4e-06	-3.2e-05	1.75049e-12
-4e-06	-2.8e-05	2.5737e-10
-4e-06	-2.4e-05	3.7841e-08
-4e-06	-2e-05	5.56373e-06
-4e-06	-1.6e-05	0.000818032
-4e-06	-1.2e-05	0.120257
-4e-06	-8e-06	-0.217497
-4e-06	-4e-06	0.271545
-4e-06	0	-0.271821
-4e-06	4e-06	0.218388
-4e-06	8e-06	-0.121911
-4e-06	1.2e-05	-0.00082919
-4e-06	1.6e-05	-5.63974e-06
-4e-06	2e-05	-3.83588e-08
-4e-06	2.4e-05	-2.60897e-10
-4e-06	2.8e-05	-1.77437e-12
-4e-06	3.2e-05	-1.19321e-14
-4e-06	3.6e-05	1.54407e-17
-4e-06	4e-05	1.09614e-16
-4e-06	4.4e-05	1.0984e-16
-4e-06	4.8e-05	5.31189e-17
-4e-06	5.2e-05	2.10175e-16
-4e-06	5.6e-05	5.04621e-17
-4e-06	6e-05	2.81725e-16
-4e-06	6.4e-05	-4.58433e-18
-4e-06	6.8e-05	3.19592e-16
-4e-06	7.2e-05	-6.35332e-18
-4e-06	7.6e-05	3.59502e-16
0	-8e-05	4.06114e-18
0	-7.6e-05	3.4234e-16
0	-7.2e-05	9.30186e-18
0	-6.8e-05	3.47269e-16
0	-6.4e-05	4.17613e-18
0	-6e-05	3.07114e-16
0	-5.6e-05	-4.41024e-19
0	-5.2e-05	2.1313e-16
0	-4.8e-05	5.01094e-17
0	-4.4e-05	1.15046e-16
0	-4e-05	2.11691e-17
0	-3.6e-05	-1.20121e-14
0	-3.2e-05	-1.77418e-12
0	-2.8e-05	-2.60897e-10
0	-2.4e-05	-3.83588e-08
0	-2e-05	-5.63974e-06
0	-1.6e-05	-0.00082919
0	-1.2e-05	-0.121911
0	-8e-06	0.218388
0	-4e-06	-0.271821
0	0	0.271545
0	4e-06	-0.217497
0	8e-06	0.120257
0	1.2e-05	0.000818032
0	1.6e-05	5.56373e-06
0	2e-05	3.7841e-08
0	2.4e-05	2.5737e-10
0	2.8e-05	1.75041e-12
0	3.2e-05	1.20651e-14
0	3.6e-05	1.45913e-16
0	4e-05	1.91864e-16
0	4.4e-05	1.53401e-16
0	4.8e-05	1.67027e-16
0	5.2e-05	1.6964e-16
0	5.6e-05	1.57947e-16
0	6e-05	1.61206e-16
0	6.4e-05	1.35631e-16
0	6.8e-05	1.03788e-16
0	7.2e-05	1.68501e-16
0	7.6e-05	1.05122e-16
4e-06	-8e-05	2.16568e-16
4e-06	-7.6e-05	1.41957e-16
4e-06	-7.2e-05	1.95486e-16
4e-06	-6.8e-05	1.49505e-16
4e-06	-6.4e-05	1.64451e-16
4e-06	-6e-05	2.127e-16
4e-06	-5.6e-05	1.59315e-16
4e-06	-5.2e-05	1.83208e-16
4e-06	-4.8e-05	1.80424e-16
4e-06	-4.4e-05	2.51048e-16
4e-06	-4e-05	3.33929e-16
4e-06	-3.6e-05	9.85482e-15
4e-06	-3.2e-05	1.4437e-12
4e-06	-2.8e-05	2.12219e-10
4e-06	-2.4e-05	3.12006e-08
4e-06	-2e-05	4.58713e-06
4e-06	-1.6e-05	0.000674402
4e-06	-1.2e-05	0.0991666
4e-06	-8e-06	-0.175715
4e-06	-4e-06	0.21801
4e-06	0	-0.217353
4e-06	4e-06	0.173545
4e-06	8e-06	-0.0949154
4e-06	1.2e-05	-0.000645733
4e-06	1.6e-05	-4.39169e-06
4e-06	2e-05	-2.98683e-08
4e-06	2.4e-05	-2.03137e-10
4e-06	2.8e-05	-1.38166e-12
4e-06	3.2e-05	-9.44901e-15
4e-06	3.6e-05	3.16622e-17
4e-06	4e-05	-4.21641e-17
4e-06	4.4e-05	2.02288e-16
4e-06	4.8e-05	1.44475e-17
4e-06	5.2e-05	2.44871e-16
4e-06	5.6e-05	1.15782e-16
4e-06	6e-05	2.15571e-16
4e-06	6.4e-05	1.87105e-16
4e-06	6.8e-05	2.24291e-16
4e-06	7.2e-05	1.86573e-16
4e-06	7.6e-05	2.27715e-16
8e-06	-8e-05	2.10383e-16
8e-06	-7.6e-05	2.11724e-16
8e-06	-7.2e-05	2.13548e-16
8e-06	-6.8e-05	2.26917e-16
8e-06	-6.4e-05	1.77793e-16
8e-06	-6e-05	2.39617e-16
8e-06	-5.6e-05	2.1635e-16
8e-06	-5.2e-05	2.85998e-16
8e-06	-4.8e-05	7.54211e-17
8e-06	-4.4e-05	3.34849e-16
8e-06	-4e-05	-1.20396e-16
8e-06	-3.6e-05	-5.32242e-15
8e-06	-3.2e-05	-8.16415e-13
8e-06	-2.8e-05	-1.19933e-10
8e-06	-2.4e-05	-1.76255e-08
8e-06	-2e-05	-2.59039e-06
8e-06	-1.6e-05	-0.000380725
8e-06	-1.2e-05	-0.0559904
8e-06	-8e-06	0.0976117
8e-06	-4e-06	-0.120695
8e-06	0	0.120114
8e-06	4e-06	-0.0955906
8e-06	8e-06	0.0514453
8e-06	1.2e-05	0.000350078
8e-06	1.6e-05	2.38067e-06
8e-06	2e-05	1.61903e-08
8e-06	2.4e-05	1.10111e-10
8e-06	2.8e-05	7.49128e-13
8e-06	3.2e-05	4.85912e-15
8e-06	3.6e-05	8.71611e-17
8e-06	4e-05	-6.41716e-17
8e-06	4.4e-05	-7.7037e-17
8e-06	4.8e-05	9.16524e-17
8e-06	5.2e-05	-6.44465e-17
8e-06	5.6e-05	2.22962e-16
8e-06	6e-05	-6.96931e-17
8e-06	6.4e-05	2.78411e-16
8e-06	6.8e-05	5.92987e-18
8e-06	7.2e-05	2.70587e-16
8e-06	7.6e-05	1.13956e-17
1.2e-05	-8e-05	3.28805e-16
1.2e-05	-7.6e-05	3.27256e-17
1.2e-05	-7.2e-05	3.56223e-16
1.2e-05	-6.8e-05	2.53708e-17
1.2e-05	-6.4e-05	3.18255e-16
1.2e-05	-6e-05	-3.40172e-17
1.2e-05	-5.6e-05	3.0126e-16
1.2e-05	-5.2e-05	-1.22495e-16
1.2e-05	-4.8e-05	1.43715e-16
1.2e-05	-4.4e-05	-1.38029e-16
1.2e-05	-4e-05	-1.40713e-17
1.2e-05	-3.6e-05	-3.25321e-16
1.2e-05	-3.2e-05	-3.5024e-14
1.2e-05	-2.8e-05	-4.22113e-12
1.2e-05	-2.4e-05	-4.93011e-10
1.2e-05	-2e-05	-5.39632e-08
1.2e-05	-1.6e-05	-5.24562e-06
1.2e-05	-1.2e-05	-0.000381004
1.2e-05	-8e-06	0.000663859
1.2e-05	-4e-06	-0.000820885
1.2e-05	0	0.00081695
1.2e-05	4e-06	-0.000650184
1.2e-05	8e-06	0.000349798
1.2e-05	1.2e-05	4.81967e-06
1.2e-05	1.6e-05	4.95856e-08
1.2e-05	2e-05	4.52979e-10
1.2e-05	2.4e-05	3.87812e-12
1.2e-05	2.8e-05	3.15915e-14
1.2e-05	3.2e-05	5.15407e-16
1.2e-05	3.6e-05	-2.45249e-16
1.2e-05	4e-05	1.47331e-16
1.2e-05	4.4e-05	-2.19389e-16
1.2e-05	4.8e-05	5.64846e-17
1.2e-05	5.2e-05	-1.09044e-16
1.2e-05	5.6e-05	-4.56735e-17
1.2e-05	6e-05	2.10333e-17
1.2e-05	6.4e-05	-8.22467e-17
1.2e-05	6.8e-05	5.79305e-17
1.2e-05	7.2e-05	-1.21224e-16
1.2e-05	7.6e-05	1.34621e-16
1.6e-05	-8e-05	-1.15696e-16
1.6e-05	-7.6e-05	1.51777e-16
1.6e-05	-7.2e-05	-1.41231e-16
1.6e-05	-6.8e-05	1.2488e-16
1.6e-05	-6.4e-05	-8.18397e-17
1.6e-05	-6e-05	3.50943e-17
1.6e-05	-5.6e-05	-9.24922e-17
1.6e-05	-5.2e-05	-5.26895e-17
1.6e-05	-4.8e-05	-1.14681e-17
1.6e-05	-4.4e-05	-3.18721e-16
1.6e-05	-4e-05	1.2596e-16
1.6e-05	-3.6e-05	-3.55659e-16
1.6e-05	-3.2e-05	-4.79901e-16
1.6e-05	-2.8e-05	-8.8053e-14
1.6e-05	-2.4e-05	-8.51407e-12
1.6e-05	-2e-05	-7.43357e-10
1.6e-05	-1.6e-05	-5.39798e-08
1.6e-05	-1.2e-05	-2.5928e-06
1.6e-05	-8e-06	4.51491e-06
1.6e-05	-4e-06	-5.5831e-06
1.6e-05	0	5.55647e-06
1.6e-05	4e-06	-4.4224e-06
1.6e-05	8e-06	2.37853e-06
1.6e-05	1.2e-05	4.95709e-08
1.6e-05	1.6e-05	6.82849e-10
1.6e-05	2e-05	7.82209e-12
1.6e-05	2.4e-05	8.05571e-14
1.6e-05	2.8e-05	9.41905e-16
1.6e-05	3.2e-05	-1.49881e-16
1.6e-05	3.6e-05	2.6141e-16
1.6e-05	4e-05	-2.4301e-16
1.6e-05	4.4e-05	3.0042e-16
1.6e-05	4.8e-05	-2.53821e-16
1.6e-05	5.2e-05	1.97468e-16
1.6e-05	5.6e-05	-3.19293e-16
1.6e-05	6e-05	1.14479e-16
1.6e-05	6.4e-05	-2.60338e-16
1.6e-05	6.8e-05	7.06744e-17
1.6e-05	7.2e-05	-1.81298e-16
1.6e-05	7.6e-05	1.00821e-16
2e-05	-8e-05	-1.42956e-16
2e-05	-7.6e-05	9.02212e-17
2e-05	-7.2e-05	-1.48661e-16
2e-05	-6.8e-05	1.0133e-16
2e-05	-6.4e-05	-2.34304e-16
2e-05	-6e-05	1.40273e-16
2e-05	-5.6e-05	-2.99126e-16
2e-05	-5.2e-05	2.02484e-16
2e-05	-4.8e-05	-3.47771e-16
2e-05	-4.4e-05	2.99664e-16
2e-05	-4e-05	-3.14217e-16
2e-05	-3.6e-05	2.99587e-16
2e-05	-3.2e-05	-2.13774e-16
2e-05	-2.8e-05	-1.23506e-15
2e-05	-2.4e-05	-1.1725e-13
2e-05	-2e-05	-8.51612e-12
2e-05	-1.6e-05	-4.93263e-10
2e-05	-1.2e-05	-1.76455e-08
2e-05	-8e-06	3.07058e-08
2e-05	-4e-06	-3.79725e-08
2e-05	0	3.77922e-08
2e-05	4e-06	-3.00802e-08
2e-05	8e-06	1.61741e-08
2e-05	1.2e-05	4.52767e-10
2e-05	1.6e-05	7.82061e-12
2e-05	2e-05	1.07799e-13
2e-05	2.4e-05	1.34248e-15
2e-05	2.8e-05	7.42007e-17
2e-05	3.2e-05	1.65834e-16
2e-05	3.6e-05	-6.7742e-17
2e-05	4e-05	1.62052e-16
2e-05	4.4e-05	-1.81609e-16
2e-05	4.8e-05	2.40855e-16
2e-05	5.2e-05	-2.38975e-16
2e-05	5.6e-05	2.46189e-16
2e-05	6e-05	-2.49251e-16
2e-05	6.4e-05	2.37908e-16
2e-05	6.8e-05	-2.72465e-16
2e-05	7.2e-05	2.44796e-16
2e-05	7.6e-05	-3.34491e-16
2.4e-05	-8e-05	2.46421e-16
2.4e-05	-7.6e-05	-3.33703e-16
2.4e-05	-7.2e-05	2.47271e-16
2.4e-05	-6.8e-05	-3.36306e-16
2.4e-05	-6.4e-05	3.3517e-16
2.4e-05	-6e-05	-3.42443e-16
2.4e-05	-5.6e-05	2.92496e-16
2.4e-05	-5.2e-05	-2.79586e-16
2.4e-05	-4.8e-05	3.08913e-16
2.4e-05	-4.4e-05	-1.97263e-16
2.4e-05	-4e-05	2.43852e-16
2.4e-05	-3.6e-05	-6.31292e-17
2.4e-05	-3.2e-05	1.52259e-16
2.4e-05	-2.8e-05	4.05999e-17
2.4e-05	-2.4e-05	-1.35878e-15
2.4e-05	-2e-05	-8.76935e-14
2.4e-05	-1.6e-05	-4.2241e-12
2.4e-05	-1.2e-05	-1.20095e-10
2.4e-05	-8e-06	2.08829e-10
2.4e-05	-4e-06	-2.58263e-10
2.4e-05	0	2.57042e-10
2.4e-05	4e-06	-2.04599e-10
2.4e-05	8e-06	1.0999e-10
2.4e-05	1.2e-05	3.87565e-12
2.4e-05	1.6e-05	8.05452e-14
2.4e-05	2e-05	1.33973e-15
2.4e-05	2.4e-05	6.67982e-17
2.4e-05	2.8e-05	3.17169e-17
2.4e-05	3.2e-05	6.80289e-17
2.4e-05	3.6e-05	1.09959e-16
2.4e-05	4e-05	4.27674e-20
2.4e-05	4.4e-05	1.25511e-16
2.4e-05	4.8e-05	-4.75806e-17
2.4e-05	5.2e-05	1.86124e-16
2.4e-05	5.6e-05	-1.45745e-16
2.4e-05	6e-05	2.28857e-16
2.4e-05	6.4e-05	-2.1776e-16
2.4e-05	6.8e-05	2.06545e-16
2.4e-05	7.2e-05	-2.24738e-16
2.4e-05	7.6e-05	2.27217e-16
2.8e-05	-8e-05	-2.31741e-16
2.8e-05	-7.6e-05	2.63878e-16
2.8e-05	-7.2e-05	-2.31156e-16
2.8e-05	-6.8e-05	2.62677e-16
2.8e-05	-6.4e-05	-2.33056e-16
2.8e-05	-6e-05	2.5808e-16
2.8e-05	-5.6e-05	-1.67118e-16
2.8e-05	-5.2e-05	2.39583e-16
2.8e-05	-4.8e-05	-1.01086e-16
2.8e-05	-4.4e-05	1.85631e-16
2.8e-05	-4e-05	-2.40831e-18
2.8e-05	-3.6e-05	1.19738e-16
2.8e-05	-3.2e-05	7.59116e-17
2.8e-05	-2.8e-05	1.0089e-16
2.8e-05	-2.4e-05	4.02934e-17
2.8e-05	-2e-05	-7.75676e-16
2.8e-05	-1.6e-05	-3.46996e-14
2.8e-05	-1.2e-05	-8.17357e-13
2.8e-05	-8e-06	1.42023e-12
2.8e-05	-4e-06	-1.75653e-12
2.8e-05	0	1.74827e-12
2.8e-05	4e-06	-1.39164e-12
2.8e-05	8e-06	7.4801e-13
2.8e-05	1.2e-05	3.18472e-14
2.8e-05	1.6e-05	7.98614e-16
2.8e-05	2e-05	1.43305e-17
2.8e-05	2.4e-05	3.66138e-17
2.8e-05	2.8e-05	3.42225e-17
2.8e-05	3.2e-05	6.92812e-17
2.8e-05	3.6e-05	3.71613e-17
2.8e-05	4e-05	7.10785e-17
2.8e-05	4.4e-05	2.1998e-17
2.8e-05	4.8e-05	1.01843e-16
2.8e-05	5.2e-05	1.45972e-18
2.8e-05	5.6e-05	1.3678e-16
2.8e-05	6e-05	-5.34383e-17
2.8e-05	6.4e-05	1.83353e-16
2.8e-05	6.8e-05	-2.97212e-17
2.8e-05	7.2e-05	1.66026e-16
2.8e-05	7.6e-05	-1.25122e-16
3.2e-05	-8e-05	1.95713e-16
3.2e-05	-7.6e-05	-6.50014e-17
3.2e-05	-7.2e-05	2.04552e-16
3.2e-05	-6.8e-05	-7.38612e-17
3.2e-05	-6.4e-05	1.5948e-16
3.2e-05	-6e-05	-2.82758e-17
3.2e-05	-5.6e-05	1.89222e-16
3.2e-05	-5.2e-05	1.05545e-17
3.2e-05	-4.8e-05	1.35424e-16
3.2e-05	-4.4e-05	3.36758e-17
3.2e-05	-4e-05	1.33092e-16
3.2e-05	-3.6e-05	4.82606e-17
3.2e-05	-3.2e-05	4.16519e-17
3.2e-05	-2.8e-05	4.28125e-17
3.2e-05	-2.4e-05	4.95514e-17
3.2e-05	-2e-05	-3.63776e-18
3.2e-05	-1.6e-05	-2.36314e-16
3.2e-05	-1.2e-05	-5.55733e-15
3.2e-05	-8e-06	9.66254e-15
3.2e-05	-4e-06	-1.19451e-14
3.2e-05	0	1.18922e-14
3.2e-05	4e-06	-9.46305e-15
3.2e-05	8e-06	5.08819e-15
3.2e-05	1.2e-05	2.60287e-16
3.2e-05	1.6e-05	9.93226e-18
3.2e-05	2e-05	1.95628e-17
3.2e-05	2.4e-05	1.1247e-17
3.2e-05	2.8e-05	2.25058e-17
3.2e-05	3.2e-05	3.34667e-17
3.2e-05	3.6e-05	4.35857e-17
3.2e-05	4e-05	1.57125e-17
3.2e-05	4.4e-05	4.24408e-17
3.2e-05	4.8e-05	5.19981e-17
3.2e-05	5.2e-05	8.15044e-17
3.2e-05	5.6e-05	3.56396e-17
3.2e-05	6e-05	8.80645e-17
3.2e-05	6.4e-05	1.92111e-17
3.2e-05	6.8e-05	1.0534e-16
3.2e-05	7.2e-05	-7.93427e-18
3.2e-05	7.6e-05	9.96805e-17
3.6e-05	-8e-05	4.69271e-17
3.6e-05	-7.6e-05	1.27894e-16
3.6e-05	-7.2e-05	1.91979e-17
3.6e-05	-6.8e-05	1.1773e-16
3.6e-05	-6.4e-05	4.54292e-17
3.6e-05	-6e-05	1.1922e-16
3.6e-05	-5.6e-05	4.92663e-17
3.6e-05	-5.2e-05	8.56102e-17
3.6e-05	-4.8e-05	7.49874e-17
3.6e-05	-4.4e-05	8.01856e-17
3.6e-05	-4e-05	2.2317e-17
3.6e-05	-3.6e-05	6.41576e-17
3.6e-05	-3.2e-05	9.05534e-18
3.6e-05	-2.8e-05	5.00782e-17
3.6e-05	-2.4e-05	1.20121e-17
3.6e-05	-2e-05	1.39784e-17
3.6e-05	-1.6e-05	6.23486e-18
3.6e-05	-1.2e-05	-3.20737e-17
3.6e-05	-8e-06	6.74799e-17
3.6e-05	-4e-06	-8.08955e-17
3.6e-05	0	8.12135e-17
3.6e-05	4e-06	-6.33481e-17
3.6e-05	8e-06	3.55061e-17
3.6e-05	1.2e-05	3.36898e-18
3.6e-05	1.6e-05	3.44105e-18
3.6e-05	2e-05	3.19377e-18
3.6e-05	2.4e-05	1.55726e-17
3.6e-05	2.8e-05	8.62814e-18
3.6e-05	3.2e-05	2.32283e-17
3.6e-05	3.6e-05	9.77603e-18
3.6e-05	4e-05	3.85295e-17
3.6e-05	4.4e-05	2.75689e-17
3.6e-05	4.8e-05	4.36411e-17
3.6e-05	5.2e-05	3.28754e-17
3.6e-05	5.6e-05	7.59653e-17
3.6e-05	6e-05	2.84733e-17
3.6e-05	6.4e-05	6.49171e-17
3.6e-05	6.8e-05	6.6116e-17
3.6e-05	7.2e-05	6.36952e-17
3.6e-05	7.6e-05	2.40075e-17
4e-05	-8e-05	1.09671e-16
4e-05	-7.6e-05	4.3761e-17
4e-05	-7.2e-05	1.05222e-16
4e-05	-6.8e-05	4.88633e-17
4e-05	-6.4e-05	1.10657e-16
4e-05	-6e-05	5.06578e-17
4e-05	-5.6e-05	6.91542e-17
4e-05	-5.2e-05	1.94265e-17
4e-05	-4.8e-05	5.99384e-17
4e-05	-4.4e-05	1.93221e-17
4e-05	-4e-05	5.64486e-17
4e-05	-3.6e-05	1.08037e-17
4e-05	-3.2e-05	2.83171e-17
4e-05	-2.8e-05	1.44406e-17
4e-05	-2.4e-05	1.57432e-17
4e-05	-2e-05	3.76165e-18
4e-05	-1.6e-05	8.024e-18
4e-05	-1.2e-05	2.94863e-18
4e-05	-8e-06	1.28393e-18
4e-05	-4e-06	-1.00637e-18
4e-05	0	1.03066e-18
4e-05	4e-06	-5.19444e-19
4e-05	8e-06	2.34084e-19
4e-05	1.2e-05	9.25251e-19
4e-05	1.6e-05	1.34885e-18
4e-05	2e-05	2.73151e-18
4e-05	2.4e-05	3.36709e-18
4e-05	2.8e-05	7.1842e-18
4e-05	3.2e-05	8.10081e-18
4e-05	3.6e-05	1.23772e-17
4e-05	4e-05	4.65755e-18
4e-05	4.4e-05	2.53529e-17
4e-05	4.8e-05	1.70264e-17
4e-05	5.2e-05	2.79901e-17
4e-05	5.6e-05	1.82026e-17
4e-05	6e-05	4.77017e-17
4e-05	6.4e-05	2.2326e-17
4e-05	6.8e-05	6.44344e-17
4e-05	7.2e-05	1.41728e-18
4e-05	7.6e-05	6.06597e-17
4.4e-05	-8e-05	3.61145e-17
4.4e-05	-7.6e-05	4.87851e-17
4.4e-05	-7.2e-05	4.85813e-17
4.4e-05	-6.8e-05	6.90527e-17
4.4e-05	-6.4e-05	2.81381e-17
4.4e-05	-6e-05	6.41586e-17
4.4e-05	-5.6e-05	1.75722e-17
4.4e-05	-5.2e-05	3.2738e-17
4.4e-05	-4.8e-05	1.49389e-17
4.4e-05	-4.4e-05	3.16614e-17
4.4e-05	-4e-05	6.6291e-18
4.4e-05	-3.6e-05	1.77166e-17
4.4e-05	-3.2e-05	6.49061e-18
4.4e-05	-2.8e-05	1.05038e-17
4.4e-05	-2.4e-05	2.3939e-18
4.4e-05	-2e-05	4.04634e-18
4.4e-05	-1.6e-05	1.30754e-18
4.4e-05	-1.2e-05	1.90402e-18
4.4e-05	-8e-06	-5.1475e-19
4.4e-05	-4e-06	2.61797e-19
4.4e-05	0	-1.09125e-19
4.4e-05	4e-06	-1.31684e-19
4.4e-05	8e-06	1.34817e-19
4.4e-05	1.2e-05	6.65812e-20
4.4e-05	1.6e-05	4.21936e-19
4.4e-05	2e-05	1.06455e-19
4.4e-05	2.4e-05	1.20548e-18
4.4e-05	2.8e-05	1.5373e-18
4.4e-05	3.2e-05	4.63972e-18
4.4e-05	3.6e-05	2.40042e-18
4.4e-05	4e-05	1.08938e-17
4.4e-05	4.4e-05	1.40669e-18
4.4e-05	4.8e-05	1.52778e-17
4.4e-05	5.2e-05	8.97896e-18
4.4e-05	5.6e-05	2.06148e-17
4.4e-05	6e-05	1.5059e-17
4.4e-05	6.4e-05	3.58759e-17
4.4e-05	6.8e-05	1.21638e-17
4.4e-05	7.2e-05	3.14194e-17
4.4e-05	7.6e-05	1.99225e-17
4.8e-05	-8e-05	3.00288e-17
4.8e-05	-7.6e-05	1.4102e-17
4.8e-05	-7.2e-05	3.65694e-17
4.8e-05	-6.8e-05	1.29159e-17
4.8e-05	-6.4e-05	3.11504e-17
4.8e-05	-6e-05	1.51523e-17
4.8e-05	-5.6e-05	2.70107e-17
4.8e-05	-5.2e-05	6.42412e-18
4.8e-05	-4.8e-05	1.82994e-17
4.8e-05	-4.4e-05	8.00186e-18
4.8e-05	-4e-05	9.3055e-18
4.8e-05	-3.6e-05	2.04745e-18
4.8e-05	-3.2e-05	5.52929e-18
4.8e-05	-2.8e-05	1.93609e-18
4.8e-05	-2.4e-05	2.84604e-18
4.8e-05	-2e-05	1.15276e-18
4.8e-05	-1.6e-05	1.14305e-18
4.8e-05	-1.2e-05	1.22133e-19
4.8e-05	-8e-06	8.98562e-20
4.8e-05	-4e-06	-1.16874e-19
4.8e-05	0	-6.12e-20
4.8e-05	4e-06	-8.69817e-21
4.8e-05	8e-06	7.76015e-21
4.8e-05	1.2e-05	7.70227e-20
4.8e-05	1.6e-05	6.09858e-21
4.8e-05	2e-05	6.21456e-20
4.8e-05	2.4e-05	-2.08857e-19
4.8e-05	2.8e-05	1.17656e-18
4.8e-05	3.2e-05	9.33337e-19
4.8e-05	3.6e-05	2.16817e-18
4.8e-05	4e-05	-8.32098e-20
4.8e-05	4.4e-05	5.46474e-18
4.8e-05	4.8e-05	2.83852e-18
4.8e-05	5.2e-05	9.65082e-18
4.8e-05	5.6e-05	2.83212e-18
4.8e-05	6e-05	1.20531e-17
4.8e-05	6.4e-05	5.45561e-18
4.8e-05	6.8e-05	1.00673e-17
4.8e-05	7.2e-05	1.10488e-17
4.8e-05	7.6e-05	2.05182e-17
5.2e-05	-8e-05	1.00084e-17
5.2e-05	-7.6e-05	1.84797e-17
5.2e-05	-7.2e-05	5.13593e-18
5.2e-05	-6.8e-05	1.69997e-17
5.2e-05	-6.4e-05	7.11034e-18
5.2e-05	-6e-05	1.45604e-17
5.2e-05	-5.6e-05	7.07374e-18
5.2e-05	-5.2e-05	9.63451e-18
5.2e-05	-4.8e-05	1.91901e-18
5.2e-05	-4.4e-05	5.61269e-18
5.2e-05	-4e-05	1.64187e-18
5.2e-05	-3.6e-05	3.06545e-18
5.2e-05	-3.2e-05	6.9791e-19
5.2e-05	-2.8e-05	1.572e-18
5.2e-05	-2.4e-05	4.55633e-19
5.2e-05	-2e-05	9.08638e-19
5.2e-05	-1.6e-05	2.18446e-20
5.2e-05	-1.2e-05	-1.26814e-19
5.2e-05	-8e-06	-3.01171e-20
5.2e-05	-4e-06	-6.50037e-20
5.2e-05	0	2.96698e-20
5.2e-05	4e-06	1.65916e-20
5.2e-05	8e-06	-3.09275e-20
5.2e-05	1.2e-05	3.75825e-20
5.2e-05	1.6e-05	-4.91429e-20
5.2e-05	2e-05	1.7365e-19
5.2e-05	2.4e-05	1.52354e-19
5.2e-05	2.8e-05	1.40427e-19
5.2e-05	3.2e-05	5.00559e-19
5.2e-05	3.6e-05	2.35025e-19
5.2e-05	4e-05	1.31647e-18
5.2e-05	4.4e-05	7.53894e-19
5.2e-05	4.8e-05	2.91465e-18
5.2e-05	5.2e-05	1.27401e-18
5.2e-05	5.6e-05	5.28425e-18
5.2e-05	6e-05	1.06421e-18
5.2e-05	6.4e-05	5.69356e-18
5.2e-05	6.8e-05	3.66382e-18
5.2e-05	7.2e-05	6.74802e-18
5.2e-05	7.6e-05	3.23968e-18
5.6e-05	-8e-05	8.56643e-18
5.6e-05	-7.6e-05	2.77188e-18
5.6e-05	-7.2e-05	6.13053e-18
5.6e-05	-6.8e-05	1.84752e-18
5.6e-05	-6.4e-05	6.36265e-18
5.6e-05	-6e-05	2.53688e-18
5.6e-05	-5.6e-05	5.2808e-18
5.6e-05	-5.2e-05	2.23098e-18
5.6e-05	-4.8e-05	3.15732e-18
5.6e-05	-4.4e-05	5.42463e-19
5.6e-05	-4e-05	2.16666e-18
5.6e-05	-3.6e-05	1.29418e-19
5.6e-05	-3.2e-05	1.13812e-18
5.6e-05	-2.8e-05	1.19826e-19
5.6e-05	-2.4e-05	2.84952e-19
5.6e-05	-2e-05	4.92584e-20
5.6e-05	-1.6e-05	-7.43213e-22
5.6e-05	-1.2e-05	1.94962e-20
5.6e-05	-8e-06	-3.97078e-20
5.6e-05	-4e-06	2.12925e-20
5.6e-05	0	1.15742e-20
5.6e-05	4e-06	4.57866e-21
5.6e-05	8e-06	9.2458e-21
5.6e-05	1.2e-05	-4.6905e-21
5.6e-05	1.6e-05	2.65875e-20
5.6e-05	2e-05	3.58257e-20
5.6e-05	2.4e-05	1.66294e-20
5.6e-05	2.8e-05	1.29532e-19
5.6e-05	3.2e-05	8.36218e-20
5.6e-05	3.6e-05	3.63425e-19
5.6e-05	4e-05	2.03963e-19
5.6e-05	4.4e-05	6.77791e-19
5.6e-05	4.8e-05	5.72385e-19
5.6e-05	5.2e-05	1.0873e-18
5.6e-05	5.6e-05	1.31202e-19
5.6e-05	6e-05	2.37048e-18
5.6e-05	6.4e-05	6.49335e-19
5.6e-05	6.8e-05	2.72636e-18
5.6e-05	7.2e-05	5.85112e-19
5.6e-05	7.6e-05	2.89799e-18
6e-05	-8e-05	1.66476e-18
6e-05	-7.6e-05	3.23711e-18
6e-05	-7.2e-05	6.6706e-19
6e-05	-6.8e-05	3.16307e-18
6e-05	-6.4e-05	1.08395e-18
6e-05	-6e-05	2.11641e-18
6e-05	-5.6e-05	8.14872e-19
6e-05	-5.2e-05	1.31037e-18
6e-05	-4.8e-05	3.22331e-19
6e-05	-4.4e-05	6.85258e-19
6e-05	-4e-05	2.11348e-19
6e-05	-3.6e-05	2.75456e-19
6e-05	-3.2e-05	-1.21816e-19
6e-05	-2.8e-05	1.34363e-19
6e-05	-2.4e-05	2.16399e-20
6e-05	-2e-05	-5.55188e-20
6e-05	-1.6e-05	1.49282e-20
6e-05	-1.2e-05	-1.42237e-20
6e-05	-8e-06	9.49236e-21
6e-05	-4e-06	9.22103e-21
6e-05	0	2.49179e-21
6e-05	4e-06	4.21007e-21
6e-05	8e-06	4.75406e-21
6e-05	1.2e-05	1.50324e-21
6e-05	1.6e-05	6.88105e-21
6e-05	2e-05	3.64002e-21
6e-05	2.4e-05	-1.29655e-20
6e-05	2.8e-05	5.55489e-20
6e-05	3.2e-05	3.70184e-22
6e-05	3.6e-05	-3.15717e-20
6e-05	4e-05	9.66404e-20
6e-05	4.4e-05	2.9319e-20
6e-05	4.8e-05	2.55857e-19
6e-05	5.2e-05	1.43621e-19
6e-05	5.6e-05	4.61931e-19
6e-05	6e-05	-3.32061e-20
6e-05	6.4e-05	7.93745e-19
6e-05	6.8e-05	2.7413e-19
6e-05	7.2e-05	1.21523e-18
6e-05	7.6e-05	3.85776e-19
6.4e-05	-8e-05	1.04442e-18
6.4e-05	-7.6e-05	7.42673e-19
6.4e-05	-7.2e-05	1.14022e-18
6.4e-05	-6.8e-05	4.30514e-19
6.4e-05	-6.4e-05	9.67738e-19
6.4e-05	-6e-05	4.55232e-19
6.4e-05	-5.6e-05	7.22995e-19
6.4e-05	-5.2e-05	1.54533e-19
6.4e-05	-4.8e-05	3.2767e-19
6.4e-05	-4.4e-05	-1.8954e-20
6.4e-05	-4e-05	1.22681e-19
6.4e-05	-3.6e-05	-3.15388e-21
6.4e-05	-3.2e-05	3.26527e-20
6.4e-05	-2.8e-05	7.9034e-21
6.4e-05	-2.4e-05	-6.33381e-21
6.4e-05	-2e-05	1.17512e-20
6.4e-05	-1.6e-05	1.03133e-21
6.4e-05	-1.2e-05	-2.99399e-21
6.4e-05	-8e-06	7.05809e-21
6.4e-05	-4e-06	1.00083e-22
6.4e-05	0	3.02368e-21
6.4e-05	4e-06	6.92023e-22
6.4e-05	8e-06	1.18316e-22
6.4e-05	1.2e-05	2.77541e-21
6.4e-05	1.6e-05	4.07712e-22
6.4e-05	2e-05	-2.32441e-21
6.4e-05	2.4e-05	5.17798e-21
6.4e-05	2.8e-05	1.12592e-21
6.4e-05	3.2e-05	1.34447e-21
6.4e-05	3.6e-05	-9.03644e-21
6.4e-05	4e-05	-1.63738e-21
6.4e-05	4.4e-05	3.44098e-20
6.4e-05	4.8e-05	5.57523e-20
6.4e-05	5.2e-05	9.49769e-20
6.4e-05	5.6e-05	5.52366e-20
6.4e-05	6e-05	1.30326e-19
6.4e-05	6.4e-05	9.89557e-20
6.4e-05	6.8e-05	1.94671e-19
6.4e-05	7.2e-05	5.00043e-20
6.4e-05	7.6e-05	3.27686e-19
6.8e-05	-8e-05	1.47881e-19
6.8e-05	-7.6e-05	2.95339e-19
6.8e-05	-7.2e-05	1.04255e-19
6.8e-05	-6.8e-05	3.02899e-19
6.8e-05	-6.4e-05	5.93753e-20
6.8e-05	-6e-05	1.97489e-19
6.8e-05	-5.6e-05	6.46638e-20
6.8e-05	-5.2e-05	1.02625e-19
6.8e-05	-4.8e-05	2.74535e-20
6.8e-05	-4.4e-05	4.03658e-20
6.8e-05	-4e-05	5.48784e-21
6.8e-05	-3.6e-05	1.53477e-20
6.8e-05	-3.2e-05	6.88339e-21
6.8e-05	-2.8e-05	1.13162e-20
6.8e-05	-2.4e-05	7.32831e-21
6.8e-05	-2e-05	8.53964e-21
6.8e-05	-1.6e-05	-1.54971e-21
6.8e-05	-1.2e-05	3.57542e-21
6.8e-05	-8e-06	-2.89976e-22
6.8e-05	-4e-06	1.4171e-21
6.8e-05	0	-1.51357e-22
6.8e-05	4e-06	-6.80391e-23
6.8e-05	8e-06	3.12542e-22
6.8e-05	1.2e-05	-7.65296e-23
6.8e-05	1.6e-05	2.55043e-21
6.8e-05	2e-05	-2.90648e-22
6.8e-05	2.4e-05	2.98524e-21
6.8e-05	2.8e-05	1.85859e-21
6.8e-05	3.2e-05	2.09111e-21
6.8e-05	3.6e-05	8.08882e-21
6.8e-05	4e-05	-2.0345e-21
6.8e-05	4.4e-05	2.71889e-21
6.8e-05	4.8e-05	1.86009e-20
6.8e-05	5.2e-05	1.80484e-20
6.8e-05	5.6e-05	-5.02384e-21
6.8e-05	6e-05	3.73593e-20
6.8e-05	6.4e-05	5.73308e-20
6.8e-05	6.8e-05	3.50848e-20
6.8e-05	7.2e-05	4.80845e-20
6.8e-05	7.6e-05	1.4444e-20
7.2e-05	-8e-05	7.61657e-20
7.2e-05	-7.6e-05	8.3681e-20
7.2e-05	-7.2e-05	6.27265e-20
7.2e-05	-6.8e-05	4.50959e-20
7.2e-05	-6.4e-05	3.30659e-20
7.2e-05	-6e-05	2.60263e-20
7.2e-05	-5.6e-05	4.99371e-20
7.2e-05	-5.2e-05	8.52696e-21
7.2e-05	-4.8e-05	6.98688e-21
7.2e-05	-4.4e-05	3.28655e-21
7.2e-05	-4e-05	-7.05718e-21
7.2e-05	-3.6e-05	4.2261e-22
7.2e-05	-3.2e-05	2.78027e-22
7.2e-05	-2.8e-05	2.77839e-21
7.2e-05	-2.4e-05	4.47715e-21
7.2e-05	-2e-05	1.41996e-21
7.2e-05	-1.6e-05	2.72846e-21
7.2e-05	-1.2e-05	-1.92073e-22
7.2e-05	-8e-06	6.34006e-22
7.2e-05	-4e-06	9.43272e-24
7.2e-05	0	-3.64536e-23
7.2e-05	4e-06	-3.11908e-24
7.2e-05	8e-06	-2.11987e-23
7.2e-05	1.2e-05	1.10165e-22
7.2e-05	1.6e-05	1.00754e-22
7.2e-05	2e-05	1.18493e-21
7.2e-05	2.4e-05	-1.99023e-22
7.2e-05	2.8e-05	2.36833e-21
7.2e-05	3.2e-05	5.08681e-22
7.2e-05	3.6e-05	2.08587e-21
7.2e-05	4e-05	-1.05582e-21
7.2e-05	4.4e-05	3.30546e-21
7.2e-05	4.8e-05	1.14161e-21
7.2e-05	5.2e-05	9.48099e-21
7.2e-05	5.6e-05	2.35287e-21
7.2e-05	6e-05	1.0774e-20
7.2e-05	6.4e-05	1.09719e-20
7.2e-05	6.8e-05	9.21126e-21
7.2e-05	7.2e-05	1.47604e-20
7.2e-05	7.6e-05	3.26117e-20
7.6e-05	-8e-05	5.03728e-21
7.6e-05	-7.6e-05	4.42902e-21
7.6e-05	-7.2e-05	-1.37624e-21
7.6e-05	-6.8e-05	5.67588e-21
7.6e-05	-6.4e-05	5.17805e-21
7.6e-05	-6e-05	1.03438e-20
7.6e-05	-5.6e-05	2.21926e-21
7.6e-05	-5.2e-05	4.32776e-21
7.6e-05	-4.8e-05	-4.91371e-22
7.6e-05	-4.4e-05	3.81122e-21
7.6e-05	-4e-05	2.22764e-21
7.6e-05	-3.6e-05	1.69828e-21
7.6e-05	-3.2e-05	-1.40735e-22
7.6e-05	-2.8e-05	1.59557e-21
7.6e-05	-2.4e-05	1.92306e-22
7.6e-05	-2e-05	1.27644e-21
7.6e-05	-1.6e-05	-4.65368e-23
7.6e-05	-1.2e-05	2.83397e-22
7.6e-05	-8e-06	-5.34414e-23
7.6e-05	-4e-06	-9.34285e-24
7.6e-05	0	-3.0811e-24
7.6e-05	4e-06	3.76119e-24
7.6e-05	8e-06	-5.55224e-24
7.6e-05	1.2e-05	2.60283e-24
7.6e-05	1.6e-05	1.18997e-22
7.6e-05	2e-05	-3.90072e-23
7.6e-05	2.4e-05	3.90212e-22
7.6e-05	2.8e-05	3.19652e-23
7.6e-05	3.2e-05	7.35373e-22
7.6e-05	3.6e-05	6.52374e-23
7.6e-05	4e-05	1.14054e-21
7.6e-05	4.4e-05	4.51098e-22
7.6e-05	4.8e-05	1.5402e-21
7.6e-05	5.2e-05	1.344e-21
7.6e-05	5.6e-05	1.06413e-21
7.6e-05	6e-05	9.03781e-22
7.6e-05	6.4e-05	2.31329e-21
7.6e-05	6.8e-05	2.09947e-21
7.6e-05	7.2e-05	2.46446e-21
7.6e-05	7.6e-05	3.16112e-23
