-8e-05	-8e-05	-1.18615e-15
-8e-05	-7.6e-05	-2.92366e-16
-8e-05	-7.2e-05	1.05745e-15
-8e-05	-6.8e-05	-1.77123e-16
-8e-05	-6.4e-05	-1.25947e-15
-8e-05	-6e-05	-1.76572e-17
-8e-05	-5.6e-05	5.32752e-16
-8e-05	-5.2e-05	-2.16811e-16
-8e-05	-4.8e-05	2.15311e-17
-8e-05	-4.4e-05	1.12031e-16
-8e-05	-4e-05	-2.34063e-16
-8e-05	-3.6e-05	2.32893e-17
-8e-05	-3.2e-05	-4.3981e-17
-8e-05	-2.8e-05	8.43932e-18
-8e-05	-2.4e-05	6.54093e-17
-8e-05	-2e-05	4.02214e-17
-8e-05	-1.6e-05	8.83567e-17
-8e-05	-1.2e-05	-7.90285e-17
-8e-05	-8e-06	8.42044e-17
-8e-05	-4e-06	2.85841e-17
-8e-05	0	-3.85058e-18
-8e-05	4e-06	-2.50069e-17
-8e-05	8e-06	5.62472e-17
-8e-05	1.2e-05	1.90629e-17
-8e-05	1.6e-05	-5.13835e-17
-8e-05	2e-05	-5.55014e-17
-8e-05	2.4e-05	-1.98385e-16
-8e-05	2.8e-05	5.82331e-18
-8e-05	3.2e-05	-2.31795e-16
-8e-05	3.6e-05	-7.8582e-17
-8e-05	4e-05	1.52388e-16
-8e-05	4.4e-05	3.54692e-17
-8e-05	4.8e-05	8.70366e-17
-8e-05	5.2e-05	-6.87837e-17
-8e-05	5.6e-05	-5.2173e-16
-8e-05	6e-05	-3.06181e-15
-8e-05	6.4e-05	8.59765e-17
-8e-05	6.8e-05	1.06176e-15
-8e-05	7.2e-05	1.3654e-16
-8e-05	7.6e-05	-3.80162e-16
-7.6e-05	-8e-05	1.72916e-16
-7.6e-05	-7.6e-05	-1.98747e-15
-7.6e-05	-7.2e-05	-1.97641e-16
-7.6e-05	-6.8e-05	1.08989e-15
-7.6e-05	-6.4e-05	1.90486e-17
-7.6e-05	-6e-05	-6.69204e-16
-7.6e-05	-5.6e-05	-1.50945e-16
-7.6e-05	-5.2e-05	1.75184e-15
-7.6e-05	-4.8e-05	2.46369e-17
-7.6e-05	-4.4e-05	3.98172e-16
-7.6e-05	-4e-05	-1.69683e-16
-7.6e-05	-3.6e-05	-2.51033e-15
-7.6e-05	-3.2e-05	-1.79502e-16
-7.6e-05	-2.8e-05	1.04179e-16
-7.6e-05	-2.4e-05	-4.69646e-16
-7.6e-05	-2e-05	1.66863e-15
-7.6e-05	-1.6e-05	-4.21056e-16
-7.6e-05	-1.2e-05	-2.83328e-15
-7.6e-05	-8e-06	-2.77873e-16
-7.6e-05	-4e-06	-9.60417e-16
-7.6e-05	0	2.0521e-15
-7.6e-05	4e-06	-2.02762e-15
-7.6e-05	8e-06	1.33886e-16
-7.6e-05	1.2e-05	3.2583e-15
-7.6e-05	1.6e-05	2.05602e-15
-7.6e-05	2e-05	1.08467e-16
-7.6e-05	2.4e-05	3.95022e-15
-7.6e-05	2.8e-05	5.69732e-16
-7.6e-05	3.2e-05	1.03101e-15
-7.6e-05	3.6e-05	1.21224e-15
-7.6e-05	4e-05	1.9866e-15
-7.6e-05	4.4e-05	-2.73728e-16
-7.6e-05	4.8e-05	1.28816e-15
-7.6e-05	5.2e-05	-1.18925e-16
-7.6e-05	5.6e-05	-5.29405e-16
-7.6e-05	6e-05	-6.40226e-16
-7.6e-05	6.4e-05	-8.23769e-17
-7.6e-05	6.8e-05	7.22514e-17
-7.6e-05	7.2e-05	-3.46874e-16
-7.6e-05	7.6e-05	-1.17205e-15
-7.2e-05	-8e-05	-6.2193e-16
-7.2e-05	-7.6e-05	1.36612e-15
-7.2e-05	-7.2e-05	-1.20099e-15
-7.2e-05	-6.8e-05	5.96439e-16
-7.2e-05	-6.4e-05	6.69062e-16
-7.2e-05	-6e-05	8.52166e-16
-7.2e-05	-5.6e-05	-2.51617e-16
-7.2e-05	-5.2e-05	-1.22656e-16
-7.2e-05	-4.8e-05	3.37293e-16
-7.2e-05	-4.4e-05	-1.38885e-16
-7.2e-05	-4e-05	-1.2909e-16
-7.2e-05	-3.6e-05	-3.93694e-16
-7.2e-05	-3.2e-05	-1.01245e-15
-7.2e-05	-2.8e-05	1.08048e-16
-7.2e-05	-2.4e-05	-2.13627e-15
-7.2e-05	-2e-05	-1.09979e-16
-7.2e-05	-1.6e-05	-5.11235e-16
-7.2e-05	-1.2e-05	2.04709e-15
-7.2e-05	-8e-06	-1.28489e-15
-7.2e-05	-4e-06	3.72919e-16
-7.2e-05	0	-1.77663e-17
-7.2e-05	4e-06	3.13659e-17
-7.2e-05	8e-06	2.86796e-17
-7.2e-05	1.2e-05	2.75249e-17
-7.2e-05	1.6e-05	-5.71982e-17
-7.2e-05	2e-05	-2.43161e-17
-7.2e-05	2.4e-05	4.42904e-17
-7.2e-05	2.8e-05	-3.88157e-17
-7.2e-05	3.2e-05	-1.02069e-16
-7.2e-05	3.6e-05	-3.37149e-17
-7.2e-05	4e-05	9.0623e-18
-7.2e-05	4.4e-05	-2.29501e-17
-7.2e-05	4.8e-05	-2.7958e-17
-7.2e-05	5.2e-05	2.37163e-16
-7.2e-05	5.6e-05	4.43154e-19
-7.2e-05	6e-05	-9.66303e-17
-7.2e-05	6.4e-05	-8.05205e-17
-7.2e-05	6.8e-05	4.08686e-16
-7.2e-05	7.2e-05	1.84236e-16
-7.2e-05	7.6e-05	-2.5389e-16
-6.8e-05	-8e-05	1.97638e-16
-6.8e-05	-7.6e-05	-4.38853e-16
-6.8e-05	-7.2e-05	2.30202e-16
-6.8e-05	-6.8e-05	9.12644e-16
-6.8e-05	-6.4e-05	-2.32114e-16
-6.8e-05	-6e-05	-6.23214e-16
-6.8e-05	-5.6e-05	-1.26731e-17
-6.8e-05	-5.2e-05	5.68097e-16
-6.8e-05	-4.8e-05	2.06536e-16
-6.8e-05	-4.4e-05	-1.16601e-16
-6.8e-05	-4e-05	5.51794e-17
-6.8e-05	-3.6e-05	-2.97199e-17
-6.8e-05	-3.2e-05	-2.40366e-17
-6.8e-05	-2.8e-05	-1.02598e-16
-6.8e-05	-2.4e-05	9.66774e-18
-6.8e-05	-2e-05	-1.22131e-16
-6.8e-05	-1.6e-05	-8.27256e-17
-6.8e-05	-1.2e-05	3.54788e-17
-6.8e-05	-8e-06	-9.87272e-17
-6.8e-05	-4e-06	2.11287e-17
-6.8e-05	0	2.59243e-17
-6.8e-05	4e-06	7.94496e-17
-6.8e-05	8e-06	9.1964e-17
-6.8e-05	1.2e-05	-4.28944e-18
-6.8e-05	1.6e-05	4.16384e-17
-6.8e-05	2e-05	2.74447e-17
-6.8e-05	2.4e-05	1.06199e-16
-6.8e-05	2.8e-05	2.39692e-17
-6.8e-05	3.2e-05	-6.8872e-17
-6.8e-05	3.6e-05	-2.91326e-17
-6.8e-05	4e-05	-3.45491e-17
-6.8e-05	4.4e-05	3.40896e-17
-6.8e-05	4.8e-05	-1.57739e-16
-6.8e-05	5.2e-05	-1.68226e-16
-6.8e-05	5.6e-05	3.63643e-16
-6.8e-05	6e-05	1.40258e-16
-6.8e-05	6.4e-05	-2.94936e-16
-6.8e-05	6.8e-05	-6.09505e-17
-6.8e-05	7.2e-05	3.21656e-16
-6.8e-05	7.6e-05	-3.15865e-17
-6.4e-05	-8e-05	3.1607e-16
-6.4e-05	-7.6e-05	7.50802e-18
-6.4e-05	-7.2e-05	4.94681e-16
-6.4e-05	-6.8e-05	-1.25009e-16
-6.4e-05	-6.4e-05	-5.91991e-16
-6.4e-05	-6e-05	2.60022e-16
-6.4e-05	-5.6e-05	5.33236e-16
-6.4e-05	-5.2e-05	-6.88404e-18
-6.4e-05	-4.8e-05	-1.67392e-16
-6.4e-05	-4.4e-05	1.62739e-16
-6.4e-05	-4e-05	-1.3845e-16
-6.4e-05	-3.6e-05	-1.1491e-16
-6.4e-05	-3.2e-05	-1.05313e-16
-6.4e-05	-2.8e-05	7.6405e-17
-6.4e-05	-2.4e-05	-1.09139e-16
-6.4e-05	-2e-05	4.13736e-17
-6.4e-05	-1.6e-05	-3.21808e-18
-6.4e-05	-1.2e-05	-1.0505e-16
-6.4e-05	-8e-06	-5.28711e-17
-6.4e-05	-4e-06	-9.90495e-17
-6.4e-05	0	-8.53367e-17
-6.4e-05	4e-06	-2.59553e-17
-6.4e-05	8e-06	-6.48408e-17
-6.4e-05	1.2e-05	-6.77856e-18
-6.4e-05	1.6e-05	-1.49288e-16
-6.4e-05	2e-05	-3.41866e-17
-6.4e-05	2.4e-05	2.99937e-17
-6.4e-05	2.8e-05	1.91144e-16
-6.4e-05	3.2e-05	1.32979e-16
-6.4e-05	3.6e-05	-7.27398e-17
-6.4e-05	4e-05	7.69936e-18
-6.4e-05	4.4e-05	-5.66858e-17
-6.4e-05	4.8e-05	-3.02383e-17
-6.4e-05	5.2e-05	-6.57412e-17
-6.4e-05	5.6e-05	-1.31558e-16
-6.4e-05	6e-05	2.30601e-16
-6.4e-05	6.4e-05	1.11233e-16
-6.4e-05	6.8e-05	-2.76154e-16
-6.4e-05	7.2e-05	4.32353e-17
-6.4e-05	7.6e-05	-2.64542e-16
-6e-05	-8e-05	9.15919e-17
-6e-05	-7.6e-05	-4.13228e-16
-6e-05	-7.2e-05	9.53816e-17
-6e-05	-6.8e-05	-5.84496e-16
-6e-05	-6.4e-05	1.275e-16
-6e-05	-6e-05	4.01638e-16
-6e-05	-5.6e-05	-1.22115e-16
-6e-05	-5.2e-05	2.46736e-16
-6e-05	-4.8e-05	3.82959e-16
-6e-05	-4.4e-05	-2.32606e-16
-6e-05	-4e-05	-2.23391e-16
-6e-05	-3.6e-05	-1.12426e-16
-6e-05	-3.2e-05	1.21035e-16
-6e-05	-2.8e-05	-1.67302e-16
-6e-05	-2.4e-05	-6.71404e-17
-6e-05	-2e-05	1.77758e-17
-6e-05	-1.6e-05	-1.17768e-16
-6e-05	-1.2e-05	-4.45605e-17
-6e-05	-8e-06	-1.39428e-16
-6e-05	-4e-06	-1.18008e-16
-6e-05	0	1.52663e-18
-6e-05	4e-06	4.4088e-18
-6e-05	8e-06	-2.35236e-17
-6e-05	1.2e-05	-1.84569e-16
-6e-05	1.6e-05	-1.32598e-16
-6e-05	2e-05	-8.6921e-17
-6e-05	2.4e-05	-1.2166e-17
-6e-05	2.8e-05	-1.37335e-16
-6e-05	3.2e-05	1.92706e-16
-6e-05	3.6e-05	1.87477e-16
-6e-05	4e-05	-9.54681e-17
-6e-05	4.4e-05	-1.44222e-16
-6e-05	4.8e-05	-1.96842e-16
-6e-05	5.2e-05	4.9048e-17
-6e-05	5.6e-05	-1.40243e-17
-6e-05	6e-05	4.11938e-18
-6e-05	6.4e-05	4.80205e-16
-6e-05	6.8e-05	-1.37134e-17
-6e-05	7.2e-05	3.05128e-16
-6e-05	7.6e-05	-9.7036e-17
-5.6e-05	-8e-05	6.49548e-17
-5.6e-05	-7.6e-05	-1.53876e-16
-5.6e-05	-7.2e-05	2.15196e-16
-5.6e-05	-6.8e-05	-1.02302e-16
-5.6e-05	-6.4e-05	8.36873e-16
-5.6e-05	-6e-05	-4.04231e-17
-5.6e-05	-5.6e-05	5.63276e-16
-5.6e-05	-5.2e-05	4.87683e-16
-5.6e-05	-4.8e-05	-6.1948e-16
-5.6e-05	-4.4e-05	-2.1905e-16
-5.6e-05	-4e-05	-3.3867e-16
-5.6e-05	-3.6e-05	3.06022e-17
-5.6e-05	-3.2e-05	-2.35489e-16
-5.6e-05	-2.8e-05	3.53756e-17
-5.6e-05	-2.4e-05	-1.63923e-16
-5.6e-05	-2e-05	9.65093e-17
-5.6e-05	-1.6e-05	-2.96e-17
-5.6e-05	-1.2e-05	-1.16372e-16
-5.6e-05	-8e-06	-2.635e-16
-5.6e-05	-4e-06	-8.14729e-17
-5.6e-05	0	-2.18885e-16
-5.6e-05	4e-06	7.28743e-17
-5.6e-05	8e-06	-1.91522e-16
-5.6e-05	1.2e-05	-1.66844e-16
-5.6e-05	1.6e-05	-1.7999e-16
-5.6e-05	2e-05	1.26325e-17
-5.6e-05	2.4e-05	-7.74416e-17
-5.6e-05	2.8e-05	-2.30191e-16
-5.6e-05	3.2e-05	-9.9467e-17
-5.6e-05	3.6e-05	2.58315e-16
-5.6e-05	4e-05	3.02522e-16
-5.6e-05	4.4e-05	-1.17949e-16
-5.6e-05	4.8e-05	-2.70478e-16
-5.6e-05	5.2e-05	-4.26852e-16
-5.6e-05	5.6e-05	2.24031e-16
-5.6e-05	6e-05	-2.04274e-16
-5.6e-05	6.4e-05	2.41412e-16
-5.6e-05	6.8e-05	3.27267e-16
-5.6e-05	7.2e-05	1.02395e-16
-5.6e-05	7.6e-05	4.08845e-16
-5.2e-05	-8e-05	-3.52913e-17
-5.2e-05	-7.6e-05	4.63345e-16
-5.2e-05	-7.2e-05	2.42314e-17
-5.2e-05	-6.8e-05	5.25846e-16
-5.2e-05	-6.4e-05	3.57175e-16
-5.2e-05	-6e-05	-5.38267e-17
-5.2e-05	-5.6e-05	5.46768e-16
-5.2e-05	-5.2e-05	-9.17088e-16
-5.2e-05	-4.8e-05	-2.08022e-16
-5.2e-05	-4.4e-05	6.70404e-17
-5.2e-05	-4e-05	2.5995e-17
-5.2e-05	-3.6e-05	-1.19041e-16
-5.2e-05	-3.2e-05	1.34102e-16
-5.2e-05	-2.8e-05	-2.56032e-16
-5.2e-05	-2.4e-05	-2.29677e-16
-5.2e-05	-2e-05	6.01259e-17
-5.2e-05	-1.6e-05	-1.44886e-16
-5.2e-05	-1.2e-05	-7.59311e-17
-5.2e-05	-8e-06	-2.59382e-16
-5.2e-05	-4e-06	-1.82386e-16
-5.2e-05	0	1.37268e-18
-5.2e-05	4e-06	-1.29309e-16
-5.2e-05	8e-06	-5.58062e-17
-5.2e-05	1.2e-05	-2.65761e-16
-5.2e-05	1.6e-05	-4.26681e-17
-5.2e-05	2e-05	-1.39068e-16
-5.2e-05	2.4e-05	1.16656e-16
-5.2e-05	2.8e-05	-3.58607e-16
-5.2e-05	3.2e-05	-3.03282e-16
-5.2e-05	3.6e-05	1.00769e-16
-5.2e-05	4e-05	1.62872e-16
-5.2e-05	4.4e-05	2.0606e-17
-5.2e-05	4.8e-05	9.50852e-18
-5.2e-05	5.2e-05	-9.39311e-17
-5.2e-05	5.6e-05	-3.58882e-16
-5.2e-05	6e-05	1.19297e-16
-5.2e-05	6.4e-05	-1.90867e-16
-5.2e-05	6.8e-05	3.35107e-16
-5.2e-05	7.2e-05	-1.0341e-16
-5.2e-05	7.6e-05	2.67813e-16
-4.8e-05	-8e-05	-6.59769e-18
-4.8e-05	-7.6e-05	2.45809e-16
-4.8e-05	-7.2e-05	-5.88894e-17
-4.8e-05	-6.8e-05	4.49881e-16
-4.8e-05	-6.4e-05	-2.53929e-16
-4.8e-05	-6e-05	4.27923e-16
-4.8e-05	-5.6e-05	-4.75235e-16
-4.8e-05	-5.2e-05	-1.49737e-16
-4.8e-05	-4.8e-05	1.85622e-16
-4.8e-05	-4.4e-05	-1.65519e-16
-4.8e-05	-4e-05	-4.76022e-16
-4.8e-05	-3.6e-05	1.25164e-16
-4.8e-05	-3.2e-05	-3.28028e-16
-4.8e-05	-2.8e-05	-1.56748e-17
-4.8e-05	-2.4e-05	8.12787e-17
-4.8e-05	-2e-05	-3.94976e-16
-4.8e-05	-1.6e-05	1.33097e-16
-4.8e-05	-1.2e-05	-2.88464e-16
-4.8e-05	-8e-06	-2.1787e-17
-4.8e-05	-4e-06	-2.79061e-17
-4.8e-05	0	1.23821e-16
-4.8e-05	4e-06	-9.55549e-17
-4.8e-05	8e-06	-8.90085e-17
-4.8e-05	1.2e-05	-5.99469e-17
-4.8e-05	1.6e-05	-1.10175e-16
-4.8e-05	2e-05	2.71549e-17
-4.8e-05	2.4e-05	-5.163e-16
-4.8e-05	2.8e-05	2.04409e-16
-4.8e-05	3.2e-05	-5.54707e-17
-4.8e-05	3.6e-05	-2.49014e-16
-4.8e-05	4e-05	-1.04426e-16
-4.8e-05	4.4e-05	-2.31464e-16
-4.8e-05	4.8e-05	-2.2027e-16
-4.8e-05	5.2e-05	-1.17228e-16
-4.8e-05	5.6e-05	-1.01452e-16
-4.8e-05	6e-05	-1.93832e-16
-4.8e-05	6.4e-05	4.53499e-17
-4.8e-05	6.8e-05	-2.97004e-16
-4.8e-05	7.2e-05	2.2188e-16
-4.8e-05	7.6e-05	-3.10624e-16
-4.4e-05	-8e-05	1.26175e-16
-4.4e-05	-7.6e-05	-2.96155e-16
-4.4e-05	-7.2e-05	2.34911e-16
-4.4e-05	-6.8e-05	-3.15275e-16
-4.4e-05	-6.4e-05	1.00864e-16
-4.4e-05	-6e-05	-3.56676e-16
-4.4e-05	-5.6e-05	-1.69593e-16
-4.4e-05	-5.2e-05	-2.77279e-16
-4.4e-05	-4.8e-05	-1.23456e-16
-4.4e-05	-4.4e-05	-7.44909e-16
-4.4e-05	-4e-05	-6.53127e-17
-4.4e-05	-3.6e-05	1.69785e-17
-4.4e-05	-3.2e-05	1.74091e-16
-4.4e-05	-2.8e-05	2.67969e-16
-4.4e-05	-2.4e-05	-1.50965e-16
-4.4e-05	-2e-05	3.17639e-16
-4.4e-05	-1.6e-05	-3.17685e-16
-4.4e-05	-1.2e-05	-1.96568e-16
-4.4e-05	-8e-06	-4.98361e-17
-4.4e-05	-4e-06	1.68773e-17
-4.4e-05	0	1.2018e-16
-4.4e-05	4e-06	3.28622e-16
-4.4e-05	8e-06	1.58305e-16
-4.4e-05	1.2e-05	-1.02555e-16
-4.4e-05	1.6e-05	-3.29599e-18
-4.4e-05	2e-05	-2.19599e-16
-4.4e-05	2.4e-05	-3.47896e-16
-4.4e-05	2.8e-05	-7.45736e-16
-4.4e-05	3.2e-05	2.69001e-16
-4.4e-05	3.6e-05	-3.88192e-17
-4.4e-05	4e-05	-1.0163e-16
-4.4e-05	4.4e-05	-2.66859e-16
-4.4e-05	4.8e-05	-1.76365e-16
-4.4e-05	5.2e-05	-9.19323e-17
-4.4e-05	5.6e-05	-2.38127e-16
-4.4e-05	6e-05	-7.6532e-17
-4.4e-05	6.4e-05	-3.38826e-16
-4.4e-05	6.8e-05	-3.90327e-17
-4.4e-05	7.2e-05	-3.48087e-16
-4.4e-05	7.6e-05	-1.17852e-16
-4e-05	-8e-05	-3.99905e-16
-4e-05	-7.6e-05	4.23124e-17
-4e-05	-7.2e-05	-3.95144e-16
-4e-05	-6.8e-05	-6.01914e-17
-4e-05	-6.4e-05	-2.762e-16
-4e-05	-6e-05	-1.44796e-16
-4e-05	-5.6e-05	-2.87392e-16
-4e-05	-5.2e-05	2.00379e-17
-4e-05	-4.8e-05	-3.10669e-16
-4e-05	-4.4e-05	1.5563e-16
-4e-05	-4e-05	1.67423e-16
-4e-05	-3.6e-05	-4.81442e-17
-4e-05	-3.2e-05	-2.00082e-17
-4e-05	-2.8e-05	-4.41411e-16
-4e-05	-2.4e-05	9.76653e-17
-4e-05	-2e-05	-4.12097e-16
-4e-05	-1.6e-05	4.95614e-17
-4e-05	-1.2e-05	-1.32095e-16
-4e-05	-8e-06	9.60335e-17
-4e-05	-4e-06	-1.29965e-16
-4e-05	0	2.53532e-16
-4e-05	4e-06	-2.99679e-16
-4e-05	8e-06	3.17101e-16
-4e-05	1.2e-05	-7.35787e-18
-4e-05	1.6e-05	3.3466e-16
-4e-05	2e-05	5.67124e-16
-4e-05	2.4e-05	-3.0572e-16
-4e-05	2.8e-05	-4.20866e-17
-4e-05	3.2e-05	-2.69671e-16
-4e-05	3.6e-05	3.5472e-17
-4e-05	4e-05	-4.24623e-16
-4e-05	4.4e-05	-2.00074e-16
-4e-05	4.8e-05	-1.25035e-16
-4e-05	5.2e-05	-4.53839e-17
-4e-05	5.6e-05	1.06882e-16
-4e-05	6e-05	-1.87241e-16
-4e-05	6.4e-05	-6.69557e-17
-4e-05	6.8e-05	-2.26966e-16
-4e-05	7.2e-05	-1.51548e-16
-4e-05	7.6e-05	-3.12182e-16
-3.6e-05	-8e-05	-1.08319e-16
-3.6e-05	-7.6e-05	-3.06034e-16
-3.6e-05	-7.2e-05	-1.56587e-16
-3.6e-05	-6.8e-05	-2.74014e-16
-3.6e-05	-6.4e-05	-9.33345e-17
-3.6e-05	-6e-05	-2.40588e-16
-3.6e-05	-5.6e-05	1.74906e-16
-3.6e-05	-5.2e-05	-3.22308e-16
-3.6e-05	-4.8e-05	1.12065e-16
-3.6e-05	-4.4e-05	-1.9415e-16
-3.6e-05	-4e-05	-9.76112e-17
-3.6e-05	-3.6e-05	-2.98293e-16
-3.6e-05	-3.2e-05	-3.49967e-16
-3.6e-05	-2.8e-05	4.90948e-16
-3.6e-05	-2.4e-05	-3.44414e-16
-3.6e-05	-2e-05	7.845e-17
-3.6e-05	-1.6e-05	-6.95729e-16
-3.6e-05	-1.2e-05	-1.53609e-14
-3.6e-05	-8e-06	1.53816e-14
-3.6e-05	-4e-06	-1.78046e-14
-3.6e-05	0	2.60738e-14
-3.6e-05	4e-06	-2.20215e-14
-3.6e-05	8e-06	6.9163e-15
-3.6e-05	1.2e-05	8.4386e-16
-3.6e-05	1.6e-05	-2.93924e-17
-3.6e-05	2e-05	1.71757e-16
-3.6e-05	2.4e-05	-3.00194e-16
-3.6e-05	2.8e-05	-1.92925e-16
-3.6e-05	3.2e-05	4.34148e-16
-3.6e-05	3.6e-05	-2.28356e-16
-3.6e-05	4e-05	-2.18341e-16
-3.6e-05	4.4e-05	-3.55247e-16
-3.6e-05	4.8e-05	-1.72409e-16
-3.6e-05	5.2e-05	-1.60517e-16
-3.6e-05	5.6e-05	-3.24816e-16
-3.6e-05	6e-05	1.20215e-16
-3.6e-05	6.4e-05	-2.25097e-16
-3.6e-05	6.8e-05	8.36583e-17
-3.6e-05	7.2e-05	-4.26814e-16
-3.6e-05	7.6e-05	-8.28544e-18
-3.2e-05	-8e-05	-3.93933e-16
-3.2e-05	-7.6e-05	1.09753e-16
-3.2e-05	-7.2e-05	-3.73338e-16
-3.2e-05	-6.8e-05	3.04921e-17
-3.2e-05	-6.4e-05	-3.50517e-16
-3.2e-05	-6e-05	1.45369e-16
-3.2e-05	-5.6e-05	-3.98981e-16
-3.2e-05	-5.2e-05	2.12419e-16
-3.2e-05	-4.8e-05	-2.99356e-16
-3.2e-05	-4.4e-05	-2.45577e-17
-3.2e-05	-4e-05	5.45343e-17
-3.2e-05	-3.6e-05	-6.08006e-16
-3.2e-05	-3.2e-05	5.40674e-16
-3.2e-05	-2.8e-05	-4.20177e-16
-3.2e-05	-2.4e-05	-1.02575e-16
-3.2e-05	-2e-05	-2.66202e-15
-3.2e-05	-1.6e-05	-9.30292e-14
-3.2e-05	-1.2e-05	-2.24914e-12
-3.2e-05	-8e-06	2.29041e-12
-3.2e-05	-4e-06	-2.64016e-12
-3.2e-05	0	3.89625e-12
-3.2e-05	4e-06	-3.23373e-12
-3.2e-05	8e-06	1.07025e-12
-3.2e-05	1.2e-05	4.57884e-14
-3.2e-05	1.6e-05	1.59228e-15
-3.2e-05	2e-05	2.40256e-16
-3.2e-05	2.4e-05	1.53544e-16
-3.2e-05	2.8e-05	-1.94304e-17
-3.2e-05	3.2e-05	-1.02171e-16
-3.2e-05	3.6e-05	3.23248e-16
-3.2e-05	4e-05	-6.76889e-16
-3.2e-05	4.4e-05	3.70773e-17
-3.2e-05	4.8e-05	-2.15454e-16
-3.2e-05	5.2e-05	-7.59065e-17
-3.2e-05	5.6e-05	2.30454e-17
-3.2e-05	6e-05	-7.54741e-17
-3.2e-05	6.4e-05	-9.26276e-17
-3.2e-05	6.8e-05	-2.46677e-16
-3.2e-05	7.2e-05	-8.03707e-17
-3.2e-05	7.6e-05	-3.79154e-16
-2.8e-05	-8e-05	2.62909e-17
-2.8e-05	-7.6e-05	-2.59475e-16
-2.8e-05	-7.2e-05	4.99736e-17
-2.8e-05	-6.8e-05	-3.01238e-16
-2.8e-05	-6.4e-05	-4.06994e-17
-2.8e-05	-6e-05	-2.85758e-16
-2.8e-05	-5.6e-05	1.16305e-17
-2.8e-05	-5.2e-05	-2.55838e-16
-2.8e-05	-4.8e-05	-1.20376e-16
-2.8e-05	-4.4e-05	2.84835e-16
-2.8e-05	-4e-05	-5.73711e-16
-2.8e-05	-3.6e-05	3.06519e-16
-2.8e-05	-3.2e-05	-5.75709e-16
-2.8e-05	-2.8e-05	-1.20156e-16
-2.8e-05	-2.4e-05	-3.69532e-15
-2.8e-05	-2e-05	-2.34312e-13
-2.8e-05	-1.6e-05	-1.14791e-11
-2.8e-05	-1.2e-05	-3.33906e-10
-2.8e-05	-8e-06	3.42646e-10
-2.8e-05	-4e-06	-3.95515e-10
-2.8e-05	0	5.80467e-10
-2.8e-05	4e-06	-4.81745e-10
-2.8e-05	8e-06	1.61112e-10
-2.8e-05	1.2e-05	5.70113e-12
-2.8e-05	1.6e-05	1.17382e-13
-2.8e-05	2e-05	1.73241e-15
-2.8e-05	2.4e-05	1.43707e-16
-2.8e-05	2.8e-05	1.94944e-16
-2.8e-05	3.2e-05	1.07832e-16
-2.8e-05	3.6e-05	-4.04951e-16
-2.8e-05	4e-05	2.02761e-17
-2.8e-05	4.4e-05	-5.55144e-16
-2.8e-05	4.8e-05	-1.03901e-16
-2.8e-05	5.2e-05	-1.21372e-16
-2.8e-05	5.6e-05	7.12862e-17
-2.8e-05	6e-05	-8.82359e-17
-2.8e-05	6.4e-05	-9.97252e-17
-2.8e-05	6.8e-05	-2.12086e-16
-2.8e-05	7.2e-05	-3.47498e-16
-2.8e-05	7.6e-05	-1.44112e-16
-2.4e-05	-8e-05	-3.07605e-16
-2.4e-05	-7.6e-05	9.3952e-17
-2.4e-05	-7.2e-05	-1.79062e-16
-2.4e-05	-6.8e-05	-6.84336e-17
-2.4e-05	-6.4e-05	-2.57491e-16
-2.4e-05	-6e-05	-7.86519e-17
-2.4e-05	-5.6e-05	-3.31096e-17
-2.4e-05	-5.2e-05	-1.35325e-16
-2.4e-05	-4.8e-05	2.49915e-16
-2.4e-05	-4.4e-05	-1.71404e-16
-2.4e-05	-4e-05	3.65165e-16
-2.4e-05	-3.6e-05	-6.13212e-16
-2.4e-05	-3.2e-05	-8.29752e-17
-2.4e-05	-2.8e-05	-3.81076e-15
-2.4e-05	-2.4e-05	-3.13533e-13
-2.4e-05	-2e-05	-2.31095e-11
-2.4e-05	-1.6e-05	-1.35864e-09
-2.4e-05	-1.2e-05	-4.95703e-08
-2.4e-05	-8e-06	5.12574e-08
-2.4e-05	-4e-06	-5.92474e-08
-2.4e-05	0	8.64753e-08
-2.4e-05	4e-06	-7.17816e-08
-2.4e-05	8e-06	2.42344e-08
-2.4e-05	1.2e-05	6.7954e-10
-2.4e-05	1.6e-05	1.16691e-11
-2.4e-05	2e-05	1.59299e-13
-2.4e-05	2.4e-05	2.36025e-15
-2.4e-05	2.8e-05	4.12336e-16
-2.4e-05	3.2e-05	-2.01726e-16
-2.4e-05	3.6e-05	-1.26476e-16
-2.4e-05	4e-05	-5.15693e-16
-2.4e-05	4.4e-05	-2.26509e-16
-2.4e-05	4.8e-05	-3.02165e-16
-2.4e-05	5.2e-05	3.22068e-16
-2.4e-05	5.6e-05	-1.81464e-16
-2.4e-05	6e-05	2.97585e-16
-2.4e-05	6.4e-05	-2.70877e-16
-2.4e-05	6.8e-05	5.18354e-17
-2.4e-05	7.2e-05	-3.02174e-16
-2.4e-05	7.6e-05	-3.85267e-17
-2e-05	-8e-05	-1.53041e-16
-2e-05	-7.6e-05	7.50124e-17
-2e-05	-7.2e-05	-2.56528e-16
-2e-05	-6.8e-05	1.10929e-16
-2e-05	-6.4e-05	-4.22254e-16
-2e-05	-6e-05	1.48663e-16
-2e-05	-5.6e-05	-3.17345e-16
-2e-05	-5.2e-05	3.25936e-16
-2e-05	-4.8e-05	-3.89981e-16
-2e-05	-4.4e-05	3.8288e-16
-2e-05	-4e-05	-5.90294e-16
-2e-05	-3.6e-05	-1.62126e-16
-2e-05	-3.2e-05	-2.79752e-15
-2e-05	-2.8e-05	-2.35876e-13
-2e-05	-2.4e-05	-2.31757e-11
-2e-05	-2e-05	-2.04882e-09
-2e-05	-1.6e-05	-1.50755e-07
-2e-05	-1.2e-05	-7.35975e-06
-2e-05	-8e-06	7.66745e-06
-2e-05	-4e-06	-8.87461e-06
-2e-05	0	1.2883e-05
-2e-05	4e-06	-1.06959e-05
-2e-05	8e-06	3.6448e-06
-2e-05	1.2e-05	7.59606e-08
-2e-05	1.6e-05	1.04112e-09
-2e-05	2e-05	1.18506e-11
-2e-05	2.4e-05	1.21248e-13
-2e-05	2.8e-05	2.0028e-15
-2e-05	3.2e-05	4.25753e-16
-2e-05	3.6e-05	-4.35561e-16
-2e-05	4e-05	1.80477e-16
-2e-05	4.4e-05	-3.21014e-16
-2e-05	4.8e-05	8.36708e-17
-2e-05	5.2e-05	-1.0814e-16
-2e-05	5.6e-05	2.12985e-16
-2e-05	6e-05	-2.04828e-16
-2e-05	6.4e-05	2.56155e-16
-2e-05	6.8e-05	-5.26871e-16
-2e-05	7.2e-05	1.50567e-16
-2e-05	7.6e-05	-3.71269e-16
-1.6e-05	-8e-05	1.95915e-16
-1.6e-05	-7.6e-05	-4.04081e-16
-1.6e-05	-7.2e-05	2.05763e-16
-1.6e-05	-6.8e-05	-4.46403e-16
-1.6e-05	-6.4e-05	6.15575e-17
-1.6e-05	-6e-05	-6.08035e-16
-1.6e-05	-5.6e-05	1.45243e-16
-1.6e-05	-5.2e-05	-3.41858e-16
-1.6e-05	-4.8e-05	2.04905e-16
-1.6e-05	-4.4e-05	-1.82968e-16
-1.6e-05	-4e-05	-1.12275e-16
-1.6e-05	-3.6e-05	-9.47675e-16
-1.6e-05	-3.2e-05	-9.46161e-14
-1.6e-05	-2.8e-05	-1.15975e-11
-1.6e-05	-2.4e-05	-1.36842e-09
-1.6e-05	-2e-05	-1.5134e-07
-1.6e-05	-1.6e-05	-1.48688e-05
-1.6e-05	-1.2e-05	-0.00109282
-1.6e-05	-8e-06	0.00114691
-1.6e-05	-4e-06	-0.00132924
-1.6e-05	0	0.00191936
-1.6e-05	4e-06	-0.00159379
-1.6e-05	8e-06	0.000548098
-1.6e-05	1.2e-05	7.55546e-06
-1.6e-05	1.6e-05	7.75504e-08
-1.6e-05	2e-05	7.06268e-10
-1.6e-05	2.4e-05	6.02585e-12
-1.6e-05	2.8e-05	4.97915e-14
-1.6e-05	3.2e-05	-1.19546e-16
-1.6e-05	3.6e-05	-1.8632e-16
-1.6e-05	4e-05	-2.54667e-16
-1.6e-05	4.4e-05	-1.86776e-16
-1.6e-05	4.8e-05	-2.40864e-17
-1.6e-05	5.2e-05	-3.51659e-18
-1.6e-05	5.6e-05	-9.32395e-18
-1.6e-05	6e-05	2.14113e-16
-1.6e-05	6.4e-05	-3.44628e-16
-1.6e-05	6.8e-05	3.52012e-17
-1.6e-05	7.2e-05	-4.23124e-16
-1.6e-05	7.6e-05	5.78341e-17
-1.2e-05	-8e-05	-1.97389e-16
-1.2e-05	-7.6e-05	1.84168e-16
-1.2e-05	-7.2e-05	-3.78869e-16
-1.2e-05	-6.8e-05	1.4332e-16
-1.2e-05	-6.4e-05	-3.9241e-16
-1.2e-05	-6e-05	-7.61917e-17
-1.2e-05	-5.6e-05	-2.42878e-16
-1.2e-05	-5.2e-05	4.40782e-17
-1.2e-05	-4.8e-05	-9.49775e-17
-1.2e-05	-4.4e-05	6.42925e-17
-1.2e-05	-4e-05	-1.8432e-16
-1.2e-05	-3.6e-05	-1.56565e-14
-1.2e-05	-3.2e-05	-2.3137e-12
-1.2e-05	-2.8e-05	-3.41537e-10
-1.2e-05	-2.4e-05	-5.04269e-08
-1.2e-05	-2e-05	-7.44606e-06
-1.2e-05	-1.6e-05	-0.00109959
-1.2e-05	-1.2e-05	-0.162283
-1.2e-05	-8e-06	0.17155
-1.2e-05	-4e-06	-0.199081
-1.2e-05	0	0.28596
-1.2e-05	4e-06	-0.237495
-1.2e-05	8e-06	0.0824111
-1.2e-05	1.2e-05	0.000565958
-1.2e-05	1.6e-05	3.87922e-06
-1.2e-05	2e-05	2.65858e-08
-1.2e-05	2.4e-05	1.8218e-10
-1.2e-05	2.8e-05	1.24835e-12
-1.2e-05	3.2e-05	8.33644e-15
-1.2e-05	3.6e-05	-5.62574e-16
-1.2e-05	4e-05	7.17497e-17
-1.2e-05	4.4e-05	-1.31124e-16
-1.2e-05	4.8e-05	-1.36689e-16
-1.2e-05	5.2e-05	6.80773e-17
-1.2e-05	5.6e-05	4.23286e-17
-1.2e-05	6e-05	-1.58426e-16
-1.2e-05	6.4e-05	-1.37291e-16
-1.2e-05	6.8e-05	-3.56886e-16
-1.2e-05	7.2e-05	8.9471e-17
-1.2e-05	7.6e-05	-2.46393e-16
-8e-06	-8e-05	-1.80519e-17
-8e-06	-7.6e-05	-2.92843e-16
-8e-06	-7.2e-05	6.37231e-17
-8e-06	-6.8e-05	-3.55318e-16
-8e-06	-6.4e-05	-7.72114e-17
-8e-06	-6e-05	-1.64106e-16
-8e-06	-5.6e-05	-2.03278e-16
-8e-06	-5.2e-05	-1.80637e-16
-8e-06	-4.8e-05	1.00169e-16
-8e-06	-4.4e-05	8.39911e-17
-8e-06	-4e-05	5.26017e-17
-8e-06	-3.6e-05	3.18124e-15
-8e-06	-3.2e-05	4.85413e-13
-8e-06	-2.8e-05	7.39988e-11
-8e-06	-2.4e-05	1.12737e-08
-8e-06	-2e-05	1.71633e-06
-8e-06	-1.6e-05	0.000261123
-8e-06	-1.2e-05	0.0397875
-8e-06	-8e-06	0.125942
-8e-06	-4e-06	-0.184308
-8e-06	0	0.04414
-8e-06	4e-06	-0.0424451
-8e-06	8e-06	0.132286
-8e-06	1.2e-05	0.000891451
-8e-06	1.6e-05	6.00982e-06
-8e-06	2e-05	4.05184e-08
-8e-06	2.4e-05	2.73194e-10
-8e-06	2.8e-05	1.84212e-12
-8e-06	3.2e-05	1.17643e-14
-8e-06	3.6e-05	2.11362e-16
-8e-06	4e-05	-1.27438e-16
-8e-06	4.4e-05	-2.63435e-16
-8e-06	4.8e-05	1.67054e-16
-8e-06	5.2e-05	1.17143e-16
-8e-06	5.6e-05	2.80525e-17
-8e-06	6e-05	-4.64337e-17
-8e-06	6.4e-05	-2.81473e-16
-8e-06	6.8e-05	-1.0675e-16
-8e-06	7.2e-05	-1.77081e-16
-8e-06	7.6e-05	-1.42871e-16
-4e-06	-8e-05	-1.21738e-16
-4e-06	-7.6e-05	-7.74944e-17
-4e-06	-7.2e-05	-5.37302e-17
-4e-06	-6.8e-05	1.82378e-17
-4e-06	-6.4e-05	-5.64876e-17
-4e-06	-6e-05	-1.96756e-16
-4e-06	-5.6e-05	-6.23555e-17
-4e-06	-5.2e-05	-7.27109e-17
-4e-06	-4.8e-05	2.45913e-16
-4e-06	-4.4e-05	2.48176e-16
-4e-06	-4e-05	-1.30425e-17
-4e-06	-3.6e-05	-6.39204e-16
-4e-06	-3.2e-05	-1.13483e-13
-4e-06	-2.8e-05	-1.9979e-11
-4e-06	-2.4e-05	-3.43451e-09
-4e-06	-2e-05	-5.79134e-07
-4e-06	-1.6e-05	-9.62151e-05
-4e-06	-1.2e-05	-0.0158143
-4e-06	-8e-06	-0.199021
-4e-06	-4e-06	0.280696
-4e-06	0	-0.119486
-4e-06	4e-06	0.119034
-4e-06	8e-06	-0.199647
-4e-06	1.2e-05	-0.00134804
-4e-06	1.6e-05	-9.09678e-06
-4e-06	2e-05	-6.139e-08
-4e-06	2.4e-05	-4.14317e-10
-4e-06	2.8e-05	-2.79696e-12
-4e-06	3.2e-05	-1.89228e-14
-4e-06	3.6e-05	-3.24123e-16
-4e-06	4e-05	5.32961e-17
-4e-06	4.4e-05	-5.04745e-17
-4e-06	4.8e-05	-9.08225e-17
-4e-06	5.2e-05	6.30299e-17
-4e-06	5.6e-05	1.2415e-16
-4e-06	6e-05	-1.89505e-16
-4e-06	6.4e-05	2.33276e-17
-4e-06	6.8e-05	-2.09945e-16
-4e-06	7.2e-05	-1.31302e-16
-4e-06	7.6e-05	3.77523e-17
0	-8e-05	-1.13664e-16
0	-7.6e-05	-1.12775e-16
0	-7.2e-05	3.84183e-17
0	-6.8e-05	-1.02847e-16
0	-6.4e-05	-1.34857e-17
0	-6e-05	-1.19333e-17
0	-5.6e-05	-2.21206e-16
0	-5.2e-05	-1.10899e-16
0	-4.8e-05	2.77484e-16
0	-4.4e-05	1.47111e-16
0	-4e-05	3.06848e-16
0	-3.6e-05	1.85874e-14
0	-3.2e-05	2.79633e-12
0	-2.8e-05	4.14316e-10
0	-2.4e-05	6.139e-08
0	-2e-05	9.09678e-06
0	-1.6e-05	0.00134804
0	-1.2e-05	0.199647
0	-8e-06	-0.119034
0	-4e-06	0.119486
0	0	-0.280696
0	4e-06	0.199021
0	8e-06	0.0158143
0	1.2e-05	9.62151e-05
0	1.6e-05	5.79134e-07
0	2e-05	3.43451e-09
0	2.4e-05	1.99785e-11
0	2.8e-05	1.1301e-13
0	3.2e-05	1.49166e-16
0	3.6e-05	7.63852e-17
0	4e-05	-2.30398e-16
0	4.4e-05	-3.20148e-16
0	4.8e-05	-3.72922e-17
0	5.2e-05	1.1754e-16
0	5.6e-05	-6.62926e-17
0	6e-05	8.74004e-18
0	6.4e-05	-1.79277e-16
0	6.8e-05	-1.24637e-17
0	7.2e-05	-3.15817e-17
0	7.6e-05	3.43679e-17
4e-06	-8e-05	-1.00405e-16
4e-06	-7.6e-05	8.30567e-17
4e-06	-7.2e-05	-7.90085e-17
4e-06	-6.8e-05	1.87338e-16
4e-06	-6.4e-05	-3.99398e-17
4e-06	-6e-05	2.02892e-17
4e-06	-5.6e-05	-6.88481e-17
4e-06	-5.2e-05	-1.34128e-16
4e-06	-4.8e-05	-1.82443e-16
4e-06	-4.4e-05	1.62176e-16
4e-06	-4e-05	-3.8595e-16
4e-06	-3.6e-05	-1.26532e-14
4e-06	-3.2e-05	-1.84252e-12
4e-06	-2.8e-05	-2.73194e-10
4e-06	-2.4e-05	-4.05184e-08
4e-06	-2e-05	-6.00982e-06
4e-06	-1.6e-05	-0.000891451
4e-06	-1.2e-05	-0.132286
4e-06	-8e-06	0.0424451
4e-06	-4e-06	-0.04414
4e-06	0	0.184308
4e-06	4e-06	-0.125942
4e-06	8e-06	-0.0397875
4e-06	1.2e-05	-0.000261123
4e-06	1.6e-05	-1.71633e-06
4e-06	2e-05	-1.12737e-08
4e-06	2.4e-05	-7.39989e-11
4e-06	2.8e-05	-4.85597e-13
4e-06	3.2e-05	-2.89917e-15
4e-06	3.6e-05	-2.16525e-16
4e-06	4e-05	-1.87348e-16
4e-06	4.4e-05	-3.13272e-16
4e-06	4.8e-05	-1.35662e-16
4e-06	5.2e-05	-2.76312e-16
4e-06	5.6e-05	-2.38718e-16
4e-06	6e-05	-3.68321e-16
4e-06	6.4e-05	-2.12904e-16
4e-06	6.8e-05	-2.1713e-16
4e-06	7.2e-05	-1.35021e-16
4e-06	7.6e-05	-1.80168e-16
8e-06	-8e-05	-5.64219e-17
8e-06	-7.6e-05	-1.65431e-16
8e-06	-7.2e-05	-9.94356e-17
8e-06	-6.8e-05	-1.22108e-16
8e-06	-6.4e-05	-8.94542e-17
8e-06	-6e-05	-3.18913e-16
8e-06	-5.6e-05	-2.54196e-16
8e-06	-5.2e-05	-3.53602e-16
8e-06	-4.8e-05	-3.29409e-16
8e-06	-4.4e-05	-3.14775e-16
8e-06	-4e-05	1.96514e-16
8e-06	-3.6e-05	-8.89203e-15
8e-06	-3.2e-05	-1.24865e-12
8e-06	-2.8e-05	-1.82181e-10
8e-06	-2.4e-05	-2.65858e-08
8e-06	-2e-05	-3.87922e-06
8e-06	-1.6e-05	-0.000565958
8e-06	-1.2e-05	-0.0824111
8e-06	-8e-06	0.237495
8e-06	-4e-06	-0.28596
8e-06	0	0.199081
8e-06	4e-06	-0.17155
8e-06	8e-06	0.162283
8e-06	1.2e-05	0.00109959
8e-06	1.6e-05	7.44606e-06
8e-06	2e-05	5.04269e-08
8e-06	2.4e-05	3.41537e-10
8e-06	2.8e-05	2.31389e-12
8e-06	3.2e-05	1.56894e-14
8e-06	3.6e-05	1.94955e-16
8e-06	4e-05	-2.1674e-16
8e-06	4.4e-05	4.69001e-17
8e-06	4.8e-05	-3.59278e-16
8e-06	5.2e-05	-1.23876e-16
8e-06	5.6e-05	-5.01565e-16
8e-06	6e-05	-2.74489e-16
8e-06	6.4e-05	-5.61248e-16
8e-06	6.8e-05	-2.26888e-16
8e-06	7.2e-05	-3.8181e-16
8e-06	7.6e-05	-3.63305e-16
1.2e-05	-8e-05	-4.32989e-16
1.2e-05	-7.6e-05	-1.83431e-16
1.2e-05	-7.2e-05	-3.40518e-16
1.2e-05	-6.8e-05	-2.64242e-16
1.2e-05	-6.4e-05	-4.42109e-16
1.2e-05	-6e-05	-3.05011e-16
1.2e-05	-5.6e-05	-4.57371e-16
1.2e-05	-5.2e-05	-3.92457e-16
1.2e-05	-4.8e-05	-4.53523e-16
1.2e-05	-4.4e-05	1.45826e-16
1.2e-05	-4e-05	-1.07207e-16
1.2e-05	-3.6e-05	6.86631e-16
1.2e-05	-3.2e-05	-4.93102e-14
1.2e-05	-2.8e-05	-6.02598e-12
1.2e-05	-2.4e-05	-7.06269e-10
1.2e-05	-2e-05	-7.75504e-08
1.2e-05	-1.6e-05	-7.55546e-06
1.2e-05	-1.2e-05	-0.000548098
1.2e-05	-8e-06	0.00159379
1.2e-05	-4e-06	-0.00191936
1.2e-05	0	0.00132924
1.2e-05	4e-06	-0.00114691
1.2e-05	8e-06	0.00109282
1.2e-05	1.2e-05	1.48688e-05
1.2e-05	1.6e-05	1.5134e-07
1.2e-05	2e-05	1.36842e-09
1.2e-05	2.4e-05	1.15975e-11
1.2e-05	2.8e-05	9.43541e-14
1.2e-05	3.2e-05	7.31292e-16
1.2e-05	3.6e-05	-2.55108e-17
1.2e-05	4e-05	8.42083e-18
1.2e-05	4.4e-05	-8.53418e-18
1.2e-05	4.8e-05	2.66206e-16
1.2e-05	5.2e-05	-2.90564e-16
1.2e-05	5.6e-05	1.22717e-16
1.2e-05	6e-05	-2.10103e-16
1.2e-05	6.4e-05	1.13951e-16
1.2e-05	6.8e-05	-3.75074e-16
1.2e-05	7.2e-05	-7.45924e-17
1.2e-05	7.6e-05	-4.06176e-16
1.6e-05	-8e-05	-4.71956e-17
1.6e-05	-7.6e-05	-3.92775e-16
1.6e-05	-7.2e-05	4.08817e-17
1.6e-05	-6.8e-05	-1.62334e-16
1.6e-05	-6.4e-05	1.93121e-16
1.6e-05	-6e-05	-3.71391e-16
1.6e-05	-5.6e-05	1.09592e-16
1.6e-05	-5.2e-05	-1.62818e-16
1.6e-05	-4.8e-05	1.54978e-17
1.6e-05	-4.4e-05	1.96116e-17
1.6e-05	-4e-05	5.86605e-16
1.6e-05	-3.6e-05	-1.2407e-16
1.6e-05	-3.2e-05	-6.49962e-16
1.6e-05	-2.8e-05	-1.21475e-13
1.6e-05	-2.4e-05	-1.18517e-11
1.6e-05	-2e-05	-1.04112e-09
1.6e-05	-1.6e-05	-7.59606e-08
1.6e-05	-1.2e-05	-3.6448e-06
1.6e-05	-8e-06	1.06959e-05
1.6e-05	-4e-06	-1.2883e-05
1.6e-05	0	8.87461e-06
1.6e-05	4e-06	-7.66745e-06
1.6e-05	8e-06	7.35975e-06
1.6e-05	1.2e-05	1.50755e-07
1.6e-05	1.6e-05	2.04882e-09
1.6e-05	2e-05	2.31763e-11
1.6e-05	2.4e-05	2.35952e-13
1.6e-05	2.8e-05	2.07477e-15
1.6e-05	3.2e-05	-5.8846e-17
1.6e-05	3.6e-05	-3.10701e-16
1.6e-05	4e-05	-1.26347e-16
1.6e-05	4.4e-05	-1.21529e-17
1.6e-05	4.8e-05	-1.41826e-16
1.6e-05	5.2e-05	1.1044e-16
1.6e-05	5.6e-05	-1.49982e-16
1.6e-05	6e-05	2.6011e-16
1.6e-05	6.4e-05	-1.19097e-16
1.6e-05	6.8e-05	2.31766e-16
1.6e-05	7.2e-05	-1.04793e-16
1.6e-05	7.6e-05	1.89106e-16
2e-05	-8e-05	-1.97811e-16
2e-05	-7.6e-05	3.31203e-16
2e-05	-7.2e-05	3.70206e-17
2e-05	-6.8e-05	4.13518e-16
2e-05	-6.4e-05	-3.53614e-17
2e-05	-6e-05	2.72459e-16
2e-05	-5.6e-05	-1.37999e-16
2e-05	-5.2e-05	1.64951e-16
2e-05	-4.8e-05	-1.66721e-16
2e-05	-4.4e-05	-4.47794e-16
2e-05	-4e-05	-4.39293e-16
2e-05	-3.6e-05	-2.86857e-16
2e-05	-3.2e-05	1.23987e-16
2e-05	-2.8e-05	-1.81227e-15
2e-05	-2.4e-05	-1.59978e-13
2e-05	-2e-05	-1.16699e-11
2e-05	-1.6e-05	-6.7954e-10
2e-05	-1.2e-05	-2.42344e-08
2e-05	-8e-06	7.17816e-08
2e-05	-4e-06	-8.64753e-08
2e-05	0	5.92474e-08
2e-05	4e-06	-5.12574e-08
2e-05	8e-06	4.95703e-08
2e-05	1.2e-05	1.35864e-09
2e-05	1.6e-05	2.31101e-11
2e-05	2e-05	3.14374e-13
2e-05	2.4e-05	3.89256e-15
2e-05	2.8e-05	1.14276e-16
2e-05	3.2e-05	-2.27749e-16
2e-05	3.6e-05	-1.5829e-16
2e-05	4e-05	-2.87519e-16
2e-05	4.4e-05	-2.09631e-16
2e-05	4.8e-05	-3.0081e-16
2e-05	5.2e-05	-2.12798e-16
2e-05	5.6e-05	-1.52877e-16
2e-05	6e-05	-1.74597e-16
2e-05	6.4e-05	-8.63544e-17
2e-05	6.8e-05	-1.98738e-16
2e-05	7.2e-05	-1.85061e-16
2e-05	7.6e-05	-1.38331e-16
2.4e-05	-8e-05	-7.94584e-17
2.4e-05	-7.6e-05	-1.32555e-16
2.4e-05	-7.2e-05	-3.10105e-17
2.4e-05	-6.8e-05	-1.49086e-16
2.4e-05	-6.4e-05	7.96841e-18
2.4e-05	-6e-05	-2.05921e-16
2.4e-05	-5.6e-05	-2.27433e-16
2.4e-05	-5.2e-05	6.59637e-19
2.4e-05	-4.8e-05	-4.78262e-16
2.4e-05	-4.4e-05	-4.83198e-16
2.4e-05	-4e-05	-3.47205e-16
2.4e-05	-3.6e-05	-2.16363e-16
2.4e-05	-3.2e-05	5.13662e-17
2.4e-05	-2.8e-05	3.35512e-16
2.4e-05	-2.4e-05	-1.13069e-15
2.4e-05	-2e-05	-1.17321e-13
2.4e-05	-1.6e-05	-5.70118e-12
2.4e-05	-1.2e-05	-1.61112e-10
2.4e-05	-8e-06	4.81745e-10
2.4e-05	-4e-06	-5.80467e-10
2.4e-05	0	3.95515e-10
2.4e-05	4e-06	-3.42646e-10
2.4e-05	8e-06	3.33906e-10
2.4e-05	1.2e-05	1.14791e-11
2.4e-05	1.6e-05	2.34677e-13
2.4e-05	2e-05	3.69526e-15
2.4e-05	2.4e-05	1.47939e-16
2.4e-05	2.8e-05	8.43518e-17
2.4e-05	3.2e-05	1.93187e-16
2.4e-05	3.6e-05	6.50346e-17
2.4e-05	4e-05	1.33043e-16
2.4e-05	4.4e-05	-2.16708e-18
2.4e-05	4.8e-05	-8.37744e-17
2.4e-05	5.2e-05	-6.61335e-17
2.4e-05	5.6e-05	-8.05193e-17
2.4e-05	6e-05	-2.3692e-16
2.4e-05	6.4e-05	-2.07633e-16
2.4e-05	6.8e-05	-3.16953e-16
2.4e-05	7.2e-05	-2.8953e-16
2.4e-05	7.6e-05	-2.04653e-16
2.8e-05	-8e-05	-2.33784e-16
2.8e-05	-7.6e-05	-2.85896e-16
2.8e-05	-7.2e-05	-2.9658e-16
2.8e-05	-6.8e-05	-1.92097e-16
2.8e-05	-6.4e-05	-1.03156e-16
2.8e-05	-6e-05	-1.77811e-16
2.8e-05	-5.6e-05	-3.64114e-16
2.8e-05	-5.2e-05	-2.2199e-16
2.8e-05	-4.8e-05	3.1591e-16
2.8e-05	-4.4e-05	-2.12879e-16
2.8e-05	-4e-05	-4.71151e-17
2.8e-05	-3.6e-05	-1.59409e-16
2.8e-05	-3.2e-05	3.32936e-17
2.8e-05	-2.8e-05	3.75175e-16
2.8e-05	-2.4e-05	3.13528e-16
2.8e-05	-2e-05	-6.00958e-16
2.8e-05	-1.6e-05	-4.54981e-14
2.8e-05	-1.2e-05	-1.07095e-12
2.8e-05	-8e-06	3.23304e-12
2.8e-05	-4e-06	-3.89693e-12
2.8e-05	0	2.63987e-12
2.8e-05	4e-06	-2.29055e-12
2.8e-05	8e-06	2.24906e-12
2.8e-05	1.2e-05	9.3081e-14
2.8e-05	1.6e-05	1.69778e-15
2.8e-05	2e-05	-2.11452e-16
2.8e-05	2.4e-05	-3.04325e-16
2.8e-05	2.8e-05	6.11347e-17
2.8e-05	3.2e-05	-9.38322e-17
2.8e-05	3.6e-05	1.20878e-16
2.8e-05	4e-05	2.27256e-16
2.8e-05	4.4e-05	2.87645e-17
2.8e-05	4.8e-05	2.85613e-16
2.8e-05	5.2e-05	2.47967e-16
2.8e-05	5.6e-05	3.10692e-16
2.8e-05	6e-05	7.79749e-17
2.8e-05	6.4e-05	6.14224e-17
2.8e-05	6.8e-05	-4.03127e-18
2.8e-05	7.2e-05	6.77046e-17
2.8e-05	7.6e-05	4.09793e-17
3.2e-05	-8e-05	5.80836e-17
3.2e-05	-7.6e-05	7.87677e-17
3.2e-05	-7.2e-05	5.18833e-17
3.2e-05	-6.8e-05	1.55257e-17
3.2e-05	-6.4e-05	2.42212e-16
3.2e-05	-6e-05	3.11606e-16
3.2e-05	-5.6e-05	1.14673e-16
3.2e-05	-5.2e-05	-1.99456e-16
3.2e-05	-4.8e-05	3.72779e-16
3.2e-05	-4.4e-05	5.68798e-16
3.2e-05	-4e-05	1.97848e-16
3.2e-05	-3.6e-05	2.88502e-16
3.2e-05	-3.2e-05	-6.32731e-17
3.2e-05	-2.8e-05	-1.28312e-16
3.2e-05	-2.4e-05	-3.013e-16
3.2e-05	-2e-05	-1.19214e-16
3.2e-05	-1.6e-05	-8.79851e-16
3.2e-05	-1.2e-05	-7.40298e-15
3.2e-05	-8e-06	2.10612e-14
3.2e-05	-4e-06	-2.61576e-14
3.2e-05	0	1.75614e-14
3.2e-05	4e-06	-1.51088e-14
3.2e-05	8e-06	1.51202e-14
3.2e-05	1.2e-05	5.22519e-16
3.2e-05	1.6e-05	6.95081e-17
3.2e-05	2e-05	-4.29433e-16
3.2e-05	2.4e-05	-1.92624e-16
3.2e-05	2.8e-05	-5.5154e-16
3.2e-05	3.2e-05	-1.3129e-16
3.2e-05	3.6e-05	-2.33356e-16
3.2e-05	4e-05	-1.75203e-16
3.2e-05	4.4e-05	1.0113e-17
3.2e-05	4.8e-05	2.30291e-16
3.2e-05	5.2e-05	1.74378e-16
3.2e-05	5.6e-05	1.29264e-16
3.2e-05	6e-05	2.5383e-16
3.2e-05	6.4e-05	1.09128e-16
3.2e-05	6.8e-05	2.75786e-16
3.2e-05	7.2e-05	2.0518e-16
3.2e-05	7.6e-05	2.8951e-16
3.6e-05	-8e-05	1.42787e-16
3.6e-05	-7.6e-05	2.41578e-16
3.6e-05	-7.2e-05	1.36407e-16
3.6e-05	-6.8e-05	3.0152e-16
3.6e-05	-6.4e-05	9.8926e-17
3.6e-05	-6e-05	5.545e-16
3.6e-05	-5.6e-05	4.44954e-16
3.6e-05	-5.2e-05	2.22092e-16
3.6e-05	-4.8e-05	-2.12044e-16
3.6e-05	-4.4e-05	6.11186e-17
3.6e-05	-4e-05	8.27474e-17
3.6e-05	-3.6e-05	-2.1294e-16
3.6e-05	-3.2e-05	-5.11434e-17
3.6e-05	-2.8e-05	-7.4858e-16
3.6e-05	-2.4e-05	-1.81991e-16
3.6e-05	-2e-05	-7.55279e-16
3.6e-05	-1.6e-05	2.10773e-17
3.6e-05	-1.2e-05	-4.2276e-16
3.6e-05	-8e-06	2.58204e-16
3.6e-05	-4e-06	-2.57111e-16
3.6e-05	0	2.35654e-16
3.6e-05	4e-06	-6.38612e-17
3.6e-05	8e-06	9.31848e-17
3.6e-05	1.2e-05	-8.83148e-17
3.6e-05	1.6e-05	8.0953e-17
3.6e-05	2e-05	-3.22864e-17
3.6e-05	2.4e-05	-2.34794e-16
3.6e-05	2.8e-05	-2.23561e-16
3.6e-05	3.2e-05	-4.14476e-16
3.6e-05	3.6e-05	-2.13841e-16
3.6e-05	4e-05	-2.54885e-16
3.6e-05	4.4e-05	7.46658e-18
3.6e-05	4.8e-05	-9.73124e-17
3.6e-05	5.2e-05	-6.64217e-17
3.6e-05	5.6e-05	-1.87247e-16
3.6e-05	6e-05	-7.72516e-17
3.6e-05	6.4e-05	-1.03487e-16
3.6e-05	6.8e-05	5.85086e-17
3.6e-05	7.2e-05	7.18265e-17
3.6e-05	7.6e-05	6.33305e-17
4e-05	-8e-05	6.13611e-17
4e-05	-7.6e-05	7.91272e-17
4e-05	-7.2e-05	2.04943e-17
4e-05	-6.8e-05	5.80911e-17
4e-05	-6.4e-05	5.89706e-18
4e-05	-6e-05	-2.21687e-16
4e-05	-5.6e-05	6.30562e-17
4e-05	-5.2e-05	2.63588e-16
4e-05	-4.8e-05	-1.19694e-16
4e-05	-4.4e-05	-2.7339e-16
4e-05	-4e-05	-4.67341e-16
4e-05	-3.6e-05	-1.98832e-16
4e-05	-3.2e-05	-6.00907e-16
4e-05	-2.8e-05	-2.86382e-16
4e-05	-2.4e-05	-5.05398e-16
4e-05	-2e-05	-1.65373e-16
4e-05	-1.6e-05	-2.37934e-16
4e-05	-1.2e-05	-1.07131e-16
4e-05	-8e-06	1.61159e-16
4e-05	-4e-06	-1.55513e-16
4e-05	0	1.9429e-16
4e-05	4e-06	1.17339e-16
4e-05	8e-06	-1.75872e-17
4e-05	1.2e-05	3.19711e-16
4e-05	1.6e-05	-9.63751e-17
4e-05	2e-05	1.38446e-16
4e-05	2.4e-05	-2.17056e-16
4e-05	2.8e-05	5.51223e-17
4e-05	3.2e-05	1.94907e-17
4e-05	3.6e-05	-1.82989e-16
4e-05	4e-05	-9.80721e-17
4e-05	4.4e-05	-2.96398e-16
4e-05	4.8e-05	-2.52008e-16
4e-05	5.2e-05	-4.03767e-16
4e-05	5.6e-05	-2.77318e-16
4e-05	6e-05	-3.59046e-16
4e-05	6.4e-05	-1.56305e-16
4e-05	6.8e-05	-2.85327e-16
4e-05	7.2e-05	-8.52273e-18
4e-05	7.6e-05	-3.32305e-16
4.4e-05	-8e-05	-2.13002e-16
4.4e-05	-7.6e-05	-3.24271e-16
4.4e-05	-7.2e-05	-7.30185e-17
4.4e-05	-6.8e-05	-3.24699e-16
4.4e-05	-6.4e-05	-6.07635e-17
4.4e-05	-6e-05	-4.89301e-16
4.4e-05	-5.6e-05	-2.2311e-16
4.4e-05	-5.2e-05	-3.57947e-16
4.4e-05	-4.8e-05	9.6551e-17
4.4e-05	-4.4e-05	-4.54314e-16
4.4e-05	-4e-05	-1.08202e-16
4.4e-05	-3.6e-05	-3.88694e-16
4.4e-05	-3.2e-05	-1.90346e-16
4.4e-05	-2.8e-05	-1.49598e-16
4.4e-05	-2.4e-05	-1.81576e-16
4.4e-05	-2e-05	-3.51161e-17
4.4e-05	-1.6e-05	-2.71428e-16
4.4e-05	-1.2e-05	1.01693e-16
4.4e-05	-8e-06	-2.2088e-16
4.4e-05	-4e-06	3.02162e-16
4.4e-05	0	1.0644e-16
4.4e-05	4e-06	1.39461e-16
4.4e-05	8e-06	1.83099e-16
4.4e-05	1.2e-05	1.10213e-17
4.4e-05	1.6e-05	2.23033e-16
4.4e-05	2e-05	-1.56035e-16
4.4e-05	2.4e-05	1.73043e-16
4.4e-05	2.8e-05	-2.38974e-17
4.4e-05	3.2e-05	1.79269e-16
4.4e-05	3.6e-05	-1.4608e-16
4.4e-05	4e-05	3.55118e-17
4.4e-05	4.4e-05	-1.02896e-16
4.4e-05	4.8e-05	-2.04065e-16
4.4e-05	5.2e-05	-1.11707e-16
4.4e-05	5.6e-05	-3.06586e-16
4.4e-05	6e-05	-3.0865e-16
4.4e-05	6.4e-05	-3.12537e-16
4.4e-05	6.8e-05	-2.2361e-16
4.4e-05	7.2e-05	-2.82347e-16
4.4e-05	7.6e-05	-2.48567e-16
4.8e-05	-8e-05	-2.87488e-16
4.8e-05	-7.6e-05	-1.38419e-16
4.8e-05	-7.2e-05	-3.57126e-16
4.8e-05	-6.8e-05	-2.66059e-16
4.8e-05	-6.4e-05	-4.29446e-16
4.8e-05	-6e-05	-1.23172e-16
4.8e-05	-5.6e-05	-3.10885e-16
4.8e-05	-5.2e-05	-3.72871e-16
4.8e-05	-4.8e-05	-4.36721e-17
4.8e-05	-4.4e-05	-1.07526e-16
4.8e-05	-4e-05	5.99766e-17
4.8e-05	-3.6e-05	7.71512e-17
4.8e-05	-3.2e-05	1.98044e-19
4.8e-05	-2.8e-05	-2.02602e-16
4.8e-05	-2.4e-05	1.94655e-16
4.8e-05	-2e-05	-1.2314e-16
4.8e-05	-1.6e-05	1.32433e-16
4.8e-05	-1.2e-05	-7.98028e-17
4.8e-05	-8e-06	1.18754e-16
4.8e-05	-4e-06	3.27278e-17
4.8e-05	0	1.42297e-16
4.8e-05	4e-06	1.53523e-16
4.8e-05	8e-06	5.44656e-17
4.8e-05	1.2e-05	4.55563e-17
4.8e-05	1.6e-05	1.66778e-18
4.8e-05	2e-05	1.10972e-16
4.8e-05	2.4e-05	-6.40252e-17
4.8e-05	2.8e-05	2.72031e-16
4.8e-05	3.2e-05	2.01409e-17
4.8e-05	3.6e-05	1.03579e-16
4.8e-05	4e-05	-1.0882e-16
4.8e-05	4.4e-05	5.74508e-17
4.8e-05	4.8e-05	-2.99868e-16
4.8e-05	5.2e-05	-9.23342e-17
4.8e-05	5.6e-05	-2.76346e-16
4.8e-05	6e-05	-1.0574e-16
4.8e-05	6.4e-05	-2.89148e-16
4.8e-05	6.8e-05	-1.31592e-16
4.8e-05	7.2e-05	-1.44042e-16
4.8e-05	7.6e-05	-1.57416e-16
5.2e-05	-8e-05	-1.98161e-16
5.2e-05	-7.6e-05	-9.83275e-17
5.2e-05	-7.2e-05	-1.35525e-16
5.2e-05	-6.8e-05	-1.82856e-16
5.2e-05	-6.4e-05	-4.68985e-16
5.2e-05	-6e-05	-9.93255e-17
5.2e-05	-5.6e-05	-2.29193e-16
5.2e-05	-5.2e-05	-1.48596e-16
5.2e-05	-4.8e-05	-1.06843e-16
5.2e-05	-4.4e-05	1.23787e-16
5.2e-05	-4e-05	-1.0474e-16
5.2e-05	-3.6e-05	2.00065e-16
5.2e-05	-3.2e-05	-1.33384e-17
5.2e-05	-2.8e-05	2.86796e-16
5.2e-05	-2.4e-05	2.43624e-17
5.2e-05	-2e-05	3.27565e-16
5.2e-05	-1.6e-05	8.69684e-17
5.2e-05	-1.2e-05	1.79614e-16
5.2e-05	-8e-06	4.76308e-17
5.2e-05	-4e-06	1.17686e-17
5.2e-05	0	2.70221e-17
5.2e-05	4e-06	-6.4182e-17
5.2e-05	8e-06	-5.54316e-17
5.2e-05	1.2e-05	-9.00222e-17
5.2e-05	1.6e-05	5.57874e-17
5.2e-05	2e-05	1.70371e-17
5.2e-05	2.4e-05	1.964e-16
5.2e-05	2.8e-05	1.638e-18
5.2e-05	3.2e-05	2.52285e-16
5.2e-05	3.6e-05	1.02125e-17
5.2e-05	4e-05	1.60315e-16
5.2e-05	4.4e-05	-1.0935e-16
5.2e-05	4.8e-05	1.21095e-16
5.2e-05	5.2e-05	-1.76444e-16
5.2e-05	5.6e-05	1.70268e-16
5.2e-05	6e-05	-1.50944e-16
5.2e-05	6.4e-05	1.62652e-16
5.2e-05	6.8e-05	-2.38351e-16
5.2e-05	7.2e-05	1.31886e-16
5.2e-05	7.6e-05	-6.79868e-17
5.6e-05	-8e-05	5.53998e-17
5.6e-05	-7.6e-05	-4.3684e-16
5.6e-05	-7.2e-05	1.23416e-16
5.6e-05	-6.8e-05	-5.63042e-17
5.6e-05	-6.4e-05	1.11805e-16
5.6e-05	-6e-05	-2.79365e-16
5.6e-05	-5.6e-05	1.14427e-16
5.6e-05	-5.2e-05	-1.48198e-16
5.6e-05	-4.8e-05	3.00053e-16
5.6e-05	-4.4e-05	-1.72492e-16
5.6e-05	-4e-05	1.99416e-16
5.6e-05	-3.6e-05	-2.81833e-17
5.6e-05	-3.2e-05	3.52034e-16
5.6e-05	-2.8e-05	9.52976e-17
5.6e-05	-2.4e-05	2.81706e-16
5.6e-05	-2e-05	1.59465e-16
5.6e-05	-1.6e-05	2.48135e-16
5.6e-05	-1.2e-05	1.17582e-16
5.6e-05	-8e-06	2.70925e-17
5.6e-05	-4e-06	-1.35901e-16
5.6e-05	0	-1.8015e-16
5.6e-05	4e-06	-2.37693e-16
5.6e-05	8e-06	-2.11356e-16
5.6e-05	1.2e-05	-1.66356e-16
5.6e-05	1.6e-05	-1.52953e-16
5.6e-05	2e-05	-2.34763e-17
5.6e-05	2.4e-05	9.21894e-18
5.6e-05	2.8e-05	8.1978e-17
5.6e-05	3.2e-05	5.8254e-17
5.6e-05	3.6e-05	1.70653e-16
5.6e-05	4e-05	-2.74477e-17
5.6e-05	4.4e-05	1.72617e-16
5.6e-05	4.8e-05	-2.3516e-17
5.6e-05	5.2e-05	2.65175e-16
5.6e-05	5.6e-05	-3.31002e-17
5.6e-05	6e-05	2.82256e-16
5.6e-05	6.4e-05	-1.55119e-16
5.6e-05	6.8e-05	1.84051e-16
5.6e-05	7.2e-05	-1.27025e-16
5.6e-05	7.6e-05	2.59827e-16
6e-05	-8e-05	-7.42152e-17
6e-05	-7.6e-05	1.23517e-16
6e-05	-7.2e-05	-2.2899e-16
6e-05	-6.8e-05	1.52985e-16
6e-05	-6.4e-05	-7.5607e-17
6e-05	-6e-05	2.32535e-16
6e-05	-5.6e-05	-1.22278e-17
6e-05	-5.2e-05	2.69401e-16
6e-05	-4.8e-05	-7.40319e-17
6e-05	-4.4e-05	1.23511e-16
6e-05	-4e-05	6.20651e-17
6e-05	-3.6e-05	1.82708e-16
6e-05	-3.2e-05	5.2033e-17
6e-05	-2.8e-05	2.2769e-16
6e-05	-2.4e-05	7.96789e-17
6e-05	-2e-05	6.99786e-17
6e-05	-1.6e-05	-3.63819e-18
6e-05	-1.2e-05	-5.5692e-17
6e-05	-8e-06	-1.14619e-16
6e-05	-4e-06	-1.49169e-16
6e-05	0	-2.12593e-16
6e-05	4e-06	-2.5321e-16
6e-05	8e-06	-2.24376e-16
6e-05	1.2e-05	-2.03324e-16
6e-05	1.6e-05	-1.37766e-16
6e-05	2e-05	-1.15533e-16
6e-05	2.4e-05	-1.13091e-16
6e-05	2.8e-05	-4.62455e-17
6e-05	3.2e-05	-2.97244e-17
6e-05	3.6e-05	-5.05811e-17
6e-05	4e-05	3.50084e-17
6e-05	4.4e-05	-1.45197e-17
6e-05	4.8e-05	1.90209e-16
6e-05	5.2e-05	-4.73603e-17
6e-05	5.6e-05	1.8533e-16
6e-05	6e-05	-1.08295e-16
6e-05	6.4e-05	2.42548e-16
6e-05	6.8e-05	-7.33374e-18
6e-05	7.2e-05	2.22862e-16
6e-05	7.6e-05	-5.9124e-17
6.4e-05	-8e-05	2.7754e-16
6.4e-05	-7.6e-05	6.23424e-17
6.4e-05	-7.2e-05	2.52158e-16
6.4e-05	-6.8e-05	-4.15764e-17
6.4e-05	-6.4e-05	2.63191e-16
6.4e-05	-6e-05	6.73898e-17
6.4e-05	-5.6e-05	1.94149e-16
6.4e-05	-5.2e-05	5.95972e-17
6.4e-05	-4.8e-05	1.29248e-16
6.4e-05	-4.4e-05	8.78168e-17
6.4e-05	-4e-05	5.16913e-17
6.4e-05	-3.6e-05	2.97853e-18
6.4e-05	-3.2e-05	-1.7659e-17
6.4e-05	-2.8e-05	-7.40398e-17
6.4e-05	-2.4e-05	-1.31601e-16
6.4e-05	-2e-05	-1.54248e-16
6.4e-05	-1.6e-05	-1.96036e-16
6.4e-05	-1.2e-05	-1.2512e-16
6.4e-05	-8e-06	-2.12663e-16
6.4e-05	-4e-06	-1.50147e-16
6.4e-05	0	-1.7283e-16
6.4e-05	4e-06	-9.07616e-17
6.4e-05	8e-06	-9.9983e-17
6.4e-05	1.2e-05	-1.2739e-16
6.4e-05	1.6e-05	-8.4529e-17
6.4e-05	2e-05	-1.5344e-16
6.4e-05	2.4e-05	-1.09932e-16
6.4e-05	2.8e-05	-1.25634e-16
6.4e-05	3.2e-05	-1.57179e-16
6.4e-05	3.6e-05	-9.51992e-17
6.4e-05	4e-05	-1.6486e-16
6.4e-05	4.4e-05	-1.23069e-17
6.4e-05	4.8e-05	-1.04707e-16
6.4e-05	5.2e-05	5.14414e-17
6.4e-05	5.6e-05	-7.16981e-17
6.4e-05	6e-05	8.35486e-17
6.4e-05	6.4e-05	-5.19821e-17
6.4e-05	6.8e-05	1.04481e-16
6.4e-05	7.2e-05	-3.1085e-17
6.4e-05	7.6e-05	1.22659e-16
6.8e-05	-8e-05	-2.32227e-17
6.8e-05	-7.6e-05	1.12204e-16
6.8e-05	-7.2e-05	6.75507e-18
6.8e-05	-6.8e-05	6.58006e-17
6.8e-05	-6.4e-05	-1.12215e-17
6.8e-05	-6e-05	8.21881e-17
6.8e-05	-5.6e-05	3.63184e-18
6.8e-05	-5.2e-05	-2.16015e-17
6.8e-05	-4.8e-05	-6.12665e-18
6.8e-05	-4.4e-05	-8.40234e-17
6.8e-05	-4e-05	-8.782e-17
6.8e-05	-3.6e-05	-1.29399e-16
6.8e-05	-3.2e-05	-1.49454e-16
6.8e-05	-2.8e-05	-2.02902e-16
6.8e-05	-2.4e-05	-1.47821e-16
6.8e-05	-2e-05	-3.03804e-16
6.8e-05	-1.6e-05	-1.09734e-16
6.8e-05	-1.2e-05	-2.48779e-16
6.8e-05	-8e-06	-4.38412e-17
6.8e-05	-4e-06	-1.81752e-16
6.8e-05	0	3.11217e-17
6.8e-05	4e-06	-2.88032e-17
6.8e-05	8e-06	2.27858e-17
6.8e-05	1.2e-05	1.94762e-17
6.8e-05	1.6e-05	-5.32586e-17
6.8e-05	2e-05	-4.60446e-17
6.8e-05	2.4e-05	-1.10688e-16
6.8e-05	2.8e-05	-1.36166e-16
6.8e-05	3.2e-05	-1.37855e-16
6.8e-05	3.6e-05	-2.10295e-16
6.8e-05	4e-05	-1.10688e-16
6.8e-05	4.4e-05	-1.74794e-16
6.8e-05	4.8e-05	-1.18674e-16
6.8e-05	5.2e-05	-1.49256e-16
6.8e-05	5.6e-05	-9.57287e-17
6.8e-05	6e-05	-1.0076e-16
6.8e-05	6.4e-05	-5.16094e-17
6.8e-05	6.8e-05	-8.28645e-17
6.8e-05	7.2e-05	-7.78568e-17
6.8e-05	7.6e-05	-8.12601e-17
7.2e-05	-8e-05	-3.81856e-17
7.2e-05	-7.6e-05	-8.6614e-17
7.2e-05	-7.2e-05	-6.72566e-17
7.2e-05	-6.8e-05	-4.54798e-17
7.2e-05	-6.4e-05	-1.08857e-16
7.2e-05	-6e-05	-8.49323e-17
7.2e-05	-5.6e-05	-1.55394e-16
7.2e-05	-5.2e-05	-9.23635e-17
7.2e-05	-4.8e-05	-1.7555e-16
7.2e-05	-4.4e-05	-1.07078e-16
7.2e-05	-4e-05	-2.40766e-16
7.2e-05	-3.6e-05	-8.90534e-17
7.2e-05	-3.2e-05	-2.38606e-16
7.2e-05	-2.8e-05	-7.47986e-17
7.2e-05	-2.4e-05	-1.87862e-16
7.2e-05	-2e-05	-7.78703e-17
7.2e-05	-1.6e-05	-1.12088e-16
7.2e-05	-1.2e-05	-3.42755e-17
7.2e-05	-8e-06	-1.72238e-17
7.2e-05	-4e-06	1.75379e-17
7.2e-05	0	1.54775e-17
7.2e-05	4e-06	1.72595e-17
7.2e-05	8e-06	3.33222e-18
7.2e-05	1.2e-05	5.65599e-17
7.2e-05	1.6e-05	-2.11441e-17
7.2e-05	2e-05	1.26206e-17
7.2e-05	2.4e-05	-9.62738e-17
7.2e-05	2.8e-05	-6.33833e-18
7.2e-05	3.2e-05	-8.58491e-17
7.2e-05	3.6e-05	-1.0667e-16
7.2e-05	4e-05	-8.82553e-17
7.2e-05	4.4e-05	-1.52893e-16
7.2e-05	4.8e-05	-1.05933e-16
7.2e-05	5.2e-05	-1.6078e-16
7.2e-05	5.6e-05	-9.79935e-17
7.2e-05	6e-05	-1.70981e-16
7.2e-05	6.4e-05	-1.26451e-16
7.2e-05	6.8e-05	-1.56974e-16
7.2e-05	7.2e-05	-6.55024e-17
7.2e-05	7.6e-05	-1.65218e-16
7.6e-05	-8e-05	-6.49466e-17
7.6e-05	-7.6e-05	-1.1505e-16
7.6e-05	-7.2e-05	-9.20103e-17
7.6e-05	-6.8e-05	-1.3829e-16
7.6e-05	-6.4e-05	-6.21385e-17
7.6e-05	-6e-05	-1.96106e-16
7.6e-05	-5.6e-05	-7.79439e-17
7.6e-05	-5.2e-05	-1.90839e-16
7.6e-05	-4.8e-05	-7.45561e-17
7.6e-05	-4.4e-05	-1.68229e-16
7.6e-05	-4e-05	-6.54212e-17
7.6e-05	-3.6e-05	-1.73729e-16
7.6e-05	-3.2e-05	-4.13836e-17
7.6e-05	-2.8e-05	-1.29094e-16
7.6e-05	-2.4e-05	-9.5972e-18
7.6e-05	-2e-05	-1.93934e-17
7.6e-05	-1.6e-05	-2.07928e-17
7.6e-05	-1.2e-05	4.05517e-17
7.6e-05	-8e-06	-7.69011e-18
7.6e-05	-4e-06	5.58439e-17
7.6e-05	0	-5.58127e-17
7.6e-05	4e-06	4.93838e-17
7.6e-05	8e-06	-1.36108e-17
7.6e-05	1.2e-05	-6.70847e-18
7.6e-05	1.6e-05	5.36109e-17
7.6e-05	2e-05	-6.81897e-17
7.6e-05	2.4e-05	4.81178e-17
7.6e-05	2.8e-05	-4.09457e-17
7.6e-05	3.2e-05	-5.40475e-18
7.6e-05	3.6e-05	-9.969e-18
7.6e-05	4e-05	-6.47661e-17
7.6e-05	4.4e-05	-4.04206e-17
7.6e-05	4.8e-05	-9.24054e-17
7.6e-05	5.2e-05	-6.90311e-17
7.6e-05	5.6e-05	-1.24305e-16
7.6e-05	6e-05	-4.88607e-17
7.6e-05	6.4e-05	-1.57336e-16
7.6e-05	6.8e-05	-6.04905e-17
7.6e-05	7.2e-05	-1.55187e-16
7.6e-05	7.6e-05	-3.32934e-17
