-8e-05	-8e-05	1.1435e-15
-8e-05	-7.6e-05	7.35443e-16
-8e-05	-7.2e-05	3.2507e-16
-8e-05	-6.8e-05	1.38964e-15
-8e-05	-6.4e-05	-9.16775e-16
-8e-05	-6e-05	1.8726e-15
-8e-05	-5.6e-05	7.41465e-16
-8e-05	-5.2e-05	-1.45664e-15
-8e-05	-4.8e-05	-1.23321e-16
-8e-05	-4.4e-05	-2.88145e-17
-8e-05	-4e-05	2.38256e-16
-8e-05	-3.6e-05	-4.0714e-16
-8e-05	-3.2e-05	-4.42085e-17
-8e-05	-2.8e-05	3.07863e-16
-8e-05	-2.4e-05	-4.1853e-16
-8e-05	-2e-05	-2.93361e-17
-8e-05	-1.6e-05	-3.33497e-17
-8e-05	-1.2e-05	1.87665e-16
-8e-05	-8e-06	7.23144e-17
-8e-05	-4e-06	5.50211e-17
-8e-05	0	-1.11533e-16
-8e-05	4e-06	2.03143e-17
-8e-05	8e-06	1.06761e-16
-8e-05	1.2e-05	1.00838e-16
-8e-05	1.6e-05	1.46893e-16
-8e-05	2e-05	1.7227e-17
-8e-05	2.4e-05	5.38679e-17
-8e-05	2.8e-05	-2.17016e-16
-8e-05	3.2e-05	-9.1897e-17
-8e-05	3.6e-05	2.73062e-17
-8e-05	4e-05	6.51621e-17
-8e-05	4.4e-05	8.84605e-17
-8e-05	4.8e-05	8.98995e-18
-8e-05	5.2e-05	-5.53978e-17
-8e-05	5.6e-05	-6.39737e-17
-8e-05	6e-05	-9.22172e-17
-8e-05	6.4e-05	-2.07789e-16
-8e-05	6.8e-05	2.505e-16
-8e-05	7.2e-05	1.64878e-16
-8e-05	7.6e-05	-9.78034e-16
-7.6e-05	-8e-05	4.39204e-16
-7.6e-05	-7.6e-05	1.45411e-15
-7.6e-05	-7.2e-05	6.5114e-16
-7.6e-05	-6.8e-05	-6.52199e-17
-7.6e-05	-6.4e-05	-1.77897e-16
-7.6e-05	-6e-05	-6.9988e-16
-7.6e-05	-5.6e-05	7.34666e-17
-7.6e-05	-5.2e-05	-2.03587e-15
-7.6e-05	-4.8e-05	-3.0041e-17
-7.6e-05	-4.4e-05	-1.01637e-15
-7.6e-05	-4e-05	-1.8161e-16
-7.6e-05	-3.6e-05	9.31806e-16
-7.6e-05	-3.2e-05	1.05876e-16
-7.6e-05	-2.8e-05	2.92088e-16
-7.6e-05	-2.4e-05	1.40588e-16
-7.6e-05	-2e-05	-7.76261e-16
-7.6e-05	-1.6e-05	2.27769e-16
-7.6e-05	-1.2e-05	-1.34123e-15
-7.6e-05	-8e-06	-3.11494e-16
-7.6e-05	-4e-06	-1.54402e-15
-7.6e-05	0	-4.63006e-16
-7.6e-05	4e-06	-1.11529e-15
-7.6e-05	8e-06	2.82989e-16
-7.6e-05	1.2e-05	3.49055e-16
-7.6e-05	1.6e-05	-1.94879e-15
-7.6e-05	2e-05	-8.5819e-16
-7.6e-05	2.4e-05	-1.16087e-15
-7.6e-05	2.8e-05	-1.44253e-15
-7.6e-05	3.2e-05	1.19501e-15
-7.6e-05	3.6e-05	-8.79445e-17
-7.6e-05	4e-05	4.99837e-17
-7.6e-05	4.4e-05	-5.88204e-16
-7.6e-05	4.8e-05	-1.18926e-15
-7.6e-05	5.2e-05	-5.73476e-17
-7.6e-05	5.6e-05	1.32455e-15
-7.6e-05	6e-05	-5.52112e-16
-7.6e-05	6.4e-05	-2.32446e-15
-7.6e-05	6.8e-05	2.07034e-16
-7.6e-05	7.2e-05	1.76754e-15
-7.6e-05	7.6e-05	1.17998e-15
-7.2e-05	-8e-05	1.53057e-15
-7.2e-05	-7.6e-05	-1.83551e-15
-7.2e-05	-7.2e-05	-2.59668e-15
-7.2e-05	-6.8e-05	-4.21783e-15
-7.2e-05	-6.4e-05	-9.55448e-17
-7.2e-05	-6e-05	1.18278e-15
-7.2e-05	-5.6e-05	3.69383e-16
-7.2e-05	-5.2e-05	2.72627e-15
-7.2e-05	-4.8e-05	-2.4679e-16
-7.2e-05	-4.4e-05	5.42259e-16
-7.2e-05	-4e-05	2.79937e-15
-7.2e-05	-3.6e-05	-8.35478e-16
-7.2e-05	-3.2e-05	-1.75831e-15
-7.2e-05	-2.8e-05	-7.24931e-17
-7.2e-05	-2.4e-05	1.93567e-15
-7.2e-05	-2e-05	2.32512e-16
-7.2e-05	-1.6e-05	-9.69362e-16
-7.2e-05	-1.2e-05	2.24105e-16
-7.2e-05	-8e-06	-2.25039e-16
-7.2e-05	-4e-06	1.71185e-15
-7.2e-05	0	1.74351e-16
-7.2e-05	4e-06	1.45837e-15
-7.2e-05	8e-06	1.184e-16
-7.2e-05	1.2e-05	6.69804e-16
-7.2e-05	1.6e-05	8.52261e-16
-7.2e-05	2e-05	1.2719e-17
-7.2e-05	2.4e-05	-2.0697e-16
-7.2e-05	2.8e-05	8.91848e-17
-7.2e-05	3.2e-05	6.0596e-17
-7.2e-05	3.6e-05	-1.01005e-16
-7.2e-05	4e-05	-3.37095e-17
-7.2e-05	4.4e-05	-5.88634e-17
-7.2e-05	4.8e-05	-1.43225e-16
-7.2e-05	5.2e-05	3.05144e-16
-7.2e-05	5.6e-05	4.79183e-17
-7.2e-05	6e-05	5.31314e-17
-7.2e-05	6.4e-05	-4.76807e-16
-7.2e-05	6.8e-05	2.26145e-16
-7.2e-05	7.2e-05	-1.53693e-16
-7.2e-05	7.6e-05	-4.84157e-16
-6.8e-05	-8e-05	3.44685e-16
-6.8e-05	-7.6e-05	-7.52217e-16
-6.8e-05	-7.2e-05	-9.88861e-17
-6.8e-05	-6.8e-05	2.80005e-16
-6.8e-05	-6.4e-05	-9.61273e-16
-6.8e-05	-6e-05	3.84216e-17
-6.8e-05	-5.6e-05	1.21486e-17
-6.8e-05	-5.2e-05	-3.95487e-17
-6.8e-05	-4.8e-05	-3.49196e-16
-6.8e-05	-4.4e-05	2.23769e-16
-6.8e-05	-4e-05	-1.60518e-16
-6.8e-05	-3.6e-05	-8.83408e-17
-6.8e-05	-3.2e-05	1.52404e-16
-6.8e-05	-2.8e-05	-6.97121e-17
-6.8e-05	-2.4e-05	-1.07674e-16
-6.8e-05	-2e-05	1.51081e-16
-6.8e-05	-1.6e-05	-7.25474e-17
-6.8e-05	-1.2e-05	-9.19756e-17
-6.8e-05	-8e-06	-8.8432e-17
-6.8e-05	-4e-06	8.44699e-18
-6.8e-05	0	-1.30055e-17
-6.8e-05	4e-06	-4.95642e-17
-6.8e-05	8e-06	6.58272e-17
-6.8e-05	1.2e-05	-4.21883e-17
-6.8e-05	1.6e-05	-1.24681e-16
-6.8e-05	2e-05	1.84706e-16
-6.8e-05	2.4e-05	6.12549e-17
-6.8e-05	2.8e-05	-4.25863e-18
-6.8e-05	3.2e-05	1.28959e-16
-6.8e-05	3.6e-05	3.98842e-17
-6.8e-05	4e-05	3.11052e-17
-6.8e-05	4.4e-05	-2.04905e-17
-6.8e-05	4.8e-05	-2.75113e-16
-6.8e-05	5.2e-05	-4.85366e-16
-6.8e-05	5.6e-05	2.29377e-16
-6.8e-05	6e-05	-2.44845e-17
-6.8e-05	6.4e-05	-2.03827e-18
-6.8e-05	6.8e-05	-4.88777e-16
-6.8e-05	7.2e-05	1.19498e-16
-6.8e-05	7.6e-05	-5.12151e-16
-6.4e-05	-8e-05	-1.11075e-16
-6.4e-05	-7.6e-05	-6.20897e-16
-6.4e-05	-7.2e-05	2.58736e-16
-6.4e-05	-6.8e-05	-7.61162e-16
-6.4e-05	-6.4e-05	7.59991e-17
-6.4e-05	-6e-05	3.91196e-16
-6.4e-05	-5.6e-05	1.55263e-16
-6.4e-05	-5.2e-05	-6.81404e-16
-6.4e-05	-4.8e-05	-1.94654e-16
-6.4e-05	-4.4e-05	4.27531e-17
-6.4e-05	-4e-05	2.17008e-17
-6.4e-05	-3.6e-05	-7.46373e-17
-6.4e-05	-3.2e-05	7.45033e-19
-6.4e-05	-2.8e-05	8.90697e-17
-6.4e-05	-2.4e-05	-7.39373e-17
-6.4e-05	-2e-05	-7.1024e-17
-6.4e-05	-1.6e-05	6.42472e-18
-6.4e-05	-1.2e-05	-1.73838e-16
-6.4e-05	-8e-06	9.13122e-17
-6.4e-05	-4e-06	-1.26039e-16
-6.4e-05	0	-1.12469e-16
-6.4e-05	4e-06	-1.16924e-17
-6.4e-05	8e-06	-7.46226e-18
-6.4e-05	1.2e-05	5.06165e-18
-6.4e-05	1.6e-05	-1.84948e-16
-6.4e-05	2e-05	2.294e-17
-6.4e-05	2.4e-05	-1.48145e-16
-6.4e-05	2.8e-05	1.72593e-16
-6.4e-05	3.2e-05	-3.57919e-16
-6.4e-05	3.6e-05	-7.97237e-17
-6.4e-05	4e-05	-8.94591e-17
-6.4e-05	4.4e-05	1.63171e-16
-6.4e-05	4.8e-05	-3.29505e-17
-6.4e-05	5.2e-05	-8.21164e-17
-6.4e-05	5.6e-05	-5.68435e-16
-6.4e-05	6e-05	1.72492e-16
-6.4e-05	6.4e-05	-2.84611e-17
-6.4e-05	6.8e-05	9.43881e-17
-6.4e-05	7.2e-05	-2.24992e-16
-6.4e-05	7.6e-05	1.91991e-16
-6e-05	-8e-05	-2.31503e-16
-6e-05	-7.6e-05	1.57609e-16
-6e-05	-7.2e-05	-1.04675e-16
-6e-05	-6.8e-05	1.84048e-16
-6e-05	-6.4e-05	1.44864e-16
-6e-05	-6e-05	2.48421e-16
-6e-05	-5.6e-05	-8.70769e-16
-6e-05	-5.2e-05	-3.61202e-16
-6e-05	-4.8e-05	6.7552e-17
-6e-05	-4.4e-05	1.91765e-16
-6e-05	-4e-05	-2.40205e-16
-6e-05	-3.6e-05	-1.7945e-16
-6e-05	-3.2e-05	3.45402e-16
-6e-05	-2.8e-05	-1.26625e-16
-6e-05	-2.4e-05	-1.63503e-16
-6e-05	-2e-05	3.78745e-16
-6e-05	-1.6e-05	-2.16238e-16
-6e-05	-1.2e-05	-1.68027e-16
-6e-05	-8e-06	-8.50772e-17
-6e-05	-4e-06	-1.23306e-17
-6e-05	0	-4.81609e-17
-6e-05	4e-06	4.98838e-17
-6e-05	8e-06	3.82814e-17
-6e-05	1.2e-05	-2.76037e-17
-6e-05	1.6e-05	-2.06263e-16
-6e-05	2e-05	-4.51884e-16
-6e-05	2.4e-05	2.40512e-16
-6e-05	2.8e-05	-3.4976e-16
-6e-05	3.2e-05	3.98246e-16
-6e-05	3.6e-05	5.79548e-16
-6e-05	4e-05	8.95114e-17
-6e-05	4.4e-05	-1.99989e-16
-6e-05	4.8e-05	1.94302e-16
-6e-05	5.2e-05	-4.13581e-17
-6e-05	5.6e-05	-1.65598e-16
-6e-05	6e-05	-6.40859e-16
-6e-05	6.4e-05	1.37869e-16
-6e-05	6.8e-05	-3.51792e-16
-6e-05	7.2e-05	2.32279e-16
-6e-05	7.6e-05	-4.09248e-16
-5.6e-05	-8e-05	1.89517e-16
-5.6e-05	-7.6e-05	-4.27569e-16
-5.6e-05	-7.2e-05	2.10551e-16
-5.6e-05	-6.8e-05	-4.47693e-16
-5.6e-05	-6.4e-05	-6.01256e-17
-5.6e-05	-6e-05	-1.03873e-15
-5.6e-05	-5.6e-05	-3.3359e-16
-5.6e-05	-5.2e-05	3.90271e-17
-5.6e-05	-4.8e-05	1.77671e-16
-5.6e-05	-4.4e-05	-4.54821e-16
-5.6e-05	-4e-05	-2.15901e-16
-5.6e-05	-3.6e-05	4.35852e-16
-5.6e-05	-3.2e-05	-3.13581e-17
-5.6e-05	-2.8e-05	-4.48009e-17
-5.6e-05	-2.4e-05	7.90119e-17
-5.6e-05	-2e-05	-6.56171e-17
-5.6e-05	-1.6e-05	-1.29179e-16
-5.6e-05	-1.2e-05	-1.84929e-16
-5.6e-05	-8e-06	1.37516e-16
-5.6e-05	-4e-06	9.70179e-17
-5.6e-05	0	-1.2602e-16
-5.6e-05	4e-06	-5.82174e-17
-5.6e-05	8e-06	3.40473e-17
-5.6e-05	1.2e-05	2.98427e-17
-5.6e-05	1.6e-05	-1.23756e-16
-5.6e-05	2e-05	4.3135e-17
-5.6e-05	2.4e-05	-2.24879e-16
-5.6e-05	2.8e-05	4.08604e-17
-5.6e-05	3.2e-05	-1.20838e-16
-5.6e-05	3.6e-05	3.46921e-17
-5.6e-05	4e-05	4.2826e-16
-5.6e-05	4.4e-05	-2.08375e-16
-5.6e-05	4.8e-05	-4.26959e-16
-5.6e-05	5.2e-05	2.07041e-16
-5.6e-05	5.6e-05	-1.09069e-16
-5.6e-05	6e-05	-6.36356e-17
-5.6e-05	6.4e-05	-4.02126e-16
-5.6e-05	6.8e-05	4.62424e-17
-5.6e-05	7.2e-05	-6.09992e-16
-5.6e-05	7.6e-05	-5.55589e-18
-5.2e-05	-8e-05	-7.59363e-16
-5.2e-05	-7.6e-05	-3.02808e-17
-5.2e-05	-7.2e-05	-5.89336e-16
-5.2e-05	-6.8e-05	-1.28454e-16
-5.2e-05	-6.4e-05	-6.29493e-16
-5.2e-05	-6e-05	-2.01268e-16
-5.2e-05	-5.6e-05	-5.22397e-17
-5.2e-05	-5.2e-05	2.35264e-16
-5.2e-05	-4.8e-05	-1.1677e-16
-5.2e-05	-4.4e-05	-1.05171e-16
-5.2e-05	-4e-05	2.27848e-16
-5.2e-05	-3.6e-05	-1.14006e-16
-5.2e-05	-3.2e-05	1.09094e-16
-5.2e-05	-2.8e-05	-2.58372e-16
-5.2e-05	-2.4e-05	-1.72798e-16
-5.2e-05	-2e-05	2.78804e-16
-5.2e-05	-1.6e-05	-2.39657e-16
-5.2e-05	-1.2e-05	-1.37176e-16
-5.2e-05	-8e-06	8.88464e-18
-5.2e-05	-4e-06	-8.16366e-17
-5.2e-05	0	4.42601e-17
-5.2e-05	4e-06	1.31391e-16
-5.2e-05	8e-06	2.0044e-16
-5.2e-05	1.2e-05	-5.46023e-17
-5.2e-05	1.6e-05	-1.4797e-16
-5.2e-05	2e-05	-2.9467e-16
-5.2e-05	2.4e-05	3.23818e-16
-5.2e-05	2.8e-05	-6.14349e-17
-5.2e-05	3.2e-05	-1.5696e-16
-5.2e-05	3.6e-05	-5.43626e-16
-5.2e-05	4e-05	1.79651e-16
-5.2e-05	4.4e-05	-2.02884e-16
-5.2e-05	4.8e-05	-7.83665e-17
-5.2e-05	5.2e-05	-1.61492e-16
-5.2e-05	5.6e-05	1.02469e-16
-5.2e-05	6e-05	-1.75556e-16
-5.2e-05	6.4e-05	1.66152e-16
-5.2e-05	6.8e-05	-3.35427e-16
-5.2e-05	7.2e-05	3.67362e-17
-5.2e-05	7.6e-05	-4.15055e-16
-4.8e-05	-8e-05	5.02371e-18
-4.8e-05	-7.6e-05	-4.34234e-16
-4.8e-05	-7.2e-05	4.06559e-17
-4.8e-05	-6.8e-05	-3.3274e-16
-4.8e-05	-6.4e-05	6.12124e-17
-4.8e-05	-6e-05	-1.22802e-16
-4.8e-05	-5.6e-05	2.72951e-16
-4.8e-05	-5.2e-05	-3.3545e-16
-4.8e-05	-4.8e-05	-1.29161e-16
-4.8e-05	-4.4e-05	9.57452e-17
-4.8e-05	-4e-05	-3.24292e-16
-4.8e-05	-3.6e-05	2.54808e-16
-4.8e-05	-3.2e-05	-1.67893e-16
-4.8e-05	-2.8e-05	-2.09059e-16
-4.8e-05	-2.4e-05	4.55931e-16
-4.8e-05	-2e-05	-1.26595e-16
-4.8e-05	-1.6e-05	-3.07157e-16
-4.8e-05	-1.2e-05	-8.07944e-17
-4.8e-05	-8e-06	4.4158e-16
-4.8e-05	-4e-06	1.93384e-16
-4.8e-05	0	5.25903e-17
-4.8e-05	4e-06	-1.17327e-16
-4.8e-05	8e-06	1.08267e-16
-4.8e-05	1.2e-05	2.59804e-16
-4.8e-05	1.6e-05	-2.33158e-16
-4.8e-05	2e-05	2.30161e-17
-4.8e-05	2.4e-05	-4.03434e-16
-4.8e-05	2.8e-05	4.61961e-16
-4.8e-05	3.2e-05	9.23568e-17
-4.8e-05	3.6e-05	-2.03609e-16
-4.8e-05	4e-05	-1.875e-16
-4.8e-05	4.4e-05	-1.42194e-16
-4.8e-05	4.8e-05	-6.42444e-17
-4.8e-05	5.2e-05	7.41791e-17
-4.8e-05	5.6e-05	-2.28783e-17
-4.8e-05	6e-05	1.17289e-17
-4.8e-05	6.4e-05	-6.64128e-17
-4.8e-05	6.8e-05	3.53746e-16
-4.8e-05	7.2e-05	-7.15689e-17
-4.8e-05	7.6e-05	3.02266e-16
-4.4e-05	-8e-05	-3.12636e-16
-4.4e-05	-7.6e-05	2.82505e-16
-4.4e-05	-7.2e-05	-2.65255e-16
-4.4e-05	-6.8e-05	3.64715e-16
-4.4e-05	-6.4e-05	-9.04347e-17
-4.4e-05	-6e-05	2.20426e-16
-4.4e-05	-5.6e-05	-1.91781e-16
-4.4e-05	-5.2e-05	-2.90458e-16
-4.4e-05	-4.8e-05	1.9559e-16
-4.4e-05	-4.4e-05	-3.20177e-16
-4.4e-05	-4e-05	4.89798e-16
-4.4e-05	-3.6e-05	6.78995e-17
-4.4e-05	-3.2e-05	-1.93905e-16
-4.4e-05	-2.8e-05	1.34145e-16
-4.4e-05	-2.4e-05	-1.08149e-16
-4.4e-05	-2e-05	9.51359e-17
-4.4e-05	-1.6e-05	-3.12596e-16
-4.4e-05	-1.2e-05	3.56092e-16
-4.4e-05	-8e-06	1.24354e-16
-4.4e-05	-4e-06	-2.86083e-17
-4.4e-05	0	2.0916e-16
-4.4e-05	4e-06	2.30957e-16
-4.4e-05	8e-06	1.35872e-16
-4.4e-05	1.2e-05	4.77634e-17
-4.4e-05	1.6e-05	4.38303e-17
-4.4e-05	2e-05	-2.73998e-16
-4.4e-05	2.4e-05	1.95129e-16
-4.4e-05	2.8e-05	-3.03411e-16
-4.4e-05	3.2e-05	1.67523e-16
-4.4e-05	3.6e-05	-1.31986e-17
-4.4e-05	4e-05	-5.31712e-17
-4.4e-05	4.4e-05	-5.46835e-17
-4.4e-05	4.8e-05	-1.61088e-16
-4.4e-05	5.2e-05	3.50321e-17
-4.4e-05	5.6e-05	-1.1283e-16
-4.4e-05	6e-05	8.85055e-17
-4.4e-05	6.4e-05	1.77462e-17
-4.4e-05	6.8e-05	-7.0826e-17
-4.4e-05	7.2e-05	3.24829e-16
-4.4e-05	7.6e-05	-2.49485e-16
-4e-05	-8e-05	1.78339e-16
-4e-05	-7.6e-05	-3.61806e-16
-4e-05	-7.2e-05	1.38126e-16
-4e-05	-6.8e-05	-1.73031e-16
-4e-05	-6.4e-05	-9.6218e-17
-4e-05	-6e-05	-6.5027e-17
-4e-05	-5.6e-05	-2.63584e-16
-4e-05	-5.2e-05	3.98895e-16
-4e-05	-4.8e-05	-2.5879e-16
-4e-05	-4.4e-05	4.59104e-16
-4e-05	-4e-05	-1.00203e-17
-4e-05	-3.6e-05	-2.71062e-16
-4e-05	-3.2e-05	-7.29204e-18
-4e-05	-2.8e-05	-3.11978e-16
-4e-05	-2.4e-05	5.38247e-16
-4e-05	-2e-05	-2.81101e-16
-4e-05	-1.6e-05	6.64992e-17
-4e-05	-1.2e-05	4.70151e-17
-4e-05	-8e-06	1.06776e-16
-4e-05	-4e-06	2.21648e-16
-4e-05	0	3.89471e-16
-4e-05	4e-06	-1.68566e-16
-4e-05	8e-06	2.24005e-16
-4e-05	1.2e-05	1.67037e-16
-4e-05	1.6e-05	-9.62601e-17
-4e-05	2e-05	6.16156e-16
-4e-05	2.4e-05	1.08729e-16
-4e-05	2.8e-05	1.99379e-16
-4e-05	3.2e-05	-1.43346e-16
-4e-05	3.6e-05	1.95709e-17
-4e-05	4e-05	-5.79898e-16
-4e-05	4.4e-05	9.43264e-17
-4e-05	4.8e-05	1.55566e-16
-4e-05	5.2e-05	-7.41736e-17
-4e-05	5.6e-05	4.43751e-16
-4e-05	6e-05	-1.27517e-16
-4e-05	6.4e-05	3.14222e-16
-4e-05	6.8e-05	6.34485e-17
-4e-05	7.2e-05	1.52693e-16
-4e-05	7.6e-05	-5.78309e-17
-3.6e-05	-8e-05	-1.27763e-16
-3.6e-05	-7.6e-05	7.93113e-17
-3.6e-05	-7.2e-05	1.19426e-16
-3.6e-05	-6.8e-05	-1.06726e-16
-3.6e-05	-6.4e-05	2.37778e-16
-3.6e-05	-6e-05	-9.85491e-17
-3.6e-05	-5.6e-05	6.29549e-16
-3.6e-05	-5.2e-05	-6.0873e-17
-3.6e-05	-4.8e-05	5.17539e-16
-3.6e-05	-4.4e-05	-4.11841e-17
-3.6e-05	-4e-05	-3.1529e-16
-3.6e-05	-3.6e-05	1.18544e-17
-3.6e-05	-3.2e-05	-3.13e-16
-3.6e-05	-2.8e-05	5.04534e-16
-3.6e-05	-2.4e-05	5.97832e-17
-3.6e-05	-2e-05	-1.37725e-16
-3.6e-05	-1.6e-05	-2.07162e-16
-3.6e-05	-1.2e-05	-3.18935e-15
-3.6e-05	-8e-06	-1.62841e-14
-3.6e-05	-4e-06	2.37317e-14
-3.6e-05	0	4.87494e-15
-3.6e-05	4e-06	-2.84623e-14
-3.6e-05	8e-06	2.22696e-14
-3.6e-05	1.2e-05	1.18303e-15
-3.6e-05	1.6e-05	2.9767e-16
-3.6e-05	2e-05	-3.49143e-16
-3.6e-05	2.4e-05	4.7391e-16
-3.6e-05	2.8e-05	-6.49674e-17
-3.6e-05	3.2e-05	1.28502e-16
-3.6e-05	3.6e-05	-1.22061e-16
-3.6e-05	4e-05	-1.70948e-17
-3.6e-05	4.4e-05	-3.1161e-16
-3.6e-05	4.8e-05	-1.06966e-16
-3.6e-05	5.2e-05	-2.75046e-17
-3.6e-05	5.6e-05	-7.277e-17
-3.6e-05	6e-05	3.09249e-16
-3.6e-05	6.4e-05	-2.81553e-17
-3.6e-05	6.8e-05	5.16978e-16
-3.6e-05	7.2e-05	3.69659e-17
-3.6e-05	7.6e-05	5.35474e-16
-3.2e-05	-8e-05	1.38551e-16
-3.2e-05	-7.6e-05	5.49789e-16
-3.2e-05	-7.2e-05	2.0833e-17
-3.2e-05	-6.8e-05	6.30539e-16
-3.2e-05	-6.4e-05	-9.44126e-17
-3.2e-05	-6e-05	5.23908e-16
-3.2e-05	-5.6e-05	-1.10064e-16
-3.2e-05	-5.2e-05	2.593e-16
-3.2e-05	-4.8e-05	-1.02754e-16
-3.2e-05	-4.4e-05	-3.28092e-16
-3.2e-05	-4e-05	-1.65631e-17
-3.2e-05	-3.6e-05	-2.48335e-16
-3.2e-05	-3.2e-05	4.14583e-16
-3.2e-05	-2.8e-05	5.59588e-17
-3.2e-05	-2.4e-05	-4.16197e-16
-3.2e-05	-2e-05	-7.16315e-16
-3.2e-05	-1.6e-05	-1.95654e-14
-3.2e-05	-1.2e-05	-5.43361e-13
-3.2e-05	-8e-06	-2.45501e-12
-3.2e-05	-4e-06	3.52129e-12
-3.2e-05	0	7.02691e-13
-3.2e-05	4e-06	-4.28665e-12
-3.2e-05	8e-06	3.31644e-12
-3.2e-05	1.2e-05	1.37638e-13
-3.2e-05	1.6e-05	3.51779e-15
-3.2e-05	2e-05	5.58999e-16
-3.2e-05	2.4e-05	5.0556e-17
-3.2e-05	2.8e-05	1.54132e-16
-3.2e-05	3.2e-05	-9.206e-17
-3.2e-05	3.6e-05	9.88704e-17
-3.2e-05	4e-05	-1.97553e-16
-3.2e-05	4.4e-05	8.75341e-17
-3.2e-05	4.8e-05	-3.08233e-16
-3.2e-05	5.2e-05	-1.20994e-17
-3.2e-05	5.6e-05	-1.39889e-16
-3.2e-05	6e-05	-1.0203e-16
-3.2e-05	6.4e-05	9.70399e-17
-3.2e-05	6.8e-05	-1.39656e-16
-3.2e-05	7.2e-05	1.6487e-16
-3.2e-05	7.6e-05	-2.9414e-16
-2.8e-05	-8e-05	3.21823e-16
-2.8e-05	-7.6e-05	-7.88802e-17
-2.8e-05	-7.2e-05	9.73769e-17
-2.8e-05	-6.8e-05	-3.64453e-16
-2.8e-05	-6.4e-05	-1.82419e-17
-2.8e-05	-6e-05	-2.98792e-16
-2.8e-05	-5.6e-05	-9.59481e-17
-2.8e-05	-5.2e-05	-4.26624e-17
-2.8e-05	-4.8e-05	-1.76212e-16
-2.8e-05	-4.4e-05	2.49618e-16
-2.8e-05	-4e-05	-1.28019e-16
-2.8e-05	-3.6e-05	4.77356e-16
-2.8e-05	-3.2e-05	-1.24403e-16
-2.8e-05	-2.8e-05	-3.98347e-16
-2.8e-05	-2.4e-05	-1.0359e-15
-2.8e-05	-2e-05	-4.74412e-14
-2.8e-05	-1.6e-05	-2.44362e-12
-2.8e-05	-1.2e-05	-7.79564e-11
-2.8e-05	-8e-06	-3.66203e-10
-2.8e-05	-4e-06	5.2281e-10
-2.8e-05	0	1.04694e-10
-2.8e-05	4e-06	-6.38385e-10
-2.8e-05	8e-06	4.94891e-10
-2.8e-05	1.2e-05	1.70314e-11
-2.8e-05	1.6e-05	3.48013e-13
-2.8e-05	2e-05	5.82525e-15
-2.8e-05	2.4e-05	5.91633e-16
-2.8e-05	2.8e-05	-2.84662e-17
-2.8e-05	3.2e-05	-8.86523e-17
-2.8e-05	3.6e-05	-3.32001e-16
-2.8e-05	4e-05	4.41104e-17
-2.8e-05	4.4e-05	-2.32841e-16
-2.8e-05	4.8e-05	3.43968e-16
-2.8e-05	5.2e-05	-2.13454e-16
-2.8e-05	5.6e-05	3.81124e-16
-2.8e-05	6e-05	-3.4357e-17
-2.8e-05	6.4e-05	2.36885e-16
-2.8e-05	6.8e-05	-8.85434e-17
-2.8e-05	7.2e-05	4.66017e-17
-2.8e-05	7.6e-05	1.00811e-16
-2.4e-05	-8e-05	1.24761e-16
-2.4e-05	-7.6e-05	1.34061e-16
-2.4e-05	-7.2e-05	1.83714e-16
-2.4e-05	-6.8e-05	-1.98873e-17
-2.4e-05	-6.4e-05	2.50544e-16
-2.4e-05	-6e-05	-3.34827e-17
-2.4e-05	-5.6e-05	3.64816e-16
-2.4e-05	-5.2e-05	8.44951e-17
-2.4e-05	-4.8e-05	6.12304e-16
-2.4e-05	-4.4e-05	5.98157e-17
-2.4e-05	-4e-05	1.80126e-16
-2.4e-05	-3.6e-05	-1.37082e-16
-2.4e-05	-3.2e-05	-5.08711e-16
-2.4e-05	-2.8e-05	-1.0228e-15
-2.4e-05	-2.4e-05	-6.11943e-14
-2.4e-05	-2e-05	-4.65294e-12
-2.4e-05	-1.6e-05	-2.83633e-10
-2.4e-05	-1.2e-05	-1.11667e-08
-2.4e-05	-8e-06	-5.46326e-08
-2.4e-05	-4e-06	7.76226e-08
-2.4e-05	0	1.56073e-08
-2.4e-05	4e-06	-9.50627e-08
-2.4e-05	8e-06	7.38513e-08
-2.4e-05	1.2e-05	2.02491e-09
-2.4e-05	1.6e-05	3.43968e-11
-2.4e-05	2e-05	4.66734e-13
-2.4e-05	2.4e-05	5.85002e-15
-2.4e-05	2.8e-05	4.84409e-16
-2.4e-05	3.2e-05	-2.27922e-16
-2.4e-05	3.6e-05	-1.73061e-16
-2.4e-05	4e-05	-2.93783e-16
-2.4e-05	4.4e-05	-2.69276e-16
-2.4e-05	4.8e-05	-2.46132e-16
-2.4e-05	5.2e-05	8.38421e-17
-2.4e-05	5.6e-05	-2.88942e-17
-2.4e-05	6e-05	3.51426e-16
-2.4e-05	6.4e-05	2.07944e-17
-2.4e-05	6.8e-05	4.2776e-16
-2.4e-05	7.2e-05	-7.3389e-18
-2.4e-05	7.6e-05	6.22238e-16
-2e-05	-8e-05	2.87697e-17
-2e-05	-7.6e-05	5.73062e-16
-2e-05	-7.2e-05	-5.35081e-17
-2e-05	-6.8e-05	5.25498e-16
-2e-05	-6.4e-05	5.68915e-18
-2e-05	-6e-05	3.24468e-16
-2e-05	-5.6e-05	-8.23872e-17
-2e-05	-5.2e-05	1.39467e-16
-2e-05	-4.8e-05	-9.50761e-17
-2e-05	-4.4e-05	-4.13683e-16
-2e-05	-4e-05	-3.3984e-16
-2e-05	-3.6e-05	-3.35742e-16
-2e-05	-3.2e-05	-4.93294e-16
-2e-05	-2.8e-05	-4.37145e-14
-2e-05	-2.4e-05	-4.45961e-12
-2e-05	-2e-05	-4.04849e-10
-2e-05	-1.6e-05	-3.07978e-08
-2e-05	-1.2e-05	-1.59745e-06
-2e-05	-8e-06	-8.15055e-06
-2e-05	-4e-06	1.1525e-05
-2e-05	0	2.32689e-06
-2e-05	4e-06	-1.41561e-05
-2e-05	8e-06	1.1021e-05
-2e-05	1.2e-05	2.25741e-07
-2e-05	1.6e-05	3.06427e-09
-2e-05	2e-05	3.46115e-11
-2e-05	2.4e-05	3.51752e-13
-2e-05	2.8e-05	3.18521e-15
-2e-05	3.2e-05	6.6644e-16
-2e-05	3.6e-05	-1.19529e-16
-2e-05	4e-05	8.72077e-17
-2e-05	4.4e-05	-2.64989e-16
-2e-05	4.8e-05	-8.7687e-17
-2e-05	5.2e-05	-1.8147e-16
-2e-05	5.6e-05	-1.89684e-16
-2e-05	6e-05	-1.15511e-16
-2e-05	6.4e-05	-2.01014e-16
-2e-05	6.8e-05	1.71711e-16
-2e-05	7.2e-05	-1.29341e-16
-2e-05	7.6e-05	-1.51997e-16
-1.6e-05	-8e-05	1.71482e-16
-1.6e-05	-7.6e-05	-9.61853e-17
-1.6e-05	-7.2e-05	8.65675e-18
-1.6e-05	-6.8e-05	-9.11477e-17
-1.6e-05	-6.4e-05	-2.98287e-16
-1.6e-05	-6e-05	-2.38056e-16
-1.6e-05	-5.6e-05	-2.85821e-16
-1.6e-05	-5.2e-05	-1.29706e-16
-1.6e-05	-4.8e-05	-1.20323e-16
-1.6e-05	-4.4e-05	-3.58624e-18
-1.6e-05	-4e-05	3.20833e-16
-1.6e-05	-3.6e-05	1.46552e-16
-1.6e-05	-3.2e-05	-1.59853e-14
-1.6e-05	-2.8e-05	-2.09601e-12
-1.6e-05	-2.4e-05	-2.55007e-10
-1.6e-05	-2e-05	-2.91022e-08
-1.6e-05	-1.6e-05	-2.95929e-06
-1.6e-05	-1.2e-05	-0.000228196
-1.6e-05	-8e-06	-0.00121598
-1.6e-05	-4e-06	0.0017112
-1.6e-05	0	0.000346946
-1.6e-05	4e-06	-0.00210805
-1.6e-05	8e-06	0.00164473
-1.6e-05	1.2e-05	2.23788e-05
-1.6e-05	1.6e-05	2.27637e-07
-1.6e-05	2e-05	2.05664e-09
-1.6e-05	2.4e-05	1.74146e-11
-1.6e-05	2.8e-05	1.41527e-13
-1.6e-05	3.2e-05	1.01115e-15
-1.6e-05	3.6e-05	2.97133e-16
-1.6e-05	4e-05	7.00853e-17
-1.6e-05	4.4e-05	1.62377e-16
-1.6e-05	4.8e-05	6.99609e-17
-1.6e-05	5.2e-05	2.89528e-16
-1.6e-05	5.6e-05	-1.47467e-16
-1.6e-05	6e-05	2.3222e-16
-1.6e-05	6.4e-05	2.96852e-17
-1.6e-05	6.8e-05	-3.35419e-17
-1.6e-05	7.2e-05	-1.5461e-16
-1.6e-05	7.6e-05	2.61956e-16
-1.2e-05	-8e-05	-2.18432e-16
-1.2e-05	-7.6e-05	1.95178e-16
-1.2e-05	-7.2e-05	-2.11666e-16
-1.2e-05	-6.8e-05	7.25771e-17
-1.2e-05	-6.4e-05	-1.94832e-16
-1.2e-05	-6e-05	4.65538e-17
-1.2e-05	-5.6e-05	3.30012e-19
-1.2e-05	-5.2e-05	3.64115e-16
-1.2e-05	-4.8e-05	1.56718e-16
-1.2e-05	-4.4e-05	5.67944e-16
-1.2e-05	-4e-05	2.92584e-16
-1.2e-05	-3.6e-05	-1.95378e-15
-1.2e-05	-3.2e-05	-3.5092e-13
-1.2e-05	-2.8e-05	-5.51181e-11
-1.2e-05	-2.4e-05	-8.62699e-09
-1.2e-05	-2e-05	-1.34656e-06
-1.2e-05	-1.6e-05	-0.000209656
-1.2e-05	-1.2e-05	-0.0325476
-1.2e-05	-8e-06	-0.181414
-1.2e-05	-4e-06	0.254079
-1.2e-05	0	0.0517352
-1.2e-05	4e-06	-0.313924
-1.2e-05	8e-06	0.245459
-1.2e-05	1.2e-05	0.0016664
-1.2e-05	1.6e-05	1.13016e-05
-1.2e-05	2e-05	7.66496e-08
-1.2e-05	2.4e-05	5.19866e-10
-1.2e-05	2.8e-05	3.52607e-12
-1.2e-05	3.2e-05	2.36748e-14
-1.2e-05	3.6e-05	6.97115e-17
-1.2e-05	4e-05	-9.42734e-17
-1.2e-05	4.4e-05	1.25253e-16
-1.2e-05	4.8e-05	9.75232e-17
-1.2e-05	5.2e-05	4.14394e-17
-1.2e-05	5.6e-05	2.44231e-16
-1.2e-05	6e-05	2.48617e-16
-1.2e-05	6.4e-05	1.74352e-16
-1.2e-05	6.8e-05	-2.79272e-17
-1.2e-05	7.2e-05	4.03868e-16
-1.2e-05	7.6e-05	-1.54381e-16
-8e-06	-8e-05	4.35679e-16
-8e-06	-7.6e-05	-1.48558e-16
-8e-06	-7.2e-05	4.12275e-16
-8e-06	-6.8e-05	-2.60151e-17
-8e-06	-6.4e-05	1.34405e-16
-8e-06	-6e-05	-2.02299e-17
-8e-06	-5.6e-05	3.74309e-16
-8e-06	-5.2e-05	2.62876e-16
-8e-06	-4.8e-05	1.63702e-16
-8e-06	-4.4e-05	3.66274e-16
-8e-06	-4e-05	9.22213e-18
-8e-06	-3.6e-05	2.1815e-14
-8e-06	-3.2e-05	3.18653e-12
-8e-06	-2.8e-05	4.73172e-10
-8e-06	-2.4e-05	7.02559e-08
-8e-06	-2e-05	1.04317e-05
-8e-06	-1.6e-05	0.00154895
-8e-06	-1.2e-05	0.229864
-8e-06	-8e-06	-0.0647074
-8e-06	-4e-06	-0.0899682
-8e-06	0	0.0151226
-8e-06	4e-06	-0.0258178
-8e-06	8e-06	0.125235
-8e-06	1.2e-05	0.000843583
-8e-06	1.6e-05	5.68786e-06
-8e-06	2e-05	3.83526e-08
-8e-06	2.4e-05	2.58621e-10
-8e-06	2.8e-05	1.74445e-12
-8e-06	3.2e-05	1.15934e-14
-8e-06	3.6e-05	1.42974e-16
-8e-06	4e-05	2.11766e-16
-8e-06	4.4e-05	-2.30467e-17
-8e-06	4.8e-05	1.32578e-16
-8e-06	5.2e-05	1.04304e-16
-8e-06	5.6e-05	2.98169e-16
-8e-06	6e-05	-3.25631e-17
-8e-06	6.4e-05	5.30272e-16
-8e-06	6.8e-05	-4.4088e-17
-8e-06	7.2e-05	3.03555e-16
-8e-06	7.6e-05	2.23352e-16
-4e-06	-8e-05	1.05722e-16
-4e-06	-7.6e-05	7.88828e-17
-4e-06	-7.2e-05	2.89067e-16
-4e-06	-6.8e-05	-4.36521e-17
-4e-06	-6.4e-05	4.48882e-16
-4e-06	-6e-05	-1.50187e-16
-4e-06	-5.6e-05	4.31162e-16
-4e-06	-5.2e-05	-1.22712e-16
-4e-06	-4.8e-05	3.02578e-16
-4e-06	-4.4e-05	1.11214e-16
-4e-06	-4e-05	2.65667e-17
-4e-06	-3.6e-05	-8.2695e-15
-4e-06	-3.2e-05	-1.25314e-12
-4e-06	-2.8e-05	-1.8454e-10
-4e-06	-2.4e-05	-2.71763e-08
-4e-06	-2e-05	-4.00218e-06
-4e-06	-1.6e-05	-0.000589402
-4e-06	-1.2e-05	-0.0869007
-4e-06	-8e-06	0.0970214
-4e-06	-4e-06	-0.127324
-4e-06	0	0.0510795
-4e-06	4e-06	0.195712
-4e-06	8e-06	-0.290155
-4e-06	1.2e-05	-0.00196091
-4e-06	1.6e-05	-1.32405e-05
-4e-06	2e-05	-8.94045e-08
-4e-06	2.4e-05	-6.03698e-10
-4e-06	2.8e-05	-4.07638e-12
-4e-06	3.2e-05	-2.73279e-14
-4e-06	3.6e-05	-2.82691e-16
-4e-06	4e-05	1.0316e-16
-4e-06	4.4e-05	-9.56808e-17
-4e-06	4.8e-05	2.69686e-16
-4e-06	5.2e-05	-1.14902e-17
-4e-06	5.6e-05	2.71522e-16
-4e-06	6e-05	2.38241e-16
-4e-06	6.4e-05	-2.35857e-17
-4e-06	6.8e-05	1.49653e-16
-4e-06	7.2e-05	2.13226e-16
-4e-06	7.6e-05	1.20702e-16
0	-8e-05	2.03169e-16
0	-7.6e-05	1.44329e-16
0	-7.2e-05	2.79534e-16
0	-6.8e-05	1.81723e-16
0	-6.4e-05	5.74144e-17
0	-6e-05	1.29594e-16
0	-5.6e-05	1.50559e-16
0	-5.2e-05	3.66445e-17
0	-4.8e-05	2.54758e-16
0	-4.4e-05	8.75367e-17
0	-4e-05	3.99844e-16
0	-3.6e-05	-2.73348e-14
0	-3.2e-05	-4.0763e-12
0	-2.8e-05	-6.03698e-10
0	-2.4e-05	-8.94045e-08
0	-2e-05	-1.32405e-05
0	-1.6e-05	-0.00196091
0	-1.2e-05	-0.290155
0	-8e-06	0.195712
0	-4e-06	0.0510795
0	0	-0.127324
0	4e-06	0.0970214
0	8e-06	-0.0869007
0	1.2e-05	-0.000589402
0	1.6e-05	-4.00218e-06
0	2e-05	-2.71763e-08
0	2.4e-05	-1.8454e-10
0	2.8e-05	-1.2534e-12
0	3.2e-05	-8.43088e-15
0	3.6e-05	-1.16509e-16
0	4e-05	2.79116e-16
0	4.4e-05	2.26637e-16
0	4.8e-05	1.44446e-16
0	5.2e-05	3.39593e-16
0	5.6e-05	2.56947e-16
0	6e-05	2.20932e-16
0	6.4e-05	1.91013e-16
0	6.8e-05	3.33198e-16
0	7.2e-05	8.19507e-17
0	7.6e-05	3.68445e-16
4e-06	-8e-05	-1.09036e-16
4e-06	-7.6e-05	1.04032e-16
4e-06	-7.2e-05	-1.21762e-18
4e-06	-6.8e-05	2.03703e-16
4e-06	-6.4e-05	4.61541e-17
4e-06	-6e-05	1.1715e-16
4e-06	-5.6e-05	4.97965e-17
4e-06	-5.2e-05	1.74115e-16
4e-06	-4.8e-05	1.79681e-16
4e-06	-4.4e-05	3.00647e-16
4e-06	-4e-05	2.49643e-16
4e-06	-3.6e-05	1.19998e-14
4e-06	-3.2e-05	1.74452e-12
4e-06	-2.8e-05	2.58621e-10
4e-06	-2.4e-05	3.83526e-08
4e-06	-2e-05	5.68786e-06
4e-06	-1.6e-05	0.000843583
4e-06	-1.2e-05	0.125235
4e-06	-8e-06	-0.0258178
4e-06	-4e-06	0.0151226
4e-06	0	-0.0899682
4e-06	4e-06	-0.0647074
4e-06	8e-06	0.229864
4e-06	1.2e-05	0.00154895
4e-06	1.6e-05	1.04317e-05
4e-06	2e-05	7.02559e-08
4e-06	2.4e-05	4.73172e-10
4e-06	2.8e-05	3.18693e-12
4e-06	3.2e-05	2.14021e-14
4e-06	3.6e-05	3.64862e-16
4e-06	4e-05	1.50114e-17
4e-06	4.4e-05	2.14736e-17
4e-06	4.8e-05	1.34615e-16
4e-06	5.2e-05	2.24458e-16
4e-06	5.6e-05	1.39508e-16
4e-06	6e-05	3.11448e-16
4e-06	6.4e-05	2.46269e-16
4e-06	6.8e-05	2.58678e-16
4e-06	7.2e-05	3.99255e-16
4e-06	7.6e-05	1.33726e-16
8e-06	-8e-05	2.41515e-16
8e-06	-7.6e-05	1.9356e-16
8e-06	-7.2e-05	1.55259e-16
8e-06	-6.8e-05	2.6538e-16
8e-06	-6.4e-05	1.49012e-16
8e-06	-6e-05	1.7878e-16
8e-06	-5.6e-05	2.08395e-18
8e-06	-5.2e-05	2.15859e-16
8e-06	-4.8e-05	1.37851e-16
8e-06	-4.4e-05	3.69345e-16
8e-06	-4e-05	2.75818e-16
8e-06	-3.6e-05	2.39832e-14
8e-06	-3.2e-05	3.52598e-12
8e-06	-2.8e-05	5.19866e-10
8e-06	-2.4e-05	7.66496e-08
8e-06	-2e-05	1.13016e-05
8e-06	-1.6e-05	0.0016664
8e-06	-1.2e-05	0.245459
8e-06	-8e-06	-0.313924
8e-06	-4e-06	0.0517352
8e-06	0	0.254079
8e-06	4e-06	-0.181414
8e-06	8e-06	-0.0325476
8e-06	1.2e-05	-0.000209656
8e-06	1.6e-05	-1.34656e-06
8e-06	2e-05	-8.62699e-09
8e-06	2.4e-05	-5.51174e-11
8e-06	2.8e-05	-3.5111e-13
8e-06	3.2e-05	-1.87871e-15
8e-06	3.6e-05	-3.12672e-16
8e-06	4e-05	2.18341e-17
8e-06	4.4e-05	1.1878e-17
8e-06	4.8e-05	-1.42248e-16
8e-06	5.2e-05	2.63786e-17
8e-06	5.6e-05	-5.07291e-18
8e-06	6e-05	1.12759e-17
8e-06	6.4e-05	1.11625e-16
8e-06	6.8e-05	2.96357e-16
8e-06	7.2e-05	2.26895e-16
8e-06	7.6e-05	2.38052e-16
1.2e-05	-8e-05	1.32216e-17
1.2e-05	-7.6e-05	1.48301e-16
1.2e-05	-7.2e-05	9.56173e-17
1.2e-05	-6.8e-05	2.40719e-16
1.2e-05	-6.4e-05	1.67887e-16
1.2e-05	-6e-05	1.12259e-16
1.2e-05	-5.6e-05	-2.48071e-17
1.2e-05	-5.2e-05	1.19669e-17
1.2e-05	-4.8e-05	-7.74043e-18
1.2e-05	-4.4e-05	-1.11808e-16
1.2e-05	-4e-05	1.54057e-16
1.2e-05	-3.6e-05	1.11122e-15
1.2e-05	-3.2e-05	1.41913e-13
1.2e-05	-2.8e-05	1.74144e-11
1.2e-05	-2.4e-05	2.05664e-09
1.2e-05	-2e-05	2.27637e-07
1.2e-05	-1.6e-05	2.23788e-05
1.2e-05	-1.2e-05	0.00164473
1.2e-05	-8e-06	-0.00210805
1.2e-05	-4e-06	0.000346946
1.2e-05	0	0.0017112
1.2e-05	4e-06	-0.00121598
1.2e-05	8e-06	-0.000228196
1.2e-05	1.2e-05	-2.95929e-06
1.2e-05	1.6e-05	-2.91022e-08
1.2e-05	2e-05	-2.55007e-10
1.2e-05	2.4e-05	-2.09611e-12
1.2e-05	2.8e-05	-1.60863e-14
1.2e-05	3.2e-05	-2.17636e-16
1.2e-05	3.6e-05	4.42946e-16
1.2e-05	4e-05	-8.30736e-17
1.2e-05	4.4e-05	2.81359e-16
1.2e-05	4.8e-05	-9.18835e-17
1.2e-05	5.2e-05	1.8754e-16
1.2e-05	5.6e-05	-2.68443e-16
1.2e-05	6e-05	2.88128e-17
1.2e-05	6.4e-05	4.64062e-17
1.2e-05	6.8e-05	9.24949e-17
1.2e-05	7.2e-05	2.24797e-17
1.2e-05	7.6e-05	-1.12555e-16
1.6e-05	-8e-05	8.5524e-17
1.6e-05	-7.6e-05	-8.76453e-17
1.6e-05	-7.2e-05	-2.14286e-17
1.6e-05	-6.8e-05	1.50179e-16
1.6e-05	-6.4e-05	-1.16519e-16
1.6e-05	-6e-05	-5.96777e-17
1.6e-05	-5.6e-05	-1.06568e-16
1.6e-05	-5.2e-05	1.66305e-16
1.6e-05	-4.8e-05	-2.97511e-16
1.6e-05	-4.4e-05	3.00906e-16
1.6e-05	-4e-05	-3.89841e-16
1.6e-05	-3.6e-05	3.72013e-16
1.6e-05	-3.2e-05	3.359e-15
1.6e-05	-2.8e-05	3.52165e-13
1.6e-05	-2.4e-05	3.46115e-11
1.6e-05	-2e-05	3.06427e-09
1.6e-05	-1.6e-05	2.25741e-07
1.6e-05	-1.2e-05	1.1021e-05
1.6e-05	-8e-06	-1.41561e-05
1.6e-05	-4e-06	2.32689e-06
1.6e-05	0	1.1525e-05
1.6e-05	4e-06	-8.15055e-06
1.6e-05	8e-06	-1.59745e-06
1.6e-05	1.2e-05	-3.07978e-08
1.6e-05	1.6e-05	-4.04849e-10
1.6e-05	2e-05	-4.45969e-12
1.6e-05	2.4e-05	-4.41359e-14
1.6e-05	2.8e-05	-3.45881e-16
1.6e-05	3.2e-05	4.67396e-16
1.6e-05	3.6e-05	4.73131e-17
1.6e-05	4e-05	3.1848e-16
1.6e-05	4.4e-05	-8.07937e-17
1.6e-05	4.8e-05	3.99212e-16
1.6e-05	5.2e-05	-1.33439e-16
1.6e-05	5.6e-05	4.06767e-16
1.6e-05	6e-05	-1.19673e-16
1.6e-05	6.4e-05	2.54071e-16
1.6e-05	6.8e-05	9.8466e-18
1.6e-05	7.2e-05	1.81243e-16
1.6e-05	7.6e-05	-1.46523e-16
2e-05	-8e-05	8.97367e-17
2e-05	-7.6e-05	-1.31776e-16
2e-05	-7.2e-05	2.32642e-16
2e-05	-6.8e-05	-2.1047e-16
2e-05	-6.4e-05	3.02968e-16
2e-05	-6e-05	-2.6313e-16
2e-05	-5.6e-05	2.2592e-16
2e-05	-5.2e-05	-3.16186e-16
2e-05	-4.8e-05	4.30867e-16
2e-05	-4.4e-05	-8.86059e-17
2e-05	-4e-05	7.42977e-16
2e-05	-3.6e-05	-1.47333e-16
2e-05	-3.2e-05	5.8821e-16
2e-05	-2.8e-05	5.76469e-15
2e-05	-2.4e-05	4.66378e-13
2e-05	-2e-05	3.43973e-11
2e-05	-1.6e-05	2.02491e-09
2e-05	-1.2e-05	7.38513e-08
2e-05	-8e-06	-9.50627e-08
2e-05	-4e-06	1.56073e-08
2e-05	0	7.76226e-08
2e-05	4e-06	-5.46326e-08
2e-05	8e-06	-1.11667e-08
2e-05	1.2e-05	-2.83633e-10
2e-05	1.6e-05	-4.65341e-12
2e-05	2e-05	-6.15327e-14
2e-05	2.4e-05	-6.60182e-16
2e-05	2.8e-05	5.64238e-17
2e-05	3.2e-05	1.40754e-16
2e-05	3.6e-05	7.04768e-17
2e-05	4e-05	7.32841e-17
2e-05	4.4e-05	3.18689e-16
2e-05	4.8e-05	5.88151e-17
2e-05	5.2e-05	4.61299e-16
2e-05	5.6e-05	-1.37665e-16
2e-05	6e-05	4.07909e-16
2e-05	6.4e-05	4.44471e-17
2e-05	6.8e-05	3.77739e-16
2e-05	7.2e-05	1.57261e-17
2e-05	7.6e-05	2.65527e-16
2.4e-05	-8e-05	2.43826e-19
2.4e-05	-7.6e-05	3.18836e-16
2.4e-05	-7.2e-05	-1.80854e-16
2.4e-05	-6.8e-05	4.74675e-16
2.4e-05	-6.4e-05	-2.16339e-16
2.4e-05	-6e-05	4.00615e-16
2.4e-05	-5.6e-05	-5.30823e-17
2.4e-05	-5.2e-05	4.29822e-16
2.4e-05	-4.8e-05	-2.05263e-16
2.4e-05	-4.4e-05	2.63802e-16
2.4e-05	-4e-05	2.76935e-16
2.4e-05	-3.6e-05	4.10481e-16
2.4e-05	-3.2e-05	2.33529e-16
2.4e-05	-2.8e-05	3.61913e-16
2.4e-05	-2.4e-05	5.67122e-15
2.4e-05	-2e-05	3.47541e-13
2.4e-05	-1.6e-05	1.70314e-11
2.4e-05	-1.2e-05	4.94891e-10
2.4e-05	-8e-06	-6.38385e-10
2.4e-05	-4e-06	1.04694e-10
2.4e-05	0	5.22809e-10
2.4e-05	4e-06	-3.66203e-10
2.4e-05	8e-06	-7.79568e-11
2.4e-05	1.2e-05	-2.44405e-12
2.4e-05	1.6e-05	-4.80295e-14
2.4e-05	2e-05	-8.65546e-16
2.4e-05	2.4e-05	-9.25912e-17
2.4e-05	2.8e-05	-2.35583e-18
2.4e-05	3.2e-05	-1.62639e-16
2.4e-05	3.6e-05	3.71483e-17
2.4e-05	4e-05	4.94896e-17
2.4e-05	4.4e-05	2.12177e-16
2.4e-05	4.8e-05	1.07937e-16
2.4e-05	5.2e-05	1.09271e-16
2.4e-05	5.6e-05	2.29405e-16
2.4e-05	6e-05	1.3345e-16
2.4e-05	6.4e-05	2.86253e-16
2.4e-05	6.8e-05	2.62938e-16
2.4e-05	7.2e-05	3.61639e-16
2.4e-05	7.6e-05	1.64935e-16
2.8e-05	-8e-05	3.22656e-16
2.8e-05	-7.6e-05	2.95174e-17
2.8e-05	-7.2e-05	3.4716e-16
2.8e-05	-6.8e-05	-8.60427e-19
2.8e-05	-6.4e-05	4.3479e-16
2.8e-05	-6e-05	1.33847e-16
2.8e-05	-5.6e-05	1.05722e-16
2.8e-05	-5.2e-05	2.82823e-16
2.8e-05	-4.8e-05	3.70816e-16
2.8e-05	-4.4e-05	6.43619e-17
2.8e-05	-4e-05	8.47446e-17
2.8e-05	-3.6e-05	2.56021e-17
2.8e-05	-3.2e-05	4.79665e-17
2.8e-05	-2.8e-05	1.19339e-16
2.8e-05	-2.4e-05	1.29943e-16
2.8e-05	-2e-05	3.36073e-15
2.8e-05	-1.6e-05	1.37618e-13
2.8e-05	-1.2e-05	3.31641e-12
2.8e-05	-8e-06	-4.28697e-12
2.8e-05	-4e-06	7.02308e-13
2.8e-05	0	3.52126e-12
2.8e-05	4e-06	-2.45482e-12
2.8e-05	8e-06	-5.43547e-13
2.8e-05	1.2e-05	-2.02296e-14
2.8e-05	1.6e-05	-5.0911e-16
2.8e-05	2e-05	-8.47048e-17
2.8e-05	2.4e-05	-1.66906e-16
2.8e-05	2.8e-05	-1.52784e-16
2.8e-05	3.2e-05	-6.09535e-17
2.8e-05	3.6e-05	-4.24507e-17
2.8e-05	4e-05	9.35197e-17
2.8e-05	4.4e-05	-3.06808e-17
2.8e-05	4.8e-05	1.32056e-16
2.8e-05	5.2e-05	5.06158e-17
2.8e-05	5.6e-05	1.70349e-16
2.8e-05	6e-05	1.72623e-17
2.8e-05	6.4e-05	2.19513e-16
2.8e-05	6.8e-05	-7.04344e-17
2.8e-05	7.2e-05	2.92532e-16
2.8e-05	7.6e-05	1.27796e-16
3.2e-05	-8e-05	2.42654e-16
3.2e-05	-7.6e-05	1.34339e-16
3.2e-05	-7.2e-05	2.13554e-16
3.2e-05	-6.8e-05	1.47397e-16
3.2e-05	-6.4e-05	2.09489e-16
3.2e-05	-6e-05	3.40514e-16
3.2e-05	-5.6e-05	2.26154e-16
3.2e-05	-5.2e-05	-2.32655e-16
3.2e-05	-4.8e-05	3.92652e-16
3.2e-05	-4.4e-05	-7.34389e-17
3.2e-05	-4e-05	2.71666e-17
3.2e-05	-3.6e-05	1.75261e-17
3.2e-05	-3.2e-05	-1.33998e-16
3.2e-05	-2.8e-05	-1.15786e-16
3.2e-05	-2.4e-05	-2.03856e-16
3.2e-05	-2e-05	-9.36103e-17
3.2e-05	-1.6e-05	9.42674e-16
3.2e-05	-1.2e-05	2.2292e-14
3.2e-05	-8e-06	-2.86984e-14
3.2e-05	-4e-06	4.78992e-15
3.2e-05	0	2.36165e-14
3.2e-05	4e-06	-1.62886e-14
3.2e-05	8e-06	-3.73515e-15
3.2e-05	1.2e-05	-1.42321e-16
3.2e-05	1.6e-05	-5.60531e-17
3.2e-05	2e-05	1.15447e-18
3.2e-05	2.4e-05	-1.33394e-16
3.2e-05	2.8e-05	-4.108e-17
3.2e-05	3.2e-05	-2.73369e-16
3.2e-05	3.6e-05	-6.42807e-17
3.2e-05	4e-05	-9.24564e-17
3.2e-05	4.4e-05	-4.72856e-17
3.2e-05	4.8e-05	7.99415e-18
3.2e-05	5.2e-05	1.98254e-16
3.2e-05	5.6e-05	-1.85298e-16
3.2e-05	6e-05	1.49651e-16
3.2e-05	6.4e-05	-1.56084e-16
3.2e-05	6.8e-05	1.24537e-16
3.2e-05	7.2e-05	-6.45076e-17
3.2e-05	7.6e-05	3.03996e-16
3.6e-05	-8e-05	-2.47905e-17
3.6e-05	-7.6e-05	1.85008e-16
3.6e-05	-7.2e-05	-6.76553e-17
3.6e-05	-6.8e-05	1.46857e-16
3.6e-05	-6.4e-05	-3.19863e-16
3.6e-05	-6e-05	2.56838e-16
3.6e-05	-5.6e-05	1.79411e-16
3.6e-05	-5.2e-05	-2.97644e-16
3.6e-05	-4.8e-05	-2.76342e-16
3.6e-05	-4.4e-05	1.95233e-16
3.6e-05	-4e-05	-1.51336e-16
3.6e-05	-3.6e-05	-7.69974e-17
3.6e-05	-3.2e-05	-1.25566e-16
3.6e-05	-2.8e-05	-1.69806e-16
3.6e-05	-2.4e-05	-1.1969e-16
3.6e-05	-2e-05	-2.15913e-16
3.6e-05	-1.6e-05	-1.75832e-16
3.6e-05	-1.2e-05	1.94668e-16
3.6e-05	-8e-06	-2.09424e-16
3.6e-05	-4e-06	3.78203e-17
3.6e-05	0	1.91319e-16
3.6e-05	4e-06	-8.90458e-17
3.6e-05	8e-06	1.4583e-16
3.6e-05	1.2e-05	-5.11803e-17
3.6e-05	1.6e-05	2.01146e-16
3.6e-05	2e-05	-1.58767e-16
3.6e-05	2.4e-05	2.62768e-17
3.6e-05	2.8e-05	-1.67755e-16
3.6e-05	3.2e-05	-2.3055e-17
3.6e-05	3.6e-05	-8.62139e-17
3.6e-05	4e-05	7.88169e-17
3.6e-05	4.4e-05	-2.18561e-16
3.6e-05	4.8e-05	7.94585e-17
3.6e-05	5.2e-05	-2.4328e-16
3.6e-05	5.6e-05	2.20011e-17
3.6e-05	6e-05	-1.64981e-16
3.6e-05	6.4e-05	9.75091e-17
3.6e-05	6.8e-05	-1.34386e-16
3.6e-05	7.2e-05	2.15773e-16
3.6e-05	7.6e-05	-4.52027e-17
4e-05	-8e-05	8.66694e-17
4e-05	-7.6e-05	-1.16844e-16
4e-05	-7.2e-05	1.01224e-16
4e-05	-6.8e-05	-1.39704e-16
4e-05	-6.4e-05	-5.56739e-17
4e-05	-6e-05	-1.93221e-16
4e-05	-5.6e-05	1.7701e-16
4e-05	-5.2e-05	1.1014e-16
4e-05	-4.8e-05	-2.57978e-16
4e-05	-4.4e-05	-1.76085e-16
4e-05	-4e-05	-2.14973e-16
4e-05	-3.6e-05	-2.81144e-16
4e-05	-3.2e-05	-1.20408e-16
4e-05	-2.8e-05	-3.32627e-16
4e-05	-2.4e-05	-7.07434e-17
4e-05	-2e-05	-4.22123e-16
4e-05	-1.6e-05	-4.4287e-17
4e-05	-1.2e-05	-7.37146e-17
4e-05	-8e-06	9.30843e-17
4e-05	-4e-06	5.11086e-17
4e-05	0	1.71405e-16
4e-05	4e-06	1.31985e-16
4e-05	8e-06	4.67135e-17
4e-05	1.2e-05	2.92357e-16
4e-05	1.6e-05	-1.43499e-17
4e-05	2e-05	1.47024e-16
4e-05	2.4e-05	-1.20698e-16
4e-05	2.8e-05	1.28567e-16
4e-05	3.2e-05	-1.27229e-16
4e-05	3.6e-05	-6.03255e-18
4e-05	4e-05	-2.65861e-16
4e-05	4.4e-05	1.25889e-16
4e-05	4.8e-05	-2.72319e-16
4e-05	5.2e-05	4.30026e-17
4e-05	5.6e-05	-2.29798e-16
4e-05	6e-05	-5.11948e-17
4e-05	6.4e-05	-3.1085e-16
4e-05	6.8e-05	7.19975e-17
4e-05	7.2e-05	-1.02044e-16
4e-05	7.6e-05	3.96392e-17
4.4e-05	-8e-05	-1.46383e-16
4.4e-05	-7.6e-05	2.0633e-17
4.4e-05	-7.2e-05	-1.99089e-16
4.4e-05	-6.8e-05	1.16879e-16
4.4e-05	-6.4e-05	-1.0508e-16
4.4e-05	-6e-05	-1.10262e-16
4.4e-05	-5.6e-05	-2.22879e-16
4.4e-05	-5.2e-05	1.90863e-16
4.4e-05	-4.8e-05	-3.39534e-16
4.4e-05	-4.4e-05	-1.9232e-16
4.4e-05	-4e-05	-2.27131e-16
4.4e-05	-3.6e-05	2.85542e-17
4.4e-05	-3.2e-05	-3.84778e-16
4.4e-05	-2.8e-05	6.88497e-17
4.4e-05	-2.4e-05	-3.00932e-16
4.4e-05	-2e-05	3.4568e-17
4.4e-05	-1.6e-05	-6.42337e-17
4.4e-05	-1.2e-05	2.34067e-16
4.4e-05	-8e-06	1.12373e-16
4.4e-05	-4e-06	1.46119e-16
4.4e-05	0	2.73351e-16
4.4e-05	4e-06	1.64755e-16
4.4e-05	8e-06	1.92962e-16
4.4e-05	1.2e-05	2.12122e-16
4.4e-05	1.6e-05	2.86676e-16
4.4e-05	2e-05	-1.35888e-17
4.4e-05	2.4e-05	1.51933e-16
4.4e-05	2.8e-05	7.47407e-18
4.4e-05	3.2e-05	1.86506e-16
4.4e-05	3.6e-05	-1.40211e-16
4.4e-05	4e-05	2.39366e-16
4.4e-05	4.4e-05	-1.43353e-16
4.4e-05	4.8e-05	6.00248e-17
4.4e-05	5.2e-05	-3.27555e-16
4.4e-05	5.6e-05	1.47501e-16
4.4e-05	6e-05	-3.44113e-16
4.4e-05	6.4e-05	9.41205e-17
4.4e-05	6.8e-05	-1.31583e-16
4.4e-05	7.2e-05	-5.18492e-17
4.4e-05	7.6e-05	-3.13864e-16
4.8e-05	-8e-05	2.6354e-17
4.8e-05	-7.6e-05	-8.83738e-17
4.8e-05	-7.2e-05	-3.46093e-17
4.8e-05	-6.8e-05	-3.71865e-16
4.8e-05	-6.4e-05	1.4943e-16
4.8e-05	-6e-05	-2.7069e-16
4.8e-05	-5.6e-05	-1.9376e-17
4.8e-05	-5.2e-05	-2.52667e-16
4.8e-05	-4.8e-05	-1.52181e-16
4.8e-05	-4.4e-05	-2.22281e-16
4.8e-05	-4e-05	-9.53917e-17
4.8e-05	-3.6e-05	-1.37383e-16
4.8e-05	-3.2e-05	1.0575e-16
4.8e-05	-2.8e-05	-2.8262e-16
4.8e-05	-2.4e-05	9.16814e-17
4.8e-05	-2e-05	-4.69831e-17
4.8e-05	-1.6e-05	1.45051e-16
4.8e-05	-1.2e-05	5.9484e-17
4.8e-05	-8e-06	7.39933e-17
4.8e-05	-4e-06	2.44198e-16
4.8e-05	0	1.0859e-16
4.8e-05	4e-06	3.08897e-16
4.8e-05	8e-06	1.46427e-16
4.8e-05	1.2e-05	2.17917e-16
4.8e-05	1.6e-05	1.51673e-16
4.8e-05	2e-05	2.22185e-16
4.8e-05	2.4e-05	4.28201e-17
4.8e-05	2.8e-05	2.64221e-16
4.8e-05	3.2e-05	-6.95486e-17
4.8e-05	3.6e-05	3.23286e-16
4.8e-05	4e-05	-1.38437e-16
4.8e-05	4.4e-05	1.62206e-16
4.8e-05	4.8e-05	-2.1775e-16
4.8e-05	5.2e-05	2.6422e-16
4.8e-05	5.6e-05	-3.484e-16
4.8e-05	6e-05	1.67431e-16
4.8e-05	6.4e-05	-2.18012e-16
4.8e-05	6.8e-05	9.41184e-17
4.8e-05	7.2e-05	-3.21477e-16
4.8e-05	7.6e-05	6.30766e-17
5.2e-05	-8e-05	-3.30675e-16
5.2e-05	-7.6e-05	2.15033e-16
5.2e-05	-7.2e-05	-1.40045e-16
5.2e-05	-6.8e-05	8.32685e-17
5.2e-05	-6.4e-05	-3.67763e-16
5.2e-05	-6e-05	1.98317e-16
5.2e-05	-5.6e-05	-2.59789e-16
5.2e-05	-5.2e-05	2.21611e-16
5.2e-05	-4.8e-05	-2.01926e-16
5.2e-05	-4.4e-05	3.27247e-17
5.2e-05	-4e-05	-2.13694e-16
5.2e-05	-3.6e-05	9.84008e-17
5.2e-05	-3.2e-05	-5.35427e-17
5.2e-05	-2.8e-05	2.06894e-16
5.2e-05	-2.4e-05	4.70411e-17
5.2e-05	-2e-05	3.08246e-16
5.2e-05	-1.6e-05	1.89493e-16
5.2e-05	-1.2e-05	1.28484e-16
5.2e-05	-8e-06	2.13649e-16
5.2e-05	-4e-06	-2.87096e-17
5.2e-05	0	3.98933e-16
5.2e-05	4e-06	2.16694e-16
5.2e-05	8e-06	1.36436e-16
5.2e-05	1.2e-05	9.37527e-17
5.2e-05	1.6e-05	1.89573e-16
5.2e-05	2e-05	4.16121e-17
5.2e-05	2.4e-05	3.84321e-16
5.2e-05	2.8e-05	1.58493e-17
5.2e-05	3.2e-05	3.40353e-16
5.2e-05	3.6e-05	3.15405e-17
5.2e-05	4e-05	2.3166e-16
5.2e-05	4.4e-05	-1.5561e-16
5.2e-05	4.8e-05	2.50602e-16
5.2e-05	5.2e-05	-1.11389e-16
5.2e-05	5.6e-05	2.93232e-16
5.2e-05	6e-05	-8.37512e-17
5.2e-05	6.4e-05	2.76804e-16
5.2e-05	6.8e-05	-2.61531e-16
5.2e-05	7.2e-05	2.09972e-16
5.2e-05	7.6e-05	-1.19275e-16
5.6e-05	-8e-05	1.64295e-16
5.6e-05	-7.6e-05	-3.49629e-16
5.6e-05	-7.2e-05	2.26276e-16
5.6e-05	-6.8e-05	-1.0289e-16
5.6e-05	-6.4e-05	2.00642e-16
5.6e-05	-6e-05	-3.26645e-16
5.6e-05	-5.6e-05	4.09702e-16
5.6e-05	-5.2e-05	-2.04232e-16
5.6e-05	-4.8e-05	1.41316e-16
5.6e-05	-4.4e-05	-1.0644e-16
5.6e-05	-4e-05	1.32497e-16
5.6e-05	-3.6e-05	1.31574e-16
5.6e-05	-3.2e-05	9.8176e-17
5.6e-05	-2.8e-05	2.33818e-16
5.6e-05	-2.4e-05	7.54538e-17
5.6e-05	-2e-05	2.37043e-16
5.6e-05	-1.6e-05	1.12854e-16
5.6e-05	-1.2e-05	2.93326e-16
5.6e-05	-8e-06	-5.73068e-17
5.6e-05	-4e-06	2.11183e-16
5.6e-05	0	-1.26652e-17
5.6e-05	4e-06	2.56377e-16
5.6e-05	8e-06	4.40116e-17
5.6e-05	1.2e-05	1.13132e-16
5.6e-05	1.6e-05	1.18736e-16
5.6e-05	2e-05	3.38717e-16
5.6e-05	2.4e-05	4.49504e-17
5.6e-05	2.8e-05	3.3627e-16
5.6e-05	3.2e-05	5.39191e-17
5.6e-05	3.6e-05	2.24825e-16
5.6e-05	4e-05	1.27889e-17
5.6e-05	4.4e-05	2.12078e-16
5.6e-05	4.8e-05	1.08882e-16
5.6e-05	5.2e-05	2.53911e-16
5.6e-05	5.6e-05	1.27304e-16
5.6e-05	6e-05	3.34544e-16
5.6e-05	6.4e-05	-1.55289e-16
5.6e-05	6.8e-05	2.89805e-16
5.6e-05	7.2e-05	-1.20087e-16
5.6e-05	7.6e-05	2.64289e-16
6e-05	-8e-05	-1.10187e-16
6e-05	-7.6e-05	3.94307e-16
6e-05	-7.2e-05	-1.89026e-16
6e-05	-6.8e-05	4.51972e-16
6e-05	-6.4e-05	1.48132e-16
6e-05	-6e-05	3.08909e-16
6e-05	-5.6e-05	5.01173e-17
6e-05	-5.2e-05	1.41985e-16
6e-05	-4.8e-05	-2.11808e-17
6e-05	-4.4e-05	2.10294e-16
6e-05	-4e-05	6.66308e-17
6e-05	-3.6e-05	1.91473e-16
6e-05	-3.2e-05	1.47924e-16
6e-05	-2.8e-05	1.51589e-16
6e-05	-2.4e-05	1.83944e-16
6e-05	-2e-05	1.40545e-16
6e-05	-1.6e-05	2.52572e-16
6e-05	-1.2e-05	1.80644e-16
6e-05	-8e-06	6.09703e-17
6e-05	-4e-06	1.82038e-16
6e-05	0	-6.10064e-17
6e-05	4e-06	1.02039e-16
6e-05	8e-06	6.85107e-18
6e-05	1.2e-05	-7.33959e-17
6e-05	1.6e-05	3.01463e-16
6e-05	2e-05	-1.08722e-16
6e-05	2.4e-05	2.80432e-16
6e-05	2.8e-05	-2.90604e-17
6e-05	3.2e-05	2.61564e-16
6e-05	3.6e-05	7.68426e-17
6e-05	4e-05	2.31506e-16
6e-05	4.4e-05	1.06617e-16
6e-05	4.8e-05	2.8278e-16
6e-05	5.2e-05	1.45009e-16
6e-05	5.6e-05	2.74386e-16
6e-05	6e-05	5.95342e-17
6e-05	6.4e-05	3.09533e-16
6e-05	6.8e-05	8.80778e-17
6e-05	7.2e-05	3.66074e-16
6e-05	7.6e-05	3.51739e-17
6.4e-05	-8e-05	3.13293e-16
6.4e-05	-7.6e-05	8.57106e-17
6.4e-05	-7.2e-05	3.18622e-16
6.4e-05	-6.8e-05	-1.47516e-17
6.4e-05	-6.4e-05	4.32859e-16
6.4e-05	-6e-05	9.60734e-17
6.4e-05	-5.6e-05	3.91539e-16
6.4e-05	-5.2e-05	1.88707e-16
6.4e-05	-4.8e-05	2.78475e-16
6.4e-05	-4.4e-05	1.16522e-16
6.4e-05	-4e-05	3.23655e-16
6.4e-05	-3.6e-05	-1.32863e-17
6.4e-05	-3.2e-05	2.81131e-16
6.4e-05	-2.8e-05	1.84605e-17
6.4e-05	-2.4e-05	2.22793e-16
6.4e-05	-2e-05	-1.20429e-16
6.4e-05	-1.6e-05	1.40446e-16
6.4e-05	-1.2e-05	-5.5704e-17
6.4e-05	-8e-06	9.4096e-17
6.4e-05	-4e-06	-8.38229e-17
6.4e-05	0	3.42937e-17
6.4e-05	4e-06	1.11924e-16
6.4e-05	8e-06	-5.64843e-18
6.4e-05	1.2e-05	2.51218e-16
6.4e-05	1.6e-05	2.53309e-17
6.4e-05	2e-05	3.26577e-16
6.4e-05	2.4e-05	-1.01713e-17
6.4e-05	2.8e-05	6.06676e-17
6.4e-05	3.2e-05	-6.6181e-17
6.4e-05	3.6e-05	2.01785e-16
6.4e-05	4e-05	-2.00797e-17
6.4e-05	4.4e-05	2.80041e-16
6.4e-05	4.8e-05	2.47597e-17
6.4e-05	5.2e-05	3.68763e-16
6.4e-05	5.6e-05	3.34923e-18
6.4e-05	6e-05	3.68678e-16
6.4e-05	6.4e-05	3.25283e-17
6.4e-05	6.8e-05	4.19585e-16
6.4e-05	7.2e-05	4.71769e-18
6.4e-05	7.6e-05	3.96705e-16
6.8e-05	-8e-05	-8.60478e-17
6.8e-05	-7.6e-05	3.10046e-16
6.8e-05	-7.2e-05	2.28713e-17
6.8e-05	-6.8e-05	2.76403e-16
6.8e-05	-6.4e-05	-3.71566e-17
6.8e-05	-6e-05	3.63931e-16
6.8e-05	-5.6e-05	5.67003e-18
6.8e-05	-5.2e-05	3.94089e-16
6.8e-05	-4.8e-05	-5.14504e-17
6.8e-05	-4.4e-05	3.39973e-16
6.8e-05	-4e-05	6.14814e-19
6.8e-05	-3.6e-05	3.19276e-16
6.8e-05	-3.2e-05	-1.10656e-16
6.8e-05	-2.8e-05	4.27114e-16
6.8e-05	-2.4e-05	-9.071e-17
6.8e-05	-2e-05	2.52671e-16
6.8e-05	-1.6e-05	-1.17413e-16
6.8e-05	-1.2e-05	4.42842e-17
6.8e-05	-8e-06	6.5249e-18
6.8e-05	-4e-06	1.10062e-16
6.8e-05	0	1.40941e-16
6.8e-05	4e-06	9.42149e-17
6.8e-05	8e-06	2.77252e-16
6.8e-05	1.2e-05	1.32819e-16
6.8e-05	1.6e-05	2.6136e-16
6.8e-05	2e-05	6.76276e-17
6.8e-05	2.4e-05	1.35927e-16
6.8e-05	2.8e-05	-1.39382e-17
6.8e-05	3.2e-05	2.8405e-16
6.8e-05	3.6e-05	-6.46381e-17
6.8e-05	4e-05	3.36007e-16
6.8e-05	4.4e-05	-3.42928e-17
6.8e-05	4.8e-05	2.99907e-16
6.8e-05	5.2e-05	-8.74866e-17
6.8e-05	5.6e-05	3.31935e-16
6.8e-05	6e-05	-8.87484e-17
6.8e-05	6.4e-05	3.64695e-16
6.8e-05	6.8e-05	-1.14984e-16
6.8e-05	7.2e-05	3.14997e-16
6.8e-05	7.6e-05	-1.57306e-16
7.2e-05	-8e-05	2.73635e-16
7.2e-05	-7.6e-05	-1.7116e-16
7.2e-05	-7.2e-05	2.25926e-16
7.2e-05	-6.8e-05	-1.24906e-16
7.2e-05	-6.4e-05	9.14673e-17
7.2e-05	-6e-05	-1.65637e-16
7.2e-05	-5.6e-05	2.22433e-16
7.2e-05	-5.2e-05	-1.0162e-16
7.2e-05	-4.8e-05	2.2982e-16
7.2e-05	-4.4e-05	-1.9017e-16
7.2e-05	-4e-05	1.9471e-16
7.2e-05	-3.6e-05	-1.57846e-16
7.2e-05	-3.2e-05	2.59483e-16
7.2e-05	-2.8e-05	-9.98222e-17
7.2e-05	-2.4e-05	2.22605e-16
7.2e-05	-2e-05	-6.1185e-17
7.2e-05	-1.6e-05	1.5206e-16
7.2e-05	-1.2e-05	3.5929e-17
7.2e-05	-8e-06	1.87574e-16
7.2e-05	-4e-06	1.51571e-16
7.2e-05	0	2.34979e-16
7.2e-05	4e-06	1.54078e-16
7.2e-05	8e-06	1.23065e-16
7.2e-05	1.2e-05	1.96227e-16
7.2e-05	1.6e-05	5.81058e-17
7.2e-05	2e-05	1.18615e-16
7.2e-05	2.4e-05	2.44448e-17
7.2e-05	2.8e-05	1.87566e-16
7.2e-05	3.2e-05	5.52687e-17
7.2e-05	3.6e-05	1.48163e-16
7.2e-05	4e-05	3.96682e-17
7.2e-05	4.4e-05	1.8616e-16
7.2e-05	4.8e-05	-8.24586e-17
7.2e-05	5.2e-05	1.54584e-16
7.2e-05	5.6e-05	-1.52714e-16
7.2e-05	6e-05	2.54991e-16
7.2e-05	6.4e-05	-1.5128e-16
7.2e-05	6.8e-05	2.36644e-16
7.2e-05	7.2e-05	-1.91822e-16
7.2e-05	7.6e-05	8.76164e-17
7.6e-05	-8e-05	-1.5525e-16
7.6e-05	-7.6e-05	8.39663e-17
7.6e-05	-7.2e-05	-1.70858e-16
7.6e-05	-6.8e-05	2.32464e-17
7.6e-05	-6.4e-05	-1.72333e-16
7.6e-05	-6e-05	-8.47854e-17
7.6e-05	-5.6e-05	-1.45005e-16
7.6e-05	-5.2e-05	4.5042e-17
7.6e-05	-4.8e-05	-1.8667e-16
7.6e-05	-4.4e-05	7.92605e-17
7.6e-05	-4e-05	-1.27884e-16
7.6e-05	-3.6e-05	1.14681e-16
7.6e-05	-3.2e-05	-6.59749e-18
7.6e-05	-2.8e-05	1.4874e-16
7.6e-05	-2.4e-05	7.39749e-17
7.6e-05	-2e-05	2.1914e-16
7.6e-05	-1.6e-05	7.24358e-17
7.6e-05	-1.2e-05	1.99562e-16
7.6e-05	-8e-06	4.07459e-17
7.6e-05	-4e-06	2.01134e-16
7.6e-05	0	-2.15167e-17
7.6e-05	4e-06	1.27212e-16
7.6e-05	8e-06	1.82458e-17
7.6e-05	1.2e-05	2.9639e-17
7.6e-05	1.6e-05	7.60014e-17
7.6e-05	2e-05	-4.49612e-17
7.6e-05	2.4e-05	1.55074e-16
7.6e-05	2.8e-05	2.90993e-17
7.6e-05	3.2e-05	1.27022e-16
7.6e-05	3.6e-05	9.06505e-17
7.6e-05	4e-05	1.11745e-16
7.6e-05	4.4e-05	2.76619e-17
7.6e-05	4.8e-05	1.14364e-16
7.6e-05	5.2e-05	-4.84085e-17
7.6e-05	5.6e-05	8.55167e-17
7.6e-05	6e-05	-8.39499e-17
7.6e-05	6.4e-05	1.04058e-16
7.6e-05	6.8e-05	-1.32993e-16
7.6e-05	7.2e-05	4.55437e-17
7.6e-05	7.6e-05	-2.73771e-17
