-8e-05	-8e-05	-4.23826e-16
-8e-05	-7.6e-05	-2.38484e-16
-8e-05	-7.2e-05	-6.35477e-17
-8e-05	-6.8e-05	-2.25256e-16
-8e-05	-6.4e-05	-2.86588e-16
-8e-05	-6e-05	5.46972e-17
-8e-05	-5.6e-05	-9.97558e-17
-8e-05	-5.2e-05	-2.16157e-17
-8e-05	-4.8e-05	-1.16694e-16
-8e-05	-4.4e-05	1.61822e-17
-8e-05	-4e-05	2.54251e-16
-8e-05	-3.6e-05	-3.38268e-17
-8e-05	-3.2e-05	-5.87397e-17
-8e-05	-2.8e-05	4.09078e-17
-8e-05	-2.4e-05	7.81968e-17
-8e-05	-2e-05	5.62301e-17
-8e-05	-1.6e-05	7.21429e-17
-8e-05	-1.2e-05	7.63929e-17
-8e-05	-8e-06	-9.01531e-17
-8e-05	-4e-06	-3.68075e-17
-8e-05	0	-2.90076e-17
-8e-05	4e-06	-2.92205e-17
-8e-05	8e-06	-4.49828e-18
-8e-05	1.2e-05	-1.12234e-17
-8e-05	1.6e-05	1.58896e-17
-8e-05	2e-05	5.70433e-17
-8e-05	2.4e-05	-6.41552e-17
-8e-05	2.8e-05	5.14337e-17
-8e-05	3.2e-05	8.90095e-17
-8e-05	3.6e-05	6.32356e-18
-8e-05	4e-05	-8.04325e-17
-8e-05	4.4e-05	-1.0397e-17
-8e-05	4.8e-05	-9.61967e-17
-8e-05	5.2e-05	-5.86253e-17
-8e-05	5.6e-05	-6.07183e-17
-8e-05	6e-05	1.54296e-17
-8e-05	6.4e-05	-4.44564e-17
-8e-05	6.8e-05	-1.25361e-16
-8e-05	7.2e-05	-2.22018e-16
-8e-05	7.6e-05	6.93431e-16
-7.6e-05	-8e-05	-2.37416e-16
-7.6e-05	-7.6e-05	-4.35044e-17
-7.6e-05	-7.2e-05	-3.75588e-16
-7.6e-05	-6.8e-05	9.04941e-16
-7.6e-05	-6.4e-05	-1.5434e-16
-7.6e-05	-6e-05	1.53912e-15
-7.6e-05	-5.6e-05	2.28522e-16
-7.6e-05	-5.2e-05	-1.33642e-15
-7.6e-05	-4.8e-05	1.41161e-16
-7.6e-05	-4.4e-05	1.61504e-16
-7.6e-05	-4e-05	-5.68033e-17
-7.6e-05	-3.6e-05	-3.49987e-16
-7.6e-05	-3.2e-05	-4.18706e-18
-7.6e-05	-2.8e-05	8.31884e-16
-7.6e-05	-2.4e-05	-9.27702e-18
-7.6e-05	-2e-05	-7.25927e-16
-7.6e-05	-1.6e-05	1.14976e-16
-7.6e-05	-1.2e-05	4.67173e-16
-7.6e-05	-8e-06	2.70771e-16
-7.6e-05	-4e-06	5.52567e-16
-7.6e-05	0	-2.58155e-16
-7.6e-05	4e-06	-1.25875e-15
-7.6e-05	8e-06	4.18625e-16
-7.6e-05	1.2e-05	1.39842e-15
-7.6e-05	1.6e-05	4.99669e-16
-7.6e-05	2e-05	3.73567e-16
-7.6e-05	2.4e-05	2.24432e-15
-7.6e-05	2.8e-05	2.10993e-15
-7.6e-05	3.2e-05	1.10188e-15
-7.6e-05	3.6e-05	-1.41313e-15
-7.6e-05	4e-05	-2.84704e-15
-7.6e-05	4.4e-05	-7.66822e-17
-7.6e-05	4.8e-05	-5.16198e-16
-7.6e-05	5.2e-05	2.43932e-17
-7.6e-05	5.6e-05	6.35837e-17
-7.6e-05	6e-05	1.05057e-16
-7.6e-05	6.4e-05	-8.04375e-17
-7.6e-05	6.8e-05	-1.21931e-16
-7.6e-05	7.2e-05	4.43812e-17
-7.6e-05	7.6e-05	-3.86558e-16
-7.2e-05	-8e-05	6.98191e-17
-7.2e-05	-7.6e-05	-5.10975e-16
-7.2e-05	-7.2e-05	6.34551e-17
-7.2e-05	-6.8e-05	-8.41062e-17
-7.2e-05	-6.4e-05	9.25589e-17
-7.2e-05	-6e-05	1.10026e-16
-7.2e-05	-5.6e-05	-3.81676e-17
-7.2e-05	-5.2e-05	3.33235e-17
-7.2e-05	-4.8e-05	-1.34129e-16
-7.2e-05	-4.4e-05	-9.61821e-19
-7.2e-05	-4e-05	3.69074e-17
-7.2e-05	-3.6e-05	-3.82238e-17
-7.2e-05	-3.2e-05	4.00494e-17
-7.2e-05	-2.8e-05	1.06485e-16
-7.2e-05	-2.4e-05	-1.11e-17
-7.2e-05	-2e-05	-4.87609e-18
-7.2e-05	-1.6e-05	-3.75857e-17
-7.2e-05	-1.2e-05	6.46064e-18
-7.2e-05	-8e-06	5.05875e-17
-7.2e-05	-4e-06	-1.19567e-17
-7.2e-05	0	-1.51809e-17
-7.2e-05	4e-06	-3.56273e-17
-7.2e-05	8e-06	8.77627e-18
-7.2e-05	1.2e-05	2.94163e-17
-7.2e-05	1.6e-05	-1.66195e-17
-7.2e-05	2e-05	-4.49152e-17
-7.2e-05	2.4e-05	1.94608e-17
-7.2e-05	2.8e-05	5.25553e-17
-7.2e-05	3.2e-05	4.2039e-17
-7.2e-05	3.6e-05	-2.37708e-17
-7.2e-05	4e-05	-2.396e-17
-7.2e-05	4.4e-05	3.82861e-17
-7.2e-05	4.8e-05	-1.37135e-17
-7.2e-05	5.2e-05	-6.86719e-17
-7.2e-05	5.6e-05	5.40814e-17
-7.2e-05	6e-05	-4.67059e-17
-7.2e-05	6.4e-05	-9.89068e-18
-7.2e-05	6.8e-05	6.7347e-17
-7.2e-05	7.2e-05	-9.76776e-17
-7.2e-05	7.6e-05	7.52623e-17
-6.8e-05	-8e-05	-2.74159e-16
-6.8e-05	-7.6e-05	7.97023e-17
-6.8e-05	-7.2e-05	-1.7529e-16
-6.8e-05	-6.8e-05	1.08428e-16
-6.8e-05	-6.4e-05	-1.02137e-16
-6.8e-05	-6e-05	6.58977e-17
-6.8e-05	-5.6e-05	9.11022e-17
-6.8e-05	-5.2e-05	-3.43648e-16
-6.8e-05	-4.8e-05	1.14681e-16
-6.8e-05	-4.4e-05	1.12015e-16
-6.8e-05	-4e-05	-1.29238e-16
-6.8e-05	-3.6e-05	-9.282e-17
-6.8e-05	-3.2e-05	1.14567e-16
-6.8e-05	-2.8e-05	9.47986e-17
-6.8e-05	-2.4e-05	2.66335e-17
-6.8e-05	-2e-05	-8.29924e-17
-6.8e-05	-1.6e-05	-3.85014e-17
-6.8e-05	-1.2e-05	3.84437e-17
-6.8e-05	-8e-06	2.02836e-17
-6.8e-05	-4e-06	2.03524e-17
-6.8e-05	0	-7.57747e-17
-6.8e-05	4e-06	-5.90496e-18
-6.8e-05	8e-06	-1.14744e-17
-6.8e-05	1.2e-05	-7.85283e-19
-6.8e-05	1.6e-05	-1.78674e-17
-6.8e-05	2e-05	-2.97208e-17
-6.8e-05	2.4e-05	-3.07195e-17
-6.8e-05	2.8e-05	3.23844e-17
-6.8e-05	3.2e-05	5.47142e-17
-6.8e-05	3.6e-05	7.17107e-17
-6.8e-05	4e-05	-4.55854e-17
-6.8e-05	4.4e-05	-5.36567e-17
-6.8e-05	4.8e-05	2.64549e-17
-6.8e-05	5.2e-05	5.70584e-17
-6.8e-05	5.6e-05	-1.56036e-16
-6.8e-05	6e-05	1.32327e-16
-6.8e-05	6.4e-05	-2.11047e-17
-6.8e-05	6.8e-05	7.51156e-17
-6.8e-05	7.2e-05	6.36588e-17
-6.8e-05	7.6e-05	-7.53321e-17
-6.4e-05	-8e-05	1.05256e-16
-6.4e-05	-7.6e-05	-1.06846e-16
-6.4e-05	-7.2e-05	1.51092e-16
-6.4e-05	-6.8e-05	2.44098e-17
-6.4e-05	-6.4e-05	6.23802e-17
-6.4e-05	-6e-05	3.78041e-16
-6.4e-05	-5.6e-05	-3.52016e-16
-6.4e-05	-5.2e-05	1.00749e-16
-6.4e-05	-4.8e-05	6.83091e-17
-6.4e-05	-4.4e-05	-1.52204e-16
-6.4e-05	-4e-05	-2.65539e-17
-6.4e-05	-3.6e-05	3.36706e-17
-6.4e-05	-3.2e-05	9.81915e-17
-6.4e-05	-2.8e-05	8.12652e-17
-6.4e-05	-2.4e-05	-2.84832e-17
-6.4e-05	-2e-05	-4.78524e-17
-6.4e-05	-1.6e-05	1.95313e-17
-6.4e-05	-1.2e-05	-1.79126e-17
-6.4e-05	-8e-06	1.02462e-16
-6.4e-05	-4e-06	-1.0319e-16
-6.4e-05	0	5.92139e-17
-6.4e-05	4e-06	-2.89932e-17
-6.4e-05	8e-06	5.78033e-19
-6.4e-05	1.2e-05	6.20153e-18
-6.4e-05	1.6e-05	-6.32745e-17
-6.4e-05	2e-05	-1.18472e-17
-6.4e-05	2.4e-05	3.69925e-17
-6.4e-05	2.8e-05	4.40513e-17
-6.4e-05	3.2e-05	6.3612e-17
-6.4e-05	3.6e-05	1.24201e-17
-6.4e-05	4e-05	1.90795e-17
-6.4e-05	4.4e-05	6.56424e-18
-6.4e-05	4.8e-05	-6.4522e-17
-6.4e-05	5.2e-05	1.64185e-17
-6.4e-05	5.6e-05	-1.41989e-17
-6.4e-05	6e-05	-2.10107e-16
-6.4e-05	6.4e-05	1.3004e-16
-6.4e-05	6.8e-05	-4.83992e-17
-6.4e-05	7.2e-05	1.88419e-16
-6.4e-05	7.6e-05	6.12865e-17
-6e-05	-8e-05	2.18068e-16
-6e-05	-7.6e-05	8.15847e-17
-6e-05	-7.2e-05	2.62272e-16
-6e-05	-6.8e-05	-1.6943e-17
-6e-05	-6.4e-05	2.90258e-16
-6e-05	-6e-05	-3.73949e-16
-6e-05	-5.6e-05	-1.35974e-16
-6e-05	-5.2e-05	-1.18982e-16
-6e-05	-4.8e-05	4.8293e-17
-6e-05	-4.4e-05	1.00488e-16
-6e-05	-4e-05	-6.21974e-17
-6e-05	-3.6e-05	-1.34032e-17
-6e-05	-3.2e-05	1.61997e-16
-6e-05	-2.8e-05	4.0491e-17
-6e-05	-2.4e-05	1.64524e-17
-6e-05	-2e-05	-8.367e-17
-6e-05	-1.6e-05	-1.91235e-18
-6e-05	-1.2e-05	1.14804e-16
-6e-05	-8e-06	-1.88553e-18
-6e-05	-4e-06	-2.10157e-18
-6e-05	0	-1.21001e-16
-6e-05	4e-06	-4.41873e-18
-6e-05	8e-06	2.73601e-17
-6e-05	1.2e-05	3.27181e-17
-6e-05	1.6e-05	-8.23049e-18
-6e-05	2e-05	7.82554e-18
-6e-05	2.4e-05	2.20104e-17
-6e-05	2.8e-05	-1.53169e-17
-6e-05	3.2e-05	9.2458e-17
-6e-05	3.6e-05	1.12662e-16
-6e-05	4e-05	-6.8588e-17
-6e-05	4.4e-05	-7.61858e-17
-6e-05	4.8e-05	8.45606e-17
-6e-05	5.2e-05	6.60255e-17
-6e-05	5.6e-05	-8.7143e-17
-6e-05	6e-05	8.06799e-18
-6e-05	6.4e-05	-3.13639e-16
-6e-05	6.8e-05	3.04816e-17
-6e-05	7.2e-05	-2.60348e-16
-6e-05	7.6e-05	9.53009e-17
-5.6e-05	-8e-05	-2.10022e-16
-5.6e-05	-7.6e-05	1.24251e-16
-5.6e-05	-7.2e-05	-3.08621e-16
-5.6e-05	-6.8e-05	7.45e-17
-5.6e-05	-6.4e-05	-4.6671e-16
-5.6e-05	-6e-05	-1.47522e-17
-5.6e-05	-5.6e-05	-2.04381e-16
-5.6e-05	-5.2e-05	2.8943e-16
-5.6e-05	-4.8e-05	2.86928e-16
-5.6e-05	-4.4e-05	-2.76397e-16
-5.6e-05	-4e-05	-7.13936e-17
-5.6e-05	-3.6e-05	2.18527e-16
-5.6e-05	-3.2e-05	1.96983e-16
-5.6e-05	-2.8e-05	7.58826e-17
-5.6e-05	-2.4e-05	-1.04664e-16
-5.6e-05	-2e-05	6.16031e-17
-5.6e-05	-1.6e-05	7.61588e-17
-5.6e-05	-1.2e-05	1.35678e-16
-5.6e-05	-8e-06	3.29072e-17
-5.6e-05	-4e-06	-1.76559e-16
-5.6e-05	0	1.41388e-16
-5.6e-05	4e-06	6.41135e-17
-5.6e-05	8e-06	5.15049e-17
-5.6e-05	1.2e-05	-9.39098e-18
-5.6e-05	1.6e-05	-2.90751e-17
-5.6e-05	2e-05	-7.54774e-19
-5.6e-05	2.4e-05	-3.33985e-18
-5.6e-05	2.8e-05	2.8511e-17
-5.6e-05	3.2e-05	2.42163e-17
-5.6e-05	3.6e-05	2.88055e-17
-5.6e-05	4e-05	7.96427e-17
-5.6e-05	4.4e-05	-7.73814e-17
-5.6e-05	4.8e-05	-1.78156e-16
-5.6e-05	5.2e-05	8.18807e-17
-5.6e-05	5.6e-05	6.17493e-17
-5.6e-05	6e-05	5.01938e-18
-5.6e-05	6.4e-05	1.70819e-16
-5.6e-05	6.8e-05	-2.08533e-16
-5.6e-05	7.2e-05	1.66972e-16
-5.6e-05	7.6e-05	-3.20951e-16
-5.2e-05	-8e-05	1.96399e-16
-5.2e-05	-7.6e-05	-3.79307e-16
-5.2e-05	-7.2e-05	2.27414e-16
-5.2e-05	-6.8e-05	-3.27218e-16
-5.2e-05	-6.4e-05	2.27863e-16
-5.2e-05	-6e-05	2.37652e-17
-5.2e-05	-5.6e-05	2.02041e-16
-5.2e-05	-5.2e-05	4.03907e-16
-5.2e-05	-4.8e-05	-4.68126e-16
-5.2e-05	-4.4e-05	-2.33903e-16
-5.2e-05	-4e-05	2.22643e-16
-5.2e-05	-3.6e-05	1.69383e-16
-5.2e-05	-3.2e-05	1.98084e-16
-5.2e-05	-2.8e-05	-1.26816e-16
-5.2e-05	-2.4e-05	-1.07119e-16
-5.2e-05	-2e-05	1.14718e-16
-5.2e-05	-1.6e-05	6.09479e-17
-5.2e-05	-1.2e-05	2.09374e-16
-5.2e-05	-8e-06	-3.6427e-17
-5.2e-05	-4e-06	6.34099e-18
-5.2e-05	0	-6.91323e-17
-5.2e-05	4e-06	-1.01316e-16
-5.2e-05	8e-06	7.47494e-17
-5.2e-05	1.2e-05	4.87637e-18
-5.2e-05	1.6e-05	9.20566e-17
-5.2e-05	2e-05	8.78177e-17
-5.2e-05	2.4e-05	1.37092e-16
-5.2e-05	2.8e-05	-1.12992e-16
-5.2e-05	3.2e-05	2.3789e-17
-5.2e-05	3.6e-05	5.41153e-17
-5.2e-05	4e-05	3.2537e-17
-5.2e-05	4.4e-05	1.74171e-16
-5.2e-05	4.8e-05	-1.23025e-16
-5.2e-05	5.2e-05	-1.63123e-16
-5.2e-05	5.6e-05	2.38002e-17
-5.2e-05	6e-05	-1.20688e-16
-5.2e-05	6.4e-05	1.31854e-16
-5.2e-05	6.8e-05	6.89763e-17
-5.2e-05	7.2e-05	1.69944e-17
-5.2e-05	7.6e-05	1.16802e-16
-4.8e-05	-8e-05	-2.58605e-17
-4.8e-05	-7.6e-05	1.49098e-16
-4.8e-05	-7.2e-05	-1.90478e-17
-4.8e-05	-6.8e-05	8.34201e-17
-4.8e-05	-6.4e-05	1.75988e-16
-4.8e-05	-6e-05	-9.55632e-17
-4.8e-05	-5.6e-05	2.28276e-16
-4.8e-05	-5.2e-05	-4.14836e-16
-4.8e-05	-4.8e-05	-2.28955e-16
-4.8e-05	-4.4e-05	3.97308e-16
-4.8e-05	-4e-05	1.2187e-16
-4.8e-05	-3.6e-05	2.61725e-16
-4.8e-05	-3.2e-05	-6.16684e-17
-4.8e-05	-2.8e-05	-2.01904e-17
-4.8e-05	-2.4e-05	-4.56439e-17
-4.8e-05	-2e-05	-4.99173e-17
-4.8e-05	-1.6e-05	2.83639e-16
-4.8e-05	-1.2e-05	-5.18593e-17
-4.8e-05	-8e-06	-1.17492e-17
-4.8e-05	-4e-06	-1.32951e-16
-4.8e-05	0	1.7573e-16
-4.8e-05	4e-06	7.80462e-17
-4.8e-05	8e-06	1.31117e-17
-4.8e-05	1.2e-05	1.58117e-16
-4.8e-05	1.6e-05	-1.30644e-16
-4.8e-05	2e-05	2.18493e-17
-4.8e-05	2.4e-05	6.21166e-17
-4.8e-05	2.8e-05	4.28117e-17
-4.8e-05	3.2e-05	4.60663e-18
-4.8e-05	3.6e-05	-7.06567e-17
-4.8e-05	4e-05	-3.64467e-18
-4.8e-05	4.4e-05	6.53977e-17
-4.8e-05	4.8e-05	1.4043e-16
-4.8e-05	5.2e-05	-1.0972e-16
-4.8e-05	5.6e-05	-1.44129e-17
-4.8e-05	6e-05	6.90192e-17
-4.8e-05	6.4e-05	-1.43945e-16
-4.8e-05	6.8e-05	1.0731e-16
-4.8e-05	7.2e-05	-1.17151e-16
-4.8e-05	7.6e-05	1.15134e-16
-4.4e-05	-8e-05	-4.1642e-17
-4.4e-05	-7.6e-05	1.20727e-16
-4.4e-05	-7.2e-05	-1.03356e-16
-4.4e-05	-6.8e-05	1.30408e-16
-4.4e-05	-6.4e-05	-1.78534e-16
-4.4e-05	-6e-05	4.24698e-18
-4.4e-05	-5.6e-05	-1.46237e-16
-4.4e-05	-5.2e-05	-1.83811e-16
-4.4e-05	-4.8e-05	3.26601e-16
-4.4e-05	-4.4e-05	1.38551e-16
-4.4e-05	-4e-05	1.62254e-17
-4.4e-05	-3.6e-05	4.52161e-17
-4.4e-05	-3.2e-05	-6.57573e-17
-4.4e-05	-2.8e-05	-1.58641e-16
-4.4e-05	-2.4e-05	2.55363e-17
-4.4e-05	-2e-05	4.33423e-16
-4.4e-05	-1.6e-05	-3.07019e-17
-4.4e-05	-1.2e-05	2.01073e-16
-4.4e-05	-8e-06	-7.73125e-17
-4.4e-05	-4e-06	2.11433e-16
-4.4e-05	0	-2.06027e-17
-4.4e-05	4e-06	8.7085e-17
-4.4e-05	8e-06	-2.83289e-17
-4.4e-05	1.2e-05	-1.19172e-16
-4.4e-05	1.6e-05	1.63391e-16
-4.4e-05	2e-05	-1.36898e-16
-4.4e-05	2.4e-05	4.09196e-16
-4.4e-05	2.8e-05	1.50132e-16
-4.4e-05	3.2e-05	-9.42591e-18
-4.4e-05	3.6e-05	2.03037e-17
-4.4e-05	4e-05	-7.40848e-17
-4.4e-05	4.4e-05	-3.02127e-17
-4.4e-05	4.8e-05	1.30372e-17
-4.4e-05	5.2e-05	1.24204e-16
-4.4e-05	5.6e-05	-4.21143e-17
-4.4e-05	6e-05	3.84954e-17
-4.4e-05	6.4e-05	-8.08423e-17
-4.4e-05	6.8e-05	-3.29814e-17
-4.4e-05	7.2e-05	-6.98753e-17
-4.4e-05	7.6e-05	-8.74616e-17
-4e-05	-8e-05	-6.52582e-17
-4e-05	-7.6e-05	-1.14846e-16
-4e-05	-7.2e-05	-9.9575e-17
-4e-05	-6.8e-05	-1.26477e-16
-4e-05	-6.4e-05	-1.33348e-16
-4e-05	-6e-05	7.94393e-17
-4e-05	-5.6e-05	-8.502e-17
-4e-05	-5.2e-05	2.64515e-16
-4e-05	-4.8e-05	2.13452e-16
-4e-05	-4.4e-05	1.59678e-16
-4e-05	-4e-05	1.72548e-17
-4e-05	-3.6e-05	4.70141e-17
-4e-05	-3.2e-05	-3.17712e-16
-4e-05	-2.8e-05	-2.1718e-17
-4e-05	-2.4e-05	3.23918e-16
-4e-05	-2e-05	6.40094e-17
-4e-05	-1.6e-05	2.93366e-16
-4e-05	-1.2e-05	-9.62298e-18
-4e-05	-8e-06	8.14782e-17
-4e-05	-4e-06	-1.83461e-17
-4e-05	0	-3.45337e-19
-4e-05	4e-06	1.94283e-16
-4e-05	8e-06	-4.60629e-17
-4e-05	1.2e-05	-5.89039e-17
-4e-05	1.6e-05	4.70873e-17
-4e-05	2e-05	1.30988e-16
-4e-05	2.4e-05	1.04361e-16
-4e-05	2.8e-05	1.50928e-16
-4e-05	3.2e-05	2.43946e-16
-4e-05	3.6e-05	-1.40429e-16
-4e-05	4e-05	-1.15214e-16
-4e-05	4.4e-05	-1.27423e-18
-4e-05	4.8e-05	1.05074e-16
-4e-05	5.2e-05	8.61522e-18
-4e-05	5.6e-05	2.09377e-16
-4e-05	6e-05	6.10211e-17
-4e-05	6.4e-05	2.02152e-16
-4e-05	6.8e-05	7.67583e-18
-4e-05	7.2e-05	1.83768e-16
-4e-05	7.6e-05	-2.64344e-17
-3.6e-05	-8e-05	1.52586e-16
-3.6e-05	-7.6e-05	-6.31873e-17
-3.6e-05	-7.2e-05	1.83067e-16
-3.6e-05	-6.8e-05	-3.12662e-17
-3.6e-05	-6.4e-05	2.54205e-16
-3.6e-05	-6e-05	1.09731e-16
-3.6e-05	-5.6e-05	3.50532e-16
-3.6e-05	-5.2e-05	2.12757e-16
-3.6e-05	-4.8e-05	1.60573e-16
-3.6e-05	-4.4e-05	-4.45298e-17
-3.6e-05	-4e-05	-1.93012e-17
-3.6e-05	-3.6e-05	-3.33969e-16
-3.6e-05	-3.2e-05	-1.18683e-16
-3.6e-05	-2.8e-05	2.28398e-16
-3.6e-05	-2.4e-05	4.22139e-17
-3.6e-05	-2e-05	3.76646e-16
-3.6e-05	-1.6e-05	8.52662e-17
-3.6e-05	-1.2e-05	2.1279e-16
-3.6e-05	-8e-06	-2.5359e-15
-3.6e-05	-4e-06	7.75638e-15
-3.6e-05	0	-1.2664e-14
-3.6e-05	4e-06	1.42364e-14
-3.6e-05	8e-06	-9.7252e-15
-3.6e-05	1.2e-05	-5.1668e-16
-3.6e-05	1.6e-05	8.94038e-17
-3.6e-05	2e-05	-1.33152e-17
-3.6e-05	2.4e-05	-6.35783e-17
-3.6e-05	2.8e-05	-3.27935e-17
-3.6e-05	3.2e-05	2.03883e-16
-3.6e-05	3.6e-05	-2.02002e-17
-3.6e-05	4e-05	-1.63523e-16
-3.6e-05	4.4e-05	-1.44438e-16
-3.6e-05	4.8e-05	-1.59658e-16
-3.6e-05	5.2e-05	-1.32215e-16
-3.6e-05	5.6e-05	-3.98124e-17
-3.6e-05	6e-05	1.45989e-16
-3.6e-05	6.4e-05	7.95602e-17
-3.6e-05	6.8e-05	2.3656e-16
-3.6e-05	7.2e-05	9.59001e-17
-3.6e-05	7.6e-05	3.07294e-16
-3.2e-05	-8e-05	1.361e-16
-3.2e-05	-7.6e-05	3.80319e-16
-3.2e-05	-7.2e-05	1.3187e-16
-3.2e-05	-6.8e-05	2.79424e-16
-3.2e-05	-6.4e-05	1.42652e-16
-3.2e-05	-6e-05	2.58881e-16
-3.2e-05	-5.6e-05	9.22355e-17
-3.2e-05	-5.2e-05	1.17099e-16
-3.2e-05	-4.8e-05	-2.49425e-16
-3.2e-05	-4.4e-05	-5.14786e-17
-3.2e-05	-4e-05	-2.82215e-16
-3.2e-05	-3.6e-05	-1.82937e-16
-3.2e-05	-3.2e-05	2.0656e-16
-3.2e-05	-2.8e-05	1.24605e-16
-3.2e-05	-2.4e-05	3.90864e-16
-3.2e-05	-2e-05	-9.85063e-17
-3.2e-05	-1.6e-05	8.05316e-16
-3.2e-05	-1.2e-05	9.35278e-15
-3.2e-05	-8e-06	-3.52703e-13
-3.2e-05	-4e-06	1.11447e-12
-3.2e-05	0	-1.88364e-12
-3.2e-05	4e-06	2.08491e-12
-3.2e-05	8e-06	-1.42409e-12
-3.2e-05	1.2e-05	-5.98954e-14
-3.2e-05	1.6e-05	-1.53636e-15
-3.2e-05	2e-05	3.47312e-16
-3.2e-05	2.4e-05	5.10748e-17
-3.2e-05	2.8e-05	1.74216e-16
-3.2e-05	3.2e-05	-4.03591e-17
-3.2e-05	3.6e-05	1.76439e-16
-3.2e-05	4e-05	-1.37478e-16
-3.2e-05	4.4e-05	-1.31468e-16
-3.2e-05	4.8e-05	-3.10587e-17
-3.2e-05	5.2e-05	-2.63897e-16
-3.2e-05	5.6e-05	-6.92379e-17
-3.2e-05	6e-05	-1.7717e-16
-3.2e-05	6.4e-05	5.46629e-17
-3.2e-05	6.8e-05	-5.79277e-17
-3.2e-05	7.2e-05	1.34517e-16
-3.2e-05	7.6e-05	-2.19287e-17
-2.8e-05	-8e-05	2.19773e-16
-2.8e-05	-7.6e-05	-4.64164e-17
-2.8e-05	-7.2e-05	1.51743e-16
-2.8e-05	-6.8e-05	-1.01799e-16
-2.8e-05	-6.4e-05	1.0705e-16
-2.8e-05	-6e-05	-1.71438e-16
-2.8e-05	-5.6e-05	2.84068e-17
-2.8e-05	-5.2e-05	-3.28908e-16
-2.8e-05	-4.8e-05	-1.01096e-16
-2.8e-05	-4.4e-05	-1.25556e-16
-2.8e-05	-4e-05	-7.81234e-17
-2.8e-05	-3.6e-05	3.08639e-16
-2.8e-05	-3.2e-05	4.81431e-17
-2.8e-05	-2.8e-05	3.51918e-16
-2.8e-05	-2.4e-05	-1.81677e-16
-2.8e-05	-2e-05	2.04689e-15
-2.8e-05	-1.6e-05	8.73957e-14
-2.8e-05	-1.2e-05	1.7403e-12
-2.8e-05	-8e-06	-5.25598e-11
-2.8e-05	-4e-06	1.64678e-10
-2.8e-05	0	-2.77802e-10
-2.8e-05	4e-06	3.07241e-10
-2.8e-05	8e-06	-2.09659e-10
-2.8e-05	1.2e-05	-7.32134e-12
-2.8e-05	1.6e-05	-1.50975e-13
-2.8e-05	2e-05	-2.58918e-15
-2.8e-05	2.4e-05	8.82295e-17
-2.8e-05	2.8e-05	-1.05147e-16
-2.8e-05	3.2e-05	1.00426e-16
-2.8e-05	3.6e-05	-1.02578e-16
-2.8e-05	4e-05	2.97701e-16
-2.8e-05	4.4e-05	-7.20235e-17
-2.8e-05	4.8e-05	-8.13407e-17
-2.8e-05	5.2e-05	-1.38681e-16
-2.8e-05	5.6e-05	-2.01209e-16
-2.8e-05	6e-05	-8.90924e-17
-2.8e-05	6.4e-05	-2.12128e-16
-2.8e-05	6.8e-05	-2.84578e-17
-2.8e-05	7.2e-05	-2.3808e-16
-2.8e-05	7.6e-05	6.64373e-17
-2.4e-05	-8e-05	-2.3996e-16
-2.4e-05	-7.6e-05	1.02515e-16
-2.4e-05	-7.2e-05	-2.21777e-16
-2.4e-05	-6.8e-05	9.33685e-17
-2.4e-05	-6.4e-05	-2.94207e-16
-2.4e-05	-6e-05	-5.83324e-17
-2.4e-05	-5.6e-05	-1.3284e-16
-2.4e-05	-5.2e-05	-6.98628e-18
-2.4e-05	-4.8e-05	2.92029e-17
-2.4e-05	-4.4e-05	-6.45005e-17
-2.4e-05	-4e-05	2.73857e-16
-2.4e-05	-3.6e-05	1.57277e-17
-2.4e-05	-3.2e-05	2.91311e-16
-2.4e-05	-2.8e-05	-1.88989e-16
-2.4e-05	-2.4e-05	3.02959e-15
-2.4e-05	-2e-05	2.07798e-13
-2.4e-05	-1.6e-05	1.09922e-11
-2.4e-05	-1.2e-05	3.04713e-10
-2.4e-05	-8e-06	-7.82637e-09
-2.4e-05	-4e-06	2.43351e-08
-2.4e-05	0	-4.09687e-08
-2.4e-05	4e-06	4.52767e-08
-2.4e-05	8e-06	-3.08642e-08
-2.4e-05	1.2e-05	-8.57506e-10
-2.4e-05	1.6e-05	-1.47421e-11
-2.4e-05	2e-05	-2.01979e-13
-2.4e-05	2.4e-05	-2.52671e-15
-2.4e-05	2.8e-05	-5.50042e-17
-2.4e-05	3.2e-05	-2.23541e-16
-2.4e-05	3.6e-05	-8.09455e-18
-2.4e-05	4e-05	1.21175e-17
-2.4e-05	4.4e-05	3.17637e-17
-2.4e-05	4.8e-05	-4.46216e-17
-2.4e-05	5.2e-05	4.25688e-16
-2.4e-05	5.6e-05	-2.09771e-16
-2.4e-05	6e-05	-3.64055e-17
-2.4e-05	6.4e-05	-6.26279e-17
-2.4e-05	6.8e-05	-1.42772e-16
-2.4e-05	7.2e-05	-1.71186e-17
-2.4e-05	7.6e-05	-1.81417e-16
-2e-05	-8e-05	-1.74615e-18
-2e-05	-7.6e-05	-2.01712e-16
-2e-05	-7.2e-05	-5.79847e-17
-2e-05	-6.8e-05	-1.23318e-16
-2e-05	-6.4e-05	-3.71762e-17
-2e-05	-6e-05	3.54824e-18
-2e-05	-5.6e-05	-5.04413e-17
-2e-05	-5.2e-05	1.35779e-16
-2e-05	-4.8e-05	-2.93549e-17
-2e-05	-4.4e-05	4.17767e-16
-2e-05	-4e-05	-3.42459e-17
-2e-05	-3.6e-05	2.88244e-16
-2e-05	-3.2e-05	-7.39591e-17
-2e-05	-2.8e-05	2.51633e-15
-2e-05	-2.4e-05	2.32436e-13
-2e-05	-2e-05	1.92292e-11
-2e-05	-1.6e-05	1.2916e-09
-2e-05	-1.2e-05	5.20257e-08
-2e-05	-8e-06	-1.16524e-06
-2e-05	-4e-06	3.59607e-06
-2e-05	0	-6.04185e-06
-2e-05	4e-06	6.67222e-06
-2e-05	8e-06	-4.5438e-06
-2e-05	1.2e-05	-9.41272e-08
-2e-05	1.6e-05	-1.29137e-09
-2e-05	2e-05	-1.47404e-11
-2e-05	2.4e-05	-1.51444e-13
-2e-05	2.8e-05	-1.46502e-15
-2e-05	3.2e-05	2.9282e-16
-2e-05	3.6e-05	-2.91823e-16
-2e-05	4e-05	5.26386e-17
-2e-05	4.4e-05	1.33359e-16
-2e-05	4.8e-05	3.68394e-17
-2e-05	5.2e-05	-1.92867e-16
-2e-05	5.6e-05	1.31293e-16
-2e-05	6e-05	-8.37879e-17
-2e-05	6.4e-05	1.35221e-16
-2e-05	6.8e-05	-4.2708e-17
-2e-05	7.2e-05	7.59762e-17
-2e-05	7.6e-05	-1.40532e-17
-1.6e-05	-8e-05	7.60661e-17
-1.6e-05	-7.6e-05	-1.44329e-17
-1.6e-05	-7.2e-05	1.06027e-16
-1.6e-05	-6.8e-05	-1.09806e-17
-1.6e-05	-6.4e-05	1.90761e-16
-1.6e-05	-6e-05	-1.14059e-16
-1.6e-05	-5.6e-05	3.10832e-16
-1.6e-05	-5.2e-05	-1.55144e-17
-1.6e-05	-4.8e-05	3.71382e-16
-1.6e-05	-4.4e-05	-8.94781e-17
-1.6e-05	-4e-05	1.36925e-16
-1.6e-05	-3.6e-05	-1.58088e-16
-1.6e-05	-3.2e-05	1.23315e-15
-1.6e-05	-2.8e-05	1.31329e-13
-1.6e-05	-2.4e-05	1.45836e-11
-1.6e-05	-2e-05	1.50245e-09
-1.6e-05	-1.6e-05	1.35598e-07
-1.6e-05	-1.2e-05	8.7172e-06
-1.6e-05	-8e-06	-0.000173469
-1.6e-05	-4e-06	0.000531399
-1.6e-05	0	-0.000891024
-1.6e-05	4e-06	0.000983255
-1.6e-05	8e-06	-0.000668975
-1.6e-05	1.2e-05	-9.17657e-06
-1.6e-05	1.6e-05	-9.41084e-08
-1.6e-05	2e-05	-8.57222e-10
-1.6e-05	2.4e-05	-7.3182e-12
-1.6e-05	2.8e-05	-5.98149e-14
-1.6e-05	3.2e-05	-8.77946e-16
-1.6e-05	3.6e-05	-1.19979e-16
-1.6e-05	4e-05	-4.10366e-16
-1.6e-05	4.4e-05	-8.43952e-17
-1.6e-05	4.8e-05	-1.8734e-16
-1.6e-05	5.2e-05	1.40628e-16
-1.6e-05	5.6e-05	-1.23849e-16
-1.6e-05	6e-05	1.74543e-16
-1.6e-05	6.4e-05	-2.71156e-17
-1.6e-05	6.8e-05	1.89973e-16
-1.6e-05	7.2e-05	3.20473e-17
-1.6e-05	7.6e-05	1.86826e-16
-1.2e-05	-8e-05	7.49521e-17
-1.2e-05	-7.6e-05	2.26546e-16
-1.2e-05	-7.2e-05	4.23302e-17
-1.2e-05	-6.8e-05	2.44318e-16
-1.2e-05	-6.4e-05	1.59091e-17
-1.2e-05	-6e-05	2.37531e-16
-1.2e-05	-5.6e-05	-3.78675e-17
-1.2e-05	-5.2e-05	1.90144e-16
-1.2e-05	-4.8e-05	-1.84148e-16
-1.2e-05	-4.4e-05	5.48912e-17
-1.2e-05	-4e-05	-2.37116e-16
-1.2e-05	-3.6e-05	3.88553e-16
-1.2e-05	-3.2e-05	3.3172e-14
-1.2e-05	-2.8e-05	4.56882e-12
-1.2e-05	-2.4e-05	6.17402e-10
-1.2e-05	-2e-05	8.27608e-08
-1.2e-05	-1.6e-05	1.09856e-05
-1.2e-05	-1.2e-05	0.00143955
-1.2e-05	-8e-06	-0.0258214
-1.2e-05	-4e-06	0.0785254
-1.2e-05	0	-0.131404
-1.2e-05	4e-06	0.144898
-1.2e-05	8e-06	-0.0984974
-1.2e-05	1.2e-05	-0.000668661
-1.2e-05	1.6e-05	-4.54107e-06
-1.2e-05	2e-05	-3.08414e-08
-1.2e-05	2.4e-05	-2.09476e-10
-1.2e-05	2.8e-05	-1.42281e-12
-1.2e-05	3.2e-05	-9.40347e-15
-1.2e-05	3.6e-05	-3.70257e-16
-1.2e-05	4e-05	1.53483e-16
-1.2e-05	4.4e-05	-2.26774e-16
-1.2e-05	4.8e-05	3.76597e-17
-1.2e-05	5.2e-05	-3.46692e-16
-1.2e-05	5.6e-05	1.96291e-17
-1.2e-05	6e-05	-2.08714e-16
-1.2e-05	6.4e-05	9.54174e-17
-1.2e-05	6.8e-05	-1.44354e-16
-1.2e-05	7.2e-05	2.71645e-17
-1.2e-05	7.6e-05	-1.1308e-16
-8e-06	-8e-05	8.40391e-17
-8e-06	-7.6e-05	-1.13274e-16
-8e-06	-7.2e-05	7.47721e-17
-8e-06	-6.8e-05	-1.17529e-16
-8e-06	-6.4e-05	1.06395e-16
-8e-06	-6e-05	-2.19672e-16
-8e-06	-5.6e-05	6.15896e-17
-8e-06	-5.2e-05	-2.43434e-16
-8e-06	-4.8e-05	1.23671e-16
-8e-06	-4.4e-05	-3.18886e-16
-8e-06	-4e-05	9.57946e-17
-8e-06	-3.6e-05	1.9462e-15
-8e-06	-3.2e-05	3.15651e-13
-8e-06	-2.8e-05	4.70507e-11
-8e-06	-2.4e-05	7.01796e-09
-8e-06	-2e-05	1.04662e-06
-8e-06	-1.6e-05	0.000156065
-8e-06	-1.2e-05	0.0232509
-8e-06	-8e-06	2.66983e-13
-8e-06	-4e-06	-0.0837385
-8e-06	0	0.178774
-8e-06	4e-06	-0.21314
-8e-06	8e-06	0.146706
-8e-06	1.2e-05	0.000995704
-8e-06	1.6e-05	6.75743e-06
-8e-06	2e-05	4.58601e-08
-8e-06	2.4e-05	3.11235e-10
-8e-06	2.8e-05	2.11237e-12
-8e-06	3.2e-05	1.42517e-14
-8e-06	3.6e-05	-1.42655e-16
-8e-06	4e-05	3.16387e-17
-8e-06	4.4e-05	7.64959e-17
-8e-06	4.8e-05	-1.98916e-16
-8e-06	5.2e-05	1.04518e-17
-8e-06	5.6e-05	-3.20814e-16
-8e-06	6e-05	1.01034e-16
-8e-06	6.4e-05	-3.23005e-16
-8e-06	6.8e-05	8.44476e-17
-8e-06	7.2e-05	-2.7611e-16
-8e-06	7.6e-05	7.62124e-17
-4e-06	-8e-05	-2.84599e-16
-4e-06	-7.6e-05	4.63252e-17
-4e-06	-7.2e-05	-2.80174e-16
-4e-06	-6.8e-05	8.75102e-17
-4e-06	-6.4e-05	-3.47139e-16
-4e-06	-6e-05	8.65396e-17
-4e-06	-5.6e-05	-3.26208e-16
-4e-06	-5.2e-05	1.48701e-16
-4e-06	-4.8e-05	-2.66775e-16
-4e-06	-4.4e-05	2.79264e-16
-4e-06	-4e-05	-9.79616e-17
-4e-06	-3.6e-05	-7.18036e-15
-4e-06	-3.2e-05	-1.09047e-12
-4e-06	-2.8e-05	-1.61195e-10
-4e-06	-2.4e-05	-2.38265e-08
-4e-06	-2e-05	-3.52181e-06
-4e-06	-1.6e-05	-0.000520555
-4e-06	-1.2e-05	-0.0769051
-4e-06	-8e-06	0.0847486
-4e-06	-4e-06	-0.000616314
-4e-06	0	-0.117516
-4e-06	4e-06	0.179591
-4e-06	8e-06	-0.131623
-4e-06	1.2e-05	-0.000892717
-4e-06	1.6e-05	-6.05301e-06
-4e-06	2e-05	-4.10422e-08
-4e-06	2.4e-05	-2.78285e-10
-4e-06	2.8e-05	-1.88698e-12
-4e-06	3.2e-05	-1.27311e-14
-4e-06	3.6e-05	-1.78168e-16
-4e-06	4e-05	-6.48073e-17
-4e-06	4.4e-05	-9.20097e-17
-4e-06	4.8e-05	-1.78279e-17
-4e-06	5.2e-05	-1.61399e-16
-4e-06	5.6e-05	8.3101e-17
-4e-06	6e-05	-2.10224e-16
-4e-06	6.4e-05	3.80935e-17
-4e-06	6.8e-05	-2.50105e-16
-4e-06	7.2e-05	4.10068e-17
-4e-06	7.6e-05	-2.04565e-16
0	-8e-05	5.57023e-17
0	-7.6e-05	-2.75982e-16
0	-7.2e-05	2.89243e-17
0	-6.8e-05	-2.49898e-16
0	-6.4e-05	1.0562e-16
0	-6e-05	-2.22204e-16
0	-5.6e-05	7.65359e-18
0	-5.2e-05	-6.90139e-17
0	-4.8e-05	1.94688e-16
0	-4.4e-05	-3.75793e-17
0	-4e-05	1.20567e-16
0	-3.6e-05	1.2827e-14
0	-3.2e-05	1.88698e-12
0	-2.8e-05	2.78285e-10
0	-2.4e-05	4.10422e-08
0	-2e-05	6.05301e-06
0	-1.6e-05	0.000892717
0	-1.2e-05	0.131623
0	-8e-06	-0.179591
0	-4e-06	0.117516
0	0	0.000616314
0	4e-06	-0.0847486
0	8e-06	0.0769051
0	1.2e-05	0.000520555
0	1.6e-05	3.52181e-06
0	2e-05	2.38265e-08
0	2.4e-05	1.61195e-10
0	2.8e-05	1.09063e-12
0	3.2e-05	7.311e-15
0	3.6e-05	2.99489e-17
0	4e-05	-6.52093e-17
0	4.4e-05	-6.72263e-17
0	4.8e-05	-1.13665e-16
0	5.2e-05	4.65034e-17
0	5.6e-05	-4.17558e-17
0	6e-05	3.53494e-17
0	6.4e-05	-6.48033e-17
0	6.8e-05	6.98166e-18
0	7.2e-05	-5.61747e-17
0	7.6e-05	4.29609e-17
4e-06	-8e-05	-9.7075e-17
4e-06	-7.6e-05	5.36274e-17
4e-06	-7.2e-05	-1.0041e-16
4e-06	-6.8e-05	4.65869e-17
4e-06	-6.4e-05	-5.47889e-17
4e-06	-6e-05	3.03812e-17
4e-06	-5.6e-05	-2.36425e-18
4e-06	-5.2e-05	9.51607e-17
4e-06	-4.8e-05	7.68431e-18
4e-06	-4.4e-05	1.3931e-16
4e-06	-4e-05	-2.09982e-16
4e-06	-3.6e-05	-1.42236e-14
4e-06	-3.2e-05	-2.11225e-12
4e-06	-2.8e-05	-3.11235e-10
4e-06	-2.4e-05	-4.58601e-08
4e-06	-2e-05	-6.75743e-06
4e-06	-1.6e-05	-0.000995704
4e-06	-1.2e-05	-0.146706
4e-06	-8e-06	0.21314
4e-06	-4e-06	-0.178774
4e-06	0	0.0837385
4e-06	4e-06	0
4e-06	8e-06	-0.0232509
4e-06	1.2e-05	-0.000156065
4e-06	1.6e-05	-1.04662e-06
4e-06	2e-05	-7.01796e-09
4e-06	2.4e-05	-4.70508e-11
4e-06	2.8e-05	-3.15351e-13
4e-06	3.2e-05	-2.08418e-15
4e-06	3.6e-05	-5.42003e-17
4e-06	4e-05	1.0264e-17
4e-06	4.4e-05	-1.73848e-16
4e-06	4.8e-05	7.6316e-18
4e-06	5.2e-05	-1.48342e-16
4e-06	5.6e-05	-4.04661e-17
4e-06	6e-05	-6.87433e-17
4e-06	6.4e-05	-1.92777e-17
4e-06	6.8e-05	-6.68652e-17
4e-06	7.2e-05	1.94068e-17
4e-06	7.6e-05	-6.97557e-17
8e-06	-8e-05	5.94309e-17
8e-06	-7.6e-05	-4.04948e-17
8e-06	-7.2e-05	3.21986e-17
8e-06	-6.8e-05	-5.87981e-17
8e-06	-6.4e-05	5.5878e-17
8e-06	-6e-05	-9.49661e-17
8e-06	-5.6e-05	-2.30642e-17
8e-06	-5.2e-05	-9.31798e-17
8e-06	-4.8e-05	-6.02014e-17
8e-06	-4.4e-05	-1.44078e-16
8e-06	-4e-05	1.19796e-16
8e-06	-3.6e-05	9.5173e-15
8e-06	-3.2e-05	1.42294e-12
8e-06	-2.8e-05	2.09476e-10
8e-06	-2.4e-05	3.08414e-08
8e-06	-2e-05	4.54107e-06
8e-06	-1.6e-05	0.000668661
8e-06	-1.2e-05	0.0984974
8e-06	-8e-06	-0.144898
8e-06	-4e-06	0.131404
8e-06	0	-0.0785254
8e-06	4e-06	0.0258214
8e-06	8e-06	-0.00143955
8e-06	1.2e-05	-1.09856e-05
8e-06	1.6e-05	-8.27608e-08
8e-06	2e-05	-6.17402e-10
8e-06	2.4e-05	-4.56846e-12
8e-06	2.8e-05	-3.35413e-14
8e-06	3.2e-05	-1.0265e-16
8e-06	3.6e-05	-1.32788e-16
8e-06	4e-05	1.10017e-17
8e-06	4.4e-05	-3.82273e-17
8e-06	4.8e-05	-8.75672e-17
8e-06	5.2e-05	-5.41752e-17
8e-06	5.6e-05	-1.05864e-16
8e-06	6e-05	-1.15312e-16
8e-06	6.4e-05	-1.57897e-16
8e-06	6.8e-05	-8.63437e-17
8e-06	7.2e-05	-6.87722e-18
8e-06	7.6e-05	-7.4522e-17
1.2e-05	-8e-05	-1.5743e-16
1.2e-05	-7.6e-05	-7.51191e-17
1.2e-05	-7.2e-05	-1.20778e-16
1.2e-05	-6.8e-05	-5.1539e-17
1.2e-05	-6.4e-05	-1.53769e-16
1.2e-05	-6e-05	-6.95436e-17
1.2e-05	-5.6e-05	-2.02667e-16
1.2e-05	-5.2e-05	-7.70905e-17
1.2e-05	-4.8e-05	-1.45347e-17
1.2e-05	-4.4e-05	-5.62765e-17
1.2e-05	-4e-05	-1.46101e-17
1.2e-05	-3.6e-05	5.09718e-16
1.2e-05	-3.2e-05	6.00967e-14
1.2e-05	-2.8e-05	7.31847e-12
1.2e-05	-2.4e-05	8.57223e-10
1.2e-05	-2e-05	9.41084e-08
1.2e-05	-1.6e-05	9.17657e-06
1.2e-05	-1.2e-05	0.000668975
1.2e-05	-8e-06	-0.000983255
1.2e-05	-4e-06	0.000891024
1.2e-05	0	-0.000531399
1.2e-05	4e-06	0.000173469
1.2e-05	8e-06	-8.7172e-06
1.2e-05	1.2e-05	-1.35598e-07
1.2e-05	1.6e-05	-1.50245e-09
1.2e-05	2e-05	-1.45834e-11
1.2e-05	2.4e-05	-1.31725e-13
1.2e-05	2.8e-05	-9.29169e-16
1.2e-05	3.2e-05	1.06046e-17
1.2e-05	3.6e-05	1.70701e-16
1.2e-05	4e-05	1.41556e-16
1.2e-05	4.4e-05	1.11969e-16
1.2e-05	4.8e-05	1.36807e-17
1.2e-05	5.2e-05	6.02436e-18
1.2e-05	5.6e-05	-6.3873e-17
1.2e-05	6e-05	-8.07779e-18
1.2e-05	6.4e-05	-1.08576e-16
1.2e-05	6.8e-05	-9.83849e-17
1.2e-05	7.2e-05	-1.06855e-16
1.2e-05	7.6e-05	-9.91889e-17
1.6e-05	-8e-05	-1.07507e-16
1.6e-05	-7.6e-05	-1.25331e-16
1.6e-05	-7.2e-05	-1.36399e-16
1.6e-05	-6.8e-05	-1.01605e-16
1.6e-05	-6.4e-05	-7.46652e-17
1.6e-05	-6e-05	-1.08095e-16
1.6e-05	-5.6e-05	6.74322e-17
1.6e-05	-5.2e-05	7.69164e-17
1.6e-05	-4.8e-05	-9.45379e-17
1.6e-05	-4.4e-05	1.87983e-16
1.6e-05	-4e-05	3.65927e-16
1.6e-05	-3.6e-05	3.37513e-16
1.6e-05	-3.2e-05	1.50261e-15
1.6e-05	-2.8e-05	1.517e-13
1.6e-05	-2.4e-05	1.47404e-11
1.6e-05	-2e-05	1.29137e-09
1.6e-05	-1.6e-05	9.41272e-08
1.6e-05	-1.2e-05	4.5438e-06
1.6e-05	-8e-06	-6.67222e-06
1.6e-05	-4e-06	6.04185e-06
1.6e-05	0	-3.59607e-06
1.6e-05	4e-06	1.16524e-06
1.6e-05	8e-06	-5.20257e-08
1.6e-05	1.2e-05	-1.29161e-09
1.6e-05	1.6e-05	-1.92291e-11
1.6e-05	2e-05	-2.32692e-13
1.6e-05	2.4e-05	-2.43702e-15
1.6e-05	2.8e-05	-9.44885e-17
1.6e-05	3.2e-05	2.07182e-16
1.6e-05	3.6e-05	-4.97684e-17
1.6e-05	4e-05	2.61992e-16
1.6e-05	4.4e-05	5.55489e-17
1.6e-05	4.8e-05	2.27329e-16
1.6e-05	5.2e-05	-1.48411e-17
1.6e-05	5.6e-05	1.48314e-16
1.6e-05	6e-05	1.49814e-18
1.6e-05	6.4e-05	1.17579e-16
1.6e-05	6.8e-05	-6.67527e-17
1.6e-05	7.2e-05	5.1291e-17
1.6e-05	7.6e-05	-2.32106e-17
2e-05	-8e-05	3.85326e-17
2e-05	-7.6e-05	-1.61177e-17
2e-05	-7.2e-05	8.43083e-17
2e-05	-6.8e-05	2.25451e-17
2e-05	-6.4e-05	6.48593e-17
2e-05	-6e-05	1.50251e-17
2e-05	-5.6e-05	1.37972e-16
2e-05	-5.2e-05	1.80072e-16
2e-05	-4.8e-05	2.81274e-16
2e-05	-4.4e-05	-1.53731e-16
2e-05	-4e-05	2.40223e-16
2e-05	-3.6e-05	1.02927e-16
2e-05	-3.2e-05	3.20825e-16
2e-05	-2.8e-05	2.35917e-15
2e-05	-2.4e-05	2.02334e-13
2e-05	-2e-05	1.47421e-11
2e-05	-1.6e-05	8.57507e-10
2e-05	-1.2e-05	3.08642e-08
2e-05	-8e-06	-4.52767e-08
2e-05	-4e-06	4.09687e-08
2e-05	0	-2.43351e-08
2e-05	4e-06	7.82637e-09
2e-05	8e-06	-3.04714e-10
2e-05	1.2e-05	-1.09921e-11
2e-05	1.6e-05	-2.07989e-13
2e-05	2e-05	-3.11702e-15
2e-05	2.4e-05	-1.11879e-16
2e-05	2.8e-05	-3.68618e-18
2e-05	3.2e-05	-1.31879e-16
2e-05	3.6e-05	3.79841e-17
2e-05	4e-05	-9.96839e-17
2e-05	4.4e-05	1.79863e-16
2e-05	4.8e-05	-6.65194e-17
2e-05	5.2e-05	2.80437e-16
2e-05	5.6e-05	-1.17793e-16
2e-05	6e-05	2.78224e-16
2e-05	6.4e-05	-7.34781e-17
2e-05	6.8e-05	1.74998e-16
2e-05	7.2e-05	-2.86971e-17
2e-05	7.6e-05	3.07038e-16
2.4e-05	-8e-05	-3.30035e-17
2.4e-05	-7.6e-05	2.05144e-16
2.4e-05	-7.2e-05	-6.808e-17
2.4e-05	-6.8e-05	2.68117e-16
2.4e-05	-6.4e-05	-3.62481e-17
2.4e-05	-6e-05	2.56892e-16
2.4e-05	-5.6e-05	-2.27011e-17
2.4e-05	-5.2e-05	2.67126e-16
2.4e-05	-4.8e-05	5.35417e-17
2.4e-05	-4.4e-05	6.54836e-16
2.4e-05	-4e-05	2.67249e-17
2.4e-05	-3.6e-05	1.65614e-16
2.4e-05	-3.2e-05	-1.26316e-17
2.4e-05	-2.8e-05	3.64793e-17
2.4e-05	-2.4e-05	2.56958e-15
2.4e-05	-2e-05	1.512e-13
2.4e-05	-1.6e-05	7.32141e-12
2.4e-05	-1.2e-05	2.09659e-10
2.4e-05	-8e-06	-3.07241e-10
2.4e-05	-4e-06	2.77802e-10
2.4e-05	0	-1.64678e-10
2.4e-05	4e-06	5.25596e-11
2.4e-05	8e-06	-1.74012e-12
2.4e-05	1.2e-05	-8.78017e-14
2.4e-05	1.6e-05	-2.08433e-15
2.4e-05	2e-05	-1.34473e-16
2.4e-05	2.4e-05	-7.82931e-17
2.4e-05	2.8e-05	-1.32002e-16
2.4e-05	3.2e-05	-7.19645e-17
2.4e-05	3.6e-05	-7.29068e-17
2.4e-05	4e-05	-1.61575e-17
2.4e-05	4.4e-05	-1.24904e-16
2.4e-05	4.8e-05	1.27297e-16
2.4e-05	5.2e-05	-1.23716e-16
2.4e-05	5.6e-05	1.70634e-16
2.4e-05	6e-05	-1.32714e-16
2.4e-05	6.4e-05	2.44029e-16
2.4e-05	6.8e-05	-1.43307e-16
2.4e-05	7.2e-05	2.82127e-16
2.4e-05	7.6e-05	-9.69199e-17
2.8e-05	-8e-05	2.75936e-16
2.8e-05	-7.6e-05	-1.31511e-16
2.8e-05	-7.2e-05	2.71953e-16
2.8e-05	-6.8e-05	-1.18909e-16
2.8e-05	-6.4e-05	2.72972e-16
2.8e-05	-6e-05	-1.68686e-16
2.8e-05	-5.6e-05	1.48574e-16
2.8e-05	-5.2e-05	-9.3019e-17
2.8e-05	-4.8e-05	3.19614e-17
2.8e-05	-4.4e-05	1.01713e-16
2.8e-05	-4e-05	1.75893e-16
2.8e-05	-3.6e-05	-3.06458e-16
2.8e-05	-3.2e-05	-3.38459e-17
2.8e-05	-2.8e-05	-6.35805e-17
2.8e-05	-2.4e-05	-4.80904e-17
2.8e-05	-2e-05	1.45193e-15
2.8e-05	-1.6e-05	6.01446e-14
2.8e-05	-1.2e-05	1.42421e-12
2.8e-05	-8e-06	-2.08488e-12
2.8e-05	-4e-06	1.88352e-12
2.8e-05	0	-1.11441e-12
2.8e-05	4e-06	3.52816e-13
2.8e-05	8e-06	-9.75563e-15
2.8e-05	1.2e-05	-5.1798e-16
2.8e-05	1.6e-05	-2.06624e-16
2.8e-05	2e-05	-5.5238e-17
2.8e-05	2.4e-05	-2.10299e-16
2.8e-05	2.8e-05	-5.16382e-17
2.8e-05	3.2e-05	-1.22391e-16
2.8e-05	3.6e-05	-5.22297e-17
2.8e-05	4e-05	-1.12003e-16
2.8e-05	4.4e-05	-2.39756e-17
2.8e-05	4.8e-05	-1.05463e-16
2.8e-05	5.2e-05	3.27226e-17
2.8e-05	5.6e-05	-2.39879e-17
2.8e-05	6e-05	4.72097e-17
2.8e-05	6.4e-05	-8.88943e-17
2.8e-05	6.8e-05	7.93128e-17
2.8e-05	7.2e-05	-1.02762e-16
2.8e-05	7.6e-05	1.3214e-16
3.2e-05	-8e-05	-8.80531e-17
3.2e-05	-7.6e-05	1.52012e-16
3.2e-05	-7.2e-05	-1.16693e-16
3.2e-05	-6.8e-05	1.35273e-16
3.2e-05	-6.4e-05	-1.12719e-16
3.2e-05	-6e-05	7.1068e-17
3.2e-05	-5.6e-05	-1.49713e-16
3.2e-05	-5.2e-05	-2.27278e-17
3.2e-05	-4.8e-05	-8.90405e-17
3.2e-05	-4.4e-05	-1.11422e-16
3.2e-05	-4e-05	1.31798e-16
3.2e-05	-3.6e-05	-8.10227e-17
3.2e-05	-3.2e-05	-1.93826e-16
3.2e-05	-2.8e-05	-2.94946e-17
3.2e-05	-2.4e-05	-2.77515e-16
3.2e-05	-2e-05	5.06666e-17
3.2e-05	-1.6e-05	4.88694e-16
3.2e-05	-1.2e-05	9.66911e-15
3.2e-05	-8e-06	-1.43759e-14
3.2e-05	-4e-06	1.26017e-14
3.2e-05	0	-7.54449e-15
3.2e-05	4e-06	2.39587e-15
3.2e-05	8e-06	-1.90362e-16
3.2e-05	1.2e-05	1.07525e-17
3.2e-05	1.6e-05	-1.23622e-16
3.2e-05	2e-05	-1.90705e-16
3.2e-05	2.4e-05	-7.24795e-18
3.2e-05	2.8e-05	-2.17993e-16
3.2e-05	3.2e-05	-7.86435e-17
3.2e-05	3.6e-05	-2.09938e-16
3.2e-05	4e-05	-6.35692e-17
3.2e-05	4.4e-05	-2.19442e-16
3.2e-05	4.8e-05	-3.02148e-17
3.2e-05	5.2e-05	-1.69391e-16
3.2e-05	5.6e-05	-7.53442e-17
3.2e-05	6e-05	-1.58864e-16
3.2e-05	6.4e-05	2.45343e-17
3.2e-05	6.8e-05	-1.33843e-16
3.2e-05	7.2e-05	3.26047e-17
3.2e-05	7.6e-05	-1.64675e-16
3.6e-05	-8e-05	-4.49498e-18
3.6e-05	-7.6e-05	-1.5346e-16
3.6e-05	-7.2e-05	-5.00817e-17
3.6e-05	-6.8e-05	-1.22063e-16
3.6e-05	-6.4e-05	-5.00565e-17
3.6e-05	-6e-05	-1.80878e-16
3.6e-05	-5.6e-05	-1.67212e-16
3.6e-05	-5.2e-05	-1.87369e-16
3.6e-05	-4.8e-05	-8.14108e-17
3.6e-05	-4.4e-05	-1.28129e-16
3.6e-05	-4e-05	-1.26694e-16
3.6e-05	-3.6e-05	-1.82221e-16
3.6e-05	-3.2e-05	-5.15071e-17
3.6e-05	-2.8e-05	-2.30957e-16
3.6e-05	-2.4e-05	1.89738e-16
3.6e-05	-2e-05	-2.36893e-16
3.6e-05	-1.6e-05	-9.03146e-17
3.6e-05	-1.2e-05	-1.28672e-16
3.6e-05	-8e-06	-2.20995e-16
3.6e-05	-4e-06	3.15086e-16
3.6e-05	0	-1.81945e-16
3.6e-05	4e-06	-1.30317e-16
3.6e-05	8e-06	-1.55386e-16
3.6e-05	1.2e-05	-2.20538e-16
3.6e-05	1.6e-05	4.66373e-17
3.6e-05	2e-05	-8.7621e-17
3.6e-05	2.4e-05	-8.09513e-17
3.6e-05	2.8e-05	-1.14714e-16
3.6e-05	3.2e-05	-2.21725e-16
3.6e-05	3.6e-05	-3.86038e-17
3.6e-05	4e-05	-2.34276e-16
3.6e-05	4.4e-05	5.13089e-18
3.6e-05	4.8e-05	-2.95329e-16
3.6e-05	5.2e-05	-4.27373e-18
3.6e-05	5.6e-05	-2.42843e-16
3.6e-05	6e-05	-2.50897e-17
3.6e-05	6.4e-05	-2.47066e-16
3.6e-05	6.8e-05	-1.55511e-17
3.6e-05	7.2e-05	-2.50572e-16
3.6e-05	7.6e-05	-4.03503e-17
4e-05	-8e-05	-2.43466e-16
4e-05	-7.6e-05	-2.432e-17
4e-05	-7.2e-05	-2.42388e-16
4e-05	-6.8e-05	5.17918e-17
4e-05	-6.4e-05	-2.59504e-16
4e-05	-6e-05	-3.28692e-17
4e-05	-5.6e-05	-2.32468e-16
4e-05	-5.2e-05	-2.83495e-17
4e-05	-4.8e-05	-2.32222e-16
4e-05	-4.4e-05	-2.70218e-17
4e-05	-4e-05	-2.99025e-16
4e-05	-3.6e-05	-4.8084e-17
4e-05	-3.2e-05	-1.25586e-16
4e-05	-2.8e-05	4.93595e-17
4e-05	-2.4e-05	-1.34321e-16
4e-05	-2e-05	-1.50178e-16
4e-05	-1.6e-05	1.4026e-16
4e-05	-1.2e-05	-1.85257e-16
4e-05	-8e-06	-2.20211e-17
4e-05	-4e-06	-5.03691e-17
4e-05	0	-5.9675e-17
4e-05	4e-06	-7.7005e-17
4e-05	8e-06	-2.6035e-17
4e-05	1.2e-05	-1.97068e-17
4e-05	1.6e-05	3.28093e-17
4e-05	2e-05	-8.62042e-18
4e-05	2.4e-05	-1.09642e-16
4e-05	2.8e-05	-5.36302e-17
4e-05	3.2e-05	-2.63786e-17
4e-05	3.6e-05	-1.89388e-16
4e-05	4e-05	-2.55426e-17
4e-05	4.4e-05	-1.95213e-16
4e-05	4.8e-05	-3.2665e-17
4e-05	5.2e-05	-2.43846e-16
4e-05	5.6e-05	3.90608e-17
4e-05	6e-05	-2.61968e-16
4e-05	6.4e-05	-1.83353e-17
4e-05	6.8e-05	-2.63555e-16
4e-05	7.2e-05	-2.84662e-17
4e-05	7.6e-05	-2.77045e-16
4.4e-05	-8e-05	6.32638e-18
4.4e-05	-7.6e-05	-2.8947e-16
4.4e-05	-7.2e-05	9.73212e-18
4.4e-05	-6.8e-05	-3.04158e-16
4.4e-05	-6.4e-05	-2.83291e-17
4.4e-05	-6e-05	-3.2161e-16
4.4e-05	-5.6e-05	-5.89667e-17
4.4e-05	-5.2e-05	-2.90468e-16
4.4e-05	-4.8e-05	3.04736e-17
4.4e-05	-4.4e-05	-2.48604e-16
4.4e-05	-4e-05	-2.20894e-17
4.4e-05	-3.6e-05	-1.94785e-16
4.4e-05	-3.2e-05	-9.53398e-17
4.4e-05	-2.8e-05	-1.30135e-16
4.4e-05	-2.4e-05	-1.24591e-16
4.4e-05	-2e-05	-2.58578e-17
4.4e-05	-1.6e-05	-5.54013e-17
4.4e-05	-1.2e-05	-3.44142e-17
4.4e-05	-8e-06	-1.39708e-16
4.4e-05	-4e-06	-1.6291e-16
4.4e-05	0	-3.06657e-18
4.4e-05	4e-06	-1.9872e-17
4.4e-05	8e-06	-3.52187e-17
4.4e-05	1.2e-05	-9.09648e-18
4.4e-05	1.6e-05	-1.04471e-16
4.4e-05	2e-05	-5.61909e-17
4.4e-05	2.4e-05	-4.8735e-17
4.4e-05	2.8e-05	6.04079e-18
4.4e-05	3.2e-05	-9.83133e-17
4.4e-05	3.6e-05	-5.07364e-17
4.4e-05	4e-05	-8.63055e-17
4.4e-05	4.4e-05	-9.15328e-17
4.4e-05	4.8e-05	-1.54421e-16
4.4e-05	5.2e-05	-8.82551e-17
4.4e-05	5.6e-05	-1.63782e-16
4.4e-05	6e-05	-7.25336e-17
4.4e-05	6.4e-05	-2.31855e-16
4.4e-05	6.8e-05	-5.76743e-17
4.4e-05	7.2e-05	-2.06483e-16
4.4e-05	7.6e-05	-6.50232e-17
4.8e-05	-8e-05	-2.19171e-16
4.8e-05	-7.6e-05	-9.4645e-17
4.8e-05	-7.2e-05	-2.30587e-16
4.8e-05	-6.8e-05	-2.62852e-17
4.8e-05	-6.4e-05	-2.07046e-16
4.8e-05	-6e-05	-6.66452e-17
4.8e-05	-5.6e-05	-2.58233e-16
4.8e-05	-5.2e-05	-1.03871e-16
4.8e-05	-4.8e-05	-1.15284e-16
4.8e-05	-4.4e-05	-7.05491e-17
4.8e-05	-4e-05	-1.49069e-16
4.8e-05	-3.6e-05	-1.06196e-16
4.8e-05	-3.2e-05	-1.54145e-16
4.8e-05	-2.8e-05	-5.04858e-17
4.8e-05	-2.4e-05	-1.66335e-16
4.8e-05	-2e-05	1.31785e-17
4.8e-05	-1.6e-05	-1.20925e-16
4.8e-05	-1.2e-05	-4.82647e-18
4.8e-05	-8e-06	-7.90166e-17
4.8e-05	-4e-06	2.64035e-17
4.8e-05	0	-7.60657e-17
4.8e-05	4e-06	-2.89113e-17
4.8e-05	8e-06	1.18907e-17
4.8e-05	1.2e-05	-5.37249e-17
4.8e-05	1.6e-05	-4.38376e-17
4.8e-05	2e-05	-1.00474e-16
4.8e-05	2.4e-05	4.7614e-17
4.8e-05	2.8e-05	-1.46924e-16
4.8e-05	3.2e-05	-1.9883e-17
4.8e-05	3.6e-05	-1.67613e-16
4.8e-05	4e-05	-1.02276e-16
4.8e-05	4.4e-05	-1.65239e-16
4.8e-05	4.8e-05	-1.78114e-17
4.8e-05	5.2e-05	-2.32309e-16
4.8e-05	5.6e-05	-8.49852e-17
4.8e-05	6e-05	-1.57755e-16
4.8e-05	6.4e-05	-5.81704e-17
4.8e-05	6.8e-05	-1.96999e-16
4.8e-05	7.2e-05	-6.63396e-17
4.8e-05	7.6e-05	-1.35651e-16
5.2e-05	-8e-05	-6.72454e-17
5.2e-05	-7.6e-05	-7.91302e-17
5.2e-05	-7.2e-05	-7.37891e-17
5.2e-05	-6.8e-05	-1.4686e-16
5.2e-05	-6.4e-05	-1.45685e-16
5.2e-05	-6e-05	-1.61983e-16
5.2e-05	-5.6e-05	-6.63978e-17
5.2e-05	-5.2e-05	-2.28068e-16
5.2e-05	-4.8e-05	-5.1876e-17
5.2e-05	-4.4e-05	-1.29574e-16
5.2e-05	-4e-05	5.00208e-17
5.2e-05	-3.6e-05	-1.378e-16
5.2e-05	-3.2e-05	6.2935e-17
5.2e-05	-2.8e-05	-1.72301e-16
5.2e-05	-2.4e-05	1.75689e-18
5.2e-05	-2e-05	-1.24297e-16
5.2e-05	-1.6e-05	7.71612e-17
5.2e-05	-1.2e-05	-1.0496e-16
5.2e-05	-8e-06	5.18281e-17
5.2e-05	-4e-06	-6.45297e-17
5.2e-05	0	1.23142e-18
5.2e-05	4e-06	-1.87541e-17
5.2e-05	8e-06	-3.60423e-17
5.2e-05	1.2e-05	2.8655e-17
5.2e-05	1.6e-05	-1.0875e-16
5.2e-05	2e-05	3.40092e-17
5.2e-05	2.4e-05	-1.26976e-16
5.2e-05	2.8e-05	7.87547e-17
5.2e-05	3.2e-05	-1.71481e-16
5.2e-05	3.6e-05	1.51453e-16
5.2e-05	4e-05	-1.28312e-16
5.2e-05	4.4e-05	-4.05209e-18
5.2e-05	4.8e-05	-2.24124e-16
5.2e-05	5.2e-05	-9.54171e-17
5.2e-05	5.6e-05	-1.35776e-16
5.2e-05	6e-05	-1.52702e-17
5.2e-05	6.4e-05	-8.6576e-17
5.2e-05	6.8e-05	-6.70924e-17
5.2e-05	7.2e-05	-1.10095e-16
5.2e-05	7.6e-05	5.01551e-18
5.6e-05	-8e-05	-1.89154e-16
5.6e-05	-7.6e-05	1.71584e-17
5.6e-05	-7.2e-05	-1.44127e-16
5.6e-05	-6.8e-05	7.36291e-17
5.6e-05	-6.4e-05	-1.60714e-16
5.6e-05	-6e-05	1.07414e-16
5.6e-05	-5.6e-05	-1.01162e-16
5.6e-05	-5.2e-05	-6.96564e-17
5.6e-05	-4.8e-05	-1.10275e-16
5.6e-05	-4.4e-05	2.36781e-18
5.6e-05	-4e-05	-1.67617e-16
5.6e-05	-3.6e-05	1.3092e-16
5.6e-05	-3.2e-05	-1.32941e-16
5.6e-05	-2.8e-05	-7.17012e-17
5.6e-05	-2.4e-05	-1.48485e-16
5.6e-05	-2e-05	3.81082e-17
5.6e-05	-1.6e-05	-1.23041e-16
5.6e-05	-1.2e-05	2.73828e-17
5.6e-05	-8e-06	-4.84835e-17
5.6e-05	-4e-06	3.40167e-18
5.6e-05	0	-2.11355e-17
5.6e-05	4e-06	-1.28349e-17
5.6e-05	8e-06	-5.64108e-18
5.6e-05	1.2e-05	-2.62814e-17
5.6e-05	1.6e-05	1.34744e-17
5.6e-05	2e-05	-5.52563e-17
5.6e-05	2.4e-05	2.86722e-17
5.6e-05	2.8e-05	-8.56833e-17
5.6e-05	3.2e-05	5.97735e-17
5.6e-05	3.6e-05	-1.12818e-16
5.6e-05	4e-05	3.98953e-17
5.6e-05	4.4e-05	-1.11766e-16
5.6e-05	4.8e-05	4.19615e-17
5.6e-05	5.2e-05	-1.45136e-16
5.6e-05	5.6e-05	9.42823e-17
5.6e-05	6e-05	-1.44892e-16
5.6e-05	6.4e-05	-6.44109e-18
5.6e-05	6.8e-05	-1.94881e-16
5.6e-05	7.2e-05	2.21448e-17
5.6e-05	7.6e-05	-1.91439e-16
6e-05	-8e-05	3.58084e-17
6e-05	-7.6e-05	-1.47881e-16
6e-05	-7.2e-05	-4.97449e-17
6e-05	-6.8e-05	-2.31161e-16
6e-05	-6.4e-05	-5.07058e-17
6e-05	-6e-05	-1.33314e-16
6e-05	-5.6e-05	3.84014e-17
6e-05	-5.2e-05	-1.29277e-16
6e-05	-4.8e-05	7.21119e-17
6e-05	-4.4e-05	-1.14286e-16
6e-05	-4e-05	6.35559e-17
6e-05	-3.6e-05	-1.55177e-16
6e-05	-3.2e-05	2.8701e-17
6e-05	-2.8e-05	-1.42245e-16
6e-05	-2.4e-05	2.19381e-17
6e-05	-2e-05	-8.09488e-17
6e-05	-1.6e-05	1.0934e-17
6e-05	-1.2e-05	-3.93689e-17
6e-05	-8e-06	8.27664e-19
6e-05	-4e-06	-1.31645e-17
6e-05	0	-4.48626e-18
6e-05	4e-06	-4.59312e-18
6e-05	8e-06	-6.58454e-18
6e-05	1.2e-05	-1.60529e-18
6e-05	1.6e-05	-1.88061e-17
6e-05	2e-05	2.87878e-18
6e-05	2.4e-05	-2.48803e-17
6e-05	2.8e-05	8.84747e-19
6e-05	3.2e-05	-7.37902e-17
6e-05	3.6e-05	5.70409e-18
6e-05	4e-05	-6.26252e-17
6e-05	4.4e-05	-5.86523e-19
6e-05	4.8e-05	-1.20203e-16
6e-05	5.2e-05	-1.02187e-17
6e-05	5.6e-05	-1.38708e-16
6e-05	6e-05	5.08642e-17
6e-05	6.4e-05	-1.74839e-16
6e-05	6.8e-05	1.48041e-17
6e-05	7.2e-05	-1.65502e-16
6e-05	7.6e-05	2.79165e-18
6.4e-05	-8e-05	-1.622e-16
6.4e-05	-7.6e-05	7.2392e-17
6.4e-05	-7.2e-05	-1.59386e-16
6.4e-05	-6.8e-05	4.95268e-17
6.4e-05	-6.4e-05	-1.44819e-16
6.4e-05	-6e-05	2.17198e-17
6.4e-05	-5.6e-05	-1.55581e-16
6.4e-05	-5.2e-05	4.01074e-17
6.4e-05	-4.8e-05	-1.28859e-16
6.4e-05	-4.4e-05	9.25318e-18
6.4e-05	-4e-05	-9.79798e-17
6.4e-05	-3.6e-05	3.15285e-17
6.4e-05	-3.2e-05	-9.63715e-17
6.4e-05	-2.8e-05	2.5848e-17
6.4e-05	-2.4e-05	-6.12976e-17
6.4e-05	-2e-05	2.70239e-18
6.4e-05	-1.6e-05	-2.5489e-17
6.4e-05	-1.2e-05	-1.00452e-18
6.4e-05	-8e-06	-7.55419e-18
6.4e-05	-4e-06	-3.02208e-18
6.4e-05	0	-1.89518e-18
6.4e-05	4e-06	-1.41405e-18
6.4e-05	8e-06	-1.17422e-18
6.4e-05	1.2e-05	-3.33579e-18
6.4e-05	1.6e-05	-1.5106e-18
6.4e-05	2e-05	-9.31287e-18
6.4e-05	2.4e-05	6.45728e-19
6.4e-05	2.8e-05	-2.25072e-17
6.4e-05	3.2e-05	7.37583e-18
6.4e-05	3.6e-05	-3.09046e-17
6.4e-05	4e-05	1.4383e-17
6.4e-05	4.4e-05	-5.82091e-17
6.4e-05	4.8e-05	1.54624e-17
6.4e-05	5.2e-05	-9.49666e-17
6.4e-05	5.6e-05	2.52204e-17
6.4e-05	6e-05	-9.66109e-17
6.4e-05	6.4e-05	4.7646e-17
6.4e-05	6.8e-05	-1.02779e-16
6.4e-05	7.2e-05	5.16859e-17
6.4e-05	7.6e-05	-1.45956e-16
6.8e-05	-8e-05	2.2154e-17
6.8e-05	-7.6e-05	-1.11685e-16
6.8e-05	-7.2e-05	-1.40464e-17
6.8e-05	-6.8e-05	-1.27494e-16
6.8e-05	-6.4e-05	2.93215e-17
6.8e-05	-6e-05	-9.60859e-17
6.8e-05	-5.6e-05	3.39068e-17
6.8e-05	-5.2e-05	-6.2225e-17
6.8e-05	-4.8e-05	4.73041e-17
6.8e-05	-4.4e-05	-5.87134e-17
6.8e-05	-4e-05	3.37463e-17
6.8e-05	-3.6e-05	-5.68453e-17
6.8e-05	-3.2e-05	6.39995e-18
6.8e-05	-2.8e-05	-3.36493e-17
6.8e-05	-2.4e-05	2.11987e-18
6.8e-05	-2e-05	-1.49102e-17
6.8e-05	-1.6e-05	-9.36258e-19
6.8e-05	-1.2e-05	-4.68214e-18
6.8e-05	-8e-06	-2.27053e-18
6.8e-05	-4e-06	-1.23121e-18
6.8e-05	0	-4.28542e-19
6.8e-05	4e-06	-2.83907e-19
6.8e-05	8e-06	-4.23379e-19
6.8e-05	1.2e-05	-5.88377e-19
6.8e-05	1.6e-05	-1.78658e-18
6.8e-05	2e-05	-6.34126e-19
6.8e-05	2.4e-05	-6.60775e-18
6.8e-05	2.8e-05	-1.23285e-18
6.8e-05	3.2e-05	-1.02806e-17
6.8e-05	3.6e-05	1.94323e-18
6.8e-05	4e-05	-2.33513e-17
6.8e-05	4.4e-05	1.04869e-17
6.8e-05	4.8e-05	-2.97411e-17
6.8e-05	5.2e-05	8.50866e-18
6.8e-05	5.6e-05	-4.4694e-17
6.8e-05	6e-05	1.31738e-17
6.8e-05	6.4e-05	-5.93723e-17
6.8e-05	6.8e-05	9.76095e-18
6.8e-05	7.2e-05	-5.98324e-17
6.8e-05	7.6e-05	8.4193e-18
7.2e-05	-8e-05	-8.52812e-17
7.2e-05	-7.6e-05	2.11983e-17
7.2e-05	-7.2e-05	-7.59858e-17
7.2e-05	-6.8e-05	1.64654e-17
7.2e-05	-6.4e-05	-7.95062e-17
7.2e-05	-6e-05	1.35386e-17
7.2e-05	-5.6e-05	-5.07991e-17
7.2e-05	-5.2e-05	1.33568e-17
7.2e-05	-4.8e-05	-3.89051e-17
7.2e-05	-4.4e-05	6.30635e-18
7.2e-05	-4e-05	-3.71411e-17
7.2e-05	-3.6e-05	1.23803e-18
7.2e-05	-3.2e-05	-1.8024e-17
7.2e-05	-2.8e-05	1.071e-19
7.2e-05	-2.4e-05	-7.61008e-18
7.2e-05	-2e-05	-1.98018e-18
7.2e-05	-1.6e-05	-2.79857e-18
7.2e-05	-1.2e-05	-9.87336e-19
7.2e-05	-8e-06	-4.71967e-19
7.2e-05	-4e-06	-1.44627e-19
7.2e-05	0	-7.65904e-20
7.2e-05	4e-06	-1.03854e-20
7.2e-05	8e-06	-5.63076e-20
7.2e-05	1.2e-05	-1.79979e-19
7.2e-05	1.6e-05	-2.44827e-19
7.2e-05	2e-05	-1.05916e-18
7.2e-05	2.4e-05	-7.70507e-19
7.2e-05	2.8e-05	-2.95311e-18
7.2e-05	3.2e-05	-2.64815e-19
7.2e-05	3.6e-05	-7.13242e-18
7.2e-05	4e-05	3.16364e-19
7.2e-05	4.4e-05	-1.27656e-17
7.2e-05	4.8e-05	-1.01138e-19
7.2e-05	5.2e-05	-1.88564e-17
7.2e-05	5.6e-05	4.90758e-18
7.2e-05	6e-05	-2.43847e-17
7.2e-05	6.4e-05	5.48555e-18
7.2e-05	6.8e-05	-3.42308e-17
7.2e-05	7.2e-05	3.18189e-18
7.2e-05	7.6e-05	-3.5796e-17
7.6e-05	-8e-05	9.4025e-18
7.6e-05	-7.6e-05	-2.71803e-17
7.6e-05	-7.2e-05	4.61168e-18
7.6e-05	-6.8e-05	-2.7151e-17
7.6e-05	-6.4e-05	5.31379e-18
7.6e-05	-6e-05	-2.64746e-17
7.6e-05	-5.6e-05	2.25267e-18
7.6e-05	-5.2e-05	-1.95032e-17
7.6e-05	-4.8e-05	9.54911e-19
7.6e-05	-4.4e-05	-1.06445e-17
7.6e-05	-4e-05	1.05012e-18
7.6e-05	-3.6e-05	-7.38161e-18
7.6e-05	-3.2e-05	-7.30071e-19
7.6e-05	-2.8e-05	-3.60463e-18
7.6e-05	-2.4e-05	-7.33526e-19
7.6e-05	-2e-05	-1.38891e-18
7.6e-05	-1.6e-05	-6.16206e-19
7.6e-05	-1.2e-05	-2.83474e-19
7.6e-05	-8e-06	-7.79806e-20
7.6e-05	-4e-06	-7.73895e-20
7.6e-05	0	2.1169e-21
7.6e-05	4e-06	-6.04701e-21
7.6e-05	8e-06	-2.86459e-20
7.6e-05	1.2e-05	-1.18189e-20
7.6e-05	1.6e-05	-1.55923e-19
7.6e-05	2e-05	-1.49784e-19
7.6e-05	2.4e-05	-4.39948e-19
7.6e-05	2.8e-05	-4.52526e-19
7.6e-05	3.2e-05	-1.414e-18
7.6e-05	3.6e-05	-3.44559e-19
7.6e-05	4e-05	-2.71134e-18
7.6e-05	4.4e-05	-1.69984e-19
7.6e-05	4.8e-05	-5.02473e-18
7.6e-05	5.2e-05	-2.66028e-19
7.6e-05	5.6e-05	-7.3306e-18
7.6e-05	6e-05	1.16098e-18
7.6e-05	6.4e-05	-9.35234e-18
7.6e-05	6.8e-05	1.63805e-18
7.6e-05	7.2e-05	-1.10568e-17
7.6e-05	7.6e-05	2.0841e-18
