5.02989e+13	0
4.98471e+13	0
5.02642e+13	4.22324e+08
5.02642e+13	-4.22324e+08
4.98789e+13	0
4.98821e+13	0
5.02289e+13	0
5.02139e+13	0
5.02141e+13	0
4.99145e+13	0
4.99268e+13	0
4.99326e+13	0
5.01782e+13	1.45228e+09
5.01782e+13	-1.45228e+09
4.99641e+13	7.21795e+08
4.99641e+13	-7.21795e+08
4.99827e+13	0
4.99886e+13	0
5.01584e+13	0
5.0158e+13	0
5.00166e+13	3.22725e+08
5.00166e+13	-3.22725e+08
5.00219e+13	0
5.00352e+13	0
5.00389e+13	0
5.01248e+13	7.67928e+08
5.01248e+13	-7.67928e+08
5.01218e+13	0
5.01084e+13	0
5.01075e+13	0
5.00708e+13	2.41702e+09
5.00708e+13	-2.41702e+09
5.00719e+13	8.10527e+08
5.00719e+13	-8.10527e+08
5.00727e+13	0
5.00735e+13	0
4.10207e+13	0
4.10198e+13	0
4.10193e+13	0
4.10188e+13	0
4.10184e+13	0
4.10182e+13	0
4.10176e+13	0
4.10165e+13	0
4.10157e+13	0
4.10153e+13	0
4.10143e+13	0
4.10131e+13	0
4.10135e+13	0
4.1014e+13	0
4.10137e+13	0
4.10139e+13	0
4.10121e+13	0
4.10115e+13	0
4.10112e+13	0
4.10106e+13	0
4.10092e+13	0
4.10092e+13	0
4.05222e+13	0
4.0523e+13	0
4.05233e+13	0
4.05234e+13	0
4.05251e+13	0
4.05252e+13	0
4.05257e+13	0
4.05264e+13	0
4.05264e+13	0
4.0527e+13	0
4.05277e+13	0
4.05282e+13	0
4.05285e+13	0
4.05295e+13	0
4.05309e+13	0
4.05309e+13	0
4.05313e+13	0
4.05312e+13	0
4.05321e+13	0
4.05329e+13	0
4.0534e+13	0
4.05325e+13	0
4.05325e+13	0
4.05349e+13	0
4.05341e+13	0
4.05357e+13	0
4.05355e+13	0
4.05392e+13	0
4.05381e+13	0
4.05397e+13	0
4.05384e+13	0
4.0537e+13	0
4.0537e+13	0
4.10083e+13	0
4.1008e+13	0
4.10068e+13	0
4.10067e+13	0
4.10065e+13	0
4.10052e+13	0
4.10057e+13	0
4.10062e+13	0
4.10037e+13	0
4.10063e+13	0
4.1005e+13	0
4.10029e+13	0
4.10026e+13	0
4.09992e+13	0
4.10009e+13	0
4.10011e+13	0
4.10021e+13	0
4.10021e+13	0
4.1002e+13	0
4.09982e+13	0
4.0998e+13	0
4.09984e+13	0
4.09974e+13	0
4.0997e+13	0
4.09968e+13	0
4.09953e+13	0
4.09956e+13	0
4.0996e+13	0
4.09865e+13	0
4.09865e+13	0
4.09872e+13	0
4.09939e+13	0
4.09885e+13	0
4.0996e+13	0
4.09941e+13	0
4.09926e+13	0
4.09944e+13	0
4.09922e+13	0
4.09905e+13	0
4.09897e+13	0
4.09896e+13	0
4.09902e+13	0
4.09919e+13	0
4.09915e+13	0
4.09913e+13	0
4.0991e+13	0
4.05398e+13	0
4.05401e+13	0
4.05404e+13	0
4.05414e+13	0
4.05414e+13	0
4.05416e+13	0
4.0542e+13	0
4.05426e+13	0
4.05433e+13	0
4.05442e+13	0
4.05444e+13	0
4.05448e+13	0
4.05477e+13	0
4.05456e+13	0
4.05456e+13	0
4.05485e+13	0
4.05462e+13	0
4.05464e+13	0
4.05487e+13	0
4.05488e+13	0
4.09855e+13	0
4.0985e+13	0
4.09848e+13	0
4.09752e+13	0
4.09762e+13	0
4.09841e+13	0
4.09847e+13	0
4.09766e+13	0
4.09837e+13	0
4.09825e+13	0
4.09835e+13	0
4.0977e+13	0
4.09816e+13	0
4.09832e+13	0
4.09798e+13	0
4.09829e+13	0
4.09802e+13	0
4.09804e+13	0
4.09808e+13	0
4.09781e+13	0
4.09786e+13	0
4.09789e+13	0
4.0978e+13	0
4.0979e+13	0
4.0979e+13	0
4.05508e+13	0
4.05499e+13	0
4.05502e+13	0
4.05506e+13	0
4.05568e+13	0
4.05569e+13	0
4.05555e+13	0
4.05522e+13	0
4.05538e+13	0
4.0555e+13	0
4.0555e+13	0
4.05536e+13	0
4.05528e+13	0
4.05528e+13	0
4.05533e+13	0
4.05531e+13	0
4.05532e+13	0
4.09735e+13	0
4.0974e+13	0
4.09728e+13	0
4.09724e+13	0
4.09704e+13	0
4.09668e+13	0
4.09708e+13	0
4.09712e+13	0
4.09741e+13	0
4.09692e+13	0
4.09671e+13	0
4.09674e+13	0
4.09721e+13	0
4.09721e+13	0
4.09688e+13	0
4.09686e+13	0
4.09683e+13	0
4.0968e+13	0
4.09681e+13	0
4.09685e+13	0
4.05594e+13	0
4.05575e+13	0
4.05589e+13	0
4.0562e+13	0
4.05637e+13	0
4.05605e+13	0
4.05579e+13	0
4.05608e+13	0
4.05583e+13	0
4.05601e+13	0
4.05573e+13	0
4.05634e+13	0
4.05633e+13	0
4.09582e+13	0
4.09593e+13	0
4.09599e+13	0
4.09595e+13	0
4.0966e+13	0
4.09609e+13	0
4.09654e+13	0
4.09614e+13	0
4.09649e+13	0
4.09638e+13	0
4.09646e+13	0
4.09619e+13	0
4.09625e+13	0
4.09632e+13	0
4.09636e+13	0
4.09629e+13	0
4.09623e+13	0
4.05644e+13	0
4.05643e+13	0
4.05651e+13	0
4.0565e+13	0
4.05664e+13	0
4.05703e+13	0
4.05667e+13	0
4.05668e+13	0
4.05694e+13	0
4.05681e+13	0
4.05675e+13	0
4.05672e+13	0
4.05671e+13	0
4.05691e+13	0
4.05687e+13	0
4.05686e+13	0
4.05688e+13	0
4.09577e+13	0
4.09514e+13	0
4.0957e+13	0
4.09522e+13	0
4.09524e+13	0
4.09537e+13	0
4.09542e+13	0
4.09564e+13	0
4.09559e+13	0
4.09563e+13	0
4.09553e+13	0
4.09548e+13	0
4.09549e+13	0
4.09536e+13	0
4.09556e+13	0
4.05713e+13	0
4.05715e+13	0
4.05716e+13	0
4.05724e+13	0
4.05739e+13	0
4.05731e+13	0
4.05732e+13	0
4.05749e+13	0
4.05753e+13	0
4.05747e+13	0
4.05745e+13	0
4.05745e+13	0
4.09443e+13	0
4.09452e+13	0
4.09505e+13	0
4.09503e+13	0
4.09483e+13	0
4.09447e+13	0
4.09488e+13	0
4.09496e+13	0
4.09464e+13	0
4.09494e+13	0
4.09513e+13	0
4.09516e+13	0
4.09459e+13	0
4.09516e+13	0
4.09475e+13	0
4.09469e+13	0
4.09472e+13	0
4.09472e+13	0
4.09491e+13	0
4.0577e+13	0
4.05783e+13	0
4.05788e+13	0
4.05791e+13	0
4.05794e+13	0
4.05796e+13	0
4.058e+13	0
4.05802e+13	0
4.05808e+13	0
4.05851e+13	0
4.05868e+13	0
4.09431e+13	0
4.09428e+13	0
4.09426e+13	0
4.09425e+13	0
4.09419e+13	0
4.05818e+13	0
4.05835e+13	0
4.09418e+13	0
4.05821e+13	0
4.05831e+13	0
4.09411e+13	0
4.09403e+13	0
4.09414e+13	0
4.05842e+13	0
4.05822e+13	0
4.09398e+13	0
4.05828e+13	0
4.05824e+13	0
4.05824e+13	0
4.0939e+13	0
4.09376e+13	0
4.09384e+13	0
4.09365e+13	0
4.09382e+13	0
4.05842e+13	0
4.05827e+13	0
4.09367e+13	0
4.09382e+13	0
4.0936e+13	0
4.09355e+13	0
4.05875e+13	0
4.05869e+13	0
4.05869e+13	0
4.05872e+13	0
4.05881e+13	0
4.05874e+13	0
4.05892e+13	0
4.05909e+13	0
4.05902e+13	0
4.05898e+13	0
4.0598e+13	0
4.05895e+13	0
4.05889e+13	0
4.0592e+13	0
4.05886e+13	0
4.05979e+13	0
4.05976e+13	0
4.05982e+13	0
4.05968e+13	0
4.05965e+13	0
4.05931e+13	0
4.05939e+13	0
4.05947e+13	0
4.05935e+13	0
4.05945e+13	0
4.05935e+13	0
4.05953e+13	0
4.05953e+13	0
4.09352e+13	0
4.0935e+13	0
4.09346e+13	0
4.09342e+13	0
4.09241e+13	0
4.0924e+13	0
4.09333e+13	0
4.09336e+13	0
4.09336e+13	0
4.09246e+13	0
4.09329e+13	0
4.09322e+13	0
4.09318e+13	0
4.09305e+13	0
4.09316e+13	0
4.09251e+13	0
4.09331e+13	0
4.0931e+13	0
4.09252e+13	0
4.09295e+13	0
4.0933e+13	0
4.0929e+13	0
4.09259e+13	0
4.09263e+13	0
4.09266e+13	0
4.09273e+13	0
4.09268e+13	0
4.09283e+13	0
4.09283e+13	0
4.09278e+13	0
4.0928e+13	0
4.0928e+13	0
4.06005e+13	0
4.05999e+13	0
4.05992e+13	0
4.05994e+13	0
4.06001e+13	0
4.09214e+13	0
4.09223e+13	0
4.09229e+13	0
4.06021e+13	0
4.06016e+13	0
4.0601e+13	0
4.06005e+13	0
4.06005e+13	0
4.06001e+13	0
4.09186e+13	0
4.0919e+13	0
4.09203e+13	0
4.09211e+13	0
4.09196e+13	0
4.09199e+13	0
4.09212e+13	0
4.092e+13	0
4.09191e+13	0
4.06031e+13	0
4.06058e+13	0
4.06039e+13	0
4.06043e+13	0
4.06054e+13	0
4.06053e+13	0
4.06048e+13	0
4.06049e+13	0
4.06044e+13	0
4.09149e+13	0
4.09152e+13	0
4.09173e+13	0
4.09164e+13	0
4.0915e+13	0
4.09166e+13	0
4.09177e+13	0
4.09179e+13	0
4.06066e+13	0
4.06086e+13	0
4.06098e+13	0
4.06091e+13	0
4.06095e+13	0
4.06078e+13	0
4.06076e+13	0
4.06074e+13	0
4.0607e+13	0
4.06072e+13	0
4.09106e+13	0
4.0913e+13	0
4.09111e+13	0
4.09117e+13	0
4.09142e+13	0
4.09144e+13	0
4.09139e+13	0
4.09111e+13	0
4.09121e+13	0
4.09122e+13	0
4.09124e+13	0
4.09124e+13	0
4.09145e+13	0
4.09144e+13	0
4.06104e+13	0
4.0611e+13	0
4.0612e+13	0
4.06124e+13	0
4.06125e+13	0
4.06138e+13	0
4.06126e+13	0
4.06178e+13	0
4.06145e+13	0
4.06149e+13	0
4.0615e+13	0
4.06153e+13	0
4.0616e+13	0
4.06157e+13	0
4.0617e+13	0
4.06156e+13	0
4.09097e+13	0
4.09081e+13	0
4.0909e+13	0
4.09074e+13	0
4.09078e+13	0
4.09093e+13	0
4.09086e+13	0
4.09065e+13	0
4.09061e+13	0
4.09094e+13	0
4.09087e+13	0
4.09056e+13	0
4.09055e+13	0
4.09063e+13	0
4.09044e+13	0
4.09042e+13	0
4.06182e+13	0
4.06168e+13	0
4.06193e+13	0
4.06168e+13	0
4.06198e+13	0
4.0619e+13	0
4.06184e+13	0
4.06188e+13	0
4.06212e+13	0
4.06219e+13	0
4.06274e+13	0
4.06275e+13	0
4.06214e+13	0
4.06265e+13	0
4.06268e+13	0
4.06268e+13	0
4.06251e+13	0
4.06254e+13	0
4.09043e+13	0
4.09037e+13	0
4.06223e+13	0
4.06245e+13	0
4.06243e+13	0
4.09032e+13	0
4.06225e+13	0
4.09024e+13	0
4.06234e+13	0
4.06239e+13	0
4.06235e+13	0
4.06238e+13	0
4.09015e+13	0
4.09012e+13	0
4.09017e+13	0
4.09017e+13	0
4.06227e+13	0
4.09009e+13	0
4.08999e+13	0
4.09001e+13	0
4.09001e+13	0
4.08986e+13	0
4.08986e+13	0
4.06237e+13	0
4.08982e+13	0
4.08971e+13	0
4.08968e+13	0
4.08965e+13	0
4.06227e+13	0
4.08943e+13	0
4.08943e+13	0
4.08956e+13	0
4.0896e+13	0
4.08949e+13	0
4.0896e+13	0
4.08957e+13	0
4.08946e+13	0
4.08946e+13	0
4.08949e+13	0
4.08948e+13	0
4.06281e+13	0
4.0629e+13	0
4.06284e+13	0
4.08922e+13	0
4.08927e+13	0
4.0893e+13	0
4.08937e+13	0
4.08924e+13	0
4.06323e+13	0
4.06303e+13	0
4.06306e+13	0
4.06304e+13	0
4.06314e+13	0
4.06321e+13	0
4.06312e+13	0
4.06311e+13	0
4.08875e+13	0
4.08912e+13	0
4.08887e+13	0
4.08891e+13	0
4.08901e+13	0
4.08897e+13	0
4.08888e+13	0
4.0889e+13	0
4.0891e+13	0
4.08902e+13	0
4.08902e+13	0
4.08896e+13	0
4.06332e+13	0
4.06339e+13	0
4.06334e+13	0
4.06335e+13	0
4.06344e+13	0
4.06352e+13	0
4.0636e+13	0
4.0635e+13	0
4.0635e+13	0
4.06367e+13	0
4.0637e+13	0
4.06399e+13	0
4.06398e+13	0
4.0638e+13	0
4.06384e+13	0
4.08844e+13	0
4.08852e+13	0
4.08859e+13	0
4.08856e+13	0
4.08875e+13	0
4.08863e+13	0
4.08871e+13	0
4.08867e+13	0
4.06388e+13	0
4.06382e+13	0
4.06388e+13	0
4.0884e+13	0
4.08868e+13	0
4.08869e+13	0
4.06382e+13	0
4.06385e+13	0
4.06407e+13	0
4.06404e+13	0
4.0642e+13	0
4.06416e+13	0
4.06414e+13	0
4.06414e+13	0
4.06422e+13	0
4.06427e+13	0
4.06425e+13	0
4.06492e+13	0
4.06434e+13	0
4.06432e+13	0
4.06443e+13	0
4.06441e+13	0
4.06441e+13	0
4.06456e+13	0
4.06484e+13	0
4.06484e+13	0
4.06481e+13	0
4.08828e+13	0
4.08821e+13	0
4.08825e+13	3.83251e+07
4.08825e+13	-3.83251e+07
4.06477e+13	0
4.08824e+13	0
4.06476e+13	0
4.06471e+13	0
4.0646e+13	0
4.06464e+13	0
4.06466e+13	0
4.06469e+13	0
4.06461e+13	0
4.08808e+13	0
4.08805e+13	0
4.08809e+13	0
4.08798e+13	0
4.08799e+13	0
4.0874e+13	0
4.08791e+13	0
4.08782e+13	0
4.08785e+13	0
4.08745e+13	0
4.08776e+13	0
4.08775e+13	0
4.08789e+13	0
4.08769e+13	0
4.08763e+13	0
4.08756e+13	0
4.0876e+13	0
4.08767e+13	0
4.0875e+13	0
4.08788e+13	0
4.0875e+13	0
4.08752e+13	0
4.08753e+13	0
4.08753e+13	0
4.06504e+13	0
4.0651e+13	0
4.06506e+13	0
4.06506e+13	0
4.08725e+13	0
4.08735e+13	0
4.0873e+13	0
4.08726e+13	0
4.06536e+13	0
4.06521e+13	0
4.06525e+13	0
4.06528e+13	0
4.0653e+13	0
4.0653e+13	0
4.08718e+13	0
4.08685e+13	0
4.08686e+13	0
4.08711e+13	0
4.08709e+13	0
4.08692e+13	0
4.08711e+13	0
4.08689e+13	0
4.08698e+13	0
4.08694e+13	0
4.08699e+13	0
4.08703e+13	0
4.08704e+13	0
4.08706e+13	0
4.08701e+13	0
4.06543e+13	0
4.06546e+13	0
4.06543e+13	0
4.06552e+13	0
4.06555e+13	0
4.06558e+13	0
4.06559e+13	0
4.06563e+13	0
4.06568e+13	0
4.06607e+13	0
4.06604e+13	0
4.06567e+13	0
4.06589e+13	0
4.06589e+13	0
4.06584e+13	0
4.06599e+13	0
4.08665e+13	0
4.08666e+13	0
4.06578e+13	0
4.08659e+13	0
4.08678e+13	0
4.08676e+13	0
4.08679e+13	0
4.08641e+13	0
4.08674e+13	0
4.06599e+13	0
4.06579e+13	0
4.06579e+13	0
4.08648e+13	0
4.08648e+13	0
4.06578e+13	0
4.06612e+13	0
4.06614e+13	0
4.06616e+13	0
4.0662e+13	0
4.06624e+13	0
4.06673e+13	0
4.06675e+13	0
4.06628e+13	0
4.0667e+13	0
4.06629e+13	0
4.06631e+13	0
4.06668e+13	0
4.06661e+13	0
4.06637e+13	0
4.06643e+13	0
4.06653e+13	0
4.06653e+13	0
4.06639e+13	0
4.06656e+13	0
4.06657e+13	0
4.0664e+13	0
4.0664e+13	0
4.0862e+13	0
4.08617e+13	0
4.08626e+13	0
4.08629e+13	0
4.08631e+13	5.27259e+07
4.08631e+13	-5.27259e+07
4.08631e+13	0
4.08609e+13	0
4.08612e+13	0
4.08613e+13	0
4.08604e+13	0
4.08581e+13	0
4.08586e+13	0
4.08597e+13	0
4.086e+13	0
4.086e+13	0
4.0859e+13	0
4.08555e+13	0
4.08557e+13	0
4.08569e+13	0
4.08592e+13	0
4.08594e+13	0
4.08563e+13	0
4.08554e+13	0
4.08562e+13	0
4.08571e+13	0
4.08559e+13	0
4.08558e+13	0
4.08571e+13	0
4.06689e+13	0
4.06685e+13	0
4.06684e+13	0
4.06699e+13	0
4.06706e+13	0
4.06702e+13	0
4.06702e+13	0
4.08544e+13	0
4.08533e+13	0
4.08548e+13	0
4.08537e+13	0
4.08536e+13	0
4.08534e+13	0
4.06716e+13	0
4.06717e+13	0
4.06722e+13	0
4.06724e+13	0
4.06727e+13	0
4.06729e+13	0
4.0673e+13	0
4.06747e+13	0
4.06742e+13	0
4.06738e+13	0
4.06736e+13	0
4.06743e+13	0
4.06754e+13	0
4.08528e+13	0
4.08524e+13	0
4.08522e+13	0
4.08521e+13	0
4.06733e+13	0
4.08519e+13	0
4.06752e+13	0
4.06752e+13	0
4.08516e+13	0
4.08513e+13	1.90901e+07
4.08513e+13	-1.90901e+07
4.08509e+13	0
4.08513e+13	0
4.08507e+13	0
4.08498e+13	0
4.085e+13	0
4.06763e+13	0
4.06767e+13	0
4.06784e+13	0
4.06778e+13	0
4.06775e+13	0
4.06772e+13	0
4.06772e+13	0
4.06771e+13	0
4.06787e+13	0
4.08496e+13	0
4.08494e+13	0
4.08484e+13	0
4.0849e+13	0
4.08473e+13	0
4.0847e+13	0
4.08489e+13	0
4.08479e+13	0
4.08489e+13	0
4.06796e+13	0
4.06798e+13	0
4.068e+13	0
4.08463e+13	0
4.0848e+13	0
4.06832e+13	0
4.06833e+13	0
4.06797e+13	0
4.06804e+13	0
4.08458e+13	0
4.06829e+13	0
4.06828e+13	0
4.06808e+13	0
4.08418e+13	0
4.08449e+13	0
4.06824e+13	0
4.06811e+13	0
4.0681e+13	0
4.06815e+13	0
4.08445e+13	0
4.08425e+13	0
4.08423e+13	0
4.0682e+13	0
4.0682e+13	0
4.06817e+13	0
4.08427e+13	0
4.0844e+13	0
4.08432e+13	0
4.08429e+13	0
4.08433e+13	0
4.0844e+13	0
4.08437e+13	0
4.08437e+13	0
4.08428e+13	0
4.06846e+13	0
4.06843e+13	0
4.08406e+13	0
4.0841e+13	0
4.08409e+13	0
4.0687e+13	0
4.06865e+13	0
4.06868e+13	0
4.06867e+13	0
4.06853e+13	0
4.06853e+13	0
4.06849e+13	0
4.06848e+13	0
4.08397e+13	0
4.06824e+13	0
4.08399e+13	0
4.08394e+13	0
4.08402e+13	0
4.08403e+13	0
4.08386e+13	0
4.08385e+13	0
4.08383e+13	0
4.06882e+13	0
4.06887e+13	0
4.08381e+13	0
4.0838e+13	0
4.08365e+13	0
4.08377e+13	0
4.08375e+13	0
4.06923e+13	0
4.06889e+13	0
4.06889e+13	0
4.06903e+13	0
4.06896e+13	0
4.06915e+13	0
4.06904e+13	0
4.06912e+13	0
4.06917e+13	0
4.06896e+13	0
4.06908e+13	0
4.06908e+13	0
4.06906e+13	0
4.06929e+13	0
4.06932e+13	0
4.06933e+13	0
4.06979e+13	0
4.06978e+13	0
4.06935e+13	0
4.06939e+13	0
4.06975e+13	0
4.06941e+13	0
4.06937e+13	0
4.06944e+13	0
4.06965e+13	0
4.06952e+13	0
4.06961e+13	0
4.06961e+13	0
4.06955e+13	0
4.06958e+13	0
4.06948e+13	0
4.06958e+13	0
4.0836e+13	0
4.08352e+13	0
4.08343e+13	0
4.08342e+13	0
4.08346e+13	0
4.08359e+13	0
4.08359e+13	0
4.08355e+13	0
4.08356e+13	0
4.08356e+13	0
4.08339e+13	0
4.0827e+13	0
4.08336e+13	0
4.0833e+13	0
4.08335e+13	0
4.08336e+13	0
4.08281e+13	0
4.08282e+13	0
4.08315e+13	0
4.08326e+13	0
4.08318e+13	0
4.0832e+13	0
4.08287e+13	0
4.08294e+13	0
4.083e+13	0
4.08305e+13	0
4.0828e+13	0
4.0829e+13	0
4.08288e+13	0
4.08303e+13	0
4.08298e+13	0
4.08304e+13	0
4.08329e+13	0
4.08323e+13	0
4.08323e+13	0
4.08323e+13	0
4.06995e+13	0
4.06992e+13	0
4.06988e+13	0
4.06988e+13	0
4.06989e+13	0
4.08255e+13	0
4.08252e+13	0
4.08265e+13	0
4.08259e+13	0
4.08259e+13	0
4.08265e+13	0
4.08249e+13	0
4.08246e+13	0
4.08242e+13	0
4.08241e+13	0
4.0824e+13	0
4.07058e+13	0
4.06997e+13	0
4.07049e+13	0
4.07024e+13	0
4.06999e+13	0
4.07002e+13	0
4.07e+13	0
4.07021e+13	0
4.07024e+13	0
4.07031e+13	6.63198e+06
4.07031e+13	-6.63198e+06
4.07038e+13	0
4.07039e+13	0
4.07012e+13	0
4.07008e+13	0
4.07006e+13	0
4.07042e+13	0
4.07016e+13	0
4.07007e+13	0
4.08236e+13	0
4.07016e+13	0
4.0823e+13	0
4.08229e+13	0
4.0706e+13	0
4.07041e+13	0
4.08235e+13	0
4.07e+13	0
4.08235e+13	0
4.07065e+13	0
4.07068e+13	0
4.07065e+13	0
4.07074e+13	0
4.07101e+13	0
4.07102e+13	0
4.07077e+13	0
4.07095e+13	0
4.07076e+13	0
4.07092e+13	0
4.0709e+13	0
4.07089e+13	0
4.07087e+13	0
4.07086e+13	0
4.08225e+13	0
4.08223e+13	0
4.08221e+13	0
4.08218e+13	0
4.08215e+13	0
4.08205e+13	0
4.08211e+13	0
4.08209e+13	0
4.08191e+13	0
4.08192e+13	0
4.08197e+13	0
4.082e+13	0
4.08201e+13	0
4.08209e+13	0
4.08213e+13	0
4.08182e+13	0
4.08181e+13	0
4.08146e+13	0
4.08148e+13	0
4.08148e+13	0
4.08213e+13	0
4.08178e+13	0
4.08152e+13	0
4.08153e+13	0
4.08176e+13	0
4.08155e+13	0
4.0816e+13	0
4.08173e+13	0
4.0817e+13	0
4.08165e+13	0
4.08161e+13	0
4.08171e+13	0
4.08172e+13	0
4.07108e+13	0
4.07104e+13	0
4.07113e+13	0
4.07114e+13	0
4.07118e+13	0
4.07092e+13	0
4.08133e+13	0
4.0814e+13	0
4.08145e+13	0
4.08143e+13	0
4.08143e+13	0
4.07117e+13	0
4.07121e+13	0
4.07126e+13	0
4.07126e+13	0
4.07153e+13	0
4.0713e+13	2.5668e+07
4.0713e+13	-2.5668e+07
4.07164e+13	0
4.07159e+13	0
4.07132e+13	0
4.07144e+13	0
4.0716e+13	0
4.08131e+13	0
4.08125e+13	0
4.0813e+13	0
4.0811e+13	0
4.07169e+13	0
4.07142e+13	0
4.07141e+13	0
4.07142e+13	0
4.07138e+13	0
4.08113e+13	0
4.08129e+13	0
4.08119e+13	0
4.0717e+13	0
4.07138e+13	0
4.07133e+13	0
4.08128e+13	0
4.08118e+13	0
4.08118e+13	0
4.07173e+13	0
4.07177e+13	0
4.07179e+13	0
4.07221e+13	0
4.07224e+13	0
4.08106e+13	0
4.08107e+13	0
4.08103e+13	0
4.07181e+13	0
4.07218e+13	0
4.08093e+13	0
4.08095e+13	0
4.08101e+13	0
4.07215e+13	0
4.08099e+13	0
4.08091e+13	0
4.08101e+13	0
4.08085e+13	0
4.07211e+13	0
4.07212e+13	0
4.07209e+13	0
4.07203e+13	0
4.08084e+13	0
4.0808e+13	0
4.072e+13	0
4.072e+13	0
4.07198e+13	0
4.07186e+13	0
4.07186e+13	0
4.07188e+13	0
4.07187e+13	0
4.07191e+13	0
4.08069e+13	0
4.08066e+13	0
4.07195e+13	0
4.07193e+13	0
4.07193e+13	0
4.08048e+13	0
4.08049e+13	0
4.08058e+13	5.04548e+06
4.08058e+13	-5.04548e+06
4.08065e+13	0
4.08054e+13	0
4.08064e+13	0
4.08052e+13	0
4.08051e+13	0
4.08064e+13	0
4.08052e+13	0
4.08061e+13	0
4.08061e+13	0
4.07239e+13	0
4.07238e+13	0
4.0723e+13	2.72284e+07
4.0723e+13	-2.72284e+07
4.07233e+13	0
4.08041e+13	0
4.0804e+13	0
4.08046e+13	0
4.08045e+13	0
4.08045e+13	0
4.07246e+13	0
4.07248e+13	0
4.07251e+13	0
4.0726e+13	0
4.07256e+13	0
4.07266e+13	0
4.07256e+13	3.6947e+07
4.07256e+13	-3.6947e+07
4.0727e+13	0
4.08004e+13	0
4.08009e+13	0
4.08031e+13	0
4.08031e+13	0
4.08013e+13	0
4.08026e+13	0
4.08041e+13	0
4.08019e+13	0
4.08024e+13	0
4.08023e+13	0
4.08013e+13	0
4.08016e+13	0
4.0802e+13	0
4.08022e+13	0
4.08002e+13	0
4.07998e+13	0
4.07997e+13	0
4.0798e+13	0
4.07995e+13	0
4.07992e+13	0
4.0799e+13	0
4.07986e+13	0
4.07974e+13	0
4.07994e+13	0
4.07986e+13	0
4.07969e+13	0
4.07968e+13	0
4.07964e+13	0
4.07958e+13	0
4.07962e+13	0
4.07957e+13	0
4.07956e+13	0
4.07275e+13	0
4.07335e+13	0
4.07279e+13	0
4.07279e+13	0
4.0732e+13	0
4.07325e+13	0
4.0733e+13	0
4.07329e+13	4.97045e+07
4.07329e+13	-4.97045e+07
4.07281e+13	0
4.07315e+13	0
4.07282e+13	0
4.07312e+13	0
4.07283e+13	0
4.07285e+13	0
4.07309e+13	0
4.07308e+13	0
4.07296e+13	0
4.0729e+13	0
4.07306e+13	0
4.07296e+13	0
4.07301e+13	0
4.073e+13	0
4.07306e+13	0
4.07299e+13	0
4.07288e+13	0
4.07288e+13	0
4.07291e+13	0
4.07298e+13	0
4.07291e+13	0
4.07348e+13	0
4.07347e+13	0
4.07344e+13	0
4.07337e+13	0
4.07337e+13	0
4.0795e+13	0
4.07957e+13	0
4.07951e+13	0
4.07953e+13	0
4.07954e+13	0
4.07954e+13	0
4.07954e+13	0
4.07356e+13	0
4.07356e+13	0
4.07361e+13	0
4.07363e+13	0
4.07366e+13	0
4.07368e+13	0
4.07369e+13	0
4.07918e+13	0
4.07921e+13	0
4.07922e+13	0
4.07926e+13	0
4.07924e+13	0
4.07948e+13	0
4.07944e+13	0
4.07948e+13	0
4.07934e+13	0
4.07939e+13	0
4.07932e+13	0
4.07932e+13	0
4.07941e+13	0
4.07942e+13	0
4.07945e+13	0
4.07936e+13	0
4.07938e+13	0
4.07936e+13	0
4.0742e+13	0
4.07417e+13	0
4.07414e+13	0
4.07392e+13	0
4.07397e+13	0
4.0741e+13	0
4.07399e+13	0
4.07401e+13	0
4.0737e+13	0
4.07403e+13	0
4.07402e+13	0
4.07408e+13	0
4.07387e+13	0
4.07386e+13	0
4.0738e+13	0
4.07384e+13	0
4.07381e+13	0
4.07375e+13	0
4.07384e+13	0
4.07375e+13	0
4.07383e+13	0
4.07863e+13	0
4.07376e+13	0
4.07866e+13	0
4.07868e+13	0
4.07376e+13	0
4.07874e+13	0
4.07913e+13	0
4.079e+13	0
4.07903e+13	0
4.07904e+13	0
4.07895e+13	0
4.07892e+13	0
4.07886e+13	0
4.07882e+13	0
4.07907e+13	0
4.0791e+13	0
4.07908e+13	0
4.07908e+13	0
4.07898e+13	0
4.0789e+13	0
4.0789e+13	0
4.07881e+13	0
4.07884e+13	0
4.07428e+13	0
4.07423e+13	0
4.07425e+13	0
4.07425e+13	0
4.07857e+13	0
4.07861e+13	0
4.07859e+13	0
4.07859e+13	0
4.07863e+13	0
4.07862e+13	0
4.07862e+13	0
4.07454e+13	0
4.07452e+13	0
4.0745e+13	0
4.07459e+13	0
4.0743e+13	0
4.07432e+13	0
4.07434e+13	0
4.07435e+13	0
4.07431e+13	0
4.07438e+13	0
4.07439e+13	0
4.07445e+13	0
4.07443e+13	0
4.07443e+13	0
4.07423e+13	0
4.07847e+13	0
4.07851e+13	0
4.07855e+13	0
4.07855e+13	0
4.07854e+13	0
4.07854e+13	0
4.0785e+13	0
4.07843e+13	0
4.0785e+13	0
4.07844e+13	0
4.0784e+13	0
4.07839e+13	0
4.07837e+13	0
4.0784e+13	0
4.07831e+13	0
4.07835e+13	0
4.07828e+13	0
4.07824e+13	0
4.07834e+13	0
4.07835e+13	0
4.07821e+13	0
4.07821e+13	0
4.0782e+13	0
4.07458e+13	0
4.07834e+13	0
4.07817e+13	0
4.07812e+13	0
4.07798e+13	0
4.07801e+13	0
4.07811e+13	0
4.07806e+13	0
4.07804e+13	0
4.07795e+13	0
4.07797e+13	0
4.07816e+13	0
4.07796e+13	0
4.07815e+13	0
4.07518e+13	0
4.07517e+13	0
4.07509e+13	0
4.07507e+13	0
4.0747e+13	0
4.0747e+13	0
4.07505e+13	0
4.07504e+13	0
4.07496e+13	0
4.07499e+13	0
4.07503e+13	0
4.07497e+13	0
4.07501e+13	0
4.0748e+13	0
4.07478e+13	0
4.07488e+13	0
4.07487e+13	0
4.07482e+13	0
4.07476e+13	0
4.07488e+13	0
4.07472e+13	0
4.07483e+13	0
4.07474e+13	0
4.07472e+13	0
4.07485e+13	0
4.07485e+13	0
4.07474e+13	0
4.07475e+13	0
4.07519e+13	0
4.07519e+13	0
4.07788e+13	0
4.0779e+13	0
4.07791e+13	0
4.0753e+13	0
4.0753e+13	0
4.07532e+13	0
4.07531e+13	0
4.07538e+13	0
4.07782e+13	0
4.07785e+13	0
4.07788e+13	0
4.07539e+13	0
4.07783e+13	0
4.07778e+13	0
4.0754e+13	0
4.07771e+13	0
4.07543e+13	0
4.07544e+13	0
4.07544e+13	0
4.07548e+13	0
4.07548e+13	0
4.0755e+13	0
4.07555e+13	0
4.07554e+13	0
4.0777e+13	0
4.0777e+13	0
4.07769e+13	0
4.07769e+13	0
4.07768e+13	0
4.07768e+13	0
4.07767e+13	0
4.07734e+13	0
4.07766e+13	0
4.07766e+13	0
4.07743e+13	0
4.07743e+13	0
4.07765e+13	0
4.07746e+13	0
4.07765e+13	6.54631e+07
4.07765e+13	-6.54631e+07
4.07748e+13	0
4.0775e+13	0
4.07559e+13	0
4.0756e+13	0
4.07752e+13	0
4.07764e+13	0
4.07751e+13	0
4.07764e+13	0
4.07755e+13	0
4.07763e+13	0
4.07627e+13	0
4.07755e+13	0
4.07564e+13	0
4.07564e+13	0
4.07625e+13	0
4.07757e+13	0
4.07624e+13	0
4.07761e+13	0
4.07758e+13	0
4.0776e+13	0
4.07621e+13	0
4.07572e+13	0
4.07573e+13	0
4.07611e+13	0
4.07616e+13	5.64663e+07
4.07616e+13	-5.64663e+07
4.07576e+13	0
4.07615e+13	0
4.07606e+13	0
4.07603e+13	0
4.07577e+13	0
4.0758e+13	0
4.07581e+13	0
4.07582e+13	0
4.07596e+13	0
4.07597e+13	0
4.07761e+13	0
4.07614e+13	0
4.07587e+13	0
4.076e+13	0
4.07578e+13	0
4.07593e+13	0
4.07588e+13	0
4.07601e+13	0
4.07601e+13	0
4.0776e+13	0
4.0759e+13	0
4.07592e+13	0
4.07623e+13	0
4.07735e+13	0
4.07737e+13	0
4.07739e+13	0
4.07739e+13	0
4.07589e+13	0
4.07567e+13	0
4.0757e+13	0
4.07638e+13	0
4.0764e+13	0
4.07642e+13	0
4.07636e+13	0
4.07645e+13	2.14782e+07
4.07645e+13	-2.14782e+07
4.07633e+13	0
4.07727e+13	0
4.07733e+13	0
4.07728e+13	0
4.07632e+13	0
4.07728e+13	0
4.07741e+13	0
4.07647e+13	0
4.07565e+13	0
4.07566e+13	0
4.07569e+13	0
4.07566e+13	0
4.07723e+13	6.28876e+07
4.07723e+13	-6.28876e+07
4.07722e+13	0
4.07566e+13	0
4.07726e+13	0
4.07719e+13	0
4.07569e+13	0
4.07634e+13	0
4.07635e+13	0
4.0771e+13	0
4.07725e+13	0
4.07717e+13	0
4.07717e+13	0
4.07715e+13	0
4.07713e+13	0
4.07707e+13	0
4.07712e+13	0
4.07715e+13	0
4.07706e+13	0
4.07704e+13	0
4.07714e+13	0
4.07655e+13	0
4.07655e+13	0
4.07702e+13	0
4.07705e+13	0
4.07687e+13	0
4.07685e+13	0
4.07684e+13	0
4.077e+13	0
4.07698e+13	0
4.07689e+13	0
4.0768e+13	0
4.0768e+13	0
4.0769e+13	0
4.07693e+13	0
4.07691e+13	0
4.07691e+13	0
4.07695e+13	0
4.07677e+13	0
4.07697e+13	0
4.07672e+13	0
4.07675e+13	0
4.07682e+13	0
4.07672e+13	0
4.07677e+13	0
4.07668e+13	0
4.0766e+13	0
4.07668e+13	0
4.07673e+13	0
4.07659e+13	0
4.07665e+13	0
4.07666e+13	0
4.07662e+13	0
4.07661e+13	0
4.07701e+13	0
4.07674e+13	0
4.07658e+13	0
4.07666e+13	0
4.07664e+13	0
4.07695e+13	0
4.07697e+13	0
4.07664e+13	0
4.07661e+13	0
4.07658e+13	0
4.07658e+13	0
