-8e-05	-8e-05	-1.63129e-15
-8e-05	-7.6e-05	-5.0807e-16
-8e-05	-7.2e-05	4.87658e-15
-8e-05	-6.8e-05	-4.49473e-16
-8e-05	-6.4e-05	-6.00914e-16
-8e-05	-6e-05	7.12946e-16
-8e-05	-5.6e-05	8.59921e-16
-8e-05	-5.2e-05	-1.48615e-16
-8e-05	-4.8e-05	-2.11929e-16
-8e-05	-4.4e-05	1.93627e-16
-8e-05	-4e-05	2.55043e-16
-8e-05	-3.6e-05	9.60268e-17
-8e-05	-3.2e-05	-3.31783e-16
-8e-05	-2.8e-05	-1.9266e-17
-8e-05	-2.4e-05	1.52144e-16
-8e-05	-2e-05	-2.15528e-17
-8e-05	-1.6e-05	2.01986e-16
-8e-05	-1.2e-05	8.73977e-17
-8e-05	-8e-06	2.56361e-17
-8e-05	-4e-06	-2.48551e-16
-8e-05	0	2.71081e-16
-8e-05	4e-06	4.76627e-17
-8e-05	8e-06	1.23863e-16
-8e-05	1.2e-05	1.48273e-16
-8e-05	1.6e-05	-9.51526e-17
-8e-05	2e-05	1.05214e-16
-8e-05	2.4e-05	-3.26249e-16
-8e-05	2.8e-05	7.75938e-17
-8e-05	3.2e-05	-3.11687e-16
-8e-05	3.6e-05	-4.99729e-17
-8e-05	4e-05	1.5945e-16
-8e-05	4.4e-05	3.3597e-16
-8e-05	4.8e-05	4.12266e-16
-8e-05	5.2e-05	2.06692e-16
-8e-05	5.6e-05	-3.80212e-16
-8e-05	6e-05	-3.77418e-15
-8e-05	6.4e-05	-2.66702e-16
-8e-05	6.8e-05	1.72859e-16
-8e-05	7.2e-05	3.54621e-16
-8e-05	7.6e-05	2.35793e-15
-7.6e-05	-8e-05	-6.17219e-16
-7.6e-05	-7.6e-05	-4.9526e-15
-7.6e-05	-7.2e-05	-4.89058e-16
-7.6e-05	-6.8e-05	-1.30292e-15
-7.6e-05	-6.4e-05	-7.19398e-16
-7.6e-05	-6e-05	-3.53635e-16
-7.6e-05	-5.6e-05	5.39906e-19
-7.6e-05	-5.2e-05	-5.86626e-16
-7.6e-05	-4.8e-05	-8.39172e-16
-7.6e-05	-4.4e-05	5.2203e-15
-7.6e-05	-4e-05	1.96483e-16
-7.6e-05	-3.6e-05	-6.6267e-16
-7.6e-05	-3.2e-05	9.25382e-16
-7.6e-05	-2.8e-05	-7.19456e-16
-7.6e-05	-2.4e-05	-3.99181e-16
-7.6e-05	-2e-05	-1.86322e-15
-7.6e-05	-1.6e-05	-3.97433e-17
-7.6e-05	-1.2e-05	7.4227e-16
-7.6e-05	-8e-06	1.32255e-16
-7.6e-05	-4e-06	-2.04942e-15
-7.6e-05	0	-1.45308e-16
-7.6e-05	4e-06	-4.51482e-16
-7.6e-05	8e-06	2.6587e-16
-7.6e-05	1.2e-05	1.57257e-16
-7.6e-05	1.6e-05	5.68554e-16
-7.6e-05	2e-05	-7.46932e-16
-7.6e-05	2.4e-05	-6.87178e-16
-7.6e-05	2.8e-05	-6.97462e-16
-7.6e-05	3.2e-05	-1.06812e-15
-7.6e-05	3.6e-05	-1.91116e-16
-7.6e-05	4e-05	9.80202e-16
-7.6e-05	4.4e-05	1.46001e-16
-7.6e-05	4.8e-05	-2.30196e-16
-7.6e-05	5.2e-05	3.58287e-17
-7.6e-05	5.6e-05	-9.55658e-16
-7.6e-05	6e-05	2.64277e-17
-7.6e-05	6.4e-05	-1.44895e-15
-7.6e-05	6.8e-05	-5.04986e-16
-7.6e-05	7.2e-05	8.98777e-18
-7.6e-05	7.6e-05	-2.78503e-16
-7.2e-05	-8e-05	2.87769e-15
-7.2e-05	-7.6e-05	-6.62088e-16
-7.2e-05	-7.2e-05	4.89508e-16
-7.2e-05	-6.8e-05	-1.12494e-15
-7.2e-05	-6.4e-05	-1.78047e-16
-7.2e-05	-6e-05	-3.81063e-17
-7.2e-05	-5.6e-05	5.90974e-16
-7.2e-05	-5.2e-05	-3.60394e-18
-7.2e-05	-4.8e-05	2.00367e-16
-7.2e-05	-4.4e-05	1.14753e-15
-7.2e-05	-4e-05	-1.50329e-15
-7.2e-05	-3.6e-05	-1.91873e-16
-7.2e-05	-3.2e-05	9.3451e-16
-7.2e-05	-2.8e-05	-9.11312e-16
-7.2e-05	-2.4e-05	-1.8397e-15
-7.2e-05	-2e-05	-4.36346e-17
-7.2e-05	-1.6e-05	-1.41398e-15
-7.2e-05	-1.2e-05	1.12569e-15
-7.2e-05	-8e-06	-6.78253e-16
-7.2e-05	-4e-06	7.16899e-15
-7.2e-05	0	1.44427e-15
-7.2e-05	4e-06	-1.77814e-15
-7.2e-05	8e-06	8.73306e-17
-7.2e-05	1.2e-05	-1.01991e-15
-7.2e-05	1.6e-05	2.65552e-16
-7.2e-05	2e-05	8.22487e-17
-7.2e-05	2.4e-05	1.45245e-16
-7.2e-05	2.8e-05	9.34781e-17
-7.2e-05	3.2e-05	1.90401e-16
-7.2e-05	3.6e-05	1.21597e-16
-7.2e-05	4e-05	4.8128e-17
-7.2e-05	4.4e-05	-6.46203e-17
-7.2e-05	4.8e-05	-2.62809e-16
-7.2e-05	5.2e-05	9.91329e-17
-7.2e-05	5.6e-05	1.32343e-17
-7.2e-05	6e-05	3.32473e-16
-7.2e-05	6.4e-05	-1.19529e-17
-7.2e-05	6.8e-05	-6.00381e-17
-7.2e-05	7.2e-05	-4.45401e-17
-7.2e-05	7.6e-05	-1.59353e-17
-6.8e-05	-8e-05	-4.70814e-16
-6.8e-05	-7.6e-05	-1.01852e-16
-6.8e-05	-7.2e-05	-3.74519e-16
-6.8e-05	-6.8e-05	-5.30021e-16
-6.8e-05	-6.4e-05	7.52093e-16
-6.8e-05	-6e-05	7.49658e-16
-6.8e-05	-5.6e-05	-2.25008e-16
-6.8e-05	-5.2e-05	1.81483e-16
-6.8e-05	-4.8e-05	-2.25019e-16
-6.8e-05	-4.4e-05	-6.20756e-17
-6.8e-05	-4e-05	6.17889e-17
-6.8e-05	-3.6e-05	1.68653e-16
-6.8e-05	-3.2e-05	1.14043e-16
-6.8e-05	-2.8e-05	3.89624e-17
-6.8e-05	-2.4e-05	-1.37547e-18
-6.8e-05	-2e-05	7.9132e-17
-6.8e-05	-1.6e-05	4.86228e-17
-6.8e-05	-1.2e-05	4.0847e-17
-6.8e-05	-8e-06	3.63527e-17
-6.8e-05	-4e-06	4.51359e-17
-6.8e-05	0	-1.358e-18
-6.8e-05	4e-06	-5.96301e-17
-6.8e-05	8e-06	2.57207e-17
-6.8e-05	1.2e-05	1.22467e-16
-6.8e-05	1.6e-05	-4.02099e-17
-6.8e-05	2e-05	1.72099e-17
-6.8e-05	2.4e-05	-2.34003e-17
-6.8e-05	2.8e-05	2.88398e-18
-6.8e-05	3.2e-05	3.81138e-17
-6.8e-05	3.6e-05	6.38911e-17
-6.8e-05	4e-05	2.78775e-16
-6.8e-05	4.4e-05	1.82525e-16
-6.8e-05	4.8e-05	-3.73729e-16
-6.8e-05	5.2e-05	-5.17865e-16
-6.8e-05	5.6e-05	-3.70228e-17
-6.8e-05	6e-05	1.2554e-16
-6.8e-05	6.4e-05	5.55381e-16
-6.8e-05	6.8e-05	3.41862e-16
-6.8e-05	7.2e-05	2.35835e-16
-6.8e-05	7.6e-05	3.12662e-16
-6.4e-05	-8e-05	4.39219e-17
-6.4e-05	-7.6e-05	2.4138e-16
-6.4e-05	-7.2e-05	8.45561e-17
-6.4e-05	-6.8e-05	8.83507e-16
-6.4e-05	-6.4e-05	9.47696e-16
-6.4e-05	-6e-05	1.0923e-16
-6.4e-05	-5.6e-05	5.06678e-17
-6.4e-05	-5.2e-05	-7.74654e-16
-6.4e-05	-4.8e-05	7.81795e-17
-6.4e-05	-4.4e-05	4.94348e-16
-6.4e-05	-4e-05	2.83182e-16
-6.4e-05	-3.6e-05	1.16274e-16
-6.4e-05	-3.2e-05	3.16747e-18
-6.4e-05	-2.8e-05	-1.51466e-16
-6.4e-05	-2.4e-05	7.08702e-19
-6.4e-05	-2e-05	2.45895e-17
-6.4e-05	-1.6e-05	-3.4113e-17
-6.4e-05	-1.2e-05	1.7098e-16
-6.4e-05	-8e-06	3.62407e-17
-6.4e-05	-4e-06	-1.75704e-16
-6.4e-05	0	7.269e-17
-6.4e-05	4e-06	8.13813e-17
-6.4e-05	8e-06	-1.41083e-16
-6.4e-05	1.2e-05	6.76416e-17
-6.4e-05	1.6e-05	-2.44217e-17
-6.4e-05	2e-05	1.4426e-16
-6.4e-05	2.4e-05	1.31344e-16
-6.4e-05	2.8e-05	-3.82579e-17
-6.4e-05	3.2e-05	1.73967e-16
-6.4e-05	3.6e-05	-3.7042e-17
-6.4e-05	4e-05	2.74725e-16
-6.4e-05	4.4e-05	4.51852e-16
-6.4e-05	4.8e-05	4.13459e-16
-6.4e-05	5.2e-05	-2.72803e-16
-6.4e-05	5.6e-05	-5.74506e-16
-6.4e-05	6e-05	6.6094e-17
-6.4e-05	6.4e-05	-1.52533e-16
-6.4e-05	6.8e-05	4.45002e-16
-6.4e-05	7.2e-05	3.21909e-16
-6.4e-05	7.6e-05	5.5818e-16
-6e-05	-8e-05	5.66413e-16
-6e-05	-7.6e-05	5.08466e-16
-6e-05	-7.2e-05	5.16856e-16
-6e-05	-6.8e-05	7.12454e-16
-6e-05	-6.4e-05	-2.06976e-16
-6e-05	-6e-05	1.12514e-16
-6e-05	-5.6e-05	-1.26448e-15
-6e-05	-5.2e-05	9.62606e-17
-6e-05	-4.8e-05	7.14284e-16
-6e-05	-4.4e-05	-5.3366e-17
-6e-05	-4e-05	1.76423e-17
-6e-05	-3.6e-05	1.38523e-16
-6e-05	-3.2e-05	2.42905e-17
-6e-05	-2.8e-05	-6.07326e-17
-6e-05	-2.4e-05	8.27753e-18
-6e-05	-2e-05	1.86858e-16
-6e-05	-1.6e-05	-2.17798e-19
-6e-05	-1.2e-05	8.42373e-17
-6e-05	-8e-06	-1.85189e-16
-6e-05	-4e-06	-1.66448e-17
-6e-05	0	2.15636e-17
-6e-05	4e-06	2.96122e-17
-6e-05	8e-06	-5.1345e-17
-6e-05	1.2e-05	1.99425e-17
-6e-05	1.6e-05	6.87644e-17
-6e-05	2e-05	-2.09364e-16
-6e-05	2.4e-05	2.34631e-16
-6e-05	2.8e-05	-5.2422e-17
-6e-05	3.2e-05	9.34606e-17
-6e-05	3.6e-05	1.68011e-16
-6e-05	4e-05	-6.95067e-18
-6e-05	4.4e-05	-4.92724e-17
-6e-05	4.8e-05	2.75332e-16
-6e-05	5.2e-05	5.57275e-16
-6e-05	5.6e-05	-8.93533e-17
-6e-05	6e-05	-5.08363e-16
-6e-05	6.4e-05	1.11418e-16
-6e-05	6.8e-05	-4.84525e-16
-6e-05	7.2e-05	2.32592e-16
-6e-05	7.6e-05	-3.78878e-16
-5.6e-05	-8e-05	4.01986e-16
-5.6e-05	-7.6e-05	-4.58276e-16
-5.6e-05	-7.2e-05	2.97065e-16
-5.6e-05	-6.8e-05	-8.40396e-16
-5.6e-05	-6.4e-05	1.44013e-16
-5.6e-05	-6e-05	-1.09913e-15
-5.6e-05	-5.6e-05	1.14777e-16
-5.6e-05	-5.2e-05	7.22813e-16
-5.6e-05	-4.8e-05	-1.3194e-16
-5.6e-05	-4.4e-05	6.62554e-17
-5.6e-05	-4e-05	4.28606e-16
-5.6e-05	-3.6e-05	2.44846e-16
-5.6e-05	-3.2e-05	-1.32249e-16
-5.6e-05	-2.8e-05	-2.52608e-16
-5.6e-05	-2.4e-05	7.63233e-17
-5.6e-05	-2e-05	-4.80903e-17
-5.6e-05	-1.6e-05	-1.97458e-18
-5.6e-05	-1.2e-05	1.77421e-16
-5.6e-05	-8e-06	-6.25547e-18
-5.6e-05	-4e-06	-1.66411e-16
-5.6e-05	0	4.34228e-17
-5.6e-05	4e-06	7.99694e-17
-5.6e-05	8e-06	-2.02587e-16
-5.6e-05	1.2e-05	-8.30768e-17
-5.6e-05	1.6e-05	3.08318e-17
-5.6e-05	2e-05	2.52861e-17
-5.6e-05	2.4e-05	1.22487e-16
-5.6e-05	2.8e-05	1.43882e-16
-5.6e-05	3.2e-05	-5.11164e-16
-5.6e-05	3.6e-05	-2.36861e-17
-5.6e-05	4e-05	2.88814e-16
-5.6e-05	4.4e-05	-1.56154e-17
-5.6e-05	4.8e-05	2.31548e-16
-5.6e-05	5.2e-05	6.04046e-17
-5.6e-05	5.6e-05	3.6364e-16
-5.6e-05	6e-05	2.8801e-17
-5.6e-05	6.4e-05	-1.65802e-16
-5.6e-05	6.8e-05	1.59813e-16
-5.6e-05	7.2e-05	-5.13944e-16
-5.6e-05	7.6e-05	2.81933e-16
-5.2e-05	-8e-05	-9.16352e-16
-5.2e-05	-7.6e-05	1.25621e-16
-5.2e-05	-7.2e-05	-7.96398e-16
-5.2e-05	-6.8e-05	3.10885e-16
-5.2e-05	-6.4e-05	-3.98552e-16
-5.2e-05	-6e-05	8.69477e-17
-5.2e-05	-5.6e-05	6.85913e-16
-5.2e-05	-5.2e-05	-5.00707e-17
-5.2e-05	-4.8e-05	1.86618e-16
-5.2e-05	-4.4e-05	2.67623e-16
-5.2e-05	-4e-05	2.11629e-16
-5.2e-05	-3.6e-05	-1.55603e-16
-5.2e-05	-3.2e-05	-4.35887e-16
-5.2e-05	-2.8e-05	-3.00077e-17
-5.2e-05	-2.4e-05	3.0337e-16
-5.2e-05	-2e-05	-3.43605e-17
-5.2e-05	-1.6e-05	3.51732e-16
-5.2e-05	-1.2e-05	-7.88517e-17
-5.2e-05	-8e-06	-2.87057e-16
-5.2e-05	-4e-06	-1.9786e-16
-5.2e-05	0	2.34455e-16
-5.2e-05	4e-06	-1.65735e-16
-5.2e-05	8e-06	-4.62531e-17
-5.2e-05	1.2e-05	-1.50192e-16
-5.2e-05	1.6e-05	-5.16967e-17
-5.2e-05	2e-05	7.01703e-17
-5.2e-05	2.4e-05	-1.25577e-17
-5.2e-05	2.8e-05	2.88371e-16
-5.2e-05	3.2e-05	7.38988e-17
-5.2e-05	3.6e-05	-3.93917e-16
-5.2e-05	4e-05	1.62444e-16
-5.2e-05	4.4e-05	2.67562e-16
-5.2e-05	4.8e-05	-9.97485e-18
-5.2e-05	5.2e-05	2.72059e-16
-5.2e-05	5.6e-05	6.09007e-17
-5.2e-05	6e-05	1.84937e-16
-5.2e-05	6.4e-05	-1.66216e-17
-5.2e-05	6.8e-05	4.33313e-16
-5.2e-05	7.2e-05	1.75074e-17
-5.2e-05	7.6e-05	-6.18993e-17
-4.8e-05	-8e-05	1.48426e-16
-4.8e-05	-7.6e-05	-9.89238e-17
-4.8e-05	-7.2e-05	-3.57418e-17
-4.8e-05	-6.8e-05	2.08183e-16
-4.8e-05	-6.4e-05	-2.67527e-18
-4.8e-05	-6e-05	5.77894e-16
-4.8e-05	-5.6e-05	-1.25499e-16
-4.8e-05	-5.2e-05	2.69069e-16
-4.8e-05	-4.8e-05	1.75551e-16
-4.8e-05	-4.4e-05	2.15526e-16
-4.8e-05	-4e-05	8.5489e-17
-4.8e-05	-3.6e-05	-2.27311e-16
-4.8e-05	-3.2e-05	-2.23874e-18
-4.8e-05	-2.8e-05	9.43758e-17
-4.8e-05	-2.4e-05	-8.22211e-17
-4.8e-05	-2e-05	1.30885e-16
-4.8e-05	-1.6e-05	-5.71471e-17
-4.8e-05	-1.2e-05	7.0148e-17
-4.8e-05	-8e-06	-9.08032e-18
-4.8e-05	-4e-06	-4.51976e-17
-4.8e-05	0	-2.76188e-18
-4.8e-05	4e-06	-5.89921e-17
-4.8e-05	8e-06	-1.70113e-16
-4.8e-05	1.2e-05	-4.23783e-17
-4.8e-05	1.6e-05	-1.11309e-16
-4.8e-05	2e-05	1.25222e-16
-4.8e-05	2.4e-05	2.28745e-16
-4.8e-05	2.8e-05	-1.43436e-16
-4.8e-05	3.2e-05	2.28967e-16
-4.8e-05	3.6e-05	2.07823e-17
-4.8e-05	4e-05	-1.63568e-16
-4.8e-05	4.4e-05	1.17068e-16
-4.8e-05	4.8e-05	2.13608e-16
-4.8e-05	5.2e-05	2.29321e-16
-4.8e-05	5.6e-05	-4.14516e-17
-4.8e-05	6e-05	4.06584e-17
-4.8e-05	6.4e-05	2.8908e-16
-4.8e-05	6.8e-05	-2.42073e-17
-4.8e-05	7.2e-05	5.04604e-16
-4.8e-05	7.6e-05	-1.82905e-16
-4.4e-05	-8e-05	2.79657e-16
-4.4e-05	-7.6e-05	-1.37982e-16
-4.4e-05	-7.2e-05	4.52128e-16
-4.4e-05	-6.8e-05	-5.20888e-17
-4.4e-05	-6.4e-05	4.71011e-16
-4.4e-05	-6e-05	3.14913e-17
-4.4e-05	-5.6e-05	1.75154e-16
-4.4e-05	-5.2e-05	4.68719e-16
-4.4e-05	-4.8e-05	1.14534e-16
-4.4e-05	-4.4e-05	1.36869e-16
-4.4e-05	-4e-05	-1.11544e-16
-4.4e-05	-3.6e-05	-2.80622e-16
-4.4e-05	-3.2e-05	-1.08449e-16
-4.4e-05	-2.8e-05	-1.44778e-16
-4.4e-05	-2.4e-05	3.50101e-16
-4.4e-05	-2e-05	-1.55206e-16
-4.4e-05	-1.6e-05	3.46992e-16
-4.4e-05	-1.2e-05	1.48484e-18
-4.4e-05	-8e-06	-3.64897e-16
-4.4e-05	-4e-06	-2.32473e-16
-4.4e-05	0	1.23072e-16
-4.4e-05	4e-06	-1.14404e-16
-4.4e-05	8e-06	-7.30663e-17
-4.4e-05	1.2e-05	-1.94828e-16
-4.4e-05	1.6e-05	1.03425e-16
-4.4e-05	2e-05	1.42083e-16
-4.4e-05	2.4e-05	-6.69719e-18
-4.4e-05	2.8e-05	8.05896e-17
-4.4e-05	3.2e-05	-8.85103e-17
-4.4e-05	3.6e-05	1.78585e-16
-4.4e-05	4e-05	1.75555e-16
-4.4e-05	4.4e-05	-1.05604e-16
-4.4e-05	4.8e-05	-3.67179e-16
-4.4e-05	5.2e-05	1.2923e-16
-4.4e-05	5.6e-05	2.67726e-16
-4.4e-05	6e-05	7.07617e-19
-4.4e-05	6.4e-05	2.5359e-16
-4.4e-05	6.8e-05	2.6398e-16
-4.4e-05	7.2e-05	2.61251e-16
-4.4e-05	7.6e-05	1.37366e-16
-4e-05	-8e-05	2.75003e-16
-4e-05	-7.6e-05	1.79279e-16
-4e-05	-7.2e-05	3.90546e-16
-4e-05	-6.8e-05	2.11504e-16
-4e-05	-6.4e-05	3.96959e-16
-4e-05	-6e-05	5.34647e-17
-4e-05	-5.6e-05	3.87171e-16
-4e-05	-5.2e-05	1.50162e-16
-4e-05	-4.8e-05	-1.91666e-16
-4e-05	-4.4e-05	-1.05885e-17
-4e-05	-4e-05	-3.44445e-16
-4e-05	-3.6e-05	-1.8522e-16
-4e-05	-3.2e-05	-3.15141e-17
-4e-05	-2.8e-05	3.92566e-16
-4e-05	-2.4e-05	-1.42583e-16
-4e-05	-2e-05	1.37953e-16
-4e-05	-1.6e-05	-4.78674e-17
-4e-05	-1.2e-05	-6.73378e-16
-4e-05	-8e-06	1.25703e-16
-4e-05	-4e-06	9.72884e-17
-4e-05	0	-2.58299e-16
-4e-05	4e-06	-1.53798e-16
-4e-05	8e-06	-3.43894e-16
-4e-05	1.2e-05	1.48194e-16
-4e-05	1.6e-05	-2.88529e-16
-4e-05	2e-05	8.21564e-17
-4e-05	2.4e-05	3.34028e-16
-4e-05	2.8e-05	2.57855e-17
-4e-05	3.2e-05	1.00495e-16
-4e-05	3.6e-05	-9.49828e-17
-4e-05	4e-05	-7.35565e-17
-4e-05	4.4e-05	1.18799e-17
-4e-05	4.8e-05	-2.87378e-17
-4e-05	5.2e-05	-2.38405e-16
-4e-05	5.6e-05	1.10465e-16
-4e-05	6e-05	5.47981e-17
-4e-05	6.4e-05	9.45932e-17
-4e-05	6.8e-05	1.37352e-16
-4e-05	7.2e-05	3.18672e-16
-4e-05	7.6e-05	2.40685e-16
-3.6e-05	-8e-05	2.27532e-16
-3.6e-05	-7.6e-05	1.96053e-16
-3.6e-05	-7.2e-05	2.65382e-16
-3.6e-05	-6.8e-05	1.89404e-16
-3.6e-05	-6.4e-05	2.20513e-16
-3.6e-05	-6e-05	-2.27442e-18
-3.6e-05	-5.6e-05	7.49988e-17
-3.6e-05	-5.2e-05	-2.20969e-16
-3.6e-05	-4.8e-05	-1.9235e-16
-3.6e-05	-4.4e-05	-2.05508e-16
-3.6e-05	-4e-05	-1.4163e-16
-3.6e-05	-3.6e-05	1.46939e-16
-3.6e-05	-3.2e-05	3.15125e-16
-3.6e-05	-2.8e-05	-1.62459e-16
-3.6e-05	-2.4e-05	-1.20541e-18
-3.6e-05	-2e-05	3.39918e-17
-3.6e-05	-1.6e-05	-1.19748e-15
-3.6e-05	-1.2e-05	-2.748e-14
-3.6e-05	-8e-06	2.57359e-14
-3.6e-05	-4e-06	-4.80665e-15
-3.6e-05	0	-1.22533e-14
-3.6e-05	4e-06	1.90188e-14
-3.6e-05	8e-06	-1.69476e-14
-3.6e-05	1.2e-05	-1.24278e-15
-3.6e-05	1.6e-05	2.92294e-16
-3.6e-05	2e-05	1.41285e-16
-3.6e-05	2.4e-05	-4.46837e-17
-3.6e-05	2.8e-05	-2.12024e-16
-3.6e-05	3.2e-05	-6.43309e-17
-3.6e-05	3.6e-05	3.38827e-16
-3.6e-05	4e-05	1.29641e-16
-3.6e-05	4.4e-05	-3.81814e-17
-3.6e-05	4.8e-05	-1.68088e-16
-3.6e-05	5.2e-05	-2.33048e-16
-3.6e-05	5.6e-05	1.01666e-16
-3.6e-05	6e-05	-1.99677e-16
-3.6e-05	6.4e-05	-4.68742e-17
-3.6e-05	6.8e-05	-1.83264e-16
-3.6e-05	7.2e-05	5.77539e-17
-3.6e-05	7.6e-05	-1.14392e-16
-3.2e-05	-8e-05	1.06438e-16
-3.2e-05	-7.6e-05	-2.13269e-17
-3.2e-05	-7.2e-05	-9.84111e-17
-3.2e-05	-6.8e-05	-1.84545e-16
-3.2e-05	-6.4e-05	-2.4766e-16
-3.2e-05	-6e-05	-2.72287e-16
-3.2e-05	-5.6e-05	-6.63413e-17
-3.2e-05	-5.2e-05	-2.58738e-16
-3.2e-05	-4.8e-05	2.6312e-18
-3.2e-05	-4.4e-05	-1.67592e-16
-3.2e-05	-4e-05	-4.4817e-17
-3.2e-05	-3.6e-05	4.50695e-16
-3.2e-05	-3.2e-05	-2.73041e-16
-3.2e-05	-2.8e-05	2.52115e-16
-3.2e-05	-2.4e-05	-2.3762e-17
-3.2e-05	-2e-05	-3.905e-15
-3.2e-05	-1.6e-05	-1.70131e-13
-3.2e-05	-1.2e-05	-4.12933e-12
-3.2e-05	-8e-06	3.8598e-12
-3.2e-05	-4e-06	-7.41062e-13
-3.2e-05	0	-1.78838e-12
-3.2e-05	4e-06	2.84563e-12
-3.2e-05	8e-06	-2.48712e-12
-3.2e-05	1.2e-05	-1.029e-13
-3.2e-05	1.6e-05	-2.7925e-15
-3.2e-05	2e-05	-2.74648e-18
-3.2e-05	2.4e-05	-2.95709e-18
-3.2e-05	2.8e-05	-6.64378e-17
-3.2e-05	3.2e-05	1.35635e-17
-3.2e-05	3.6e-05	-7.82877e-17
-3.2e-05	4e-05	4.22364e-16
-3.2e-05	4.4e-05	-1.54019e-16
-3.2e-05	4.8e-05	2.49953e-16
-3.2e-05	5.2e-05	-6.02964e-17
-3.2e-05	5.6e-05	3.63933e-17
-3.2e-05	6e-05	-6.09556e-17
-3.2e-05	6.4e-05	-2.22053e-16
-3.2e-05	6.8e-05	-6.85346e-17
-3.2e-05	7.2e-05	-3.21475e-16
-3.2e-05	7.6e-05	-1.11861e-16
-2.8e-05	-8e-05	-2.66313e-16
-2.8e-05	-7.6e-05	-2.7718e-17
-2.8e-05	-7.2e-05	-3.90254e-16
-2.8e-05	-6.8e-05	-1.49058e-16
-2.8e-05	-6.4e-05	-2.49248e-16
-2.8e-05	-6e-05	-1.2505e-16
-2.8e-05	-5.6e-05	3.56274e-17
-2.8e-05	-5.2e-05	-1.13586e-16
-2.8e-05	-4.8e-05	2.99042e-16
-2.8e-05	-4.4e-05	-1.38923e-16
-2.8e-05	-4e-05	5.04322e-16
-2.8e-05	-3.6e-05	-2.75992e-16
-2.8e-05	-3.2e-05	1.55965e-16
-2.8e-05	-2.8e-05	-1.81178e-17
-2.8e-05	-2.4e-05	-6.8652e-15
-2.8e-05	-2e-05	-4.28689e-13
-2.8e-05	-1.6e-05	-2.10428e-11
-2.8e-05	-1.2e-05	-6.14759e-10
-2.8e-05	-8e-06	5.76146e-10
-2.8e-05	-4e-06	-1.11798e-10
-2.8e-05	0	-2.6675e-10
-2.8e-05	4e-06	4.25451e-10
-2.8e-05	8e-06	-3.70868e-10
-2.8e-05	1.2e-05	-1.27335e-11
-2.8e-05	1.6e-05	-2.60019e-13
-2.8e-05	2e-05	-4.21065e-15
-2.8e-05	2.4e-05	-1.10019e-16
-2.8e-05	2.8e-05	-8.06371e-17
-2.8e-05	3.2e-05	1.36007e-16
-2.8e-05	3.6e-05	1.05944e-16
-2.8e-05	4e-05	-1.73048e-16
-2.8e-05	4.4e-05	1.90493e-16
-2.8e-05	4.8e-05	-1.59526e-17
-2.8e-05	5.2e-05	1.95208e-16
-2.8e-05	5.6e-05	3.68997e-17
-2.8e-05	6e-05	3.54319e-16
-2.8e-05	6.4e-05	-1.27992e-17
-2.8e-05	6.8e-05	1.13641e-17
-2.8e-05	7.2e-05	-1.21738e-16
-2.8e-05	7.6e-05	-4.17384e-18
-2.4e-05	-8e-05	6.47792e-17
-2.4e-05	-7.6e-05	1.36021e-16
-2.4e-05	-7.2e-05	-6.26875e-17
-2.4e-05	-6.8e-05	-3.12427e-17
-2.4e-05	-6.4e-05	-1.39387e-16
-2.4e-05	-6e-05	2.03918e-16
-2.4e-05	-5.6e-05	2.87051e-17
-2.4e-05	-5.2e-05	2.69124e-16
-2.4e-05	-4.8e-05	5.669e-17
-2.4e-05	-4.4e-05	2.07816e-16
-2.4e-05	-4e-05	-2.55845e-16
-2.4e-05	-3.6e-05	1.91722e-17
-2.4e-05	-3.2e-05	-2.72543e-17
-2.4e-05	-2.8e-05	-6.71997e-15
-2.4e-05	-2.4e-05	-5.73968e-13
-2.4e-05	-2e-05	-4.23695e-11
-2.4e-05	-1.6e-05	-2.49908e-09
-2.4e-05	-1.2e-05	-9.15401e-08
-2.4e-05	-8e-06	8.59967e-08
-2.4e-05	-4e-06	-1.68556e-08
-2.4e-05	0	-3.97928e-08
-2.4e-05	4e-06	6.36049e-08
-2.4e-05	8e-06	-5.53017e-08
-2.4e-05	1.2e-05	-1.51348e-09
-2.4e-05	1.6e-05	-2.5686e-11
-2.4e-05	2e-05	-3.48534e-13
-2.4e-05	2.4e-05	-4.57087e-15
-2.4e-05	2.8e-05	-1.38561e-16
-2.4e-05	3.2e-05	-5.66098e-17
-2.4e-05	3.6e-05	5.64685e-17
-2.4e-05	4e-05	2.8116e-16
-2.4e-05	4.4e-05	-2.99816e-16
-2.4e-05	4.8e-05	1.77647e-16
-2.4e-05	5.2e-05	2.37345e-17
-2.4e-05	5.6e-05	6.57295e-17
-2.4e-05	6e-05	-1.25716e-17
-2.4e-05	6.4e-05	7.20779e-17
-2.4e-05	6.8e-05	1.68799e-18
-2.4e-05	7.2e-05	-1.7111e-16
-2.4e-05	7.6e-05	-4.76491e-17
-2e-05	-8e-05	1.03886e-16
-2e-05	-7.6e-05	2.49057e-16
-2e-05	-7.2e-05	-1.47306e-16
-2e-05	-6.8e-05	-6.91578e-17
-2e-05	-6.4e-05	-1.61604e-16
-2e-05	-6e-05	-1.25964e-16
-2e-05	-5.6e-05	2.07526e-16
-2e-05	-5.2e-05	-1.21983e-16
-2e-05	-4.8e-05	2.80559e-16
-2e-05	-4.4e-05	-2.31096e-16
-2e-05	-4e-05	2.86964e-16
-2e-05	-3.6e-05	-2.09505e-16
-2e-05	-3.2e-05	-3.80191e-15
-2e-05	-2.8e-05	-4.31783e-13
-2e-05	-2.4e-05	-4.25366e-11
-2e-05	-2e-05	-3.7709e-09
-2e-05	-1.6e-05	-2.78279e-07
-2e-05	-1.2e-05	-1.36315e-05
-2e-05	-8e-06	1.2836e-05
-2e-05	-4e-06	-2.54086e-06
-2e-05	0	-5.93613e-06
-2e-05	4e-06	9.50869e-06
-2e-05	8e-06	-8.24681e-06
-2e-05	1.2e-05	-1.68667e-07
-2e-05	1.6e-05	-2.28774e-09
-2e-05	2e-05	-2.58248e-11
-2e-05	2.4e-05	-2.62439e-13
-2e-05	2.8e-05	-2.57143e-15
-2e-05	3.2e-05	2.80076e-16
-2e-05	3.6e-05	6.19621e-17
-2e-05	4e-05	-3.19138e-16
-2e-05	4.4e-05	1.95375e-16
-2e-05	4.8e-05	9.63699e-17
-2e-05	5.2e-05	2.59499e-16
-2e-05	5.6e-05	-1.44948e-16
-2e-05	6e-05	5.44586e-16
-2e-05	6.4e-05	-1.30549e-17
-2e-05	6.8e-05	1.93513e-16
-2e-05	7.2e-05	-2.21069e-16
-2e-05	7.6e-05	2.99688e-16
-1.6e-05	-8e-05	-1.69305e-16
-1.6e-05	-7.6e-05	4.57387e-16
-1.6e-05	-7.2e-05	-1.74488e-16
-1.6e-05	-6.8e-05	2.61137e-16
-1.6e-05	-6.4e-05	-9.25327e-17
-1.6e-05	-6e-05	3.83587e-16
-1.6e-05	-5.6e-05	-1.005e-16
-1.6e-05	-5.2e-05	6.00437e-16
-1.6e-05	-4.8e-05	-4.61689e-17
-1.6e-05	-4.4e-05	2.9195e-16
-1.6e-05	-4e-05	-2.09976e-16
-1.6e-05	-3.6e-05	-1.46332e-15
-1.6e-05	-3.2e-05	-1.73344e-13
-1.6e-05	-2.8e-05	-2.13415e-11
-1.6e-05	-2.4e-05	-2.52381e-09
-1.6e-05	-2e-05	-2.79759e-07
-1.6e-05	-1.6e-05	-2.75497e-05
-1.6e-05	-1.2e-05	-0.00203004
-1.6e-05	-8e-06	0.00191592
-1.6e-05	-4e-06	-0.00038295
-1.6e-05	0	-0.000885522
-1.6e-05	4e-06	0.00142148
-1.6e-05	8e-06	-0.00122988
-1.6e-05	1.2e-05	-1.67134e-05
-1.6e-05	1.6e-05	-1.69885e-07
-1.6e-05	2e-05	-1.53394e-09
-1.6e-05	2.4e-05	-1.29817e-11
-1.6e-05	2.8e-05	-1.05617e-13
-1.6e-05	3.2e-05	-7.58291e-16
-1.6e-05	3.6e-05	-1.02657e-16
-1.6e-05	4e-05	-2.05644e-16
-1.6e-05	4.4e-05	-1.83911e-16
-1.6e-05	4.8e-05	-2.38499e-16
-1.6e-05	5.2e-05	5.98987e-17
-1.6e-05	5.6e-05	1.76055e-16
-1.6e-05	6e-05	1.75041e-16
-1.6e-05	6.4e-05	1.93183e-16
-1.6e-05	6.8e-05	-3.88359e-17
-1.6e-05	7.2e-05	9.51353e-17
-1.6e-05	7.6e-05	-5.83164e-17
-1.2e-05	-8e-05	5.09835e-16
-1.2e-05	-7.6e-05	1.86219e-16
-1.2e-05	-7.2e-05	3.1789e-16
-1.2e-05	-6.8e-05	-2.52872e-17
-1.2e-05	-6.4e-05	1.39756e-16
-1.2e-05	-6e-05	-8.3551e-18
-1.2e-05	-5.6e-05	1.19633e-16
-1.2e-05	-5.2e-05	-9.23261e-17
-1.2e-05	-4.8e-05	-2.51132e-16
-1.2e-05	-4.4e-05	1.07141e-16
-1.2e-05	-4e-05	-7.64834e-16
-1.2e-05	-3.6e-05	-2.91721e-14
-1.2e-05	-3.2e-05	-4.2923e-12
-1.2e-05	-2.8e-05	-6.34227e-10
-1.2e-05	-2.4e-05	-9.3722e-08
-1.2e-05	-2e-05	-1.38505e-05
-1.2e-05	-1.6e-05	-0.00204697
-1.2e-05	-1.2e-05	-0.302337
-1.2e-05	-8e-06	0.285971
-1.2e-05	-4e-06	-0.0577075
-1.2e-05	0	-0.132097
-1.2e-05	4e-06	0.212496
-1.2e-05	8e-06	-0.183428
-1.2e-05	1.2e-05	-0.0012435
-1.2e-05	1.6e-05	-8.42705e-06
-1.2e-05	2e-05	-5.7112e-08
-1.2e-05	2.4e-05	-3.87081e-10
-1.2e-05	2.8e-05	-2.62311e-12
-1.2e-05	3.2e-05	-1.77757e-14
-1.2e-05	3.6e-05	1.53907e-16
-1.2e-05	4e-05	-5.18691e-16
-1.2e-05	4.4e-05	-1.29064e-16
-1.2e-05	4.8e-05	1.30291e-16
-1.2e-05	5.2e-05	-3.59907e-16
-1.2e-05	5.6e-05	-1.62345e-16
-1.2e-05	6e-05	-1.35897e-16
-1.2e-05	6.4e-05	5.46972e-18
-1.2e-05	6.8e-05	-4.94705e-16
-1.2e-05	7.2e-05	-2.93976e-16
-1.2e-05	7.6e-05	-1.69986e-16
-8e-06	-8e-05	5.03814e-17
-8e-06	-7.6e-05	-2.22354e-16
-8e-06	-7.2e-05	-1.00645e-16
-8e-06	-6.8e-05	-3.98644e-16
-8e-06	-6.4e-05	-9.90597e-17
-8e-06	-6e-05	-4.36801e-16
-8e-06	-5.6e-05	-1.53941e-16
-8e-06	-5.2e-05	-3.8898e-16
-8e-06	-4.8e-05	-1.15994e-16
-8e-06	-4.4e-05	-1.34893e-16
-8e-06	-4e-05	-3.66536e-16
-8e-06	-3.6e-05	-5.27536e-15
-8e-06	-3.2e-05	-8.39988e-13
-8e-06	-2.8e-05	-1.22863e-10
-8e-06	-2.4e-05	-1.79747e-08
-8e-06	-2e-05	-2.62931e-06
-8e-06	-1.6e-05	-0.000384559
-8e-06	-1.2e-05	-0.0564064
-8e-06	-8e-06	0.121158
-8e-06	-4e-06	-0.105672
-8e-06	0	-0.0444408
-8e-06	4e-06	0.138018
-8e-06	8e-06	-0.0765791
-8e-06	1.2e-05	-0.000521219
-8e-06	1.6e-05	-3.54106e-06
-8e-06	2e-05	-2.4056e-08
-8e-06	2.4e-05	-1.63414e-10
-8e-06	2.8e-05	-1.1101e-12
-8e-06	3.2e-05	-7.59194e-15
-8e-06	3.6e-05	-2.78422e-16
-8e-06	4e-05	2.28199e-16
-8e-06	4.4e-05	-4.94513e-17
-8e-06	4.8e-05	2.02325e-17
-8e-06	5.2e-05	-2.74698e-16
-8e-06	5.6e-05	1.67125e-16
-8e-06	6e-05	1.23941e-16
-8e-06	6.4e-05	-9.12484e-17
-8e-06	6.8e-05	-2.10478e-16
-8e-06	7.2e-05	-1.48008e-16
-8e-06	7.6e-05	-1.73082e-16
-4e-06	-8e-05	-9.24272e-17
-4e-06	-7.6e-05	1.09696e-16
-4e-06	-7.2e-05	-1.30753e-16
-4e-06	-6.8e-05	-1.68389e-16
-4e-06	-6.4e-05	-3.64445e-17
-4e-06	-6e-05	-2.62392e-16
-4e-06	-5.6e-05	7.18746e-17
-4e-06	-5.2e-05	-2.69964e-16
-4e-06	-4.8e-05	3.03895e-16
-4e-06	-4.4e-05	-1.55842e-16
-4e-06	-4e-05	5.57466e-16
-4e-06	-3.6e-05	1.93701e-14
-4e-06	-3.2e-05	2.87786e-12
-4e-06	-2.8e-05	4.24989e-10
-4e-06	-2.4e-05	6.27642e-08
-4e-06	-2e-05	9.26927e-06
-4e-06	-1.6e-05	0.00136893
-4e-06	-1.2e-05	0.201991
-4e-06	-8e-06	-0.22429
-4e-06	-4e-06	0.0685556
-4e-06	0	0.136577
-4e-06	4e-06	-0.205845
-4e-06	8e-06	0.12027
-4e-06	1.2e-05	0.000817978
-4e-06	1.6e-05	5.56554e-06
-4e-06	2e-05	3.78663e-08
-4e-06	2.4e-05	2.57619e-10
-4e-06	2.8e-05	1.75267e-12
-4e-06	3.2e-05	1.17033e-14
-4e-06	3.6e-05	2.63779e-17
-4e-06	4e-05	-4.33587e-16
-4e-06	4.4e-05	7.62151e-19
-4e-06	4.8e-05	1.66714e-18
-4e-06	5.2e-05	1.38151e-16
-4e-06	5.6e-05	-1.24312e-16
-4e-06	6e-05	3.55478e-16
-4e-06	6.4e-05	-1.09961e-16
-4e-06	6.8e-05	-1.79184e-17
-4e-06	7.2e-05	2.79386e-17
-4e-06	7.6e-05	2.63782e-16
0	-8e-05	5.00549e-17
0	-7.6e-05	2.65148e-18
0	-7.2e-05	-9.64969e-17
0	-6.8e-05	2.53786e-16
0	-6.4e-05	-1.66341e-16
0	-6e-05	-2.61676e-17
0	-5.6e-05	-3.84648e-17
0	-5.2e-05	2.44265e-16
0	-4.8e-05	-2.00479e-16
0	-4.4e-05	1.27814e-16
0	-4e-05	-1.67746e-16
0	-3.6e-05	1.17042e-14
0	-3.2e-05	1.75221e-12
0	-2.8e-05	2.57619e-10
0	-2.4e-05	3.78663e-08
0	-2e-05	5.56554e-06
0	-1.6e-05	0.000817978
0	-1.2e-05	0.12027
0	-8e-06	-0.205845
0	-4e-06	0.136577
0	0	0.0685556
0	4e-06	-0.22429
0	8e-06	0.201991
0	1.2e-05	0.00136893
0	1.6e-05	9.26927e-06
0	2e-05	6.27642e-08
0	2.4e-05	4.2499e-10
0	2.8e-05	2.87751e-12
0	3.2e-05	1.95703e-14
0	3.6e-05	-3.75078e-16
0	4e-05	1.01889e-17
0	4.4e-05	1.86999e-17
0	4.8e-05	-8.36432e-17
0	5.2e-05	-4.38136e-16
0	5.6e-05	1.36074e-16
0	6e-05	-1.45955e-16
0	6.4e-05	-1.65044e-16
0	6.8e-05	-1.39936e-16
0	7.2e-05	2.49472e-16
0	7.6e-05	-2.02578e-16
4e-06	-8e-05	7.30924e-17
4e-06	-7.6e-05	-2.37324e-16
4e-06	-7.2e-05	3.44698e-17
4e-06	-6.8e-05	-4.08754e-16
4e-06	-6.4e-05	-2.68911e-17
4e-06	-6e-05	-3.1071e-16
4e-06	-5.6e-05	7.5309e-18
4e-06	-5.2e-05	-2.91701e-16
4e-06	-4.8e-05	-3.58284e-17
4e-06	-4.4e-05	-3.28641e-16
4e-06	-4e-05	-1.90682e-16
4e-06	-3.6e-05	-7.87054e-15
4e-06	-3.2e-05	-1.10988e-12
4e-06	-2.8e-05	-1.63414e-10
4e-06	-2.4e-05	-2.4056e-08
4e-06	-2e-05	-3.54106e-06
4e-06	-1.6e-05	-0.000521219
4e-06	-1.2e-05	-0.0765791
4e-06	-8e-06	0.138018
4e-06	-4e-06	-0.0444408
4e-06	0	-0.105672
4e-06	4e-06	0.121158
4e-06	8e-06	-0.0564064
4e-06	1.2e-05	-0.000384559
4e-06	1.6e-05	-2.62931e-06
4e-06	2e-05	-1.79747e-08
4e-06	2.4e-05	-1.22863e-10
4e-06	2.8e-05	-8.39635e-13
4e-06	3.2e-05	-5.97706e-15
4e-06	3.6e-05	1.85326e-16
4e-06	4e-05	7.87514e-18
4e-06	4.4e-05	-5.65034e-17
4e-06	4.8e-05	-2.38315e-16
4e-06	5.2e-05	-4.84772e-17
4e-06	5.6e-05	-8.54029e-17
4e-06	6e-05	-1.18595e-16
4e-06	6.4e-05	-2.62235e-16
4e-06	6.8e-05	1.29487e-17
4e-06	7.2e-05	-8.55857e-17
4e-06	7.6e-05	9.91668e-17
8e-06	-8e-05	-2.28599e-16
8e-06	-7.6e-05	-2.34181e-16
8e-06	-7.2e-05	-1.56889e-16
8e-06	-6.8e-05	2.49106e-16
8e-06	-6.4e-05	-1.32562e-16
8e-06	-6e-05	-2.44333e-16
8e-06	-5.6e-05	-5.12949e-17
8e-06	-5.2e-05	-7.50784e-17
8e-06	-4.8e-05	-2.37168e-16
8e-06	-4.4e-05	1.06443e-16
8e-06	-4e-05	-4.85073e-16
8e-06	-3.6e-05	-1.78806e-14
8e-06	-3.2e-05	-2.62371e-12
8e-06	-2.8e-05	-3.8708e-10
8e-06	-2.4e-05	-5.7112e-08
8e-06	-2e-05	-8.42705e-06
8e-06	-1.6e-05	-0.0012435
8e-06	-1.2e-05	-0.183428
8e-06	-8e-06	0.212496
8e-06	-4e-06	-0.132097
8e-06	0	-0.0577075
8e-06	4e-06	0.285971
8e-06	8e-06	-0.302337
8e-06	1.2e-05	-0.00204697
8e-06	1.6e-05	-1.38505e-05
8e-06	2e-05	-9.3722e-08
8e-06	2.4e-05	-6.34227e-10
8e-06	2.8e-05	-4.29229e-12
8e-06	3.2e-05	-2.86872e-14
8e-06	3.6e-05	-3.43115e-16
8e-06	4e-05	1.51357e-16
8e-06	4.4e-05	-1.91384e-16
8e-06	4.8e-05	6.92243e-17
8e-06	5.2e-05	-2.77291e-16
8e-06	5.6e-05	2.9498e-17
8e-06	6e-05	-2.08117e-16
8e-06	6.4e-05	-1.46044e-16
8e-06	6.8e-05	-1.61207e-16
8e-06	7.2e-05	1.58381e-16
8e-06	7.6e-05	-2.90208e-16
1.2e-05	-8e-05	-2.44024e-16
1.2e-05	-7.6e-05	-2.32168e-16
1.2e-05	-7.2e-05	-8.01059e-17
1.2e-05	-6.8e-05	-1.59413e-16
1.2e-05	-6.4e-05	7.5579e-17
1.2e-05	-6e-05	-3.16028e-16
1.2e-05	-5.6e-05	-1.13682e-16
1.2e-05	-5.2e-05	-3.07131e-16
1.2e-05	-4.8e-05	1.48052e-16
1.2e-05	-4.4e-05	-3.67775e-16
1.2e-05	-4e-05	3.74851e-16
1.2e-05	-3.6e-05	-1.20975e-15
1.2e-05	-3.2e-05	-1.05332e-13
1.2e-05	-2.8e-05	-1.29816e-11
1.2e-05	-2.4e-05	-1.53394e-09
1.2e-05	-2e-05	-1.69885e-07
1.2e-05	-1.6e-05	-1.67134e-05
1.2e-05	-1.2e-05	-0.00122988
1.2e-05	-8e-06	0.00142148
1.2e-05	-4e-06	-0.000885522
1.2e-05	0	-0.00038295
1.2e-05	4e-06	0.00191592
1.2e-05	8e-06	-0.00203004
1.2e-05	1.2e-05	-2.75497e-05
1.2e-05	1.6e-05	-2.79759e-07
1.2e-05	2e-05	-2.52382e-09
1.2e-05	2.4e-05	-2.1341e-11
1.2e-05	2.8e-05	-1.73111e-13
1.2e-05	3.2e-05	-1.22444e-15
1.2e-05	3.6e-05	6.66597e-17
1.2e-05	4e-05	1.28171e-16
1.2e-05	4.4e-05	2.56901e-16
1.2e-05	4.8e-05	-2.45547e-16
1.2e-05	5.2e-05	2.74649e-16
1.2e-05	5.6e-05	-1.86073e-16
1.2e-05	6e-05	4.43392e-17
1.2e-05	6.4e-05	-3.27053e-16
1.2e-05	6.8e-05	4.86975e-16
1.2e-05	7.2e-05	-2.07918e-16
1.2e-05	7.6e-05	1.38961e-16
1.6e-05	-8e-05	-4.36674e-16
1.6e-05	-7.6e-05	2.29682e-16
1.6e-05	-7.2e-05	-3.2063e-16
1.6e-05	-6.8e-05	3.57139e-16
1.6e-05	-6.4e-05	-2.69487e-16
1.6e-05	-6e-05	2.5823e-16
1.6e-05	-5.6e-05	-3.12246e-16
1.6e-05	-5.2e-05	2.87289e-16
1.6e-05	-4.8e-05	-2.55744e-16
1.6e-05	-4.4e-05	3.75659e-16
1.6e-05	-4e-05	-1.37491e-16
1.6e-05	-3.6e-05	1.79636e-16
1.6e-05	-3.2e-05	-2.43931e-15
1.6e-05	-2.8e-05	-2.62473e-13
1.6e-05	-2.4e-05	-2.58244e-11
1.6e-05	-2e-05	-2.28774e-09
1.6e-05	-1.6e-05	-1.68667e-07
1.6e-05	-1.2e-05	-8.24681e-06
1.6e-05	-8e-06	9.50869e-06
1.6e-05	-4e-06	-5.93613e-06
1.6e-05	0	-2.54086e-06
1.6e-05	4e-06	1.2836e-05
1.6e-05	8e-06	-1.36315e-05
1.6e-05	1.2e-05	-2.78279e-07
1.6e-05	1.6e-05	-3.7709e-09
1.6e-05	2e-05	-4.25367e-11
1.6e-05	2.4e-05	-4.31578e-13
1.6e-05	2.8e-05	-3.99868e-15
1.6e-05	3.2e-05	-1.2975e-16
1.6e-05	3.6e-05	3.17144e-16
1.6e-05	4e-05	-4.82431e-17
1.6e-05	4.4e-05	1.16324e-16
1.6e-05	4.8e-05	8.71345e-18
1.6e-05	5.2e-05	2.77028e-16
1.6e-05	5.6e-05	9.03328e-17
1.6e-05	6e-05	-6.7648e-17
1.6e-05	6.4e-05	2.19475e-16
1.6e-05	6.8e-05	8.56748e-17
1.6e-05	7.2e-05	3.34585e-16
1.6e-05	7.6e-05	-1.88247e-16
2e-05	-8e-05	1.62071e-16
2e-05	-7.6e-05	-1.20415e-16
2e-05	-7.2e-05	3.06326e-16
2e-05	-6.8e-05	-1.12618e-17
2e-05	-6.4e-05	3.30423e-16
2e-05	-6e-05	-8.28214e-18
2e-05	-5.6e-05	6.02043e-17
2e-05	-5.2e-05	1.15049e-16
2e-05	-4.8e-05	6.94615e-18
2e-05	-4.4e-05	3.04723e-16
2e-05	-4e-05	1.3925e-16
2e-05	-3.6e-05	1.85479e-16
2e-05	-3.2e-05	3.88787e-17
2e-05	-2.8e-05	-4.29849e-15
2e-05	-2.4e-05	-3.48347e-13
2e-05	-2e-05	-2.56869e-11
2e-05	-1.6e-05	-1.51348e-09
2e-05	-1.2e-05	-5.53017e-08
2e-05	-8e-06	6.36049e-08
2e-05	-4e-06	-3.97928e-08
2e-05	0	-1.68556e-08
2e-05	4e-06	8.59967e-08
2e-05	8e-06	-9.15401e-08
2e-05	1.2e-05	-2.49907e-09
2e-05	1.6e-05	-4.23692e-11
2e-05	2e-05	-5.73672e-13
2e-05	2.4e-05	-6.75327e-15
2e-05	2.8e-05	-9.1816e-17
2e-05	3.2e-05	-3.00513e-17
2e-05	3.6e-05	-7.71511e-17
2e-05	4e-05	-4.31522e-17
2e-05	4.4e-05	-4.70175e-17
2e-05	4.8e-05	2.4971e-16
2e-05	5.2e-05	2.27606e-17
2e-05	5.6e-05	9.72708e-17
2e-05	6e-05	-6.78337e-17
2e-05	6.4e-05	2.7109e-16
2e-05	6.8e-05	2.59959e-16
2e-05	7.2e-05	1.79981e-16
2e-05	7.6e-05	-2.4061e-17
2.4e-05	-8e-05	5.95943e-17
2.4e-05	-7.6e-05	1.44002e-16
2.4e-05	-7.2e-05	2.70274e-16
2.4e-05	-6.8e-05	-3.00516e-17
2.4e-05	-6.4e-05	2.72309e-16
2.4e-05	-6e-05	1.815e-16
2.4e-05	-5.6e-05	2.70952e-16
2.4e-05	-5.2e-05	-9.30077e-17
2.4e-05	-4.8e-05	6.48023e-17
2.4e-05	-4.4e-05	-3.43428e-18
2.4e-05	-4e-05	7.83195e-17
2.4e-05	-3.6e-05	-8.17059e-17
2.4e-05	-3.2e-05	1.39492e-16
2.4e-05	-2.8e-05	3.90976e-17
2.4e-05	-2.4e-05	-4.45125e-15
2.4e-05	-2e-05	-2.59511e-13
2.4e-05	-1.6e-05	-1.27339e-11
2.4e-05	-1.2e-05	-3.70869e-10
2.4e-05	-8e-06	4.25451e-10
2.4e-05	-4e-06	-2.66749e-10
2.4e-05	0	-1.11798e-10
2.4e-05	4e-06	5.76145e-10
2.4e-05	8e-06	-6.14759e-10
2.4e-05	1.2e-05	-2.10422e-11
2.4e-05	1.6e-05	-4.28512e-13
2.4e-05	2e-05	-6.6275e-15
2.4e-05	2.4e-05	-1.04856e-16
2.4e-05	2.8e-05	-7.76753e-17
2.4e-05	3.2e-05	-2.26424e-17
2.4e-05	3.6e-05	-6.33491e-17
2.4e-05	4e-05	-1.04156e-16
2.4e-05	4.4e-05	1.50275e-16
2.4e-05	4.8e-05	-8.47445e-17
2.4e-05	5.2e-05	4.26861e-17
2.4e-05	5.6e-05	-1.71627e-16
2.4e-05	6e-05	1.40397e-16
2.4e-05	6.4e-05	2.18524e-16
2.4e-05	6.8e-05	1.67358e-16
2.4e-05	7.2e-05	-1.08979e-16
2.4e-05	7.6e-05	8.9695e-17
2.8e-05	-8e-05	1.42439e-16
2.8e-05	-7.6e-05	9.9531e-17
2.8e-05	-7.2e-05	4.64585e-17
2.8e-05	-6.8e-05	1.87029e-16
2.8e-05	-6.4e-05	-1.4999e-16
2.8e-05	-6e-05	2.05508e-17
2.8e-05	-5.6e-05	7.71076e-17
2.8e-05	-5.2e-05	2.46126e-16
2.8e-05	-4.8e-05	-1.57023e-16
2.8e-05	-4.4e-05	-1.01525e-16
2.8e-05	-4e-05	5.89428e-17
2.8e-05	-3.6e-05	-2.49457e-16
2.8e-05	-3.2e-05	-4.40229e-17
2.8e-05	-2.8e-05	4.73788e-17
2.8e-05	-2.4e-05	-3.25991e-17
2.8e-05	-2e-05	-2.34216e-15
2.8e-05	-1.6e-05	-1.02807e-13
2.8e-05	-1.2e-05	-2.48714e-12
2.8e-05	-8e-06	2.84584e-12
2.8e-05	-4e-06	-1.78816e-12
2.8e-05	0	-7.41292e-13
2.8e-05	4e-06	3.85983e-12
2.8e-05	8e-06	-4.1288e-12
2.8e-05	1.2e-05	-1.70061e-13
2.8e-05	1.6e-05	-3.9552e-15
2.8e-05	2e-05	-9.03483e-18
2.8e-05	2.4e-05	3.12216e-17
2.8e-05	2.8e-05	6.06583e-18
2.8e-05	3.2e-05	1.58508e-16
2.8e-05	3.6e-05	-2.03996e-16
2.8e-05	4e-05	9.97961e-17
2.8e-05	4.4e-05	-5.19835e-17
2.8e-05	4.8e-05	-1.00963e-16
2.8e-05	5.2e-05	-2.46654e-16
2.8e-05	5.6e-05	1.88889e-16
2.8e-05	6e-05	-1.58681e-17
2.8e-05	6.4e-05	4.1416e-17
2.8e-05	6.8e-05	-1.45605e-16
2.8e-05	7.2e-05	-5.12674e-17
2.8e-05	7.6e-05	-9.03434e-17
3.2e-05	-8e-05	2.77518e-17
3.2e-05	-7.6e-05	-3.07049e-17
3.2e-05	-7.2e-05	-6.92035e-18
3.2e-05	-6.8e-05	-1.30403e-16
3.2e-05	-6.4e-05	1.36261e-16
3.2e-05	-6e-05	-2.35386e-16
3.2e-05	-5.6e-05	-1.80847e-16
3.2e-05	-5.2e-05	-1.25922e-16
3.2e-05	-4.8e-05	1.65498e-16
3.2e-05	-4.4e-05	-3.65978e-16
3.2e-05	-4e-05	2.86114e-17
3.2e-05	-3.6e-05	5.19245e-17
3.2e-05	-3.2e-05	-5.19349e-17
3.2e-05	-2.8e-05	1.80586e-16
3.2e-05	-2.4e-05	3.65226e-17
3.2e-05	-2e-05	3.16337e-16
3.2e-05	-1.6e-05	-6.83651e-16
3.2e-05	-1.2e-05	-1.64891e-14
3.2e-05	-8e-06	1.90751e-14
3.2e-05	-4e-06	-1.19904e-14
3.2e-05	0	-5.00576e-15
3.2e-05	4e-06	2.58308e-14
3.2e-05	8e-06	-2.78733e-14
3.2e-05	1.2e-05	-1.20674e-15
3.2e-05	1.6e-05	-2.53485e-16
3.2e-05	2e-05	1.99498e-16
3.2e-05	2.4e-05	-1.2475e-16
3.2e-05	2.8e-05	3.18909e-16
3.2e-05	3.2e-05	-1.6657e-16
3.2e-05	3.6e-05	1.38795e-16
3.2e-05	4e-05	8.08968e-17
3.2e-05	4.4e-05	-5.33457e-17
3.2e-05	4.8e-05	7.39311e-17
3.2e-05	5.2e-05	1.56296e-16
3.2e-05	5.6e-05	1.4218e-17
3.2e-05	6e-05	8.55285e-17
3.2e-05	6.4e-05	-1.05582e-16
3.2e-05	6.8e-05	-5.79594e-17
3.2e-05	7.2e-05	-7.24348e-17
3.2e-05	7.6e-05	2.03476e-16
3.6e-05	-8e-05	-2.39429e-17
3.6e-05	-7.6e-05	-2.42716e-16
3.6e-05	-7.2e-05	-2.37799e-17
3.6e-05	-6.8e-05	1.05535e-17
3.6e-05	-6.4e-05	-2.0924e-16
3.6e-05	-6e-05	1.04362e-16
3.6e-05	-5.6e-05	7.29603e-17
3.6e-05	-5.2e-05	-1.56469e-16
3.6e-05	-4.8e-05	2.10332e-16
3.6e-05	-4.4e-05	4.21611e-17
3.6e-05	-4e-05	-6.34297e-17
3.6e-05	-3.6e-05	2.14379e-16
3.6e-05	-3.2e-05	6.47347e-17
3.6e-05	-2.8e-05	2.10627e-16
3.6e-05	-2.4e-05	-2.05719e-17
3.6e-05	-2e-05	8.49517e-17
3.6e-05	-1.6e-05	-1.53008e-16
3.6e-05	-1.2e-05	2.80611e-17
3.6e-05	-8e-06	-1.81462e-16
3.6e-05	-4e-06	1.36127e-16
3.6e-05	0	-1.72302e-16
3.6e-05	4e-06	1.28629e-16
3.6e-05	8e-06	-6.74755e-17
3.6e-05	1.2e-05	-2.22134e-16
3.6e-05	1.6e-05	1.07225e-16
3.6e-05	2e-05	-2.88044e-16
3.6e-05	2.4e-05	1.64773e-16
3.6e-05	2.8e-05	-2.11433e-16
3.6e-05	3.2e-05	2.09062e-16
3.6e-05	3.6e-05	4.83358e-17
3.6e-05	4e-05	2.22214e-16
3.6e-05	4.4e-05	1.54568e-18
3.6e-05	4.8e-05	4.10825e-16
3.6e-05	5.2e-05	-3.44975e-17
3.6e-05	5.6e-05	8.65569e-17
3.6e-05	6e-05	1.61363e-16
3.6e-05	6.4e-05	-7.9602e-17
3.6e-05	6.8e-05	-7.50982e-18
3.6e-05	7.2e-05	1.98916e-16
3.6e-05	7.6e-05	2.6992e-16
4e-05	-8e-05	1.3488e-16
4e-05	-7.6e-05	7.42265e-17
4e-05	-7.2e-05	2.88769e-17
4e-05	-6.8e-05	1.80839e-16
4e-05	-6.4e-05	1.08484e-16
4e-05	-6e-05	-4.87131e-17
4e-05	-5.6e-05	4.00615e-16
4e-05	-5.2e-05	1.71618e-16
4e-05	-4.8e-05	1.87079e-16
4e-05	-4.4e-05	3.75937e-16
4e-05	-4e-05	8.92766e-17
4e-05	-3.6e-05	-1.12527e-16
4e-05	-3.2e-05	1.60123e-16
4e-05	-2.8e-05	-3.76508e-16
4e-05	-2.4e-05	2.89621e-16
4e-05	-2e-05	-5.30106e-16
4e-05	-1.6e-05	8.46789e-17
4e-05	-1.2e-05	-3.79979e-16
4e-05	-8e-06	4.67294e-17
4e-05	-4e-06	-6.09422e-17
4e-05	0	1.28158e-16
4e-05	4e-06	2.08208e-16
4e-05	8e-06	1.58384e-16
4e-05	1.2e-05	9.18219e-17
4e-05	1.6e-05	9.27545e-17
4e-05	2e-05	1.34607e-17
4e-05	2.4e-05	-2.20751e-16
4e-05	2.8e-05	1.47557e-16
4e-05	3.2e-05	-2.59294e-16
4e-05	3.6e-05	1.29771e-16
4e-05	4e-05	-3.32038e-16
4e-05	4.4e-05	3.18097e-16
4e-05	4.8e-05	-2.14485e-16
4e-05	5.2e-05	1.99969e-16
4e-05	5.6e-05	-5.62519e-17
4e-05	6e-05	7.74623e-17
4e-05	6.4e-05	-2.53437e-16
4e-05	6.8e-05	1.23394e-16
4e-05	7.2e-05	1.36353e-16
4e-05	7.6e-05	2.68778e-16
4.4e-05	-8e-05	7.81906e-18
4.4e-05	-7.6e-05	7.09987e-17
4.4e-05	-7.2e-05	-1.37483e-16
4.4e-05	-6.8e-05	1.21456e-16
4.4e-05	-6.4e-05	1.78357e-16
4.4e-05	-6e-05	1.57691e-16
4.4e-05	-5.6e-05	-2.88954e-16
4.4e-05	-5.2e-05	3.02459e-16
4.4e-05	-4.8e-05	-3.97997e-16
4.4e-05	-4.4e-05	1.62057e-16
4.4e-05	-4e-05	-2.77772e-16
4.4e-05	-3.6e-05	1.60104e-16
4.4e-05	-3.2e-05	-3.02442e-16
4.4e-05	-2.8e-05	1.16244e-16
4.4e-05	-2.4e-05	-2.22296e-16
4.4e-05	-2e-05	1.24827e-16
4.4e-05	-1.6e-05	-2.53303e-17
4.4e-05	-1.2e-05	1.37101e-16
4.4e-05	-8e-06	1.98176e-16
4.4e-05	-4e-06	-1.47144e-16
4.4e-05	0	2.52049e-16
4.4e-05	4e-06	-5.19499e-18
4.4e-05	8e-06	-9.01757e-17
4.4e-05	1.2e-05	1.34398e-16
4.4e-05	1.6e-05	-4.52235e-17
4.4e-05	2e-05	4.29241e-17
4.4e-05	2.4e-05	8.21967e-17
4.4e-05	2.8e-05	-4.32156e-17
4.4e-05	3.2e-05	7.58235e-17
4.4e-05	3.6e-05	-1.75191e-16
4.4e-05	4e-05	2.56973e-16
4.4e-05	4.4e-05	-2.01746e-16
4.4e-05	4.8e-05	1.46186e-16
4.4e-05	5.2e-05	-2.59707e-16
4.4e-05	5.6e-05	1.2371e-16
4.4e-05	6e-05	-5.00745e-16
4.4e-05	6.4e-05	1.13553e-16
4.4e-05	6.8e-05	-2.04136e-16
4.4e-05	7.2e-05	1.01496e-16
4.4e-05	7.6e-05	-1.67949e-16
4.8e-05	-8e-05	2.527e-16
4.8e-05	-7.6e-05	-1.7532e-16
4.8e-05	-7.2e-05	6.05454e-17
4.8e-05	-6.8e-05	-5.29546e-16
4.8e-05	-6.4e-05	1.1782e-16
4.8e-05	-6e-05	-1.02797e-16
4.8e-05	-5.6e-05	1.5449e-16
4.8e-05	-5.2e-05	-3.8218e-16
4.8e-05	-4.8e-05	2.21091e-16
4.8e-05	-4.4e-05	-4.27506e-16
4.8e-05	-4e-05	1.46249e-16
4.8e-05	-3.6e-05	-2.16972e-16
4.8e-05	-3.2e-05	8.22892e-17
4.8e-05	-2.8e-05	7.20554e-17
4.8e-05	-2.4e-05	-7.16766e-17
4.8e-05	-2e-05	1.77321e-16
4.8e-05	-1.6e-05	-3.97738e-17
4.8e-05	-1.2e-05	1.77779e-16
4.8e-05	-8e-06	9.11589e-18
4.8e-05	-4e-06	-2.21382e-18
4.8e-05	0	-3.24157e-17
4.8e-05	4e-06	-1.17884e-16
4.8e-05	8e-06	-8.84374e-17
4.8e-05	1.2e-05	-4.97108e-17
4.8e-05	1.6e-05	-6.58178e-17
4.8e-05	2e-05	8.56778e-17
4.8e-05	2.4e-05	-3.55517e-17
4.8e-05	2.8e-05	-1.82013e-18
4.8e-05	3.2e-05	5.72478e-17
4.8e-05	3.6e-05	1.61236e-16
4.8e-05	4e-05	1.31622e-16
4.8e-05	4.4e-05	1.12429e-16
4.8e-05	4.8e-05	-9.52259e-17
4.8e-05	5.2e-05	1.13196e-16
4.8e-05	5.6e-05	-2.60912e-16
4.8e-05	6e-05	1.08592e-16
4.8e-05	6.4e-05	-1.35261e-17
4.8e-05	6.8e-05	2.11181e-16
4.8e-05	7.2e-05	-2.05143e-16
4.8e-05	7.6e-05	9.00939e-17
5.2e-05	-8e-05	-3.25855e-16
5.2e-05	-7.6e-05	4.07637e-16
5.2e-05	-7.2e-05	-9.92969e-18
5.2e-05	-6.8e-05	5.10715e-17
5.2e-05	-6.4e-05	-4.44194e-16
5.2e-05	-6e-05	1.03971e-16
5.2e-05	-5.6e-05	7.49842e-18
5.2e-05	-5.2e-05	2.36299e-16
5.2e-05	-4.8e-05	8.50852e-18
5.2e-05	-4.4e-05	1.70546e-16
5.2e-05	-4e-05	-1.01555e-16
5.2e-05	-3.6e-05	5.03129e-17
5.2e-05	-3.2e-05	1.15801e-16
5.2e-05	-2.8e-05	-2.67389e-17
5.2e-05	-2.4e-05	2.48535e-17
5.2e-05	-2e-05	-1.00314e-16
5.2e-05	-1.6e-05	-1.31488e-16
5.2e-05	-1.2e-05	8.4712e-18
5.2e-05	-8e-06	-2.72089e-16
5.2e-05	-4e-06	5.97267e-17
5.2e-05	0	-1.46041e-16
5.2e-05	4e-06	3.17719e-17
5.2e-05	8e-06	2.71494e-16
5.2e-05	1.2e-05	-1.16898e-16
5.2e-05	1.6e-05	1.71843e-16
5.2e-05	2e-05	-1.59741e-16
5.2e-05	2.4e-05	3.72152e-17
5.2e-05	2.8e-05	-5.05167e-17
5.2e-05	3.2e-05	2.86682e-17
5.2e-05	3.6e-05	7.27813e-17
5.2e-05	4e-05	-3.74444e-17
5.2e-05	4.4e-05	-1.06048e-16
5.2e-05	4.8e-05	-1.14029e-16
5.2e-05	5.2e-05	-7.38509e-17
5.2e-05	5.6e-05	1.24129e-17
5.2e-05	6e-05	1.74134e-16
5.2e-05	6.4e-05	2.68743e-16
5.2e-05	6.8e-05	-6.49862e-18
5.2e-05	7.2e-05	3.73324e-17
5.2e-05	7.6e-05	6.26277e-17
5.6e-05	-8e-05	1.29841e-17
5.6e-05	-7.6e-05	2.42286e-16
5.6e-05	-7.2e-05	3.52431e-16
5.6e-05	-6.8e-05	2.10615e-16
5.6e-05	-6.4e-05	-6.78381e-17
5.6e-05	-6e-05	-4.53592e-18
5.6e-05	-5.6e-05	-4.60114e-18
5.6e-05	-5.2e-05	1.13316e-16
5.6e-05	-4.8e-05	-7.46791e-17
5.6e-05	-4.4e-05	1.48615e-16
5.6e-05	-4e-05	9.25653e-18
5.6e-05	-3.6e-05	7.74998e-17
5.6e-05	-3.2e-05	-1.1077e-16
5.6e-05	-2.8e-05	7.95392e-17
5.6e-05	-2.4e-05	8.70237e-17
5.6e-05	-2e-05	1.93505e-17
5.6e-05	-1.6e-05	8.85803e-17
5.6e-05	-1.2e-05	-1.33215e-16
5.6e-05	-8e-06	7.65122e-17
5.6e-05	-4e-06	-6.98433e-17
5.6e-05	0	4.54153e-17
5.6e-05	4e-06	-1.82776e-17
5.6e-05	8e-06	1.86508e-17
5.6e-05	1.2e-05	1.73046e-17
5.6e-05	1.6e-05	-9.60284e-17
5.6e-05	2e-05	-5.57202e-17
5.6e-05	2.4e-05	-2.51925e-17
5.6e-05	2.8e-05	6.05597e-17
5.6e-05	3.2e-05	1.55703e-17
5.6e-05	3.6e-05	-6.20128e-17
5.6e-05	4e-05	-1.32527e-16
5.6e-05	4.4e-05	-1.2261e-16
5.6e-05	4.8e-05	2.08347e-17
5.6e-05	5.2e-05	-1.36267e-17
5.6e-05	5.6e-05	9.41058e-17
5.6e-05	6e-05	6.95958e-17
5.6e-05	6.4e-05	-5.60708e-17
5.6e-05	6.8e-05	-6.29675e-17
5.6e-05	7.2e-05	3.93096e-17
5.6e-05	7.6e-05	2.01287e-17
6e-05	-8e-05	3.83902e-17
6e-05	-7.6e-05	-4.133e-17
6e-05	-7.2e-05	-6.83875e-18
6e-05	-6.8e-05	2.90606e-16
6e-05	-6.4e-05	1.28482e-16
6e-05	-6e-05	4.09745e-17
6e-05	-5.6e-05	-3.22349e-17
6e-05	-5.2e-05	-1.12175e-16
6e-05	-4.8e-05	4.95806e-17
6e-05	-4.4e-05	-5.26893e-18
6e-05	-4e-05	1.33442e-17
6e-05	-3.6e-05	9.4537e-17
6e-05	-3.2e-05	4.43478e-17
6e-05	-2.8e-05	1.92868e-16
6e-05	-2.4e-05	1.4723e-16
6e-05	-2e-05	2.10444e-16
6e-05	-1.6e-05	3.8658e-16
6e-05	-1.2e-05	7.93739e-17
6e-05	-8e-06	1.06948e-16
6e-05	-4e-06	-1.11911e-16
6e-05	0	-1.55695e-16
6e-05	4e-06	-3.495e-16
6e-05	8e-06	-3.59157e-16
6e-05	1.2e-05	-2.39556e-16
6e-05	1.6e-05	-3.29323e-16
6e-05	2e-05	2.01565e-17
6e-05	2.4e-05	-6.95733e-17
6e-05	2.8e-05	2.10292e-16
6e-05	3.2e-05	2.70742e-17
6e-05	3.6e-05	1.98162e-17
6e-05	4e-05	1.82542e-17
6e-05	4.4e-05	2.83429e-17
6e-05	4.8e-05	1.88537e-16
6e-05	5.2e-05	9.36674e-17
6e-05	5.6e-05	2.25696e-16
6e-05	6e-05	3.68672e-17
6e-05	6.4e-05	8.76089e-17
6e-05	6.8e-05	6.46129e-17
6e-05	7.2e-05	1.48092e-16
6e-05	7.6e-05	-1.32334e-17
6.4e-05	-8e-05	9.8134e-17
6.4e-05	-7.6e-05	1.98273e-17
6.4e-05	-7.2e-05	7.00194e-17
6.4e-05	-6.8e-05	3.98164e-17
6.4e-05	-6.4e-05	2.85394e-16
6.4e-05	-6e-05	1.81622e-16
6.4e-05	-5.6e-05	2.97488e-16
6.4e-05	-5.2e-05	1.5735e-16
6.4e-05	-4.8e-05	1.47278e-16
6.4e-05	-4.4e-05	1.32001e-16
6.4e-05	-4e-05	1.0179e-16
6.4e-05	-3.6e-05	1.05758e-16
6.4e-05	-3.2e-05	1.55497e-17
6.4e-05	-2.8e-05	4.17084e-17
6.4e-05	-2.4e-05	-4.80239e-17
6.4e-05	-2e-05	1.86881e-16
6.4e-05	-1.6e-05	-2.19348e-16
6.4e-05	-1.2e-05	2.64637e-16
6.4e-05	-8e-06	-2.99087e-16
6.4e-05	-4e-06	5.14474e-18
6.4e-05	0	-4.2433e-16
6.4e-05	4e-06	-2.50077e-16
6.4e-05	8e-06	-2.03242e-16
6.4e-05	1.2e-05	-2.79557e-16
6.4e-05	1.6e-05	1.26429e-16
6.4e-05	2e-05	-2.65773e-16
6.4e-05	2.4e-05	1.69568e-16
6.4e-05	2.8e-05	-2.64063e-16
6.4e-05	3.2e-05	-1.05484e-17
6.4e-05	3.6e-05	-9.50871e-17
6.4e-05	4e-05	7.87324e-17
6.4e-05	4.4e-05	1.1545e-16
6.4e-05	4.8e-05	1.99271e-16
6.4e-05	5.2e-05	1.29146e-16
6.4e-05	5.6e-05	1.52162e-16
6.4e-05	6e-05	1.35672e-16
6.4e-05	6.4e-05	1.51589e-16
6.4e-05	6.8e-05	2.36301e-16
6.4e-05	7.2e-05	9.29765e-17
6.4e-05	7.6e-05	1.74095e-16
6.8e-05	-8e-05	-1.48907e-17
6.8e-05	-7.6e-05	1.62263e-16
6.8e-05	-7.2e-05	2.87552e-17
6.8e-05	-6.8e-05	4.57407e-17
6.8e-05	-6.4e-05	-4.10475e-18
6.8e-05	-6e-05	2.52499e-16
6.8e-05	-5.6e-05	1.84108e-16
6.8e-05	-5.2e-05	3.0906e-16
6.8e-05	-4.8e-05	1.22679e-16
6.8e-05	-4.4e-05	1.89919e-16
6.8e-05	-4e-05	1.76786e-16
6.8e-05	-3.6e-05	-2.37797e-18
6.8e-05	-3.2e-05	1.40256e-16
6.8e-05	-2.8e-05	-2.60559e-16
6.8e-05	-2.4e-05	-2.07774e-17
6.8e-05	-2e-05	-3.58072e-16
6.8e-05	-1.6e-05	9.14994e-17
6.8e-05	-1.2e-05	-1.13048e-16
6.8e-05	-8e-06	5.72361e-17
6.8e-05	-4e-06	-1.61238e-16
6.8e-05	0	1.41919e-16
6.8e-05	4e-06	2.05717e-17
6.8e-05	8e-06	1.33518e-16
6.8e-05	1.2e-05	1.93551e-16
6.8e-05	1.6e-05	-8.56695e-18
6.8e-05	2e-05	1.22891e-16
6.8e-05	2.4e-05	-1.62805e-16
6.8e-05	2.8e-05	-4.68593e-17
6.8e-05	3.2e-05	-2.7249e-16
6.8e-05	3.6e-05	5.76506e-17
6.8e-05	4e-05	-1.94461e-16
6.8e-05	4.4e-05	1.89376e-16
6.8e-05	4.8e-05	-7.11963e-17
6.8e-05	5.2e-05	7.64056e-17
6.8e-05	5.6e-05	-6.02028e-17
6.8e-05	6e-05	9.75438e-17
6.8e-05	6.4e-05	4.03303e-17
6.8e-05	6.8e-05	6.77937e-17
6.8e-05	7.2e-05	-4.20844e-17
6.8e-05	7.6e-05	6.50714e-17
7.2e-05	-8e-05	-3.48009e-17
7.2e-05	-7.6e-05	-3.96294e-17
7.2e-05	-7.2e-05	-1.33075e-16
7.2e-05	-6.8e-05	8.76556e-18
7.2e-05	-6.4e-05	-2.78712e-16
7.2e-05	-6e-05	-5.08945e-17
7.2e-05	-5.6e-05	-1.94451e-16
7.2e-05	-5.2e-05	5.24875e-17
7.2e-05	-4.8e-05	-1.46915e-16
7.2e-05	-4.4e-05	3.7371e-17
7.2e-05	-4e-05	-1.67923e-16
7.2e-05	-3.6e-05	4.96704e-17
7.2e-05	-3.2e-05	-2.46848e-16
7.2e-05	-2.8e-05	2.52614e-17
7.2e-05	-2.4e-05	-2.16297e-16
7.2e-05	-2e-05	-3.42925e-17
7.2e-05	-1.6e-05	-4.72963e-17
7.2e-05	-1.2e-05	-1.01766e-16
7.2e-05	-8e-06	2.62361e-16
7.2e-05	-4e-06	1.72302e-17
7.2e-05	0	3.79535e-16
7.2e-05	4e-06	3.90977e-16
7.2e-05	8e-06	4.0319e-16
7.2e-05	1.2e-05	2.77169e-16
7.2e-05	1.6e-05	4.98094e-17
7.2e-05	2e-05	9.70183e-17
7.2e-05	2.4e-05	-5.28261e-17
7.2e-05	2.8e-05	2.39896e-17
7.2e-05	3.2e-05	1.16421e-16
7.2e-05	3.6e-05	-5.8949e-17
7.2e-05	4e-05	7.41717e-17
7.2e-05	4.4e-05	-1.42578e-16
7.2e-05	4.8e-05	-1.90552e-17
7.2e-05	5.2e-05	-2.14505e-16
7.2e-05	5.6e-05	-3.84233e-17
7.2e-05	6e-05	-1.90159e-16
7.2e-05	6.4e-05	-6.23351e-17
7.2e-05	6.8e-05	-2.36585e-16
7.2e-05	7.2e-05	-1.01489e-16
7.2e-05	7.6e-05	-3.05911e-16
7.6e-05	-8e-05	-4.83558e-17
7.6e-05	-7.6e-05	-2.46014e-16
7.6e-05	-7.2e-05	-7.47468e-17
7.6e-05	-6.8e-05	-3.33315e-16
7.6e-05	-6.4e-05	-6.77563e-17
7.6e-05	-6e-05	-4.28174e-16
7.6e-05	-5.6e-05	-5.00001e-17
7.6e-05	-5.2e-05	-3.83522e-16
7.6e-05	-4.8e-05	-8.08978e-17
7.6e-05	-4.4e-05	-3.3169e-16
7.6e-05	-4e-05	-7.06119e-17
7.6e-05	-3.6e-05	-2.29315e-16
7.6e-05	-3.2e-05	-5.35315e-17
7.6e-05	-2.8e-05	-1.12781e-16
7.6e-05	-2.4e-05	2.83301e-17
7.6e-05	-2e-05	1.47065e-16
7.6e-05	-1.6e-05	1.38381e-17
7.6e-05	-1.2e-05	3.23208e-16
7.6e-05	-8e-06	-2.14993e-17
7.6e-05	-4e-06	3.86086e-16
7.6e-05	0	1.22483e-16
7.6e-05	4e-06	2.18718e-16
7.6e-05	8e-06	1.4711e-16
7.6e-05	1.2e-05	-3.02202e-17
7.6e-05	1.6e-05	1.19354e-16
7.6e-05	2e-05	-9.77252e-17
7.6e-05	2.4e-05	1.52538e-16
7.6e-05	2.8e-05	5.79208e-17
7.6e-05	3.2e-05	9.83689e-17
7.6e-05	3.6e-05	9.4372e-17
7.6e-05	4e-05	1.68018e-17
7.6e-05	4.4e-05	-3.5971e-17
7.6e-05	4.8e-05	-1.00757e-16
7.6e-05	5.2e-05	-3.98414e-17
7.6e-05	5.6e-05	-1.56269e-16
7.6e-05	6e-05	-1.07582e-16
7.6e-05	6.4e-05	-2.20441e-16
7.6e-05	6.8e-05	-1.22761e-16
7.6e-05	7.2e-05	-2.84964e-16
7.6e-05	7.6e-05	-7.66908e-17
