-8e-05	-8e-05	3.12555e-16
-8e-05	-7.6e-05	3.37054e-16
-8e-05	-7.2e-05	-1.52252e-15
-8e-05	-6.8e-05	-1.19391e-15
-8e-05	-6.4e-05	6.58798e-17
-8e-05	-6e-05	3.47348e-16
-8e-05	-5.6e-05	4.56005e-17
-8e-05	-5.2e-05	1.17282e-16
-8e-05	-4.8e-05	1.37653e-16
-8e-05	-4.4e-05	-9.22372e-17
-8e-05	-4e-05	-3.85627e-16
-8e-05	-3.6e-05	-2.50925e-16
-8e-05	-3.2e-05	-1.02766e-16
-8e-05	-2.8e-05	1.14723e-16
-8e-05	-2.4e-05	-7.51843e-17
-8e-05	-2e-05	4.47097e-17
-8e-05	-1.6e-05	-1.9092e-16
-8e-05	-1.2e-05	2.75757e-16
-8e-05	-8e-06	-2.84349e-16
-8e-05	-4e-06	1.61663e-16
-8e-05	0	2.73987e-16
-8e-05	4e-06	3.38996e-16
-8e-05	8e-06	-2.3881e-16
-8e-05	1.2e-05	2.38884e-16
-8e-05	1.6e-05	-1.44642e-16
-8e-05	2e-05	-2.28887e-17
-8e-05	2.4e-05	1.69634e-17
-8e-05	2.8e-05	-1.42665e-16
-8e-05	3.2e-05	9.6583e-17
-8e-05	3.6e-05	-1.84588e-16
-8e-05	4e-05	-4.17354e-17
-8e-05	4.4e-05	-2.95071e-16
-8e-05	4.8e-05	-2.8187e-16
-8e-05	5.2e-05	-6.90062e-17
-8e-05	5.6e-05	1.55689e-16
-8e-05	6e-05	-8.85439e-16
-8e-05	6.4e-05	2.54882e-16
-8e-05	6.8e-05	-1.29536e-15
-8e-05	7.2e-05	2.23668e-17
-8e-05	7.6e-05	2.19968e-15
-7.6e-05	-8e-05	1.73797e-16
-7.6e-05	-7.6e-05	-4.33421e-16
-7.6e-05	-7.2e-05	-5.014e-16
-7.6e-05	-6.8e-05	1.34937e-15
-7.6e-05	-6.4e-05	1.67605e-16
-7.6e-05	-6e-05	-3.86444e-16
-7.6e-05	-5.6e-05	8.02197e-17
-7.6e-05	-5.2e-05	7.52014e-16
-7.6e-05	-4.8e-05	1.42034e-16
-7.6e-05	-4.4e-05	1.80889e-15
-7.6e-05	-4e-05	4.54899e-16
-7.6e-05	-3.6e-05	7.1241e-16
-7.6e-05	-3.2e-05	3.64299e-16
-7.6e-05	-2.8e-05	-8.50054e-16
-7.6e-05	-2.4e-05	4.29275e-16
-7.6e-05	-2e-05	-1.67594e-16
-7.6e-05	-1.6e-05	1.34767e-17
-7.6e-05	-1.2e-05	2.39291e-15
-7.6e-05	-8e-06	8.19213e-16
-7.6e-05	-4e-06	-1.50747e-15
-7.6e-05	0	-2.17091e-17
-7.6e-05	4e-06	1.60094e-15
-7.6e-05	8e-06	-1.32217e-15
-7.6e-05	1.2e-05	-4.59325e-16
-7.6e-05	1.6e-05	9.60447e-16
-7.6e-05	2e-05	1.6983e-15
-7.6e-05	2.4e-05	1.33984e-15
-7.6e-05	2.8e-05	-1.12991e-15
-7.6e-05	3.2e-05	-2.18644e-15
-7.6e-05	3.6e-05	1.93604e-15
-7.6e-05	4e-05	-5.59505e-16
-7.6e-05	4.4e-05	-5.69403e-16
-7.6e-05	4.8e-05	3.19892e-15
-7.6e-05	5.2e-05	-4.32444e-16
-7.6e-05	5.6e-05	2.63604e-15
-7.6e-05	6e-05	-1.22863e-16
-7.6e-05	6.4e-05	1.19418e-15
-7.6e-05	6.8e-05	1.03275e-15
-7.6e-05	7.2e-05	5.15801e-16
-7.6e-05	7.6e-05	-5.71716e-16
-7.2e-05	-8e-05	-1.33947e-15
-7.2e-05	-7.6e-05	3.34563e-16
-7.2e-05	-7.2e-05	6.90417e-16
-7.2e-05	-6.8e-05	-1.22504e-15
-7.2e-05	-6.4e-05	-3.2435e-16
-7.2e-05	-6e-05	-1.22067e-15
-7.2e-05	-5.6e-05	3.22464e-16
-7.2e-05	-5.2e-05	1.63006e-15
-7.2e-05	-4.8e-05	3.52843e-16
-7.2e-05	-4.4e-05	1.19662e-15
-7.2e-05	-4e-05	-1.9089e-15
-7.2e-05	-3.6e-05	-1.32446e-15
-7.2e-05	-3.2e-05	3.95031e-15
-7.2e-05	-2.8e-05	-4.56265e-16
-7.2e-05	-2.4e-05	-2.81118e-15
-7.2e-05	-2e-05	-1.28309e-16
-7.2e-05	-1.6e-05	-3.98077e-16
-7.2e-05	-1.2e-05	3.26043e-16
-7.2e-05	-8e-06	5.22519e-16
-7.2e-05	-4e-06	-5.4737e-15
-7.2e-05	0	-1.85784e-15
-7.2e-05	4e-06	1.99345e-15
-7.2e-05	8e-06	-3.37648e-16
-7.2e-05	1.2e-05	1.44647e-15
-7.2e-05	1.6e-05	-5.09619e-16
-7.2e-05	2e-05	-1.227e-17
-7.2e-05	2.4e-05	-1.78925e-16
-7.2e-05	2.8e-05	-2.83047e-17
-7.2e-05	3.2e-05	-8.93286e-17
-7.2e-05	3.6e-05	-5.93904e-17
-7.2e-05	4e-05	9.4131e-17
-7.2e-05	4.4e-05	-3.42507e-16
-7.2e-05	4.8e-05	-1.1949e-18
-7.2e-05	5.2e-05	2.32506e-16
-7.2e-05	5.6e-05	-1.06823e-16
-7.2e-05	6e-05	1.60432e-16
-7.2e-05	6.4e-05	3.5282e-16
-7.2e-05	6.8e-05	7.31244e-17
-7.2e-05	7.2e-05	1.85794e-16
-7.2e-05	7.6e-05	2.54159e-16
-6.8e-05	-8e-05	-2.83882e-16
-6.8e-05	-7.6e-05	2.86082e-16
-6.8e-05	-7.2e-05	-7.60675e-18
-6.8e-05	-6.8e-05	-7.92594e-18
-6.8e-05	-6.4e-05	3.60647e-16
-6.8e-05	-6e-05	2.72259e-16
-6.8e-05	-5.6e-05	-2.4895e-16
-6.8e-05	-5.2e-05	2.39439e-16
-6.8e-05	-4.8e-05	1.9612e-16
-6.8e-05	-4.4e-05	2.5139e-16
-6.8e-05	-4e-05	2.47743e-16
-6.8e-05	-3.6e-05	-3.62812e-16
-6.8e-05	-3.2e-05	-1.19067e-16
-6.8e-05	-2.8e-05	3.65861e-17
-6.8e-05	-2.4e-05	1.66897e-16
-6.8e-05	-2e-05	-7.2619e-18
-6.8e-05	-1.6e-05	-1.42981e-17
-6.8e-05	-1.2e-05	-1.15619e-16
-6.8e-05	-8e-06	-3.43973e-18
-6.8e-05	-4e-06	-1.83069e-16
-6.8e-05	0	-7.69807e-17
-6.8e-05	4e-06	-1.48945e-16
-6.8e-05	8e-06	-7.21307e-17
-6.8e-05	1.2e-05	-1.9907e-16
-6.8e-05	1.6e-05	3.02626e-17
-6.8e-05	2e-05	-1.30282e-16
-6.8e-05	2.4e-05	5.00183e-17
-6.8e-05	2.8e-05	8.62699e-17
-6.8e-05	3.2e-05	5.6595e-18
-6.8e-05	3.6e-05	-3.91723e-17
-6.8e-05	4e-05	-1.30367e-17
-6.8e-05	4.4e-05	-3.40475e-17
-6.8e-05	4.8e-05	3.63444e-17
-6.8e-05	5.2e-05	3.4349e-16
-6.8e-05	5.6e-05	2.35733e-16
-6.8e-05	6e-05	-2.57841e-16
-6.8e-05	6.4e-05	2.35754e-16
-6.8e-05	6.8e-05	2.64644e-16
-6.8e-05	7.2e-05	1.40261e-16
-6.8e-05	7.6e-05	2.33342e-16
-6.4e-05	-8e-05	1.61967e-16
-6.4e-05	-7.6e-05	2.97821e-16
-6.4e-05	-7.2e-05	2.34455e-16
-6.4e-05	-6.8e-05	3.21217e-16
-6.4e-05	-6.4e-05	3.26405e-16
-6.4e-05	-6e-05	-2.61585e-16
-6.4e-05	-5.6e-05	2.97553e-16
-6.4e-05	-5.2e-05	1.96692e-16
-6.4e-05	-4.8e-05	3.03621e-16
-6.4e-05	-4.4e-05	1.5845e-16
-6.4e-05	-4e-05	-7.12336e-17
-6.4e-05	-3.6e-05	-1.48321e-16
-6.4e-05	-3.2e-05	4.5066e-17
-6.4e-05	-2.8e-05	2.13587e-16
-6.4e-05	-2.4e-05	7.19826e-17
-6.4e-05	-2e-05	-6.14703e-17
-6.4e-05	-1.6e-05	-1.67327e-16
-6.4e-05	-1.2e-05	-8.40411e-17
-6.4e-05	-8e-06	9.05287e-18
-6.4e-05	-4e-06	-1.71188e-16
-6.4e-05	0	-1.59427e-16
-6.4e-05	4e-06	-3.20385e-16
-6.4e-05	8e-06	-9.12862e-17
-6.4e-05	1.2e-05	6.48549e-18
-6.4e-05	1.6e-05	-1.13616e-16
-6.4e-05	2e-05	-1.78814e-16
-6.4e-05	2.4e-05	-1.6135e-16
-6.4e-05	2.8e-05	1.90603e-16
-6.4e-05	3.2e-05	-2.32506e-17
-6.4e-05	3.6e-05	1.06813e-18
-6.4e-05	4e-05	-1.0939e-16
-6.4e-05	4.4e-05	-1.3532e-16
-6.4e-05	4.8e-05	1.13159e-16
-6.4e-05	5.2e-05	1.9399e-16
-6.4e-05	5.6e-05	1.36027e-16
-6.4e-05	6e-05	3.20235e-16
-6.4e-05	6.4e-05	-1.42836e-16
-6.4e-05	6.8e-05	3.88936e-16
-6.4e-05	7.2e-05	1.67412e-16
-6.4e-05	7.6e-05	2.59275e-16
-6e-05	-8e-05	9.81328e-17
-6e-05	-7.6e-05	2.16917e-16
-6e-05	-7.2e-05	2.35874e-16
-6e-05	-6.8e-05	3.71538e-16
-6e-05	-6.4e-05	-2.417e-16
-6e-05	-6e-05	2.91905e-16
-6e-05	-5.6e-05	2.89689e-16
-6e-05	-5.2e-05	4.29994e-16
-6e-05	-4.8e-05	1.16877e-16
-6e-05	-4.4e-05	4.39364e-16
-6e-05	-4e-05	9.56202e-17
-6e-05	-3.6e-05	-3.48466e-16
-6e-05	-3.2e-05	-1.18956e-16
-6e-05	-2.8e-05	2.48081e-16
-6e-05	-2.4e-05	2.05403e-16
-6e-05	-2e-05	-6.48514e-17
-6e-05	-1.6e-05	-8.3056e-17
-6e-05	-1.2e-05	-7.87523e-17
-6e-05	-8e-06	1.7195e-17
-6e-05	-4e-06	-6.13714e-18
-6e-05	0	-2.35294e-16
-6e-05	4e-06	-2.39067e-16
-6e-05	8e-06	-5.10103e-17
-6e-05	1.2e-05	-1.18881e-16
-6e-05	1.6e-05	-2.60263e-16
-6e-05	2e-05	6.80565e-17
-6e-05	2.4e-05	-2.01139e-16
-6e-05	2.8e-05	1.2834e-16
-6e-05	3.2e-05	3.04658e-16
-6e-05	3.6e-05	-1.91552e-16
-6e-05	4e-05	-3.95751e-16
-6e-05	4.4e-05	5.65031e-17
-6e-05	4.8e-05	2.94022e-16
-6e-05	5.2e-05	2.61525e-16
-6e-05	5.6e-05	1.60759e-16
-6e-05	6e-05	1.08745e-16
-6e-05	6.4e-05	3.08355e-16
-6e-05	6.8e-05	-1.56484e-16
-6e-05	7.2e-05	4.26401e-16
-6e-05	7.6e-05	6.84458e-18
-5.6e-05	-8e-05	4.37036e-16
-5.6e-05	-7.6e-05	-1.38902e-16
-5.6e-05	-7.2e-05	5.39753e-16
-5.6e-05	-6.8e-05	-1.19575e-16
-5.6e-05	-6.4e-05	5.41448e-16
-5.6e-05	-6e-05	2.78665e-16
-5.6e-05	-5.6e-05	5.64882e-16
-5.6e-05	-5.2e-05	1.70356e-16
-5.6e-05	-4.8e-05	4.21472e-16
-5.6e-05	-4.4e-05	1.76222e-16
-5.6e-05	-4e-05	-4.95491e-16
-5.6e-05	-3.6e-05	-4.62917e-16
-5.6e-05	-3.2e-05	5.08082e-16
-5.6e-05	-2.8e-05	4.663e-16
-5.6e-05	-2.4e-05	8.13251e-17
-5.6e-05	-2e-05	-1.28329e-17
-5.6e-05	-1.6e-05	-2.06355e-16
-5.6e-05	-1.2e-05	2.19309e-17
-5.6e-05	-8e-06	4.26112e-17
-5.6e-05	-4e-06	5.20001e-18
-5.6e-05	0	-1.94214e-16
-5.6e-05	4e-06	-2.51898e-16
-5.6e-05	8e-06	-6.81164e-17
-5.6e-05	1.2e-05	2.83684e-16
-5.6e-05	1.6e-05	-1.69894e-17
-5.6e-05	2e-05	-1.20907e-16
-5.6e-05	2.4e-05	-1.52175e-16
-5.6e-05	2.8e-05	-5.06314e-16
-5.6e-05	3.2e-05	6.24311e-16
-5.6e-05	3.6e-05	4.40756e-16
-5.6e-05	4e-05	-3.48061e-16
-5.6e-05	4.4e-05	-3.23292e-16
-5.6e-05	4.8e-05	9.40085e-17
-5.6e-05	5.2e-05	1.45641e-16
-5.6e-05	5.6e-05	2.3987e-16
-5.6e-05	6e-05	1.88143e-16
-5.6e-05	6.4e-05	1.84515e-16
-5.6e-05	6.8e-05	4.41232e-16
-5.6e-05	7.2e-05	-3.14183e-18
-5.6e-05	7.6e-05	6.49762e-16
-5.2e-05	-8e-05	1.27456e-16
-5.2e-05	-7.6e-05	4.84046e-16
-5.2e-05	-7.2e-05	1.92701e-16
-5.2e-05	-6.8e-05	5.04685e-16
-5.2e-05	-6.4e-05	3.09391e-16
-5.2e-05	-6e-05	5.08326e-16
-5.2e-05	-5.6e-05	1.40191e-16
-5.2e-05	-5.2e-05	3.21726e-16
-5.2e-05	-4.8e-05	1.57952e-16
-5.2e-05	-4.4e-05	-1.35169e-16
-5.2e-05	-4e-05	-2.5532e-16
-5.2e-05	-3.6e-05	2.25374e-16
-5.2e-05	-3.2e-05	5.76883e-16
-5.2e-05	-2.8e-05	-1.01023e-16
-5.2e-05	-2.4e-05	-2.04561e-16
-5.2e-05	-2e-05	-3.42685e-16
-5.2e-05	-1.6e-05	-1.7223e-16
-5.2e-05	-1.2e-05	-3.05036e-20
-5.2e-05	-8e-06	-9.32275e-17
-5.2e-05	-4e-06	-3.69409e-17
-5.2e-05	0	-3.57965e-16
-5.2e-05	4e-06	-1.42677e-16
-5.2e-05	8e-06	7.61003e-18
-5.2e-05	1.2e-05	1.54345e-17
-5.2e-05	1.6e-05	2.01304e-16
-5.2e-05	2e-05	1.96031e-16
-5.2e-05	2.4e-05	8.56521e-17
-5.2e-05	2.8e-05	-2.19425e-16
-5.2e-05	3.2e-05	-3.45424e-16
-5.2e-05	3.6e-05	3.72106e-16
-5.2e-05	4e-05	1.9237e-16
-5.2e-05	4.4e-05	-3.26367e-16
-5.2e-05	4.8e-05	-1.51658e-16
-5.2e-05	5.2e-05	-4.13712e-17
-5.2e-05	5.6e-05	2.8585e-16
-5.2e-05	6e-05	1.65161e-16
-5.2e-05	6.4e-05	2.21643e-16
-5.2e-05	6.8e-05	-1.78098e-16
-5.2e-05	7.2e-05	5.41841e-16
-5.2e-05	7.6e-05	4.97325e-17
-4.8e-05	-8e-05	5.28957e-16
-4.8e-05	-7.6e-05	1.45141e-16
-4.8e-05	-7.2e-05	5.29519e-16
-4.8e-05	-6.8e-05	1.66755e-16
-4.8e-05	-6.4e-05	6.2587e-16
-4.8e-05	-6e-05	1.12259e-16
-4.8e-05	-5.6e-05	4.01497e-16
-4.8e-05	-5.2e-05	7.41965e-17
-4.8e-05	-4.8e-05	1.68924e-17
-4.8e-05	-4.4e-05	-1.82968e-16
-4.8e-05	-4e-05	-2.41967e-16
-4.8e-05	-3.6e-05	-9.70711e-18
-4.8e-05	-3.2e-05	6.59941e-17
-4.8e-05	-2.8e-05	1.86361e-16
-4.8e-05	-2.4e-05	-1.25511e-16
-4.8e-05	-2e-05	1.97812e-16
-4.8e-05	-1.6e-05	-2.69639e-16
-4.8e-05	-1.2e-05	1.90604e-16
-4.8e-05	-8e-06	-7.11612e-17
-4.8e-05	-4e-06	-1.60241e-16
-4.8e-05	0	-2.23725e-16
-4.8e-05	4e-06	-2.43193e-16
-4.8e-05	8e-06	-5.27327e-16
-4.8e-05	1.2e-05	-1.15609e-16
-4.8e-05	1.6e-05	-4.05832e-18
-4.8e-05	2e-05	-2.94584e-16
-4.8e-05	2.4e-05	9.8667e-17
-4.8e-05	2.8e-05	4.52936e-16
-4.8e-05	3.2e-05	5.41232e-17
-4.8e-05	3.6e-05	-2.43973e-16
-4.8e-05	4e-05	-1.52342e-17
-4.8e-05	4.4e-05	-2.39736e-17
-4.8e-05	4.8e-05	-7.89896e-17
-4.8e-05	5.2e-05	-2.70194e-16
-4.8e-05	5.6e-05	3.9631e-17
-4.8e-05	6e-05	1.26343e-17
-4.8e-05	6.4e-05	6.6659e-17
-4.8e-05	6.8e-05	4.65944e-16
-4.8e-05	7.2e-05	-3.75963e-17
-4.8e-05	7.6e-05	6.74457e-16
-4.4e-05	-8e-05	1.70095e-16
-4.4e-05	-7.6e-05	8.54537e-16
-4.4e-05	-7.2e-05	1.89627e-16
-4.4e-05	-6.8e-05	6.80127e-16
-4.4e-05	-6.4e-05	2.43435e-16
-4.4e-05	-6e-05	2.49574e-16
-4.4e-05	-5.6e-05	6.96148e-17
-4.4e-05	-5.2e-05	-2.85765e-16
-4.4e-05	-4.8e-05	-2.26401e-16
-4.4e-05	-4.4e-05	-4.02626e-16
-4.4e-05	-4e-05	-5.15072e-17
-4.4e-05	-3.6e-05	3.60732e-16
-4.4e-05	-3.2e-05	6.86872e-16
-4.4e-05	-2.8e-05	-1.39924e-16
-4.4e-05	-2.4e-05	-1.51874e-16
-4.4e-05	-2e-05	-3.22576e-16
-4.4e-05	-1.6e-05	1.29235e-16
-4.4e-05	-1.2e-05	1.98254e-17
-4.4e-05	-8e-06	9.17694e-17
-4.4e-05	-4e-06	-2.12855e-16
-4.4e-05	0	-3.18709e-16
-4.4e-05	4e-06	-4.56043e-16
-4.4e-05	8e-06	4.15306e-17
-4.4e-05	1.2e-05	-3.7182e-16
-4.4e-05	1.6e-05	-3.06914e-16
-4.4e-05	2e-05	-2.34779e-16
-4.4e-05	2.4e-05	-3.3588e-16
-4.4e-05	2.8e-05	2.27753e-16
-4.4e-05	3.2e-05	3.85803e-16
-4.4e-05	3.6e-05	-1.23256e-17
-4.4e-05	4e-05	-2.83702e-16
-4.4e-05	4.4e-05	1.04221e-16
-4.4e-05	4.8e-05	8.24213e-17
-4.4e-05	5.2e-05	-3.99132e-16
-4.4e-05	5.6e-05	-2.71982e-16
-4.4e-05	6e-05	-7.04369e-17
-4.4e-05	6.4e-05	-3.40266e-16
-4.4e-05	6.8e-05	-1.22824e-16
-4.4e-05	7.2e-05	-9.42785e-17
-4.4e-05	7.6e-05	1.63094e-16
-4e-05	-8e-05	1.39823e-17
-4e-05	-7.6e-05	2.99872e-16
-4e-05	-7.2e-05	8.8795e-18
-4e-05	-6.8e-05	1.45124e-16
-4e-05	-6.4e-05	-3.39261e-16
-4e-05	-6e-05	-4.53345e-17
-4e-05	-5.6e-05	-5.27091e-16
-4e-05	-5.2e-05	-4.30961e-16
-4e-05	-4.8e-05	-2.82893e-17
-4e-05	-4.4e-05	2.96043e-17
-4e-05	-4e-05	5.887e-16
-4e-05	-3.6e-05	5.64912e-16
-4e-05	-3.2e-05	-3.8283e-16
-4e-05	-2.8e-05	-4.05122e-16
-4e-05	-2.4e-05	-1.46873e-16
-4e-05	-2e-05	2.75083e-16
-4e-05	-1.6e-05	5.85469e-17
-4e-05	-1.2e-05	5.07269e-17
-4e-05	-8e-06	-3.10116e-16
-4e-05	-4e-06	-4.44072e-16
-4e-05	0	-9.78273e-17
-4e-05	4e-06	1.97659e-16
-4e-05	8e-06	-9.41325e-17
-4e-05	1.2e-05	-3.28973e-16
-4e-05	1.6e-05	2.45142e-17
-4e-05	2e-05	2.30466e-16
-4e-05	2.4e-05	-3.85726e-16
-4e-05	2.8e-05	-3.82499e-16
-4e-05	3.2e-05	2.59218e-16
-4e-05	3.6e-05	-1.52586e-16
-4e-05	4e-05	1.12611e-16
-4e-05	4.4e-05	1.64226e-16
-4e-05	4.8e-05	2.1779e-16
-4e-05	5.2e-05	1.65008e-16
-4e-05	5.6e-05	-3.2894e-16
-4e-05	6e-05	-5.71814e-18
-4e-05	6.4e-05	-4.19767e-16
-4e-05	6.8e-05	-1.89061e-16
-4e-05	7.2e-05	-6.46453e-16
-4e-05	7.6e-05	-3.02779e-16
-3.6e-05	-8e-05	-4.05644e-16
-3.6e-05	-7.6e-05	-3.98808e-16
-3.6e-05	-7.2e-05	-4.39508e-16
-3.6e-05	-6.8e-05	-1.61806e-16
-3.6e-05	-6.4e-05	-5.55378e-16
-3.6e-05	-6e-05	-2.32514e-17
-3.6e-05	-5.6e-05	-3.66372e-16
-3.6e-05	-5.2e-05	4.8569e-16
-3.6e-05	-4.8e-05	1.80087e-16
-3.6e-05	-4.4e-05	4.54802e-16
-3.6e-05	-4e-05	7.25138e-16
-3.6e-05	-3.6e-05	-6.43016e-16
-3.6e-05	-3.2e-05	-2.95527e-16
-3.6e-05	-2.8e-05	-4.44106e-17
-3.6e-05	-2.4e-05	3.72367e-16
-3.6e-05	-2e-05	-1.92759e-16
-3.6e-05	-1.6e-05	-4.93189e-16
-3.6e-05	-1.2e-05	-7.90665e-15
-3.6e-05	-8e-06	-1.25216e-14
-3.6e-05	-4e-06	-6.35631e-15
-3.6e-05	0	4.81134e-15
-3.6e-05	4e-06	1.19569e-14
-3.6e-05	8e-06	1.07166e-14
-3.6e-05	1.2e-05	5.06024e-16
-3.6e-05	1.6e-05	-3.76798e-16
-3.6e-05	2e-05	-6.07742e-17
-3.6e-05	2.4e-05	2.31068e-16
-3.6e-05	2.8e-05	2.95697e-16
-3.6e-05	3.2e-05	7.84424e-17
-3.6e-05	3.6e-05	-2.35978e-16
-3.6e-05	4e-05	-5.36468e-16
-3.6e-05	4.4e-05	3.87532e-16
-3.6e-05	4.8e-05	2.5461e-17
-3.6e-05	5.2e-05	3.2243e-16
-3.6e-05	5.6e-05	1.49361e-16
-3.6e-05	6e-05	2.19822e-16
-3.6e-05	6.4e-05	1.27921e-16
-3.6e-05	6.8e-05	8.72115e-18
-3.6e-05	7.2e-05	9.63474e-17
-3.6e-05	7.6e-05	-2.11441e-16
-3.2e-05	-8e-05	-9.99977e-19
-3.2e-05	-7.6e-05	-1.82298e-16
-3.2e-05	-7.2e-05	4.90184e-17
-3.2e-05	-6.8e-05	1.72012e-16
-3.2e-05	-6.4e-05	2.1777e-16
-3.2e-05	-6e-05	3.56318e-16
-3.2e-05	-5.6e-05	4.09688e-16
-3.2e-05	-5.2e-05	5.50728e-16
-3.2e-05	-4.8e-05	5.12027e-18
-3.2e-05	-4.4e-05	5.09606e-16
-3.2e-05	-4e-05	-5.58989e-16
-3.2e-05	-3.6e-05	-4.8806e-16
-3.2e-05	-3.2e-05	3.3673e-17
-3.2e-05	-2.8e-05	3.53421e-17
-3.2e-05	-2.4e-05	-3.78492e-16
-3.2e-05	-2e-05	-1.2873e-15
-3.2e-05	-1.6e-05	-4.3726e-14
-3.2e-05	-1.2e-05	-1.1138e-12
-3.2e-05	-8e-06	-1.82937e-12
-3.2e-05	-4e-06	-8.9806e-13
-3.2e-05	0	6.94917e-13
-3.2e-05	4e-06	1.78266e-12
-3.2e-05	8e-06	1.53073e-12
-3.2e-05	1.2e-05	6.05797e-14
-3.2e-05	1.6e-05	1.45829e-15
-3.2e-05	2e-05	1.02776e-16
-3.2e-05	2.4e-05	3.23422e-17
-3.2e-05	2.8e-05	-2.75089e-16
-3.2e-05	3.2e-05	9.10714e-17
-3.2e-05	3.6e-05	-2.18249e-16
-3.2e-05	4e-05	-2.3423e-16
-3.2e-05	4.4e-05	-9.87883e-17
-3.2e-05	4.8e-05	-7.14768e-17
-3.2e-05	5.2e-05	-8.1131e-17
-3.2e-05	5.6e-05	-2.61845e-17
-3.2e-05	6e-05	-3.99758e-17
-3.2e-05	6.4e-05	2.03849e-16
-3.2e-05	6.8e-05	1.01204e-16
-3.2e-05	7.2e-05	3.15698e-16
-3.2e-05	7.6e-05	1.16232e-16
-2.8e-05	-8e-05	2.34452e-16
-2.8e-05	-7.6e-05	4.26024e-17
-2.8e-05	-7.2e-05	3.75658e-16
-2.8e-05	-6.8e-05	2.27683e-16
-2.8e-05	-6.4e-05	5.12827e-16
-2.8e-05	-6e-05	1.71527e-16
-2.8e-05	-5.6e-05	2.57787e-16
-2.8e-05	-5.2e-05	-1.60875e-17
-2.8e-05	-4.8e-05	-1.62753e-16
-2.8e-05	-4.4e-05	-2.77149e-16
-2.8e-05	-4e-05	-4.96592e-16
-2.8e-05	-3.6e-05	9.30687e-18
-2.8e-05	-3.2e-05	1.85815e-16
-2.8e-05	-2.8e-05	-6.681e-16
-2.8e-05	-2.4e-05	-1.61443e-15
-2.8e-05	-2e-05	-1.07532e-13
-2.8e-05	-1.6e-05	-5.37045e-12
-2.8e-05	-1.2e-05	-1.63197e-10
-2.8e-05	-8e-06	-2.6905e-10
-2.8e-05	-4e-06	-1.31926e-10
-2.8e-05	0	1.02141e-10
-2.8e-05	4e-06	2.61974e-10
-2.8e-05	8e-06	2.25008e-10
-2.8e-05	1.2e-05	7.45851e-12
-2.8e-05	1.6e-05	1.49867e-13
-2.8e-05	2e-05	2.37771e-15
-2.8e-05	2.4e-05	3.23906e-16
-2.8e-05	2.8e-05	-1.62954e-16
-2.8e-05	3.2e-05	-5.71546e-16
-2.8e-05	3.6e-05	7.43526e-17
-2.8e-05	4e-05	-1.85551e-16
-2.8e-05	4.4e-05	1.56568e-16
-2.8e-05	4.8e-05	-1.02142e-16
-2.8e-05	5.2e-05	-2.53201e-16
-2.8e-05	5.6e-05	-2.74298e-16
-2.8e-05	6e-05	-3.85677e-16
-2.8e-05	6.4e-05	8.36622e-18
-2.8e-05	6.8e-05	-5.9866e-18
-2.8e-05	7.2e-05	1.11702e-16
-2.8e-05	7.6e-05	7.39897e-17
-2.4e-05	-8e-05	1.63168e-16
-2.4e-05	-7.6e-05	1.19937e-17
-2.4e-05	-7.2e-05	1.35047e-16
-2.4e-05	-6.8e-05	1.7553e-16
-2.4e-05	-6.4e-05	1.0726e-16
-2.4e-05	-6e-05	-3.88957e-17
-2.4e-05	-5.6e-05	-1.31867e-17
-2.4e-05	-5.2e-05	-3.25488e-16
-2.4e-05	-4.8e-05	-4.35641e-16
-2.4e-05	-4.4e-05	-7.56537e-17
-2.4e-05	-4e-05	-1.78553e-16
-2.4e-05	-3.6e-05	5.41483e-16
-2.4e-05	-3.2e-05	-5.60388e-16
-2.4e-05	-2.8e-05	-1.87819e-15
-2.4e-05	-2.4e-05	-1.4174e-13
-2.4e-05	-2e-05	-1.05786e-11
-2.4e-05	-1.6e-05	-6.32672e-10
-2.4e-05	-1.2e-05	-2.39135e-08
-2.4e-05	-8e-06	-3.95816e-08
-2.4e-05	-4e-06	-1.93863e-08
-2.4e-05	0	1.50086e-08
-2.4e-05	4e-06	3.85011e-08
-2.4e-05	8e-06	3.30799e-08
-2.4e-05	1.2e-05	8.80281e-10
-2.4e-05	1.6e-05	1.47536e-11
-2.4e-05	2e-05	1.97929e-13
-2.4e-05	2.4e-05	2.8087e-15
-2.4e-05	2.8e-05	2.29396e-17
-2.4e-05	3.2e-05	-4.1525e-16
-2.4e-05	3.6e-05	-5.80176e-16
-2.4e-05	4e-05	2.25999e-16
-2.4e-05	4.4e-05	-8.69465e-17
-2.4e-05	4.8e-05	-1.49201e-16
-2.4e-05	5.2e-05	-5.07596e-16
-2.4e-05	5.6e-05	-1.77699e-16
-2.4e-05	6e-05	-3.49864e-16
-2.4e-05	6.4e-05	-1.83042e-16
-2.4e-05	6.8e-05	-4.45971e-16
-2.4e-05	7.2e-05	-1.27573e-16
-2.4e-05	7.6e-05	-3.23506e-16
-2e-05	-8e-05	-1.54373e-16
-2e-05	-7.6e-05	4.57522e-17
-2e-05	-7.2e-05	-9.43903e-17
-2e-05	-6.8e-05	-3.19433e-16
-2e-05	-6.4e-05	7.01656e-18
-2e-05	-6e-05	-2.11354e-16
-2e-05	-5.6e-05	-2.52782e-16
-2e-05	-5.2e-05	-6.14067e-16
-2e-05	-4.8e-05	-2.28739e-16
-2e-05	-4.4e-05	-4.01919e-16
-2e-05	-4e-05	1.58027e-16
-2e-05	-3.6e-05	-5.04636e-17
-2e-05	-3.2e-05	-1.27354e-15
-2e-05	-2.8e-05	-1.0526e-13
-2e-05	-2.4e-05	-1.04503e-11
-2e-05	-2e-05	-9.35002e-10
-2e-05	-1.6e-05	-6.98455e-08
-2e-05	-1.2e-05	-3.50409e-06
-2e-05	-8e-06	-5.82324e-06
-2e-05	-4e-06	-2.84874e-06
-2e-05	0	2.20537e-06
-2e-05	4e-06	5.65829e-06
-2e-05	8e-06	4.8635e-06
-2e-05	1.2e-05	9.73737e-08
-2e-05	1.6e-05	1.30615e-09
-2e-05	2e-05	1.46184e-11
-2e-05	2.4e-05	1.46945e-13
-2e-05	2.8e-05	1.13315e-15
-2e-05	3.2e-05	-6.60645e-16
-2e-05	3.6e-05	1.54555e-16
-2e-05	4e-05	2.83844e-16
-2e-05	4.4e-05	7.36396e-17
-2e-05	4.8e-05	-1.69039e-16
-2e-05	5.2e-05	-3.20633e-16
-2e-05	5.6e-05	-2.65896e-16
-2e-05	6e-05	-3.1421e-16
-2e-05	6.4e-05	-3.25188e-16
-2e-05	6.8e-05	-5.41662e-17
-2e-05	7.2e-05	-5.26523e-16
-2e-05	7.6e-05	-3.10573e-16
-1.6e-05	-8e-05	-4.67077e-16
-1.6e-05	-7.6e-05	-3.09157e-16
-1.6e-05	-7.2e-05	-3.37227e-16
-1.6e-05	-6.8e-05	-1.27997e-16
-1.6e-05	-6.4e-05	-2.42422e-16
-1.6e-05	-6e-05	-2.23123e-16
-1.6e-05	-5.6e-05	-3.178e-16
-1.6e-05	-5.2e-05	-3.04546e-16
-1.6e-05	-4.8e-05	-2.11644e-16
-1.6e-05	-4.4e-05	-9.22291e-17
-1.6e-05	-4e-05	1.59384e-16
-1.6e-05	-3.6e-05	-1.64794e-16
-1.6e-05	-3.2e-05	-4.15512e-14
-1.6e-05	-2.8e-05	-5.13937e-12
-1.6e-05	-2.4e-05	-6.13648e-10
-1.6e-05	-2e-05	-6.87197e-08
-1.6e-05	-1.6e-05	-6.84687e-06
-1.6e-05	-1.2e-05	-0.00051346
-1.6e-05	-8e-06	-0.00085673
-1.6e-05	-4e-06	-0.000418604
-1.6e-05	0	0.000324056
-1.6e-05	4e-06	0.000831567
-1.6e-05	8e-06	0.000715082
-1.6e-05	1.2e-05	9.56707e-06
-1.6e-05	1.6e-05	9.61946e-08
-1.6e-05	2e-05	8.60213e-10
-1.6e-05	2.4e-05	7.21357e-12
-1.6e-05	2.8e-05	5.76949e-14
-1.6e-05	3.2e-05	-4.79417e-17
-1.6e-05	3.6e-05	-2.13911e-16
-1.6e-05	4e-05	4.21901e-16
-1.6e-05	4.4e-05	-9.02047e-17
-1.6e-05	4.8e-05	-3.25574e-17
-1.6e-05	5.2e-05	-1.58786e-16
-1.6e-05	5.6e-05	-2.62206e-16
-1.6e-05	6e-05	-1.08295e-16
-1.6e-05	6.4e-05	-1.42989e-16
-1.6e-05	6.8e-05	-2.6696e-16
-1.6e-05	7.2e-05	9.03617e-17
-1.6e-05	7.6e-05	-2.28022e-16
-1.2e-05	-8e-05	-3.60671e-16
-1.2e-05	-7.6e-05	-9.81367e-18
-1.2e-05	-7.2e-05	-1.32897e-16
-1.2e-05	-6.8e-05	-5.11353e-17
-1.2e-05	-6.4e-05	1.13177e-16
-1.2e-05	-6e-05	8.01468e-17
-1.2e-05	-5.6e-05	-6.12262e-17
-1.2e-05	-5.2e-05	-3.71172e-17
-1.2e-05	-4.8e-05	8.46919e-17
-1.2e-05	-4.4e-05	-2.14769e-16
-1.2e-05	-4e-05	3.37512e-17
-1.2e-05	-3.6e-05	-6.89323e-15
-1.2e-05	-3.2e-05	-9.85332e-13
-1.2e-05	-2.8e-05	-1.47947e-10
-1.2e-05	-2.4e-05	-2.22197e-08
-1.2e-05	-2e-05	-3.33724e-06
-1.2e-05	-1.6e-05	-0.000501247
-1.2e-05	-1.2e-05	-0.0752381
-1.2e-05	-8e-06	-0.126047
-1.2e-05	-4e-06	-0.0615101
-1.2e-05	0	0.0476165
-1.2e-05	4e-06	0.12221
-1.2e-05	8e-06	0.105144
-1.2e-05	1.2e-05	0.000702759
-1.2e-05	1.6e-05	4.68876e-06
-1.2e-05	2e-05	3.12847e-08
-1.2e-05	2.4e-05	2.08752e-10
-1.2e-05	2.8e-05	1.39224e-12
-1.2e-05	3.2e-05	8.93656e-15
-1.2e-05	3.6e-05	3.86117e-16
-1.2e-05	4e-05	-6.07182e-17
-1.2e-05	4.4e-05	-2.94406e-16
-1.2e-05	4.8e-05	-3.66995e-16
-1.2e-05	5.2e-05	-1.39402e-16
-1.2e-05	5.6e-05	-2.22796e-16
-1.2e-05	6e-05	-1.9849e-16
-1.2e-05	6.4e-05	-1.84917e-16
-1.2e-05	6.8e-05	1.52917e-16
-1.2e-05	7.2e-05	-3.81566e-16
-1.2e-05	7.6e-05	-1.80485e-16
-8e-06	-8e-05	5.44158e-17
-8e-06	-7.6e-05	-2.07722e-16
-8e-06	-7.2e-05	4.64712e-17
-8e-06	-6.8e-05	-8.24137e-18
-8e-06	-6.4e-05	-1.70568e-16
-8e-06	-6e-05	1.42649e-16
-8e-06	-5.6e-05	-1.77842e-16
-8e-06	-5.2e-05	-1.11668e-16
-8e-06	-4.8e-05	-4.85999e-16
-8e-06	-4.4e-05	-2.13467e-16
-8e-06	-4e-05	-3.26815e-16
-8e-06	-3.6e-05	1.28173e-14
-8e-06	-3.2e-05	1.98064e-12
-8e-06	-2.8e-05	2.97219e-10
-8e-06	-2.4e-05	4.45918e-08
-8e-06	-2e-05	6.69012e-06
-8e-06	-1.6e-05	0.00100372
-8e-06	-1.2e-05	0.150437
-8e-06	-8e-06	0.215267
-8e-06	-4e-06	0.116748
-8e-06	0	-0.0903625
-8e-06	4e-06	-0.22889
-8e-06	8e-06	-0.177776
-8e-06	1.2e-05	-0.00118722
-8e-06	1.6e-05	-7.91681e-06
-8e-06	2e-05	-5.27924e-08
-8e-06	2.4e-05	-3.52041e-10
-8e-06	2.8e-05	-2.34802e-12
-8e-06	3.2e-05	-1.54529e-14
-8e-06	3.6e-05	-1.47061e-16
-8e-06	4e-05	1.02368e-16
-8e-06	4.4e-05	-2.86569e-16
-8e-06	4.8e-05	-1.76483e-16
-8e-06	5.2e-05	-3.29465e-16
-8e-06	5.6e-05	-3.66165e-16
-8e-06	6e-05	-3.07854e-16
-8e-06	6.4e-05	-5.56789e-17
-8e-06	6.8e-05	-4.62762e-16
-8e-06	7.2e-05	-1.55713e-16
-8e-06	7.6e-05	-1.10757e-16
-4e-06	-8e-05	-2.04066e-16
-4e-06	-7.6e-05	1.36304e-16
-4e-06	-7.2e-05	-1.26146e-16
-4e-06	-6.8e-05	-2.1529e-16
-4e-06	-6.4e-05	-1.09923e-16
-4e-06	-6e-05	-1.15006e-16
-4e-06	-5.6e-05	-7.10134e-17
-4e-06	-5.2e-05	-3.70191e-16
-4e-06	-4.8e-05	-3.39401e-16
-4e-06	-4.4e-05	-4.12155e-16
-4e-06	-4e-05	-5.30675e-16
-4e-06	-3.6e-05	-1.77343e-14
-4e-06	-3.2e-05	-2.61266e-12
-4e-06	-2.8e-05	-3.91909e-10
-4e-06	-2.4e-05	-5.87897e-08
-4e-06	-2e-05	-8.81899e-06
-4e-06	-1.6e-05	-0.00132293
-4e-06	-1.2e-05	-0.198216
-4e-06	-8e-06	-0.273771
-4e-06	-4e-06	-0.135327
-4e-06	0	0.120201
-4e-06	4e-06	0.286955
-4e-06	8e-06	0.205656
-4e-06	1.2e-05	0.00137248
-4e-06	1.6e-05	9.14722e-06
-4e-06	2e-05	6.09636e-08
-4e-06	2.4e-05	4.06303e-10
-4e-06	2.8e-05	2.70791e-12
-4e-06	3.2e-05	1.75884e-14
-4e-06	3.6e-05	5.372e-16
-4e-06	4e-05	-3.92555e-16
-4e-06	4.4e-05	-3.1015e-16
-4e-06	4.8e-05	-3.75726e-16
-4e-06	5.2e-05	-4.52365e-16
-4e-06	5.6e-05	-2.46385e-16
-4e-06	6e-05	-4.65959e-16
-4e-06	6.4e-05	-5.04153e-16
-4e-06	6.8e-05	-3.49566e-16
-4e-06	7.2e-05	-5.06756e-16
-4e-06	7.6e-05	-7.12954e-16
0	-8e-05	-6.11864e-17
0	-7.6e-05	-3.01767e-16
0	-7.2e-05	-1.51788e-16
0	-6.8e-05	-4.98625e-16
0	-6.4e-05	-3.93128e-16
0	-6e-05	-3.43442e-16
0	-5.6e-05	-4.95939e-16
0	-5.2e-05	-4.7416e-16
0	-4.8e-05	-5.91294e-16
0	-4.4e-05	-1.79202e-16
0	-4e-05	-4.25503e-16
0	-3.6e-05	1.82632e-14
0	-3.2e-05	2.70742e-12
0	-2.8e-05	4.06303e-10
0	-2.4e-05	6.09636e-08
0	-2e-05	9.14722e-06
0	-1.6e-05	0.00137248
0	-1.2e-05	0.205656
0	-8e-06	0.286955
0	-4e-06	0.120201
0	0	-0.135327
0	4e-06	-0.273771
0	8e-06	-0.198216
0	1.2e-05	-0.00132293
0	1.6e-05	-8.81899e-06
0	2e-05	-5.87897e-08
0	2.4e-05	-3.91908e-10
0	2.8e-05	-2.61277e-12
0	3.2e-05	-1.70066e-14
0	3.6e-05	-9.5908e-17
0	4e-05	6.81515e-17
0	4.4e-05	-4.98055e-16
0	4.8e-05	1.42052e-17
0	5.2e-05	-2.33446e-16
0	5.6e-05	-1.26625e-16
0	6e-05	-3.56089e-16
0	6.4e-05	-2.71742e-16
0	6.8e-05	-6.88531e-16
0	7.2e-05	-6.92387e-16
0	7.6e-05	-3.22303e-16
4e-06	-8e-05	-4.78863e-16
4e-06	-7.6e-05	-4.85091e-17
4e-06	-7.2e-05	-4.32173e-16
4e-06	-6.8e-05	-3.48539e-16
4e-06	-6.4e-05	-2.47264e-16
4e-06	-6e-05	-4.18055e-16
4e-06	-5.6e-05	5.76171e-18
4e-06	-5.2e-05	-5.13637e-16
4e-06	-4.8e-05	2.89739e-17
4e-06	-4.4e-05	-4.62352e-16
4e-06	-4e-05	2.21829e-16
4e-06	-3.6e-05	-1.58498e-14
4e-06	-3.2e-05	-2.34722e-12
4e-06	-2.8e-05	-3.52042e-10
4e-06	-2.4e-05	-5.27924e-08
4e-06	-2e-05	-7.91681e-06
4e-06	-1.6e-05	-0.00118722
4e-06	-1.2e-05	-0.177776
4e-06	-8e-06	-0.22889
4e-06	-4e-06	-0.0903625
4e-06	0	0.116748
4e-06	4e-06	0.215267
4e-06	8e-06	0.150437
4e-06	1.2e-05	0.00100372
4e-06	1.6e-05	6.69012e-06
4e-06	2e-05	4.45918e-08
4e-06	2.4e-05	2.97219e-10
4e-06	2.8e-05	1.98123e-12
4e-06	3.2e-05	1.34128e-14
4e-06	3.6e-05	-3.25632e-17
4e-06	4e-05	-3.74666e-16
4e-06	4.4e-05	1.84203e-16
4e-06	4.8e-05	-4.84736e-17
4e-06	5.2e-05	2.95598e-16
4e-06	5.6e-05	-4.63864e-16
4e-06	6e-05	1.93997e-16
4e-06	6.4e-05	-6.84778e-16
4e-06	6.8e-05	-2.41638e-17
4e-06	7.2e-05	-4.85847e-16
4e-06	7.6e-05	-1.61564e-16
8e-06	-8e-05	-2.64629e-16
8e-06	-7.6e-05	2.76202e-16
8e-06	-7.2e-05	-3.52836e-16
8e-06	-6.8e-05	-1.00807e-16
8e-06	-6.4e-05	-6.42826e-16
8e-06	-6e-05	3.46885e-16
8e-06	-5.6e-05	-4.88471e-16
8e-06	-5.2e-05	3.82227e-16
8e-06	-4.8e-05	-4.84847e-16
8e-06	-4.4e-05	3.62549e-16
8e-06	-4e-05	-6.93503e-17
8e-06	-3.6e-05	9.56555e-15
8e-06	-3.2e-05	1.3932e-12
8e-06	-2.8e-05	2.08752e-10
8e-06	-2.4e-05	3.12847e-08
8e-06	-2e-05	4.68876e-06
8e-06	-1.6e-05	0.000702759
8e-06	-1.2e-05	0.105144
8e-06	-8e-06	0.12221
8e-06	-4e-06	0.0476165
8e-06	0	-0.0615101
8e-06	4e-06	-0.126047
8e-06	8e-06	-0.0752381
8e-06	1.2e-05	-0.000501247
8e-06	1.6e-05	-3.33724e-06
8e-06	2e-05	-2.22197e-08
8e-06	2.4e-05	-1.47946e-10
8e-06	2.8e-05	-9.85101e-13
8e-06	3.2e-05	-6.83344e-15
8e-06	3.6e-05	-1.72413e-16
8e-06	4e-05	-2.87213e-16
8e-06	4.4e-05	2.00597e-16
8e-06	4.8e-05	2.84224e-17
8e-06	5.2e-05	-1.78408e-17
8e-06	5.6e-05	-5.75358e-17
8e-06	6e-05	-3.74204e-16
8e-06	6.4e-05	9.01685e-17
8e-06	6.8e-05	-3.57685e-16
8e-06	7.2e-05	-3.1731e-16
8e-06	7.6e-05	4.41471e-18
1.2e-05	-8e-05	1.31135e-16
1.2e-05	-7.6e-05	-2.19609e-16
1.2e-05	-7.2e-05	1.38444e-16
1.2e-05	-6.8e-05	-2.47125e-16
1.2e-05	-6.4e-05	5.34046e-17
1.2e-05	-6e-05	-2.01315e-16
1.2e-05	-5.6e-05	2.05893e-16
1.2e-05	-5.2e-05	8.23034e-17
1.2e-05	-4.8e-05	-1.00699e-16
1.2e-05	-4.4e-05	-1.20228e-16
1.2e-05	-4e-05	-3.16269e-16
1.2e-05	-3.6e-05	5.11504e-16
1.2e-05	-3.2e-05	5.81048e-14
1.2e-05	-2.8e-05	7.21356e-12
1.2e-05	-2.4e-05	8.60213e-10
1.2e-05	-2e-05	9.61946e-08
1.2e-05	-1.6e-05	9.56707e-06
1.2e-05	-1.2e-05	0.000715082
1.2e-05	-8e-06	0.000831567
1.2e-05	-4e-06	0.000324056
1.2e-05	0	-0.000418604
1.2e-05	4e-06	-0.00085673
1.2e-05	8e-06	-0.00051346
1.2e-05	1.2e-05	-6.84687e-06
1.2e-05	1.6e-05	-6.87197e-08
1.2e-05	2e-05	-6.13647e-10
1.2e-05	2.4e-05	-5.13906e-12
1.2e-05	2.8e-05	-4.12552e-14
1.2e-05	3.2e-05	-5.23467e-16
1.2e-05	3.6e-05	-1.18507e-16
1.2e-05	4e-05	3.10559e-17
1.2e-05	4.4e-05	-5.36447e-17
1.2e-05	4.8e-05	6.32895e-17
1.2e-05	5.2e-05	-2.08005e-16
1.2e-05	5.6e-05	5.9006e-17
1.2e-05	6e-05	-1.72493e-18
1.2e-05	6.4e-05	-1.53709e-16
1.2e-05	6.8e-05	-4.34915e-16
1.2e-05	7.2e-05	1.6689e-16
1.2e-05	7.6e-05	-2.94001e-16
1.6e-05	-8e-05	2.38124e-16
1.6e-05	-7.6e-05	-1.03037e-16
1.6e-05	-7.2e-05	4.99575e-17
1.6e-05	-6.8e-05	-2.21418e-16
1.6e-05	-6.4e-05	2.85154e-17
1.6e-05	-6e-05	-2.25466e-16
1.6e-05	-5.6e-05	1.70653e-16
1.6e-05	-5.2e-05	-6.99548e-17
1.6e-05	-4.8e-05	6.3059e-17
1.6e-05	-4.4e-05	-1.27306e-16
1.6e-05	-4e-05	2.75828e-17
1.6e-05	-3.6e-05	-1.73856e-16
1.6e-05	-3.2e-05	1.45019e-15
1.6e-05	-2.8e-05	1.47732e-13
1.6e-05	-2.4e-05	1.46182e-11
1.6e-05	-2e-05	1.30615e-09
1.6e-05	-1.6e-05	9.73737e-08
1.6e-05	-1.2e-05	4.8635e-06
1.6e-05	-8e-06	5.65829e-06
1.6e-05	-4e-06	2.20537e-06
1.6e-05	0	-2.84874e-06
1.6e-05	4e-06	-5.82324e-06
1.6e-05	8e-06	-3.50409e-06
1.6e-05	1.2e-05	-6.98455e-08
1.6e-05	1.6e-05	-9.35001e-10
1.6e-05	2e-05	-1.04495e-11
1.6e-05	2.4e-05	-1.05157e-13
1.6e-05	2.8e-05	-9.26135e-16
1.6e-05	3.2e-05	7.49032e-17
1.6e-05	3.6e-05	1.91168e-17
1.6e-05	4e-05	1.05492e-16
1.6e-05	4.4e-05	1.95378e-16
1.6e-05	4.8e-05	3.2715e-17
1.6e-05	5.2e-05	-1.14054e-16
1.6e-05	5.6e-05	1.1899e-16
1.6e-05	6e-05	-3.27987e-16
1.6e-05	6.4e-05	-1.57788e-16
1.6e-05	6.8e-05	-1.29118e-17
1.6e-05	7.2e-05	-2.94924e-16
1.6e-05	7.6e-05	2.00589e-16
2e-05	-8e-05	-2.71756e-16
2e-05	-7.6e-05	3.60343e-17
2e-05	-7.2e-05	-1.21107e-16
2e-05	-6.8e-05	-9.36029e-17
2e-05	-6.4e-05	-1.14459e-16
2e-05	-6e-05	-7.68512e-17
2e-05	-5.6e-05	-8.28798e-17
2e-05	-5.2e-05	2.49396e-17
2e-05	-4.8e-05	-4.98579e-17
2e-05	-4.4e-05	-2.73716e-16
2e-05	-4e-05	1.67754e-16
2e-05	-3.6e-05	3.89012e-17
2e-05	-3.2e-05	2.28258e-16
2e-05	-2.8e-05	2.87231e-15
2e-05	-2.4e-05	1.98374e-13
2e-05	-2e-05	1.47541e-11
2e-05	-1.6e-05	8.80282e-10
2e-05	-1.2e-05	3.30799e-08
2e-05	-8e-06	3.85011e-08
2e-05	-4e-06	1.50086e-08
2e-05	0	-1.93863e-08
2e-05	4e-06	-3.95816e-08
2e-05	8e-06	-2.39135e-08
2e-05	1.2e-05	-6.32672e-10
2e-05	1.6e-05	-1.05785e-11
2e-05	2e-05	-1.41922e-13
2e-05	2.4e-05	-1.70473e-15
2e-05	2.8e-05	4.21577e-17
2e-05	3.2e-05	2.5035e-16
2e-05	3.6e-05	1.19281e-16
2e-05	4e-05	5.48197e-16
2e-05	4.4e-05	1.38406e-16
2e-05	4.8e-05	7.53225e-17
2e-05	5.2e-05	-6.70054e-18
2e-05	5.6e-05	-9.55168e-17
2e-05	6e-05	1.86603e-17
2e-05	6.4e-05	2.43008e-18
2e-05	6.8e-05	-3.43965e-16
2e-05	7.2e-05	3.16124e-17
2e-05	7.6e-05	-3.22747e-16
2.4e-05	-8e-05	-1.34948e-17
2.4e-05	-7.6e-05	-9.32822e-17
2.4e-05	-7.2e-05	-1.01409e-16
2.4e-05	-6.8e-05	-2.16043e-17
2.4e-05	-6.4e-05	-6.86923e-17
2.4e-05	-6e-05	-1.11441e-16
2.4e-05	-5.6e-05	-1.73394e-17
2.4e-05	-5.2e-05	2.18724e-16
2.4e-05	-4.8e-05	5.02253e-16
2.4e-05	-4.4e-05	-4.02132e-17
2.4e-05	-4e-05	5.27152e-18
2.4e-05	-3.6e-05	1.10773e-16
2.4e-05	-3.2e-05	1.15512e-17
2.4e-05	-2.8e-05	3.54645e-16
2.4e-05	-2.4e-05	2.75293e-15
2.4e-05	-2e-05	1.50182e-13
2.4e-05	-1.6e-05	7.45845e-12
2.4e-05	-1.2e-05	2.25008e-10
2.4e-05	-8e-06	2.61974e-10
2.4e-05	-4e-06	1.02141e-10
2.4e-05	0	-1.31926e-10
2.4e-05	4e-06	-2.69049e-10
2.4e-05	8e-06	-1.63196e-10
2.4e-05	1.2e-05	-5.37067e-12
2.4e-05	1.6e-05	-1.07988e-13
2.4e-05	2e-05	-1.94418e-15
2.4e-05	2.4e-05	-2.74497e-16
2.4e-05	2.8e-05	8.85057e-17
2.4e-05	3.2e-05	2.42489e-17
2.4e-05	3.6e-05	4.26478e-16
2.4e-05	4e-05	2.52048e-16
2.4e-05	4.4e-05	1.23991e-16
2.4e-05	4.8e-05	2.21809e-17
2.4e-05	5.2e-05	2.59869e-16
2.4e-05	5.6e-05	2.14007e-16
2.4e-05	6e-05	2.72339e-16
2.4e-05	6.4e-05	-2.32234e-17
2.4e-05	6.8e-05	4.20341e-16
2.4e-05	7.2e-05	-1.30127e-16
2.4e-05	7.6e-05	4.21124e-16
2.8e-05	-8e-05	-2.90504e-16
2.8e-05	-7.6e-05	3.39632e-16
2.8e-05	-7.2e-05	9.67996e-17
2.8e-05	-6.8e-05	1.85186e-16
2.8e-05	-6.4e-05	2.38408e-16
2.8e-05	-6e-05	4.70135e-16
2.8e-05	-5.6e-05	-5.17026e-17
2.8e-05	-5.2e-05	2.58644e-16
2.8e-05	-4.8e-05	5.86978e-16
2.8e-05	-4.4e-05	7.38848e-16
2.8e-05	-4e-05	2.42749e-16
2.8e-05	-3.6e-05	4.91719e-16
2.8e-05	-3.2e-05	-8.84992e-17
2.8e-05	-2.8e-05	-4.13268e-16
2.8e-05	-2.4e-05	-7.22588e-17
2.8e-05	-2e-05	1.00017e-15
2.8e-05	-1.6e-05	6.04045e-14
2.8e-05	-1.2e-05	1.53011e-12
2.8e-05	-8e-06	1.78221e-12
2.8e-05	-4e-06	6.95197e-13
2.8e-05	0	-8.97739e-13
2.8e-05	4e-06	-1.82862e-12
2.8e-05	8e-06	-1.11347e-12
2.8e-05	1.2e-05	-4.39491e-14
2.8e-05	1.6e-05	-9.47648e-16
2.8e-05	2e-05	-3.55894e-16
2.8e-05	2.4e-05	4.89979e-17
2.8e-05	2.8e-05	-1.5619e-16
2.8e-05	3.2e-05	-4.35348e-17
2.8e-05	3.6e-05	1.30506e-17
2.8e-05	4e-05	-1.27582e-16
2.8e-05	4.4e-05	-1.52866e-16
2.8e-05	4.8e-05	2.38843e-16
2.8e-05	5.2e-05	1.95469e-16
2.8e-05	5.6e-05	8.27422e-17
2.8e-05	6e-05	1.01797e-16
2.8e-05	6.4e-05	4.97193e-16
2.8e-05	6.8e-05	-4.92459e-17
2.8e-05	7.2e-05	4.64399e-16
2.8e-05	7.6e-05	-6.14656e-17
3.2e-05	-8e-05	4.41571e-16
3.2e-05	-7.6e-05	1.48542e-16
3.2e-05	-7.2e-05	3.98427e-16
3.2e-05	-6.8e-05	2.94958e-16
3.2e-05	-6.4e-05	1.53212e-16
3.2e-05	-6e-05	4.30681e-16
3.2e-05	-5.6e-05	4.58103e-16
3.2e-05	-5.2e-05	-1.64268e-16
3.2e-05	-4.8e-05	2.4093e-17
3.2e-05	-4.4e-05	4.53266e-16
3.2e-05	-4e-05	3.34708e-16
3.2e-05	-3.6e-05	-3.8129e-17
3.2e-05	-3.2e-05	1.43563e-17
3.2e-05	-2.8e-05	-3.77298e-16
3.2e-05	-2.4e-05	-2.91559e-16
3.2e-05	-2e-05	-5.38714e-16
3.2e-05	-1.6e-05	3.08889e-16
3.2e-05	-1.2e-05	1.0064e-14
3.2e-05	-8e-06	1.23465e-14
3.2e-05	-4e-06	4.6886e-15
3.2e-05	0	-5.89832e-15
3.2e-05	4e-06	-1.21099e-14
3.2e-05	8e-06	-7.43198e-15
3.2e-05	1.2e-05	-8.37055e-17
3.2e-05	1.6e-05	8.4852e-17
3.2e-05	2e-05	2.88732e-16
3.2e-05	2.4e-05	5.04167e-17
3.2e-05	2.8e-05	-4.28873e-17
3.2e-05	3.2e-05	-1.36989e-16
3.2e-05	3.6e-05	-1.75553e-16
3.2e-05	4e-05	-4.88655e-16
3.2e-05	4.4e-05	1.50612e-17
3.2e-05	4.8e-05	-2.40957e-16
3.2e-05	5.2e-05	-2.09586e-16
3.2e-05	5.6e-05	-3.1472e-16
3.2e-05	6e-05	1.79702e-16
3.2e-05	6.4e-05	-1.38185e-16
3.2e-05	6.8e-05	1.65578e-16
3.2e-05	7.2e-05	-2.12125e-16
3.2e-05	7.6e-05	4.56942e-17
3.6e-05	-8e-05	-2.08562e-16
3.6e-05	-7.6e-05	2.52579e-16
3.6e-05	-7.2e-05	-1.23974e-16
3.6e-05	-6.8e-05	6.44501e-17
3.6e-05	-6.4e-05	5.01376e-18
3.6e-05	-6e-05	-1.40315e-16
3.6e-05	-5.6e-05	-3.79904e-17
3.6e-05	-5.2e-05	6.84832e-17
3.6e-05	-4.8e-05	-6.16389e-16
3.6e-05	-4.4e-05	-1.82325e-16
3.6e-05	-4e-05	-3.47181e-16
3.6e-05	-3.6e-05	-7.51012e-17
3.6e-05	-3.2e-05	-9.69688e-17
3.6e-05	-2.8e-05	1.66435e-16
3.6e-05	-2.4e-05	-8.79488e-17
3.6e-05	-2e-05	3.74442e-16
3.6e-05	-1.6e-05	1.84718e-16
3.6e-05	-1.2e-05	3.51242e-16
3.6e-05	-8e-06	3.21722e-16
3.6e-05	-4e-06	5.40169e-17
3.6e-05	0	-1.37343e-16
3.6e-05	4e-06	-2.9442e-16
3.6e-05	8e-06	-3.21197e-16
3.6e-05	1.2e-05	1.4075e-17
3.6e-05	1.6e-05	2.59355e-16
3.6e-05	2e-05	1.27424e-16
3.6e-05	2.4e-05	2.09364e-16
3.6e-05	2.8e-05	3.72258e-17
3.6e-05	3.2e-05	1.73926e-16
3.6e-05	3.6e-05	-1.42945e-16
3.6e-05	4e-05	9.07002e-17
3.6e-05	4.4e-05	-2.35911e-16
3.6e-05	4.8e-05	-2.27727e-16
3.6e-05	5.2e-05	-3.69258e-16
3.6e-05	5.6e-05	1.07959e-16
3.6e-05	6e-05	-2.88896e-16
3.6e-05	6.4e-05	4.11332e-17
3.6e-05	6.8e-05	-5.33454e-16
3.6e-05	7.2e-05	-1.39119e-16
3.6e-05	7.6e-05	-4.97563e-16
4e-05	-8e-05	-9.60758e-17
4e-05	-7.6e-05	-5.73517e-16
4e-05	-7.2e-05	-7.23457e-17
4e-05	-6.8e-05	-3.21167e-16
4e-05	-6.4e-05	-7.14137e-17
4e-05	-6e-05	-4.12016e-16
4e-05	-5.6e-05	-2.72586e-16
4e-05	-5.2e-05	-1.2898e-16
4e-05	-4.8e-05	1.38467e-17
4e-05	-4.4e-05	-4.74335e-16
4e-05	-4e-05	1.23691e-16
4e-05	-3.6e-05	-1.88768e-16
4e-05	-3.2e-05	3.67764e-16
4e-05	-2.8e-05	1.40172e-16
4e-05	-2.4e-05	3.80567e-16
4e-05	-2e-05	4.66127e-16
4e-05	-1.6e-05	3.37993e-16
4e-05	-1.2e-05	1.50889e-16
4e-05	-8e-06	4.31736e-17
4e-05	-4e-06	-2.01191e-16
4e-05	0	-2.47115e-16
4e-05	4e-06	-4.42553e-16
4e-05	8e-06	-3.82664e-16
4e-05	1.2e-05	-1.84634e-16
4e-05	1.6e-05	-8.95463e-17
4e-05	2e-05	1.19685e-17
4e-05	2.4e-05	4.09466e-17
4e-05	2.8e-05	9.41749e-17
4e-05	3.2e-05	1.40396e-16
4e-05	3.6e-05	1.75973e-16
4e-05	4e-05	1.68286e-16
4e-05	4.4e-05	1.81982e-16
4e-05	4.8e-05	-1.81405e-16
4e-05	5.2e-05	2.52917e-16
4e-05	5.6e-05	-7.17917e-17
4e-05	6e-05	2.16842e-16
4e-05	6.4e-05	-3.15467e-16
4e-05	6.8e-05	1.77833e-16
4e-05	7.2e-05	-3.90593e-16
4e-05	7.6e-05	-4.60401e-17
4.4e-05	-8e-05	-3.69368e-16
4.4e-05	-7.6e-05	1.24801e-16
4.4e-05	-7.2e-05	-5.10308e-16
4.4e-05	-6.8e-05	-9.81216e-19
4.4e-05	-6.4e-05	-1.52358e-16
4.4e-05	-6e-05	1.20562e-16
4.4e-05	-5.6e-05	-1.73417e-16
4.4e-05	-5.2e-05	1.41983e-16
4.4e-05	-4.8e-05	1.39915e-16
4.4e-05	-4.4e-05	3.95492e-16
4.4e-05	-4e-05	2.07497e-17
4.4e-05	-3.6e-05	3.03757e-16
4.4e-05	-3.2e-05	7.35938e-17
4.4e-05	-2.8e-05	1.98342e-16
4.4e-05	-2.4e-05	7.06179e-17
4.4e-05	-2e-05	4.747e-17
4.4e-05	-1.6e-05	-6.02858e-17
4.4e-05	-1.2e-05	-1.74813e-16
4.4e-05	-8e-06	-1.74254e-16
4.4e-05	-4e-06	-1.34205e-16
4.4e-05	0	-2.29176e-16
4.4e-05	4e-06	-1.61193e-16
4.4e-05	8e-06	-6.89973e-17
4.4e-05	1.2e-05	-1.42776e-16
4.4e-05	1.6e-05	-1.3866e-16
4.4e-05	2e-05	-1.49305e-16
4.4e-05	2.4e-05	-1.42208e-16
4.4e-05	2.8e-05	-5.89708e-17
4.4e-05	3.2e-05	-5.041e-17
4.4e-05	3.6e-05	-8.71254e-17
4.4e-05	4e-05	2.64687e-16
4.4e-05	4.4e-05	9.83372e-18
4.4e-05	4.8e-05	2.34605e-16
4.4e-05	5.2e-05	7.84612e-17
4.4e-05	5.6e-05	2.68868e-16
4.4e-05	6e-05	-8.26479e-17
4.4e-05	6.4e-05	3.1238e-16
4.4e-05	6.8e-05	-1.08824e-16
4.4e-05	7.2e-05	3.56939e-16
4.4e-05	7.6e-05	-1.01206e-16
4.8e-05	-8e-05	2.39367e-16
4.8e-05	-7.6e-05	-2.15283e-16
4.8e-05	-7.2e-05	2.53905e-16
4.8e-05	-6.8e-05	-2.9368e-16
4.8e-05	-6.4e-05	3.48912e-16
4.8e-05	-6e-05	9.47566e-17
4.8e-05	-5.6e-05	4.75181e-16
4.8e-05	-5.2e-05	5.09977e-17
4.8e-05	-4.8e-05	1.58443e-16
4.8e-05	-4.4e-05	1.94309e-16
4.8e-05	-4e-05	1.96477e-16
4.8e-05	-3.6e-05	-8.31941e-18
4.8e-05	-3.2e-05	6.58067e-17
4.8e-05	-2.8e-05	-1.20226e-16
4.8e-05	-2.4e-05	2.13195e-17
4.8e-05	-2e-05	-2.67885e-16
4.8e-05	-1.6e-05	-6.55108e-17
4.8e-05	-1.2e-05	-1.45601e-16
4.8e-05	-8e-06	-1.47762e-16
4.8e-05	-4e-06	2.42469e-17
4.8e-05	0	-6.68458e-17
4.8e-05	4e-06	-1.71112e-17
4.8e-05	8e-06	-3.16929e-18
4.8e-05	1.2e-05	-9.72849e-17
4.8e-05	1.6e-05	-5.53924e-17
4.8e-05	2e-05	-1.25016e-16
4.8e-05	2.4e-05	-8.11449e-17
4.8e-05	2.8e-05	-1.57474e-16
4.8e-05	3.2e-05	-1.92228e-16
4.8e-05	3.6e-05	-6.29442e-17
4.8e-05	4e-05	-1.98644e-16
4.8e-05	4.4e-05	9.3772e-17
4.8e-05	4.8e-05	3.17596e-17
4.8e-05	5.2e-05	1.68276e-16
4.8e-05	5.6e-05	-1.85681e-16
4.8e-05	6e-05	6.55057e-17
4.8e-05	6.4e-05	-2.24812e-16
4.8e-05	6.8e-05	2.72009e-16
4.8e-05	7.2e-05	-3.00718e-18
4.8e-05	7.6e-05	1.6165e-16
5.2e-05	-8e-05	-7.43309e-18
5.2e-05	-7.6e-05	4.37085e-17
5.2e-05	-7.2e-05	-2.07557e-16
5.2e-05	-6.8e-05	4.34038e-16
5.2e-05	-6.4e-05	-3.58359e-16
5.2e-05	-6e-05	1.90396e-16
5.2e-05	-5.6e-05	8.34122e-18
5.2e-05	-5.2e-05	1.2503e-16
5.2e-05	-4.8e-05	-1.14136e-16
5.2e-05	-4.4e-05	-1.67771e-17
5.2e-05	-4e-05	-5.32598e-17
5.2e-05	-3.6e-05	1.02561e-17
5.2e-05	-3.2e-05	-2.23146e-16
5.2e-05	-2.8e-05	-5.96214e-17
5.2e-05	-2.4e-05	-1.96996e-16
5.2e-05	-2e-05	-2.10416e-16
5.2e-05	-1.6e-05	1.37929e-17
5.2e-05	-1.2e-05	-2.07259e-16
5.2e-05	-8e-06	1.61336e-16
5.2e-05	-4e-06	-1.42353e-16
5.2e-05	0	1.10862e-16
5.2e-05	4e-06	-2.6665e-17
5.2e-05	8e-06	-1.80051e-16
5.2e-05	1.2e-05	7.87759e-17
5.2e-05	1.6e-05	-9.75747e-17
5.2e-05	2e-05	3.42811e-17
5.2e-05	2.4e-05	-1.89142e-16
5.2e-05	2.8e-05	-9.43626e-17
5.2e-05	3.2e-05	-5.17067e-17
5.2e-05	3.6e-05	-2.04344e-16
5.2e-05	4e-05	3.19165e-17
5.2e-05	4.4e-05	-2.41051e-16
5.2e-05	4.8e-05	1.409e-18
5.2e-05	5.2e-05	-3.13931e-16
5.2e-05	5.6e-05	4.92842e-17
5.2e-05	6e-05	-3.0674e-16
5.2e-05	6.4e-05	-1.43534e-16
5.2e-05	6.8e-05	-6.49136e-17
5.2e-05	7.2e-05	2.09654e-16
5.2e-05	7.6e-05	-1.96468e-16
5.6e-05	-8e-05	1.20469e-16
5.6e-05	-7.6e-05	-4.24944e-16
5.6e-05	-7.2e-05	-1.67844e-16
5.6e-05	-6.8e-05	-4.7631e-16
5.6e-05	-6.4e-05	1.40576e-16
5.6e-05	-6e-05	-4.82569e-16
5.6e-05	-5.6e-05	1.522e-16
5.6e-05	-5.2e-05	-4.16911e-16
5.6e-05	-4.8e-05	-5.90316e-17
5.6e-05	-4.4e-05	-2.60931e-16
5.6e-05	-4e-05	-1.11646e-16
5.6e-05	-3.6e-05	-1.32639e-16
5.6e-05	-3.2e-05	4.36064e-17
5.6e-05	-2.8e-05	-1.39073e-16
5.6e-05	-2.4e-05	-3.16355e-17
5.6e-05	-2e-05	-1.36194e-16
5.6e-05	-1.6e-05	-1.73699e-16
5.6e-05	-1.2e-05	1.03826e-16
5.6e-05	-8e-06	-2.2848e-16
5.6e-05	-4e-06	2.54747e-16
5.6e-05	0	-1.29986e-16
5.6e-05	4e-06	2.05214e-16
5.6e-05	8e-06	1.69977e-17
5.6e-05	1.2e-05	-1.08113e-16
5.6e-05	1.6e-05	9.46386e-17
5.6e-05	2e-05	-1.10916e-16
5.6e-05	2.4e-05	-1.47683e-17
5.6e-05	2.8e-05	1.41045e-17
5.6e-05	3.2e-05	-2.60131e-16
5.6e-05	3.6e-05	1.68326e-16
5.6e-05	4e-05	-2.01264e-16
5.6e-05	4.4e-05	5.17957e-17
5.6e-05	4.8e-05	-4.66471e-16
5.6e-05	5.2e-05	-6.31056e-17
5.6e-05	5.6e-05	-3.11762e-16
5.6e-05	6e-05	-8.56462e-17
5.6e-05	6.4e-05	-2.59762e-16
5.6e-05	6.8e-05	4.42226e-17
5.6e-05	7.2e-05	-3.49807e-16
5.6e-05	7.6e-05	-4.87253e-17
6e-05	-8e-05	-5.01286e-16
6e-05	-7.6e-05	1.41831e-17
6e-05	-7.2e-05	-4.65726e-16
6e-05	-6.8e-05	-2.18339e-16
6e-05	-6.4e-05	-7.07772e-16
6e-05	-6e-05	3.18908e-17
6e-05	-5.6e-05	-8.35905e-16
6e-05	-5.2e-05	-8.41032e-17
6e-05	-4.8e-05	-5.44273e-16
6e-05	-4.4e-05	-6.59203e-17
6e-05	-4e-05	-3.61319e-16
6e-05	-3.6e-05	-1.25279e-16
6e-05	-3.2e-05	-1.36965e-16
6e-05	-2.8e-05	-7.53756e-17
6e-05	-2.4e-05	-1.45947e-16
6e-05	-2e-05	8.51152e-17
6e-05	-1.6e-05	-3.25149e-17
6e-05	-1.2e-05	3.56204e-17
6e-05	-8e-06	3.03264e-17
6e-05	-4e-06	1.07224e-16
6e-05	0	9.54923e-17
6e-05	4e-06	3.75835e-17
6e-05	8e-06	1.42724e-16
6e-05	1.2e-05	-4.74123e-17
6e-05	1.6e-05	1.08304e-16
6e-05	2e-05	-1.99677e-16
6e-05	2.4e-05	2.77125e-16
6e-05	2.8e-05	-2.67579e-16
6e-05	3.2e-05	2.01305e-16
6e-05	3.6e-05	-1.85995e-16
6e-05	4e-05	5.13191e-17
6e-05	4.4e-05	-2.63247e-16
6e-05	4.8e-05	-1.23967e-16
6e-05	5.2e-05	-3.13439e-16
6e-05	5.6e-05	-1.39022e-16
6e-05	6e-05	-2.35571e-16
6e-05	6.4e-05	-9.79704e-17
6e-05	6.8e-05	-3.84941e-16
6e-05	7.2e-05	-1.32815e-16
6e-05	7.6e-05	-3.86576e-16
6.4e-05	-8e-05	-1.69127e-16
6.4e-05	-7.6e-05	-4.33169e-16
6.4e-05	-7.2e-05	-1.21238e-16
6.4e-05	-6.8e-05	-5.13986e-16
6.4e-05	-6.4e-05	-1.39601e-16
6.4e-05	-6e-05	-6.0513e-16
6.4e-05	-5.6e-05	-3.52544e-16
6.4e-05	-5.2e-05	-6.51712e-16
6.4e-05	-4.8e-05	-2.2059e-16
6.4e-05	-4.4e-05	-6.27511e-16
6.4e-05	-4e-05	-1.14366e-16
6.4e-05	-3.6e-05	-4.14805e-16
6.4e-05	-3.2e-05	5.72765e-17
6.4e-05	-2.8e-05	-2.50398e-16
6.4e-05	-2.4e-05	3.26937e-16
6.4e-05	-2e-05	-2.49589e-16
6.4e-05	-1.6e-05	5.07508e-16
6.4e-05	-1.2e-05	-3.42496e-16
6.4e-05	-8e-06	4.53697e-16
6.4e-05	-4e-06	-3.22387e-16
6.4e-05	0	2.51471e-16
6.4e-05	4e-06	-1.77035e-16
6.4e-05	8e-06	-9.24405e-17
6.4e-05	1.2e-05	1.59841e-16
6.4e-05	1.6e-05	-4.49359e-16
6.4e-05	2e-05	4.49922e-16
6.4e-05	2.4e-05	-4.2739e-16
6.4e-05	2.8e-05	4.73989e-16
6.4e-05	3.2e-05	-1.91847e-16
6.4e-05	3.6e-05	2.16189e-16
6.4e-05	4e-05	-2.91759e-16
6.4e-05	4.4e-05	5.75461e-17
6.4e-05	4.8e-05	-3.17537e-16
6.4e-05	5.2e-05	-5.95449e-18
6.4e-05	5.6e-05	-1.99215e-16
6.4e-05	6e-05	-1.80833e-17
6.4e-05	6.4e-05	-3.35494e-16
6.4e-05	6.8e-05	-1.41733e-16
6.4e-05	7.2e-05	-4.01963e-16
6.4e-05	7.6e-05	-1.41286e-16
6.8e-05	-8e-05	-3.2031e-16
6.8e-05	-7.6e-05	-1.57235e-16
6.8e-05	-7.2e-05	-3.13633e-16
6.8e-05	-6.8e-05	-3.52008e-17
6.8e-05	-6.4e-05	-3.3639e-16
6.8e-05	-6e-05	-1.58954e-16
6.8e-05	-5.6e-05	-4.94227e-16
6.8e-05	-5.2e-05	-1.0384e-16
6.8e-05	-4.8e-05	-6.10275e-16
6.8e-05	-4.4e-05	6.98529e-17
6.8e-05	-4e-05	-6.22034e-16
6.8e-05	-3.6e-05	1.54071e-16
6.8e-05	-3.2e-05	-6.35967e-16
6.8e-05	-2.8e-05	3.28895e-16
6.8e-05	-2.4e-05	-5.56982e-16
6.8e-05	-2e-05	5.32781e-16
6.8e-05	-1.6e-05	-5.71645e-16
6.8e-05	-1.2e-05	4.56388e-16
6.8e-05	-8e-06	-4.96245e-16
6.8e-05	-4e-06	4.2788e-16
6.8e-05	0	-3.85504e-16
6.8e-05	4e-06	-3.71403e-17
6.8e-05	8e-06	-2.94039e-17
6.8e-05	1.2e-05	-3.20461e-16
6.8e-05	1.6e-05	3.26169e-16
6.8e-05	2e-05	-4.11778e-16
6.8e-05	2.4e-05	4.42882e-16
6.8e-05	2.8e-05	-3.76333e-16
6.8e-05	3.2e-05	3.60424e-16
6.8e-05	3.6e-05	-4.57705e-16
6.8e-05	4e-05	2.89831e-16
6.8e-05	4.4e-05	-4.93124e-16
6.8e-05	4.8e-05	1.72634e-16
6.8e-05	5.2e-05	-3.9146e-16
6.8e-05	5.6e-05	1.62615e-16
6.8e-05	6e-05	-4.48953e-16
6.8e-05	6.4e-05	9.78114e-17
6.8e-05	6.8e-05	-4.52357e-16
6.8e-05	7.2e-05	1.31205e-16
6.8e-05	7.6e-05	-3.39799e-16
7.2e-05	-8e-05	6.66596e-17
7.2e-05	-7.6e-05	-1.00335e-16
7.2e-05	-7.2e-05	1.58758e-16
7.2e-05	-6.8e-05	-2.25896e-16
7.2e-05	-6.4e-05	2.40755e-16
7.2e-05	-6e-05	-2.47174e-16
7.2e-05	-5.6e-05	2.51095e-16
7.2e-05	-5.2e-05	-3.93722e-16
7.2e-05	-4.8e-05	2.17579e-16
7.2e-05	-4.4e-05	-5.57504e-16
7.2e-05	-4e-05	2.32073e-16
7.2e-05	-3.6e-05	-7.74647e-16
7.2e-05	-3.2e-05	3.01708e-16
7.2e-05	-2.8e-05	-8.40464e-16
7.2e-05	-2.4e-05	2.83011e-16
7.2e-05	-2e-05	-8.05774e-16
7.2e-05	-1.6e-05	1.64437e-16
7.2e-05	-1.2e-05	-6.88837e-16
7.2e-05	-8e-06	1.52824e-16
7.2e-05	-4e-06	-2.23499e-16
7.2e-05	0	1.15285e-16
7.2e-05	4e-06	-4.46157e-17
7.2e-05	8e-06	6.53286e-19
7.2e-05	1.2e-05	1.85368e-16
7.2e-05	1.6e-05	-7.19278e-17
7.2e-05	2e-05	1.81412e-16
7.2e-05	2.4e-05	-2.21426e-16
7.2e-05	2.8e-05	6.35763e-17
7.2e-05	3.2e-05	-5.28158e-16
7.2e-05	3.6e-05	1.14204e-16
7.2e-05	4e-05	-6.37324e-16
7.2e-05	4.4e-05	2.29097e-16
7.2e-05	4.8e-05	-5.61613e-16
7.2e-05	5.2e-05	2.3713e-16
7.2e-05	5.6e-05	-5.61817e-16
7.2e-05	6e-05	2.48007e-16
7.2e-05	6.4e-05	-5.39846e-16
7.2e-05	6.8e-05	2.66279e-16
7.2e-05	7.2e-05	-4.38764e-16
7.2e-05	7.6e-05	2.97901e-16
7.6e-05	-8e-05	-1.42503e-16
7.6e-05	-7.6e-05	2.09122e-16
7.6e-05	-7.2e-05	-3.30716e-17
7.6e-05	-6.8e-05	2.92657e-16
7.6e-05	-6.4e-05	-9.06467e-17
7.6e-05	-6e-05	3.67689e-16
7.6e-05	-5.6e-05	-2.09892e-16
7.6e-05	-5.2e-05	3.44668e-16
7.6e-05	-4.8e-05	-2.95437e-16
7.6e-05	-4.4e-05	3.08599e-16
7.6e-05	-4e-05	-4.9573e-16
7.6e-05	-3.6e-05	2.57858e-16
7.6e-05	-3.2e-05	-6.46942e-16
7.6e-05	-2.8e-05	1.22611e-16
7.6e-05	-2.4e-05	-6.65509e-16
7.6e-05	-2e-05	-9.69751e-17
7.6e-05	-1.6e-05	-4.61052e-16
7.6e-05	-1.2e-05	-8.87362e-17
7.6e-05	-8e-06	-1.06872e-16
7.6e-05	-4e-06	-3.62339e-17
7.6e-05	0	5.97352e-17
7.6e-05	4e-06	1.09103e-16
7.6e-05	8e-06	1.4657e-16
7.6e-05	1.2e-05	2.02226e-16
7.6e-05	1.6e-05	7.82927e-17
7.6e-05	2e-05	5.31178e-17
7.6e-05	2.4e-05	-3.61769e-17
7.6e-05	2.8e-05	-2.61689e-16
7.6e-05	3.2e-05	-8.78003e-18
7.6e-05	3.6e-05	-4.25151e-16
7.6e-05	4e-05	6.38499e-17
7.6e-05	4.4e-05	-4.15487e-16
7.6e-05	4.8e-05	1.48398e-16
7.6e-05	5.2e-05	-3.84626e-16
7.6e-05	5.6e-05	1.49465e-16
7.6e-05	6e-05	-3.9837e-16
7.6e-05	6.4e-05	2.17457e-16
7.6e-05	6.8e-05	-3.37318e-16
7.6e-05	7.2e-05	2.6289e-16
7.6e-05	7.6e-05	-1.80282e-16
