-8e-05	-8e-05	-1.30102e-15
-8e-05	-7.6e-05	1.11934e-15
-8e-05	-7.2e-05	-6.61211e-15
-8e-05	-6.8e-05	-1.854e-16
-8e-05	-6.4e-05	2.043e-17
-8e-05	-6e-05	1.53572e-17
-8e-05	-5.6e-05	-5.84725e-16
-8e-05	-5.2e-05	1.07001e-16
-8e-05	-4.8e-05	5.28354e-16
-8e-05	-4.4e-05	-1.77425e-16
-8e-05	-4e-05	-3.14795e-16
-8e-05	-3.6e-05	-3.95703e-17
-8e-05	-3.2e-05	6.13206e-16
-8e-05	-2.8e-05	1.45394e-16
-8e-05	-2.4e-05	3.77528e-17
-8e-05	-2e-05	2.18754e-16
-8e-05	-1.6e-05	-4.57967e-16
-8e-05	-1.2e-05	8.00269e-17
-8e-05	-8e-06	-3.15267e-16
-8e-05	-4e-06	-1.92388e-16
-8e-05	0	6.61892e-17
-8e-05	4e-06	1.2183e-16
-8e-05	8e-06	-8.47546e-17
-8e-05	1.2e-05	6.16557e-17
-8e-05	1.6e-05	2.04405e-17
-8e-05	2e-05	-2.07188e-17
-8e-05	2.4e-05	1.00118e-17
-8e-05	2.8e-05	-4.64555e-17
-8e-05	3.2e-05	1.24377e-16
-8e-05	3.6e-05	-1.30189e-16
-8e-05	4e-05	2.3691e-16
-8e-05	4.4e-05	3.15717e-17
-8e-05	4.8e-05	-1.02277e-16
-8e-05	5.2e-05	-3.73194e-17
-8e-05	5.6e-05	-2.96309e-16
-8e-05	6e-05	-4.08379e-15
-8e-05	6.4e-05	-2.41002e-17
-8e-05	6.8e-05	1.71461e-15
-8e-05	7.2e-05	-9.20897e-17
-8e-05	7.6e-05	-1.64637e-15
-7.6e-05	-8e-05	1.20841e-15
-7.6e-05	-7.6e-05	3.14511e-15
-7.6e-05	-7.2e-05	-1.07872e-15
-7.6e-05	-6.8e-05	-5.19139e-16
-7.6e-05	-6.4e-05	2.12965e-16
-7.6e-05	-6e-05	-5.87514e-16
-7.6e-05	-5.6e-05	-5.34891e-16
-7.6e-05	-5.2e-05	4.8076e-16
-7.6e-05	-4.8e-05	3.41311e-16
-7.6e-05	-4.4e-05	-5.85136e-15
-7.6e-05	-4e-05	-9.54065e-16
-7.6e-05	-3.6e-05	-7.91428e-16
-7.6e-05	-3.2e-05	3.11614e-16
-7.6e-05	-2.8e-05	7.77315e-16
-7.6e-05	-2.4e-05	-8.57555e-16
-7.6e-05	-2e-05	-1.79839e-15
-7.6e-05	-1.6e-05	1.60559e-16
-7.6e-05	-1.2e-05	-2.07377e-15
-7.6e-05	-8e-06	-5.02476e-16
-7.6e-05	-4e-06	-2.1322e-15
-7.6e-05	0	9.4047e-17
-7.6e-05	4e-06	-3.68532e-16
-7.6e-05	8e-06	5.51084e-16
-7.6e-05	1.2e-05	4.39524e-16
-7.6e-05	1.6e-05	3.54325e-16
-7.6e-05	2e-05	6.44505e-16
-7.6e-05	2.4e-05	1.08361e-15
-7.6e-05	2.8e-05	1.14223e-16
-7.6e-05	3.2e-05	-1.20555e-16
-7.6e-05	3.6e-05	7.66846e-16
-7.6e-05	4e-05	-1.52278e-15
-7.6e-05	4.4e-05	2.72422e-16
-7.6e-05	4.8e-05	-4.91516e-16
-7.6e-05	5.2e-05	-2.40998e-16
-7.6e-05	5.6e-05	2.61934e-15
-7.6e-05	6e-05	-4.84749e-16
-7.6e-05	6.4e-05	5.17737e-16
-7.6e-05	6.8e-05	-6.07055e-16
-7.6e-05	7.2e-05	-1.40818e-16
-7.6e-05	7.6e-05	-9.18276e-16
-7.2e-05	-8e-05	-1.37373e-15
-7.2e-05	-7.6e-05	-2.04268e-15
-7.2e-05	-7.2e-05	-6.36489e-16
-7.2e-05	-6.8e-05	-9.8e-16
-7.2e-05	-6.4e-05	-3.27584e-16
-7.2e-05	-6e-05	-2.7805e-16
-7.2e-05	-5.6e-05	-2.01896e-16
-7.2e-05	-5.2e-05	9.70872e-16
-7.2e-05	-4.8e-05	3.60241e-16
-7.2e-05	-4.4e-05	4.18829e-16
-7.2e-05	-4e-05	-1.15995e-15
-7.2e-05	-3.6e-05	-1.15919e-15
-7.2e-05	-3.2e-05	5.14884e-15
-7.2e-05	-2.8e-05	5.71639e-16
-7.2e-05	-2.4e-05	9.8009e-16
-7.2e-05	-2e-05	3.80051e-17
-7.2e-05	-1.6e-05	1.8348e-15
-7.2e-05	-1.2e-05	-1.6509e-15
-7.2e-05	-8e-06	-5.01862e-16
-7.2e-05	-4e-06	4.15343e-15
-7.2e-05	0	-1.08631e-15
-7.2e-05	4e-06	1.35239e-15
-7.2e-05	8e-06	-4.15318e-16
-7.2e-05	1.2e-05	-1.42958e-15
-7.2e-05	1.6e-05	4.30595e-16
-7.2e-05	2e-05	1.59414e-16
-7.2e-05	2.4e-05	9.23465e-18
-7.2e-05	2.8e-05	-1.05204e-16
-7.2e-05	3.2e-05	8.75409e-17
-7.2e-05	3.6e-05	-2.39275e-16
-7.2e-05	4e-05	3.65017e-16
-7.2e-05	4.4e-05	-3.01398e-16
-7.2e-05	4.8e-05	-1.50527e-18
-7.2e-05	5.2e-05	4.40224e-17
-7.2e-05	5.6e-05	-1.65382e-16
-7.2e-05	6e-05	-2.11214e-16
-7.2e-05	6.4e-05	1.02235e-17
-7.2e-05	6.8e-05	-5.87228e-16
-7.2e-05	7.2e-05	-2.93473e-16
-7.2e-05	7.6e-05	-8.36786e-16
-6.8e-05	-8e-05	-6.60558e-16
-6.8e-05	-7.6e-05	-1.09423e-15
-6.8e-05	-7.2e-05	-5.36418e-16
-6.8e-05	-6.8e-05	-1.06816e-15
-6.8e-05	-6.4e-05	1.30818e-16
-6.8e-05	-6e-05	-2.26077e-16
-6.8e-05	-5.6e-05	5.75671e-17
-6.8e-05	-5.2e-05	5.70482e-16
-6.8e-05	-4.8e-05	-4.05405e-16
-6.8e-05	-4.4e-05	-4.26274e-16
-6.8e-05	-4e-05	4.26167e-16
-6.8e-05	-3.6e-05	-4.69238e-17
-6.8e-05	-3.2e-05	1.6634e-16
-6.8e-05	-2.8e-05	-1.84055e-16
-6.8e-05	-2.4e-05	1.31804e-16
-6.8e-05	-2e-05	6.12694e-17
-6.8e-05	-1.6e-05	3.04842e-17
-6.8e-05	-1.2e-05	1.68281e-16
-6.8e-05	-8e-06	-9.78994e-17
-6.8e-05	-4e-06	5.96529e-17
-6.8e-05	0	-2.84039e-18
-6.8e-05	4e-06	-2.49818e-17
-6.8e-05	8e-06	7.01117e-17
-6.8e-05	1.2e-05	1.01159e-17
-6.8e-05	1.6e-05	1.94693e-16
-6.8e-05	2e-05	-3.13695e-17
-6.8e-05	2.4e-05	3.30058e-17
-6.8e-05	2.8e-05	7.34948e-17
-6.8e-05	3.2e-05	-1.05115e-16
-6.8e-05	3.6e-05	2.29263e-16
-6.8e-05	4e-05	-1.81486e-16
-6.8e-05	4.4e-05	1.66379e-16
-6.8e-05	4.8e-05	-4.56711e-16
-6.8e-05	5.2e-05	5.92049e-17
-6.8e-05	5.6e-05	1.70391e-16
-6.8e-05	6e-05	-4.7461e-17
-6.8e-05	6.4e-05	-1.83389e-16
-6.8e-05	6.8e-05	5.70098e-17
-6.8e-05	7.2e-05	-6.91946e-16
-6.8e-05	7.6e-05	-1.30248e-16
-6.4e-05	-8e-05	-1.00782e-15
-6.4e-05	-7.6e-05	-1.63774e-16
-6.4e-05	-7.2e-05	-8.47302e-16
-6.4e-05	-6.8e-05	-9.15964e-17
-6.4e-05	-6.4e-05	-1.3898e-16
-6.4e-05	-6e-05	-1.73122e-16
-6.4e-05	-5.6e-05	4.35822e-16
-6.4e-05	-5.2e-05	-1.47357e-17
-6.4e-05	-4.8e-05	-3.7235e-16
-6.4e-05	-4.4e-05	9.2403e-17
-6.4e-05	-4e-05	-1.6028e-16
-6.4e-05	-3.6e-05	5.00185e-16
-6.4e-05	-3.2e-05	-2.28844e-16
-6.4e-05	-2.8e-05	-5.75075e-17
-6.4e-05	-2.4e-05	-2.90501e-18
-6.4e-05	-2e-05	3.43611e-17
-6.4e-05	-1.6e-05	2.48348e-16
-6.4e-05	-1.2e-05	-1.30138e-16
-6.4e-05	-8e-06	2.61398e-16
-6.4e-05	-4e-06	-1.40227e-16
-6.4e-05	0	1.15139e-16
-6.4e-05	4e-06	-4.4059e-17
-6.4e-05	8e-06	3.18299e-17
-6.4e-05	1.2e-05	4.90784e-17
-6.4e-05	1.6e-05	-2.97923e-17
-6.4e-05	2e-05	8.65936e-17
-6.4e-05	2.4e-05	-1.86922e-17
-6.4e-05	2.8e-05	6.92442e-17
-6.4e-05	3.2e-05	5.05606e-17
-6.4e-05	3.6e-05	-7.03798e-17
-6.4e-05	4e-05	4.41123e-16
-6.4e-05	4.4e-05	-3.19726e-16
-6.4e-05	4.8e-05	1.74736e-16
-6.4e-05	5.2e-05	-2.35757e-16
-6.4e-05	5.6e-05	1.23488e-16
-6.4e-05	6e-05	7.92037e-17
-6.4e-05	6.4e-05	-5.87994e-17
-6.4e-05	6.8e-05	-2.11572e-16
-6.4e-05	7.2e-05	-1.33745e-16
-6.4e-05	7.6e-05	-5.32213e-16
-6e-05	-8e-05	-1.23177e-16
-6e-05	-7.6e-05	-5.69937e-16
-6e-05	-7.2e-05	-1.95793e-16
-6e-05	-6.8e-05	-1.36653e-16
-6e-05	-6.4e-05	-7.92038e-17
-6e-05	-6e-05	3.98772e-16
-6e-05	-5.6e-05	3.43165e-16
-6e-05	-5.2e-05	3.64107e-17
-6e-05	-4.8e-05	-2.92515e-16
-6e-05	-4.4e-05	-5.50708e-16
-6e-05	-4e-05	8.67627e-16
-6e-05	-3.6e-05	-2.17772e-17
-6e-05	-3.2e-05	-1.27159e-16
-6e-05	-2.8e-05	-2.14587e-16
-6e-05	-2.4e-05	2.15298e-16
-6e-05	-2e-05	2.6055e-16
-6e-05	-1.6e-05	-2.93263e-16
-6e-05	-1.2e-05	3.19334e-16
-6e-05	-8e-06	-1.54089e-16
-6e-05	-4e-06	6.58046e-17
-6e-05	0	-1.19627e-18
-6e-05	4e-06	6.69815e-17
-6e-05	8e-06	-1.31842e-16
-6e-05	1.2e-05	1.33335e-16
-6e-05	1.6e-05	-1.26028e-17
-6e-05	2e-05	-2.05025e-16
-6e-05	2.4e-05	3.87472e-17
-6e-05	2.8e-05	2.29402e-18
-6e-05	3.2e-05	-1.82341e-16
-6e-05	3.6e-05	3.99239e-17
-6e-05	4e-05	-2.69815e-16
-6e-05	4.4e-05	3.13522e-16
-6e-05	4.8e-05	-3.78918e-16
-6e-05	5.2e-05	8.14113e-17
-6e-05	5.6e-05	-2.89904e-16
-6e-05	6e-05	1.01109e-16
-6e-05	6.4e-05	2.55266e-16
-6e-05	6.8e-05	1.37856e-16
-6e-05	7.2e-05	2.08593e-16
-6e-05	7.6e-05	2.53155e-16
-5.6e-05	-8e-05	3.70941e-17
-5.6e-05	-7.6e-05	2.3353e-16
-5.6e-05	-7.2e-05	2.85347e-16
-5.6e-05	-6.8e-05	2.02996e-16
-5.6e-05	-6.4e-05	6.96052e-16
-5.6e-05	-6e-05	2.04357e-16
-5.6e-05	-5.6e-05	1.42224e-16
-5.6e-05	-5.2e-05	-5.79653e-16
-5.6e-05	-4.8e-05	-1.0408e-15
-5.6e-05	-4.4e-05	1.02513e-15
-5.6e-05	-4e-05	2.33389e-16
-5.6e-05	-3.6e-05	7.78536e-17
-5.6e-05	-3.2e-05	-3.96055e-16
-5.6e-05	-2.8e-05	9.61275e-17
-5.6e-05	-2.4e-05	5.84553e-17
-5.6e-05	-2e-05	-1.53058e-16
-5.6e-05	-1.6e-05	1.94956e-16
-5.6e-05	-1.2e-05	-1.58094e-16
-5.6e-05	-8e-06	5.17979e-17
-5.6e-05	-4e-06	1.48623e-17
-5.6e-05	0	-7.16435e-17
-5.6e-05	4e-06	-3.28881e-17
-5.6e-05	8e-06	4.62764e-17
-5.6e-05	1.2e-05	6.73252e-17
-5.6e-05	1.6e-05	-2.6465e-17
-5.6e-05	2e-05	1.52576e-17
-5.6e-05	2.4e-05	1.0451e-16
-5.6e-05	2.8e-05	-1.02112e-16
-5.6e-05	3.2e-05	-3.60312e-16
-5.6e-05	3.6e-05	-2.26743e-16
-5.6e-05	4e-05	1.82039e-16
-5.6e-05	4.4e-05	3.00492e-17
-5.6e-05	4.8e-05	6.4328e-16
-5.6e-05	5.2e-05	-6.73961e-16
-5.6e-05	5.6e-05	1.95913e-16
-5.6e-05	6e-05	-4.05345e-16
-5.6e-05	6.4e-05	-1.54458e-16
-5.6e-05	6.8e-05	1.31026e-16
-5.6e-05	7.2e-05	-1.51657e-16
-5.6e-05	7.6e-05	4.45169e-16
-5.2e-05	-8e-05	-1.57032e-17
-5.2e-05	-7.6e-05	4.95426e-16
-5.2e-05	-7.2e-05	-8.24601e-17
-5.2e-05	-6.8e-05	4.05e-16
-5.2e-05	-6.4e-05	-3.3341e-16
-5.2e-05	-6e-05	-2.70185e-16
-5.2e-05	-5.6e-05	-4.59671e-16
-5.2e-05	-5.2e-05	-1.18895e-15
-5.2e-05	-4.8e-05	1.22083e-15
-5.2e-05	-4.4e-05	3.29753e-16
-5.2e-05	-4e-05	3.66235e-16
-5.2e-05	-3.6e-05	-5.17553e-16
-5.2e-05	-3.2e-05	-2.49436e-16
-5.2e-05	-2.8e-05	-1.366e-16
-5.2e-05	-2.4e-05	3.02678e-16
-5.2e-05	-2e-05	1.96902e-16
-5.2e-05	-1.6e-05	-1.66402e-16
-5.2e-05	-1.2e-05	6.55359e-17
-5.2e-05	-8e-06	-7.88406e-17
-5.2e-05	-4e-06	-1.70074e-16
-5.2e-05	0	8.53065e-17
-5.2e-05	4e-06	-6.34752e-17
-5.2e-05	8e-06	-9.0439e-17
-5.2e-05	1.2e-05	2.23842e-17
-5.2e-05	1.6e-05	7.13356e-17
-5.2e-05	2e-05	-1.12626e-16
-5.2e-05	2.4e-05	3.58916e-17
-5.2e-05	2.8e-05	2.9075e-16
-5.2e-05	3.2e-05	-9.04125e-17
-5.2e-05	3.6e-05	-2.6701e-16
-5.2e-05	4e-05	-2.82405e-16
-5.2e-05	4.4e-05	2.64673e-16
-5.2e-05	4.8e-05	5.89533e-17
-5.2e-05	5.2e-05	8.23556e-16
-5.2e-05	5.6e-05	-6.14459e-16
-5.2e-05	6e-05	3.56008e-16
-5.2e-05	6.4e-05	-7.61938e-16
-5.2e-05	6.8e-05	-2.25686e-16
-5.2e-05	7.2e-05	-5.57326e-16
-5.2e-05	7.6e-05	-3.65351e-16
-4.8e-05	-8e-05	-3.7081e-16
-4.8e-05	-7.6e-05	-4.65111e-16
-4.8e-05	-7.2e-05	-4.74509e-16
-4.8e-05	-6.8e-05	-4.11176e-16
-4.8e-05	-6.4e-05	-7.61236e-16
-4.8e-05	-6e-05	-3.36226e-18
-4.8e-05	-5.6e-05	-9.29451e-16
-4.8e-05	-5.2e-05	1.38715e-15
-4.8e-05	-4.8e-05	3.3367e-16
-4.8e-05	-4.4e-05	6.24372e-16
-4.8e-05	-4e-05	-5.22831e-16
-4.8e-05	-3.6e-05	-5.3196e-16
-4.8e-05	-3.2e-05	-2.60822e-16
-4.8e-05	-2.8e-05	4.40663e-16
-4.8e-05	-2.4e-05	3.6587e-16
-4.8e-05	-2e-05	-3.24953e-16
-4.8e-05	-1.6e-05	1.03295e-16
-4.8e-05	-1.2e-05	-1.06574e-16
-4.8e-05	-8e-06	1.99352e-17
-4.8e-05	-4e-06	8.20155e-17
-4.8e-05	0	-6.53697e-17
-4.8e-05	4e-06	-2.08936e-16
-4.8e-05	8e-06	9.64474e-17
-4.8e-05	1.2e-05	-1.12773e-16
-4.8e-05	1.6e-05	-1.55811e-16
-4.8e-05	2e-05	-5.06404e-17
-4.8e-05	2.4e-05	-9.96351e-17
-4.8e-05	2.8e-05	9.46807e-17
-4.8e-05	3.2e-05	3.53978e-16
-4.8e-05	3.6e-05	-6.08823e-17
-4.8e-05	4e-05	-4.28445e-16
-4.8e-05	4.4e-05	-2.30898e-16
-4.8e-05	4.8e-05	2.85427e-16
-4.8e-05	5.2e-05	1.17083e-16
-4.8e-05	5.6e-05	8.86227e-16
-4.8e-05	6e-05	-4.98746e-16
-4.8e-05	6.4e-05	6.8635e-16
-4.8e-05	6.8e-05	-5.97524e-16
-4.8e-05	7.2e-05	2.40327e-16
-4.8e-05	7.6e-05	-7.27195e-16
-4.4e-05	-8e-05	2.93788e-17
-4.4e-05	-7.6e-05	-6.69894e-16
-4.4e-05	-7.2e-05	1.79586e-16
-4.4e-05	-6.8e-05	-7.50994e-16
-4.4e-05	-6.4e-05	7.67511e-16
-4.4e-05	-6e-05	-3.89116e-16
-4.4e-05	-5.6e-05	1.39682e-15
-4.4e-05	-5.2e-05	2.26959e-16
-4.4e-05	-4.8e-05	6.47239e-16
-4.4e-05	-4.4e-05	-5.60417e-16
-4.4e-05	-4e-05	-4.68014e-16
-4.4e-05	-3.6e-05	-4.05018e-16
-4.4e-05	-3.2e-05	4.88519e-16
-4.4e-05	-2.8e-05	3.48374e-16
-4.4e-05	-2.4e-05	-2.52696e-16
-4.4e-05	-2e-05	1.92473e-16
-4.4e-05	-1.6e-05	-2.07886e-16
-4.4e-05	-1.2e-05	7.28466e-17
-4.4e-05	-8e-06	-6.63584e-17
-4.4e-05	-4e-06	-1.53881e-16
-4.4e-05	0	1.0613e-16
-4.4e-05	4e-06	1.32472e-16
-4.4e-05	8e-06	3.74442e-17
-4.4e-05	1.2e-05	1.70445e-16
-4.4e-05	1.6e-05	-3.66693e-17
-4.4e-05	2e-05	-1.53758e-16
-4.4e-05	2.4e-05	-3.58521e-17
-4.4e-05	2.8e-05	-2.80227e-16
-4.4e-05	3.2e-05	8.14637e-17
-4.4e-05	3.6e-05	3.62008e-16
-4.4e-05	4e-05	-4.62949e-17
-4.4e-05	4.4e-05	-3.56898e-16
-4.4e-05	4.8e-05	-4.9019e-16
-4.4e-05	5.2e-05	1.50531e-16
-4.4e-05	5.6e-05	-2.47343e-16
-4.4e-05	6e-05	9.35741e-16
-4.4e-05	6.4e-05	-2.2099e-16
-4.4e-05	6.8e-05	9.2489e-16
-4.4e-05	7.2e-05	-2.893e-16
-4.4e-05	7.6e-05	8.28102e-16
-4e-05	-8e-05	-1.97471e-16
-4e-05	-7.6e-05	9.43751e-16
-4e-05	-7.2e-05	-1.85554e-16
-4e-05	-6.8e-05	1.17317e-15
-4e-05	-6.4e-05	-8.10033e-17
-4e-05	-6e-05	1.23042e-15
-4e-05	-5.6e-05	-2.40212e-17
-4e-05	-5.2e-05	3.1921e-16
-4e-05	-4.8e-05	-6.87211e-16
-4e-05	-4.4e-05	-3.55209e-16
-4e-05	-4e-05	-3.66062e-16
-4e-05	-3.6e-05	2.44078e-16
-4e-05	-3.2e-05	3.84654e-16
-4e-05	-2.8e-05	-2.91671e-16
-4e-05	-2.4e-05	4.34794e-16
-4e-05	-2e-05	-2.85912e-16
-4e-05	-1.6e-05	1.04137e-16
-4e-05	-1.2e-05	-4.05901e-16
-4e-05	-8e-06	-2.04364e-16
-4e-05	-4e-06	1.46219e-16
-4e-05	0	2.11873e-16
-4e-05	4e-06	8.76768e-17
-4e-05	8e-06	3.59077e-16
-4e-05	1.2e-05	-1.22155e-16
-4e-05	1.6e-05	-2.10878e-16
-4e-05	2e-05	2.55577e-17
-4e-05	2.4e-05	-2.35325e-16
-4e-05	2.8e-05	-1.40524e-17
-4e-05	3.2e-05	-1.28699e-16
-4e-05	3.6e-05	3.45601e-16
-4e-05	4e-05	5.22427e-17
-4e-05	4.4e-05	-1.32632e-16
-4e-05	4.8e-05	-4.84463e-17
-4e-05	5.2e-05	-3.46123e-16
-4e-05	5.6e-05	-8.81833e-17
-4e-05	6e-05	-5.18513e-16
-4e-05	6.4e-05	3.13199e-16
-4e-05	6.8e-05	-3.80836e-16
-4e-05	7.2e-05	5.86966e-16
-4e-05	7.6e-05	-2.16525e-16
-3.6e-05	-8e-05	6.18528e-16
-3.6e-05	-7.6e-05	-1.84326e-16
-3.6e-05	-7.2e-05	5.96735e-16
-3.6e-05	-6.8e-05	-2.288e-16
-3.6e-05	-6.4e-05	4.57074e-16
-3.6e-05	-6e-05	-4.23546e-16
-3.6e-05	-5.6e-05	-7.74745e-17
-3.6e-05	-5.2e-05	-7.12262e-16
-3.6e-05	-4.8e-05	-2.29831e-16
-3.6e-05	-4.4e-05	-3.36845e-16
-3.6e-05	-4e-05	3.35798e-16
-3.6e-05	-3.6e-05	4.60085e-16
-3.6e-05	-3.2e-05	-2.87261e-17
-3.6e-05	-2.8e-05	4.26387e-16
-3.6e-05	-2.4e-05	-5.09614e-16
-3.6e-05	-2e-05	1.16327e-16
-3.6e-05	-1.6e-05	-1.34439e-15
-3.6e-05	-1.2e-05	-2.91236e-14
-3.6e-05	-8e-06	-2.47198e-14
-3.6e-05	-4e-06	-3.03775e-15
-3.6e-05	0	8.7681e-15
-3.6e-05	4e-06	1.83091e-14
-3.6e-05	8e-06	2.01822e-14
-3.6e-05	1.2e-05	9.70105e-16
-3.6e-05	1.6e-05	-2.12437e-16
-3.6e-05	2e-05	3.29199e-17
-3.6e-05	2.4e-05	2.09945e-16
-3.6e-05	2.8e-05	-3.87456e-16
-3.6e-05	3.2e-05	1.46362e-16
-3.6e-05	3.6e-05	-2.30111e-16
-3.6e-05	4e-05	3.1807e-16
-3.6e-05	4.4e-05	3.95436e-17
-3.6e-05	4.8e-05	2.48474e-17
-3.6e-05	5.2e-05	-1.95408e-17
-3.6e-05	5.6e-05	-3.43052e-16
-3.6e-05	6e-05	-3.64665e-17
-3.6e-05	6.4e-05	-4.91303e-16
-3.6e-05	6.8e-05	-2.02726e-17
-3.6e-05	7.2e-05	-4.51964e-16
-3.6e-05	7.6e-05	-2.58314e-19
-3.2e-05	-8e-05	-4.23467e-16
-3.2e-05	-7.6e-05	-1.07939e-16
-3.2e-05	-7.2e-05	-6.50665e-16
-3.2e-05	-6.8e-05	1.39856e-17
-3.2e-05	-6.4e-05	-6.28792e-16
-3.2e-05	-6e-05	1.12441e-17
-3.2e-05	-5.6e-05	-5.23811e-16
-3.2e-05	-5.2e-05	1.67528e-16
-3.2e-05	-4.8e-05	-7.96217e-17
-3.2e-05	-4.4e-05	5.28369e-16
-3.2e-05	-4e-05	4.83263e-16
-3.2e-05	-3.6e-05	-1.53345e-16
-3.2e-05	-3.2e-05	5.31358e-16
-3.2e-05	-2.8e-05	-8.18946e-16
-3.2e-05	-2.4e-05	1.03626e-16
-3.2e-05	-2e-05	-3.9823e-15
-3.2e-05	-1.6e-05	-1.71438e-13
-3.2e-05	-1.2e-05	-4.33153e-12
-3.2e-05	-8e-06	-3.68487e-12
-3.2e-05	-4e-06	-4.47497e-13
-3.2e-05	0	1.27441e-12
-3.2e-05	4e-06	2.66098e-12
-3.2e-05	8e-06	2.9829e-12
-3.2e-05	1.2e-05	1.18085e-13
-3.2e-05	1.6e-05	2.80387e-15
-3.2e-05	2e-05	-1.30002e-16
-3.2e-05	2.4e-05	2.4722e-16
-3.2e-05	2.8e-05	7.63194e-17
-3.2e-05	3.2e-05	-4.78267e-16
-3.2e-05	3.6e-05	2.07124e-16
-3.2e-05	4e-05	-3.83937e-16
-3.2e-05	4.4e-05	3.19551e-16
-3.2e-05	4.8e-05	6.71034e-17
-3.2e-05	5.2e-05	2.02617e-16
-3.2e-05	5.6e-05	2.14003e-16
-3.2e-05	6e-05	-2.30774e-16
-3.2e-05	6.4e-05	2.54094e-16
-3.2e-05	6.8e-05	-4.78151e-16
-3.2e-05	7.2e-05	5.96138e-17
-3.2e-05	7.6e-05	-4.23368e-16
-2.8e-05	-8e-05	-1.0647e-16
-2.8e-05	-7.6e-05	-4.37657e-16
-2.8e-05	-7.2e-05	-3.48708e-18
-2.8e-05	-6.8e-05	-5.91854e-16
-2.8e-05	-6.4e-05	3.69567e-16
-2.8e-05	-6e-05	-2.66643e-16
-2.8e-05	-5.6e-05	4.68238e-16
-2.8e-05	-5.2e-05	1.47798e-16
-2.8e-05	-4.8e-05	2.87321e-16
-2.8e-05	-4.4e-05	5.88184e-16
-2.8e-05	-4e-05	-4.18831e-16
-2.8e-05	-3.6e-05	4.46613e-16
-2.8e-05	-3.2e-05	-8.49179e-16
-2.8e-05	-2.8e-05	1.1482e-18
-2.8e-05	-2.4e-05	-6.51496e-15
-2.8e-05	-2e-05	-4.25536e-13
-2.8e-05	-1.6e-05	-2.12896e-11
-2.8e-05	-1.2e-05	-6.44128e-10
-2.8e-05	-8e-06	-5.46437e-10
-2.8e-05	-4e-06	-6.45645e-11
-2.8e-05	0	1.88421e-10
-2.8e-05	4e-06	3.93812e-10
-2.8e-05	8e-06	4.43409e-10
-2.8e-05	1.2e-05	1.46477e-11
-2.8e-05	1.6e-05	2.92474e-13
-2.8e-05	2e-05	4.79848e-15
-2.8e-05	2.4e-05	8.7092e-17
-2.8e-05	2.8e-05	-2.435e-17
-2.8e-05	3.2e-05	1.2938e-16
-2.8e-05	3.6e-05	-5.6779e-16
-2.8e-05	4e-05	1.67013e-16
-2.8e-05	4.4e-05	-2.7515e-16
-2.8e-05	4.8e-05	3.60872e-16
-2.8e-05	5.2e-05	-1.71697e-16
-2.8e-05	5.6e-05	3.5511e-16
-2.8e-05	6e-05	1.72564e-16
-2.8e-05	6.4e-05	4.6863e-17
-2.8e-05	6.8e-05	2.70781e-16
-2.8e-05	7.2e-05	-4.54345e-17
-2.8e-05	7.6e-05	1.46069e-16
-2.4e-05	-8e-05	-2.44827e-17
-2.4e-05	-7.6e-05	4.96168e-17
-2.4e-05	-7.2e-05	-3.77372e-17
-2.4e-05	-6.8e-05	2.3222e-16
-2.4e-05	-6.4e-05	6.26741e-18
-2.4e-05	-6e-05	3.06613e-16
-2.4e-05	-5.6e-05	4.28148e-16
-2.4e-05	-5.2e-05	-1.12427e-16
-2.4e-05	-4.8e-05	5.15899e-16
-2.4e-05	-4.4e-05	-5.28528e-16
-2.4e-05	-4e-05	4.94519e-16
-2.4e-05	-3.6e-05	-4.88193e-16
-2.4e-05	-3.2e-05	5.99927e-17
-2.4e-05	-2.8e-05	-6.6786e-15
-2.4e-05	-2.4e-05	-5.6555e-13
-2.4e-05	-2e-05	-4.2342e-11
-2.4e-05	-1.6e-05	-2.54035e-09
-2.4e-05	-1.2e-05	-9.57934e-08
-2.4e-05	-8e-06	-8.1038e-08
-2.4e-05	-4e-06	-9.3008e-09
-2.4e-05	0	2.78585e-08
-2.4e-05	4e-06	5.82822e-08
-2.4e-05	8e-06	6.59252e-08
-2.4e-05	1.2e-05	1.74755e-09
-2.4e-05	1.6e-05	2.91232e-11
-2.4e-05	2e-05	3.88802e-13
-2.4e-05	2.4e-05	4.52757e-15
-2.4e-05	2.8e-05	3.30832e-17
-2.4e-05	3.2e-05	-2.84152e-16
-2.4e-05	3.6e-05	1.31872e-17
-2.4e-05	4e-05	-2.70874e-16
-2.4e-05	4.4e-05	1.23112e-16
-2.4e-05	4.8e-05	-3.04873e-16
-2.4e-05	5.2e-05	3.59558e-16
-2.4e-05	5.6e-05	-4.81844e-16
-2.4e-05	6e-05	3.48479e-16
-2.4e-05	6.4e-05	-1.90343e-16
-2.4e-05	6.8e-05	1.42485e-16
-2.4e-05	7.2e-05	-5.06305e-17
-2.4e-05	7.6e-05	4.09825e-16
-2e-05	-8e-05	-3.31404e-16
-2e-05	-7.6e-05	5.58891e-16
-2e-05	-7.2e-05	-3.38461e-16
-2e-05	-6.8e-05	3.83703e-16
-2e-05	-6.4e-05	-1.25348e-16
-2e-05	-6e-05	4.93408e-16
-2e-05	-5.6e-05	-3.27241e-16
-2e-05	-5.2e-05	4.29493e-16
-2e-05	-4.8e-05	-5.81841e-16
-2e-05	-4.4e-05	3.56257e-16
-2e-05	-4e-05	-1.89577e-16
-2e-05	-3.6e-05	1.39509e-16
-2e-05	-3.2e-05	-4.12565e-15
-2e-05	-2.8e-05	-4.23355e-13
-2e-05	-2.4e-05	-4.22312e-11
-2e-05	-2e-05	-3.79327e-09
-2e-05	-1.6e-05	-2.84195e-07
-2e-05	-1.2e-05	-1.42471e-05
-2e-05	-8e-06	-1.20181e-05
-2e-05	-4e-06	-1.33821e-06
-2e-05	0	4.11864e-06
-2e-05	4e-06	8.6252e-06
-2e-05	8e-06	9.80235e-06
-2e-05	1.2e-05	1.95475e-07
-2e-05	1.6e-05	2.60871e-09
-2e-05	2e-05	2.90406e-11
-2e-05	2.4e-05	2.90945e-13
-2e-05	2.8e-05	2.62274e-15
-2e-05	3.2e-05	1.50666e-16
-2e-05	3.6e-05	-4.44547e-16
-2e-05	4e-05	-1.17723e-16
-2e-05	4.4e-05	6.51625e-18
-2e-05	4.8e-05	6.21669e-17
-2e-05	5.2e-05	-2.86239e-16
-2e-05	5.6e-05	3.24689e-16
-2e-05	6e-05	-3.26674e-16
-2e-05	6.4e-05	6.14816e-17
-2e-05	6.8e-05	-2.771e-16
-2e-05	7.2e-05	3.52472e-16
-2e-05	7.6e-05	-4.45726e-16
-1.6e-05	-8e-05	4.81657e-16
-1.6e-05	-7.6e-05	-5.08756e-16
-1.6e-05	-7.2e-05	4.40501e-16
-1.6e-05	-6.8e-05	-2.62048e-16
-1.6e-05	-6.4e-05	3.83824e-16
-1.6e-05	-6e-05	-3.25876e-16
-1.6e-05	-5.6e-05	3.43212e-16
-1.6e-05	-5.2e-05	-2.78304e-16
-1.6e-05	-4.8e-05	3.66326e-16
-1.6e-05	-4.4e-05	-2.65052e-16
-1.6e-05	-4e-05	1.53905e-16
-1.6e-05	-3.6e-05	-1.47191e-15
-1.6e-05	-3.2e-05	-1.69232e-13
-1.6e-05	-2.8e-05	-2.10883e-11
-1.6e-05	-2.4e-05	-2.52376e-09
-1.6e-05	-2e-05	-2.83217e-07
-1.6e-05	-1.6e-05	-2.82639e-05
-1.6e-05	-1.2e-05	-0.00211905
-1.6e-05	-8e-06	-0.00178232
-1.6e-05	-4e-06	-0.000192296
-1.6e-05	0	0.000608859
-1.6e-05	4e-06	0.0012764
-1.6e-05	8e-06	0.00145761
-1.6e-05	1.2e-05	1.94375e-05
-1.6e-05	1.6e-05	1.94746e-07
-1.6e-05	2e-05	1.7352e-09
-1.6e-05	2.4e-05	1.44975e-11
-1.6e-05	2.8e-05	1.16256e-13
-1.6e-05	3.2e-05	6.66659e-16
-1.6e-05	3.6e-05	3.77391e-17
-1.6e-05	4e-05	-8.76609e-17
-1.6e-05	4.4e-05	-6.07618e-17
-1.6e-05	4.8e-05	-2.26784e-16
-1.6e-05	5.2e-05	2.04747e-16
-1.6e-05	5.6e-05	-3.78221e-16
-1.6e-05	6e-05	1.75484e-16
-1.6e-05	6.4e-05	-3.13804e-16
-1.6e-05	6.8e-05	1.10445e-16
-1.6e-05	7.2e-05	-4.38984e-16
-1.6e-05	7.6e-05	5.23175e-16
-1.2e-05	-8e-05	-6.10085e-16
-1.2e-05	-7.6e-05	5.83469e-16
-1.2e-05	-7.2e-05	-4.69955e-16
-1.2e-05	-6.8e-05	3.68818e-16
-1.2e-05	-6.4e-05	-2.02931e-16
-1.2e-05	-6e-05	2.80272e-16
-1.2e-05	-5.6e-05	-2.69867e-16
-1.2e-05	-5.2e-05	3.15402e-16
-1.2e-05	-4.8e-05	-3.55606e-16
-1.2e-05	-4.4e-05	1.91493e-16
-1.2e-05	-4e-05	-3.7219e-16
-1.2e-05	-3.6e-05	-2.8326e-14
-1.2e-05	-3.2e-05	-4.21722e-12
-1.2e-05	-2.8e-05	-6.30558e-10
-1.2e-05	-2.4e-05	-9.42906e-08
-1.2e-05	-2e-05	-1.41007e-05
-1.2e-05	-1.6e-05	-0.00210884
-1.2e-05	-1.2e-05	-0.315198
-1.2e-05	-8e-06	-0.264323
-1.2e-05	-4e-06	-0.0275939
-1.2e-05	0	0.0900008
-1.2e-05	4e-06	0.188883
-1.2e-05	8e-06	0.216761
-1.2e-05	1.2e-05	0.00144998
-1.2e-05	1.6e-05	9.69336e-06
-1.2e-05	2e-05	6.48067e-08
-1.2e-05	2.4e-05	4.33309e-10
-1.2e-05	2.8e-05	2.89734e-12
-1.2e-05	3.2e-05	1.96923e-14
-1.2e-05	3.6e-05	6.60761e-18
-1.2e-05	4e-05	-2.92387e-16
-1.2e-05	4.4e-05	4.93337e-17
-1.2e-05	4.8e-05	-1.17634e-16
-1.2e-05	5.2e-05	-3.04343e-16
-1.2e-05	5.6e-05	6.30385e-17
-1.2e-05	6e-05	-3.30383e-16
-1.2e-05	6.4e-05	-1.63154e-16
-1.2e-05	6.8e-05	-2.90241e-16
-1.2e-05	7.2e-05	1.57868e-16
-1.2e-05	7.6e-05	-5.83634e-16
-8e-06	-8e-05	3.6981e-16
-8e-06	-7.6e-05	-8.19493e-16
-8e-06	-7.2e-05	3.02444e-16
-8e-06	-6.8e-05	-3.87433e-16
-8e-06	-6.4e-05	-4.3594e-18
-8e-06	-6e-05	-2.65338e-16
-8e-06	-5.6e-05	-4.59127e-18
-8e-06	-5.2e-05	-2.51916e-16
-8e-06	-4.8e-05	-5.61264e-17
-8e-06	-4.4e-05	-1.57343e-16
-8e-06	-4e-05	-1.38452e-16
-8e-06	-3.6e-05	-8.73208e-16
-8e-06	-3.2e-05	-1.44733e-13
-8e-06	-2.8e-05	-1.9444e-11
-8e-06	-2.4e-05	-2.58064e-09
-8e-06	-2e-05	-3.37175e-07
-8e-06	-1.6e-05	-4.3158e-05
-8e-06	-1.2e-05	-0.00558161
-8e-06	-8e-06	0.14113
-8e-06	-4e-06	0.153276
-8e-06	0	-0.0926259
-8e-06	4e-06	-0.162659
-8e-06	8e-06	-0.00302762
-8e-06	1.2e-05	-1.36831e-05
-8e-06	1.6e-05	-4.96471e-08
-8e-06	2e-05	-5.02328e-11
-8e-06	2.4e-05	1.56081e-12
-8e-06	2.8e-05	2.3555e-14
-8e-06	3.2e-05	-1.09746e-16
-8e-06	3.6e-05	1.45251e-16
-8e-06	4e-05	1.28791e-16
-8e-06	4.4e-05	-3.0276e-17
-8e-06	4.8e-05	-1.50677e-16
-8e-06	5.2e-05	-4.86897e-17
-8e-06	5.6e-05	-8.20837e-17
-8e-06	6e-05	-3.39301e-16
-8e-06	6.4e-05	7.42145e-18
-8e-06	6.8e-05	-2.66113e-16
-8e-06	7.2e-05	-2.80616e-16
-8e-06	7.6e-05	8.60959e-18
-4e-06	-8e-05	-4.61206e-16
-4e-06	-7.6e-05	5.02771e-17
-4e-06	-7.2e-05	-2.32232e-16
-4e-06	-6.8e-05	-9.74844e-17
-4e-06	-6.4e-05	1.27609e-16
-4e-06	-6e-05	-2.24599e-16
-4e-06	-5.6e-05	2.43294e-17
-4e-06	-5.2e-05	-2.45675e-16
-4e-06	-4.8e-05	8.61775e-18
-4e-06	-4.4e-05	-2.12645e-17
-4e-06	-4e-05	2.43925e-16
-4e-06	-3.6e-05	1.36032e-14
-4e-06	-3.2e-05	2.01363e-12
-4e-06	-2.8e-05	3.02383e-10
-4e-06	-2.4e-05	4.54054e-08
-4e-06	-2e-05	6.81788e-06
-4e-06	-1.6e-05	0.00102373
-4e-06	-1.2e-05	0.153605
-4e-06	-8e-06	0.225254
-4e-06	-4e-06	0.0970638
-4e-06	0	-0.151911
-4e-06	4e-06	-0.218425
-4e-06	8e-06	-0.0788017
-4e-06	1.2e-05	-0.00052105
-4e-06	1.6e-05	-3.43772e-06
-4e-06	2e-05	-2.26763e-08
-4e-06	2.4e-05	-1.49548e-10
-4e-06	2.8e-05	-9.86233e-13
-4e-06	3.2e-05	-6.27944e-15
-4e-06	3.6e-05	-1.99531e-16
-4e-06	4e-05	8.36286e-17
-4e-06	4.4e-05	-1.67157e-16
-4e-06	4.8e-05	1.14361e-16
-4e-06	5.2e-05	3.1505e-17
-4e-06	5.6e-05	-5.38534e-17
-4e-06	6e-05	3.65274e-17
-4e-06	6.4e-05	-3.80736e-16
-4e-06	6.8e-05	6.89308e-17
-4e-06	7.2e-05	-3.86822e-17
-4e-06	7.6e-05	-2.14797e-16
0	-8e-05	-5.66199e-17
0	-7.6e-05	-1.08163e-16
0	-7.2e-05	-1.93648e-16
0	-6.8e-05	1.20477e-16
0	-6.4e-05	-1.72561e-16
0	-6e-05	1.7541e-17
0	-5.6e-05	-2.16726e-16
0	-5.2e-05	6.77913e-17
0	-4.8e-05	6.43315e-17
0	-4.4e-05	-1.59934e-16
0	-4e-05	3.24392e-16
0	-3.6e-05	-6.60575e-15
0	-3.2e-05	-9.85792e-13
0	-2.8e-05	-1.49549e-10
0	-2.4e-05	-2.26763e-08
0	-2e-05	-3.43772e-06
0	-1.6e-05	-0.00052105
0	-1.2e-05	-0.0788017
0	-8e-06	-0.218425
0	-4e-06	-0.151911
0	0	0.0970638
0	4e-06	0.225254
0	8e-06	0.153605
0	1.2e-05	0.00102373
0	1.6e-05	6.81788e-06
0	2e-05	4.54054e-08
0	2.4e-05	3.02383e-10
0	2.8e-05	2.01391e-12
0	3.2e-05	1.3205e-14
0	3.6e-05	1.80995e-16
0	4e-05	-2.47734e-17
0	4.4e-05	2.76394e-16
0	4.8e-05	-3.50193e-16
0	5.2e-05	1.52032e-16
0	5.6e-05	-1.03557e-16
0	6e-05	-2.35545e-16
0	6.4e-05	4.06806e-17
0	6.8e-05	-8.74659e-17
0	7.2e-05	-1.51053e-16
0	7.6e-05	6.21601e-17
4e-06	-8e-05	-3.02785e-16
4e-06	-7.6e-05	8.03811e-18
4e-06	-7.2e-05	-1.11163e-16
4e-06	-6.8e-05	1.21193e-17
4e-06	-6.4e-05	-9.92102e-17
4e-06	-6e-05	-5.07633e-17
4e-06	-5.6e-05	-1.22343e-16
4e-06	-5.2e-05	3.36744e-17
4e-06	-4.8e-05	-1.21746e-16
4e-06	-4.4e-05	3.50102e-16
4e-06	-4e-05	-2.50185e-16
4e-06	-3.6e-05	6.31647e-16
4e-06	-3.2e-05	2.31836e-14
4e-06	-2.8e-05	1.56111e-12
4e-06	-2.4e-05	-5.02328e-11
4e-06	-2e-05	-4.96471e-08
4e-06	-1.6e-05	-1.36831e-05
4e-06	-1.2e-05	-0.00302762
4e-06	-8e-06	-0.162659
4e-06	-4e-06	-0.0926259
4e-06	0	0.153276
4e-06	4e-06	0.14113
4e-06	8e-06	-0.00558161
4e-06	1.2e-05	-4.3158e-05
4e-06	1.6e-05	-3.37175e-07
4e-06	2e-05	-2.58064e-09
4e-06	2.4e-05	-1.9444e-11
4e-06	2.8e-05	-1.44864e-13
4e-06	3.2e-05	-1.05408e-15
4e-06	3.6e-05	-8.80761e-17
4e-06	4e-05	1.20393e-16
4e-06	4.4e-05	-2.64746e-16
4e-06	4.8e-05	3.3614e-16
4e-06	5.2e-05	-8.42476e-17
4e-06	5.6e-05	1.5464e-17
4e-06	6e-05	-4.03279e-17
4e-06	6.4e-05	2.73067e-17
4e-06	6.8e-05	-1.5254e-16
4e-06	7.2e-05	3.02924e-16
4e-06	7.6e-05	-3.66455e-16
8e-06	-8e-05	2.33186e-16
8e-06	-7.6e-05	-1.55335e-16
8e-06	-7.2e-05	1.37478e-16
8e-06	-6.8e-05	7.14989e-17
8e-06	-6.4e-05	1.52088e-16
8e-06	-6e-05	-1.2361e-16
8e-06	-5.6e-05	2.45211e-16
8e-06	-5.2e-05	-1.07257e-16
8e-06	-4.8e-05	3.20974e-16
8e-06	-4.4e-05	-7.29656e-17
8e-06	-4e-05	4.552e-16
8e-06	-3.6e-05	1.92908e-14
8e-06	-3.2e-05	2.89769e-12
8e-06	-2.8e-05	4.33308e-10
8e-06	-2.4e-05	6.48067e-08
8e-06	-2e-05	9.69336e-06
8e-06	-1.6e-05	0.00144998
8e-06	-1.2e-05	0.216761
8e-06	-8e-06	0.188883
8e-06	-4e-06	0.0900008
8e-06	0	-0.0275939
8e-06	4e-06	-0.264323
8e-06	8e-06	-0.315198
8e-06	1.2e-05	-0.00210884
8e-06	1.6e-05	-1.41007e-05
8e-06	2e-05	-9.42906e-08
8e-06	2.4e-05	-6.30558e-10
8e-06	2.8e-05	-4.21709e-12
8e-06	3.2e-05	-2.83992e-14
8e-06	3.6e-05	-2.50971e-16
8e-06	4e-05	-2.68706e-16
8e-06	4.4e-05	7.66172e-18
8e-06	4.8e-05	-1.70431e-16
8e-06	5.2e-05	8.28911e-17
8e-06	5.6e-05	-1.07938e-16
8e-06	6e-05	-7.34313e-17
8e-06	6.4e-05	-7.58789e-17
8e-06	6.8e-05	2.93843e-16
8e-06	7.2e-05	-3.27764e-16
8e-06	7.6e-05	2.94772e-16
1.2e-05	-8e-05	-1.94089e-16
1.2e-05	-7.6e-05	2.7847e-16
1.2e-05	-7.2e-05	1.11637e-16
1.2e-05	-6.8e-05	2.97787e-16
1.2e-05	-6.4e-05	6.72333e-18
1.2e-05	-6e-05	3.1844e-16
1.2e-05	-5.6e-05	-1.32437e-16
1.2e-05	-5.2e-05	9.5323e-17
1.2e-05	-4.8e-05	-6.54682e-17
1.2e-05	-4.4e-05	4.3984e-17
1.2e-05	-4e-05	-2.64866e-16
1.2e-05	-3.6e-05	9.48492e-16
1.2e-05	-3.2e-05	1.16101e-13
1.2e-05	-2.8e-05	1.44976e-11
1.2e-05	-2.4e-05	1.7352e-09
1.2e-05	-2e-05	1.94746e-07
1.2e-05	-1.6e-05	1.94375e-05
1.2e-05	-1.2e-05	0.00145761
1.2e-05	-8e-06	0.0012764
1.2e-05	-4e-06	0.000608859
1.2e-05	0	-0.000192296
1.2e-05	4e-06	-0.00178232
1.2e-05	8e-06	-0.00211905
1.2e-05	1.2e-05	-2.82639e-05
1.2e-05	1.6e-05	-2.83217e-07
1.2e-05	2e-05	-2.52376e-09
1.2e-05	2.4e-05	-2.10878e-11
1.2e-05	2.8e-05	-1.69348e-13
1.2e-05	3.2e-05	-1.23467e-15
1.2e-05	3.6e-05	-2.79432e-16
1.2e-05	4e-05	-4.99229e-18
1.2e-05	4.4e-05	-3.01615e-16
1.2e-05	4.8e-05	-3.97494e-17
1.2e-05	5.2e-05	-1.83357e-16
1.2e-05	5.6e-05	-2.78963e-16
1.2e-05	6e-05	-5.97001e-17
1.2e-05	6.4e-05	-1.3238e-17
1.2e-05	6.8e-05	-3.60396e-16
1.2e-05	7.2e-05	1.68042e-17
1.2e-05	7.6e-05	-2.33267e-16
1.6e-05	-8e-05	1.83066e-18
1.6e-05	-7.6e-05	-1.22826e-17
1.6e-05	-7.2e-05	-1.22588e-16
1.6e-05	-6.8e-05	1.49314e-18
1.6e-05	-6.4e-05	-1.04988e-16
1.6e-05	-6e-05	-1.94382e-16
1.6e-05	-5.6e-05	8.00504e-17
1.6e-05	-5.2e-05	-2.73359e-16
1.6e-05	-4.8e-05	-2.30499e-16
1.6e-05	-4.4e-05	-1.97261e-16
1.6e-05	-4e-05	-1.70614e-17
1.6e-05	-3.6e-05	-4.94266e-16
1.6e-05	-3.2e-05	2.97191e-15
1.6e-05	-2.8e-05	2.9087e-13
1.6e-05	-2.4e-05	2.90408e-11
1.6e-05	-2e-05	2.60871e-09
1.6e-05	-1.6e-05	1.95475e-07
1.6e-05	-1.2e-05	9.80235e-06
1.6e-05	-8e-06	8.6252e-06
1.6e-05	-4e-06	4.11864e-06
1.6e-05	0	-1.33821e-06
1.6e-05	4e-06	-1.20181e-05
1.6e-05	8e-06	-1.42471e-05
1.6e-05	1.2e-05	-2.84195e-07
1.6e-05	1.6e-05	-3.79327e-09
1.6e-05	2e-05	-4.22309e-11
1.6e-05	2.4e-05	-4.23381e-13
1.6e-05	2.8e-05	-3.7853e-15
1.6e-05	3.2e-05	-1.41202e-16
1.6e-05	3.6e-05	1.84733e-16
1.6e-05	4e-05	-2.49679e-16
1.6e-05	4.4e-05	2.04386e-16
1.6e-05	4.8e-05	-2.02859e-16
1.6e-05	5.2e-05	-5.22307e-17
1.6e-05	5.6e-05	-1.76485e-16
1.6e-05	6e-05	-5.95875e-17
1.6e-05	6.4e-05	-3.18077e-16
1.6e-05	6.8e-05	3.12859e-17
1.6e-05	7.2e-05	-4.16505e-16
1.6e-05	7.6e-05	3.40724e-17
2e-05	-8e-05	-3.34828e-16
2e-05	-7.6e-05	-1.68601e-16
2e-05	-7.2e-05	-6.57371e-17
2e-05	-6.8e-05	-2.05744e-16
2e-05	-6.4e-05	-1.88916e-16
2e-05	-6e-05	1.35052e-17
2e-05	-5.6e-05	-3.46365e-16
2e-05	-5.2e-05	9.29416e-17
2e-05	-4.8e-05	-3.27591e-16
2e-05	-4.4e-05	7.37479e-17
2e-05	-4e-05	-1.02734e-16
2e-05	-3.6e-05	3.13118e-16
2e-05	-3.2e-05	-1.7209e-16
2e-05	-2.8e-05	4.9769e-15
2e-05	-2.4e-05	3.88752e-13
2e-05	-2e-05	2.91229e-11
2e-05	-1.6e-05	1.74755e-09
2e-05	-1.2e-05	6.59252e-08
2e-05	-8e-06	5.82822e-08
2e-05	-4e-06	2.78585e-08
2e-05	0	-9.3008e-09
2e-05	4e-06	-8.1038e-08
2e-05	8e-06	-9.57934e-08
2e-05	1.2e-05	-2.54035e-09
2e-05	1.6e-05	-4.2342e-11
2e-05	2e-05	-5.65521e-13
2e-05	2.4e-05	-6.70524e-15
2e-05	2.8e-05	-1.36611e-16
2e-05	3.2e-05	-8.60436e-17
2e-05	3.6e-05	-1.89363e-16
2e-05	4e-05	1.32876e-16
2e-05	4.4e-05	-9.01084e-17
2e-05	4.8e-05	1.63974e-16
2e-05	5.2e-05	-6.42831e-17
2e-05	5.6e-05	1.42441e-17
2e-05	6e-05	-1.68466e-16
2e-05	6.4e-05	1.02932e-16
2e-05	6.8e-05	-3.61153e-16
2e-05	7.2e-05	1.00055e-16
2e-05	7.6e-05	-3.42962e-16
2.4e-05	-8e-05	9.22798e-17
2.4e-05	-7.6e-05	-1.25407e-16
2.4e-05	-7.2e-05	-6.59539e-17
2.4e-05	-6.8e-05	-6.11987e-17
2.4e-05	-6.4e-05	4.23451e-17
2.4e-05	-6e-05	-1.68225e-16
2.4e-05	-5.6e-05	3.17529e-16
2.4e-05	-5.2e-05	-2.23071e-16
2.4e-05	-4.8e-05	1.90653e-16
2.4e-05	-4.4e-05	-2.26042e-16
2.4e-05	-4e-05	1.27933e-16
2.4e-05	-3.6e-05	-9.72818e-19
2.4e-05	-3.2e-05	2.3926e-16
2.4e-05	-2.8e-05	-5.30667e-17
2.4e-05	-2.4e-05	4.55063e-15
2.4e-05	-2e-05	2.92494e-13
2.4e-05	-1.6e-05	1.46474e-11
2.4e-05	-1.2e-05	4.43408e-10
2.4e-05	-8e-06	3.93812e-10
2.4e-05	-4e-06	1.88422e-10
2.4e-05	0	-6.45646e-11
2.4e-05	4e-06	-5.46437e-10
2.4e-05	8e-06	-6.44128e-10
2.4e-05	1.2e-05	-2.12899e-11
2.4e-05	1.6e-05	-4.25407e-13
2.4e-05	2e-05	-6.84756e-15
2.4e-05	2.4e-05	-1.70131e-16
2.4e-05	2.8e-05	-2.6562e-16
2.4e-05	3.2e-05	-1.43504e-16
2.4e-05	3.6e-05	-6.30863e-17
2.4e-05	4e-05	-1.28671e-16
2.4e-05	4.4e-05	-3.03745e-18
2.4e-05	4.8e-05	-2.43466e-16
2.4e-05	5.2e-05	-3.92191e-17
2.4e-05	5.6e-05	-1.3253e-16
2.4e-05	6e-05	6.86423e-17
2.4e-05	6.4e-05	-3.00678e-16
2.4e-05	6.8e-05	1.10604e-16
2.4e-05	7.2e-05	-2.05432e-16
2.4e-05	7.6e-05	1.17394e-16
2.8e-05	-8e-05	-1.31161e-16
2.8e-05	-7.6e-05	4.38504e-17
2.8e-05	-7.2e-05	-1.28537e-16
2.8e-05	-6.8e-05	6.04463e-17
2.8e-05	-6.4e-05	-9.73081e-17
2.8e-05	-6e-05	5.03399e-17
2.8e-05	-5.6e-05	-1.7908e-16
2.8e-05	-5.2e-05	3.37901e-16
2.8e-05	-4.8e-05	-1.90618e-16
2.8e-05	-4.4e-05	5.44698e-17
2.8e-05	-4e-05	-1.37116e-16
2.8e-05	-3.6e-05	-1.12209e-16
2.8e-05	-3.2e-05	-9.95236e-17
2.8e-05	-2.8e-05	-1.13337e-16
2.8e-05	-2.4e-05	-2.7838e-17
2.8e-05	-2e-05	2.52924e-15
2.8e-05	-1.6e-05	1.17889e-13
2.8e-05	-1.2e-05	2.98239e-12
2.8e-05	-8e-06	2.661e-12
2.8e-05	-4e-06	1.27414e-12
2.8e-05	0	-4.47659e-13
2.8e-05	4e-06	-3.68469e-12
2.8e-05	8e-06	-4.33163e-12
2.8e-05	1.2e-05	-1.71274e-13
2.8e-05	1.6e-05	-4.25378e-15
2.8e-05	2e-05	-6.62818e-17
2.8e-05	2.4e-05	-4.04276e-16
2.8e-05	2.8e-05	-9.12603e-18
2.8e-05	3.2e-05	-2.27869e-16
2.8e-05	3.6e-05	-6.61316e-17
2.8e-05	4e-05	5.36233e-18
2.8e-05	4.4e-05	-1.15196e-16
2.8e-05	4.8e-05	-1.55144e-16
2.8e-05	5.2e-05	-5.53831e-17
2.8e-05	5.6e-05	7.53288e-17
2.8e-05	6e-05	-2.48553e-16
2.8e-05	6.4e-05	1.39345e-17
2.8e-05	6.8e-05	-2.15079e-16
2.8e-05	7.2e-05	-2.04607e-17
2.8e-05	7.6e-05	-1.85459e-16
3.2e-05	-8e-05	3.27918e-17
3.2e-05	-7.6e-05	-2.62191e-16
3.2e-05	-7.2e-05	4.32686e-17
3.2e-05	-6.8e-05	-1.41048e-16
3.2e-05	-6.4e-05	7.34851e-17
3.2e-05	-6e-05	-1.8005e-16
3.2e-05	-5.6e-05	-3.47006e-18
3.2e-05	-5.2e-05	-2.09257e-16
3.2e-05	-4.8e-05	2.38001e-16
3.2e-05	-4.4e-05	-2.62389e-16
3.2e-05	-4e-05	-4.96871e-17
3.2e-05	-3.6e-05	-3.93427e-17
3.2e-05	-3.2e-05	-4.05626e-16
3.2e-05	-2.8e-05	4.20534e-17
3.2e-05	-2.4e-05	-4.79548e-16
3.2e-05	-2e-05	2.05023e-16
3.2e-05	-1.6e-05	5.19303e-16
3.2e-05	-1.2e-05	2.00731e-14
3.2e-05	-8e-06	1.77456e-14
3.2e-05	-4e-06	8.62518e-15
3.2e-05	0	-3.14228e-15
3.2e-05	4e-06	-2.47652e-14
3.2e-05	8e-06	-2.91383e-14
3.2e-05	1.2e-05	-1.34733e-15
3.2e-05	1.6e-05	-1.78765e-16
3.2e-05	2e-05	-1.73337e-16
3.2e-05	2.4e-05	-1.7785e-17
3.2e-05	2.8e-05	-1.85846e-16
3.2e-05	3.2e-05	-4.1056e-17
3.2e-05	3.6e-05	-3.14562e-16
3.2e-05	4e-05	-2.37318e-18
3.2e-05	4.4e-05	-4.12998e-16
3.2e-05	4.8e-05	6.20235e-17
3.2e-05	5.2e-05	-1.85188e-16
3.2e-05	5.6e-05	-1.40749e-16
3.2e-05	6e-05	-1.34393e-16
3.2e-05	6.4e-05	-4.94424e-17
3.2e-05	6.8e-05	-1.74243e-16
3.2e-05	7.2e-05	5.48172e-18
3.2e-05	7.6e-05	-1.42548e-16
3.6e-05	-8e-05	-7.91755e-17
3.6e-05	-7.6e-05	-1.24174e-16
3.6e-05	-7.2e-05	-1.37232e-16
3.6e-05	-6.8e-05	-1.19254e-16
3.6e-05	-6.4e-05	-9.14326e-17
3.6e-05	-6e-05	-1.63506e-16
3.6e-05	-5.6e-05	5.89084e-17
3.6e-05	-5.2e-05	-3.40837e-16
3.6e-05	-4.8e-05	-2.01312e-17
3.6e-05	-4.4e-05	-1.7176e-16
3.6e-05	-4e-05	-7.74661e-17
3.6e-05	-3.6e-05	-2.6614e-16
3.6e-05	-3.2e-05	2.34422e-17
3.6e-05	-2.8e-05	-5.12332e-16
3.6e-05	-2.4e-05	-4.95339e-17
3.6e-05	-2e-05	-4.44158e-16
3.6e-05	-1.6e-05	-5.48846e-17
3.6e-05	-1.2e-05	3.64478e-17
3.6e-05	-8e-06	-9.74154e-17
3.6e-05	-4e-06	1.81441e-16
3.6e-05	0	-1.15651e-16
3.6e-05	4e-06	-8.06901e-17
3.6e-05	8e-06	-3.70509e-17
3.6e-05	1.2e-05	-1.36172e-16
3.6e-05	1.6e-05	1.55417e-16
3.6e-05	2e-05	-9.17533e-17
3.6e-05	2.4e-05	-2.50042e-17
3.6e-05	2.8e-05	-5.07829e-17
3.6e-05	3.2e-05	-2.1198e-16
3.6e-05	3.6e-05	2.89175e-17
3.6e-05	4e-05	-3.40114e-16
3.6e-05	4.4e-05	-3.36682e-17
3.6e-05	4.8e-05	-2.54888e-16
3.6e-05	5.2e-05	-3.57075e-17
3.6e-05	5.6e-05	-4.64742e-16
3.6e-05	6e-05	5.84447e-18
3.6e-05	6.4e-05	-3.8051e-16
3.6e-05	6.8e-05	-2.41958e-18
3.6e-05	7.2e-05	-4.94477e-16
3.6e-05	7.6e-05	2.28081e-17
4e-05	-8e-05	-4.88934e-16
4e-05	-7.6e-05	-4.09234e-17
4e-05	-7.2e-05	-3.67058e-16
4e-05	-6.8e-05	-2.94538e-17
4e-05	-6.4e-05	-5.10629e-16
4e-05	-6e-05	6.31051e-17
4e-05	-5.6e-05	-3.83179e-16
4e-05	-5.2e-05	1.7492e-16
4e-05	-4.8e-05	-6.12101e-16
4e-05	-4.4e-05	1.00104e-16
4e-05	-4e-05	-3.95476e-16
4e-05	-3.6e-05	-8.79851e-17
4e-05	-3.2e-05	-1.47944e-16
4e-05	-2.8e-05	-1.37603e-16
4e-05	-2.4e-05	-7.99533e-17
4e-05	-2e-05	-1.42019e-16
4e-05	-1.6e-05	1.28547e-16
4e-05	-1.2e-05	-6.41674e-17
4e-05	-8e-06	2.29936e-16
4e-05	-4e-06	-9.1132e-17
4e-05	0	8.48858e-17
4e-05	4e-06	-3.1868e-17
4e-05	8e-06	-9.30471e-17
4e-05	1.2e-05	2.87366e-17
4e-05	1.6e-05	3.02528e-17
4e-05	2e-05	5.89825e-17
4e-05	2.4e-05	-4.85803e-17
4e-05	2.8e-05	-4.48241e-17
4e-05	3.2e-05	-5.50128e-17
4e-05	3.6e-05	-8.77239e-17
4e-05	4e-05	-2.94457e-17
4e-05	4.4e-05	-9.7177e-17
4e-05	4.8e-05	-4.87989e-17
4e-05	5.2e-05	-3.20249e-16
4e-05	5.6e-05	-1.47989e-17
4e-05	6e-05	-2.92665e-16
4e-05	6.4e-05	-3.78886e-18
4e-05	6.8e-05	-5.55771e-16
4e-05	7.2e-05	1.01256e-16
4e-05	7.6e-05	-7.09117e-16
4.4e-05	-8e-05	3.31683e-17
4.4e-05	-7.6e-05	-5.046e-16
4.4e-05	-7.2e-05	-9.9379e-17
4.4e-05	-6.8e-05	-5.06249e-16
4.4e-05	-6.4e-05	-8.16719e-17
4.4e-05	-6e-05	-5.40447e-16
4.4e-05	-5.6e-05	3.21929e-17
4.4e-05	-5.2e-05	-3.59527e-16
4.4e-05	-4.8e-05	1.51134e-17
4.4e-05	-4.4e-05	-3.52366e-16
4.4e-05	-4e-05	-1.01812e-16
4.4e-05	-3.6e-05	-1.12182e-16
4.4e-05	-3.2e-05	-1.01887e-16
4.4e-05	-2.8e-05	1.19859e-16
4.4e-05	-2.4e-05	-5.34665e-17
4.4e-05	-2e-05	1.47965e-16
4.4e-05	-1.6e-05	-6.69384e-19
4.4e-05	-1.2e-05	1.29345e-16
4.4e-05	-8e-06	9.07069e-17
4.4e-05	-4e-06	-1.91744e-16
4.4e-05	0	3.56505e-17
4.4e-05	4e-06	-6.44117e-17
4.4e-05	8e-06	-3.50946e-17
4.4e-05	1.2e-05	9.00755e-17
4.4e-05	1.6e-05	-8.37493e-17
4.4e-05	2e-05	1.09019e-16
4.4e-05	2.4e-05	-1.01696e-16
4.4e-05	2.8e-05	4.81414e-17
4.4e-05	3.2e-05	2.04763e-17
4.4e-05	3.6e-05	-6.74677e-18
4.4e-05	4e-05	8.26115e-17
4.4e-05	4.4e-05	-1.9436e-17
4.4e-05	4.8e-05	-1.06385e-16
4.4e-05	5.2e-05	-5.57961e-17
4.4e-05	5.6e-05	-1.17454e-16
4.4e-05	6e-05	-1.40586e-16
4.4e-05	6.4e-05	-2.9949e-16
4.4e-05	6.8e-05	4.46118e-17
4.4e-05	7.2e-05	-4.6985e-16
4.4e-05	7.6e-05	1.13415e-16
4.8e-05	-8e-05	-4.68391e-16
4.8e-05	-7.6e-05	6.49763e-18
4.8e-05	-7.2e-05	-3.05039e-16
4.8e-05	-6.8e-05	-2.17281e-16
4.8e-05	-6.4e-05	-2.73236e-16
4.8e-05	-6e-05	-3.9439e-17
4.8e-05	-5.6e-05	-3.77702e-16
4.8e-05	-5.2e-05	1.05676e-16
4.8e-05	-4.8e-05	-7.40567e-17
4.8e-05	-4.4e-05	1.30939e-16
4.8e-05	-4e-05	-4.88593e-17
4.8e-05	-3.6e-05	-2.07181e-17
4.8e-05	-3.2e-05	6.47538e-18
4.8e-05	-2.8e-05	-1.30551e-18
4.8e-05	-2.4e-05	-5.0958e-17
4.8e-05	-2e-05	3.02259e-17
4.8e-05	-1.6e-05	-1.85905e-16
4.8e-05	-1.2e-05	7.16644e-17
4.8e-05	-8e-06	-1.56389e-16
4.8e-05	-4e-06	7.3191e-17
4.8e-05	0	-1.23903e-16
4.8e-05	4e-06	1.63247e-17
4.8e-05	8e-06	1.61889e-16
4.8e-05	1.2e-05	-9.66549e-17
4.8e-05	1.6e-05	8.454e-17
4.8e-05	2e-05	-1.65215e-16
4.8e-05	2.4e-05	1.03892e-16
4.8e-05	2.8e-05	-1.02377e-16
4.8e-05	3.2e-05	3.2773e-17
4.8e-05	3.6e-05	-1.84412e-17
4.8e-05	4e-05	-7.18007e-17
4.8e-05	4.4e-05	-6.98817e-17
4.8e-05	4.8e-05	-6.15777e-17
4.8e-05	5.2e-05	-3.14809e-17
4.8e-05	5.6e-05	-4.0139e-17
4.8e-05	6e-05	-1.37081e-16
4.8e-05	6.4e-05	9.54017e-17
4.8e-05	6.8e-05	-3.04619e-16
4.8e-05	7.2e-05	5.66256e-17
4.8e-05	7.6e-05	-3.08188e-16
5.2e-05	-8e-05	-7.44588e-17
5.2e-05	-7.6e-05	-3.5061e-16
5.2e-05	-7.2e-05	6.06537e-17
5.2e-05	-6.8e-05	-2.4261e-16
5.2e-05	-6.4e-05	-1.97978e-16
5.2e-05	-6e-05	-1.7915e-16
5.2e-05	-5.6e-05	-3.72912e-17
5.2e-05	-5.2e-05	-2.63788e-16
5.2e-05	-4.8e-05	3.79586e-17
5.2e-05	-4.4e-05	-2.40425e-16
5.2e-05	-4e-05	1.6618e-16
5.2e-05	-3.6e-05	-2.45428e-16
5.2e-05	-3.2e-05	1.23671e-16
5.2e-05	-2.8e-05	-2.14963e-16
5.2e-05	-2.4e-05	9.89283e-17
5.2e-05	-2e-05	-1.43649e-16
5.2e-05	-1.6e-05	1.4691e-16
5.2e-05	-1.2e-05	-2.32743e-16
5.2e-05	-8e-06	1.13516e-16
5.2e-05	-4e-06	-1.56022e-16
5.2e-05	0	-9.60039e-19
5.2e-05	4e-06	-3.26517e-17
5.2e-05	8e-06	-8.66434e-17
5.2e-05	1.2e-05	2.99677e-18
5.2e-05	1.6e-05	-1.35836e-16
5.2e-05	2e-05	1.1836e-16
5.2e-05	2.4e-05	-1.06289e-16
5.2e-05	2.8e-05	1.0343e-16
5.2e-05	3.2e-05	-7.12762e-17
5.2e-05	3.6e-05	-2.62753e-17
5.2e-05	4e-05	-1.61701e-16
5.2e-05	4.4e-05	3.01807e-18
5.2e-05	4.8e-05	-1.67862e-16
5.2e-05	5.2e-05	8.97216e-17
5.2e-05	5.6e-05	-2.55124e-16
5.2e-05	6e-05	1.33448e-16
5.2e-05	6.4e-05	-3.65125e-16
5.2e-05	6.8e-05	5.42905e-17
5.2e-05	7.2e-05	-2.9645e-16
5.2e-05	7.6e-05	1.01902e-16
5.6e-05	-8e-05	-3.32999e-16
5.6e-05	-7.6e-05	-1.30564e-17
5.6e-05	-7.2e-05	-3.57662e-16
5.6e-05	-6.8e-05	5.15921e-17
5.6e-05	-6.4e-05	-2.32112e-16
5.6e-05	-6e-05	-8.16026e-17
5.6e-05	-5.6e-05	-1.59278e-16
5.6e-05	-5.2e-05	-7.07069e-17
5.6e-05	-4.8e-05	-3.90389e-16
5.6e-05	-4.4e-05	1.10401e-16
5.6e-05	-4e-05	-3.87394e-16
5.6e-05	-3.6e-05	2.04228e-16
5.6e-05	-3.2e-05	-4.22387e-16
5.6e-05	-2.8e-05	1.80722e-16
5.6e-05	-2.4e-05	-2.2406e-16
5.6e-05	-2e-05	2.31275e-16
5.6e-05	-1.6e-05	-1.16202e-16
5.6e-05	-1.2e-05	1.83032e-16
5.6e-05	-8e-06	-2.37923e-16
5.6e-05	-4e-06	9.28796e-17
5.6e-05	0	-1.9334e-16
5.6e-05	4e-06	-1.26947e-16
5.6e-05	8e-06	-1.48062e-16
5.6e-05	1.2e-05	-1.63005e-16
5.6e-05	1.6e-05	-7.10676e-17
5.6e-05	2e-05	-1.03878e-16
5.6e-05	2.4e-05	-1.77604e-17
5.6e-05	2.8e-05	-8.147e-17
5.6e-05	3.2e-05	1.77818e-17
5.6e-05	3.6e-05	-2.00824e-16
5.6e-05	4e-05	1.11217e-16
5.6e-05	4.4e-05	-2.09745e-16
5.6e-05	4.8e-05	2.57183e-16
5.6e-05	5.2e-05	-3.88983e-16
5.6e-05	5.6e-05	1.76646e-16
5.6e-05	6e-05	-4.32309e-16
5.6e-05	6.4e-05	1.66891e-16
5.6e-05	6.8e-05	-3.03393e-16
5.6e-05	7.2e-05	1.32932e-16
5.6e-05	7.6e-05	-3.36024e-16
6e-05	-8e-05	8.66067e-17
6e-05	-7.6e-05	-2.75684e-16
6e-05	-7.2e-05	-6.73736e-17
6e-05	-6.8e-05	-3.67336e-16
6e-05	-6.4e-05	7.0378e-17
6e-05	-6e-05	-1.90561e-16
6e-05	-5.6e-05	4.73904e-17
6e-05	-5.2e-05	-2.33281e-16
6e-05	-4.8e-05	3.9674e-17
6e-05	-4.4e-05	-2.38651e-16
6e-05	-4e-05	1.17739e-16
6e-05	-3.6e-05	-2.89361e-16
6e-05	-3.2e-05	1.71402e-16
6e-05	-2.8e-05	-2.87133e-16
6e-05	-2.4e-05	2.49096e-17
6e-05	-2e-05	-2.25068e-16
6e-05	-1.6e-05	-8.91759e-18
6e-05	-1.2e-05	-4.69609e-17
6e-05	-8e-06	-1.93595e-16
6e-05	-4e-06	-3.8633e-18
6e-05	0	-1.80169e-16
6e-05	4e-06	-5.66836e-17
6e-05	8e-06	-9.82231e-17
6e-05	1.2e-05	-1.17564e-16
6e-05	1.6e-05	1.19424e-17
6e-05	2e-05	-1.8696e-16
6e-05	2.4e-05	-2.14251e-17
6e-05	2.8e-05	-8.80045e-17
6e-05	3.2e-05	-1.83276e-16
6e-05	3.6e-05	3.30235e-17
6e-05	4e-05	-2.94353e-16
6e-05	4.4e-05	1.50431e-16
6e-05	4.8e-05	-4.38321e-16
6e-05	5.2e-05	1.79618e-16
6e-05	5.6e-05	-3.80805e-16
6e-05	6e-05	1.5221e-16
6e-05	6.4e-05	-3.87468e-16
6e-05	6.8e-05	1.61897e-16
6e-05	7.2e-05	-3.25504e-16
6e-05	7.6e-05	3.64353e-17
6.4e-05	-8e-05	-2.96624e-16
6.4e-05	-7.6e-05	8.55777e-17
6.4e-05	-7.2e-05	-2.1159e-16
6.4e-05	-6.8e-05	-3.64493e-17
6.4e-05	-6.4e-05	-1.56434e-16
6.4e-05	-6e-05	4.45505e-17
6.4e-05	-5.6e-05	-2.66175e-16
6.4e-05	-5.2e-05	6.51678e-17
6.4e-05	-4.8e-05	-2.41598e-16
6.4e-05	-4.4e-05	1.97249e-18
6.4e-05	-4e-05	-2.40508e-16
6.4e-05	-3.6e-05	-5.11494e-17
6.4e-05	-3.2e-05	-2.41777e-16
6.4e-05	-2.8e-05	-1.60454e-16
6.4e-05	-2.4e-05	-1.84469e-16
6.4e-05	-2e-05	-2.03823e-16
6.4e-05	-1.6e-05	-1.18787e-16
6.4e-05	-1.2e-05	-3.50102e-16
6.4e-05	-8e-06	2.95616e-17
6.4e-05	-4e-06	-2.85824e-16
6.4e-05	0	1.12135e-16
6.4e-05	4e-06	-1.19893e-16
6.4e-05	8e-06	-2.67539e-17
6.4e-05	1.2e-05	3.90518e-17
6.4e-05	1.6e-05	-1.54976e-16
6.4e-05	2e-05	-3.78412e-17
6.4e-05	2.4e-05	-1.37569e-16
6.4e-05	2.8e-05	-1.88747e-16
6.4e-05	3.2e-05	2.76255e-18
6.4e-05	3.6e-05	-2.33936e-16
6.4e-05	4e-05	1.66077e-17
6.4e-05	4.4e-05	-3.32879e-16
6.4e-05	4.8e-05	4.83321e-17
6.4e-05	5.2e-05	-3.57402e-16
6.4e-05	5.6e-05	1.57688e-17
6.4e-05	6e-05	-3.25742e-16
6.4e-05	6.4e-05	-1.71046e-17
6.4e-05	6.8e-05	-2.09379e-16
6.4e-05	7.2e-05	-4.41748e-18
6.4e-05	7.6e-05	-9.6668e-17
6.8e-05	-8e-05	-1.1057e-16
6.8e-05	-7.6e-05	-1.87617e-16
6.8e-05	-7.2e-05	-4.82797e-17
6.8e-05	-6.8e-05	-6.29503e-17
6.8e-05	-6.4e-05	-1.64084e-16
6.8e-05	-6e-05	-9.33002e-17
6.8e-05	-5.6e-05	-1.99065e-16
6.8e-05	-5.2e-05	-3.71162e-17
6.8e-05	-4.8e-05	-2.45582e-16
6.8e-05	-4.4e-05	5.33247e-17
6.8e-05	-4e-05	-2.61062e-16
6.8e-05	-3.6e-05	2.13474e-17
6.8e-05	-3.2e-05	-2.72759e-16
6.8e-05	-2.8e-05	1.58795e-17
6.8e-05	-2.4e-05	-2.5506e-16
6.8e-05	-2e-05	4.90485e-18
6.8e-05	-1.6e-05	-1.93699e-16
6.8e-05	-1.2e-05	2.13751e-16
6.8e-05	-8e-06	-1.64831e-16
6.8e-05	-4e-06	2.13444e-18
6.8e-05	0	-1.01993e-16
6.8e-05	4e-06	-1.05114e-16
6.8e-05	8e-06	-1.05411e-16
6.8e-05	1.2e-05	-1.13813e-16
6.8e-05	1.6e-05	-1.45926e-16
6.8e-05	2e-05	-4.93628e-17
6.8e-05	2.4e-05	-1.8026e-16
6.8e-05	2.8e-05	-2.94484e-17
6.8e-05	3.2e-05	-2.1793e-16
6.8e-05	3.6e-05	-5.46823e-17
6.8e-05	4e-05	-1.96585e-16
6.8e-05	4.4e-05	-1.18433e-16
6.8e-05	4.8e-05	-1.42842e-16
6.8e-05	5.2e-05	-2.08743e-16
6.8e-05	5.6e-05	-8.26406e-17
6.8e-05	6e-05	-2.28249e-16
6.8e-05	6.4e-05	-3.01827e-17
6.8e-05	6.8e-05	-2.63636e-16
6.8e-05	7.2e-05	4.75406e-17
6.8e-05	7.6e-05	-2.50723e-16
7.2e-05	-8e-05	8.05059e-17
7.2e-05	-7.6e-05	-2.79771e-16
7.2e-05	-7.2e-05	2.69198e-17
7.2e-05	-6.8e-05	-2.20371e-16
7.2e-05	-6.4e-05	1.78942e-17
7.2e-05	-6e-05	-3.00625e-16
7.2e-05	-5.6e-05	6.27415e-17
7.2e-05	-5.2e-05	-3.22379e-16
7.2e-05	-4.8e-05	1.17919e-16
7.2e-05	-4.4e-05	-3.75478e-16
7.2e-05	-4e-05	2.14438e-16
7.2e-05	-3.6e-05	-3.16274e-16
7.2e-05	-3.2e-05	1.58378e-16
7.2e-05	-2.8e-05	-1.84365e-16
7.2e-05	-2.4e-05	8.00723e-17
7.2e-05	-2e-05	-1.50548e-16
7.2e-05	-1.6e-05	-4.36754e-18
7.2e-05	-1.2e-05	-1.25105e-16
7.2e-05	-8e-06	2.72502e-17
7.2e-05	-4e-06	-1.2654e-16
7.2e-05	0	-1.41213e-16
7.2e-05	4e-06	-4.56052e-17
7.2e-05	8e-06	-5.91408e-17
7.2e-05	1.2e-05	-1.84234e-16
7.2e-05	1.6e-05	1.60033e-17
7.2e-05	2e-05	-1.91541e-16
7.2e-05	2.4e-05	7.4774e-17
7.2e-05	2.8e-05	-1.76709e-16
7.2e-05	3.2e-05	5.37773e-17
7.2e-05	3.6e-05	-1.46317e-16
7.2e-05	4e-05	-6.52798e-17
7.2e-05	4.4e-05	-7.29703e-17
7.2e-05	4.8e-05	-1.70515e-16
7.2e-05	5.2e-05	4.59657e-17
7.2e-05	5.6e-05	-2.60166e-16
7.2e-05	6e-05	1.07318e-16
7.2e-05	6.4e-05	-3.01894e-16
7.2e-05	6.8e-05	2.15825e-16
7.2e-05	7.2e-05	-3.25539e-16
7.2e-05	7.6e-05	1.63557e-16
7.6e-05	-8e-05	-2.25812e-16
7.6e-05	-7.6e-05	9.01025e-17
7.6e-05	-7.2e-05	-2.1317e-16
7.6e-05	-6.8e-05	5.37449e-17
7.6e-05	-6.4e-05	-1.57257e-16
7.6e-05	-6e-05	6.74882e-17
7.6e-05	-5.6e-05	-2.14571e-16
7.6e-05	-5.2e-05	1.08384e-16
7.6e-05	-4.8e-05	-2.00116e-16
7.6e-05	-4.4e-05	1.49487e-16
7.6e-05	-4e-05	-2.3689e-16
7.6e-05	-3.6e-05	2.33609e-16
7.6e-05	-3.2e-05	-1.71985e-16
7.6e-05	-2.8e-05	1.31985e-16
7.6e-05	-2.4e-05	-8.23286e-17
7.6e-05	-2e-05	5.855e-17
7.6e-05	-1.6e-05	-4.92236e-17
7.6e-05	-1.2e-05	1.85074e-17
7.6e-05	-8e-06	-7.72981e-17
7.6e-05	-4e-06	-5.69137e-17
7.6e-05	0	-8.27481e-17
7.6e-05	4e-06	-6.81838e-17
7.6e-05	8e-06	-1.64174e-16
7.6e-05	1.2e-05	-2.00284e-17
7.6e-05	1.6e-05	-9.18522e-17
7.6e-05	2e-05	1.59024e-17
7.6e-05	2.4e-05	-1.33972e-16
7.6e-05	2.8e-05	6.69238e-17
7.6e-05	3.2e-05	-9.65581e-17
7.6e-05	3.6e-05	3.20419e-17
7.6e-05	4e-05	-5.28957e-17
7.6e-05	4.4e-05	-4.89754e-17
7.6e-05	4.8e-05	6.96741e-17
7.6e-05	5.2e-05	-1.21917e-16
7.6e-05	5.6e-05	1.00304e-16
7.6e-05	6e-05	-1.78241e-16
7.6e-05	6.4e-05	1.61511e-16
7.6e-05	6.8e-05	-1.87068e-16
7.6e-05	7.2e-05	1.45398e-16
7.6e-05	7.6e-05	-1.2449e-16
